01111111
01110110
01011011
00110010
00000010
11010001
10101000
10001011
10000000
10001000
10100010
11001010
11111010
00101011
01010110
01110011
01111111
01111001
01100000
00111001
00001001
11011000
10101101
10001110
10000000
10000110
10011110
11000100
11110100
00100101
01010001
01110001
01111111
01111011
01100100
00111110
00001111
11011101
10110001
10010001
10000001
10000100
10011010
11000000
11101111
00100000
01001101
01101110
01111111
01111100
01100111
01000010
00010011
11100010
10110101
10010011
10000010
10000011
10011000
10111100
11101011
00011101
01001010
01101100
01111110
01111101
01101001
01000101
00010111
11100101
10110111
10010101
10000010
10000011
10010110
10111010
11101000
00011010
01001000
01101011
01111110
01111101
01101010
01000111
00011001
11100111
10111001
10010101
10000010
10000010
10010110
10111001
11100111
00011001
01000111
01101010
01111110
01111110
01101011
01000111
00011001
11100111
10111001
10010110
10000011
10000010
10010101
10111001
11100111
00011001
01000111
01101010
01111110
01111110
01101010
01000111
00011001
11100111
10111000
10010101
10000010
10000011
10010110
10111010
11101000
00011010
01001000
01101011
01111110
01111101
01101001
01000101
00010111
11100101
10110111
10010100
10000010
10000011
10010111
10111100
11101011
00011101
01001010
01101101
01111110
01111101
01101000
01000011
00010100
11100010
10110100
10010010
10000001
10000100
10011010
10111111
11101110
00100001
01001110
01101111
01111111
01111011
01100101
00111111
00001111
11011101
10110000
10010000
10000001
10000101
10011101
11000011
11110011
00100110
01010010
01110001
01111111
01111010
01100001
00111010
00001001
11011000
10101100
10001101
10000000
10000111
10100001
11001001
11111010
00101100
01010111
01110100
01111111
01111000
01011101
00110100
00000010
11010001
10100111
10001010
10000000
10001010
10100110
11010000
00000001
00110011
01011100
01110111
01111111
01110101
01010111
00101101
11111011
11001010
10100001
10000111
10000000
10001101
10101011
11010111
00001001
00111001
01100001
01111010
01111111
01110010
01010010
00100110
11110100
11000100
10011101
10000101
10000001
10010000
10110000
11011100
00001110
00111110
01100101
01111011
01111111
01101111
01001110
00100001
11101111
11000000
10011010
10000100
10000001
10010010
10110011
11100001
00010011
01000010
01100111
01111100
01111110
01101101
01001011
00011101
11101011
10111100
10011000
10000011
10000010
10010100
10110110
11100100
00010110
01000101
01101001
01111101
01111110
01101100
01001001
00011011
11101001
10111010
10010110
10000011
10000010
10010101
10111000
11100110
00011000
01000110
01101010
01111101
01111110
01101011
01001000
00011001
11100111
10111001
10010110
10000011
10000010
10010101
10111001
11100111
00011001
01000111
01101010
01111101
01111110
01101011
01000111
00011001
11100111
10111001
10010110
10000011
10000010
10010101
10111000
11100110
00011000
01000110
01101010
01111101
01111110
01101011
01001000
00011010
11101001
10111010
10010111
10000011
10000010
10010100
10110111
11100100
00010110
01000101
01101001
01111101
01111110
01101100
01001010
00011101
11101011
10111101
10011000
10000011
10000010
10010011
10110100
11100001
00010011
01000010
01100111
01111100
01111111
01101110
01001101
00100000
11101111
11000000
10011011
10000100
10000001
10010001
10110001
11011101
00001111
00111110
01100100
01111011
01111111
01110001
01010001
00100101
11110100
11000100
10011110
10000110
10000000
10001110
10101101
11011000
00001001
00111001
01100000
01111001
01111111
01110011
01010110
00101011
11111010
11001010
10100010
10001000
10000000
10001011
10101000
11010001
00000010
00110010
01011011
01110110
01111111
01110110
01011011
00110010
00000010
11010001
10101000
10001011
10000000
10001000
10100010
11001010
11111010
00101011
01010110
01110011
01111111
01111001
01100000
00111001
00001001
11011000
10101101
10001110
10000000
10000110
10011110
11000100
11110100
00100101
01010001
01110001
01111111
01111011
01100100
00111110
00001111
11011101
10110001
10010001
10000001
10000100
10011010
11000000
11101111
00100000
01001101
01101110
01111111
01111100
01100111
01000010
00010011
11100010
10110101
10010011
10000010
10000011
10011000
10111100
11101011
00011101
01001010
01101100
01111110
01111101
01101001
01000101
00010111
11100101
10110111
10010101
10000010
10000011
10010110
10111010
11101000
00011010
01001000
01101011
01111110
01111101
01101010
01000111
00011001
11100111
10111001
10010101
10000010
10000010
10010110
10111001
11100111
00011001
01000111
01101010
01111110
01111110
01101011
01000111
00011001
11100111
10111001
10010110
10000011
10000010
10010101
10111001
11100111
00011001
01000111
01101010
01111110
01111110
01101010
01000111
00011001
11100111
10111000
10010101
10000010
10000011
10010110
10111010
11101000
00011010
01001000
01101011
01111110
01111101
01101001
01000101
00010111
11100101
10110111
10010100
10000010
10000011
10010111
10111100
11101011
00011101
01001010
01101101
01111110
01111101
01101000
01000011
00010100
11100010
10110100
10010010
10000001
10000100
10011010
10111111
11101110
00100001
01001110
01101111
01111111
01111011
01100101
00111111
00001111
11011101
10110000
10010000
10000001
10000101
10011101
11000011
11110011
00100110
01010010
01110001
01111111
01111010
01100001
00111010
00001001
11011000
10101100
10001101
10000000
10000111
10100001
11001001
11111010
00101100
01010111
01110100
01111111
01111000
01011101
00110100
00000010
11010001
10100111
10001010
10000000
10001010
10100110
11010000
00000001
00110011
01011100
01110111
01111111
01110101
01010111
00101101
11111011
11001010
10100001
10000111
10000000
10001101
10101011
11010111
00001001
00111001
01100001
01111010
01111111
01110010
01010010
00100110
11110100
11000100
10011101
10000101
10000001
10010000
10110000
11011100
00001110
00111110
01100101
01111011
01111111
01101111
01001110
00100001
11101111
11000000
10011010
10000100
10000001
10010010
10110011
11100001
00010011
01000010
01100111
01111100
01111110
01101101
01001011
00011101
11101011
10111100
10011000
10000011
10000010
10010100
10110110
11100100
00010110
01000101
01101001
01111101
01111110
01101100
01001001
00011011
11101001
10111010
10010110
10000011
10000010
10010101
10111000
11100110
00011000
01000110
01101010
01111101
01111110
01101011
01001000
00011001
11100111
10111001
10010110
10000011
10000010
10010101
10111001
11100111
00011001
01000111
01101010
01111101
01111110
01101011
01000111
00011001
11100111
10111001
10010110
10000011
10000010
10010101
10111000
11100110
00011000
01000110
01101010
01111101
01111110
01101011
01001000
00011010
11101001
10111010
10010111
10000011
10000010
10010100
10110111
11100100
00010110
01000101
01101001
01111101
01111110
01101100
01001010
00011101
11101011
10111101
10011000
10000011
10000010
10010011
10110100
11100001
00010011
01000010
01100111
01111100
01111111
01101110
01001101
00100000
11101111
11000000
10011011
10000100
10000001
10010001
10110001
11011101
00001111
00111110
01100100
01111011
01111111
01110001
01010001
00100101
11110100
11000100
10011110
10000110
10000000
10001110
10101101
11011000
00001001
00111001
01100000
01111001
01111111
01110011
01010110
00101011
11111010
11001010
10100010
10001000
10000000
10001011
10101000
11010001
00000010
00110010
01011011
01110110
01111111
01110110
01011011
00110010
00000010
11010001
10101000
10001011
10000000
10001000
10100010
11001010
11111010
00101011
01010110
01110011
01111111
01111001
01100000
00111001
00001001
11011000
10101101
10001110
10000000
10000110
10011110
11000100
11110100
00100101
01010001
01110001
01111111
01111011
01100100
00111110
00001111
11011101
10110001
10010001
10000001
10000100
10011010
11000000
11101111
00100000
01001101
01101110
01111111
01111100
01100111
01000010
00010011
11100010
10110101
10010011
10000010
10000011
10011000
10111100
11101011
00011101
01001010
01101100
01111110
01111101
01101001
01000101
00010111
11100101
10110111
10010101
10000010
10000011
10010110
10111010
11101000
00011010
01001000
01101011
01111110
01111101
01101010
01000111
00011001
11100111
10111001
10010101
10000010
10000010
10010110
10111001
11100111
00011001
01000111
01101010
01111110
01111110
01101011
01000111
00011001
11100111
10111001
10010110
10000011
10000010
10010101
10111001
11100111
00011001
01000111
01101010
01111110
01111110
01101010
01000111
00011001
11100111
10111000
10010101
10000010
10000011
10010110
10111010
11101000
00011010
01001000
01101011
01111110
01111101
01101001
01000101
00010111
11100101
10110111
10010100
10000010
10000011
10010111
10111100
11101011
00011101
01001010
01101101
01111110
01111101
01101000
01000011
00010100
11100010
10110100
10010010
10000001
10000100
10011010
10111111
11101110
00100001
01001110
01101111
01111111
01111011
01100101
00111111
00001111
11011101
10110000
10010000
10000001
10000101
10011101
11000011
11110011
00100110
01010010
01110001
01111111
01111010
01100001
00111010
00001001
11011000
10101100
10001101
10000000
10000111
10100001
11001001
11111010
00101100
01010111
01110100
01111111
01111000
01011101
00110100
00000010
11010001
10100111
10001010
