000000
110000
011100
101100
000111
110111
011011
101011
110001
000001
101101
011101
110110
000110
101010
011010
111100
001100
100000
010000
111011
001011
100111
010111
001101
111101
010001
100001
001010
111010
010110
100110
101111
011111
110011
000011
101000
011000
110100
000100
011110
101110
000010
110010
011001
101001
000101
110101
010011
100011
001111
111111
010100
100100
001000
111000
100010
010010
111110
001110
100101
010101
111001
001001
111011
001011
100111
010111
111100
001100
100000
010000
001010
111010
010110
100110
001101
111101
010001
100001
000111
110111
011011
101011
000000
110000
011100
101100
110110
000110
101010
011010
110001
000001
101101
011101
010100
100100
001000
111000
010011
100011
001111
111111
100101
010101
111001
001001
100010
010010
111110
001110
101000
011000
110100
000100
101111
011111
110011
000011
011001
101001
000101
110101
011110
101110
000010
110010
001110
111110
010010
100010
001001
111001
010101
100101
111111
001111
100011
010011
111000
001000
100100
010100
110010
000010
101110
011110
110101
000101
101001
011001
000011
110011
011111
101111
000100
110100
011000
101000
100001
010001
111101
001101
100110
010110
111010
001010
010000
100000
001100
111100
010111
100111
001011
111011
011101
101101
000001
110001
011010
101010
000110
110110
101100
011100
110000
000000
101011
011011
110111
000111
110101
000101
101001
011001
110010
000010
101110
011110
000100
110100
011000
101000
000011
110011
011111
101111
001001
111001
010101
100101
001110
111110
010010
100010
111000
001000
100100
010100
111111
001111
100011
010011
011010
101010
000110
110110
011101
101101
000001
110001
101011
011011
110111
000111
101100
011100
110000
000000
100110
010110
111010
001010
100001
010001
111101
001101
010111
100111
001011
111011
010000
100000
001100
111100
000011
110011
011111
101111
000100
110100
011000
101000
110010
000010
101110
011110
110101
000101
101001
011001
111111
001111
100011
010011
111000
001000
100100
010100
001110
111110
010010
100010
001001
111001
010101
100101
101100
011100
110000
000000
101011
011011
110111
000111
011101
101101
000001
110001
011010
101010
000110
110110
010000
100000
001100
111100
010111
100111
001011
111011
100001
010001
111101
001101
100110
010110
111010
001010
111000
001000
100100
010100
111111
001111
100011
010011
001001
111001
010101
100101
001110
111110
010010
100010
000100
110100
011000
101000
000011
110011
011111
101111
110101
000101
101001
011001
110010
000010
101110
011110
010111
100111
001011
111011
010000
100000
001100
111100
100110
010110
111010
001010
100001
010001
111101
001101
101011
011011
110111
000111
101100
011100
110000
000000
011010
101010
000110
110110
011101
101101
000001
110001
001101
111101
010001
100001
001010
111010
010110
100110
111100
001100
100000
010000
111011
001011
100111
010111
110001
000001
101101
011101
110110
000110
101010
011010
000000
110000
011100
101100
000111
110111
011011
101011
100010
010010
111110
001110
100101
010101
111001
001001
010011
100011
001111
111111
010100
100100
001000
111000
011110
101110
000010
110010
011001
101001
000101
110101
101111
011111
110011
000011
101000
011000
110100
000100
110110
000110
101010
011010
110001
000001
101101
011101
000111
110111
011011
101011
000000
110000
011100
101100
001010
111010
010110
100110
001101
111101
010001
100001
111011
001011
100111
010111
111100
001100
100000
010000
011001
101001
000101
110101
011110
101110
000010
110010
101000
011000
110100
000100
101111
011111
110011
000011
100101
010101
111001
001001
100010
010010
111110
001110
010100
100100
001000
111000
010011
100011
001111
111111
