-0.390496
-0.234858
0.248823
-0.461185
0.083993
-0.0516188
0.612613
-0.517486
-0.722406
-0.0877349
-0.360394
0.681098
-0.908114
-0.268667
0.34054
0.116258
0.184531
0.21605
-0.120267
0.743853
0.278415
-0.330922
-0.901796
0.306087
-0.260491
-0.917009
0.00732813
0.161282
0.00225579
0.522295
-0.702353
-0.364505
-0.498528
0.061459
-0.16726
-0.195116
-0.316671
0.436861
-0.145906
0.165225
-0.108564
0.582732
0.757036
-0.835388
-0.449293
-0.605166
-0.348877
-0.295589
-0.238974
0.49099
0.657305
-0.594931
0.58287
-0.483706
-0.0365687
0.469643
0.943469
0.325563
0.664151
-0.220477
-0.496357
-0.0886412
-0.00875739
0.295063
0.336103
-0.152566
-0.146802
0.601399
-0.361
-0.0700065
-0.315446
-0.942388
-0.231964
-0.167107
0.943614
-0.235926
-0.682137
-0.332532
0.610028
-0.826845
0.341913
0.125309
0.24181
0.965482
0.865995
0.0745245
-0.152346
-0.14913
-0.175547
-0.542466
0.274072
-0.228411
-0.335102
0.0264335
0.987202
-0.198615
0.396078
0.427318
-0.0965555
0.227936
-0.153751
0.460064
-0.440537
0.284846
0.0615561
-0.111435
0.584624
0.788052
0.118434
0.0667951
1.1462
-0.0192341
-0.526374
0.310769
-0.0979715
-0.427094
-0.0398289
0.0149351
0.161705
0.209394
-1.11846
0.0848057
-0.348951
1.17581
0.396794
0.701601
-0.33873
-0.161907
-0.324347
0.468021
-0.25245
-0.669106
-0.465688
-0.059129
0.757591
-0.442054
0.061692
0.195966
0.508457
0.41411
0.89164
-0.846951
-0.292198
-0.0538177
0.137721
-0.263623
-0.439057
-0.632215
0.937647
0.306986
0.716027
0.0417282
-0.254436
0.288078
-0.516316
0.080091
0.188294
-0.0422767
-0.345182
-0.501135
0.315672
-0.217729
-0.470589
1.17611
-0.334066
0.576168
-0.0405799
-0.350895
0.00727409
-0.151482
-0.0521599
-0.160115
-1.29229
0.406589
-0.596237
-0.295301
-1.12642
0.142309
-0.631189
0.0457136
0.0283971
-0.0193653
0.0339597
-0.202538
-0.730757
0.445305
0.777619
-0.40726
-1.02224
0.464812
0.0597337
-0.272113
-0.0284626
-0.254198
0.120431
0.191911
-1.2151
0.598323
-0.33447
0.0408321
0.319692
-0.258828
-0.588761
0.0575069
0.971464
0.637196
-0.498852
-0.427607
-0.514583
0.46375
0.104426
0.452236
0.267751
1.0599
0.249412
-0.931944
0.565922
-0.277771
0.59197
-0.554371
0.0764587
0.144491
0.0120075
-0.935369
0.37557
0.383927
-0.294411
0.565261
0.455736
-0.143859
0.323857
-0.120371
-0.140455
-0.239875
-0.158359
0.44008
0.454236
-0.720749
0.279478
0.297085
0.784241
0.442093
-0.892771
0.0881656
-0.405299
-0.0520245
1.20901
-0.38529
1.04749
-0.489627
-0.0387408
0.461633
0.468377
0.92342
0.0555952
-0.314118
-1.08553
0.181113
-0.850228
0.482742
0.653924
0.403637
0.0356564
0.272582
-0.174494
-0.302541
0.393994
0.237241
-0.424896
-0.320578
0.592759
-0.0695813
-1.02033
-1.13017
0.664108
-0.360606
0.56753
-0.135556
-0.141927
-0.752552
0.664133
0.40892
-0.804346
-0.257088
-0.451962
0.182311
0.188634
0.621114
0.279782
-0.707284
0.455264
0.095038
0.635838
-0.0234204
-0.985981
-0.044004
0.266343
0.505229
0.497526
-0.494422
1.0125
-0.818762
0.636145
-0.384146
0.591817
-0.398569
-0.413439
-0.963971
0.745586
0.176978
0.81401
0.288969
-0.0381705
-0.153726
0.219604
-0.146331
-0.434317
0.340147
-0.649209
0.0985047
0.393682
0.213005
0.0425228
-0.27095
0.441696
-0.323608
-0.712549
-0.731915
0.914685
0.183438
-0.107865
-0.578029
-0.41823
0.141645
-0.787627
-0.784212
-0.789487
-0.638751
-1.14915
0.862865
0.394663
-0.0758215
-0.00747677
0.81265
-0.0378623
-1.03679
-0.624205
0.0507972
0.173828
1.33535
0.2753
-0.412806
0.554145
0.593841
0.356421
0.280126
-0.27405
-0.642414
-0.373044
-0.525076
-0.0251284
-0.672241
-0.00236227
0.0111365
-0.178048
0.125416
0.182515
-0.638181
-0.230621
0.101963
-0.984039
0.0121244
0.366957
-0.229134
-0.546529
0.210815
-0.320986
0.178658
0.134072
0.331467
-1.13947
0.539562
-0.313054
-0.0470818
-0.161877
0.00113264
0.704658
-0.858686
0.398763
1.07969
0.641122
-0.444875
0.628818
0.103744
0.317812
0.108161
-0.411836
-0.0660148
-0.621439
0.484003
0.525365
0.533487
0.251785
-0.349943
0.70585
0.0985006
0.0227423
-0.395284
-0.3652
-0.0698974
0.832605
-0.541297
-0.589185
-0.479655
-0.0290974
0.505733
0.41302
0.499435
0.872099
0.311823
0.185356
0.172394
-1.72859
1.01661
-0.687897
0.148191
-0.484494
0.216485
-0.000211579
-0.278785
-0.419846
-0.430009
0.549249
-1.01459
1.01877
-0.0375434
0.566011
-0.411118
0.947957
-0.729306
0.504981
0.314017
0.296371
1.03549
-0.418412
-0.339307
-0.697558
0.16693
-0.269269
-0.113299
-0.0046825
0.0590592
0.188196
0.729289
-0.627254
0.517113
-0.187367
0.073984
-0.126614
-0.625468
-0.411746
0.825198
0.131385
0.127971
-0.486132
-0.0182146
-0.632279
-0.659572
1.65645
0.527477
0.654613
-0.466789
-0.477086
0.972627
0.220456
0.132331
-0.429976
-0.183617
0.374127
0.288388
-0.291746
0.300957
-0.156112
0.682307
0.293405
-0.684705
-0.285744
0.103626
-0.139476
0.555971
-0.942339
0.124936
0.587
-0.127173
0.982074
0.118118
0.379004
0.973837
0.0148071
-0.474368
0.222981
-0.265153
-0.291732
0.699193
-0.112396
0.0319659
-0.221485
-0.241373
-0.703495
0.41047
0.089077
-0.0530155
-0.22045
0.62116
-0.571238
0.892369
-0.422834
0.402297
-0.49751
0.388847
-0.151907
0.0210136
-0.538649
-0.0342589
-0.51343
-0.00967847
-0.237716
0.558756
-0.242816
0.221577
0.267905
0.0284787
-1.35985
-0.156017
0.00188571
0.28104
-0.366878
0.543281
-0.569784
-0.0926198
-0.736331
-0.178793
-0.579037
0.0893767
-0.791914
1.00606
-0.0340129
0.174607
-0.46421
-0.0411691
0.412927
-0.967481
0.230228
0.286554
0.350727
-1.02732
-0.741096
0.134379
0.352918
-0.646275
-0.0223709
0.522359
-0.449503
-0.849249
0.163111
0.773418
-0.25225
-0.301092
-0.270281
0.985568
-0.323516
-0.403358
-0.442344
-0.0469882
0.569725
-0.519948
-0.278345
1.28936
0.149969
-1.03774
-0.0678675
0.133712
0.0580892
-0.259416
0.0437894
-0.14282
1.12804
-0.258353
-0.0233557
-0.240191
-0.103469
0.522962
-0.178819
0.711287
-0.638374
-0.0216167
0.185583
0.399104
-0.31759
-0.367878
0.016716
-0.062541
0.341258
-0.261712
-0.116537
0.691213
-0.0757993
-0.854395
-0.122042
0.152547
0.407789
0.142586
-0.0420193
-0.308384
-0.019983
-1.39405
0.25793
-0.184057
-0.256578
-0.488444
0.525428
-0.322407
-0.266005
-1.42103
-0.264775
0.352713
-1.05257
0.536701
0.0960205
-0.404983
-0.588709
0.333092
0.291471
0.376572
0.381982
-0.152565
-0.0473878
-0.379731
-0.29182
-0.012806
0.914453
0.84924
0.271525
0.143783
-0.591402
-0.223622
0.317497
-0.300229
0.9866
0.0985776
0.383107
0.0171209
-0.727041
-0.584727
0.839615
-0.865262
-0.270184
0.0410134
-0.734653
-0.753445
-0.765642
-0.170582
0.226835
-0.752104
0.272213
0.0063385
0.0715136
1.01788
-0.129578
0.935259
0.0401107
-0.687904
1.31374
-0.170406
-1.43668
1.23212
0.61136
-0.372941
-0.437287
-0.318318
-0.610923
0.52451
0.267361
-0.39509
0.748384
-0.100908
0.468295
-0.0851332
-0.0154466
-0.277907
-0.522355
0.611082
-0.44148
0.166468
0.147923
-0.164007
-0.392763
-0.183123
0.0611432
-0.0851061
0.340433
0.131651
0.181468
-0.49141
0.529235
0.592222
-0.326538
0.176944
0.330976
-0.000419925
0.57803
0.420019
0.01414
0.739325
0.0902547
0.0820591
0.420717
-0.601049
0.253988
-0.190935
-0.0524698
0.880334
-0.669179
-0.487905
0.315885
-0.280874
-0.294333
0.0977463
-0.579443
0.314926
-0.313909
-0.209217
-0.835102
-0.990002
-0.112159
-0.265137
-0.828811
-0.0169092
0.30041
0.451583
0.120655
-0.187505
-0.658265
0.707301
-0.507638
-0.00340907
0.433499
-0.0909493
-0.323912
0.292266
1.03581
-0.102425
-0.93166
-0.0664062
0.391815
-0.969047
-0.421194
-0.461602
-0.0406933
-0.612744
-0.153794
0.16143
-0.0217546
0.522143
0.344685
-0.302778
-0.70404
-0.37203
-0.594364
0.319881
-0.702871
0.499428
0.199575
-0.167356
-0.138548
0.30616
0.155125
0.0375049
-0.175399
-0.311324
0.294991
-0.640812
-0.228512
-0.49317
-0.425341
-0.39139
0.519081
0.306772
-0.291692
-0.83536
-0.332366
0.21391
0.708985
0.395916
-0.343051
0.255946
0.550575
-0.01203
0.14687
-1.33511
-0.306199
-0.0537313
-0.97347
-0.431463
0.609095
-1.07978
0.551613
-0.289016
0.200394
-0.280085
0.0564586
-0.395623
0.037937
0.495308
-1.40802
0.144782
-0.489616
-0.306493
1.0615
0.107082
0.233447
0.953354
0.00256396
0.546253
0.0673896
0.038114
-0.615599
0.399802
-0.0512662
-0.0851824
0.33598
-0.63898
0.149454
0.432877
-0.260099
1.01549
0.37505
-0.241339
0.583229
-0.554348
-0.275747
0.0323105
-0.720027
0.205541
0.38573
0.535011
0.616408
-0.723685
-0.0109187
0.625804
0.44379
0.358892
-0.382609
0.55747
-0.131218
0.838514
0.287409
-0.307096
-0.0130095
-0.427607
-1.1755
0.19872
-1.08153
-0.48527
0.142026
1.08037
-0.193661
-0.177887
0.807165
0.0174245
-0.0272897
-0.367418
0.020076
-0.482384
0.459112
0.842806
-0.0841837
-0.219431
-0.495773
0.118064
0.262319
-0.329325
-0.913254
-0.624105
0.116203
-0.0730769
-0.585894
-0.253957
-0.138592
-0.780271
0.311966
0.5805
-0.51052
-0.743196
0.127799
0.158437
0.467889
0.849684
0.308223
0.221785
-0.178974
-0.146509
0.311591
-0.725063
0.450143
-0.32427
0.284922
-0.567779
0.0271456
0.282644
-0.694652
-0.578244
0.735343
0.900267
0.0364447
-0.110343
-0.203825
0.0518611
0.384511
-0.184435
-1.01814
1.29188
0.301548
-0.121301
-0.500543
0.407856
-0.173474
-0.548567
0.157124
-0.524337
0.618187
-0.535953
0.187964
0.22901
-0.351428
-0.137738
-0.128286
-0.0818691
0.213437
0.436118
0.188807
0.247528
0.152745
0.114757
0.634287
-0.257808
-0.347185
0.445439
-0.403215
0.527433
0.0476937
0.0221704
-0.248029
-0.185553
-0.526561
-0.884058
0.348554
-0.621347
0.242087
0.0390689
-0.126104
-1.22472
0.582084
-0.000970831
0.671405
0.680299
0.304849
-1.29536
-0.74712
-0.281118
0.384255
0.398835
-0.405108
0.150859
0.809555
0.178617
0.231866
-0.797938
0.53208
-0.376157
0.211905
-0.12376
-0.662997
-0.380859
-0.0635385
-0.551394
-0.629932
-0.20118
0.233003
-0.966154
0.640936
0.626809
0.654557
0.973044
-0.491336
-0.623948
-0.160723
-0.182608
-0.483274
0.166859
-0.716507
0.678324
-0.673442
0.0784825
-0.0640558
1.70593
1.12846
0.459754
-0.0989388
-0.197109
1.6687
-0.79136
-0.264474
-0.226808
1.01373
0.469295
-0.286137
0.850505
-0.378498
0.253927
0.396496
-0.0840056
-0.183114
-0.700005
0.160597
0.148027
-0.564295
-0.0949002
-1.48402
-0.260138
-0.539338
-0.430208
-0.646781
-0.666227
0.798868
0.0304145
-0.645378
-0.821175
0.224842
-0.254323
-0.46568
0.477378
-0.425385
-0.24769
0.239506
0.441979
0.406041
-0.484943
0.128844
-0.465831
0.301809
-0.245971
0.675391
0.602465
-0.27729
0.154072
-0.0648674
0.133918
0.0834007
-0.187086
-0.731444
-0.547204
0.0876787
0.189519
0.109238
-0.218716
0.339531
0.241733
-0.631827
0.732199
0.136786
-0.116666
-0.362279
-0.466434
0.596785
0.668982
0.373011
-0.652909
-0.282343
-0.0925498
0.334014
0.732869
-0.43248
0.0148152
0.397099
0.0337813
0.399022
-0.769019
0.394019
-0.228002
0.0836652
-0.030192
-0.550408
0.734405
-0.756136
0.226489
0.547975
-0.225915
0.305066
-0.297283
-0.22023
-0.245916
0.150903
-0.180952
0.252273
0.545919
-0.621653
1.45489
-0.842265
-0.530721
-1.16619
-0.444429
0.846013
-0.508108
0.00247348
0.512037
-0.939519
0.71142
0.214324
-0.0378458
0.553642
0.562342
-0.367464
-0.0935187
-0.473699
0.594449
0.671723
-0.381017
-0.0444419
-0.162803
-0.147528
0.333542
-0.52631
0.0251518
0.0142379
0.0489674
-0.338942
0.360458
-0.442059
0.387742
-1.09281
0.208783
-0.0635081
0.264576
-0.221339
0.804893
-0.0596683
-0.508274
0.131273
-0.280224
-0.270078
0.0518067
0.113524
0.548645
0.347174
-0.196093
0.0044237
0.234274
-0.738822
0.471015
-0.700435
-0.133144
-0.66557
-0.319004
0.265596
-0.118372
-0.139023
0.00470633
-0.717446
0.2019
0.235627
0.457209
-0.418578
0.1234
0.724816
0.378002
-0.554683
0.397776
0.142474
-1.16178
0.0440007
0.298853
0.534402
0.366176
-0.895275
0.138211
0.880789
-0.682604
0.473451
0.108712
-0.510319
-0.139088
0.530627
-1.08603
-0.944518
-0.783852
-0.202461
-0.72007
0.0683032
-0.278302
0.309374
-1.04011
0.28055
-0.35772
0.278516
-0.551398
0.186695
0.597502
0.522353
0.465433
0.109933
-0.0767096
-0.177781
-0.26155
-0.315315
-0.0210319
1.48984
0.900136
-0.453748
0.698954
0.306933
-0.388465
-0.530475
-0.704506
-0.188769
-0.621289
-1.08057
0.316793
0.120177
0.859057
0.545925
-0.618737
-0.293435
-0.102246
-0.357352
0.177221
1.01114
-0.32084
0.435505
0.382922
-0.0691492
-0.158235
-0.061306
-0.023975
-0.428909
-1.11871
0.432719
-0.621068
-0.369483
-1.04712
-0.453555
-0.319317
0.594474
-0.305337
0.831503
1.42783
0.538619
-0.146849
-0.381009
0.176676
-0.618686
-0.501184
0.948487
-0.542317
0.0216988
-0.351696
0.987093
-0.470683
-0.182479
-0.200221
1.04088
0.378027
-0.255248
-0.0880022
-0.146166
-0.596793
-0.200537
-0.992707
-0.205931
-0.498098
0.227064
0.199282
-0.701749
-0.0291788
-0.111117
-0.527658
0.0310617
-1.30496
-1.4021
-0.608123
-0.0858319
0.197112
-0.116585
0.110361
-0.175821
-0.662404
0.547793
0.11142
0.31042
-0.672201
0.113789
0.55569
0.0961917
0.686585
0.361034
0.343439
-0.690307
-0.154833
0.797496
1.16991
0.776925
0.240572
-0.197523
0.725027
0.172703
-0.363398
0.438406
-0.206917
0.54529
0.640477
0.225062
-0.502238
0.505913
-0.245964
0.0966796
-0.618651
0.267426
0.282666
0.503922
0.359299
-0.172926
-0.213336
0.753318
-0.144694
0.130031
-0.413444
-0.407243
0.751208
-0.119456
0.627565
0.519707
0.551742
0.0290856
-0.115613
-0.34821
-0.0639768
0.196233
-0.0526729
-0.279982
0.406992
-0.0206539
-0.605032
-0.359018
-0.396056
0.384887
0.062491
0.752002
0.186332
0.646486
-0.417084
0.186284
0.201948
-0.414231
0.166964
-0.319927
0.545213
-0.123151
-0.0563797
-0.384195
-0.189531
-0.553266
0.942187
0.187016
0.00475247
-1.20958
-0.302822
-0.172481
-0.48459
0.7053
-0.23172
0.498978
-0.161563
0.723591
0.0499049
0.246448
-0.100251
-0.406567
-0.475299
0.477301
-0.978629
0.974571
0.164501
0.696205
0.0721146
0.0365483
0.807951
-0.104022
0.628114
1.03287
-0.395677
0.344523
0.248698
0.667832
-0.665313
1.34847
0.383763
-0.237457
0.374356
0.216778
1.14927
0.334055
0.298201
-0.0546631
-0.25407
-0.583467
-0.295267
-0.749898
0.506391
-0.583967
0.111093
-0.591437
0.49834
0.741366
-0.707945
0.185548
-0.486576
-1.1867
-0.483108
0.554194
-0.348689
-0.129819
0.14954
0.578017
-0.27222
0.614768
-0.706388
-0.0238978
0.177554
0.36461
-0.226956
0.115949
0.65341
-0.488504
0.463795
0.0134551
-0.351924
0.169795
-0.409492
0.270358
-0.00278246
0.19862
0.630045
0.0250398
0.117005
-0.195548
-0.128828
0.191538
0.046983
-0.752954
-1.02376
-0.00822626
-0.490292
-0.722899
-0.412058
-0.652635
0.106613
0.875012
-0.566842
0.318356
-0.783019
-0.804589
-0.0803586
-0.292351
-0.564215
-0.0544214
0.335297
-0.0194684
1.20619
0.484089
-1.62772
0.313163
0.489371
-0.44945
-0.37484
0.829178
0.342046
-0.424086
1.07023
0.198754
-0.0957918
0.467001
-0.902511
0.0701809
0.679041
-0.254993
0.806889
-0.629445
-0.00644322
-0.0504047
0.34095
0.274792
-0.0349025
-0.787535
1.25884
0.716175
0.142464
0.693922
-0.817439
0.851913
-0.436719
-0.340341
0.472094
0.803114
-0.544196
0.0424436
1.22459
0.219448
-0.115938
0.00402423
0.532353
0.49461
1.03811
-0.53297
0.782281
0.406418
0.831872
0.246613
-0.355202
-0.715497
-0.404235
1.0788
0.41258
-0.409431
0.438394
0.0457626
-0.00251119
0.428843
0.040176
0.977966
-0.264879
-0.48119
0.371449
0.884512
0.0940351
-0.216733
0.167017
-0.524816
0.368322
-0.0412337
0.362593
-0.903199
0.392305
0.493062
0.937302
-0.384512
-0.284178
0.387632
0.402332
-1.61862
0.443973
-0.0885218
-0.496742
-0.0132528
0.640004
1.05151
-1.41209
0.397176
0.361
0.457199
0.571506
0.162054
-0.106163
-0.0945586
-0.973052
-0.226488
0.131405
-0.0355849
0.416426
-0.120357
-0.290971
-0.25926
0.0539061
0.523664
0.160805
0.295234
-0.257094
0.0468187
-0.875816
-0.0645546
0.0720288
0.0819138
-0.288638
0.82302
-0.10483
-0.196614
0.253094
0.0948987
-0.483768
-0.572732
-0.179631
0.331494
-0.0306804
-0.304022
0.86523
0.564244
0.42472
-0.758754
-0.382098
0.0857079
1.37764
0.290701
0.488043
0.129942
0.832766
-0.546523
-0.00495116
0.86386
-0.00490569
0.201024
0.0679093
-0.450772
-0.417218
0.14714
-0.651687
0.247443
0.903258
-0.224626
0.363469
-0.383428
1.14548
0.478781
-0.902827
-0.0294239
0.305235
0.242229
-0.420263
-0.0698082
-0.797849
-0.697425
0.914197
0.795659
-0.107001
-0.189841
0.380772
0.91594
0.800467
0.322504
0.377392
-0.0071253
-0.671527
-0.48282
-0.884337
-0.589951
0.468496
-1.24328
-0.095276
0.488895
0.833161
-0.744854
-0.0121435
0.498648
-0.0618494
0.0987271
-0.012127
0.214308
-1.16153
1.09359
-0.681865
-0.333147
-0.77172
-0.446938
0.170539
-0.145321
0.338336
-0.736534
-0.0908256
0.103835
0.602477
0.422315
-0.319067
0.323605
0.461175
-0.641413
-0.666608
-0.388808
-0.647941
-0.343411
0.0840896
-0.507759
-0.460318
0.444581
0.22452
0.0860987
0.31638
0.357581
0.728546
-0.781028
0.47686
0.229843
-0.371123
0.199371
0.0293408
-0.449673
0.0604629
0.331466
-0.181045
0.812063
-0.797758
-0.125491
-0.310072
-0.262961
0.163127
-0.422993
0.149568
0.55916
0.176139
-0.690375
1.10568
-0.223487
-0.37595
0.187263
0.263208
-1.1899
-0.142389
0.714639
0.0115613
0.168934
-0.71247
0.75288
0.0182642
0.0204793
-0.426803
0.667542
-0.609608
-0.382043
-0.432101
0.379814
-0.395286
-0.101703
0.931675
0.49158
-0.451603
0.114477
0.029404
-0.922921
-0.0837291
0.86982
0.0562313
0.550674
0.113756
0.589531
0.552519
-0.195577
0.111806
0.123885
-0.747946
0.671403
-0.223871
0.193711
0.350992
0.408344
-0.154012
0.0425016
-0.352203
0.445047
0.0496976
-0.116499
0.62695
0.538991
0.253166
0.4796
0.0460405
0.224535
-0.0516909
0.637617
-0.122854
-0.0782483
0.294664
-1.03967
-0.151252
-0.626913
0.362977
-1.53755
-0.843083
0.813956
-0.623903
0.122002
0.174433
-1.25293
0.793173
0.663806
0.570974
-1.03799
-0.0569334
0.658277
0.535214
-0.113584
-0.253486
-0.192388
-0.229553
-0.0534542
0.102408
1.34636
-1.03323
-0.0766262
-0.736936
-0.485631
1.20436
-0.523159
0.636926
0.00449428
-0.683625
0.0152364
-0.210871
-0.137804
0.0287692
-0.537399
-0.425626
0.67868
0.305006
0.511264
-0.373432
0.39797
0.0120792
-0.503566
-0.283255
0.532772
0.160058
0.0317324
-0.533458
0.0300738
0.432945
0.964785
0.195723
-0.861616
0.0788391
0.257395
-0.291565
1.27187
0.510013
-0.181886
0.491978
0.22577
-0.155292
-0.169093
0.288638
-0.720483
0.112448
0.817376
-0.243557
0.504369
0.429054
-0.108074
0.145053
-0.164164
-0.0846464
-0.342252
0.312746
-0.460217
-0.559523
-0.569033
-0.497398
-0.211398
-0.979568
-0.00784842
0.717072
0.130222
-0.417496
0.402593
-0.249358
0.0473401
0.229174
-0.553157
-0.240005
-0.253798
-0.576583
-0.85325
0.862628
-0.648386
0.774156
0.255994
0.223158
0.290249
-0.277914
-0.383699
-0.14327
-0.130872
-0.879533
1.14058
0.262377
0.391073
-0.0866131
-0.122229
-0.775447
0.12229
-0.394673
0.154175
0.316022
0.0321615
0.0117804
0.762966
-0.37939
0.103291
1.70919
0.0645415
0.786656
0.813987
-0.531275
-0.435739
-0.846754
-0.425102
0.846214
-1.21621
-0.0891842
-0.435149
-0.23387
0.666952
-0.592886
0.358293
-0.956585
-0.153272
-0.128754
0.590598
0.31445
-0.966861
0.427976
-0.476854
0.419875
-0.350078
0.350457
-0.812218
0.0811604
-0.507435
0.200684
0.367014
0.181095
-0.259179
0.593312
0.0828026
-0.795201
0.730533
-0.305316
-0.127343
-0.619681
0.205188
-0.261754
0.530455
-0.540958
0.625603
0.907645
0.186025
0.128726
0.058422
0.615118
0.760724
-0.49345
-0.000375321
0.720907
0.606413
0.86197
-0.0946094
0.15299
0.926758
0.048556
0.525709
-0.626225
0.13558
-0.49317
0.327175
-0.0692949
0.810954
-1.30221
0.336218
0.504296
-0.211822
-0.156668
-0.771591
0.630644
0.589137
0.332643
0.446636
0.190741
0.0542725
-0.0699497
-0.686118
-0.057233
0.119052
-0.444343
0.134453
0.510239
-0.377282
0.163424
0.119617
-0.399627
0.982818
0.223187
0.699009
-0.089886
0.141101
0.385367
0.218719
-0.188692
-0.301548
0.595299
0.468936
0.318374
0.153657
-0.556583
0.196571
-0.155419
0.0238087
-0.92331
0.288369
0.90103
-0.102593
-0.741843
-0.679342
0.214517
0.834024
-0.221231
0.672581
0.110521
0.331444
0.727302
-0.124604
0.279996
-0.231974
-0.454997
0.0251009
-0.0462779
0.46191
0.619486
-1.04448
-1.12953
0.493624
0.267962
0.39318
0.19164
0.321268
-0.77485
0.463934
0.332746
1.05133
0.295943
-0.265151
0.295903
0.886636
-0.189047
-0.462783
0.925634
-0.100778
0.380353
0.436003
0.0280645
0.107564
0.457172
0.408604
-0.718403
0.43412
-0.246561
0.799871
-0.258158
-0.284461
-0.396273
0.710081
0.574455
0.29497
1.11633
0.184575
-0.574748
0.853415
-0.384331
-1.09938
0.363364
0.133128
0.422551
-0.36205
0.68336
0.020607
-0.40297
0.0374592
-0.196676
1.18257
-0.726285
-0.76372
-0.0414229
-0.169946
0.634868
-0.0578576
-0.354347
0.338207
-0.39953
-0.319322
-0.907531
-0.0333572
0.266695
1.06968
0.335029
-0.071608
-0.751057
-0.349844
0.142595
-0.107359
0.597737
-0.117807
0.450279
0.350885
0.631069
0.534353
-0.657673
-0.241341
-0.138116
-0.0814794
0.0982245
0.853174
0.721939
-0.212289
0.787131
0.220003
0.134192
0.0554811
-1.00478
-0.106689
0.243121
0.367414
-0.163681
-0.499065
0.0532317
0.0625505
0.769037
0.300469
0.258756
-0.027386
0.0490948
-0.546461
-0.00822022
-0.393141
-0.821021
-0.522409
-1.06151
-0.02938
-0.213942
0.195818
-0.732024
-0.272568
0.664329
-0.165629
0.0612661
0.155124
0.352182
-0.406529
0.657902
0.546596
-0.25442
0.458242
-1.29789
-0.175418
1.0579
0.000547565
-0.554042
-0.0996754
-0.28601
0.230022
0.00759522
-0.220419
-0.686183
-0.4198
-0.759578
0.344388
-0.241991
-0.225258
-0.327621
0.208534
0.743525
0.638654
-0.239061
0.238744
0.53066
-0.232449
0.0741924
0.299961
-0.0711911
0.0287612
0.284882
-0.091188
0.174793
0.401381
-0.218085
-0.0861054
0.440064
-0.312536
1.0081
0.629734
0.565202
0.551178
0.264963
0.760949
-0.642013
0.313389
-0.198342
-0.745262
0.53411
-0.156276
0.480772
-0.0245186
0.0126744
-0.320249
-0.0698932
0.271381
0.592937
-0.611327
0.0118224
0.446065
0.181491
0.762904
0.166873
0.146966
0.409842
-0.142063
-0.667988
-0.335457
-0.609149
-0.236126
0.227826
-1.5587
-0.340892
-0.281487
-0.658594
0.615549
-0.0831156
0.529476
1.08963
0.426094
-0.369467
0.211684
-0.236838
-0.0566611
-0.326643
-0.270921
-0.869336
0.682899
0.281394
0.43291
-0.672331
-0.185399
-0.566154
-0.55181
0.638329
0.748466
-0.441503
-0.309905
-0.503698
-0.430022
0.0142544
0.612398
0.307748
-0.933838
0.104112
-0.540761
0.0123941
-1.01169
-0.154705
-0.339691
0.00178913
0.114062
-0.50148
0.165238
0.340138
-0.116555
0.240412
-0.54615
0.87741
0.200999
0.472686
-0.350766
-0.0665053
-0.53334
-0.0608262
-0.284279
0.089663
-0.475512
-0.300901
-0.784617
0.178453
0.214809
0.031348
-0.544007
-0.839212
-0.185093
0.737872
-0.673046
0.209681
-0.101263
0.723464
-0.343078
0.164058
0.84811
-1.25234
-0.721492
0.0564454
0.0436088
-0.583376
-0.554791
-0.0946679
0.633821
-0.599707
-0.192956
-0.932775
0.0401887
0.0414106
0.181908
-0.60801
-0.355566
-0.908521
0.361701
-0.275662
0.354948
-0.0739812
0.220139
0.396855
-0.987617
-1.20696
-0.464881
-0.0981048
-0.0802747
-0.664577
-0.472581
0.534999
-0.604803
0.805037
-0.0131539
-0.47103
-0.40554
0.173052
-0.0876588
0.307034
0.3204
-0.959171
1.04076
0.0470044
1.191
0.0912628
0.400358
-0.403281
0.788414
-0.97498
0.560826
-0.25508
-0.219509
-0.276266
0.0886323
-0.525045
0.0459028
-0.558419
0.206731
0.298785
0.219189
-0.101894
0.137488
-0.0309143
-0.0413307
0.503633
0.56234
0.461058
-0.688735
-0.596045
-0.788611
0.101865
0.0194206
0.280992
-0.622415
0.579038
-0.628016
-0.0870133
-0.161278
-0.0479375
0.17052
1.12324
0.296586
0.386958
0.860884
-0.219403
0.232894
-0.136396
0.213549
-0.299415
0.782434
0.471565
-0.489427
-0.838484
-0.32875
-0.682947
0.0810498
0.0332928
-0.0611995
0.479106
0.47162
-0.681083
0.185956
-0.663739
-0.465541
-0.240844
0.252879
-0.337452
-0.447968
0.125154
-0.506546
0.56866
-0.728925
0.146294
0.100507
0.59914
0.678838
-0.223195
-0.415161
0.2174
-0.0959945
0.675681
0.476
0.630761
0.147141
-0.0543726
-0.972069
0.748744
0.533401
-0.666183
0.812633
0.438312
0.477986
-0.0316693
-0.460926
1.40161
-0.0524609
0.118902
-0.238261
0.0242535
-0.926164
0.194227
-0.945514
0.677517
0.85617
0.302427
0.196646
0.877015
0.188038
-0.365611
0.274266
0.288245
-0.435761
0.609219
-0.152671
-0.338966
0.170793
-0.110816
0.0218449
0.933365
-0.356548
0.855727
0.356868
-0.371261
0.0961508
-0.262066
0.570317
0.0529232
0.0104156
0.818741
-0.790076
0.00593006
-0.00285263
0.237957
-0.0963212
0.105467
-0.893317
1.04022
0.70766
-0.498962
-0.331651
0.497071
0.912922
-0.917347
-1.17764
-0.274855
-0.0764674
-0.269243
-0.00356487
0.0278363
-0.524172
0.356625
-0.708153
0.00898414
-0.665281
-0.19341
0.293527
-0.402069
-0.905647
0.976959
-0.650872
0.184327
-0.26346
-0.441684
-0.148351
0.277015
-0.232391
0.909379
0.485143
0.863402
-0.37134
0.167601
-0.174352
0.0762498
0.293599
0.13346
0.341983
0.0662618
0.0339155
-0.0562968
-0.468966
0.226907
-0.194029
-0.676984
-0.1275
0.571074
1.17607
-0.314969
0.269542
0.519824
0.557834
0.353787
-0.572239
-1.38254
-0.798492
0.755751
-0.361741
0.318493
0.706837
-0.390023
-0.135406
-0.432631
-0.134355
1.13539
0.238699
0.536658
-0.0135895
-0.323383
-0.105162
-0.175437
-0.509403
-0.479119
0.498534
-0.276402
-0.215348
0.115572
-0.676932
0.31866
-0.0682492
0.450837
-0.0716278
-0.650107
0.271201
-6.59794e-05
0.0201299
0.512197
1.19591
-1.00992
0.976013
-0.163278
-0.141486
-0.245833
-0.279839
-0.267142
-0.358779
-1.22659
-0.667501
-0.347602
-0.619703
0.836121
-0.379714
-0.0850838
-0.293666
0.427834
0.16038
-0.503701
-0.117374
-0.415873
0.17959
0.0928566
0.771176
1.16498
-0.483258
-0.844435
-1.08039
-0.968311
-0.0635219
0.432407
-0.0955359
0.456747
-0.594013
-0.224711
-0.627014
-0.0663863
-0.586834
0.417553
0.541623
-0.17314
1.07505
0.6216
-0.330779
-1.34416
0.304711
-0.381044
0.0637243
0.167911
0.566679
0.358912
0.371955
-0.0161398
-0.622789
-0.245637
-0.579384
0.779569
0.0759936
-0.0289839
0.120912
0.6109
-0.34832
-0.0383892
1.38352
0.830372
-0.102163
0.146228
-0.0879937
-0.287812
-0.690283
0.0247176
-0.549701
0.298578
0.369337
-0.225244
-0.815941
0.123333
0.00464154
0.176446
0.970598
-0.257092
-1.77306
0.198595
-0.160074
0.65982
0.588785
-0.0924757
-0.0022655
-0.761394
-0.0816636
-0.5176
0.00192969
0.332527
0.197312
-0.502413
0.707508
-0.506365
0.536401
0.00782764
-0.0396673
0.151191
0.252154
0.0998973
-0.410263
0.26842
-0.394813
-0.644158
-0.0987705
-0.728339
0.2882
0.5279
-0.482614
0.202795
0.0287756
-0.228817
0.300477
0.27931
0.745206
0.361665
-0.11884
-0.224206
0.141698
0.538911
0.42763
0.58919
0.216645
0.0965829
0.499745
0.173364
-0.102352
-0.667976
-0.229099
0.430674
-0.215449
0.714698
0.855441
-0.0812202
-0.362628
0.553196
-0.0900596
-0.194065
1.08514
-0.472318
0.366406
-0.276329
-0.266989
0.778452
-0.743004
-0.93394
0.205523
-0.692888
0.823881
-1.01725
0.226936
-0.393006
0.672645
-0.303304
0.0494217
-0.273933
0.74042
-0.0167072
-0.471765
-0.911077
-0.187922
0.521116
0.412521
0.439362
0.717739
0.115174
-0.810692
0.184459
0.128823
0.313647
-0.154166
0.33814
-0.0245596
-1.11958
0.836271
0.531154
-0.528114
0.786834
0.450255
0.162737
0.417304
0.222599
0.255633
0.155486
0.337162
0.0322381
0.93737
0.925323
-0.372503
0.0416815
-0.100575
-0.402149
-0.361175
0.0360802
-0.218717
-0.858109
0.367649
0.560237
-0.468442
-0.24498
0.215383
-0.123752
-0.811857
0.914484
-0.123938
-0.499593
4.71409e-05
0.84281
0.465684
0.53239
0.195884
0.110849
-0.510356
0.319323
0.201873
0.242866
0.000203522
-0.162175
-0.0751071
0.453116
-0.969137
0.318405
0.0468489
0.134045
-0.15926
0.77977
0.170922
-0.530694
-0.521591
-0.721297
-0.0763954
0.189149
0.00248929
0.373967
-0.832943
0.0336947
-0.34118
0.438588
0.109898
0.0260089
-0.535222
-0.412313
-0.938724
0.861968
0.618931
-1.06935
-0.0865778
-0.912034
-0.728355
0.61592
0.92486
0.673381
0.293499
0.404502
-0.0406162
0.612261
-0.379799
-0.133725
-0.252169
0.645227
0.687686
-0.675454
-0.9482
1.03199
-0.158732
0.755736
-0.124957
-0.0561025
-0.16595
-0.51188
-0.0280181
0.0722007
-0.275388
0.53502
0.133836
0.0171301
-0.736408
-0.240325
0.140043
0.564346
0.0370324
0.911367
-0.0127855
0.661853
0.277091
0.306788
-0.0332084
0.204809
-0.0109608
0.119467
-0.224615
-0.72524
-0.408454
0.0989432
0.386933
0.622868
0.203156
0.401274
0.142739
-0.0540267
0.335573
-0.0455419
0.437837
0.325024
-0.425929
0.858972
-0.702132
0.269353
0.213697
0.368037
-0.222086
-0.407081
0.645067
0.467379
0.196031
0.553998
-0.726156
0.435036
-0.074721
0.106455
-0.517086
0.706792
0.199195
0.10226
0.443305
0.218292
0.655971
-1.1398
-0.466943
-0.298315
-0.145579
-1.03027
-0.679556
0.250975
-0.672508
-0.819834
-0.442326
0.563498
0.556825
0.947904
0.810317
-0.000226899
0.0771267
0.382751
-0.248336
0.14689
0.165761
-0.269342
0.218989
0.305602
-0.683062
-0.127892
0.318213
-0.515103
0.136164
0.238796
0.394694
0.59171
0.47856
0.516064
0.736629
-0.371448
0.740636
-0.38286
0.383652
0.451137
0.206258
-0.545963
0.473597
-0.739827
-0.771793
-0.502968
0.340183
-0.186247
-0.339769
0.0178169
-0.244943
-0.73923
-0.150927
-0.706271
0.805425
-0.149947
-0.340681
-0.135533
0.0599829
-0.925338
-0.814675
-0.268055
0.0965827
-0.00199774
-0.0809079
0.36324
0.356368
-0.182249
-0.666524
-0.235914
-0.44899
-0.404008
-1.10479
-0.245174
0.0175703
-1.47529
0.473376
-0.230172
-0.832111
-0.788295
-0.0983244
0.22593
0.149984
-0.156783
-0.424988
0.0341588
0.978613
-0.589853
-0.587088
0.0913461
0.179362
-1.45055
-0.0929352
0.614069
0.0761211
-0.0191226
-1.38043
0.0647079
-0.19267
1.64559
-0.194466
-0.0594255
0.158719
-1.47846
-0.0269415
0.96253
0.27649
0.0228734
-0.633532
0.291216
-1.09506
-0.0115244
1.14462
-0.0864337
-0.429869
-0.837859
-0.801769
-0.0793561
-1.07337
-0.405447
-0.634858
0.290754
0.443886
-0.765974
0.0716168
0.230181
1.13774
-0.408923
-0.509131
0.062087
0.119845
0.343861
-0.977629
0.321616
0.0526521
1.55187
-0.496301
-0.579774
0.446459
0.0485282
-0.0525129
-0.0781776
0.85709
1.078
0.30338
0.850819
-0.982534
-0.092859
-1.17218
0.565046
-0.85409
1.27436
-0.436143
-0.71498
0.141081
0.269825
-0.054336
-0.209915
0.991525
0.310502
0.287848
0.527378
0.836424
0.293522
-1.08839
0.165182
-0.441301
-0.428984
-0.143847
0.654035
-0.233417
-0.226045
0.407923
-0.6433
0.993103
-0.415907
0.288705
-0.806572
-0.320057
-0.584429
-0.455497
-0.125536
-0.298658
0.147897
0.920493
-0.55067
-0.138783
-0.0265855
0.407569
0.47603
-0.789444
0.149213
0.960038
0.682247
0.592797
-0.322133
-0.614129
0.169132
0.424851
0.0343267
0.398185
0.689038
0.402364
0.287008
-0.175707
0.595575
-0.13437
0.690856
-0.741424
-0.229904
-0.205222
-0.0163745
-0.596819
-0.26048
-0.644091
-0.00369019
-1.0158
-0.423796
-0.223251
-0.331026
-0.115392
0.628338
0.425441
0.297709
-0.0547778
0.262439
0.564027
0.393316
0.598276
-0.948267
-0.301861
1.86704
-0.522583
-0.192325
0.623159
-0.504114
0.681524
0.632385
-1.44564
0.118545
0.16679
1.22522
0.0636753
1.05273
-0.291124
0.684764
-0.166053
-0.377527
0.930359
0.139578
0.41959
0.213545
0.104292
1.14485
0.0820571
0.0654409
0.148136
0.332688
-0.19616
-1.09648
-0.233008
-0.782881
-0.0989835
-0.523417
0.696891
-0.131105
-0.380209
0.328542
-1.58617
-0.0516728
0.0573168
-0.433789
0.0188783
0.185051
0.173502
0.912184
-0.354842
-0.318031
0.520694
-0.557194
-0.518389
0.557401
-0.155171
0.152822
0.216112
0.565523
-0.983453
0.0785451
-0.354737
0.180488
0.303989
-0.128247
0.600679
0.422165
0.547703
-0.339857
-0.9396
-0.639705
0.0616673
0.448985
-0.769647
0.769467
0.0143658
0.0948716
1.17671
-0.57911
0.0359058
-0.353205
0.175441
-0.591306
0.58936
0.416649
0.495912
0.255819
-0.392703
-0.377539
-0.135882
0.504189
0.0868078
-0.784344
-0.609419
-0.670213
0.0548697
-0.129278
-0.310297
-0.431471
0.0664829
-0.0138514
-0.155495
0.057607
-0.365946
-0.147828
-0.0853172
0.606478
-0.753174
0.250959
0.600253
0.00567982
0.139959
0.10395
-0.150087
-0.37407
0.832337
-0.076063
-0.251452
-0.915713
0.190648
0.438043
0.523749
-0.312964
0.287225
0.179621
-0.525421
-0.297408
-0.749894
-0.334223
0.316441
-0.899413
-0.774372
-0.573828
-0.40932
-0.308116
0.284411
-0.399815
-0.302697
0.238361
0.196121
-0.240692
0.445228
-0.226639
0.967338
-0.580529
-0.222071
0.221687
-0.914265
0.651498
-0.0243007
0.346479
0.125437
-0.865491
-0.727112
0.0112496
-0.981154
0.508293
-0.371485
0.47616
-0.845142
-0.0376634
0.172852
0.291909
0.573712
-0.429099
-0.150126
-0.434353
-0.0880755
-0.475561
-0.247608
0.703038
0.0171984
0.266499
0.467604
0.0339503
0.484052
-0.528047
-0.874779
-0.303358
0.611081
0.096521
-0.419095
0.389598
-0.260459
-0.220886
0.523429
0.164897
0.304172
-0.205878
0.356974
-1.21004
-0.0798568
-0.251061
-0.410986
-0.333636
0.586177
-0.544182
-0.276583
-0.070142
-0.352672
-0.291434
0.654963
0.440872
0.0963963
-0.737006
0.48327
-0.0441956
-0.0364759
0.30514
-0.316037
0.567297
0.808559
0.786524
-0.245011
0.271923
-0.353979
-0.121563
1.02436
-0.862607
-0.255151
1.02946
0.936533
-0.162077
-0.88906
0.323568
0.463637
0.79569
0.719922
0.0918928
0.716528
-1.12259
0.289274
-0.817837
-0.345291
-0.664387
-0.314327
1.14058
0.0512338
-0.796842
-0.29133
1.03271
1.30883
0.513545
0.334566
0.000263771
1.08616
-0.48439
0.365717
0.343669
-0.291932
0.589208
-0.103958
0.773854
0.126242
-0.870471
0.0733022
-0.476557
-0.15182
0.13917
0.175269
0.117516
0.252622
-0.654356
-0.499429
0.278707
0.712785
-0.186815
0.138782
-0.393961
-0.316947
-0.0504648
1.18895
0.851464
0.840421
-0.192377
-0.717071
-0.607859
-1.37704
-0.317089
-0.129124
-0.66878
-0.0180317
1.20645
-0.556302
-0.412558
-1.16404
-0.367431
0.147288
-0.100186
0.3485
-0.0245943
0.677597
-0.842432
0.359532
0.0802545
-0.0797491
-0.208553
-1.02845
-0.511813
0.133803
-0.473153
-0.62306
-0.67086
0.182277
-0.249114
-0.352752
-0.305394
-0.474846
-0.214563
0.270626
0.312312
0.366534
0.339362
0.183312
0.326576
-0.0663098
0.354811
0.396931
-0.426983
0.206551
-0.550187
-0.128823
-0.900035
0.0064652
-0.165847
-1.04221
0.399758
0.0698761
0.397789
-0.53873
-0.376516
-0.404579
0.199385
0.907373
0.14554
0.0522253
-0.795677
0.356466
-0.1678
1.08371
0.13564
-0.37282
0.124771
-0.441298
-0.207893
0.00127758
-0.113043
0.12516
0.423513
1.03576
0.210487
-0.147089
0.230855
0.775086
0.622886
-0.358452
-0.858277
-0.100044
0.32088
0.346706
-0.181242
-0.097396
0.063472
0.595895
-0.0263307
0.606209
-0.289043
-0.198746
0.170066
0.311072
-0.0909228
-0.13379
-0.745119
0.0920427
0.687382
-0.319878
-0.405633
-0.388648
-0.387511
1.15859
-0.0710119
0.622806
0.425067
0.576005
0.273823
-0.0513083
0.256906
-0.970914
-0.00852744
0.432561
0.139319
-0.027598
-0.460376
-0.571999
0.278477
0.315938
-0.296191
-0.301043
-0.224455
0.432916
0.143213
-0.239712
0.718192
0.29877
0.145807
0.0817742
-0.139101
-0.346392
-0.36204
-0.117831
-0.130053
-0.30334
0.22194
-0.615843
0.243098
-0.473377
0.209472
0.555596
0.595668
0.691629
-0.553852
0.0765158
-0.427726
-0.276287
0.589333
-0.0637272
0.633832
-0.279667
1.03548
0.55112
-0.478827
-0.603902
-0.381428
0.227818
0.601876
0.248327
-0.672197
0.301466
-1.03569
0.304637
-0.0165182
-0.155124
-1.08337
0.300428
0.0306554
0.412702
-0.10191
0.15958
-0.701877
-0.018405
0.117659
0.444457
0.582863
-0.65901
0.0971348
1.14341
0.594767
-0.0828301
0.233175
-0.66591
0.302118
0.671917
0.04768
0.0860887
-0.191807
1.14062
-0.316934
-0.522127
-0.0297912
0.0710103
-0.687644
0.554138
-0.581811
-0.752651
0.510443
0.139813
-0.324301
-0.394274
0.394113
0.593873
-0.79745
0.574309
-1.07602
-0.887686
0.519616
-1.12147
-0.449756
-0.466078
0.219496
-0.317514
0.416324
0.455376
-0.211687
-0.463615
0.546591
-0.180108
-0.312406
0.190615
-0.416735
-0.857701
-0.482797
0.442138
0.399519
0.768182
-0.173207
-0.082915
0.339673
-1.18139
0.342971
-0.716942
0.175267
-0.253397
0.270332
0.0494564
-0.488787
0.331838
0.943718
-0.94419
0.447283
0.824587
0.324905
0.463079
0.430269
-0.825516
-0.186595
-0.457883
-0.21961
0.214158
0.35878
-0.208547
-0.684305
-0.591185
-0.440822
0.118959
0.408275
-1.22624
0.103176
0.748993
-0.23029
0.19711
0.0387084
-0.521486
-0.0740052
-0.489833
-0.225466
0.799285
-0.562257
-0.00571591
0.285443
-0.134826
0.0773515
0.351743
0.682761
-0.621887
-0.0963539
0.449098
-0.286158
1.22526
0.390915
0.618243
0.116433
0.0161836
-0.277584
0.513968
0.276312
0.513471
-0.0682026
-0.815079
-0.658284
-0.555562
0.956068
0.140438
-0.209565
0.438938
0.76631
-1.145
0.0170441
-0.508151
-0.320763
0.0502335
1.14582
-0.458605
-0.619443
0.535308
0.875295
0.0550451
-0.867124
0.259041
0.374185
0.480012
-0.228145
0.720699
-0.0352967
-0.663255
0.330976
0.0982664
-0.124575
-0.197383
-0.060141
-0.514078
-0.11492
0.904726
0.0431372
-0.79416
1.43828
-0.332948
-0.287701
0.714679
-0.0433068
-0.0544753
0.607148
-0.123195
-0.736426
-0.804119
0.666547
-0.297849
-0.144308
-0.390933
0.0586497
-0.719203
-0.664044
0.265914
-0.316944
0.269915
0.407489
0.582887
-0.208748
0.249433
0.26033
0.0149302
0.641158
0.513576
0.0544873
0.596743
-0.363323
0.783374
-0.527286
-0.540005
-0.29899
0.543352
-1.17944
-0.615192
0.184141
0.312201
0.249686
-0.198064
0.590468
0.38476
0.0968431
0.306429
0.418891
-0.170432
-0.267025
-0.381366
0.488294
-0.280229
0.808964
-0.130738
-0.606559
-0.0937243
0.616059
0.534203
-0.876762
-0.262859
0.333299
0.288847
-1.14941
0.617729
-0.656996
-0.202527
0.440964
0.494295
0.356776
-0.194277
-0.74698
-1.10121
-1.26535
0.572553
0.815426
-1.12488
-0.147571
0.10434
-0.575042
1.12767
0.397421
0.550756
0.402358
-0.165001
0.498394
-0.0385917
-0.374749
0.012454
0.178264
0.656278
-0.486067
-0.0311163
0.210978
-0.325938
-0.336565
-0.312891
-0.564449
-0.223265
-0.023318
-0.0786429
-0.34267
0.714965
-0.416644
0.0339236
-0.43096
-0.494073
-0.776703
0.121948
-0.263819
0.00920483
0.695598
0.299798
-0.269617
0.507259
0.198124
-0.0891215
-0.311179
-0.176283
0.0461682
-0.32959
-0.106669
-1.11425
-0.378662
0.0630775
0.787481
0.396987
1.03754
0.499767
0.481421
-0.156037
-0.173622
-0.687543
0.666073
0.281459
1.13811
0.216008
-0.533567
0.741185
-0.442908
-0.0118519
-0.601922
0.25957
-0.894912
-0.808191
-0.075837
-0.892032
-1.07157
-0.0254453
-0.349652
-0.17007
0.658532
-0.341116
0.791619
0.66007
-0.784183
0.131187
0.418937
0.567643
-0.0718606
-0.592128
-0.0373677
-0.310274
-0.241255
0.331849
0.55689
1.20094
-0.0547432
0.141474
0.333016
-0.245236
0.146817
1.2349
-0.341015
0.349759
-0.565778
-0.600259
0.470259
-0.716243
-1.45335
0.345782
-0.0452649
0.0322428
-0.0600198
0.143812
-0.145335
0.081211
-0.725337
0.534797
-0.897419
-0.448759
-0.329528
0.502176
0.207652
-0.371044
-0.0556088
-0.844621
-0.0709092
-0.233908
-0.0593658
0.446738
0.0836
0.458202
0.179627
-0.620911
0.505907
0.237336
-0.319516
0.513989
0.783029
-0.7141
0.00614794
0.774373
0.217102
-0.252667
-0.616065
0.489841
-0.39775
0.152529
-0.289453
0.432053
0.182593
0.60278
-0.277313
-0.167774
-0.496065
-0.0334187
0.244449
0.253013
-0.467449
0.402751
-0.899774
0.110208
0.634498
0.162863
-0.641139
-0.118878
0.626441
0.597439
-0.699705
0.509252
-0.462822
-1.17255
0.270318
0.12196
0.609505
-0.680469
0.882443
0.560785
0.182548
-0.438121
0.0827433
-0.130353
-0.0338789
-0.597572
-0.858053
-1.14973
0.445355
0.778354
-0.237481
0.715613
0.0111024
-0.927688
-1.10369
0.401507
0.229738
-0.338733
-0.136485
0.281037
-0.947126
0.431908
-0.531056
-0.0429782
-0.513134
0.0580181
1.16128
0.479445
-0.00366689
-0.156752
-0.693351
1.07102
-0.0598359
0.0210729
0.0402627
-0.508
0.023722
-0.367419
1.00288
0.601649
-0.821091
0.0473322
-0.0153238
-0.467576
0.763011
-0.375744
-0.0751629
0.563223
-0.096556
-0.165721
0.650271
-1.06949
-0.599745
0.657211
0.22151
-0.119425
0.423521
1.15042
0.138755
0.100371
0.722126
0.0821794
-0.160101
0.71069
-0.566461
-0.668761
0.00176525
0.432651
-0.252194
0.00848877
-1.11792
0.245104
0.0100134
0.239799
0.0369945
0.215374
0.547906
0.306574
-0.0711217
0.7067
0.351366
0.684956
-0.397685
-0.497389
0.281269
-0.020464
-0.338638
-0.179669
-0.194388
-0.668561
-0.46113
-0.268441
0.705411
0.243444
-0.666659
0.314298
-0.121692
0.27572
0.129073
-0.026203
0.229703
0.10852
-0.551151
0.573391
0.0839706
-0.590928
1.10596
0.201988
0.319927
-0.479292
-0.52288
0.714214
-0.0846716
-0.000458732
-0.241247
0.205249
-0.688957
0.36435
-0.14831
-0.189479
0.0643346
-0.558075
0.710907
-0.134175
0.388801
-0.735004
-0.172583
-0.417228
-0.143051
0.578826
0.280482
0.145075
0.0873706
-0.149083
0.249058
-0.811166
0.0399347
1.06574
-0.811554
-0.467296
-1.4247
0.754403
0.259653
-0.324049
0.227243
0.497968
0.10194
0.279611
-0.279213
-0.483973
0.201707
0.495996
-0.0693972
-0.271511
0.467942
0.597665
-0.289264
0.0402759
-0.704382
0.439418
-0.0564789
0.0209406
0.0847438
0.168179
-0.241944
-0.827398
-0.35299
1.26243
-0.350573
-0.352878
0.137393
-0.174552
0.102938
-0.399295
-0.487544
0.0435954
0.678999
0.173002
0.288915
0.850104
0.420605
-0.188347
0.174608
0.127431
-0.00987623
0.401547
0.0980915
1.10899
-0.118299
0.186397
-0.134991
-0.841898
0.169921
0.294505
0.0782405
0.43786
-0.459837
0.715745
0.503388
0.470338
-0.77131
0.360831
0.351517
-0.0551623
-0.25598
0.494743
0.432811
0.605429
0.107067
-0.210578
-0.0258259
-0.426504
-0.483351
0.0851574
0.619077
0.493864
0.169816
0.151915
-0.101338
0.727511
-0.558951
0.0872414
-0.515386
-0.555877
0.832116
-0.523421
-0.666812
-0.0563267
0.240606
0.113712
-0.0115063
-0.689122
-0.398433
-0.628078
0.575512
-0.841412
0.0482463
0.46276
-0.315883
0.21807
0.438837
-0.705813
-0.0140517
0.343452
-0.319984
0.351324
-0.503479
-0.984186
-0.509174
-0.138782
-0.511303
-0.366627
-0.797112
-0.756192
0.740724
0.341198
0.228828
-0.284184
0.163007
-0.192763
0.0790938
1.30711
0.729621
0.104749
0.664079
-0.679335
0.262384
-0.269208
0.0620416
0.193647
-0.717811
-0.992125
-0.77047
-0.659005
-0.381911
-0.444232
-1.14013
0.866427
0.148122
0.552156
-0.480021
0.709376
-0.653068
-0.243918
-0.822756
-0.301617
-0.350145
0.466151
-0.0836906
-0.355835
0.336663
0.616606
0.353023
-1.01686
-0.261775
0.0462475
-0.0098141
-0.158213
-0.0802764
0.963313
-0.206404
-1.21344
0.496933
-0.601539
-0.313767
0.297455
-0.00403639
1.10296
-0.179098
0.396231
-1.20818
-0.00119276
0.883385
-0.378262
-0.408585
0.616199
-0.138981
-0.899507
-0.0295561
-0.33745
0.161509
-0.621976
-0.13362
-0.32182
0.146892
0.415486
-0.460716
-0.170645
-0.0822741
0.173367
0.836878
-0.00630189
-0.381112
0.141716
-1.04059
0.926201
-0.317456
0.638581
0.675002
-0.243298
0.673368
0.386746
0.523119
0.270858
0.455746
-0.261576
-0.209158
-1.05176
0.00434677
0.713596
0.0294835
-0.625662
-0.315067
0.724211
-0.145886
-0.39545
-0.137911
0.590942
0.735018
-0.00812788
-0.301428
0.0697571
-0.00757973
-0.000408407
1.1054
-0.206814
-0.483015
-0.559595
-0.632144
0.113479
-0.547745
0.390852
0.00206729
0.0147145
-1.04051
-0.348949
-0.0820325
0.204057
-0.518158
-0.0853385
0.0513432
0.363821
0.125045
0.218786
-0.22649
-0.465821
0.27776
0.520068
1.10176
0.301506
-1.30117
-0.395944
0.105716
0.0174363
0.65979
-0.0915368
-0.735046
-0.403291
-0.364552
-0.489412
0.135364
-0.141137
-0.126538
-0.561853
0.190555
-0.0132188
0.3758
0.164278
-0.756603
0.434673
0.853961
0.104038
0.240703
-0.396675
-0.546763
-0.171116
0.830998
1.50856
0.2934
-0.697388
-0.463458
-0.107238
0.0962595
-0.022843
0.258232
-1.1823
-0.088185
0.57717
0.819302
0.207108
0.0942859
0.178241
-0.241625
-0.52603
0.348906
-0.294035
0.30309
0.2597
0.918111
0.54052
0.558181
0.981837
-0.353421
-0.629615
0.334476
-0.0693408
0.281551
0.0482313
-0.425264
0.844546
-0.406171
-1.13567
-0.162967
0.720963
0.156621
-0.29907
-0.193895
0.12738
-0.302001
0.508903
-0.710107
0.425021
-0.743204
-0.531486
0.0812363
-0.297617
-0.42959
-0.686326
0.264818
-0.255037
0.0581914
0.817314
-0.198345
-0.487338
-0.293094
-0.247618
-0.173127
0.381899
-0.797007
0.0850505
-0.640972
0.0280877
-0.112661
0.0307284
0.00944906
-0.311642
0.398123
0.205731
0.101835
-0.557057
-0.374549
0.780898
-0.0573966
0.254646
0.762559
0.135274
-0.0236517
0.269369
-0.574927
-0.305287
-0.735829
0.0311155
-0.39176
0.389186
-0.191932
-0.362341
-0.0182811
-0.286584
-0.376325
-1.09764
-0.959625
-0.357578
-1.00834
0.28997
-0.576496
-0.0704385
-0.140902
-0.32814
-0.0723339
-0.634162
0.283162
-0.635917
-1.31916
0.569058
0.30313
0.738133
-0.82257
-1.38617
0.0744212
0.365858
-0.248634
1.25329
-0.144277
-0.0765171
0.213395
-0.543089
0.012862
-0.241532
0.649682
0.507797
-0.180085
0.685318
0.23381
0.140296
0.873143
-0.154968
0.219859
-0.147571
0.226215
-0.170324
-0.215221
-0.517612
-0.0808336
-0.496873
-0.0574021
-0.614716
-0.0731873
1.06267
0.221295
0.459607
-0.117219
0.119322
0.345903
-0.58677
-0.20341
-0.484344
0.355881
0.90841
0.375122
0.515435
-0.0438409
0.0995269
-1.30548
-0.329271
0.680645
0.511885
-0.134332
-0.357378
-0.260097
0.0841437
-0.197907
-0.0699522
-0.578969
-0.0134618
0.535936
-0.387448
0.507692
0.101325
-0.156776
0.872428
-0.0649159
0.191061
0.86831
0.575466
0.294824
0.645089
0.382065
0.563787
0.447928
-0.193278
0.307073
0.126321
-0.294127
0.289034
0.317489
1.1832
0.57989
0.0220251
0.133555
0.166115
0.82271
0.162877
-0.667819
0.340789
0.28955
0.276224
0.857585
0.0888578
0.751644
-0.920506
-0.482942
-0.659094
-0.532151
0.6858
-0.346408
-0.22169
0.208416
0.748334
0.0571788
0.512066
-0.0898888
0.020835
-0.277437
-0.785984
0.900827
0.366284
-0.0886873
1.25736
0.614701
-0.170075
-0.163493
0.484987
-0.0852805
0.363214
0.356827
0.0986074
0.871296
-0.0137703
-0.159608
0.0628038
0.932427
0.246575
0.63405
-0.0830504
0.310819
-0.201219
0.234322
0.00394016
-0.858248
-0.847687
0.754329
-0.229583
-0.172372
0.323563
-0.701476
-0.289866
0.0428198
-0.803102
-0.199381
-0.521323
0.60524
0.590557
0.523932
-0.729518
-0.00329897
0.829085
0.275912
-0.3543
0.738065
-0.317884
-0.182525
-0.331308
-0.173967
0.365414
-0.679456
-0.615411
0.110933
-0.0210447
0.0293858
-0.356851
0.209444
0.639887
-0.754416
0.0974371
0.361586
-0.567782
-0.27928
-0.122855
-0.294918
-0.589489
0.23733
0.0563052
-0.00867923
0.399495
0.360532
-0.458979
-0.446487
-0.0120778
-0.0260208
0.69727
0.233855
0.0221378
-0.273248
0.302062
0.210587
1.06221
-0.409271
-0.895477
-0.190203
0.0520935
0.615321
0.0337429
1.00514
0.203963
0.196963
0.287094
-0.308656
-0.657934
1.17322
-0.900156
-0.244724
-0.700082
0.604527
-0.51275
-0.941563
-0.00118172
-0.691394
0.251084
0.224456
0.403924
0.6503
-0.38332
0.867105
0.820141
0.696678
-0.10482
0.417823
0.469765
-0.219352
1.06708
-0.633654
0.642615
-0.721723
-0.736923
-0.589502
-0.563962
0.298785
0.214115
-0.223464
-0.352203
0.275042
-0.610864
-0.435978
-0.820637
-0.0363231
0.0468679
-0.636441
0.0764613
-0.463838
-0.604067
-0.00656507
-0.171219
0.252651
-0.588677
0.507442
1.06568
0.910606
0.115145
-0.960443
1.13829
0.930405
-0.32648
0.640192
-0.841768
0.938293
0.228044
-0.0195687
-0.0738372
-0.580564
0.699894
0.0797365
0.856709
-0.543167
-0.415323
0.029671
0.10281
-0.96925
0.340558
0.0510187
-0.262466
0.80458
-0.408256
-0.255215
-1.65283
-0.771318
0.7952
0.39879
0.761054
-0.277868
0.130494
-0.518562
-0.441769
-0.0287666
-0.68233
-0.660654
-0.0301777
-0.262918
0.403775
-0.0991565
0.479893
0.184292
-0.679752
-0.249809
-0.471012
0.637338
-0.968687
0.513261
0.725862
-1.32239
-0.631139
-0.0249607
0.359293
0.749314
0.282113
-0.526254
-0.0413033
-0.474054
0.133849
0.471323
-0.444328
0.39668
-0.350446
-0.67058
0.644019
0.127348
-0.315258
0.185415
0.770976
0.729238
-0.189026
0.294915
0.0432512
0.561385
0.799181
-0.506996
-0.147101
-0.180784
-0.16906
-0.149096
-0.447507
0.0446737
0.244569
-0.478051
-0.0328526
-0.573796
-0.150406
-0.235342
-0.344515
-0.0417317
-0.691767
0.195625
0.977928
0.34796
0.323041
-0.335745
0.312214
-0.386983
0.8295
-0.797237
-0.522252
-0.106205
0.0404441
-0.112537
0.615125
-0.677842
-0.208681
0.149308
0.268169
-0.196174
0.612398
-0.450431
0.485623
0.899467
-0.0236503
0.0318188
-0.563103
-0.199485
0.0800159
0.423977
0.416675
0.472735
-0.101417
-0.731307
-0.645678
-0.111446
0.212189
1.1858
0.0905773
0.489677
-0.342499
0.914532
0.135757
-0.0503846
0.103651
-0.227345
0.510163
-0.021868
-0.22396
-0.46731
-0.27467
0.0639599
-0.40141
-0.267954
0.316439
0.671123
-0.220353
-0.437965
0.0585062
0.0937778
0.506768
-0.533118
-0.222804
-0.454419
-0.00633371
0.200172
-1.60897
0.037783
-1.13301
-0.316182
0.202825
-0.158933
0.09817
-0.699907
-0.732457
0.0955818
-0.485655
0.12753
-0.164271
0.845187
0.0129187
-0.381591
-0.403628
0.393216
-0.580202
-0.135925
1.43218
0.140756
-0.657918
-0.449031
0.822342
0.266275
-0.344588
-0.483847
0.82419
-0.143752
-0.520331
-0.0608554
0.97121
-1.02306
-0.315199
-0.42759
-0.681125
-0.116547
0.331859
-0.21385
-0.355373
1.02908
0.522305
-0.902515
-0.0132087
0.146964
0.039184
-0.320949
-0.480684
-0.331714
0.0979784
-0.128193
0.284284
0.122117
-0.0276376
0.144982
-0.370821
-0.365506
-0.554657
0.210804
-0.110677
0.192783
-0.662275
-0.486063
-1.254
0.366484
0.429285
-0.0865618
0.189172
0.10175
0.630067
-0.279139
0.236529
0.442379
0.728698
0.0124176
0.0831922
-0.801894
0.722609
-0.0223376
-1.31953
-0.288702
-0.432767
-0.0992485
-0.159813
-0.5031
-0.805992
-1.01691
-0.532298
-0.49294
-0.134828
0.00718648
0.555044
-0.8704
0.808448
-0.955066
0.258965
-0.969806
-0.577341
-0.384921
0.613003
0.118058
0.0338535
-0.0946032
-0.802525
-0.189491
0.374327
0.244258
-0.344507
0.2046
0.202061
0.405251
-0.111108
-1.20662
-0.090925
0.94949
-0.00753017
0.992085
-0.311578
-0.74681
0.720035
0.518578
-0.141792
0.087283
-0.515558
-0.47293
1.56251
0.447439
-0.688372
-0.0981357
0.356455
-0.070658
0.176891
0.312135
0.324014
0.362441
0.492474
-0.192416
0.398904
-0.14602
1.04369
0.502034
0.472559
0.110544
0.464957
0.690511
0.163811
0.268338
-0.685373
-0.101512
-0.236024
-0.911323
0.124466
-0.17897
-0.125951
0.561498
-0.919518
-0.35288
0.051973
0.117043
-0.193304
-0.445725
1.0307
0.204295
0.16228
-0.447866
-0.644153
-0.228513
-0.365236
0.0738644
-0.811002
-0.115659
0.744815
0.885032
-0.462831
0.25949
0.40596
-0.0634747
0.4216
0.00568291
-0.0261175
0.372606
-0.598502
-0.199351
-1.74978
0.236444
0.0244534
0.761018
-0.236363
0.995671
-0.0566164
-0.408828
-0.511748
-0.838437
0.519815
-0.443055
0.268111
-0.245101
-0.463866
0.00176251
-0.0723625
0.655044
-0.331377
-0.162983
-0.183299
-0.0537271
0.0940556
-0.152261
0.538547
-0.0873826
0.331005
-0.103204
0.448259
-0.87155
-0.323028
0.0446608
-1.17574
1.1204
0.590495
-0.674543
0.0527835
-0.625917
-0.376818
0.0482172
0.288997
0.470095
0.644374
1.22796
1.40561
-0.110703
0.184259
0.338826
-0.142771
-0.291574
-0.0638797
-0.103738
0.282494
0.193779
0.15304
-0.0528484
-0.242311
0.57871
0.694965
0.417822
0.483388
0.213817
0.0459095
-0.127545
-0.255566
0.481625
0.180244
0.191663
0.526197
-1.0584
-0.714834
-0.176829
0.484353
0.664611
-0.956314
0.62381
0.306643
-0.758813
0.373687
-0.204536
-0.0305542
-0.808963
0.552503
0.458193
-0.191912
-0.252813
0.00417684
0.0915827
0.815301
-0.24244
-1.00578
0.311774
-0.56467
0.441151
0.437938
-0.0632026
-0.228028
-1.08002
-0.306711
-0.263755
-0.283901
-0.478205
-0.0289113
0.0520713
-0.0514031
0.96123
1.2737
-0.257001
0.250968
0.887381
-0.569546
-0.0932239
0.318055
-0.819338
-0.730776
0.0178537
-0.704698
0.25029
-0.461758
0.239648
0.346857
-0.0884917
-0.673087
0.0432852
-0.57327
-0.0798831
-0.837173
0.38433
0.0468683
0.588437
0.351738
-0.332106
0.382368
-0.235405
-0.21506
-0.203376
-0.471454
-0.141081
-0.141881
1.02806
-0.511758
0.395087
0.427231
0.307356
0.32003
-0.57465
-0.619702
-0.573758
-0.46294
0.293495
0.268755
0.113021
-0.62128
1.09325
0.267475
0.0830157
0.300565
0.571014
1.03879
-0.969605
0.667386
-0.318964
0.139254
0.362166
-0.339181
0.168506
-1.30265
-0.161117
0.31113
0.621762
-0.729377
-0.52493
-0.588316
0.22276
1.05391
-0.760117
0.734689
-0.41691
-0.430189
-0.14807
-0.927544
-0.11034
0.813046
-0.0990127
0.186165
-0.763156
-0.0247403
-0.213119
-0.639535
-0.500824
0.36395
0.446127
-0.413536
-0.8244
-0.831184
-0.266837
-0.220382
-0.593602
0.575745
1.3686
0.424506
-0.432632
0.429284
0.050667
0.26853
1.51107
-0.629005
-0.913386
0.0427919
0.387689
0.306713
-0.200539
0.11065
-0.552547
0.358051
0.348197
0.172891
0.0466385
0.275143
0.489457
-1.11522
0.592741
-0.412215
0.629607
-0.474142
0.232023
1.28967
0.205272
-0.140298
0.379571
0.0720584
0.333734
0.477907
0.243077
-0.465321
1.28586
0.897105
-0.531714
0.472399
0.30516
-0.722654
0.112219
0.118113
0.0379964
0.485443
0.877584
-0.168787
-0.473114
0.119747
-0.987011
-0.381178
-0.506915
-0.361335
0.423493
-0.126675
1.35546
0.389994
0.790333
-0.102479
0.514398
-0.546052
-0.503357
-0.348137
0.0448918
-0.00559356
1.40355
0.613696
0.267332
-0.227661
-0.757606
-0.534144
0.441351
-0.901401
0.67746
0.314285
0.713793
-0.554258
0.149326
0.144249
-0.733991
-0.115113
0.46264
0.224476
-0.162775
-0.145502
-0.388505
0.796461
0.268383
0.140357
-0.0924715
0.283275
-0.126973
0.413491
-0.921175
0.227472
0.101416
0.369087
-0.0270681
0.245941
-0.557432
0.176462
0.318897
0.123392
-0.647339
0.199562
0.00660271
-0.0174802
-1.20641
0.154477
0.293861
0.450785
0.537896
0.440781
-0.346982
-0.662776
0.719332
-0.645535
0.524412
-0.824897
0.708936
-0.741368
-0.733654
0.280723
0.0433086
-0.586113
-0.543107
-0.0182289
-0.652553
0.95053
-0.0656321
-0.0169787
0.634664
0.357393
-0.0297208
-0.366875
-0.688112
-0.619736
0.213362
0.294836
-0.254347
-0.149459
-0.270711
-0.118325
-0.284222
0.375459
-0.368762
0.507213
-1.08977
0.263517
0.552011
0.111529
-0.70143
-0.0710727
-0.738804
0.629353
1.32049
0.44915
-0.382873
-0.0430949
-0.17899
-0.524329
0.703833
-0.105837
-0.244985
0.205541
-0.287985
-0.104558
0.483234
0.226996
1.20046
-0.209825
1.50536
-0.468363
0.233206
0.961958
0.185898
0.34832
1.07895
-0.724439
-0.177111
0.310434
1.02656
0.502803
-0.399783
0.390504
-0.238153
-0.290512
0.71805
0.385238
-0.0847151
0.3428
1.14512
0.414111
0.33133
0.142597
-0.0930198
0.262046
0.985996
0.0450151
0.670773
0.23343
0.345726
0.632971
-0.743853
0.401218
0.354103
0.178866
0.526272
-0.86885
-0.624202
0.552075
0.0856371
0.135863
0.174886
0.068902
-0.0112654
0.417946
0.550029
-0.0550941
-0.348307
-0.544471
0.108502
-1.06174
-0.507398
-0.133068
-0.0252946
-0.0931564
-1.35587
-1.10929
-0.279485
0.813751
0.244633
-0.160722
0.475242
-0.82346
-0.257472
0.700319
-0.0693586
0.205619
-0.17037
0.104615
-0.325439
0.85648
0.729422
-0.500502
-0.353103
0.127328
-1.46543
0.257457
0.204041
1.13905
0.384794
-0.556379
0.417451
0.0162888
-0.775539
0.0388616
0.749815
-0.403923
-0.904016
-0.0457912
-0.102434
0.412929
0.273174
-0.41388
-0.227185
-0.554128
0.355522
-0.262691
1.30641
-0.221716
-0.377279
-0.419182
0.277579
-0.673024
-0.241225
-0.179462
1.56919
0.563324
0.297882
-0.772679
-0.0258904
-0.0140049
0.85403
-0.331701
0.66576
-0.478366
-0.882973
-0.457891
-0.181421
0.717402
-0.567051
-0.152821
-0.722177
-0.484304
0.233998
-0.394845
0.224416
1.23949
-0.269236
-0.0821469
-0.102921
-0.326087
0.726165
-0.0946014
-0.253089
-0.276135
0.149631
1.01279
0.209023
0.196723
0.492536
-0.0390824
0.169315
-0.107765
0.406546
0.736284
-0.646961
-0.696932
-0.145507
-0.345607
-1.41044
-0.195139
0.0476494
-0.690515
0.652588
-0.217999
-0.155522
0.0879519
-0.359534
0.257663
-0.241196
1.08826
-0.19695
-0.387399
0.579331
-1.26317
-0.586359
0.428544
-0.909883
0.0322394
0.932075
-0.713931
0.155294
-0.13289
-0.446194
0.357703
0.0342078
0.0908912
0.48338
-0.656563
-0.342822
0.720392
0.834015
-0.0401576
-0.228217
0.912677
0.277328
-0.704126
1.19686
-0.755994
0.367558
-0.531292
1.08941
0.329764
0.819689
0.269917
0.04936
-0.328149
-0.656748
-0.322244
0.334308
0.43317
0.912395
0.516238
0.338305
-1.1423
-0.45643
-0.0321348
0.615065
-0.891057
-0.181836
0.719569
0.412088
-0.236437
0.0286422
0.726324
0.478971
-1.1967
0.822956
-0.115951
-0.513473
-0.0238549
0.642056
-0.0718267
0.253728
0.112708
0.725802
0.244768
-0.0488434
0.0986829
-0.672967
-0.68902
0.243522
-0.0928333
0.597351
0.0734056
0.392375
-0.262116
1.3725
0.161892
0.367681
-0.433556
0.0302052
-0.917915
0.470511
0.0666397
0.170364
1.02936
0.195144
0.123999
-0.459384
0.264137
0.165053
-0.0915329
-0.113191
-0.899615
-0.091263
-0.0523676
-0.419781
-0.519041
-0.793333
0.3028
-0.0419899
0.048488
0.250541
0.181476
-0.919957
-0.510769
0.0901762
0.583582
-0.629362
0.163911
-0.901813
-0.496267
1.23645
-1.00574
0.468106
0.903722
-0.674494
-0.281618
0.143697
0.27728
-0.825704
0.329297
0.365116
0.637274
-0.472198
-0.344884
-0.0394357
0.782611
-0.231157
0.494505
-0.0628658
0.574239
0.792657
-0.562883
0.675692
-0.29754
0.606974
0.0228923
0.343554
0.0790047
-0.963215
0.601005
0.881522
-1.04877
-0.38536
0.263322
-0.72356
-0.89444
-0.387366
0.344288
0.231499
0.658164
0.203523
-0.5632
0.333975
0.514288
0.659603
-0.116325
-0.23199
0.757462
0.639585
0.020492
0.00975014
-0.31377
-0.0852604
0.0256134
0.439064
-0.481734
-0.345666
0.775347
-0.865011
0.0291663
-0.190583
-0.253426
0.663296
-0.370101
1.01473
0.441302
-0.265785
-0.212089
-0.300929
0.372497
-0.0570322
0.00600021
0.780803
0.659667
0.0215854
-0.351967
0.246255
-0.0132096
-0.849415
-0.0793318
0.507483
0.710789
-0.723366
-0.195576
0.11677
0.273255
0.261309
-0.597001
-0.271308
0.188228
-0.158504
0.359871
-1.00053
-0.520964
0.294037
-0.531596
-0.108096
-0.697064
0.454589
-0.041003
0.310023
0.598746
0.211013
0.431194
0.373567
-0.13022
-0.803498
0.525803
0.258039
0.578053
-0.250113
0.355541
0.267176
-0.578858
0.306657
-0.228252
0.549858
0.823331
-0.471641
0.620032
0.54822
-0.563279
0.186245
0.111756
-0.329005
-0.224292
0.131424
-0.906984
-0.602884
-1.32356
0.0514127
-0.661614
0.420288
-0.245494
-0.741921
-1.1696
0.198081
-0.155689
-0.110535
-0.209784
-0.601144
0.33338
-0.130405
-0.0961324
0.698998
0.411016
0.268384
0.766052
0.160693
-0.987117
0.178999
-0.328301
0.224018
-0.15979
0.154418
0.145354
0.863303
0.231593
-0.177398
-0.824574
0.297722
-0.343716
-0.920987
-0.991517
0.174127
0.269084
-0.278476
0.759037
-0.366808
0.0658833
0.410084
-0.735839
-0.0134507
0.116375
-0.410254
1.2031
-0.0673404
0.822441
0.00238582
-0.372133
0.387322
-0.102292
-0.589523
0.221142
0.0388416
0.172589
-0.178269
-0.311812
-0.194739
0.220154
0.462336
-0.179915
0.742694
0.353335
0.128163
-0.308805
0.379414
-0.0708821
0.149073
0.260692
-0.809639
0.077791
-0.106476
-0.036808
0.281453
0.634102
-0.384149
-0.426492
-0.837975
0.666028
0.881232
-0.268509
0.970728
0.719613
-0.641544
-1.05405
0.174971
0.332755
-0.173155
-0.484544
0.647265
0.406884
0.294393
-0.48663
-0.612681
0.485314
-0.581219
0.459107
0.667067
1.20435
0.255802
0.0573007
0.0709012
-0.0225522
1.14824
0.185025
0.377056
-0.10442
-0.0244036
-0.206891
0.508607
-0.615997
-0.265585
0.0504145
0.515841
0.439727
0.711281
0.360663
-0.234985
-0.279801
-0.769971
-0.123309
-0.451289
0.280947
-0.233418
-0.34628
-0.959678
1.21777
0.253291
0.0107995
-0.115237
-0.443711
0.00668984
-0.676126
-0.489167
-0.943739
-0.515849
0.416035
0.775475
0.124996
-0.182115
0.362646
0.168102
0.540666
-0.562619
-0.497552
-0.872026
0.662483
-0.194129
0.633819
0.22634
0.825884
-0.554093
-0.271966
-0.169153
1.1422
0.260019
0.244858
0.199113
-0.394613
-0.60399
0.310681
0.861356
-0.0958952
-0.644693
-0.459052
-0.316586
-0.868156
-0.323378
-0.322937
-0.502238
-0.126122
-0.00117892
0.469843
0.835128
0.500615
0.393556
-0.140884
0.335739
0.140988
-1.19956
0.35184
1.02664
-0.156828
-0.190187
0.326395
-0.984518
-0.0648819
-0.357475
-0.846817
0.65589
-0.311377
-0.95468
0.385207
0.450231
0.613892
0.091067
-1.06394
-1.89229
-0.266455
-0.0472643
-0.338956
0.2396
-1.01484
0.108467
-0.0496432
-0.04225
0.139819
0.49271
0.337183
-0.559468
-0.963747
0.606028
0.655887
0.522194
-0.538209
0.161731
0.0754025
0.597352
0.700716
-0.400484
0.360567
-0.0334978
0.597761
0.817545
-0.782311
-0.0649176
-0.0121075
0.187924
0.296265
0.512689
0.707449
-0.270058
0.280134
0.42987
-0.197005
0.879453
0.676413
-0.414902
0.487289
0.117292
-0.49429
0.526844
0.323024
-0.410968
-1.09649
-0.910329
0.296753
0.910356
-0.867903
-0.286763
-0.436812
0.0079378
0.0439544
0.267616
0.921612
-0.466
-0.0201942
-0.365334
0.351113
-0.441322
0.390754
-0.824519
0.0721413
0.490894
0.389151
-0.138903
0.48442
0.180638
-0.224693
0.0884086
-0.178315
0.332503
1.21213
-0.177948
-0.736239
0.0199375
0.158478
-0.1318
0.392778
0.51835
0.277415
-0.337546
0.436448
0.0704992
-0.275661
-0.482197
0.210341
-0.403272
0.37062
-1.01181
0.650949
-0.546832
0.00814805
-0.393665
0.322298
0.0412809
-0.130481
0.210391
0.244843
-0.74415
0.255169
0.223085
-0.262377
-0.0631204
0.551109
0.164839
0.504206
-0.15371
-0.296512
-0.00574131
0.278941
0.486687
0.347074
0.800199
0.151915
-0.524166
-0.598108
0.143668
-0.468309
-0.692452
-0.00037241
0.516051
-0.693737
-0.172371
0.0526914
0.852385
0.40696
0.364682
-0.215914
-0.184255
-0.249465
-0.00646379
0.653011
0.592581
0.269998
0.144602
-0.186097
-0.268568
-0.467289
-0.78816
0.123068
0.619788
0.734174
-0.742109
0.174475
0.682393
0.537574
-0.857582
0.468297
-0.960587
0.294053
0.0187103
0.422657
0.159314
0.684338
-0.280321
0.135229
-0.27542
0.224092
-0.720999
-0.0527184
0.255655
-0.203779
-0.32311
0.203224
0.553415
0.176042
-0.243334
-0.0929401
1.28464
0.0909547
0.348975
0.370128
0.474881
0.384705
0.199227
-0.0918985
-0.195815
0.23072
0.273414
0.573953
0.457792
0.0980623
0.685557
-0.355205
-0.15915
1.40633
0.0275832
-0.857673
-0.605375
0.295668
-0.0805678
1.01064
-0.0794983
-0.485287
0.476691
-0.238468
-0.841544
0.0307812
0.487024
0.262096
-0.0647916
0.740236
0.566075
0.111843
-0.911034
0.4774
-0.554654
-0.0348906
0.282478
0.151514
0.470301
-0.27125
0.420513
0.122656
0.0338495
0.654064
0.541747
-0.171546
-0.0257188
0.577902
0.082577
0.562807
0.1919
-1.04509
-0.570795
-0.385196
0.258946
0.159425
0.0872061
-0.387906
-0.183088
0.23514
-0.00478683
-0.803637
-0.475033
0.0881758
1.29951
0.0420693
-0.0982315
-0.527526
-0.797397
1.03492
-0.842179
1.01624
1.04088
0.244276
-0.610172
0.0535273
-0.323315
-0.730884
0.996669
-0.97581
0.69815
1.14234
0.568872
-0.448887
0.115944
0.187144
-0.525348
-0.715221
0.186236
1.06106
-0.650065
0.186272
-0.83041
0.209151
0.0106096
-0.167789
-0.976494
-0.0457189
-0.431373
0.4421
0.354112
0.0744604
-0.0608201
1.04889
-0.111437
0.540417
0.616017
0.217697
-0.0182511
-1.099
0.138772
-0.65998
0.0962179
-0.0507899
0.40405
-0.265292
1.25285
-1.17019
-0.396281
-0.330001
0.399185
-0.883301
-0.946756
-0.225625
-0.251336
1.23317
0.509317
0.525147
-0.0318367
-0.590708
-0.697771
0.197103
-0.376992
-0.438771
-0.293205
0.497595
-0.0460785
-0.14918
-0.551946
0.679986
0.507349
-0.00135469
-0.498885
-0.149594
0.0472043
0.282053
-0.229012
1.29995
-0.769109
-0.922404
-0.432681
-0.299282
-0.0516416
0.1071
-0.638736
0.0361268
0.533096
-0.882111
0.319175
0.677894
0.710483
-0.643331
0.488934
0.483261
0.255399
0.0197937
-0.0625982
0.90316
0.370154
-0.131061
-0.285205
0.25147
-0.28883
0.113171
0.192874
0.118319
-0.177098
-0.904891
0.0221595
0.860574
-0.146262
0.51399
0.773113
-0.0693239
0.942338
-0.379869
-0.297344
-0.0609234
0.872613
-0.372372
1.30256
-0.191285
-0.293241
-0.560165
-0.0798919
-0.206785
0.588066
-0.418301
-0.0925819
0.486775
0.0211463
-0.450851
0.392879
-0.611255
0.0105337
0.181116
-0.276884
0.361986
0.456034
-0.251951
0.474831
-0.239424
-0.677009
-0.487611
0.529515
-0.617934
-0.358457
0.0651265
-0.097691
0.579397
-0.112675
-0.606499
-1.22438
-0.771869
-0.0143003
-0.0495207
0.131608
-0.15888
-0.0717337
0.233255
-0.434547
-0.875392
0.014205
1.25825
-0.624776
0.408884
1.13622
-0.256638
0.326506
0.0471883
-0.308004
0.213112
-0.878649
-0.454228
0.662445
-0.401351
0.996508
0.132398
0.621228
-0.290386
0.173461
-0.406092
0.919262
-0.467082
0.245399
-0.113428
-0.321852
-0.0226554
0.513422
-0.0827746
-1.20698
-0.543789
0.816519
0.793358
-0.114626
-0.611296
0.667255
0.220855
-0.328138
-1.10909
-0.614109
-0.617256
-1.19134
0.0307297
-0.476272
0.417576
0.284216
0.131137
0.13685
0.0337691
0.0539851
0.273484
0.629574
-0.267046
-0.600142
0.0779363
0.0419661
-0.521495
-0.46077
0.432946
0.0854393
0.158143
0.411816
-0.345942
0.0139836
0.729955
0.188169
-0.271075
-0.13415
0.0137063
-0.00696582
0.380756
0.0833583
-0.349726
-0.490094
-0.62364
-0.241442
1.15321
-0.216905
-0.461014
-0.252616
-0.000156401
-0.273695
0.971397
-0.949702
0.0112821
-0.0825068
-0.0838701
-0.499782
-0.705525
-0.589968
0.179057
-0.0332152
-0.587246
0.56716
0.375799
0.00503131
0.714244
0.0114078
0.146717
0.635961
0.257745
0.50812
-0.159458
0.302798
0.142997
-0.287781
0.17199
-0.0153718
-0.0129078
-0.354811
-0.852986
0.205006
0.19114
0.311221
0.0310679
-0.270086
0.162233
0.158941
0.576846
0.36027
-0.238136
-0.068457
-0.159383
0.592461
-0.736872
-0.769961
-0.0387687
-0.0368685
-0.81935
-0.430247
0.0249815
0.077115
-0.401475
-0.1416
-0.734796
-0.480123
-0.296747
-0.615171
-0.256816
-0.487573
0.649084
-0.366017
-0.600773
-0.0503347
0.376011
0.661537
0.217119
-0.513192
-0.156042
1.16622
0.569776
0.588358
1.11631
-0.346649
-0.549428
0.790906
-0.397457
-0.263904
0.161078
1.15921
0.207325
0.397337
-0.857246
0.645626
0.423533
0.544497
-0.301748
-0.626821
0.179745
0.0238943
-0.610119
-0.554041
0.470207
-0.615839
1.0209
-1.01279
0.13953
-0.0153784
-0.131878
0.114855
-0.253646
0.433584
-0.28379
-0.286712
-0.380535
0.213672
0.0693538
1.55425
0.825437
0.007474
-1.27611
0.70039
-0.523315
0.243248
0.581768
-0.939338
0.472909
0.486641
0.581612
-0.200811
-0.387408
-0.202307
0.0379768
-0.91419
0.699317
0.168965
1.08213
-0.713572
-0.58338
0.113536
0.451906
0.741635
-0.481695
-0.185413
0.459689
-0.249064
-0.320466
0.429475
-0.0328108
-0.0458091
0.623028
0.609924
-0.450447
0.747491
-0.136874
0.860217
-0.168102
0.704717
-0.590983
1.17486
-0.0302288
-0.759348
0.118773
-0.787277
-0.0542548
0.0143125
0.28015
0.592897
0.303185
0.303076
-0.165913
0.583607
0.343183
0.341567
-0.763417
-0.451775
-0.77567
-0.131984
0.14392
-0.892412
-0.182436
-0.0896316
0.52465
-0.307534
0.441725
-0.482935
-0.488873
0.412232
0.809974
0.219392
0.311072
-0.249375
-0.0698636
-0.0840725
-0.0427837
0.225132
-0.19659
0.570711
-0.521557
-0.07406
-0.0666228
0.284075
-0.451952
0.244419
-0.142973
-1.09343
-0.60506
-0.704497
-0.967076
0.782379
-0.47957
-0.751367
0.152568
-0.246192
0.129838
-0.0757304
0.92212
-0.302446
0.0726692
0.797499
-0.760085
-0.142878
0.721912
-1.07677
0.00701139
-0.039475
0.111994
0.472215
1.00174
-0.852521
0.27302
0.669878
0.915027
0.527212
0.317903
-0.0691411
-0.664134
-0.0517843
-0.571445
-0.742666
-0.0584191
-0.617395
-0.46292
-0.307338
-0.24794
0.277426
0.100067
0.529901
-0.717367
0.109899
-0.707967
0.338745
-0.83583
-0.413919
-0.169806
-0.706247
-0.430591
0.0166251
0.0595031
0.227479
-0.00476861
0.279021
-0.394408
0.647048
-0.353345
0.508628
0.199131
-0.713852
-0.135177
-0.146037
-0.467369
0.422867
-0.691597
0.472973
-0.239425
-0.14574
-0.172586
0.491387
0.616792
0.218584
0.61688
0.903432
1.19059
-0.0250512
-0.029028
-0.48423
0.29683
-0.067532
-0.230266
1.58743
0.70476
0.964283
0.562748
-0.282489
0.240787
1.01305
0.373657
0.788107
0.334763
1.12358
-0.552821
0.332586
0.165195
0.569535
-0.44224
0.35531
0.073064
0.00680468
0.737302
0.426412
-0.742857
0.0668804
0.251232
0.545638
0.876053
0.705692
0.231056
0.205501
0.427627
0.352661
0.0428196
0.929494
0.820865
-0.0240583
0.0335211
0.140463
-0.175981
-0.456381
-0.260193
1.16192
0.427328
-0.500573
0.583755
-0.0670929
0.375161
0.757649
0.732118
0.707489
0.148008
0.305086
0.379827
0.902928
0.334195
0.675295
-0.576397
-1.20152
-0.139164
-0.0993732
0.547386
0.0393734
0.314077
-0.575401
-1.0441
-0.553669
-0.128581
-0.022623
0.140768
-0.293175
-0.0513435
0.23525
-0.238616
0.684105
0.728824
-0.332492
0.204691
0.182647
0.959494
-0.17354
0.144754
-0.614211
-0.205384
0.441877
0.55515
0.0502271
0.0317241
0.0267858
-0.382035
-0.183814
1.22223
-1.38531
0.615321
-0.221631
0.839051
0.428963
0.0963232
1.14665
0.321763
-1.44361
0.170525
0.481965
-0.184409
0.397955
-0.543436
0.317649
0.744828
-0.0506854
0.394712
-0.0157591
-0.358863
0.287525
-0.592892
-0.155393
-0.00822187
0.267994
0.00903618
0.27987
0.197185
0.642966
0.803404
0.362896
0.934144
0.0907037
0.41874
-0.178417
0.250351
-0.138281
-0.198214
0.656144
-0.025452
-0.643225
-0.0668715
-0.401083
0.289707
0.127436
0.704116
0.0682855
0.752988
0.201883
0.765235
0.118956
-0.0207814
0.146997
-0.419476
-0.220649
0.350365
-0.0965571
0.364777
-0.786377
0.0526419
-0.100567
-0.462575
-0.277177
0.429344
-0.614633
0.255274
0.243874
0.192066
-0.228991
0.344883
-0.331538
-0.0130332
-0.115651
0.420404
0.345854
0.26151
0.18777
-0.154647
-0.00392218
1.30102
-0.618317
-0.16498
0.689827
0.177769
-0.218789
0.28053
-0.0493162
-1.16106
0.0859489
-0.276422
0.31131
-0.441534
0.106137
-0.107951
0.0812578
-0.946516
0.272236
1.3784
-0.443819
0.404196
-0.479125
0.0266165
0.692028
-0.278071
-0.822518
0.123797
0.24988
-0.465369
-0.298626
0.068974
0.141503
0.0468118
-0.445022
0.921503
-0.641351
-0.0815416
-0.428316
0.587941
-0.534915
-0.0561829
0.174945
-0.201296
-0.639602
-0.586693
-0.438481
-0.173533
-0.27451
-0.0458369
0.411745
0.597589
-0.240154
0.134606
-0.141347
0.597964
0.705688
-0.299132
-0.641252
-0.0690948
-0.304354
0.311954
-0.157886
-0.111537
0.690598
-0.294155
0.299062
-0.118226
0.168534
-0.338182
0.615484
0.188408
-0.173966
0.641303
0.0600636
-0.0932997
-0.0888923
-0.216115
0.266903
0.262695
0.726583
0.993217
-0.222687
0.350291
0.19862
1.04152
0.0688634
-0.204875
-0.801264
-0.297836
0.895115
-0.102626
-0.136871
0.91302
-0.11244
-0.190173
-0.189149
0.0108606
0.151644
-0.100111
0.481472
0.182212
0.0838678
-0.612987
-0.480445
0.380494
0.371232
0.456656
-0.00749209
0.378292
1.39432
-1.21653
-0.302854
-0.551461
-0.411782
0.688966
-0.736017
1.40304
0.897234
0.436909
0.121696
0.217523
-0.663557
0.215732
-0.647833
1.07968
0.0595746
0.895791
-0.788826
0.155889
-0.053073
0.0503055
0.475323
-0.108387
0.40459
0.11416
-0.446872
-0.888534
-0.552623
0.722464
-0.435134
0.0357975
0.963749
0.316773
0.237876
-0.214821
0.556804
0.711965
-0.0413883
0.744485
0.641521
0.415747
-0.135204
-0.83921
-0.319954
-0.184383
0.942237
-0.225109
0.185412
-0.237769
-0.140807
0.201477
-0.0674515
0.568659
0.135863
-0.089004
0.682012
-0.312009
0.128743
-1.12126
-0.459124
0.500043
-0.302703
0.0912763
-0.146201
1.01677
-0.666694
-0.409267
-1.16973
0.254892
0.225438
-0.0397381
-0.122696
-0.656748
-0.159953
-0.229301
-0.658737
0.0874962
-0.278901
-0.531745
0.150874
0.103358
-0.224455
0.186657
0.70151
1.0017
0.455456
0.445124
0.429273
-0.562686
-0.424576
0.164451
0.24763
-0.107414
-0.602166
-0.107593
-0.563341
0.500702
0.703583
0.287781
1.17785
-0.325631
0.794683
0.771233
0.989546
0.421209
0.599811
0.0361214
-0.617885
0.511563
-0.381618
0.232581
-0.233771
0.783123
-0.543601
0.315005
0.0326497
-0.335446
-0.130525
0.0069579
-0.136802
0.217254
0.767148
0.380417
-0.00471975
-0.828873
-0.00701452
0.189237
-0.248979
-0.053029
1.16857
-0.308865
1.13058
-1.37999
0.113163
-0.00636482
-0.23135
0.701284
0.170691
0.716456
-0.293858
-0.10308
-0.466225
-0.38124
-0.873967
0.080828
0.386129
0.404209
-0.808292
0.959792
-0.442802
0.147749
0.598051
0.69499
-0.973206
0.0190472
0.240998
0.401913
-0.957049
0.109262
-0.150664
0.436098
-0.151043
-0.683109
-0.0165134
-0.361663
0.448506
0.404351
0.719468
0.309561
-0.0785721
-0.0664761
-0.459837
0.608259
-0.314602
0.841494
1.45673
-0.0419021
0.171121
-0.277765
-0.381111
-0.214468
0.493289
0.287311
0.708951
0.0385114
0.94758
0.294817
-0.683192
-0.391637
0.440552
1.39191
0.431187
-0.869512
-0.979401
0.764475
-0.380193
0.678694
-0.295831
0.582528
-0.721674
-0.17971
-0.354833
-0.733472
0.26607
-0.357821
-0.346401
-0.104718
-0.315311
-0.109233
-0.723565
-0.542446
-0.453927
-0.536509
-1.0987
0.0431778
0.251851
-0.361926
-0.9877
-0.800754
-0.602902
0.23791
-0.0792341
0.651712
0.493192
0.18022
0.36498
0.3525
0.392159
0.53997
-0.0879487
0.630053
0.462011
-0.0387843
-0.176932
0.285652
0.443452
0.492895
-0.153957
-0.776536
0.92888
0.968011
-0.355857
-0.715226
0.0703865
-0.253163
0.386294
0.0352772
-0.762302
0.334754
-0.0803222
0.0165729
0.219453
0.214551
-0.0150097
0.297259
-0.487384
-0.0639173
-0.633112
-0.361954
0.799069
-0.477512
-1.26048
0.572662
1.5059
0.389282
-0.465259
0.432725
-0.680744
-0.256657
0.798421
0.812703
-0.530313
-0.00906247
0.136032
0.411762
-0.142531
0.412393
-0.178508
-1.26649
1.32129
0.740488
1.25464
0.803051
-0.572836
-0.122003
0.0939869
-0.603392
0.239366
0.149934
-0.325662
0.721026
1.14264
-0.48911
0.460922
0.0804955
-0.641942
-0.357757
-0.68429
0.315441
-0.743499
0.446419
0.42638
-0.366164
-0.144811
0.298784
-0.0374384
0.108452
-0.461517
0.164484
-0.0994298
-0.859037
-0.413971
-0.49524
0.0468524
0.219461
0.527671
-0.292194
0.836063
0.924928
0.155679
-0.353773
-0.111924
-0.617949
0.434494
-0.0602057
0.540659
-0.0994046
-0.136827
-0.624043
-0.00983656
0.00465204
0.0249605
-0.438498
0.749694
0.888486
0.1136
0.51606
0.139675
0.342401
-0.466555
-0.615147
0.318094
-0.7858
-0.593556
-0.549649
0.777439
0.194164
0.0544426
-0.83236
-0.606039
-0.175376
0.219241
0.590633
-0.535505
1.04123
-0.228381
-1.0603
0.530456
0.150496
0.612586
0.384313
0.8022
0.920668
-0.382482
-0.0234061
-0.201656
-0.0949287
0.237962
-0.216109
0.126246
-0.214015
-0.285684
-0.151347
-0.197168
0.238381
-0.210479
-0.505121
0.594527
0.845502
0.188145
0.885859
-0.58479
-0.208368
0.00944263
-0.19013
0.151352
0.0661443
-0.133205
-0.635565
0.328318
0.57895
0.868756
0.162416
0.453468
-0.108313
1.17324
-0.240412
-0.401762
0.268131
0.167512
-0.790256
0.767056
0.188813
0.154569
-1.09658
-0.0641842
-0.956821
0.15791
0.55741
-0.392077
-0.283938
0.478349
-0.288791
-0.0825658
-0.303777
-0.527094
-0.71801
-0.171162
0.514611
0.690055
-0.521701
-0.266586
1.02783
0.233677
-0.0929814
-0.481473
0.0749947
0.530342
-0.77884
-0.181057
-0.186954
0.846576
-0.947021
-0.546139
0.415419
0.363877
-0.690389
0.64654
-0.345606
-0.0555663
0.387921
-0.667169
-0.545617
0.901845
0.814663
-0.413372
-0.745828
-0.354006
-0.220212
1.12764
-0.142481
1.16911
-0.317567
0.220551
-0.0795755
-0.501817
0.632271
0.814055
1.00999
0.456713
-0.697102
-0.224781
0.34003
-0.783524
-0.31859
0.39658
-0.33302
0.292508
0.596705
1.43062
0.361693
-0.902166
1.15741
0.476001
1.10691
0.338835
0.0315313
-0.115611
-0.296208
0.0984865
-0.10982
0.611488
0.562449
0.259864
-0.471906
0.197896
-0.527193
-0.666621
0.411259
-0.440454
-0.0116797
-0.555126
0.19711
-0.113497
0.469731
-0.424322
-0.222954
0.0978505
-0.409461
0.0949205
-0.198227
-0.819538
0.639922
0.443377
-0.437148
0.10952
0.242419
0.0713497
-0.671315
-0.0399091
0.107841
0.152552
0.681555
0.771618
-1.16882
0.186754
-0.0113554
0.826685
0.786821
-0.268937
-0.77552
0.259398
0.234656
-0.191335
0.251598
-0.266502
0.727623
0.0895874
-0.739254
0.0781669
0.683101
0.00263712
1.34538
-0.126881
-0.0949681
0.00859801
0.551536
0.148088
0.545644
-0.481576
-0.301474
0.157119
-0.258317
0.699284
0.552363
0.00753284
0.461765
0.936493
0.907542
-0.115922
0.564177
-0.100114
-0.540478
-0.908327
-0.301102
-0.791308
-0.267619
-0.114503
-0.0729504
-0.910279
0.174634
0.621468
-1.55731
-0.0824299
0.747187
-0.43744
0.797324
-0.905318
0.465627
-0.587969
0.17555
1.19354
-0.222747
-0.160018
0.0054348
0.790782
-0.438696
-0.917763
0.190796
-0.720777
0.139953
0.321442
-0.127393
-1.21997
0.831623
0.308543
0.227096
0.566309
0.285381
-0.672189
-0.315562
-0.250328
0.342181
0.295962
-0.310967
0.314274
-0.350221
-0.664209
0.0905624
-0.771604
0.0820848
-0.0204112
0.0764268
-0.806964
0.469104
-0.500237
-0.681026
0.513213
-0.0382756
-1.06589
0.309361
-0.309572
1.28161
-1.52762
-0.667784
0.135395
0.486579
1.07447
0.112504
0.488386
0.660956
3.14459e-05
0.423865
-0.0257046
0.330464
-0.413336
-0.314994
-0.634156
-0.325466
-0.605607
0.156688
0.502964
0.311491
-0.0652169
0.169818
0.0762706
-0.833243
-0.868916
-0.74435
0.919144
-0.248027
0.237361
-0.0291595
-0.0850971
-0.398101
0.868337
-0.114715
0.0743583
0.28246
0.106411
-0.314336
0.0352354
-0.071004
0.702685
-0.663653
0.0341962
-0.289129
-0.215285
0.112917
-0.0284861
0.213222
-0.282235
-0.569607
0.259548
-0.324679
0.107109
0.820369
0.97776
-0.0744002
0.21498
-0.033261
-1.14268
0.131217
-0.248134
-0.0323592
1.15287
0.376582
-0.19633
0.0805374
-0.633758
-0.247722
0.751994
0.332728
0.588651
0.271333
1.22373
-0.0378522
0.448771
0.640212
1.31437
-0.0252205
-0.159765
0.402083
0.0463696
-0.595962
-0.0752546
0.466575
0.539629
-0.411559
0.500376
-0.424557
0.307182
-0.985088
1.14799
0.173713
-0.0676958
-0.446775
0.649227
0.0994945
-0.649799
0.332006
-0.370124
-0.912133
-0.31808
-0.0946909
-0.426107
0.153337
-0.066123
0.175934
0.111435
0.0480809
-0.0735933
0.375248
-0.174654
0.402581
-0.188216
0.463673
0.125987
0.689595
0.412679
0.447859
0.636217
-0.9185
-0.351448
0.322699
0.112841
0.0669979
0.165457
-0.244234
-1.5287
0.372966
0.510429
0.27582
-1.23305
-0.00238218
-0.0535917
-0.571235
0.115073
-0.110575
-0.168892
-0.44002
0.727901
0.3988
-0.339103
0.476495
-0.24953
0.0458445
-0.320391
-0.163292
-0.190097
0.75398
0.406168
0.455007
1.09041
-0.239101
-0.0162747
0.279532
0.60067
-0.127949
0.246125
0.513552
0.359479
-0.410304
-0.100953
0.937498
-0.0333307
0.402292
-0.185965
0.50076
0.0138039
0.225557
-1.04417
0.642442
-0.314548
0.322448
1.42554
0.820483
-0.454755
0.052617
-0.0435567
-0.158276
0.489465
0.284629
-0.481243
-0.276501
-1.05022
0.536361
-0.479354
0.657251
-0.109362
-0.221903
1.19812
0.345633
-0.361832
-0.11817
0.136741
-1.01115
-0.816073
0.0989289
0.0194627
-0.0142716
0.194472
-0.174674
-0.626757
-0.450811
0.173611
-0.328861
-0.583997
0.515433
0.314596
-0.0784825
-0.259178
0.0966919
-0.174307
0.445481
-0.843343
0.541698
1.09088
-0.313457
0.58939
0.191892
1.54274
0.760581
-0.432178
-0.675594
-0.498586
-0.720751
-1.05232
0.227606
-0.373662
-0.440782
0.281744
0.306342
0.112532
-0.512463
-0.47174
-0.876408
0.168786
-0.101719
-0.358195
0.0873694
0.338329
-0.655624
0.259465
-0.290271
-0.52362
-0.763225
-0.120078
0.0913786
0.558356
-0.457723
0.0107568
0.573629
-1.36626
-0.0650242
-0.249552
0.457842
0.0730366
-1.27385
-0.486199
0.835523
-0.698719
0.472011
0.377587
0.601934
0.903069
-0.365961
-0.502741
0.45618
0.102703
0.0597876
-0.449921
-0.682281
-0.097627
-0.728311
0.310978
0.241797
0.334762
0.173676
-0.529637
-0.854701
0.0733905
0.265679
0.179878
-0.447937
0.22424
0.212126
0.320784
-0.296886
-1.64203
-0.672867
-0.467658
0.283049
0.460866
-0.431995
-0.347459
-0.393219
-0.705244
-0.340748
-0.224643
0.859562
-0.506533
-1.16317
-0.501018
-0.497848
0.434153
-0.460068
-0.325659
-0.372814
-0.208346
0.187143
-0.484186
-0.875956
-0.279315
0.725751
0.748731
0.190185
-0.848726
0.262106
-0.240317
-0.664488
1.01087
0.3548
0.817549
-1.14957
-0.0166183
-0.272494
-0.176915
0.8186
0.656665
-0.12465
0.103242
0.394106
-0.697391
0.0363859
-0.786636
-0.228138
-0.19354
0.495845
0.0869884
0.044333
-0.205394
-0.765254
0.0728735
-0.329532
-0.703306
-0.189846
-0.415953
0.493081
-0.13877
-0.176952
0.359015
0.280552
-0.230888
-0.675575
0.359931
-0.728055
0.00547505
-0.591453
-0.301569
-0.481827
-0.817516
0.939717
-0.946378
-0.486301
0.462884
0.994811
-0.115332
0.336153
-0.312343
0.131849
-0.603999
0.942289
0.417075
-0.589985
0.0963269
-0.439996
0.36093
0.673147
0.516031
0.359986
-0.380863
0.339124
-0.526057
-0.455369
0.446205
-0.384449
-0.0935151
-0.329461
0.86897
-0.299087
0.0427419
0.360775
-0.944585
0.978092
0.344755
0.249247
-0.133429
-0.431119
-0.228493
-0.599835
-0.917204
0.238052
-0.29542
-0.299641
0.0953076
-0.145161
0.753383
0.470649
-0.2198
0.157488
-0.11433
-0.913395
-0.332485
-0.00583185
-0.474796
0.0137631
0.794747
-0.0702969
-0.655974
0.253588
-0.819384
0.990466
0.0643525
-0.155253
0.963586
0.712662
-0.330846
-1.50496
0.304684
-0.816704
-0.0551183
-0.156964
-0.0329961
-0.224833
-0.0546686
0.410925
0.511876
0.689256
0.518622
-0.564397
-1.30788
-1.35236
1.34524
-0.816818
0.459955
-0.516024
-0.684754
-0.878678
0.538597
0.19294
0.00597117
0.130841
1.22174
-0.518655
-0.404219
0.103829
-0.172159
0.00443881
0.628127
0.143161
-0.324385
-0.0281753
-0.0439572
-0.582926
0.0146439
0.666397
0.0139717
1.47816
-0.742545
0.11393
-0.724389
-0.351583
0.399356
0.429691
-0.239949
-0.128027
-1.26356
0.426028
-0.720193
-0.849736
0.114204
-0.413582
0.37448
0.93084
0.301723
0.70625
-0.139558
0.396537
-0.151452
0.209254
0.242571
0.143121
0.0352988
-0.270229
-0.401801
-0.513832
-0.0983156
-0.247048
0.562524
-0.360552
-0.393084
1.47292
0.0499886
0.64387
-0.114504
1.04388
0.447107
-0.852517
-0.709527
-1.03117
-0.639373
0.0168869
-0.199039
-0.598778
-0.374706
-0.324798
-0.345807
-0.167481
-0.413117
-0.442707
-0.907724
-0.546983
-1.05151
-0.177358
-1.5463
0.356377
-0.790096
-0.951029
0.0770207
0.849641
1.14911
0.0495479
-0.505994
0.426909
-0.689646
-0.801168
-0.735044
0.539146
-0.290425
-0.401247
0.362351
-0.482516
-0.465362
-0.121011
-0.136455
0.0396829
0.340955
0.395691
-0.321176
0.245661
-0.349466
0.765093
0.118431
0.697941
0.22319
0.651346
-0.0973864
0.894392
0.968798
0.400183
-0.635259
-0.053451
-0.409346
-0.0533498
-0.204328
-0.416586
-0.664605
-0.739559
-0.777098
-0.226772
-0.156825
0.12601
-0.134396
0.664674
0.368806
0.232713
-0.586896
-0.218948
-0.205726
0.620353
-0.406681
-0.290092
0.504787
0.348263
-0.190467
0.323526
0.420381
-0.167755
-0.610775
-0.571056
0.577689
0.276024
1.10247
-0.240988
0.466157
1.04179
0.639688
0.27403
0.0830215
0.242487
-0.691382
-1.27502
0.290576
0.955221
0.136688
0.427643
-0.837823
0.378216
-0.817649
0.231191
0.921755
-0.164326
0.121537
0.109784
-0.72858
-0.957552
0.389699
0.147206
0.171604
0.0591587
0.0852538
0.282748
-1.0635
-0.104592
-0.600639
-0.958539
-0.131743
0.25921
0.102311
-0.311708
0.521853
-0.290236
-0.498515
0.293393
0.632342
0.335686
0.819032
0.00102763
-0.179603
0.708742
-0.0129233
-0.0462564
0.913321
-0.792054
-0.165887
-0.595337
-0.16399
0.421834
-0.224789
0.672958
-1.05991
-1.19413
0.824584
0.339559
-1.19948
0.0701348
0.0965292
-0.282464
0.0455397
0.142705
0.631694
-0.516667
-0.45345
-0.187024
0.00306746
-1.07982
0.384214
-0.630547
0.0863417
0.494209
-0.383376
0.415422
0.586914
-0.143918
-0.332858
0.115614
0.0437336
0.200299
0.524494
0.792599
1.12117
0.154486
-0.0226964
-0.207538
0.251934
-0.16699
0.116449
0.849588
0.603877
-0.561022
-0.201701
0.618277
0.189432
-0.968799
0.395624
1.18521
-0.313474
-0.274571
-0.343232
0.043459
-0.429524
-0.0678641
-0.748815
0.74
-0.687374
-0.0758832
-0.081069
0.0614677
0.128372
0.000993753
0.749328
-0.557956
0.349616
-0.177008
0.289183
-0.10231
-0.25178
-0.0458601
-0.359198
0.627538
0.790144
-0.121697
-0.620726
0.285653
0.914755
-0.252482
-0.057915
-1.17978
0.0204486
0.294062
0.761636
-0.699168
0.510941
-0.361448
-0.51278
0.418265
0.215772
-0.0850184
0.276657
0.114138
-0.115751
0.472776
1.13831
0.299955
-0.202627
0.548223
-0.170621
0.288385
-0.1525
-0.0164577
-0.189371
-0.654608
-0.696179
0.217535
0.45649
-0.407802
0.296866
0.147274
0.358102
-0.574418
0.575927
0.0500167
-0.526404
-0.299823
0.473284
0.208351
0.90288
-0.0374887
0.689379
0.11727
-0.275993
0.904047
-0.207397
0.509243
0.6507
0.285991
-0.144255
0.262338
-0.207992
0.331631
-1.22534
0.131217
0.234055
-0.200262
-0.239823
-0.387712
0.417127
-0.103052
0.104503
-0.499898
-0.209014
0.912958
-0.120967
-0.0920927
-0.564176
-0.444153
0.258971
0.535582
-0.554417
-0.219135
-0.188591
-0.542864
0.264019
-0.0814549
-0.22862
0.335484
0.180157
0.42729
0.418729
0.00223278
-0.271237
1.06603
0.236389
-0.353616
-0.0937894
-0.862699
-0.726567
0.118121
-0.13293
0.175514
-0.187209
-0.034648
0.55493
-0.0997178
0.474024
0.452108
-0.785761
0.964366
-0.797913
0.764646
-0.324693
-0.303437
0.541825
-0.327627
0.245854
0.487816
-0.53847
1.05718
-1.06558
0.418563
0.204906
1.08432
-0.00557228
-0.233914
0.22547
0.119944
0.720243
0.177473
-0.0239297
-0.523497
-1.09527
-0.0146056
0.48044
0.696224
0.255104
0.361232
-0.0352131
-0.407978
-0.132594
0.429537
-0.067311
0.916024
0.74593
1.02527
-0.31002
0.100854
-0.586282
0.747642
-0.634995
0.574534
-0.127541
-0.248135
0.525632
-0.172088
1.17417
0.670877
0.419135
0.640745
0.224347
-1.17082
0.381357
-0.570074
0.705499
-0.237185
-1.11577
-0.830707
0.569393
0.383539
-0.600933
0.816087
-0.415947
0.630107
-0.231002
0.0465426
-0.404993
-0.0988382
-0.15901
-0.98719
-1.22486
0.103809
1.40823
0.142445
0.0902197
-0.358651
-0.418343
-0.339067
0.227267
0.558521
-0.0443333
-0.55096
0.631729
-0.177656
0.47103
-0.431347
-0.0421787
1.20025
-0.599513
-0.184733
0.59941
-0.57054
-0.0426877
0.113134
0.158416
0.648797
0.93102
-0.0485554
-0.137063
0.21304
0.624433
-0.406539
0.0302413
-0.415001
-1.19482
-0.46831
0.675348
0.628584
-0.162738
0.13265
-0.206188
-0.162025
-0.942294
0.383139
-0.109701
0.618929
0.681488
-0.423637
-0.108823
-0.000274786
0.789192
0.876175
-0.08079
0.0276695
-0.481546
-0.33745
0.291151
0.0811497
0.505512
-0.453761
0.521063
0.234088
0.277403
1.1464
-0.513573
1.08917
-0.636787
0.435115
0.489217
-0.391646
0.304544
-0.579706
0.387922
0.864651
-0.300015
-1.49669
-0.34881
0.824725
0.288827
0.736912
-0.930683
-0.199104
0.902187
-0.70895
0.585656
-0.802204
-0.0336463
0.585058
0.386109
0.176647
0.381875
-0.617671
-0.422256
-0.0953345
0.342892
0.393622
-0.240134
-0.619759
-0.0419581
-0.160251
0.689056
-1.07254
-0.261877
-0.362628
-0.400141
-0.114056
-0.143826
-0.507362
0.627644
0.0147221
0.0947922
0.264276
-0.368345
0.298117
-0.27403
-0.248206
0.232246
-0.0171079
0.149206
0.291659
-0.0059753
-0.315414
0.501009
1.07942
-0.0752291
0.0837912
0.471622
0.200716
-0.354992
-1.47223
-0.087603
-0.534241
-1.50948
-0.110212
0.297966
-1.05596
1.02714
-0.209931
0.108713
-0.308139
0.133375
-0.921756
0.604613
0.517776
-0.8022
-0.191022
0.513364
-0.268863
-0.119553
0.2535
0.66444
0.534519
-1.66684
0.416341
0.539604
0.472111
-0.126226
-0.36765
0.514423
-0.49749
1.71992
0.374959
0.286397
0.049133
-0.442256
-0.274439
0.325398
0.703286
0.609292
-0.762655
0.950807
0.272032
-0.99851
-0.464454
-1.31805
-0.00596013
-0.149167
-0.190764
0.136388
-0.171097
0.565989
0.425995
0.169243
0.377758
0.837067
-0.964315
0.255171
0.0179389
-0.349913
-0.576648
-0.339871
-0.204393
0.0349947
0.17049
-0.159446
0.0564182
-0.237903
0.6547
-0.636612
-0.270628
0.0909868
-0.0840645
-0.0426485
0.611463
-0.0150905
-0.254992
0.444356
0.269031
-0.606917
0.59035
-0.113557
0.310995
0.558547
-0.633001
-0.615423
-0.599513
-0.0430274
-0.822202
0.521367
0.666398
-0.752
-1.2554
-0.501096
-0.559957
-0.463029
-0.569567
0.751902
0.120634
-0.388352
0.47084
-0.566299
0.0991118
-0.179767
0.284874
0.323314
-0.51521
0.870663
0.0385654
-1.02329
-0.41638
-0.503915
-0.0987692
0.566037
-0.425836
0.740191
-1.32449
0.205654
0.381515
1.10636
0.51078
0.482486
-0.170045
0.383277
-0.121419
0.777124
0.562522
0.523004
0.0534564
0.240661
0.656626
0.704475
0.110788
1.32077
-0.50693
-0.697091
0.572388
0.575948
0.959682
0.0048918
0.63966
0.814963
0.587596
-0.438615
-0.420599
-0.201614
1.29563
-0.254454
-0.753223
-0.015373
-0.700972
0.261039
0.975064
0.036814
0.498464
-0.347612
-0.146486
-0.010533
-0.0584054
-0.985871
0.742751
-0.284937
-0.781774
-0.0308574
0.0642238
-0.548703
0.0722949
-0.524951
-0.663257
-0.574005
0.404009
1.25488
0.183817
0.278709
0.548401
0.170056
-0.188538
0.0502502
-0.496293
0.198567
0.519154
0.726949
0.615512
-0.11586
0.178365
-0.972761
0.752628
0.745917
-0.267746
0.120616
-0.983777
0.157122
-0.109567
-0.0848293
0.439839
-0.0195533
-0.35624
0.444426
0.647461
0.517708
0.405082
0.251751
0.647191
-0.276411
-0.27395
0.520478
-0.243771
-0.157499
-0.0817425
-0.318723
-0.887824
-0.370649
-0.0240828
0.868085
0.399552
-0.496069
0.439407
0.753332
-0.716082
0.617304
-1.04724
0.420669
-1.17375
0.641415
0.157541
0.105982
0.694592
0.429564
-0.16809
-0.140607
0.374542
0.351663
0.85162
-0.129262
0.350018
0.0395306
1.13318
0.00507083
1.06835
-0.228546
-0.382464
-0.443654
0.682321
-0.124242
0.696091
0.0451569
0.0802874
-0.680529
0.573905
-1.18019
-0.0319416
-0.0373733
-0.190964
0.356807
1.0783
-0.529098
0.322434
0.0567107
0.962828
0.630041
0.980839
0.73011
0.605652
-0.725395
-0.00558544
0.142591
-0.266076
-0.264419
0.749683
-0.690195
0.247439
0.106232
0.483351
-0.309053
0.348797
0.297513
-0.013897
-0.359424
0.12911
0.179998
-0.319749
0.296207
-1.04823
-0.349922
0.0669542
0.335267
-0.0842855
-0.35062
-0.094892
-0.184535
-0.725823
0.534436
0.34991
0.604975
-0.662243
1.17245
-0.619382
-1.00941
-0.0576499
0.474666
0.152632
0.176144
-0.022161
0.395951
0.368867
0.653265
-0.398076
0.0578359
-0.828053
-0.698378
0.0834922
0.311686
0.244641
-0.517378
0.273273
0.162811
-0.694591
-0.192644
-0.176906
-0.329266
0.60377
0.666425
0.0110456
0.03686
0.0606161
0.614571
-0.258358
0.900037
-0.165913
0.468266
-0.71872
0.457349
-0.864791
0.838566
-0.401398
0.185009
-0.195271
0.0691321
-0.835135
-0.5584
-0.0661612
0.140894
-0.664789
0.0629375
0.155498
0.588503
-0.197164
-0.126158
-0.486222
0.332271
0.0447772
0.0564408
0.180623
0.0782065
-0.611222
-0.105256
-0.196072
0.273423
0.47732
-0.440053
-0.638523
-0.752427
-0.0197273
-0.377405
0.561558
0.999269
-0.614508
0.125916
0.219646
-0.550554
0.533581
-0.293096
-0.316889
-0.199433
-0.0515498
-0.241904
-0.0557321
-0.178063
-0.352698
0.527065
0.661132
-0.380966
0.547935
0.582699
0.122065
-0.361749
-0.146344
0.112513
0.481671
-0.11468
1.00841
0.335579
-0.253256
0.57027
-0.824845
-0.177651
-0.781161
-0.348591
0.114004
0.502323
-0.0333409
-0.582174
-0.0286456
-0.782625
0.709849
-0.260489
-0.597628
-0.599931
-0.0698262
0.784688
-0.218186
-0.223065
0.721841
-0.449656
-0.544911
-0.228011
0.489096
-0.214484
-0.193967
-0.981058
0.0106811
0.6056
0.270272
0.599666
-0.317191
0.279822
-0.905894
-0.30073
1.22414
-0.214424
-0.558596
-0.990293
0.30513
-0.254749
-0.047919
-0.148531
-0.0559042
0.183206
-0.26271
0.423154
-0.209018
0.151041
-0.46229
0.289989
-0.317829
-0.262774
0.723215
-0.839078
0.334764
-0.645003
-1.34798
0.292463
0.428716
-0.0136482
-0.211215
-0.163432
0.771358
-0.377081
0.168565
-0.188249
0.347643
-0.00866598
0.891814
-0.142621
-0.0212196
0.398424
0.769298
-1.37252
0.192527
0.0440535
0.257691
0.958046
-0.290978
0.387553
0.209099
-0.227195
0.108368
-1.07042
-0.0746245
-0.104963
-0.040328
0.0439013
0.0739616
-0.0535235
-0.213122
-0.659063
-0.602079
0.366639
-0.203296
0.746485
0.202342
1.043
0.434341
-0.0367847
-0.021128
-1.00505
-0.379691
-0.110144
-0.215187
-0.110209
0.245682
0.516056
-0.66606
-0.289747
-0.394393
0.0544967
0.0301189
0.0421694
0.638289
-0.899891
0.821439
-0.542603
0.398399
0.0322448
-0.413298
-0.0192437
-0.261531
-0.030067
-0.243278
-0.209625
-0.458602
0.295098
-0.187434
-0.260562
-0.380883
0.88428
0.0953562
-0.287853
0.948381
0.573564
0.000322646
-0.471267
1.54534
-0.22946
0.403076
-0.295579
0.551947
-0.502951
-0.619219
0.427276
0.413694
-0.522252
0.32867
-0.405126
0.0411249
0.162015
-0.145953
-0.466576
-0.581733
0.918685
1.08814
0.547159
-0.101198
-0.923332
-0.392951
0.320679
-0.152976
-1.0269
-0.335939
-0.183868
0.443997
-0.101288
-0.557703
-0.530268
0.699417
0.184827
-0.615617
1.0255
0.62214
-0.0713476
0.133468
1.10399
0.604937
0.357148
0.693221
-0.278873
-0.0595241
0.587323
0.230925
-0.129495
0.326413
0.819865
-0.38014
0.406696
-0.139868
-0.114123
-0.18096
-0.517158
-0.482038
1.29944
0.594101
0.00222
0.634784
-0.530615
-0.966644
-0.027156
0.489645
-0.112974
0.24415
-0.892659
0.579427
-0.478929
0.233625
0.18503
0.316569
1.03205
0.3568
0.262284
0.110912
0.0738005
0.58157
0.180491
0.121555
1.07704
-0.246902
0.0284599
-0.270043
0.171531
0.0913668
-0.255342
-0.0128324
-0.304086
1.15954
0.0753263
0.154491
-0.0829167
-0.520436
-0.657361
-0.500792
0.299767
-0.0263074
-0.125054
-0.581562
0.00989029
-0.183522
0.0871825
-0.473708
0.229739
0.426429
0.522473
1.16668
0.0655937
-0.372723
-1.08366
0.0471208
0.135692
-0.0727238
-0.586191
0.494556
-0.216673
1.51636
-0.139618
-0.136478
-0.277039
1.09901
-0.223387
-0.736876
0.244977
0.746999
0.304073
-0.293865
-0.225794
-1.09846
0.985204
0.0770182
0.0363883
0.146081
-0.202343
-0.350749
-0.0929898
-0.107168
-0.22175
-0.23461
0.730434
-0.430932
0.306816
0.947453
-0.0979279
-0.360376
0.158515
0.226893
0.704614
0.567861
0.703499
0.689059
-0.828758
-0.295032
-0.117684
-0.111093
-0.282585
0.125445
-0.349965
0.0128175
0.802168
-0.291776
0.145871
1.66705
-0.0624911
0.244785
-0.199266
-0.370226
-0.663066
0.0552339
0.254751
0.214613
0.781056
0.674248
0.0448335
0.779925
-0.286301
0.0975582
-0.0294487
-0.544487
-0.826121
-0.0912943
-0.211855
-0.449775
-0.505931
-0.496218
-0.0289022
0.118522
1.01956
-1.0667
0.0805641
-0.648634
0.304599
0.566501
-0.139268
-0.0581145
0.223142
0.520335
0.265985
-0.101729
-0.444944
0.479152
-0.591199
-0.475462
-0.536251
-0.64736
0.784726
0.0840229
-0.133324
0.785005
-0.425402
1.42167
-0.309511
-0.0228255
0.125335
0.560668
-0.669899
-0.652095
0.14494
-0.286555
-0.574552
-0.305631
-0.272173
-0.0994194
0.415327
-0.169986
0.464867
0.00602088
-0.281964
-0.199442
0.239504
0.420935
-0.291008
-0.232489
0.748455
-0.201203
0.686726
-0.0734768
-0.867247
-0.226051
-0.327128
-0.15419
1.1333
0.595401
-0.309951
0.425278
-0.0956879
0.15394
0.0256965
0.527629
-0.331855
-0.563457
0.216782
-0.327146
-0.594295
1.26787
-1.00586
-0.637444
0.206193
-0.437302
0.811675
0.0807377
0.270912
0.691566
-0.629401
0.72151
-0.39946
0.152732
0.211798
-0.202995
-0.108509
0.552173
-0.266831
-0.299778
0.0523067
-0.360365
-0.228054
-0.944565
-0.611402
0.11805
0.958106
0.193236
-0.518921
-1.08929
-0.47945
-0.183096
0.134814
0.150915
-0.00456511
0.0252507
0.195796
0.481634
-0.135619
-0.566595
-1.0293
0.130655
-0.0861964
-0.542663
0.0833912
1.08833
0.0439998
0.256378
-0.763495
0.797281
0.703081
-0.180181
-0.134678
0.27991
-0.0331088
0.320254
0.0576186
0.618324
0.544971
-0.258326
-0.935979
0.149668
0.549868
0.196278
0.337222
-0.769507
1.01824
-0.0191225
0.00509863
0.693919
-1.47091
-0.214568
-0.0195349
0.786604
0.903162
0.10177
0.0290543
-1.30276
0.0806107
-0.49589
0.439764
0.639929
-0.45084
-0.0584827
-0.193561
0.355592
-0.563063
0.0336024
-0.123278
0.129355
-0.933625
0.446015
-0.0115668
0.325014
-1.17864
0.757355
0.489248
0.22193
0.441061
0.696398
0.16804
0.554303
1.00822
-1.10299
-0.418085
0.149745
0.120347
0.92568
0.477128
-0.503775
0.334365
-0.480342
0.931112
0.136359
0.709886
-0.0237922
-0.617286
-0.177384
-0.143668
0.58778
0.186024
-0.722104
-0.161041
0.0626558
-0.451122
-0.193377
0.511582
0.3707
-0.0145084
-0.160791
-1.07572
0.296946
0.166973
0.894521
1.2649
-1.39982
1.17183
-0.576915
-0.27
0.394563
-0.13985
0.128279
-0.0171157
-0.686572
0.194737
-0.488616
-0.0791586
-0.465211
0.628567
-0.236256
-0.534265
-0.251331
0.559572
-0.527966
0.115864
1.17626
0.0293352
0.380981
-0.500692
0.286647
-0.421879
-0.117113
0.420239
0.463338
-0.166393
0.24654
0.422464
0.856942
0.864695
0.273279
0.151649
0.588126
-0.841185
-0.318515
-0.383366
-0.301974
-0.165966
0.443899
0.371651
0.95259
-1.23095
-0.208226
0.326117
-0.165841
0.263706
0.864437
0.201349
0.369613
-0.205015
-0.126285
-0.352237
0.874174
-0.0482138
0.0234339
0.106503
-0.307656
0.687587
0.927461
0.0222741
-1.38428
-0.0340786
0.422906
-0.51265
-0.0806384
0.20206
-0.00753402
0.132607
-0.415016
-0.177289
0.90343
0.28636
0.14635
-0.196573
0.0497414
-0.410222
0.993265
0.474369
-0.115338
0.167795
-0.354286
0.366048
0.16549
0.387761
-1.62777
1.46807
0.387234
-0.0851339
-0.449186
0.352603
0.684387
-0.598847
-0.47278
0.682185
-0.410001
-0.00724641
-0.16338
1.03257
-0.328679
0.0233939
0.488788
-0.57057
-0.88636
0.132424
0.342116
0.568957
-0.589804
-0.297376
0.243465
-0.196359
0.222026
-0.228054
0.534475
-0.0729791
0.177023
0.141124
0.204875
-1.0507
0.148487
-0.167506
0.72176
-0.101365
-0.0745151
-1.54151
0.602763
0.402082
-0.92404
-0.00394495
-0.0892047
-0.640911
-0.214052
0.268409
0.636697
-0.0166607
0.897846
0.784577
0.552123
0.498024
0.0360265
-0.314602
-0.301638
0.817746
0.289407
1.1221
-0.0433496
-0.124612
0.430141
0.311185
-0.0110124
0.0226286
0.106591
-0.393668
0.48006
-0.280768
-0.564932
0.267316
0.164608
0.581434
-1.26873
-0.332792
0.126433
-0.695822
-0.0198106
-0.204557
-0.183202
0.18165
0.377922
0.315497
0.0223289
-0.0849385
-0.0157109
-0.252674
-0.0649805
0.516952
0.383766
0.647909
-0.662869
0.201519
-0.077701
-0.551519
-0.0128018
1.31569
-0.0634995
-0.110158
-0.399486
-0.84605
-0.286505
-0.270577
-0.833668
0.369705
-0.392333
0.317457
-1.12613
0.717869
1.14399
-0.933263
-0.326569
-0.244465
0.221365
0.180523
0.329969
-1.25724
-0.640144
0.326861
-0.102031
0.0663145
0.0608582
0.148754
-0.704516
-0.179109
-0.374145
0.304729
0.0385831
-0.286301
0.432425
0.649859
0.305762
-0.359183
-0.292764
0.174308
-0.149303
0.101499
0.145124
0.149096
-0.438622
-1.15228
-0.801323
-0.895165
0.0412634
-0.270198
-0.66365
0.143372
-0.237127
-0.912349
-0.329779
-0.471351
-0.26923
-0.00365574
-0.102528
0.53088
-0.487991
0.543653
-0.520788
0.117691
0.928624
-0.00980642
-0.168085
0.192991
-0.887572
-0.0438271
-0.0637118
-0.433757
0.104391
0.589606
-0.511707
0.791196
0.189701
0.0181023
0.594516
-0.406209
-1.15991
0.0690325
0.291309
1.30912
0.839488
-0.287804
0.395522
-0.186606
0.333731
0.308418
0.550186
0.520102
0.517973
-0.42335
-0.0907922
-0.56177
-0.365639
0.111647
-1.26677
0.197202
-0.271483
-0.890268
-0.0471495
-0.0350984
-0.0947457
0.00860147
-0.406855
-0.5403
0.0787198
-0.91904
1.34133
0.0651253
-0.180572
0.46924
0.419395
0.652992
-0.0229134
-0.181178
0.331865
-0.278366
0.0867116
-0.548837
-0.209189
-0.6001
0.65041
0.164785
-0.159434
0.145212
-0.934928
-0.796449
-0.282618
0.789115
-0.430957
-0.411955
-0.745562
0.242289
-0.0837135
-0.247547
0.203521
0.715303
-0.620837
0.177281
-0.0679086
0.326375
0.427272
-0.653868
0.412448
-0.177199
