-0.291374
-0.454369
-0.197325
0.312695
0.131185
0.55763
1.14188
-0.665749
-0.494249
0.595777
0.805601
-0.0512097
-0.346453
0.0467796
0.162415
-0.454774
0.367516
-0.867165
0.400959
1.61502
-0.162989
0.0735683
0.326602
-0.410104
0.588855
0.319595
0.332511
-0.685132
-0.00938991
-0.124699
-0.211184
0.650201
-1.98066
-0.767385
0.257292
-0.3785
1.13447
0.408066
0.216984
0.735545
-0.354089
0.0404373
0.384412
-0.0442858
-0.0161888
-1.15212
0.552281
0.820551
0.413817
-0.362835
0.996242
-0.455655
0.612439
0.303263
-0.353348
0.485998
-0.538199
0.231656
-0.79422
-0.28109
-0.679271
0.764728
0.182838
-0.136104
-1.06946
0.8452
-0.730882
-0.253768
-0.00404375
-0.587947
0.18423
0.434775
0.118828
-0.841424
0.545547
0.702214
-1.19659
0.845573
-0.352957
-0.565953
0.491861
0.362851
-0.403634
-0.731224
0.358675
-0.641751
0.273293
0.146138
-0.344919
0.00588844
-0.186505
-0.244102
-0.0554071
-0.0723808
0.290466
0.717629
0.440793
-0.314634
-0.360656
-0.132566
0.526054
0.0620571
-0.516991
0.651056
0.0592839
0.732175
-0.147
0.264643
-0.207109
0.813989
0.790887
-0.827455
0.210769
-0.79371
1.49624
-1.23831
-0.464126
0.176195
-0.496276
0.711928
0.711958
0.866821
-0.22541
0.223904
-0.16121
0.337155
0.141462
0.29403
0.191344
0.0808261
1.45171
0.235211
-0.0707873
-1.05696
-0.548862
0.780502
-0.131593
-1.09144
-0.0173017
0.465696
-0.406591
-0.162602
-0.773632
-0.675357
-0.865651
0.354947
0.353199
0.0133258
-0.00544552
-0.404828
-0.44033
0.28647
0.27423
-0.396519
-0.256567
1.08371
1.1247
-0.516495
-0.159838
0.861755
0.251968
-0.266776
1.27683
0.446655
0.202798
-0.8828
-0.340855
0.407297
0.450466
0.124707
-0.781741
0.550002
-0.465539
-0.96088
-0.243303
1.24621
0.932058
0.992833
0.409807
0.991528
-0.02524
0.537556
0.0171444
0.237692
0.357822
0.113858
0.58227
-0.332198
0.543943
-0.801925
-0.448417
-0.366647
-1.7741
-0.773635
-0.23701
-1.41082
-0.218112
-0.837291
0.140863
-0.366245
-0.919687
-0.681472
-0.607305
0.212797
0.0174565
0.274904
-1.45204
-0.653556
0.036106
-0.24109
-0.464099
-0.410063
0.0231542
-0.936591
0.546562
-1.16636
-0.558899
0.937394
0.709218
-0.453159
1.0671
0.982605
0.0899639
0.047555
0.249645
-0.251148
-0.521968
1.29771
-1.24701
0.230552
0.816121
0.165203
-1.36051
-1.5434
1.01503
-1.19959
0.0897703
1.02305
-1.79747
-0.0140446
1.5193
-0.299731
0.445617
0.353367
0.27675
1.3982
0.403883
-1.01929
0.201114
-0.43996
0.370698
0.929823
0.425491
-1.33802
-0.658449
0.243793
-0.0401787
-0.877004
0.939992
0.933087
-0.0446146
0.824056
0.608445
0.390907
-1.13774
0.44803
-0.814723
-1.1111
-0.185557
-1.24757
-0.821548
0.359436
0.0455819
-0.467432
-0.764858
0.940174
-0.699762
-0.0719596
0.325744
0.126596
0.338431
-0.94523
-0.227204
0.937756
1.07315
-0.744179
-0.609965
-0.209992
-0.496131
-0.404486
-0.536145
0.493726
-0.803673
0.248629
0.0801452
-0.539587
-0.320179
-0.64867
0.923008
-1.11721
0.2346
0.334938
-1.05725
0.252936
1.17998
-0.708604
0.158538
-1.38325
0.265783
0.926665
-1.8835
-0.439654
-0.473688
0.389481
-1.04414
0.164227
-0.0955006
0.443121
1.44646
0.186166
-1.1262
0.289658
0.047199
0.761295
-0.729614
-0.0741161
-0.123121
0.64247
-0.466184
-1.32658
1.11102
-1.22418
0.267193
0.211441
-0.523833
-0.402091
-0.13379
-0.174698
-0.311548
-0.358109
0.865803
-0.752018
0.569886
0.296495
0.139955
-0.49797
0.462255
1.49195
0.0305419
-0.635446
-1.58608
-0.595901
0.904203
-1.1334
-0.673571
0.56884
-0.309537
-0.421981
-0.922634
1.53169
0.860475
0.516631
-0.566259
-0.197925
-0.555851
-0.772502
1.65071
-0.946544
0.30017
0.308382
-0.22135
-0.231629
0.895965
-0.495228
0.673513
0.17537
0.903205
-0.186405
0.321963
-0.11188
0.299781
-1.03245
1.06512
0.267021
0.492436
0.529925
0.417911
-0.0398085
1.60374
0.145055
1.27405
-0.376154
0.11152
0.231926
-0.0758838
0.388217
0.317513
-0.308709
0.480699
0.955313
-0.326234
0.789371
-0.116863
0.645782
0.483698
-0.477433
-0.0998206
0.575931
0.111526
0.533144
-0.140114
1.1597
-0.19849
0.644967
-0.0460874
0.539867
1.0473
0.185949
-0.521848
0.667375
-0.0727474
-0.521987
1.28087
-1.05766
0.506208
-0.392714
0.573816
1.18293
0.0611297
-0.847477
0.654768
-0.582027
0.592976
-0.41446
0.376922
-0.651902
-0.0363225
-0.00564126
0.436341
-1.09817
-0.734151
1.19231
-0.0191172
-0.813483
-0.416535
0.0581612
0.850366
0.366979
-0.554718
-0.436656
-0.165382
-0.22488
0.727034
-0.733298
0.708604
-0.998507
-0.279013
1.26812
-0.77791
-0.260309
0.494084
0.415508
1.55675
-0.378483
-0.225001
-0.361848
0.785489
1.07172
1.99236
-0.671053
0.55701
0.0745191
-1.4225
-0.769828
-1.25406
-0.529905
0.868383
0.808491
-0.817872
0.0418978
-1.41358
0.310493
-0.0510165
0.608199
-0.428542
-0.693291
0.928598
-0.228594
0.711176
-0.17168
-0.806629
-1.55026
-0.331528
-0.155696
-0.294888
0.137684
0.684592
-0.690207
-0.446302
-0.860169
0.293821
-0.112695
-0.220217
0.590424
-0.493698
0.307031
-0.479614
0.224957
0.453512
0.798632
-0.897027
0.0245622
-1.45447
0.215001
-0.50244
-0.0248898
-0.298678
-0.459554
0.0612631
0.565778
0.232779
-0.529927
0.128185
-0.105773
-0.571219
-0.446017
-0.963182
0.642091
0.777517
-0.197825
-0.287206
-0.0974845
1.03985
-1.57072
-0.127628
-0.456727
-0.243744
-0.31035
0.163383
-0.536431
-0.37032
-0.743904
0.679137
-0.79158
-0.283027
0.0338133
-0.965024
-0.451739
0.250855
0.0641068
0.688291
0.974049
0.932861
-0.849089
-0.840025
-0.200644
1.03842
0.218469
-1.20154
0.226992
-0.0883155
-0.524853
-0.164187
-0.571473
-0.576614
0.665177
-1.4096
-0.640004
-0.919114
-0.112427
-0.220212
0.385565
0.158236
0.439908
-0.753347
-0.246782
-0.270771
-0.496253
0.820483
0.502843
-0.398053
-0.310372
-1.19594
1.29418
-1.09671
-0.00425198
0.374553
0.197859
0.231971
-0.677905
0.284311
-0.10724
0.511933
-1.2612
-0.662497
-0.946701
1.34422
0.153619
-0.252275
0.0955906
0.39631
-0.283211
-0.45834
1.07339
-0.368029
0.845858
-0.780239
-1.17683
0.339322
-0.479951
-0.249337
-1.56503
0.925955
0.542399
-0.580172
0.924878
-0.423188
-1.1635
-0.899924
-0.0446263
0.0825624
0.520981
-0.735713
0.276722
0.250775
0.377421
-0.667809
0.00779934
-1.32825
-0.518028
0.438269
-0.0848214
-0.247742
-0.0718323
-0.0448107
-1.07185
0.815741
0.28765
0.147475
1.03
0.574804
0.274685
0.272166
-0.932767
-1.06172
-0.598417
-0.781851
1.05138
1.31927
-0.120403
0.215627
0.416345
-0.360492
-1.32069
1.54088
-0.256339
0.438985
-0.0309548
0.408994
-0.30656
-0.242484
1.30359
0.762015
-0.39846
-0.496282
0.455797
-1.79662
0.905251
0.863947
-0.02127
0.331315
0.456553
-0.545735
0.010749
-0.979146
0.624643
0.289895
0.683388
0.7036
-0.493969
1.20088
-0.241243
-0.438933
0.127659
0.523347
-0.631091
-0.577866
1.0786
-0.426677
0.307031
-0.203011
0.236383
1.05655
1.01527
-0.0370729
-0.642769
0.627615
0.25062
0.00447562
0.482677
-0.207352
-0.138393
0.15424
-0.307212
-0.376803
-0.2623
-0.201853
-0.871928
0.427849
-0.0991092
0.270974
0.474917
0.748923
-0.42116
0.179856
0.206926
0.613585
1.30053
-0.262422
0.441873
0.24574
-0.293056
-0.488326
0.115965
0.881359
-0.722695
-0.328399
-0.206018
-0.0411138
-0.208243
-0.952179
-1.10615
0.925991
0.189903
0.438272
-0.798393
-0.270159
-0.0988525
-0.516068
0.116561
-0.449334
-0.837822
-1.02161
0.943319
0.0289413
0.0745405
-0.486181
0.147483
0.109354
-0.330562
-0.0321526
0.615485
1.04687
-1.16918
-0.0845312
-1.07732
-0.392754
0.0543083
0.371013
0.107718
-0.101025
-0.641432
-0.0156673
0.805882
-0.435368
-1.16526
0.41206
0.295444
-0.253151
0.367733
0.262568
0.143202
1.04206
0.450762
0.663942
0.0549446
1.08316
-0.340184
-0.121021
1.02725
0.102847
-0.585008
-0.411634
0.80512
0.131022
-0.053403
0.785395
0.00628401
1.13619
-0.40481
0.280557
0.216977
0.0750797
0.168963
0.586854
0.568738
-1.26198
-0.485492
-0.54072
0.411288
1.29065
-1.16996
1.46198
0.211506
0.118812
-0.33312
-0.507618
2.19119
0.0392285
-0.0521927
-0.959946
-0.154529
-0.805522
0.0251151
0.549181
0.624741
-0.0605317
0.0671243
0.477714
0.40609
-0.388282
0.892311
-0.137299
-1.37526
0.597185
0.0225042
-1.21973
-1.15768
-0.323833
0.129831
-1.01014
0.561341
-0.233644
-0.196984
-0.760592
-0.537001
-0.650281
0.779084
0.48174
-0.325904
1.18433
0.31788
-0.429776
-1.44366
1.06895
0.907262
-0.116127
0.54153
-0.561725
-0.254662
0.201854
-0.308163
0.833562
-0.38219
-0.396589
-0.0961188
0.756726
-0.381994
-0.327282
0.738012
0.819032
0.396455
0.759275
-0.159775
-0.568089
0.880731
0.873117
-0.28691
-0.129391
-0.0804824
0.265183
-0.0923929
-0.803193
0.177414
-0.385193
0.189209
0.814698
-0.116432
0.894456
-1.29465
-0.343087
-0.81118
0.266462
0.676141
-0.992016
-0.631358
-0.443067
-0.47516
-0.185157
0.0337651
-0.778499
0.594529
0.671684
0.442286
-0.0155955
-0.165405
0.312374
-0.974852
0.0206999
-0.218134
-0.0882031
0.906459
-0.222259
-0.034654
0.579286
-1.02222
0.654582
-0.841899
-0.605317
0.174552
-0.358095
-0.432816
0.244614
-0.124374
0.479756
0.472113
-0.547377
-0.0159484
0.79472
-0.266146
0.963059
0.454057
0.550888
1.26494
0.370878
0.212877
-0.330459
0.70633
0.157991
-0.589181
-0.0553431
-0.0957537
0.811881
-0.918729
-0.742792
-0.580278
0.248512
-0.428519
-0.107474
0.369176
0.602384
0.838602
0.00666968
-0.457355
0.129086
1.18184
0.687713
-1.21898
0.862121
0.381618
0.221814
0.428954
0.356776
-0.136572
0.212462
0.0017845
-0.812275
-0.0707598
0.31197
0.731862
-1.07529
-0.296334
0.541025
0.647584
1.05098
-1.24708
0.155691
-0.413174
-0.0285255
0.304728
0.805587
-0.332186
0.0103727
0.423324
-0.852224
0.690458
-0.594133
-0.875434
-0.12542
-0.725262
0.245134
-0.336419
0.498628
-0.639724
0.293571
0.213424
0.78001
-0.278324
-0.037684
0.368502
0.0432699
0.635313
0.179786
0.302141
-0.405644
-0.344115
-0.0108624
0.318391
0.612123
-0.479406
-0.613799
0.415778
-0.0723182
-0.410596
-0.641051
0.648059
-1.29229
-0.438594
0.489709
-0.819544
-0.358875
-0.292746
1.07138
1.67621
0.4273
-0.382734
-1.09712
0.247018
-0.146166
0.607016
0.620092
-0.707909
0.724171
-0.569365
-0.880069
-0.349129
0.474263
0.214543
0.707533
1.54533
-0.381216
-0.147227
-0.0572798
0.125059
-0.219636
0.650641
-0.0851556
0.713252
-0.554751
-0.0118969
0.679587
-0.766793
0.10171
-0.118834
0.650141
0.879718
0.558652
-0.107337
0.246727
-0.111437
0.175763
-0.648701
0.780737
0.156251
-2.13834
0.0181354
-0.164639
-0.347557
1.48665
-0.0535989
0.995655
0.332447
-0.434063
-0.0432386
0.683044
-0.845808
0.719273
0.138599
-0.882433
-0.0171925
-0.899071
0.237404
0.455838
1.59236
0.655441
-0.282708
-1.44246
-0.948226
0.988986
0.846352
0.35314
-0.186221
-0.208273
0.593525
1.55849
0.379394
0.377925
0.201199
-0.0973242
-0.880805
-0.208675
0.702136
-0.150875
-0.512708
-0.293237
1.39178
-0.0402993
0.456107
-1.36355
-0.369812
0.0557039
-0.0801217
0.210009
-0.629302
-0.384376
0.0114692
-0.319929
-0.403611
0.165537
-0.305555
0.0950708
-1.05307
-0.456094
0.0715371
0.365855
-0.0234745
0.0591464
-0.037157
-0.382769
0.226949
0.241171
-0.152008
1.05923
-0.150202
0.339799
0.117625
0.515877
0.244733
-0.733057
0.0518248
-0.31009
1.16903
0.605241
0.357797
0.21947
-0.760593
0.571212
0.419494
-0.130277
-0.885957
0.0589151
-1.15973
-0.379399
-0.898244
-0.35607
0.159063
-1.11103
-0.568789
0.102018
-0.128934
-0.380206
0.141047
0.0851416
0.0555397
-1.39966
-0.816223
-0.235972
1.62179
-0.107882
-0.455107
1.44434
0.83358
1.02016
0.557632
-0.53753
-0.476716
-0.281147
-0.62817
-1.10367
-0.890768
-1.25884
-0.330992
1.81574
-0.0324227
0.175429
0.144047
0.441856
0.14005
0.898164
0.309905
-0.775158
-0.118098
0.335223
-0.331836
-0.386219
-0.101847
-0.613718
-0.495057
-0.449779
0.346083
-0.428418
0.671595
-0.29519
-0.428645
0.0195798
-0.382167
-0.814392
1.2102
0.338194
-0.192289
0.223565
-0.0800191
-0.521047
0.0391523
-0.541323
-0.464424
-0.0243728
-0.786182
-0.705647
0.0913613
0.494685
-0.0363312
0.896046
-0.344436
0.0170869
-0.00976821
-1.58202
0.355436
-0.118424
-0.285445
0.464583
-0.22482
0.632866
-0.666324
-0.0318556
0.0760938
0.107565
-0.0201767
0.0161377
-0.301672
-0.414013
-0.448421
-0.250151
0.821324
-0.481156
-0.376428
-0.335539
-0.345551
-0.141039
-0.540589
-0.361187
-0.199347
0.421157
-0.0177516
0.334875
0.139368
0.572853
-0.803734
-0.619012
-0.24844
-0.87838
-0.967893
0.230496
-1.07643
-0.437909
0.0973563
1.71458
0.0490008
0.193295
-0.180558
-1.27118
-1.05037
-0.645626
-0.731804
-0.235351
-0.149497
-0.053739
0.72381
-0.213112
-0.0459674
-0.326119
0.33919
-0.484763
-0.361706
-0.113696
0.218445
0.404667
0.683032
-0.294371
-0.148622
-0.292119
1.18096
0.697445
-0.571237
-0.875778
-0.529781
0.723838
-0.321136
-0.0490349
0.195687
0.598755
0.843533
-0.967593
-0.161392
0.587866
-0.468813
-0.259843
-0.107516
-0.854115
0.0167139
-0.327678
1.94082
-0.197487
-0.796211
0.448273
1.65725
-0.360584
-0.363358
1.48145
0.0665534
-1.36923
0.27675
0.568164
0.255767
-0.620165
-1.08953
-0.110737
0.214288
-0.228442
0.950096
0.705273
0.661229
0.0521409
0.31264
0.0279177
-0.456542
-0.35853
0.0417745
1.35785
-0.186317
-0.985582
0.399122
-1.08138
0.229643
-0.0111954
-1.02502
1.33895
-0.96317
-1.16972
0.447841
0.696788
-0.198274
0.115716
-0.315359
0.564395
0.338978
-0.296297
-1.08919
1.50163
0.190454
0.398221
0.0380604
0.759382
0.164666
-0.335885
1.97276
-0.318199
0.851609
0.0522358
0.679855
-0.384687
0.130839
-0.129127
0.545425
0.806496
1.29445
-0.192338
0.891521
0.248984
0.359406
-0.801544
0.344842
-0.48759
0.343584
-0.0574723
0.0305116
1.32074
-0.348578
0.478325
0.824843
1.03464
0.0146593
-0.724668
-0.231919
-0.552395
0.235496
0.801354
-0.562771
-0.0401993
-0.842481
-0.890469
-0.0401877
0.235967
0.822051
-0.414535
0.916798
0.240028
1.55719
1.29155
1.06293
-0.401148
0.239437
-0.9166
0.21291
-1.44283
-0.517798
0.266448
0.0417853
-1.10033
-0.308305
0.612515
0.474263
-1.16737
0.352958
0.0889932
0.108734
0.768147
1.22794
0.0392715
0.37995
0.681424
-0.879602
-0.738533
-0.71975
-0.751811
-0.980908
0.493535
0.739155
0.0948087
0.401588
-0.483368
-0.190341
0.370317
-0.556293
-0.00162413
0.157499
-0.464331
0.361916
0.1136
-0.5093
0.391375
-0.1856
-0.0454516
0.0313483
0.0667238
-1.09587
0.476976
-0.300876
0.23978
0.00494069
0.181678
1.65678
-0.27895
-0.196098
-0.495366
0.629042
0.108891
0.35812
-0.0331949
-0.459354
-1.107
-0.616272
0.530658
0.161189
-0.0634524
-0.204993
1.01893
0.521476
1.04993
-0.158501
1.21391
-0.163583
-0.371553
0.0567892
-0.316448
0.00830528
1.29437
0.122244
-0.233423
0.384785
0.466876
0.343553
0.55332
0.568548
0.534137
-0.846408
-0.589763
-0.555927
-0.954389
0.533784
-0.821986
-0.628091
-0.0676275
0.0447528
0.0918751
-1.21222
-0.682243
-0.28624
0.20787
-0.407986
-0.553082
-0.74805
0.52211
-0.580572
0.319464
-0.617405
0.382294
-0.879114
-0.333738
-0.445208
-0.48124
-1.53262
-0.23431
0.387004
-0.138165
-0.300536
0.309426
1.08074
0.0296379
-0.0751162
-0.590076
-0.505069
-0.531836
-0.807814
-0.762073
0.344485
-0.386899
-0.182841
-0.130793
-0.728601
0.553154
1.5421
-0.0561479
1.21468
-0.42743
-0.298838
0.349897
-1.01827
-0.37819
-0.612207
0.862818
-0.0610328
0.949001
0.889593
0.120765
-0.752466
-0.892113
-0.920747
0.497647
-0.538889
-0.585988
-0.30115
1.05248
-0.309718
0.656957
-0.382771
-0.559762
-0.0935723
0.317739
-0.180352
-0.0668722
-0.566178
-1.31266
0.912589
0.346199
-0.101479
0.121043
-0.762715
-0.126457
-1.34758
-0.562454
0.590301
0.715706
1.04952
0.495956
0.535111
-0.384581
-0.0951147
-0.251128
0.078107
-0.826284
-0.0555445
-0.329769
0.232539
0.733914
-0.167343
-0.0282805
-0.530408
-0.17243
0.797593
0.039357
0.321895
-1.18285
-0.245246
-0.487292
0.333494
-0.353107
0.434864
-0.0994352
-0.360716
0.659417
-0.604128
-1.04286
-0.451694
-1.56076
0.409604
0.455934
-0.312322
0.61445
-0.547779
0.0340931
-0.550345
0.531877
0.54192
1.91234
-0.483238
-1.17022
-0.197015
0.908422
0.253494
-0.343134
-0.538707
-0.0104963
0.367579
1.38585
-0.274194
0.392363
0.580131
-0.589811
0.782423
-0.327729
0.168992
0.216388
0.730984
1.11043
-0.542487
-0.136223
0.0782026
-0.14674
0.37037
0.0857838
0.596106
0.0856253
-0.104574
0.08206
-0.620537
-0.479428
-0.551669
-0.249682
0.191994
0.427448
0.142635
0.677959
0.650762
-0.899598
-1.13344
-0.022533
0.113289
1.13341
-0.431263
0.0667359
0.485314
-0.699432
-0.584682
0.368991
-0.176398
-0.113109
0.00678588
0.175608
0.490591
-0.556175
1.13644
-0.258261
-0.00589165
0.797247
0.468046
-0.0694845
0.0718055
-0.187032
1.27685
1.09564
0.0650849
-0.60124
-0.0972929
-0.0843343
-0.119265
-1.18756
0.334629
-0.229964
-0.0992353
0.1637
1.00956
-0.802491
0.906297
0.196311
-0.116439
0.828189
-0.0832891
-0.114981
0.0410273
0.48123
0.696568
0.624944
0.832936
0.108774
-0.602137
0.856975
-1.2486
-0.217109
-0.709723
1.27498
-0.935359
0.634543
0.202581
-0.00898848
0.376491
-0.231866
-0.366454
0.512704
-0.299495
0.302751
0.220278
-0.405422
0.351235
0.779022
0.504242
0.346879
-0.208185
0.987803
-0.585521
-0.876186
0.0335784
0.503839
-0.299782
-0.372066
-0.945173
0.4062
-0.820003
0.957085
0.805653
-0.564896
0.0268732
-0.430448
0.302016
0.195443
0.267743
0.118647
-0.536592
2.03707
0.168537
0.118111
1.78086
0.125414
0.570681
-0.129816
0.478334
-0.467269
1.05773
-0.508589
-0.654411
-0.730569
-0.307198
0.455695
0.298988
0.281731
-0.654376
0.0205062
1.35807
-0.0522113
-2.0466
-0.890598
0.28116
-1.05631
-0.13898
0.44971
0.34258
-0.226026
1.1061
-0.298575
-0.143559
0.268857
-0.419725
0.617205
0.557023
0.609153
-0.244677
-0.388311
-0.0874096
0.722399
-0.133934
-1.42333
-0.811539
-0.164149
0.762378
0.359875
0.505952
-0.179557
0.396671
0.711489
0.985055
0.0985373
-0.598193
0.631345
-0.119683
-0.245242
1.03954
0.768075
0.113205
0.210471
-0.571488
0.467038
0.393011
-0.480567
0.0813457
-1.50552
-0.898382
0.122539
0.247547
-0.481429
-0.350222
0.225879
-0.222762
-0.537564
0.503911
0.0647631
-0.00426529
0.313973
0.394191
0.388111
0.641987
0.128691
0.82694
0.347787
-1.24762
0.226475
0.212479
0.521987
0.925035
0.0922506
0.146337
0.303738
1.59843
0.802799
-0.117146
0.549751
-0.208465
0.0105663
1.0045
0.16971
0.2683
0.88995
-1.09745
-0.462581
0.297006
-0.876716
0.403675
0.164014
-1.29271
0.234568
0.681958
-0.361126
-0.0958851
0.157069
-0.541026
-0.559868
-0.129439
-0.341302
-0.71969
-0.692755
-1.21249
0.831084
-0.303273
-0.495151
0.0728253
0.440838
0.143372
0.461365
-0.296373
-0.697452
0.658473
1.2456
-0.247233
0.305989
0.472392
-0.010538
0.548545
-0.249561
-0.333244
0.22013
0.00778467
0.430877
-0.282439
1.55145
0.717961
0.394812
0.76337
0.369084
0.0859892
0.180662
1.07531
0.469338
0.357289
0.187903
1.03482
-0.176177
0.37883
1.4
-0.220351
-0.409225
-1.24003
0.925108
-0.38751
-0.637347
-0.497089
1.021
1.00297
0.140498
0.375416
0.847196
-0.876003
-1.36886
0.090087
1.38129
-0.14943
0.325513
-0.731566
0.289103
-0.616302
0.193211
0.929764
0.0934196
0.233782
1.55123
-1.11922
-0.225063
2.40739
-0.375279
-0.658923
0.503278
0.561464
0.0792648
0.559529
-0.475045
-1.19193
-0.380431
0.66921
-0.672932
0.871971
0.272078
-0.776914
0.825156
0.552049
0.902472
0.849913
-0.969714
0.488987
0.401691
-0.889717
-0.548961
0.356209
-0.977817
-0.661554
-0.00687432
0.283015
0.0204252
-0.249414
-0.0104109
-0.243343
0.554378
-0.121974
-0.0109527
-0.132709
0.123789
-0.324467
0.744276
-1.43621
-0.421619
-1.06314
0.480833
-0.209901
-1.24234
1.01552
0.0723056
-0.258086
0.679445
0.355055
0.242491
-0.767639
-1.44819
0.903221
0.681446
0.285814
-0.0628763
0.436846
-0.103783
0.435183
-1.66272
1.35334
-0.591402
0.198994
0.664758
-0.62737
0.0274341
-0.56673
0.370674
0.263448
0.93822
0.259086
-0.282588
0.761224
0.110716
0.51423
-0.507089
-0.422044
0.330404
-0.911879
0.927702
1.81884
-0.535233
0.230958
-1.07536
0.143546
-0.763058
0.0591984
-0.971903
0.486049
-0.659992
-0.304389
-0.247541
1.05951
0.188543
-0.471968
0.337438
-0.296466
0.885239
0.698099
-0.355676
0.0248787
-0.294913
-0.203177
-0.62572
0.508901
-0.802036
-0.127836
-0.715336
1.19802
0.957154
0.581527
-0.511292
0.310503
-0.00840236
-0.197966
-0.279884
0.137186
0.0363375
0.0133829
0.698555
0.378923
0.169502
0.830981
0.694367
0.282558
-1.35681
-0.493439
0.887471
-1.47073
0.178378
0.312972
-0.306638
0.132317
-0.17492
0.583261
-0.63276
-0.943215
-1.361
0.10158
-0.495171
-0.231577
-0.554962
1.02325
0.0641288
0.0221535
-0.0758544
-0.267374
-0.538075
1.34961
-1.55758
-0.784649
-1.33694
0.447454
-0.496793
0.290013
-0.17071
-0.906468
-0.626459
0.249829
0.0545258
-0.129289
-0.245842
-0.0213928
-0.387778
-0.873653
0.396386
-1.67815
0.866984
-0.212775
0.110914
0.992122
-0.555585
0.22601
0.317861
0.202003
-0.785588
-0.666427
-0.862725
1.35855
-0.793166
-0.0660366
-0.14361
-0.539699
0.0420558
0.227658
-0.312505
0.883529
0.25236
-0.372602
0.337527
-0.20087
0.779458
-1.28627
1.50814
-0.378594
0.00370002
0.830262
0.16338
-0.77259
-0.563088
-0.413445
0.162325
0.0515878
0.413667
-0.0207284
0.278589
0.461347
-0.654688
-1.50406
-1.44424
0.184849
0.769966
0.0137703
0.657196
-0.0694998
0.0341258
-0.0928565
-0.230222
-0.0501902
1.68611
0.134359
-0.767402
0.485251
0.856038
0.333318
1.02996
0.215045
0.194486
-0.365986
0.31768
-0.557034
-1.76152
-0.679643
-0.724282
0.313816
-0.299349
-0.849065
0.246439
0.94748
-0.181321
-0.716599
-1.02589
0.419316
-0.186917
-0.0165704
0.926909
0.487851
0.777309
1.39409
-0.321564
-0.375842
-0.248349
-0.212054
1.09914
0.0441797
0.714876
0.833452
0.853087
0.672839
-0.434273
0.123136
-0.362883
0.431462
0.0786951
0.264213
-1.78669
0.749432
-0.476433
-0.551834
-0.99456
0.17383
0.454104
-0.394606
-0.438065
-0.486054
-0.778481
0.21651
0.640277
0.370869
0.11434
0.988365
0.896206
-0.793893
0.0123322
0.586077
0.338956
0.980946
-0.422477
0.54637
0.226501
0.155726
0.114396
-0.169743
0.455675
-0.192545
0.0449895
0.196003
-0.244265
-0.758402
0.338842
-1.29262
-1.0956
0.230467
1.39421
0.840739
0.545782
0.0263543
0.23618
-0.896603
-0.171242
-0.641405
0.733904
0.738035
0.0877667
0.0612693
0.748322
0.47034
0.541679
-0.122886
-0.076625
-0.265119
0.925983
-0.777417
-0.330363
-0.0784067
-0.05162
-0.38792
-1.24295
0.354719
1.01657
0.515227
-0.856579
0.256151
-0.234874
0.136682
-0.406397
0.216524
-0.074099
-0.382151
-0.198281
-0.619275
-0.157542
-0.2824
-0.044229
0.600848
0.956628
1.14615
0.0864645
0.0228803
0.565542
-1.4283
0.171169
0.450596
-0.23933
0.828335
0.443023
-0.0231337
-0.782607
-0.936087
1.01855
0.0714282
0.0294914
-0.822575
-0.0771277
-0.127127
-0.496092
-0.249151
0.209238
-0.0867701
1.71997
0.17321
1.08239
0.382093
-0.412903
0.0442482
0.561071
1.54798
-0.474926
-0.205258
0.424289
0.307562
-0.354642
-1.16788
-0.380183
-0.0596699
-1.52535
0.0603298
0.690737
0.20225
0.1492
-0.987697
0.964491
0.451133
-0.406075
0.0860642
-0.850731
-0.804491
0.121424
1.04227
-1.115
0.650818
-0.6166
-0.737751
0.16959
0.413756
-0.572922
0.0619144
1.00103
0.144653
-0.514152
-0.0813918
-0.997505
-0.0494897
-0.186811
-0.778716
0.971782
0.721767
0.13184
-1.3134
-0.601179
0.658815
0.0910591
-0.824701
-0.625992
-0.742677
-1.08831
-1.1194
1.97747
0.750292
0.426251
-0.133272
-0.294814
0.0512474
-0.218426
0.0425843
1.36229
0.13311
-0.247547
0.449025
-0.00866576
-1.25841
-0.316095
-1.28214
0.443743
-0.389415
0.114195
1.20369
-0.473381
-0.0358499
0.235231
0.878384
0.309986
-0.121014
0.916151
0.821153
-0.730262
-1.72817
-0.798863
-0.505876
0.733494
-0.691855
1.10222
-0.365837
0.00671692
-0.231443
0.355597
-0.814494
0.677353
0.807482
-0.848708
-0.7997
-1.23948
-0.764094
0.505182
-0.124601
-1.04595
-0.0766737
-0.00824188
0.801318
-0.422504
0.0296589
0.464222
1.10219
-0.417255
-0.888975
-1.12637
-0.754491
0.419548
-1.53473
0.171715
0.487952
-0.243294
0.204751
1.3156
-0.340348
1.36764
0.360898
-0.430329
-0.890108
-0.160034
0.306106
0.196335
0.884578
0.992198
-0.0618665
-1.42032
-0.465643
1.5577
1.08349
0.240093
-0.100169
-0.215284
0.612938
0.329613
-0.385873
1.02123
0.830469
-0.270932
0.166271
-0.561593
-0.853567
0.625012
0.183281
1.32709
-0.519571
-0.368712
0.0489345
-0.991741
-0.865931
-0.373105
-0.34384
0.0542327
-0.470065
0.0658142
0.35211
-0.592653
0.055721
0.940185
-1.11165
-0.245539
-0.504968
0.991832
-0.545272
-0.642904
-0.019393
-0.167752
0.124326
0.25338
-0.178621
-1.53469
0.642033
0.851398
0.393324
-0.0831105
-0.363481
-0.595147
0.201019
0.140214
0.759251
-1.05897
0.986674
-0.0223671
-0.0168609
-0.0645521
-0.535396
-0.698341
0.0890131
0.697511
-0.0177609
0.236602
0.29511
1.01586
-1.27708
0.0392005
-0.848597
0.327809
0.862372
0.229521
0.349497
0.0271695
-0.56962
-0.099333
0.586637
0.0770666
0.532345
0.124557
-0.984709
0.424917
0.0719119
-0.303259
-0.610124
0.472913
0.216606
-0.599272
0.766057
0.48429
-0.609267
-1.01095
-0.306022
0.301162
1.07131
-0.549551
0.882254
0.510544
-0.381141
-0.499773
-0.500317
0.739758
-1.35708
-1.52188
-0.318935
-0.150984
-0.132772
0.690375
-0.234237
0.559757
0.651003
-1.00094
0.480122
-1.02412
0.6078
-0.130846
1.24886
-0.697455
-0.511853
-0.327964
0.262982
-0.951467
0.33902
-0.880853
-0.331198
-0.249191
0.150587
-0.404002
0.335124
-0.583324
0.361934
0.300638
0.501564
0.235864
0.484369
-0.469145
0.906032
-1.48167
-0.353873
-0.885258
0.371611
-0.302165
-1.06267
1.20925
-0.147391
-0.925582
-0.0415788
-0.119426
0.332941
1.03327
0.422813
-0.286373
-0.914771
0.110762
0.405178
-0.259516
0.297546
0.251868
-0.311129
1.08247
-1.21299
0.191807
-0.207788
-1.05137
-0.497619
-0.681854
-0.636278
0.0425837
-0.238264
-0.0683056
0.454614
-0.266658
0.707656
-0.125664
0.0691357
0.14706
-0.969117
0.772928
-0.732946
0.399283
0.467377
-0.978538
0.100455
0.537627
-0.0230173
-0.0131971
-0.378104
0.580139
-0.202997
-1.37232
-0.35607
-0.225646
0.503037
-0.195078
0.0467889
-0.416707
0.458319
-0.651047
0.227317
-0.115882
-0.0724613
-0.354643
0.57221
0.512401
0.192432
0.882822
-1.05595
-0.0704307
-0.438135
-0.198379
-0.545061
0.104396
0.433977
0.645452
0.271154
0.258265
-0.919601
-1.09138
0.826655
-0.246629
0.414251
0.467926
0.125374
-0.138403
-0.781243
-0.238264
-0.134442
-0.316418
1.23405
-0.214704
-0.091545
0.272917
-0.543404
0.267512
0.654315
0.936489
-0.776577
-0.193015
-0.133707
-0.195301
0.596114
0.284705
1.40633
-0.0347202
0.00706014
0.126286
-0.136073
0.664829
-0.6841
0.682936
0.90379
0.244942
0.0492462
-0.750475
0.685119
0.919057
-0.154533
-0.356577
-0.500338
0.519045
0.173888
0.545428
-0.683865
0.192237
-0.152569
-0.823398
1.24294
-0.630664
0.425816
0.670835
-0.129594
0.072443
-0.14552
-0.309629
-0.477952
-0.627529
1.28866
-0.615522
-0.680151
0.229568
0.366349
0.280311
-0.254633
0.0170036
-1.54562
-0.696454
-0.118439
-0.0304411
-0.596561
0.0822686
-0.386759
0.0810305
0.533626
-0.188088
0.230779
-0.167649
0.412051
0.310607
-0.308652
0.264267
-0.807986
-0.105349
-0.274622
-0.752489
-0.215036
-0.132955
-0.6877
-0.211469
0.295022
-0.36147
-0.046724
0.684945
0.749621
-0.450649
0.922496
0.057331
-0.495033
0.145652
0.829787
1.33357
-0.575723
0.367322
0.342167
0.887827
0.540485
0.0664677
-0.324461
-0.0518639
0.709745
-0.643135
-0.204989
-0.210972
-0.898544
0.372539
-0.153192
-0.794681
0.188884
-0.410205
0.812122
-0.534451
0.337506
-0.540345
-0.353218
0.5053
-0.262937
-0.494898
-0.395766
0.454134
-0.309313
1.48596
-0.397929
0.183159
-0.26414
0.843652
-0.304735
-0.432652
-0.163568
-0.934927
0.582087
0.00515513
0.224093
-1.23103
0.821155
-0.207314
-1.16347
-0.24962
-0.551724
-0.51381
0.735458
1.0884
0.263022
0.532492
0.582627
1.03434
0.121535
-0.880455
0.173844
-0.208001
-0.637502
-0.421132
0.44831
-1.17887
-0.76135
1.43103
-0.584815
1.2527
-0.340434
0.0364979
-0.603542
-0.0301126
-0.373253
-0.717452
-0.174885
0.937275
-0.790261
-0.296937
0.221483
0.763155
-1.24863
0.977675
-0.323304
0.436439
-0.221342
1.13787
-0.0864956
0.412045
0.477276
-0.424035
0.0993074
-0.351761
-0.939162
-0.225577
-0.281717
-0.952839
0.47829
0.198015
-0.105401
0.365881
0.915982
0.857159
0.457193
-1.72425
0.0829542
1.31172
0.495898
0.730462
-1.12871
-0.168944
0.587977
-0.984164
-0.106633
0.180357
0.48608
0.495843
0.0474629
0.563292
0.471465
-0.484406
0.515226
-0.647544
0.505566
-0.211862
-0.212382
0.999811
-0.170232
0.950962
0.718877
0.670828
-0.0651289
0.287044
0.515504
-0.670775
-0.0209355
-1.02986
-0.650577
0.00459978
-0.374173
0.506554
0.143362
1.20297
-0.0830814
-0.305974
-1.2092
-0.348554
0.131889
0.0416274
0.508025
1.31753
0.377396
0.376562
0.0852841
-0.953547
-0.964886
-0.613395
0.175193
-0.528903
-0.17837
0.85084
-0.219086
0.0276066
-0.453221
-0.774698
1.00664
-0.623952
-1.03722
0.0397913
-0.332824
0.0162594
0.23694
1.39846
-0.900898
-0.100265
-0.766781
0.57668
-0.222135
0.401086
-0.608941
-0.607707
0.0750746
0.245436
-0.769497
-0.182077
-0.215536
0.580015
0.784469
-0.74438
0.52549
0.223558
0.152455
0.192192
-0.0440492
0.434409
0.0108855
0.310439
-0.244962
0.337885
-0.585326
0.714673
-0.960899
0.961613
-0.0667367
-0.805309
-0.666214
0.993958
0.598165
-0.0286731
-0.552077
0.0371953
0.393262
-0.0318371
1.13546
-0.826158
-0.501829
0.467531
-0.00343037
-0.506761
-1.5575
0.154747
-1.02591
0.623086
0.147534
0.265807
0.424623
-0.34657
-0.713827
1.33441
0.486121
-0.328002
0.284432
1.59718
1.35759
0.0894002
-1.87232
-0.935169
-0.238982
0.519088
-0.256661
1.05617
1.32434
-0.0336688
-0.513198
0.149457
-0.451418
-0.364816
0.801045
-0.357243
1.01269
0.211184
-0.121706
-0.447244
0.582183
0.405072
-0.616484
1.43329
0.680599
-0.0799206
0.373375
-0.347787
-0.140405
-1.85044
0.393447
1.19921
0.401192
0.645279
0.294124
1.14626
-0.178651
0.293977
0.298752
0.121541
-0.887797
-0.375539
-0.427357
0.938657
-0.135514
0.393224
0.0857591
-0.0110919
0.0463729
0.502819
0.0666844
-0.735923
1.07226
0.414664
-0.600517
0.780321
-0.241677
0.0781556
-0.385346
0.50497
0.105085
-0.279881
-0.740799
0.371752
-0.00514561
-0.667341
0.547963
0.474792
-1.11194
-1.11226
-0.711322
-0.562632
-0.276913
0.983919
-0.166782
-0.979798
1.03415
0.764353
-0.39191
-0.604532
0.34818
-0.578704
0.481985
0.0468149
0.550061
0.482151
-0.16346
0.229774
1.00183
-0.526394
0.373605
0.198655
-0.805971
0.208619
-0.353835
1.42899
-0.273193
0.71672
-0.351339
-0.995055
0.91695
-0.150518
0.441945
0.424198
0.108609
0.0918109
-0.953488
-1.19417
0.595117
0.264836
-0.186626
0.686875
-0.242194
0.402031
-0.559484
0.483687
-0.212993
-0.0143806
-0.838342
-0.693405
0.314852
-0.394819
-0.442161
-0.407312
-0.54094
-0.368762
1.57968
-0.399933
-0.46674
-0.489166
-0.612342
0.408241
-0.15246
0.348223
0.00433089
0.270855
0.539596
-0.472133
-0.185504
0.40224
-0.325859
-0.899772
-0.772507
-0.114121
0.041745
0.150175
0.310877
0.354975
1.21504
0.472477
1.56974
0.0194434
0.518273
0.550601
-2.01496
1.17953
-0.328619
1.0312
-0.436013
0.378321
0.915567
-0.0868369
-0.125623
-0.26573
0.154046
0.922869
0.23346
0.388841
0.15027
1.09967
-0.170876
-0.521845
1.12877
-0.328842
0.276115
-0.342539
0.0806012
-0.460507
-0.316199
0.955284
0.0178984
-0.148775
-1.68112
-0.281815
-0.486906
-0.883609
-0.150159
-0.381548
-1.14777
0.653327
-0.679195
-1.42503
0.120104
-0.167727
0.435332
-0.435086
0.686146
0.107674
-0.0558212
-0.0576406
1.4865
-0.00814358
0.0306791
1.20752
0.0103032
-0.547824
0.256405
0.0106923
1.01352
0.745921
-0.580022
-0.377645
0.359443
0.165019
0.637527
0.897793
0.00755445
0.638421
-1.02557
-0.595281
-1.20987
1.61883
-0.188704
-1.17463
1.52386
-0.19154
-0.287229
0.272992
0.914713
0.302921
0.187414
-0.299467
0.0470732
-0.68934
-0.987721
0.862471
0.0856304
-1.14144
-0.247722
0.665907
0.0199922
0.222776
0.428224
-0.77572
0.137146
0.264553
-0.671153
0.245007
-1.01717
-1.23894
-0.194778
-0.00910501
0.479006
0.778115
-0.938539
0.383725
-1.11724
-0.702083
-0.571744
-0.577094
-0.688769
0.0800669
-0.635898
-0.391381
-0.566327
0.39366
0.165783
0.129751
0.190057
0.384732
0.236521
-0.189089
1.16119
0.880945
-0.200713
0.213941
-0.461767
-0.364499
1.62267
-1.0369
0.584356
-0.20224
0.538336
0.495036
0.24594
0.344935
0.720787
-0.0283337
-0.00652789
0.237899
-0.169895
0.143057
-1.03175
-1.10003
0.306482
0.153601
0.21197
-0.164059
0.299682
-1.31132
0.539785
1.46982
0.354252
0.411216
-0.224768
-0.75771
-0.378129
0.732644
-0.395936
1.23051
1.2135
0.719556
-0.224995
0.180662
0.515337
-2.09091
0.527587
0.0491044
-0.0950288
0.176304
0.53783
-0.504796
-0.219627
-0.566979
0.86398
0.544409
-0.161238
0.0466129
0.177023
-0.541968
-0.0549706
-0.267613
0.141421
0.62509
0.219707
0.633443
-0.26259
0.656883
0.155399
-0.561995
-0.397531
-0.39334
-0.435776
0.336648
-0.129415
-0.0591361
-0.406317
-0.6118
0.0355531
-0.00327245
1.25247
-0.640254
0.454223
-0.914042
-0.286214
-0.262729
0.633162
0.574393
0.28842
-0.69015
0.0339443
-0.160564
0.599142
0.756697
-0.793039
0.926066
-0.302191
0.00250661
0.771178
-0.898559
0.163095
-0.535266
0.474391
-0.109598
-0.0298864
1.11682
-0.186058
-0.449164
-0.201986
-0.372906
-1.19142
0.0439136
-0.107659
0.452943
0.747523
0.266663
-0.118988
-0.775324
-0.32336
-0.498165
0.0625326
-0.651459
-0.860111
-0.77674
0.560804
0.248871
-0.86222
0.705235
0.144627
0.388299
0.244139
0.197246
0.516281
0.44776
0.104941
0.129403
-0.325106
0.944629
0.330086
-0.627558
-0.0328079
0.879828
1.39977
0.718778
-0.525732
1.47627
-1.05698
-1.10312
1.11845
-0.714448
0.182089
0.573229
-0.046246
-0.656405
0.291731
-0.331613
-0.769776
-0.193131
-0.454292
0.306993
-0.501892
-0.392223
0.00342327
0.815065
0.797759
1.53796
-0.392831
0.124104
-0.390543
-0.385867
-0.1576
-0.346934
-0.0476234
0.42625
0.0583734
-0.479997
0.601615
0.156753
0.909081
1.05535
-0.114887
-0.252835
-0.364135
-0.808955
0.61103
0.170274
-0.483555
-0.0333921
0.353382
-0.137301
-0.183816
0.22058
-0.168296
0.431329
-0.299926
0.22441
0.942134
0.335408
-0.231765
-0.142388
0.24525
-0.285909
-0.396019
-0.594046
1.16143
-0.0585132
1.04715
-1.07775
0.899488
-0.526149
0.000428679
0.269734
-0.627826
0.716835
-0.31641
0.534173
1.18652
0.74075
-0.515345
-0.582471
-0.182847
0.00449172
-0.190985
0.112374
-0.625719
0.728235
0.159372
0.390458
0.0584541
0.60818
-0.665385
-0.990961
0.0996916
0.0694279
-0.0222026
-0.943136
0.127563
-0.254015
-0.635206
-1.0173
-0.065873
-0.715148
0.0178457
1.09626
-0.213067
-0.174628
-0.175276
-0.357886
-0.897358
-0.690284
1.27678
-0.727655
0.702851
0.780281
0.399931
0.141146
-0.405886
-0.134819
0.443548
0.692368
0.576822
-0.271411
-0.000378577
0.376761
0.443424
0.471949
0.705532
-0.704354
0.707341
-0.367903
0.567895
-0.417388
0.342049
0.206044
0.745349
-0.48574
0.181984
-0.978764
0.0891647
-0.70053
-0.0509903
-1.2261
-0.433927
-0.692761
-0.0884843
-0.883049
-1.36072
-0.940044
0.0442458
-0.281952
-0.0512734
0.033265
-0.710032
-0.761404
-0.522197
0.281493
-0.659996
0.0457594
-0.40243
0.248265
-0.834567
-0.842115
1.21379
0.0656376
0.449933
0.0710477
0.774691
-0.243509
0.349149
1.36777
0.557403
0.844367
-0.512375
0.362139
-0.432256
-0.0103662
0.224321
0.463765
0.89976
1.61978
-0.348276
0.0471917
-0.654747
0.720423
1.79815
0.08272
-1.39982
0.480745
-0.195697
-0.151706
-0.206667
-0.292204
0.267961
-0.519227
-0.408263
0.810531
-0.389148
-0.732962
0.451075
1.06812
0.624561
-0.702155
-0.963912
0.453211
0.602228
0.357795
0.926608
0.545404
0.128928
1.05763
-1.79662
-0.93234
0.432281
0.983606
0.172911
-0.0683524
-0.225972
0.154386
0.102529
-0.00326835
0.26847
-0.377381
0.470608
0.0460693
0.515606
1.33594
0.977416
-0.401305
-0.79744
0.159425
0.568271
0.652899
0.626405
-0.21589
-0.676739
0.681807
0.0604189
0.306253
0.600876
-0.417075
-0.485309
-0.944743
-0.866955
-0.404512
-0.933737
-1.2743
0.797898
0.0505024
0.119268
0.734717
-0.942604
-0.445797
0.244789
0.741783
-0.111702
-0.0286587
0.237618
-0.0350565
0.207311
-0.550421
0.911992
-0.400095
-0.056436
0.0473846
1.60504
-0.4431
0.0651175
0.981305
0.697234
-0.20873
-0.583257
0.721094
0.368838
1.15732
0.993442
0.974593
-0.0324242
-0.776872
-0.998114
-0.586726
0.498077
0.563951
-0.0802362
-0.649947
-0.296648
0.340177
-0.202632
0.253601
0.544619
-0.255002
-0.015874
-0.791193
-0.563613
-0.69489
0.443068
-0.650073
-0.432826
-1.04417
-0.22264
0.0795652
0.239534
-1.15138
0.667948
0.197021
0.389391
-0.437295
-0.211408
-0.431265
-0.474143
0.618111
-0.811622
0.525054
0.111268
-0.284637
-0.371522
-0.060125
-0.546188
-0.0564203
0.949008
-0.322691
0.861872
-0.571328
-1.07644
-1.08201
0.230028
-0.379927
0.0457404
-0.315603
-1.06074
0.577866
0.756219
-0.118101
-0.491814
0.510941
-0.392601
0.489824
0.564107
-0.0469318
0.891893
0.803712
0.277578
-0.00496887
-0.0819112
-0.102413
0.234195
0.428755
0.22609
-0.548313
-0.0829096
0.152305
0.731599
-0.539086
-0.338693
0.372658
0.386845
-0.406333
-0.617852
-0.430724
0.706672
0.0980288
0.528133
-0.000983795
0.125268
0.716491
-0.0480779
-0.544557
0.418244
-0.0957576
-0.0401397
0.234764
-0.661338
-0.571827
-0.533225
0.379035
-0.419563
-0.590628
-0.244704
0.677978
0.901728
0.456429
-0.461306
-0.255584
-1.25036
0.200455
0.0790714
1.08166
-0.618493
-0.266798
-0.641877
-0.121098
-0.0203231
-0.119219
-0.106626
-0.9227
0.232933
-0.0920848
0.0952758
-0.578946
-0.939813
-0.574263
-0.298733
-0.0682335
0.202276
0.235462
0.775345
0.457416
0.243631
0.401115
0.0576913
0.0587487
0.112211
-0.0649356
0.0555928
-0.449
-0.638281
-0.361708
0.929962
0.983831
0.336858
0.296461
-0.319575
0.62715
-0.837023
-1.85684
-0.690897
-0.553098
-0.397132
-0.627606
-0.220813
-0.541012
0.202418
1.18164
-1.26415
1.42055
-0.950528
0.564005
0.522788
0.236756
0.951682
0.0546369
1.27842
0.457666
-0.358088
0.100391
0.286103
0.237893
0.790858
-0.833558
0.376056
-0.544461
1.04592
-0.125531
-0.1641
-0.980174
0.0127803
-0.582986
-0.0770638
-1.58407
-0.571153
-0.0150466
0.0659706
0.435774
0.813906
0.216147
0.283706
-0.671975
0.405582
0.242443
-0.513065
0.120366
0.229211
0.963994
0.260059
0.00485617
0.552461
0.119526
-0.706054
0.178576
1.12571
0.777983
-0.592898
-0.000292386
-0.288367
-0.688136
0.0281092
1.04037
0.247973
0.391957
0.419825
-1.10388
1.34582
-0.504439
0.433435
0.611726
-0.506983
-0.168135
0.0680069
-1.37049
0.026311
-0.56549
1.44348
0.545681
0.766208
0.767747
-0.724019
-0.773154
0.200006
-0.489289
0.094961
0.698882
1.02803
-0.455737
0.264743
0.492235
-0.426334
1.30423
0.99178
0.375489
0.87558
-0.736598
-0.701488
-0.73778
-0.528335
0.0319697
0.375816
-0.230965
1.21601
-0.385003
0.281178
0.433534
0.986193
0.726356
-0.898455
-0.0862723
0.524012
-0.581575
0.37175
-1.31555
0.0379929
-0.458738
-1.12873
1.08939
0.62937
0.887261
-0.61741
0.488054
0.0658702
0.848753
-0.00702543
0.723967
-0.394388
1.05447
-0.28742
-0.385842
-0.695103
0.478348
-0.140709
-0.0351847
0.650637
1.32229
0.289323
-0.0718462
-0.0399671
-0.501092
0.66991
-0.63115
0.0864388
-0.886868
0.639354
-0.471998
-0.326601
-0.535776
-0.189414
-0.948584
1.12922
-1.19768
-0.37519
-0.638904
-0.476665
0.627964
1.33601
-1.18428
-0.59216
-0.509933
0.0221296
0.0535324
0.325476
0.171715
0.664908
-0.844715
0.0745704
-0.49542
0.378649
0.721126
-0.312396
-0.0624527
-0.0552394
-0.437329
-0.202917
0.296084
1.08113
0.0536894
-0.470537
0.258202
1.50029
-0.147162
-0.631498
-0.0720934
1.29241
1.12612
0.185574
0.764967
-0.220812
-0.818283
-0.55207
-0.187858
-1.59953
0.127843
0.0686376
0.47771
0.433157
-0.213839
0.642512
-0.471861
0.605014
0.376502
-0.988399
-0.814012
0.693086
0.416721
-1.42306
-0.545402
-0.546752
0.276014
-0.712599
0.743835
0.277227
0.177249
0.350856
0.805134
0.194596
0.412858
-0.46469
-0.513503
0.674242
0.506937
0.845222
0.23693
0.702809
0.73454
-1.25121
0.259612
-0.177768
0.0224928
-0.808117
0.178502
0.414721
0.0194696
-1.11113
-0.275315
-0.20276
-0.0374452
0.478008
-0.143505
-0.136385
0.149239
-1.12003
-0.525327
-1.36142
0.00584014
0.368366
1.36455
-0.305958
-0.250369
-1.97874
0.555156
0.103769
-0.20692
0.448336
-0.378791
-0.142068
-0.0236349
-0.784472
-0.27514
-0.210225
0.1499
-1.37761
-0.351507
-0.0507001
-0.4012
-0.259013
1.16611
-0.588012
-0.149093
-0.778047
1.36452
0.18199
0.15543
-0.492002
0.273767
-0.390039
0.846768
-0.0785529
1.06116
-0.247848
0.085552
0.241237
0.209842
-0.263168
0.466275
0.0734294
-0.338432
0.372802
-0.254354
0.645936
0.11803
0.524418
0.867645
-1.04036
0.372797
-0.050305
0.498
0.114456
1.37729
-0.950789
-0.191173
-0.234675
0.703563
-0.302791
0.243726
-0.24687
0.175835
-0.985347
-0.49569
0.230873
-0.455464
0.560011
-0.942702
0.203291
1.02927
0.314744
-0.0451034
0.215326
1.3471
-1.18366
0.815821
-0.113275
-0.593161
-0.657043
0.214201
-0.887358
-0.265663
0.135669
0.0638711
-0.610096
0.875329
1.08721
-0.99692
-0.184359
-0.21516
0.398116
-0.875526
0.0714453
-0.19885
0.205562
0.426941
1.14358
-0.453586
0.975708
0.0362125
0.311638
0.709097
-0.022534
-1.27698
-0.00176571
-0.518882
0.978722
-0.108386
1.00953
1.90965
1.24177
-1.03753
0.328036
0.569873
0.126696
0.0659939
-0.680511
0.393255
-0.285509
-0.301591
1.1527
0.925741
0.0182299
0.21088
-0.349142
0.194038
0.807813
0.0921891
-0.598868
-0.233986
0.352963
0.33905
-0.096051
0.696585
-0.390786
0.546172
0.154087
-0.0590044
1.24582
-0.152663
-0.434427
-1.39123
-0.140651
0.0058475
1.47961
-0.859336
0.497288
0.649555
0.159467
-0.628279
0.436718
-0.22951
0.0674566
0.201382
-0.248093
0.220203
0.908074
-0.414907
0.384863
0.247886
0.293392
0.222554
0.744737
-0.381649
0.22294
-1.17301
0.671026
0.880736
-0.219485
-1.13319
0.735554
-1.20859
0.801215
-1.39915
0.269448
-1.04872
0.0881225
0.684387
-0.153956
0.549945
-0.348265
0.937844
-0.000749217
0.997872
-0.205229
0.747837
-0.27002
-0.392
0.708656
-1.16685
0.490205
0.489047
-0.704664
0.0583482
0.327162
-0.771929
-0.0057869
0.00950188
-0.761068
-0.0740531
0.466544
0.985188
0.280592
0.679567
0.363862
0.17356
-0.206352
0.840783
0.886946
-0.647219
-0.965249
-0.153311
0.515177
0.888938
-0.591449
0.975641
-0.0284706
0.17399
1.25145
-0.189656
-0.524585
0.857355
0.843569
0.446657
0.928099
1.01608
-0.419857
-0.108054
-0.301568
-0.0255658
0.813317
0.138821
-0.540603
0.424273
1.33719
0.422732
0.589993
-0.0168323
-1.6093
0.196086
-0.418444
0.00456295
0.713311
0.686431
-0.379424
0.102338
1.66973
-0.666489
0.412917
-0.417067
-0.617397
0.878253
-0.658578
-0.340367
-0.335767
-1.21936
0.416646
-0.340345
-0.0808038
0.752846
-0.648884
-0.219514
0.177668
-0.488997
-0.49371
-0.126527
0.529931
0.154161
0.857114
-0.113629
0.0942031
-0.893479
-1.65008
0.0417713
0.429702
0.778339
1.94098
0.711303
0.858835
-0.363679
-0.658793
-0.235755
0.382083
-0.0986603
-0.166234
-0.430758
-0.922023
1.12011
0.465259
0.673866
-0.172009
-0.623766
0.272905
-0.132947
-0.337392
0.501465
-0.0976578
-0.494739
0.549667
-1.25978
0.158049
0.427265
0.66116
-0.530502
0.915521
-0.0432799
-0.432268
-0.392611
0.518373
-0.315307
-0.312908
0.628863
-0.967571
-0.342947
-1.23947
-0.113603
0.862722
-1.57592
-0.279028
0.594396
0.0121431
0.192498
0.0571928
-0.316001
0.804397
0.475451
0.965195
0.0170844
1.05813
0.762004
-0.240785
-0.773181
-0.536645
0.932235
-0.0807653
0.696544
0.373414
-0.56158
-0.754977
-0.667761
0.728161
0.165787
0.0102629
0.111349
-0.325918
-0.660704
-0.208469
0.275776
-0.990083
0.0669841
0.215287
-0.798771
-0.662195
0.177276
0.295686
0.974035
0.595615
-0.934517
-0.324195
0.903453
-1.15559
-0.418292
-0.290239
-0.371392
0.0789348
-0.440889
0.390025
0.494272
-0.168461
1.17865
0.649254
0.333189
-1.09123
0.75037
-0.497324
-0.961628
0.0333176
0.274554
0.0294913
0.170541
0.338758
-0.661596
-0.709276
-0.428692
-0.14379
0.892823
-0.173007
1.21288
0.430715
0.427251
0.0181155
-0.270961
-0.29888
-0.244245
-0.817481
-0.208426
-1.07389
-0.324571
1.09766
-0.116387
-0.677448
0.0977939
-0.606192
0.153945
0.0944357
0.0165368
0.0477006
-0.507952
-0.595994
-0.3507
0.302674
-0.514643
-0.721888
0.98144
-0.758472
-0.32859
-0.644196
-0.803199
0.229104
0.207875
0.980424
0.537896
-0.18362
-0.935652
1.10337
-0.0375679
0.402464
-0.0686404
-1.47182
-0.69754
0.102554
0.24813
0.850765
-0.469988
0.73977
1.3762
-1.12598
0.553174
-0.554738
0.532423
-0.529507
-0.447534
-1.30622
0.113757
-0.445659
-0.126845
0.620967
0.0482045
-0.442437
0.0974469
0.538831
0.112888
-0.136801
-0.19003
0.518595
0.395686
0.241837
0.14627
-0.509798
-1.47146
-0.97109
0.750429
-0.636724
-0.166704
-0.173865
-0.555363
0.920002
-0.786533
-0.304641
0.842791
-0.0769147
-0.789312
0.479077
-0.481193
-0.00474307
0.591981
0.614804
0.209567
-0.23766
0.252365
-0.362049
0.664854
0.361466
0.420124
-0.0434926
0.925113
-0.312096
-0.360008
-0.775769
-0.709002
-0.44889
-0.640365
0.459007
0.482312
0.779078
-0.5041
0.632285
-1.43729
0.193204
-0.104011
0.118646
-0.0994557
-0.00983432
-0.267561
-0.140603
0.835984
-0.919658
-1.27267
0.155976
-1.10559
0.122957
0.821509
0.120718
-0.770863
0.270817
-1.04415
-0.585259
-0.635329
0.210675
-1.28974
-0.0595357
0.628922
0.283672
-0.550804
-0.885522
0.467012
0.494773
0.111426
-0.0668706
-0.968408
0.236621
0.158323
1.17004
0.164388
-0.207938
-0.519592
1.77239
0.122809
-0.374795
0.0831859
0.518869
0.399682
-0.934165
0.547821
0.87585
0.308089
0.56879
0.0234285
1.485
0.478119
1.23092
0.751981
-0.715524
0.525968
-0.0460502
-0.605635
-0.235863
-0.889766
-0.0411374
-0.695644
0.701929
0.617514
1.30546
-0.374856
0.337582
-0.963933
-0.735193
-1.18804
-1.23286
1.09415
0.420022
-0.351413
0.0452983
-1.58332
0.306771
1.17902
0.513848
0.503212
0.488559
-0.190122
-0.298681
-0.0161929
-0.0942878
0.714185
-0.256844
-0.505661
-0.887597
-0.804554
-0.506602
0.0429167
0.633617
0.771394
-0.122484
0.818006
-0.0647322
0.314543
0.407098
0.0428208
0.608332
0.111743
-2.50131
0.0779382
1.19203
-0.483314
-0.682525
-0.619465
-1.08826
0.613667
-1.02165
0.353367
-0.541085
-0.167908
0.479358
-0.298976
-0.241983
0.831615
-0.522408
0.435824
-0.517801
-0.108216
-0.0924966
-0.120611
0.186234
-2.38795
0.127151
-0.159494
-0.364272
0.19777
0.611372
-1.07334
-0.130566
-0.393565
-0.607595
-0.603684
0.122382
-1.31688
-0.701544
-0.370307
-0.32289
0.313019
0.0913435
0.633825
0.352848
0.262466
-0.27526
-0.343702
0.391384
0.979382
0.356722
-0.17552
0.116282
-0.018174
-0.776835
1.29624
-0.0904512
0.758669
0.254683
-0.29594
0.746663
-0.234349
0.0687706
-0.596096
0.417091
0.135371
0.989944
-0.462731
0.988267
0.21757
1.04447
0.138599
-0.023499
-0.463052
1.30002
-0.468893
1.07671
0.55812
-0.205705
0.552936
0.36422
-0.370997
-0.924203
-0.164931
0.207105
-0.289034
-0.162208
0.320549
-0.787264
0.247889
0.271972
-1.62902
0.997376
-0.496837
0.319979
0.175979
0.73476
-0.55484
0.686099
0.319132
0.31525
0.274689
-0.867904
0.111846
1.33756
0.722892
0.37061
0.302333
-0.369792
-0.48542
1.32638
0.454847
0.786615
0.796379
1.34989
-0.169323
0.100435
-0.686745
0.375486
-0.158907
-0.53443
-0.374126
-0.0605704
-1.06178
-0.0993799
-0.777998
0.78456
0.0267033
0.269556
-0.439133
-0.17587
0.258348
-0.610061
0.748943
-1.07743
0.677892
-0.254225
0.139418
0.00341723
0.581895
-0.458983
0.310262
-0.218426
0.147502
-0.0624461
-0.217606
-0.627781
-0.816165
-0.271474
0.0156253
0.494964
-1.37004
0.957442
-0.00502476
1.30294
1.25418
0.501717
-0.426195
-0.105378
-0.121431
0.911944
0.377375
-0.106312
-0.0543028
-0.758614
0.00206785
-0.417651
0.457333
0.196126
0.191598
0.446246
-0.23426
0.230494
-0.262577
-0.521261
0.204466
-0.242515
-0.312231
0.654242
-0.493187
0.220909
0.278365
-0.61185
0.47267
0.29524
0.149077
0.828944
0.11313
-0.266715
-0.121561
0.108618
-1.04635
-0.659653
-0.513345
-0.0403774
0.447157
0.0356785
0.627103
-0.413475
0.361629
-0.744309
-0.866685
-0.129711
0.509781
-0.0880944
-0.11461
0.107729
0.716908
1.97564
0.0212029
0.05976
-0.766985
1.0641
0.723847
0.739702
0.303186
-0.793637
0.365125
-0.578463
0.579164
-0.325211
1.35382
1.00896
0.329724
-0.014819
0.31075
0.485863
-0.340915
-0.101719
-0.40968
0.299982
-0.578161
-0.49305
0.389964
-0.695304
-0.257968
0.799704
-0.421934
-0.31833
-1.20461
0.933445
-0.702622
-0.40161
-0.319891
0.782932
0.699926
-0.387914
-1.73715
-0.262604
-0.806946
0.0206816
-0.369146
-0.428639
0.194459
-0.472525
0.260781
-0.814818
1.46542
0.295663
0.769163
-0.296384
-0.347068
0.0598392
-0.247545
-0.141314
0.425324
0.14905
-0.528945
-0.95965
-0.158063
0.642381
0.106596
-0.280719
-0.0531999
0.528319
-0.481811
1.55644
0.397367
-1.07674
-0.314975
-0.549745
0.0486459
-0.247487
0.139684
0.383607
-0.421678
0.732763
-0.264074
-0.819624
-0.13375
0.00681202
0.793409
0.600894
0.392486
-1.49355
0.884448
-0.391418
1.1018
-1.0666
1.25824
-0.36733
-1.28247
-0.395387
1.20133
0.679931
-0.829195
-1.16766
0.782067
-0.199084
1.43544
0.600945
0.00693986
0.587103
-0.634793
-0.748248
0.0480314
-0.177046
0.357765
-0.625815
0.188157
-0.676241
-0.182597
0.75022
-1.04156
0.850022
-0.386075
0.355376
-0.136553
0.528423
0.623811
-0.0301815
2.38538
-0.674964
-0.661081
0.480336
0.74259
0.105396
-1.1832
0.495448
0.186245
-0.581971
-0.48855
-0.452369
-0.714039
-0.775833
-0.67831
-0.707617
-0.869677
-0.497335
0.53332
-0.455372
-0.598242
-0.910603
-0.624024
1.10708
1.1909
0.655795
0.671809
0.6741
-0.271763
-0.322731
0.0920972
1.63534
0.216709
0.279592
-0.462772
-0.269619
0.815139
-0.0973564
0.671033
-0.102622
-0.80083
-0.0775639
0.119523
-0.920415
-1.47043
-0.0242457
-0.407952
0.223707
-0.0458224
0.386919
-0.273547
-0.343726
0.686822
0.344749
0.252528
0.837316
-1.11231
0.79514
-1.17957
0.736321
1.50593
0.77704
-0.762202
0.788779
0.367625
-0.87475
-0.0539
-0.64606
-0.561183
1.156
-0.781738
-0.254593
0.208055
0.756455
0.706981
0.277666
0.900652
0.648455
0.423568
1.04544
0.0251403
0.568839
-0.445199
0.305754
0.582843
1.34888
-0.336992
-0.670253
0.588077
0.0603479
-0.183898
0.120983
-1.06515
0.0220902
-1.04896
0.626415
-0.796606
0.0912961
0.560202
-0.977724
-0.579074
-0.623808
0.484786
-0.64829
0.0166561
0.161698
-0.0569115
0.440565
1.2866
-1.29325
-1.4341
-1.15997
-0.193165
0.48816
0.130177
0.157545
-1.27371
0.251294
-0.343349
-0.0150455
0.603003
1.03191
-0.144374
1.59832
-0.901721
-1.44038
0.994703
-0.400907
-0.169073
-0.787539
-0.320666
0.893453
-0.00678276
-1.21859
-0.294173
-0.803874
0.509064
-0.575052
-1.59916
-0.0448817
0.458654
-0.468165
-0.454149
-0.488852
0.764716
0.425259
-0.922177
-0.509795
0.348373
-0.729189
-0.162671
-0.424485
0.52762
0.34084
-0.681972
-0.656268
-0.123198
0.0160002
-0.198153
-0.0614373
-0.00388737
0.103404
-0.288547
-0.563852
0.298953
-0.549683
0.00561284
0.141059
0.977719
-0.0667212
0.290119
-0.720701
-0.129666
0.366272
-0.0635607
-0.230671
-0.390146
0.390789
0.121378
0.0283266
-0.640886
-0.72455
-0.609241
0.824647
-0.469035
1.02256
0.0347547
0.558157
-1.13075
-1.0831
0.0206667
-0.57087
-0.526273
0.60817
-0.0582601
0.0323989
-0.448465
0.358591
0.0881371
-1.13924
0.220813
-0.224312
-0.114321
0.765706
-0.363523
-0.595147
-1.6455
0.392032
0.361852
0.821659
0.500479
0.2717
0.11211
0.364832
-0.821416
0.700387
-0.0530076
0.798664
0.303643
0.494994
0.00924129
0.8043
0.554134
-0.461816
-0.376988
1.48679
0.0964351
-0.012784
1.01321
0.799896
-0.00858693
-0.360146
0.269344
0.401784
-0.663519
0.127064
-0.413331
0.479939
0.306739
-0.263545
0.344658
-0.0735097
-1.36451
-0.626524
0.352792
0.08703
0.312376
-0.151574
-0.646827
0.180222
0.326384
-0.575312
1.53985
0.0711119
-0.112535
0.619418
-0.963258
-0.0266427
0.836001
-0.879919
1.49205
-1.21168
-1.16309
0.0491809
1.19059
-1.13663
-0.198627
0.409361
0.334991
0.396844
0.899444
-0.756419
1.15525
-0.15229
0.134014
1.45038
-0.43082
-0.688228
-0.266733
0.369533
0.678865
0.615508
0.193042
0.0122402
0.830526
-0.233373
-0.889677
-0.284026
-0.63953
-0.0885152
-0.177832
-0.598703
-0.388243
-0.80083
-0.00527246
-0.0254081
-1.26385
-0.832148
-0.133783
-0.0689167
0.530344
0.916269
0.148433
0.486518
-1.09443
0.614697
0.0950007
-0.615252
0.350989
1.18962
0.944658
0.288137
0.410167
0.252003
0.399086
-0.714646
0.892277
-1.8568
-0.588963
-0.316311
-0.221127
0.390331
-0.836256
-0.0888544
-0.776839
-0.113366
-0.37554
0.386631
-0.940041
-0.194649
-0.680737
-0.906047
-0.106267
-0.495878
-0.674965
-0.536673
0.705117
-0.630881
-0.769535
-0.621871
-0.747397
1.2275
-0.10347
-0.152243
0.741151
-0.220185
0.121039
0.0436071
0.505903
-0.62055
0.880641
0.639147
-0.500763
-1.46272
0.196525
-0.0856372
-0.648103
0.646578
-0.63848
-0.483015
0.17653
-0.1464
-0.415777
-0.427002
-0.504448
0.295815
-0.232267
0.335166
0.0466419
-0.596991
-0.451131
0.155339
-0.589973
0.29677
0.158906
-0.722784
-0.580093
-0.776972
0.724681
-0.394969
0.00434618
0.0804595
-0.828987
0.799178
-0.177385
0.539113
0.624185
-0.686422
-0.231458
-0.780871
0.39005
-0.679919
-0.836281
-0.783244
-0.501717
0.110983
0.139997
1.93858
0.0285764
-0.133234
-0.684297
0.265423
-0.536791
0.368618
-0.857978
-0.963587
0.376994
-1.12266
0.552943
0.587164
-0.432503
0.633634
-0.265007
-0.763496
0.79673
0.331159
-0.384972
0.823949
-0.34903
0.0599341
-0.0183055
0.0634873
-0.323666
-0.0226822
0.467082
-0.138198
0.361627
0.0238454
0.58346
-0.554698
0.516787
0.798139
-0.156495
0.357739
-1.34669
0.130658
1.00892
0.993276
0.392926
0.119982
-0.0572587
0.330829
0.826297
-0.982389
1.21959
1.57599
0.501002
-0.0390562
0.367811
-0.520479
0.200367
0.431499
1.11316
-0.0880383
-0.560843
0.579006
-0.346146
-0.0388032
0.2408
0.794665
-0.281299
1.40769
1.29785
-0.270422
0.487314
1.11744
-0.633631
-0.0415062
0.237079
0.514007
-0.723078
-0.30628
0.00667398
1.50725
0.557274
-1.06802
0.0768053
0.357958
0.364173
-2.10745
-0.69816
-0.438542
1.3498
-0.812264
-0.376525
0.202044
-2.09628
0.176704
-0.17173
-0.53534
-0.555803
-0.73437
-0.495222
0.589989
1.00862
-0.765548
-0.781075
2.20881
0.388608
-0.930605
-0.546374
0.161684
-0.431105
1.50976
0.334319
0.23156
0.00209996
0.452724
0.696899
0.0654844
-0.541052
0.35363
-0.0648676
-2.2714
0.347239
-0.370425
-0.0695345
0.660265
0.0840865
-0.401301
1.63374
-1.16563
0.133218
0.44093
-0.0630906
0.315347
-0.390107
-0.717732
-0.617288
-0.364193
1.02927
0.373109
-0.23258
-0.724821
-0.521071
0.32977
-0.166195
-0.0414684
1.00593
-0.489588
-0.31301
-0.495322
1.24794
0.0892017
-0.91325
-1.58153
-0.228232
-0.946056
-0.929481
-0.553178
-0.819199
-0.704137
0.164302
0.529009
-0.0732115
-0.524193
-0.328771
-0.533896
0.414113
-0.514511
0.212047
0.785253
-0.0662922
0.0263604
-0.573142
0.676864
0.839198
-0.8349
-0.231303
0.580492
0.224735
0.0965401
1.24104
0.104955
0.137599
0.401997
0.0956254
0.0778043
-0.305795
-0.274458
-0.0496265
0.285803
-0.073072
-0.0863066
0.010062
-0.019093
-0.397156
0.359208
1.76249
-0.430536
0.0779202
-0.143425
-0.728777
-0.286473
0.769665
1.24316
-0.541168
1.38224
1.04303
-1.42794
-0.206284
1.41728
0.135126
-0.0533509
0.547338
-1.30905
1.02862
0.412559
0.116225
0.897118
-0.759945
0.286331
0.092304
-0.546669
-0.0981793
0.469593
-0.708576
1.63965
-0.813518
0.552888
0.346899
-0.0174231
-0.521244
-0.0911347
0.090494
0.559799
-0.890007
0.063381
-0.512476
0.355841
0.390059
-0.224471
0.0108828
-0.64965
1.04797
-0.651107
-0.578715
0.194973
-0.340794
0.125302
-0.236946
0.0581101
-0.327046
0.466064
-0.807596
0.0603758
0.334363
-0.905508
-0.311611
0.00900536
-0.974819
0.231765
-1.45426
-0.784925
0.483687
-0.814627
-0.15198
0.762322
0.26219
-0.490319
-0.0546502
0.39551
-0.0800307
-1.10934
-0.289345
0.37906
-0.905112
0.716413
-1.07275
-0.425175
-0.55857
-0.340445
0.148547
-1.01613
0.150577
0.0323458
0.904898
0.393432
-0.439608
-0.415487
-0.84672
-1.08335
0.0854519
-1.06256
-0.216443
0.334924
-0.0995666
-0.374058
-0.766062
-0.426109
-0.208092
-2.14397
-0.353782
-1.02187
-0.0394228
-0.380546
0.495293
0.242858
0.843603
-0.474984
0.40978
0.0599536
-0.512645
-0.185277
-0.142093
0.101506
-0.571233
-0.0884376
-0.665804
0.40195
0.231667
-0.316616
0.747219
-0.857784
-0.921252
-0.260902
0.207427
0.145151
-0.20074
0.674875
1.79086
-0.792303
-0.361965
0.332089
0.218182
0.778329
0.135604
0.421793
0.114538
0.409015
0.558562
1.0849
1.24625
0.642328
0.0485323
-1.05161
0.139952
0.0292267
-0.200521
-0.614236
-0.349593
-0.763694
0.544435
0.988667
0.183883
1.009
0.13454
-0.105465
0.601708
-0.0965909
0.828949
-0.891505
0.226621
-0.259697
-1.15251
-0.796126
-0.408205
-0.247785
0.00151295
-0.336267
-0.272238
-0.588847
-0.141781
-0.0981388
-0.0388363
0.0378303
-0.83154
-0.983592
-1.24369
0.397633
-0.252517
0.414782
-0.375773
-1.28592
1.28992
0.662138
0.240527
-0.870643
-0.106966
0.639617
0.193456
0.180972
-0.408822
-0.200029
0.688263
0.471794
0.222391
-1.19369
-0.440121
-1.09168
0.809762
1.11373
1.90178
0.752798
0.609778
-0.0562346
-0.379968
-0.095265
0.514405
-0.0448086
-0.090839
-0.367896
1.44661
-0.161799
-0.0330652
-0.00240341
1.43271
0.694461
-1.29837
0.368065
-1.02609
-0.248565
0.186551
0.736619
0.60194
-1.12466
-1.33166
-1.29513
-0.827444
-0.466508
0.060058
0.399532
0.37384
0.0553803
0.243976
1.29744
0.300788
0.0646416
-0.701509
0.141941
-1.07666
-0.108717
1.17027
-0.480802
0.0110373
-0.253135
0.214759
-0.237452
-0.863878
-0.819108
-0.739458
0.966827
0.755987
0.498869
-0.095048
-0.0743296
-1.66937
-0.475031
-0.530451
0.410898
-0.508866
-0.0145395
0.066633
1.21635
-0.723756
0.279503
-1.4172
-0.40572
-0.166977
-0.804301
1.09335
0.962674
-0.543471
-0.760517
-0.91016
-0.704792
0.521966
0.251334
-0.317011
-0.262924
-0.923425
0.899238
0.0998872
0.741733
-0.167505
-0.93631
-0.286842
0.0412531
0.112949
0.835663
1.47877
-0.151687
1.10887
-0.476726
-0.871139
-0.463562
0.539222
0.836672
0.734516
-0.269264
-0.338347
-0.146323
0.904266
0.559024
-0.067532
-0.428151
-1.05442
0.594956
0.406829
-0.0751371
0.0419288
-0.551294
0.20947
-0.0893537
0.334175
0.632835
-1.42169
0.231678
-0.321625
-0.329012
0.671868
0.130845
-1.00605
0.207356
-0.551929
-1.19127
-1.42816
-1.212
-0.180285
1.11175
-0.198938
0.993659
-0.446487
0.472218
-0.282516
0.190528
-0.131369
-0.222131
-0.317578
0.164605
0.270528
1.03422
-1.02954
0.774595
-0.110967
0.202935
-0.0381822
1.25275
-0.100805
0.285056
0.910237
0.138407
0.199064
0.0238041
0.461152
0.118461
0.236516
0.18877
-0.0839152
1.22261
1.07739
-0.3021
0.653742
-0.031412
-0.841425
-1.2945
0.33287
-0.191948
-0.189466
-0.0216873
-0.0997667
0.765299
0.157767
0.306768
0.974688
-0.0869756
0.567041
0.365825
-0.0705266
0.846346
0.34455
0.000581939
-0.357591
0.237801
-0.245923
0.409627
-0.701537
0.0527088
0.114424
-0.506845
-0.714453
-0.253032
0.226609
-1.09418
0.498083
-1.03261
1.08221
-0.613595
0.170958
-0.024035
1.30932
-0.876714
-0.0920075
-0.316321
0.160973
0.191794
0.171018
-0.470923
0.171923
-0.863011
-0.257901
0.705962
0.278912
1.15907
0.290968
-0.169226
-0.462096
0.408886
-0.041711
1.1958
0.976316
-0.567574
-1.34371
0.457736
-1.32049
0.996592
0.173618
0.616656
0.516705
1.17443
-0.17025
0.512705
1.55175
-0.183345
-0.570663
0.568432
-0.591301
-0.485454
-0.525387
-0.0919476
0.383396
-0.0439954
0.251119
-0.463287
-0.604086
0.926078
0.098099
-0.968586
1.29713
-0.564077
-0.5156
-0.715589
-0.142297
-0.348758
-0.79585
-0.505813
-0.0821817
-0.146514
0.263609
1.09178
-0.384537
0.647503
0.225438
-0.432302
0.630651
-0.622627
0.322385
-0.0376251
-1.30478
0.636129
0.670862
-0.363631
0.515877
-1.18735
0.389752
0.680503
0.249578
-0.693079
0.824972
0.540648
-0.532642
0.799814
-0.598205
-0.55183
0.0618927
-1.21899
-0.153393
0.0741118
-0.555393
-0.0906239
0.122157
0.413063
-1.25379
-0.607154
-0.698563
-1.13612
0.467694
0.940075
-0.362811
0.404812
-0.0740648
-1.86968
-0.771846
1.52672
-0.695205
-1.0317
0.097596
-0.0858167
-0.279551
-0.661606
0.276313
0.856811
-0.321763
-0.718028
-0.0585657
0.00979156
-0.777508
0.391363
0.00908841
0.619237
-0.637714
0.106374
0.85188
-0.350651
1.08667
0.382848
-0.695633
-0.409457
-0.868442
0.63494
0.0996389
0.0840501
-0.0343955
-0.765125
-0.172435
0.613884
-1.1669
1.6606
-0.787876
-1.0781
0.538803
0.346532
-0.509167
0.116456
-1.3751
0.0155184
-1.04444
-0.603505
-0.358845
-0.305688
-0.198508
0.526698
-0.519444
1.11288
0.0502167
1.18727
-0.995335
0.432674
-0.659393
-0.449313
-0.207536
-0.269382
-0.936223
0.0490734
0.238126
0.838368
-0.237685
0.104301
-0.779303
0.0430555
-0.388934
-0.166963
-0.637193
0.0202048
0.104603
-0.686638
-0.00405728
-0.476584
-0.0712494
-0.0179625
-0.0549764
-0.444036
-0.00372587
0.720071
-0.812223
0.0557982
0.105223
-1.82327
-0.534576
0.274854
-0.198854
1.39606
-0.0160487
-0.0136869
-0.953165
-0.479864
-0.201667
-1.24459
-0.0642639
-0.249283
0.11992
-0.248294
-1.0944
0.956854
-0.978021
0.57041
0.0190522
0.440227
-0.4998
1.16644
0.366722
0.206631
-0.279585
-0.790502
1.41092
-0.479945
0.761029
0.16522
0.809506
-0.522515
-1.10619
-0.0907418
-0.158582
-0.0282711
-1.18915
0.75225
0.220424
0.465659
0.178076
0.240384
-0.0148973
-0.359755
0.533083
-0.588793
-0.226762
0.614482
-0.106932
0.149068
-0.457941
-1.10188
-0.489551
-0.750557
0.536718
-0.12285
0.355594
-0.0863602
0.850315
-0.97144
0.609073
-0.0585631
-0.0762396
0.204212
1.53311
0.134917
-0.18684
-0.437022
-0.234209
-0.430901
0.0431322
-1.65737
0.108546
-0.104332
-0.365345
-0.760709
0.889886
0.795644
0.645362
-1.34684
1.17365
-0.63195
-0.876178
0.685921
-1.3556
1.49969
0.071639
-0.931985
-0.0191427
1.31201
-0.39006
-0.105149
0.224915
0.286203
-1.92134
-0.308411
0.698656
0.228599
-0.664353
-0.074817
0.125822
-1.49397
0.594525
-0.0554678
0.828774
-0.0107617
-0.726192
0.310589
-0.679066
-0.752758
0.706246
0.299008
-0.670252
-0.743164
-0.276367
-0.95589
0.699064
-0.41237
-0.16497
-0.0748039
-0.0421079
-0.404071
0.691733
0.248351
0.223325
0.499167
0.0640932
0.98646
-0.435091
-0.217409
0.225126
0.678888
-1.64413
0.332183
1.70646
1.04847
-1.13411
-0.400043
-0.513227
0.0600723
0.306681
0.713831
-0.226079
0.336977
0.302483
-0.492024
-0.0576254
0.534654
-0.762308
-0.249627
0.55634
0.248416
1.21788
0.780155
-0.545756
-0.812141
-0.0930718
-0.322686
-0.0332183
0.516153
0.301195
-1.15883
0.286284
-0.498748
0.714516
0.646841
0.42469
0.618655
0.266619
-0.0827171
-0.14291
-0.359441
0.435746
0.522617
0.849129
0.714742
-0.125291
1.23089
0.675083
-0.654281
-0.264811
-0.833699
-0.111519
-0.362712
-0.30368
1.15262
0.305046
1.22994
-0.149637
-1.49249
2.39908
-0.960534
-0.534009
0.11788
0.779894
-0.403983
-0.436725
0.885797
-0.81336
0.722753
0.0181024
0.310467
0.61075
0.276804
0.316574
-1.18681
-0.0364587
1.04165
0.106851
0.453203
1.00211
1.00606
0.829091
0.696145
0.972475
-0.393405
-0.637276
0.802912
0.40845
0.716768
-0.0486459
0.548295
0.237488
0.356777
-0.0288515
-2.33886
-0.338418
-0.111916
-0.550943
-0.607602
-0.691064
-0.87331
-0.782591
0.0145644
-0.400089
-1.18597
-0.676469
1.02844
-0.0107197
-0.393286
1.36667
-1.30455
0.437995
0.447614
0.330503
0.224512
0.365757
0.502481
-0.151329
0.22321
-0.469647
0.395258
-0.194604
-0.254129
3.82202e-05
2.06589
0.444669
1.11732
-0.0711676
-0.431914
-0.322129
-0.345093
1.52511
0.990316
-0.0755437
1.103
0.63016
-0.411674
-0.826022
-0.344482
0.748643
0.488286
-0.38389
0.692444
-0.387478
-0.499133
-0.295944
-0.163699
-0.258522
-0.520038
0.0998681
-0.0457059
0.590733
0.738277
0.20282
-0.867589
0.733561
-0.0437761
0.403591
1.27588
0.028116
-0.220597
0.171914
0.340252
0.90952
-1.51925
0.573599
-0.665769
-0.666884
0.0837635
0.592173
0.63137
0.0745476
-0.128875
-0.88288
0.726215
2.07411
0.613437
-0.12405
-0.455616
0.169655
0.204053
0.481814
-1.41831
0.741228
0.694039
0.653559
-1.80439
0.00174494
0.384024
0.483324
0.190502
1.12891
-1.14947
0.527258
-0.861031
-1.08933
-0.640093
1.54482
-0.491154
0.555841
0.269508
-0.849881
0.464859
0.346193
-0.172941
0.0873319
-0.186293
0.118443
0.148094
0.763228
0.543104
0.552595
0.409557
0.23177
-0.192675
0.36269
0.803273
0.736973
0.22853
-0.11891
-0.507403
0.373436
-0.808981
0.147242
0.247088
-1.01876
0.347885
-0.81568
0.532504
0.109543
0.612715
-0.775378
-1.33959
-0.520748
-0.260055
0.141308
0.0322629
0.0418245
0.527205
1.39137
0.838948
0.711428
0.669366
0.0306104
0.21303
0.266892
0.683416
-0.252249
0.424405
-0.879032
-0.137173
0.0423183
0.0945957
0.328709
1.35244
0.215187
0.786187
0.837227
0.151637
-0.58413
0.275421
-0.712105
0.961804
0.0496019
-1.04912
-0.325039
-0.482679
1.04622
-1.1459
-0.454556
0.428484
0.189903
0.178821
-0.172193
0.242768
0.386189
-0.709413
0.13525
-0.746627
-0.93932
-0.606436
-0.570013
0.722712
-0.906604
1.17298
0.364402
0.302147
-0.223383
-0.394457
-0.345808
-0.547494
0.975601
-1.26028
-0.732188
-0.538031
0.00245166
-1.35133
0.557506
0.286842
0.532668
0.0176684
1.35651
0.106685
-0.350816
1.53991
-1.02281
-1.19952
-0.416565
-0.765754
0.403667
0.767338
-1.01341
-0.487418
-0.306806
-0.267418
-0.197145
0.474682
-0.233011
1.55238
0.0196363
-0.540238
0.254439
1.39692
-0.0413928
0.258998
-1.27866
-0.604957
-0.150655
-0.71363
-1.29583
1.89206
-0.354081
0.465823
-0.702504
0.879509
0.236148
0.938927
-0.181862
-0.420208
1.05119
0.110694
0.12184
-0.226771
0.777311
-0.354668
-0.607059
-0.690841
0.205922
0.0712928
-0.0669492
0.820298
-0.498659
-0.414426
0.343276
0.550139
0.362294
-0.329465
-0.434597
0.492656
-0.462263
0.638524
-0.342535
0.358148
-0.16926
-0.219258
1.12495
0.132669
-0.0139742
-0.33594
-1.40108
-0.565108
-0.389215
0.106746
0.810764
-0.343032
-0.656342
-0.226221
-0.539677
0.497076
1.16808
-0.105414
0.536374
-0.0121598
-1.00232
-0.560717
0.607861
0.580883
0.315118
-0.0558087
-0.123143
0.514148
0.197634
1.23254
0.904126
0.226552
-0.123032
-0.932565
-0.0592367
0.103079
0.931714
0.508871
-0.0212691
-0.414207
-0.0050346
-0.314472
0.547098
-0.210242
-0.0771666
-0.148454
-0.602085
0.948315
0.0149742
0.514185
0.842904
0.280372
0.776445
0.00372533
-0.32558
-0.409744
-0.0680918
0.0111036
-0.412369
-0.796319
0.787517
-0.354429
-0.492376
0.691059
0.731371
-0.663747
-1.00068
0.38696
0.549839
-0.521761
0.171307
0.809583
-0.699137
0.494452
-0.31601
-0.594449
-0.220355
-0.77422
-0.914836
-1.20669
0.152496
0.496708
-0.154481
0.644202
1.14942
1.52779
0.411467
1.14298
0.32959
0.00274928
0.642852
-0.930392
-0.454672
-0.693812
0.129325
0.409338
1.31885
-1.23544
0.471358
0.588965
0.238604
0.427128
-1.19749
0.0359773
-0.58051
0.135505
-1.02383
-0.244828
0.909595
-0.587073
-0.13629
0.0384797
-1.1837
-0.910423
-0.755298
-1.22994
-0.358945
0.432157
0.778054
-0.725495
0.155548
0.033026
0.846628
0.763915
0.0991084
0.478918
0.0571149
0.830722
-0.276836
1.74559
-0.207546
0.0141393
-0.326525
-0.65846
0.0508025
-0.397305
-1.18745
1.18546
-0.0150751
0.25682
0.708594
-0.198285
-0.671074
-0.916261
-0.0261025
0.343576
-0.88527
-0.104049
0.913257
0.530519
-0.0261957
0.49193
-0.231362
0.44596
1.02204
-0.0983113
0.451032
0.502907
1.13011
0.815604
-0.727166
-0.981887
-0.07333
0.509678
0.0958155
0.426675
0.51857
-0.162481
-0.309933
0.342046
0.0459888
-0.763031
-0.24476
0.869723
-0.256795
-0.584762
-1.11814
-1.26696
0.302149
0.22821
-0.253458
0.351892
1.41405
-0.31877
0.0197102
0.271905
0.272349
-0.33881
0.240346
-0.402745
-0.181995
-0.372478
-0.0819726
-0.533389
0.294086
0.348981
0.565992
0.425138
1.154
-0.194388
0.861891
0.597977
0.240168
-0.469462
-0.630615
-0.451664
0.226772
0.43542
-0.498875
0.404653
-0.781153
-0.321744
0.141497
1.16135
0.942962
-0.18579
-0.0463176
0.349523
-0.557036
-0.252894
0.418793
-0.819238
-0.42203
-0.553005
-0.0296022
-0.0679067
-0.534044
-0.407078
-0.854923
0.529183
-0.511213
-0.228147
-0.948404
0.41391
-1.54864
0.956127
0.826458
1.60114
0.340003
-0.624947
0.748082
1.4064
0.469649
-0.437112
0.657982
0.369451
0.22377
0.31621
0.236798
0.698275
0.59138
-0.701497
1.22528
0.706613
0.100408
-0.259237
0.0950929
-0.44458
0.181631
-1.06692
-0.898974
-0.561638
0.166091
-0.0362182
1.11095
0.0275233
-0.748473
0.685319
-0.305801
-0.563687
-0.0333856
-0.702548
-0.0838994
-1.56075
-0.212092
0.621062
0.0738887
-0.286043
0.311293
-0.372004
0.0929912
-0.694723
0.522069
-0.359521
-0.760499
0.0208493
1.20471
-0.719948
0.335026
-0.823224
-0.280413
-0.913878
0.0613496
0.468982
-0.0211732
-0.59929
-1.68664
0.382728
-0.702151
0.973703
0.701121
1.11546
0.190609
-1.10143
-0.277642
0.383595
0.03544
0.461885
-1.40367
0.154824
0.169735
1.06998
-0.420117
-0.0126296
0.482429
-0.271378
0.190178
-0.198421
-0.702433
1.16645
-0.205176
-0.312338
0.477092
0.660267
0.67837
1.34245
0.965077
-0.101456
1.47164
0.505662
-0.273862
1.1433
-0.684368
0.834198
0.211429
-1.14376
0.368521
0.468493
0.162548
-0.771595
-0.505156
-0.240012
-0.0664175
-0.763286
-1.79844
0.563546
0.115563
0.442078
0.577356
0.377094
0.883759
-0.578021
-0.397223
-1.19649
-0.350331
-0.354021
-1.84511
-0.369339
0.534726
-1.19043
-0.333017
0.751638
0.635909
-0.531248
0.826601
-0.1692
0.964289
-0.427422
-0.700059
-0.678953
0.615387
-0.177851
0.773391
0.00984012
1.11971
-0.0816331
0.0472739
0.548434
0.353659
0.424472
0.912298
0.202053
-1.31915
1.83045
-0.506808
0.521682
0.475461
-0.689418
-0.573028
0.702155
0.152189
0.559947
0.519097
-0.119615
0.22195
0.57064
-0.0819901
-0.129788
-0.724682
-0.506121
0.529621
-0.822809
-0.216848
0.745268
0.511888
1.09723
-0.0523631
0.16959
-0.121298
-0.0600448
0.155457
-0.302882
-0.445406
-0.806775
1.39158
-0.967083
0.441009
-0.901065
0.323553
-0.377538
-0.472743
0.503887
0.529309
0.162017
0.544921
0.226912
-0.0408202
-0.206452
1.43227
-0.251061
-0.100178
-0.11818
0.801226
-0.0934777
-0.0216873
-0.460645
0.134123
1.9229
0.14123
0.240711
0.428783
0.37599
0.347359
0.0107736
-0.110946
-0.440213
-0.095935
0.418607
0.251121
-0.593179
0.861186
0.598675
0.232061
1.22849
0.571261
-0.390094
-0.80681
0.514761
0.100337
1.14633
-0.59715
0.558195
-0.637447
0.343316
0.352747
1.24076
0.74055
-0.119631
0.462786
0.24807
0.189452
0.327549
0.130458
0.401589
-0.313579
0.314085
0.0191333
-0.311432
0.534944
-0.378068
-0.0634062
-1.16575
-0.506944
-0.624526
-1.0721
-0.369487
0.237774
0.269718
-0.256909
0.263193
0.591496
0.901208
0.178381
0.85369
-0.410329
-0.00412506
-0.80772
-0.372865
0.173393
-0.305138
0.726336
-1.17223
1.06324
-0.715096
-0.635351
1.12705
-0.117628
0.169016
0.0641764
0.141406
0.101446
-0.816849
-0.235596
1.03419
0.00143767
0.518691
-0.536701
-0.393774
-0.630504
-0.949477
-1.07041
-0.672284
0.581721
-1.09654
0.842099
0.471324
-0.400709
0.338779
0.0515878
0.302047
0.841492
0.0420418
0.100004
-1.60146
-0.806943
-0.715682
0.576431
0.248483
0.378311
0.331781
0.327752
0.0827246
-0.677953
-0.0490742
0.487539
0.164447
-0.245159
0.13427
0.368819
0.0827699
-0.799253
0.433877
0.0514294
0.491333
0.0671806
-0.891528
0.610001
0.525148
0.896197
-0.915408
-0.65917
-0.636287
1.50883
-0.23562
-0.824789
-0.263091
0.682002
-0.840831
0.621543
-0.761732
-0.680755
-0.268708
0.579117
0.135274
0.429978
1.20797
1.10256
-0.188781
0.460081
0.370465
-0.421102
1.48015
0.0862579
0.26486
-0.680982
0.180153
-0.639568
-0.540975
0.383096
0.0681464
-0.403578
1.29594
0.937047
-0.320098
-0.0426711
-0.836154
0.775763
0.436866
0.842173
-0.892747
0.756876
0.720765
-0.331887
-0.22513
-0.279654
-0.509739
0.293346
-1.04714
0.139882
1.42707
-1.00374
-0.742448
-0.145145
0.527131
0.358679
-0.68865
-0.593949
0.166297
0.89742
0.157933
-0.225625
-0.0832602
0.996535
-0.211722
0.309181
0.324442
0.579514
-0.581607
0.352149
-1.45234
-0.643586
0.664947
-1.28674
-0.0146084
-0.65905
0.0872962
0.618834
-0.369525
0.243632
-0.0547589
0.0517616
-1.44492
-0.720369
-0.603574
-0.271069
0.279506
0.635471
-0.0257235
-0.693038
1.65158
0.0599418
-0.0219897
1.02284
-1.4782
-0.156554
0.314308
0.919599
-0.91383
0.25955
1.85548
1.88362
-0.742745
0.570335
0.62447
-0.180427
1.05615
-0.434138
-0.798598
-1.29807
0.935927
0.112311
0.209135
-0.794655
0.503173
-0.70659
-0.505369
0.59679
0.24351
0.473178
0.0669197
0.275893
-0.33776
0.0198743
0.481698
0.353557
-0.130741
0.461312
-1.34383
-0.381737
0.497063
0.326931
0.29552
0.495958
1.05882
-0.35113
0.0880973
-1.07531
0.248089
0.47183
-0.00697026
0.500711
0.111093
-0.666389
0.200768
0.535735
-1.69711
-0.746637
-1.33569
-0.461985
-0.207224
0.278749
-0.868918
-0.760288
-1.06148
-1.05259
-0.218721
1.08666
0.220914
-0.715853
0.128017
-0.923478
-0.751554
-0.137116
-1.69881
0.09345
0.32768
0.468974
-0.913955
0.231142
-0.531206
-0.579884
-0.430826
0.130572
-0.0563648
-0.51353
-0.529099
0.712658
-0.00854365
0.247849
-0.603151
-0.640025
-1.1949
0.205321
0.4071
-1.06999
0.230946
-0.0820666
0.376252
0.378281
-0.231813
-0.319596
-0.561983
-0.0792925
1.07936
-0.148225
0.137289
-0.405044
-0.105768
-0.836904
-0.290324
0.386239
-1.44156
0.563808
0.307501
0.798259
-0.00384239
1.14763
0.853816
-0.944989
2.13815
-0.339024
0.705626
-0.0210834
0.0905059
-0.734587
-0.162501
0.682768
-0.737357
-0.966019
0.895184
-0.358407
0.20014
0.786288
-0.616104
-0.513644
-0.286821
-0.163518
-0.0925763
-0.729486
-0.0153006
-1.37358
1.13804
-0.252935
0.818285
-1.10578
-0.31466
-0.137785
0.415733
0.385494
-0.312744
-0.531433
0.891677
-0.449447
-0.173574
-0.345981
0.741744
1.02786
-0.782299
-0.0925619
0.559877
-0.0381352
0.525429
0.173412
-1.94083
-0.126089
0.00277897
0.11809
1.02269
0.413443
0.490871
0.761472
-0.662895
-0.453792
1.00628
0.571032
0.729076
-0.431934
1.38578
-1.48064
-0.0663838
0.238768
0.160568
-0.414034
-0.0672149
-0.212887
0.375145
-0.149102
-1.41904
-0.104258
-0.458297
-0.172856
0.905206
0.177046
0.55139
-0.42519
-0.474686
0.724912
-0.106924
0.420338
-0.912859
-0.396354
-0.723615
-0.0508909
-0.331914
0.0543377
-0.00788376
0.081575
0.132486
-0.06427
-0.0831092
0.00845532
0.0154866
-1.22776
-0.284272
-0.377467
0.175684
-1.16488
-0.215046
0.967345
-0.988469
-0.258605
0.779622
0.407629
1.61822
0.338966
-0.136635
-1.31954
-0.157512
-0.736521
0.340995
-1.1577
0.65177
0.15976
-0.79348
0.0944064
1.23453
-0.122296
-0.0423608
0.343995
-0.698089
0.430161
-1.02247
0.270078
0.493408
0.820889
0.178987
0.258221
0.408174
-0.447905
-0.861639
-0.0901544
-0.193445
0.956301
0.164698
-0.755449
-0.486676
-0.204402
-1.84135
-1.24505
1.06244
0.259429
-0.343389
1.07438
0.984727
0.960469
0.455829
-0.334153
0.669316
-0.684771
-0.380868
-0.967285
-0.348344
-1.18255
-0.621621
0.131835
-0.660565
-0.538959
-0.878592
-0.395798
-1.35407
-0.557679
0.237154
-0.137697
-0.209874
0.291508
-0.358698
0.584964
-0.487462
0.437281
0.360801
-0.372409
-0.0940348
0.414836
0.40118
0.347597
-0.00881149
-0.0776473
-0.0285271
1.76495
0.755807
-0.00316371
0.676036
-0.417159
0.586592
0.242064
0.000447211
-0.368103
0.367251
-0.726748
-0.0905991
-0.313096
0.333184
-0.290591
1.0336
0.207832
-0.454695
0.424472
-0.0252347
0.515849
-0.547555
0.0853487
-0.336462
-0.719661
1.48801
1.02465
-0.0844667
-1.20931
-1.29841
-0.104675
-0.866309
-0.215174
-0.398093
-0.056737
0.671346
-0.524914
-0.355229
-0.407757
0.391429
-0.205255
0.0795319
-0.0863004
0.262382
0.227867
0.922101
-0.808202
0.119966
0.0557937
-0.573432
0.879096
-0.146463
0.84602
-0.195873
-0.0861841
0.277104
-0.435037
-0.398371
-0.318457
0.206856
-0.181933
0.836307
1.0559
0.0454818
-1.87561
0.345464
0.391892
-1.20669
0.130379
0.493043
0.107003
-0.324373
-0.166794
-0.01075
-0.347102
0.380241
0.0258733
1.13382
0.369092
0.155257
0.326221
-0.289636
-0.0984652
1.15371
-0.611915
0.374648
1.08085
0.860158
0.264055
-0.539838
0.824914
-1.18575
-1.70833
0.259757
0.586042
-0.101193
-0.118448
-0.400845
-0.305101
-0.649949
0.664247
-0.543275
0.762931
-0.137569
-0.541442
-0.467023
1.30724
-0.389922
0.372677
0.512874
-0.116037
-0.202664
-0.687768
-0.2142
0.56039
0.674417
-0.675979
-0.475811
1.55444
1.05497
-0.500795
-0.239293
-1.03911
-0.33088
0.371305
-0.000162052
-0.374749
-0.230132
0.0275642
0.45103
0.111186
-0.404869
0.689564
-0.144997
0.608806
-1.23906
0.37728
0.217445
0.403455
-0.43196
-0.352401
0.417374
-0.269257
1.42169
0.11371
-0.166022
-0.204587
0.367083
0.240009
-0.843315
-0.00380422
0.610794
0.0955582
0.712909
-1.02772
-0.312813
-0.809896
-0.23598
0.210784
0.610216
-0.286967
-0.491414
-0.325525
0.495678
0.183179
0.790699
-0.0540233
-0.783415
0.828211
0.143165
0.198513
0.852753
0.716526
0.0881962
-0.403373
-0.0607869
1.10092
0.336478
-0.139584
0.0629823
-1.01669
0.707039
1.07277
0.47505
0.92591
0.649564
-0.0653262
-0.303694
0.289829
0.711495
1.02453
0.403569
0.371261
-1.47653
-0.0108
-1.23213
0.209614
-0.466679
0.270891
0.581522
-0.634022
1.46383
-0.415563
-0.353661
-0.553954
0.679224
0.888367
0.371226
0.277908
0.770589
-0.153311
0.284271
0.344214
-0.561599
0.304717
0.361472
-0.444024
0.096007
0.369594
-0.496834
-1.40789
-0.511063
0.672029
1.0006
0.102407
1.02073
0.690547
0.962774
0.774095
-1.39993
0.0698961
-0.101077
-0.520881
-0.242464
0.716462
-0.0305036
0.0735743
0.14626
0.736096
1.30532
0.801825
0.313662
0.955418
0.738331
1.0413
0.285411
-0.209989
-1.33113
-0.00986493
-0.26498
-0.0362079
-0.503724
0.00766612
0.33595
-1.09461
-0.792437
1.65994
0.491257
-0.563102
-0.187401
0.924449
-0.614206
-1.86194
0.586737
0.185094
-0.262271
0.236728
-0.658373
-0.152857
-0.227816
0.151346
0.353356
0.249154
0.0484333
1.31012
0.915708
0.14693
0.168981
0.788495
-0.37551
0.159413
-0.545844
0.845518
-0.24094
-0.47299
-0.438277
0.571953
-1.66613
-0.0715325
-1.02403
-1.66005
-0.0435521
0.790961
1.45255
0.435522
0.3574
0.0585598
0.472447
-0.652117
-0.835651
0.768611
1.49977
-0.474503
0.417614
0.911437
-0.143181
-1.35482
0.396837
0.661466
-0.571512
0.178835
0.955465
0.158512
-0.168456
-0.154231
0.600295
-0.861796
0.0121891
0.283384
0.232667
0.662388
-0.356932
-0.81321
0.656507
0.508329
0.0632248
-0.33291
0.100488
0.204555
0.351239
-0.354018
-0.613176
0.589466
0.426428
0.584643
-0.5002
-0.19441
-0.184728
0.791499
0.115087
-0.312665
0.153478
0.123566
-0.276787
-0.989048
0.657388
-1.12254
-1.67604
-0.70515
0.142295
0.00282738
0.237811
-0.206698
0.0150863
-0.11146
1.52685
0.202632
0.570965
-0.958634
0.397173
0.425285
-0.0734834
-0.186594
0.408608
0.650923
-0.510917
0.515565
-1.46615
0.737186
-0.495453
-0.498434
-0.63757
0.552186
1.01701
0.544736
-0.141508
-0.201056
0.591842
0.136817
-1.14328
0.0426396
-0.900193
0.735713
0.976912
-1.26703
-0.421951
0.0161822
-0.0814882
-0.0321545
0.541369
1.07547
-0.0359892
0.00916488
0.371774
0.249693
-0.64796
-0.353135
0.101939
0.324802
-1.25799
0.0859202
-0.286153
-1.03931
-0.205071
0.194435
-0.221497
1.13842
0.463785
0.310903
0.233754
2.15566
0.360696
0.382465
-0.259496
0.0456104
0.42721
0.507633
-0.061556
-0.375373
-0.700683
1.5256
0.141714
0.410417
-0.745213
0.34852
-0.0402011
0.167418
-0.162452
0.19873
-0.501504
-0.711336
0.301495
-0.306444
-0.388679
0.109963
0.191738
0.182795
-0.469756
-0.062824
-0.67216
-0.560279
0.00474835
-0.645451
-0.425915
-0.366228
0.221032
-1.28012
0.313019
-0.0963575
0.691472
0.65743
-0.668576
-0.0455447
-0.142664
0.870688
-0.570011
-0.0815828
0.0419661
0.163706
-0.743804
0.148704
0.129481
0.0129766
-0.864942
0.950864
-0.390174
0.173293
0.71352
1.37859
-0.336845
0.0448656
-0.413348
-0.0993325
0.0742817
0.977371
-0.674152
-0.595087
0.0199769
0.226657
-0.27984
-0.325865
-0.479248
-0.362448
0.1083
0.0911267
-0.307697
0.122799
1.30435
-0.652939
-0.148467
-0.837182
-0.280956
-0.70072
0.445104
0.226185
0.155681
-0.549516
0.906036
0.859081
0.699209
0.0208786
-0.0248277
0.0407175
0.247881
-0.027498
1.0986
0.46913
-0.641375
0.532628
-0.900352
-0.21418
0.165468
-1.61698
-1.13968
1.58286
0.46828
1.83156
0.783435
0.211164
0.259721
0.0410665
1.23639
-0.434974
-0.0207593
-0.537661
-0.489683
-0.242154
-0.368552
-0.589354
0.885328
0.748499
-0.100409
0.601246
0.0981798
-0.0816645
0.156618
-1.69032
-1.02964
1.29112
-0.209944
-0.455797
1.16505
-0.158502
1.68355
-1.53114
0.202007
-0.839107
-0.342248
0.296601
-0.243624
-0.36975
0.803358
-0.516294
-0.0527391
1.50541
-0.510337
0.55451
0.174839
0.0017923
-0.213732
0.257985
-0.334888
1.66013
-0.263073
0.670339
-1.22969
0.724138
-0.066904
-0.293783
-0.0262863
-0.680585
0.254961
0.381232
0.254544
0.369944
-0.689146
-1.30431
1.18158
-0.987951
-0.424547
-0.122149
0.125807
-1.01553
0.166779
-0.0775483
0.938002
-0.158526
-0.205497
0.458068
0.778004
1.19608
-0.49151
0.226692
-0.115735
0.0494613
0.412051
0.615885
0.276956
-0.407453
0.1553
-0.297551
0.697772
0.954973
0.241684
-0.390336
-0.391223
0.548017
1.06091
0.0874203
-0.525138
-0.115388
-1.14495
0.840562
-0.359511
0.509546
0.047784
0.546992
-0.139936
-0.793822
0.987308
1.11122
-0.829598
0.162401
-0.399144
0.420779
-0.207376
0.177385
-0.652797
0.421854
-0.0375623
0.18906
0.0714033
-0.625659
-0.16318
0.114676
0.677848
-0.400242
0.074824
-0.454013
-0.87772
0.244665
-0.843235
0.906586
-0.225263
-0.828623
-0.00552679
-0.253512
0.587678
-0.828832
-0.48884
-0.0149395
-0.0256803
0.843935
1.67221
0.568426
-1.59424
-0.620442
0.451598
0.219772
-0.5796
-0.816426
0.225503
-1.10498
-1.02976
0.181271
-0.765258
0.316693
0.219811
0.72927
0.254447
0.169955
0.904957
0.352166
-0.665439
-0.463819
0.110902
0.646446
-0.0682246
-0.243391
1.47363
1.2826
-0.785536
-0.379774
0.660329
0.168127
-1.25735
0.923618
0.144106
-0.0134269
-0.376371
0.478458
-0.677945
-0.423029
-0.13463
0.791381
-0.301379
-0.465415
0.140548
-1.1566
0.387941
0.590362
1.05104
0.46267
1.04066
-0.103608
0.636699
-1.09675
-0.393166
0.487059
-0.404548
-0.88669
-0.298076
0.47184
-1.07244
-0.130846
-0.354586
0.284631
-0.207624
0.315744
0.223844
0.256124
0.0526724
-0.0923977
0.324614
0.296146
0.417588
-0.751588
0.0715349
0.219261
-0.24016
-0.193461
1.4014
0.311443
0.721761
-0.296346
0.528225
-0.287452
0.154475
0.187559
-0.435367
-0.180473
-0.0582981
0.39518
0.385423
0.399556
0.123357
-0.572469
0.745806
-0.440107
-0.222168
0.191788
-0.156935
0.321117
0.0968033
0.431998
0.165622
-0.943324
0.0139804
0.664301
-0.609737
-0.449535
-0.526677
-1.41371
-0.0841947
0.160242
-0.434107
0.626623
0.0837134
0.896452
0.684998
-0.292816
0.795459
-1.44128
0.550054
-0.536679
-0.419016
0.299323
-0.162376
-0.0523301
1.84363
0.342867
-0.799795
-0.245835
-0.620076
-0.391417
0.349138
1.51629
0.873457
0.719417
-0.443828
-0.22194
-0.766061
-1.03134
-0.00615192
-0.165753
-0.889865
-0.149667
-0.334515
-0.382789
-1.12385
-0.26246
1.05879
0.778212
0.780432
-0.210936
-0.564836
-0.489132
-0.277281
-0.360575
-0.490241
0.306839
0.462104
1.64677
-0.0420813
-0.679785
0.453389
-1.15364
-0.494317
-0.228318
0.294007
-0.663236
1.50556
-0.280479
-1.01343
0.160827
-0.489464
-0.0720955
-0.853548
-0.524285
0.28655
-0.0479687
0.904191
-0.00996866
1.99095
0.44264
-0.204605
-0.787879
0.757366
0.206474
-0.177903
0.438131
1.22344
0.80144
-0.454313
-0.540301
0.356155
0.292455
0.893584
-0.481853
0.773297
-0.573815
-0.211122
0.324975
-0.627374
-0.0275526
-0.514465
0.501588
0.580597
-0.830518
0.767707
0.219205
-0.820101
0.331597
-0.0471565
0.270688
-0.291892
1.13701
-0.172606
1.35985
0.408896
0.327602
-0.74738
0.026302
-0.0395945
-0.628484
-0.648816
-1.69223
-0.82913
-0.176488
0.984851
0.849355
-0.729536
1.03195
1.27458
-1.56905
-0.316857
1.48701
-0.772406
-0.569876
1.23364
-0.362374
0.76268
-0.545159
1.02807
0.261299
-0.206296
-0.208323
-0.286232
0.113647
0.936477
0.133416
1.33093
1.41306
-0.0571561
0.787253
-1.39644
-0.405363
0.687049
-0.554707
0.820394
0.353724
0.203925
-0.148703
0.742585
-0.552029
-1.35932
0.360295
-0.41762
-0.048762
-0.177024
-0.943406
-1.05821
-0.961072
0.011856
-0.0772886
0.832065
-0.215799
-0.239772
-0.290233
0.157709
-0.619587
0.868995
0.906394
-0.734155
0.55524
0.638084
-0.908856
0.188948
-0.0563772
-0.192221
0.17312
0.187742
-0.0415667
0.0430051
1.05431
-0.141119
0.359556
0.646147
-0.919359
0.673541
1.18351
0.14557
-0.127157
-0.385578
1.11149
0.645513
-0.763254
0.640427
0.151306
-0.841149
-0.506407
-0.0286537
0.0512252
0.623594
-0.627784
-0.353903
0.724938
0.446633
-1.13879
-0.852126
1.37604
-0.104069
0.473202
0.276944
1.3168
0.342889
-0.545302
0.143753
-0.4365
1.15333
0.440405
1.04782
-0.587053
-0.70659
-0.72268
1.42991
0.217514
-0.212328
0.339864
-0.0740575
0.218641
0.472614
0.0559868
0.526875
-0.440408
-0.209135
0.777171
0.363757
-0.0805655
-0.334649
0.955776
1.48679
0.0248752
-0.53445
-0.29121
-1.87701
0.0140356
-0.598511
0.288074
0.831075
-0.429949
0.151728
-0.0703396
-1.12543
0.21831
-0.300888
0.291057
-0.424975
-0.58314
0.00748386
-1.40177
0.0687856
-0.600613
0.149805
1.43779
-1.08985
-0.155686
0.204488
-0.818573
-9.63395e-05
-0.371649
-0.0285634
-2.32382
1.15481
-0.542509
0.555608
0.00910639
0.488052
1.03421
-0.349281
-0.445057
1.46078
0.296141
-0.149932
-0.780841
0.171297
0.619626
0.86376
0.733688
-0.446221
0.666766
-0.494813
0.451722
-0.113278
-0.617516
0.529706
0.115735
0.174563
-1.20099
0.465656
1.10883
-0.0661074
-0.507712
0.144352
0.156651
0.91139
-0.0381482
-0.0882111
-0.085158
-0.707346
-0.164651
1.02082
-0.22671
-0.882265
0.220302
0.53301
0.801827
1.29141
0.937988
0.166423
0.377264
-0.672497
-0.34951
-0.273272
2.2358
0.345201
-0.113557
-0.0185424
-0.0623296
-0.170622
0.197283
0.338046
-0.530179
-1.10803
1.46082
0.958309
0.99874
-0.201797
-1.31283
0.06608
0.13067
-0.723498
-0.299636
0.876448
0.171588
-0.412682
0.928801
0.518367
0.11686
-0.215804
0.219117
-0.949003
-0.268281
-0.493268
-0.782212
-0.40303
0.466619
-0.840361
0.728457
0.523569
-0.177991
-0.198077
1.09156
0.797
0.230191
-0.586712
-0.73272
0.321494
-0.462496
1.2448
0.323415
-0.155283
-0.80786
-0.349006
0.458286
0.657488
-0.789038
-0.190974
0.258519
0.466889
-0.254163
-0.244172
0.187448
0.453103
0.658142
0.454474
0.260509
0.13901
-0.236547
-0.653666
0.563115
0.0477199
0.629304
-0.183851
-0.0214297
-0.199015
0.841798
-0.609018
0.30282
0.849543
0.0632229
0.634336
-0.0654711
0.141906
-0.445842
-0.248748
0.394281
-0.531432
-0.580338
-0.046815
0.299823
0.246626
-0.677387
-0.796161
-0.861297
2.10097
-0.0529063
0.156555
-0.196123
-0.135999
-0.569178
0.47625
-0.418134
-0.962817
0.325456
-0.0834083
1.61714
-0.663143
-0.442659
0.149797
-0.378987
-0.178755
1.08026
-0.35987
1.16688
-0.045045
-0.630507
-0.219118
0.650676
-0.695391
-1.25428
0.687293
-0.753281
-0.409307
-0.0662307
0.0851673
0.70968
0.0702489
-1.36162
-0.847039
0.331606
0.9681
-0.124876
0.506903
0.290516
-0.891996
0.806397
-0.575189
-0.247085
-1.10297
0.195838
0.850302
0.0604817
0.817661
-1.25059
-0.674945
0.255906
-0.103829
-1.30224
-0.731805
1.23378
-0.00447582
0.107547
0.871215
-0.231996
-0.48383
0.690151
-0.0611299
-0.711699
0.814197
-1.64042
0.166785
-0.310755
0.0667718
-0.990375
1.08664
0.120894
0.5796
-0.781785
0.712583
-1.68658
1.06775
-0.198766
-1.05039
0.363439
-1.09649
0.236568
0.236114
-0.481984
-0.549628
0.457308
-0.140463
-0.0802897
0.50706
0.507715
0.694563
-0.985039
-0.91467
-0.458377
0.114397
-0.759685
-0.817689
0.26774
-0.623429
0.707954
0.490434
0.634197
0.23901
-1.41721
0.864082
0.280296
0.0651226
0.663378
-0.317095
0.518583
0.315788
-0.474041
0.414149
-0.41413
1.09585
-0.009793
0.191939
0.65249
0.285439
-0.16801
-0.00278265
0.770243
-0.373973
0.16477
-0.595555
-0.137377
0.665835
0.511577
0.0627608
-1.18428
0.076332
-0.802679
-0.786483
0.066356
0.722636
0.665496
2.16131
0.118135
0.172204
-0.363122
-0.643982
-0.0239736
0.523079
0.879109
-0.735164
0.918641
1.19744
-0.575083
-0.748749
0.234425
-0.371199
-0.966484
0.832192
0.600893
-0.707665
0.569752
-0.0183254
0.456608
-0.526895
0.328731
-0.176409
0.0985824
0.273718
-0.0685938
0.203352
-0.417251
-0.693667
0.129619
-0.411864
0.390603
-1.86399
0.292948
1.47272
-0.360178
0.575321
-0.98765
0.536272
-0.632673
-0.309712
0.29722
-0.3739
-0.891466
-0.250514
0.18019
-0.137281
-0.30228
0.39071
-0.599447
-0.0477519
-0.478032
0.814737
-0.421074
-0.44023
0.617724
0.533787
0.780759
0.213751
-0.482717
-0.92708
0.0276021
-0.851185
-0.916711
0.0320144
-0.98551
0.607294
0.455002
-0.276809
-1.08367
-0.806828
-1.59312
-0.877298
1.36792
1.04822
-0.430389
-0.190832
0.164472
-0.18629
0.841822
-1.16638
-0.626927
-0.451385
-0.139295
0.501974
-0.472147
-0.783642
-0.662107
-0.189609
0.506141
-0.00640915
0.795512
0.197899
-0.272191
0.597511
-0.937207
0.606811
0.568154
-0.208482
-1.93012
-0.693848
0.146153
0.623794
-0.741702
0.282537
-0.0974599
0.626
-0.161287
-0.108326
0.766934
-0.240889
-0.123018
-1.10876
0.133927
-0.0441038
-1.08909
0.522294
0.891831
-0.475707
0.400752
-0.53138
-0.10009
0.551704
-0.151158
-0.482569
0.669289
-0.11869
-0.0490227
0.569597
-0.102044
-0.61521
-0.915631
0.305099
-1.63584
-0.242298
0.401606
1.19278
-0.0524446
-0.73632
0.457194
0.28237
-0.648182
0.270974
0.154019
0.566321
0.448991
-0.227634
0.53705
0.136236
0.923485
1.91801
-0.753836
-0.00786392
-0.0689699
-0.0760035
0.931383
1.14148
-0.279127
0.0216346
1.17715
-0.10145
-0.367177
0.292242
-0.21929
0.362752
0.401153
-0.962427
-0.431352
0.754277
0.395117
0.571858
-1.27075
-0.10295
-0.751841
-0.136677
-0.662899
-0.0187833
-0.428632
0.660046
-0.245205
-1.72195
0.535984
0.421951
-0.108366
-0.865216
0.194144
-0.878802
0.373209
-0.725211
-0.920234
-0.251186
0.747159
-0.25501
0.32222
0.532404
0.395686
0.0140434
0.0937205
0.758725
-0.526718
0.169382
-0.636249
-0.0501757
-0.452583
0.613227
0.711214
0.873457
-0.115253
0.546422
-0.18731
0.26568
0.0478488
-0.280625
-0.0663357
0.0126747
-1.1467
0.0822451
-0.419091
0.152869
0.742849
-0.131322
-0.278777
0.822623
0.650112
0.816721
0.146981
-0.208437
-0.552777
-0.250557
0.0204236
0.391852
1.00997
0.148785
0.115638
0.0199305
0.306016
0.343876
0.189616
0.381253
0.504704
-0.714775
0.660986
-0.0105143
-0.288054
-0.362241
0.175446
0.4072
0.507268
0.48832
1.40196
0.790034
-0.305674
-0.598297
-1.0971
-0.311878
-0.682349
-0.289706
-0.533356
-1.17354
0.554128
0.433126
-0.0944158
-0.881871
0.412764
1.17718
-0.264608
0.512795
1.59398
0.0951188
-0.880773
0.593758
0.210448
0.536246
0.704624
-0.134676
0.161437
0.199303
0.0160487
-0.698348
1.09652
-0.862445
-0.797748
-0.0753844
1.10867
-1.02696
1.07197
-0.168267
1.28404
0.919632
-0.0830659
-1.07893
1.32266
-0.100952
0.602732
0.0834
0.211862
0.226724
-0.586245
-0.490556
0.585871
0.077276
0.615354
-1.26776
-0.521804
0.36219
0.738821
0.579622
0.433982
-0.172117
0.612771
-1.03039
-0.343371
0.130972
-0.689729
-0.252755
0.277455
0.351347
0.327419
0.00259297
0.781652
-0.831851
-0.396141
-0.893937
-0.944492
0.233984
2.05368
-0.717076
-1.05573
-0.7315
-0.419151
-0.226629
-0.214677
-0.548184
-0.0991609
-0.550518
-0.0526589
-0.144258
-1.00766
0.35012
1.06588
-0.258762
-0.728731
1.13011
1.14079
-0.570588
-0.130664
0.771395
-0.907961
-0.290294
-1.96066
-0.107726
0.259653
-0.778172
-0.640305
0.125762
0.557888
1.4877
-0.889667
-0.0595607
-0.276079
1.72709
0.572939
-0.00394242
-0.992228
0.177762
0.494777
0.345129
-0.362373
-0.933932
-0.141089
0.658642
-0.272405
0.0742957
-0.271104
-0.205191
0.0164723
0.320972
0.453829
0.0164587
0.733401
-0.645021
-0.362273
0.369573
-0.653434
0.00690541
0.858702
0.494166
0.209505
-0.698476
-0.812704
0.307696
-0.597704
-0.526683
-0.527533
0.275284
0.306079
0.618663
0.619385
0.397319
0.22045
0.175645
-0.0302833
0.397566
0.253652
0.200854
-1.63785
1.17273
0.177489
1.17501
-0.0960817
0.50238
0.596309
-0.2678
0.00611618
-0.030253
0.0045898
0.273799
0.154694
-0.147829
0.458061
0.114348
-0.288674
0.24046
0.52464
0.422307
0.133789
0.456093
0.786464
-0.0273712
0.228546
-0.166278
0.376491
0.283572
0.687725
0.121192
1.82426
0.0507298
0.265768
0.592615
0.492439
0.273542
0.786469
0.121447
0.0986226
-0.0306825
0.492966
-0.316088
0.635037
-0.146437
0.540966
0.367215
-0.736791
0.0389392
0.057156
-0.0622229
0.404073
-0.501252
0.827784
-0.286821
-0.491431
-0.242848
0.9873
-0.346365
-0.594735
0.440611
-0.955559
0.368524
0.825979
-1.7827
0.251025
0.0360148
0.592791
-0.245049
-0.018428
0.588381
0.438339
-0.0171204
-0.574628
0.660589
-0.289909
0.861175
-0.105295
-0.0954615
-0.263912
0.948641
-0.828561
0.889081
0.372178
0.328959
0.483944
0.549539
-0.292365
-0.195772
0.172623
0.484962
0.491371
-0.534519
0.535651
-0.0588848
0.900636
-0.267835
-0.399406
0.473034
-0.0769182
-0.331121
-0.197434
-0.349424
-0.401848
0.168457
-0.445751
0.111541
-0.726496
-0.660741
0.689973
1.86111
0.00927824
1.10659
0.817737
-0.1629
-0.349507
-0.0541012
0.227354
-0.317649
-1.57467
0.349954
0.194227
-0.115724
0.794009
0.173988
-0.334053
0.926258
-1.4262
-0.693052
-0.970597
-0.316203
-0.349273
0.781935
-0.590615
0.883426
0.680332
0.21349
0.717765
0.290086
-0.704216
-0.73349
0.456071
-0.152716
0.1962
-0.957805
-0.0140795
-1.02096
-0.508084
-0.288842
0.915994
-0.908385
1.41699
-0.0290923
-0.244019
-0.957874
0.102649
0.22319
0.753127
1.64666
0.606615
0.0769466
0.342053
-0.22287
0.974528
-0.189931
-0.44373
-0.977549
-0.439855
-1.35183
0.141182
1.30341
0.380602
0.846492
0.776214
-1.05154
0.301394
0.404443
0.0106554
-0.362915
0.193706
-0.29801
0.0120831
-0.115345
0.270683
-0.0173193
-0.491903
0.433338
-0.471442
-0.0318453
0.0383335
0.337397
0.756583
-0.0414338
-0.0474327
-0.301925
0.502833
0.276098
1.68831
0.273653
-0.396602
-0.474919
-0.243058
0.102537
0.432196
0.323084
-0.612291
0.842625
-1.19774
0.915683
0.00466288
-0.2612
-0.0882948
-0.426607
0.271295
-0.682816
0.630011
1.23162
0.662836
0.601301
0.329032
-0.245751
-0.00579364
0.171587
0.147448
0.916213
0.601749
-0.254084
-0.195897
-0.197951
1.60994
0.469523
-0.629581
0.0605784
0.675565
0.518887
-0.741389
0.203503
0.314621
0.721881
-0.969185
-0.184646
-0.0574669
1.03045
-0.406654
0.157231
0.506704
0.131981
1.89035
0.488019
-0.0113095
0.698604
0.228956
-0.213671
1.46787
0.502029
0.246831
-1.23477
1.60975
-0.197972
-0.630689
-1.13899
0.001621
0.498709
0.236765
-0.263502
0.123494
0.148213
-0.0910243
1.08831
-0.259042
-0.186635
-0.174163
-0.632787
-0.163033
-1.42119
-0.179227
0.113794
0.342974
0.314551
0.709431
-0.0671486
0.329902
-0.257386
0.88437
-0.246037
0.867992
-0.510091
0.319179
-0.0725676
0.892369
0.034945
-0.437563
-0.228968
0.360912
0.860422
-1.15209
0.616308
0.400488
0.157522
0.563087
-0.809423
0.535256
0.715668
-0.0791101
-0.0774386
1.32324
1.47007
0.516027
0.0734943
0.180538
0.153174
-0.550851
-0.580588
-0.554274
0.422879
0.471458
-0.202486
-0.00243483
0.0365523
-0.902388
-0.142718
-0.147858
0.00389271
-0.836792
-1.04574
-0.0540322
0.262489
-0.253166
-0.207052
-0.0458586
0.190078
-0.13451
1.45255
1.31166
-0.0154495
0.574715
-0.921851
-0.472226
-0.48137
0.298381
-0.705701
0.334846
0.106283
0.862515
0.844425
0.569149
0.295671
-0.23571
0.328012
0.206507
-0.83804
-0.266681
-0.0721059
0.366656
-0.0394754
-0.875284
0.248402
0.506599
-0.265613
0.85664
0.642123
-0.856594
0.691906
0.660199
0.147317
-1.5679
0.760663
-0.189524
0.182568
0.43975
0.580128
-0.605684
-0.063604
0.729062
-1.40905
-0.411367
-0.117739
-0.0924702
-0.263099
0.38415
0.245546
0.727557
0.681515
-0.24581
-0.449623
0.0197132
-0.541823
-0.924272
-1.28317
-5.6568e-05
-0.427887
0.844625
-0.435204
0.693851
0.310246
0.733054
-0.122272
-0.152776
-1.07284
0.441295
-0.610163
-0.388733
-0.288163
0.0933221
-0.287246
0.113596
-0.759597
0.238385
0.511609
-0.689908
-0.121089
0.219711
0.978177
-0.129557
0.516598
0.0165848
-0.502372
-0.204151
-0.909148
-0.804261
0.876127
-0.156095
-0.237735
-0.418733
0.58184
-0.475097
-0.324318
0.0353937
0.030635
-1.00483
0.11051
0.611576
-0.668972
-0.698009
0.88625
-0.613956
-0.492737
0.328384
-0.223583
0.501612
0.0940072
-0.383788
1.06545
-1.01936
-0.160635
0.137947
-0.248678
-0.0989536
0.416045
-0.594586
0.814294
-0.00425554
-0.678198
-0.688704
0.220431
0.7406
-0.618212
0.0786174
-0.287985
0.678706
0.117309
-0.372809
0.0738228
-0.339005
-0.53441
0.522157
0.594248
-1.27913
0.297606
-0.695932
-0.489852
0.874843
0.239044
0.907889
-0.896643
0.487783
0.763287
0.441456
-0.393924
-0.537402
-0.202091
-0.0498703
0.867017
-0.00525342
-0.201397
-0.614844
-1.08776
0.217321
-0.748218
0.664915
-0.108017
0.703766
0.588417
0.0716616
0.317403
-0.362907
-0.711141
0.533355
0.0159325
-0.44375
-0.123629
-0.889497
-1.47605
0.693931
0.824363
0.0342772
1.22261
0.0424587
-0.556388
-0.253791
-0.690939
-0.544121
-0.591193
-1.25093
0.0417244
-0.501503
0.0509998
-0.979869
-0.50715
0.306216
0.30588
0.148655
-0.0520598
-1.12353
0.125813
0.0812644
0.486525
-0.12522
-0.804724
-0.332176
-0.267042
0.548399
0.228533
0.523649
1.38721
0.31403
0.415842
0.069606
0.832488
-0.400523
-0.231434
0.43803
-0.312362
-0.461017
0.474792
-0.2379
0.386336
-0.22241
0.223801
-0.0563458
-0.842914
0.561521
-0.696783
0.509919
-0.291935
-0.346305
-0.0970526
-0.155409
0.0580366
0.109496
1.87214
-0.498183
0.157377
0.134524
0.0510696
-0.283321
0.814784
-0.716585
0.177619
-0.251529
0.104466
0.511129
0.0824605
-0.34577
-0.473787
0.305756
0.4967
-0.204707
0.774841
0.384212
0.074877
0.0869499
-0.452438
0.580496
-0.459714
1.02511
-0.835339
-0.702528
-0.261803
-0.249584
-0.0334509
1.93412
-0.0976404
0.612759
0.459373
0.541777
-0.00178505
0.984221
-0.826426
-0.205663
-0.806559
-0.763143
0.153391
0.390041
-0.349137
0.400524
0.426866
-0.388819
-0.361355
-0.0160267
-1.1027
0.319055
0.871011
0.633991
0.342427
-0.895676
1.34635
1.27464
-0.0592524
0.337923
-0.283733
-0.133369
-0.939665
-0.901392
-0.315536
-0.998574
1.19188
0.616112
-0.126666
0.288916
-0.9017
2.31523
-0.416461
1.02445
-0.20258
1.39468
0.0917742
0.125297
-0.429108
-0.143946
0.223865
-0.79628
-0.434318
-0.241693
-0.28892
-0.645721
1.09808
-0.818494
-0.713358
0.515552
-0.556401
0.0629441
-0.320388
-0.249379
-0.411234
-1.1283
0.424311
0.51798
0.327502
-0.62184
-0.820989
