-0.142134
-0.737898
-0.230793
-1.35407
-0.0200018
1.41288
-1.1939
0.367763
-0.43437
0.614074
0.546321
-0.749729
-0.848933
0.491259
0.207369
0.193186
-0.0267344
0.225681
-0.165633
1.11029
0.710089
-1.18109
0.612909
0.502289
0.731762
0.343366
0.477517
0.793086
0.186381
0.532598
-0.150016
0.315747
-0.354783
-0.55127
-0.609874
-0.612662
0.326105
0.46984
-1.02633
0.916122
-1.31221
1.32827
0.271438
0.662667
-1.2264
-0.521571
-0.0364491
-1.07894
1.12125
0.26676
-0.0433951
-0.455203
0.0456879
0.702246
1.7285
-1.02861
-1.03102
0.551459
-0.593345
0.557113
-0.247686
0.132416
1.18767
0.47911
0.117384
-0.99794
1.44009
-1.02123
-0.691522
0.380068
-0.655921
-0.107108
0.542997
-1.55351
0.233123
0.44155
0.139079
0.321745
-0.445294
2.0234
0.319233
1.63071
-0.24162
1.09526
0.191549
-0.0552236
-0.90076
0.427577
-0.437651
-0.554556
-0.0381325
-0.0891602
-0.0673873
-0.333274
0.0844476
0.262974
-0.244214
0.504807
-0.656205
-0.316831
-0.805786
0.280988
-0.0805464
-0.00430492
-0.349431
-0.565215
0.57199
-0.880309
-0.938203
-0.683449
0.481375
0.852015
0.515586
0.709343
-0.118641
0.476119
-1.7706
-1.14764
-0.150122
-0.0660613
-0.271389
-0.509099
1.03675
1.33994
-0.964461
-0.0830072
-0.218673
-0.88439
-0.862164
0.905851
-0.247518
0.0668561
-0.12444
0.645974
-0.508633
0.913517
-0.480901
0.975187
-0.213248
0.573659
-0.279472
0.87185
-0.14855
0.309759
-0.0933704
0.876451
0.496855
-0.181581
-0.582261
0.338071
0.00349759
1.09121
-0.806385
1.58821
-0.293869
0.477561
1.35131
-1.1382
-1.45635
-0.880181
0.718922
0.969376
-0.819646
-0.902668
-0.00356376
0.258566
0.395718
0.0670493
0.376232
0.270021
-0.123807
-1.38818
-0.142031
1.30541
-0.16614
1.26508
0.850141
-0.957765
-0.309406
-0.208473
-0.27336
0.41573
-0.452933
-0.132341
0.498177
-0.413949
-0.263576
-0.218734
-0.474025
-0.719107
0.667343
-0.0388444
-0.294851
0.947811
0.101506
-0.0776192
-0.586242
0.527375
1.41714
-0.225953
-0.660558
0.379475
0.259839
0.141509
-0.0594972
-0.300782
0.0801956
-1.04656
-0.319138
0.694797
-0.330786
-0.332569
-0.886557
0.488149
0.0355824
-0.716266
1.4707
0.487583
-0.317232
-0.66984
0.193341
0.812638
-0.00337327
-0.395282
1.14627
-0.507111
0.643713
-0.690309
-1.24277
-1.0862
-0.832764
0.973976
-0.724376
0.801354
1.3411
1.16457
-0.39469
-0.491109
-0.624873
-0.151876
-0.579948
-0.0273731
-0.312427
-1.35641
-0.171932
1.16272
-0.527911
-1.15732
-1.87122
-0.0943952
0.788362
0.0225241
0.168127
-0.659072
-0.630966
0.324613
-1.1657
-0.0841396
0.185746
0.195785
-0.288488
0.238142
-0.826462
1.02079
1.90219
-0.78164
0.0715954
-0.336833
0.920702
0.351209
-0.787465
0.181857
1.24821
0.152791
-0.64957
0.643446
0.143063
0.900504
-0.547029
-0.456481
-0.0619124
1.21111
-0.689876
-0.437562
0.151169
0.19771
-1.95691
-0.64333
-0.183889
-0.978617
0.29464
-0.472793
0.706802
-0.859094
-0.066629
0.0155217
-0.686174
-0.0267223
-0.703288
0.105872
-0.0346225
-0.999933
0.299355
-0.155389
0.784745
-0.992095
-0.389564
0.871935
-0.00514029
-0.96387
0.0668126
0.221675
0.273068
-0.399437
-0.744246
-0.0206541
0.264552
-0.763982
-0.441447
-0.63385
-0.220664
0.169491
-0.263492
0.828906
-0.95032
-0.460959
-0.692824
0.159218
-0.572619
-0.206594
0.225811
1.58499
1.0739
-1.17145
-0.0395934
-0.00193996
-0.123836
0.554663
0.00648022
0.0172147
-0.0299031
-0.483913
1.0046
-0.567123
-0.649202
-1.28048
-0.0157045
1.31326
-0.403185
-1.21041
-1.42694
0.0728175
0.146956
0.344381
0.0597875
-0.0695788
-0.344702
0.271861
0.773664
0.697956
0.988388
-0.252643
1.02381
-0.752543
-0.094608
0.732754
1.10719
-0.236392
-0.0501687
-0.986337
-0.452445
-1.86914
0.81043
-0.767463
-0.0172938
1.45624
0.20999
-0.747286
0.595285
-0.826239
0.145053
0.245295
0.237968
0.0255056
0.573148
0.204513
0.128243
0.0254201
0.0923419
0.230829
0.281432
1.51046
0.431731
-1.00671
0.416193
1.5925
0.0033148
0.698467
0.801028
-0.0169714
-0.391068
1.05267
-0.699906
-0.476952
-0.0390893
-0.475988
-0.496814
-0.839706
-0.16691
0.126713
-1.01364
1.79456
1.21727
-0.934457
0.0643579
-0.302329
-0.847982
-0.523085
0.071009
-0.0759885
-0.424832
-0.816608
-1.06675
1.08886
-0.273614
0.133185
-0.176829
-1.0355
-0.967888
1.32118
1.38366
-0.123957
-0.0668089
-0.121816
0.287204
1.37843
-0.646712
0.196113
0.522235
0.629061
-0.793217
-0.631234
-0.185777
0.674896
0.241755
0.412635
0.840954
0.327596
-2.0136
-0.648292
-0.902127
-0.275823
-0.0254564
-0.122308
0.226801
-0.396125
0.848468
0.0539329
-1.13125
-0.184551
0.00955573
0.852678
0.0856331
0.120871
1.565
0.349116
1.42984
-0.676686
-1.39315
-1.48534
0.319618
0.00701779
-0.567338
-0.27476
0.00951285
-0.454176
0.229339
-0.919745
0.376983
-0.0671434
-0.103406
-0.508576
0.768748
1.13644
1.22083
0.399277
-0.40015
-1.35812
0.669977
-1.00604
0.200018
-0.414121
0.00347715
-0.0411811
-0.332846
1.03426
0.875326
-1.45523
0.344212
0.447219
0.0320063
-0.276769
0.0249991
-0.118787
0.791652
-0.667401
-0.342524
0.343628
0.473002
-0.380654
0.00991973
-0.49086
-0.0869229
0.601906
-0.235846
0.130509
-0.844135
-0.37487
0.639176
-0.0392587
-0.294007
-0.60854
0.36454
1.12146
1.08879
0.688101
-0.39659
0.797873
0.86775
-0.165244
-1.003
-0.940108
-0.115441
0.533981
-0.707798
1.76368
-0.982643
0.586479
-0.914049
-0.320806
0.953145
0.113276
0.351305
-0.208514
1.77653
-0.888919
0.90869
0.154599
0.355968
-0.581448
-0.373736
0.283138
0.0132721
0.00196817
-0.282897
-0.904669
-0.584837
-1.3217
0.984287
1.12533
-0.0307989
0.0950998
-0.237472
0.063699
0.135913
-0.0437154
-0.342154
0.519145
0.254832
0.421221
0.50399
-0.475242
0.413468
-1.95158
0.206021
-1.69827
1.79607
-1.17966
-0.443266
0.560293
0.257883
-0.350206
-0.0633174
-0.652684
0.760305
1.5229
-0.0296209
-0.153103
-0.646453
-0.0814675
0.164774
1.60285
-0.567195
-0.360433
-0.0869218
-0.393247
0.144604
-0.447136
-0.216212
0.103596
-0.683892
0.538917
-1.82514
-1.06363
0.431156
-0.485476
1.70858
0.158372
-0.691384
1.30261
-1.11913
-0.0946726
-0.268656
-0.147036
-0.499757
-0.379823
0.274045
0.367517
1.48611
1.07524
-0.729049
-0.773492
-1.15985
0.53618
-0.315336
0.507217
0.711393
0.963797
-0.731695
-0.520375
-0.658396
0.520961
0.0934038
-0.270129
0.353296
0.190037
-0.0553373
0.708446
0.903471
1.4557
1.61079
-0.970256
-0.919387
1.48012
0.182776
0.130832
-1.21895
0.734209
0.142095
0.262928
-0.665183
-1.03035
0.286351
-1.0179
0.270044
0.280651
-0.10501
0.134466
-1.05218
0.660262
-0.109623
-1.5405
1.11783
-0.221441
0.842894
0.447934
0.315242
0.596501
0.956057
0.971437
-0.337606
-0.00925106
-0.382446
0.956849
-0.845346
0.549982
-1.05581
-0.689922
-0.606636
0.925766
-1.01824
-0.132616
1.2926
0.0551014
1.08653
0.88566
0.19664
0.771146
-0.181909
0.911716
-0.719492
0.337726
-0.762393
-0.199594
-0.150924
0.245029
0.378946
-0.0853148
-0.331801
-0.379072
1.27739
0.260935
0.619953
0.268679
0.440342
-1.62148
-0.225746
0.388534
-0.15056
-0.283712
0.186005
-0.217194
-0.984759
-0.970135
0.501448
0.248758
-0.392995
0.143114
-1.71699
-0.522927
-0.884773
-0.0426437
-0.187139
-0.106077
0.856116
0.500311
-0.0618185
-0.0214609
-0.169165
0.510896
-0.0663404
0.137471
-0.264094
0.591949
-0.0472931
-0.00437402
-0.364081
0.255191
0.933399
-1.3742
-0.253619
-0.402684
-1.00446
1.16312
0.139682
-0.361328
0.484845
0.0256717
-0.743549
-0.197107
0.299565
-0.857163
0.0127564
0.517478
-0.310014
0.666813
0.525572
1.85525
0.301541
-0.472719
-1.60044
-0.256804
0.253201
-0.175188
1.12691
0.22176
-0.665359
0.678701
0.831881
1.09356
0.32816
0.483092
0.357325
-1.27805
1.07885
-0.200294
-0.491534
0.186495
0.310934
0.917757
0.382339
-0.961668
1.11921
0.108187
-0.187014
0.323455
-0.222076
-0.189926
1.15023
0.243314
-0.00447149
-0.870294
0.604754
-0.785579
0.120458
-1.41854
1.24319
-0.526497
0.985947
-0.663063
0.123615
-0.803641
-0.0954707
0.282447
0.0554623
-0.055878
-0.540309
1.31447
0.0207533
-0.960773
-0.791589
-0.534778
0.286021
0.0608066
-1.44309
0.755845
0.921196
-0.571869
0.412763
-0.678813
-0.462145
-0.0895031
-0.0541207
-1.48244
-0.562728
-0.13154
0.647303
0.393413
-0.734864
0.178134
-0.562124
1.64941
0.380625
-0.670301
-0.781453
0.723928
-0.940453
-0.0496312
-0.435328
0.259408
-0.696486
0.878786
-0.28472
1.54478
-0.720331
0.0628197
-1.30276
0.324857
0.969076
-0.532135
0.657287
0.830872
-0.166353
-0.301829
-0.456735
-1.38719
-0.451534
-0.00576574
-1.12436
-1.27277
1.12986
0.912972
-0.246134
2.04027
-0.585508
-1.87139
0.333509
0.967111
-0.762257
-0.899687
-1.37634
0.807706
-0.0998329
0.0290975
0.0585689
0.45419
-1.00359
0.644241
0.813621
-0.714802
-0.856222
1.66337
-0.376692
0.223351
0.393924
-0.394953
-0.842078
-0.36777
-0.0269662
-1.29773
0.350873
-0.827558
0.107185
0.542084
-0.0524537
-1.67591
0.316482
-0.93241
-0.517596
-0.171587
0.482629
-0.252689
0.287709
0.250687
-0.303721
-0.451838
-0.227212
0.769357
1.36717
-0.61026
-0.040082
-0.0864777
0.614605
-0.209466
0.989722
0.664459
-0.150904
-0.360093
0.574245
-0.245284
1.18948
-0.0184374
0.230871
0.540859
0.184876
0.20979
-0.613917
0.189139
0.109577
-0.233267
0.754017
-0.1195
-0.954255
0.418973
-0.563489
0.331384
-0.897888
-0.872514
-1.01103
-0.202576
-0.554037
-1.04851
-1.36849
-0.758647
-0.451387
0.184449
0.202082
0.264582
1.73075
-0.343471
-0.650206
0.160065
-0.0253512
1.84858
0.748587
-0.38246
0.0382345
-0.529625
0.693929
-1.25491
-0.0604655
-0.258013
0.076181
-0.844628
-0.697445
0.0565335
0.619778
1.56163
0.513696
1.3581
0.540672
-0.887703
0.170307
-0.703149
-0.0818902
-0.363802
-0.355493
0.27696
-0.700228
-0.33022
1.28825
0.182523
0.832954
1.08298
-0.886085
1.12844
0.436569
0.339926
0.564387
1.35675
1.08434
-0.20869
-0.59762
-0.250239
-0.72745
0.112722
0.370802
-0.0434542
0.81281
-0.537267
-1.69564
0.461189
0.443987
0.107059
-0.4536
0.292172
-0.728112
-0.210666
0.369894
0.572963
-0.503326
-0.177627
0.328716
-0.836024
0.438097
-0.295179
-0.317705
0.00267659
-0.190173
-1.0205
-0.0389984
-0.129478
0.837296
-0.222495
-0.776459
0.124236
-0.173443
0.272257
-1.25898
0.132986
0.135133
-0.0319602
-0.0436278
0.314218
0.203225
-0.337586
-0.97042
0.272731
-0.972512
-0.368842
-0.513703
-0.816429
-0.987363
0.156972
0.0243465
-0.0131978
-1.72494
0.565886
0.445089
-0.650434
-0.440635
-0.653153
0.473618
0.0222216
0.426349
0.212611
0.872081
0.709386
-0.263403
0.0761027
-0.400194
-1.42317
0.754988
0.020112
-0.360307
0.737091
-0.474921
-0.451712
0.414195
-0.272605
-0.41759
-0.29642
-1.25498
-1.0547
-0.0260393
1.18146
-0.590349
0.455678
1.10444
-0.042486
-0.298093
-0.574536
0.741434
0.13445
0.500728
0.172812
0.697068
-0.571842
0.471353
-0.12812
-0.210785
1.66101
0.900623
0.549611
-0.152121
-0.407966
0.0521469
0.441493
0.509711
-1.28301
-1.26556
1.0337
0.960226
-1.51905
0.0620935
0.993614
0.687476
0.594431
0.103616
0.89688
-1.84653
0.728092
0.474364
-0.142659
0.121373
0.885448
0.168116
-0.944801
0.567821
1.03151
0.238538
-0.475251
0.155783
-1.19981
0.213153
-0.702784
-0.70052
-0.704757
0.641599
0.272939
0.31988
2.06572
0.0595357
0.0246848
-0.0625675
0.831499
1.13027
0.299381
0.486383
-0.834198
-0.645302
-0.872663
0.267951
-1.19102
-0.419064
-0.698789
-0.235582
-0.30011
0.644714
-0.564681
0.271794
0.509386
1.42051
0.903727
0.0200337
0.341028
0.846079
-0.595265
-1.21603
0.426187
1.11769
0.56224
0.140649
0.372469
0.492079
0.578123
-0.698501
0.353021
-0.914808
0.544849
-0.574415
0.0136369
0.331194
0.333504
-0.638403
1.05011
0.156027
-0.379239
0.548968
0.296196
-0.136376
0.643207
1.22765
-1.21328
-0.164276
0.831414
1.1189
-2.19932
-0.00312157
0.219464
-0.275032
0.135073
-0.694954
-0.144787
0.436936
-0.0472713
-0.0585176
1.08668
-0.164216
-0.091778
-1.65738
0.305553
-0.231813
0.851041
0.456206
0.438721
-1.04997
-0.299132
-0.152356
0.679883
-1.31613
-1.39832
-0.0620946
-0.217869
0.224222
-0.256233
0.937795
0.78737
0.12438
-0.262164
-0.265601
-0.0859581
1.14317
-0.308136
0.322033
0.203558
-0.0531703
-0.257883
-1.06809
-0.0127782
1.9982
0.0986635
0.836928
0.462725
-0.440576
1.1321
-0.834116
1.4399
0.990033
0.0682957
0.400204
-0.439289
-0.416188
-0.00430772
0.216757
-0.343696
-0.697929
-0.518806
1.16163
1.21476
-0.686858
-1.1629
-0.769828
0.224631
0.197227
0.295541
-0.329122
0.525525
0.393579
0.0438858
-0.213326
0.276472
-0.532057
-0.330644
-0.563063
-2.04002
-0.249942
-1.07749
0.481644
-0.0361128
0.794914
-0.771164
0.351342
0.382621
0.886689
0.0984669
0.109018
-2.13057
0.11965
0.508374
-1.05068
0.248056
-0.211929
0.02975
-0.130174
0.0116708
-0.106193
0.903299
-0.489624
0.741816
-0.238637
-0.760888
-0.658965
0.526751
-1.3213
-0.247536
-0.0493241
-0.594613
0.623238
0.451216
-0.52786
0.522987
-0.578531
0.82686
-1.03855
-0.248253
0.0612246
1.00169
0.0275724
-0.0168784
0.645215
-0.273124
1.26958
-0.11765
-0.202542
0.814659
-0.748022
0.216396
-0.251276
1.2554
0.10916
0.796263
-0.0400147
-0.109399
-0.104321
0.0928673
0.181047
-0.13572
-0.147871
0.0222817
-0.984012
-0.384149
-1.7978
0.232281
-0.31174
0.178083
0.0579822
1.44158
-0.893901
1.12859
0.193955
-0.578384
-0.208199
0.594747
-0.450697
0.616802
0.0336652
0.194725
-0.215991
0.0922982
-0.205013
-0.169308
-0.6977
-0.223252
0.173731
-0.705794
-0.00455527
0.503505
0.951548
1.4075
0.931748
-1.29192
0.914595
1.18663
0.706203
-0.851765
0.770703
1.38977
-0.719129
0.748449
-0.578484
0.511597
0.999657
1.26174
-0.545423
0.19786
-0.242254
0.418345
1.6569
-0.286367
0.0823363
0.530527
-0.27628
0.490195
0.720121
-0.520242
-0.721796
1.12641
0.0259307
-0.146281
-0.693949
-0.606787
-1.83859
0.090265
0.0696528
-0.786561
-0.608917
-0.174846
0.12023
-1.05833
-0.421556
-0.0808639
-0.705696
-0.231242
0.195304
0.402229
0.583903
-0.243511
-0.512482
0.673206
0.354864
-0.363155
-0.436677
-0.657221
-1.09508
1.33581
-0.180875
-0.173466
0.695046
-0.0668248
1.00163
1.01606
0.0720351
-1.11546
-0.393691
-0.601155
0.0450314
-0.641384
0.0145555
1.58905
-1.25951
-0.340495
0.0509576
-0.854766
0.197184
0.653877
-0.10607
-0.841764
-0.538611
0.282868
0.683278
0.979974
0.812553
0.167433
0.122419
0.126115
-1.11113
0.186079
-0.433744
-1.45886
0.207444
-0.679196
-1.28771
1.47378
0.0126689
0.293623
0.512439
-0.85354
-0.252519
0.661578
0.270064
0.480504
0.300637
0.433873
-0.767481
0.701518
0.364427
0.0929451
-0.507171
1.03966
-0.716739
0.119621
-0.419685
0.774663
0.292567
-0.536424
0.889642
-0.122716
0.125819
-1.11694
0.160018
0.204957
-0.332474
-0.407445
1.28673
-1.11905
0.780995
0.978059
-0.296209
0.602847
-0.64736
-0.737897
0.445955
-0.903447
-0.432507
-0.590747
0.57734
1.39489
-0.330985
-0.819315
-0.205346
0.156087
0.508408
-0.691848
0.885486
0.213617
-1.04554
-0.27513
-1.02746
0.932888
-0.132098
0.396628
1.52674
-0.892428
-0.425466
0.098313
0.550813
0.515001
1.64907
0.598807
0.23289
-1.46101
1.18044
-0.91515
-0.232337
1.39744
-0.00332124
0.357588
-0.40371
0.170641
-0.614899
-0.225866
0.0301495
1.20745
-0.161942
0.439237
0.120545
-0.722639
0.162505
0.23203
-1.00559
-0.0299961
-0.279172
-1.69146
-0.0333427
-0.206958
0.0387203
-0.684747
0.154411
-0.0215297
0.143507
1.54145
1.04592
0.529915
0.235097
-0.582975
-0.622696
0.546084
0.147865
-0.444972
0.223627
-1.286
1.2032
-0.392173
0.496089
-0.95591
-0.835961
-0.27887
-0.236263
-1.32008
-0.845772
0.577
-1.13865
-0.381579
-0.758444
-1.1157
-0.204531
1.27281
-0.0704927
-0.239572
0.848053
0.204503
-0.43133
0.976933
0.534499
-0.306903
0.296917
-0.210546
0.0837133
1.3114
-1.3795
-0.602687
-0.824546
-0.139273
-0.309252
-0.215732
-0.56628
-0.367672
-0.0497696
0.606107
-0.532295
1.01773
0.916238
-0.422173
-0.175482
0.211192
0.574468
-0.621998
-0.142497
1.14501
-0.0766125
-1.59327
0.00761961
0.558155
0.48214
2.08807
-0.250398
-0.652237
-0.588797
-1.56545
0.213883
-0.49081
0.443459
0.406693
-0.637404
-1.02068
-0.107569
-0.594618
0.28733
-1.54084
0.735821
0.588717
0.427114
-0.0846211
0.0213293
-0.224744
0.475031
0.482154
-0.408769
0.930001
-0.878531
0.563577
0.0126619
0.57363
0.263382
-0.71116
-0.599796
-0.657406
0.671544
0.729695
0.745482
-0.0765164
-1.20784
0.213745
-0.396118
-1.45083
0.00119873
-0.953883
0.422645
0.276412
0.439719
0.346746
-0.397273
1.20754
0.101287
-0.944242
0.607503
1.26899
-0.0546252
-0.589534
0.0527162
-0.203984
0.252598
0.559625
0.0269434
0.0918131
-0.509924
0.854709
0.388045
0.043572
0.25343
0.200191
-0.181885
-0.671843
-1.10847
-0.528862
0.0689129
-0.13621
0.164397
-0.0834013
-0.502245
-0.350064
1.26728
0.628154
0.799349
-0.26328
-0.105204
0.793677
-0.208097
0.354274
1.14002
-0.310401
1.08183
-0.553521
0.0668979
0.882784
-0.760749
-1.0136
0.809279
-0.185068
1.00023
0.850701
-0.53549
-0.706766
-0.0736133
-0.485873
0.224091
0.368274
-0.239624
-0.556811
0.671659
-0.727452
-0.20479
0.56145
-0.920574
0.0429961
-0.377065
-1.63565
0.556897
-0.0675121
0.898712
-0.168629
-0.831214
-0.316781
0.782906
0.324667
1.0718
-0.753631
1.20442
-1.27658
0.339055
-0.302834
0.164692
-0.300161
-0.73887
0.118624
1.28169
-0.649078
1.01316
0.0205233
0.587766
-0.109404
0.107074
-0.532869
-1.19949
0.383872
-0.644853
0.257374
-0.911786
-1.12065
0.61445
0.0922874
-0.725619
-0.666413
-0.573105
-0.5749
-0.0921681
-0.519646
0.86091
0.203322
0.449827
-0.0952573
-0.19513
-0.660003
0.442758
0.446181
-0.581104
0.203465
-1.05319
-0.197776
-0.230345
0.494861
-0.774137
-0.562572
-0.230355
0.996771
-0.455932
0.711455
0.151956
-0.302331
0.282302
-0.0128204
-0.84064
-0.569851
1.19144
0.941186
-0.469293
-0.36273
0.1567
-1.17021
0.354025
-0.115452
0.192241
-1.78202
0.262762
-0.751619
-1.35831
-0.329642
-0.960411
0.0643518
0.0314999
-1.00582
1.10291
0.856301
0.225036
-0.044548
-0.0619839
0.227988
0.91609
0.893006
-0.636599
0.857483
-1.16181
1.03296
0.442519
0.585923
0.479194
0.657868
0.542084
0.546713
-1.26978
0.430962
0.27638
1.21223
-0.0494271
-0.172677
-1.21776
-0.206092
-0.392555
0.518445
-1.26968
0.038266
0.322386
0.97493
0.848095
0.658788
-0.151853
0.115286
-0.168375
-0.106903
-0.156124
-0.527355
0.404809
0.857674
0.030812
0.778817
0.671606
0.0461928
1.1668
-0.738053
0.768036
-0.140012
-0.212065
1.18844
-0.118356
-0.553657
1.34673
-0.509888
-0.941245
0.389473
0.220063
-0.148417
-0.418505
-1.05535
0.27718
0.472792
-0.691818
-0.04027
1.16691
-0.170605
0.113728
0.891561
0.619665
0.37086
0.774587
0.402575
1.18597
0.708024
0.948478
0.680488
0.648721
-0.304374
0.752929
-0.918285
2.91563
0.719533
0.0458773
0.345028
-0.472115
0.635591
0.892981
0.526823
0.928472
-0.784788
0.65861
-0.433413
0.346718
-1.07193
0.0552591
-0.426621
0.446634
-1.01907
-0.543738
-0.481918
0.306059
1.6215
-0.477553
-2.48606
-0.758991
-0.272704
-0.566102
-0.561988
-0.98517
-1.67672
-0.337299
0.457255
-0.621939
0.45211
-1.06595
-0.287737
-1.3399
-0.595954
-0.178386
0.976865
-0.866007
-0.464315
0.586138
-0.445775
0.079975
1.436
-0.631466
-0.136924
-0.624881
-0.6366
-0.822323
0.607548
-0.135877
0.602958
-1.26755
-0.407964
-0.7704
0.285041
0.107983
-1.08737
-0.246919
0.331116
-0.215445
-0.339223
-0.563386
1.17687
0.246544
-0.0912288
-0.312591
-0.132764
-0.891821
-0.366601
0.983529
-0.0744112
-0.702214
0.0718114
-0.379187
-0.534133
-1.49747
0.0612623
0.55829
0.202367
0.369285
1.41775
1.53098
0.0312534
0.679148
0.279018
0.101655
0.109504
0.816953
-0.204177
-0.718786
1.08301
0.0543525
0.240345
-1.00922
-0.29601
-0.543501
-0.109521
-0.523393
0.759764
-0.380218
0.761028
0.799749
0.449042
1.52089
-0.150076
0.363705
1.22042
-1.03343
0.988174
-1.20746
-0.0154105
-0.282831
0.329033
-1.15354
0.717848
1.25946
-0.689883
0.966336
0.100467
0.124851
-1.29574
-0.13979
0.558386
0.294252
-1.28117
-0.821496
0.226162
-1.49266
1.10817
-1.28226
1.47252
-0.0847274
0.863277
-0.214913
-1.3936
-0.628277
0.701439
0.319092
0.908225
-0.269647
-1.12606
-0.605055
0.509229
0.208112
-0.719976
0.000591246
-0.375613
-0.361169
0.964945
-0.410145
0.190809
-0.0164016
0.295458
-1.11178
-0.443504
-0.20581
-0.675461
0.738147
-0.302124
-0.202568
0.875447
0.354684
-1.38578
-0.873637
-0.67806
-0.262606
-1.18869
1.53718
-1.21004
-1.35897
0.636534
-0.311503
0.589769
-0.208071
0.418282
-0.148019
0.0061976
-0.137454
0.0357881
0.602886
1.5095
-0.173081
-0.27466
0.0156901
0.460392
-0.455849
0.393326
0.0125111
-0.580431
0.698594
-0.0814332
0.538019
-1.39116
-0.749566
0.437439
-0.146862
-0.321413
-0.77933
0.221919
-0.363362
-1.03532
0.932554
0.4372
-0.556364
0.763279
-0.43016
0.432263
-0.866621
-0.253723
0.56443
-0.0140702
-1.07117
0.00231408
0.431493
-0.436796
0.370835
-0.970417
0.29661
0.495109
-1.30315
-0.0481575
-0.986389
-0.454321
-0.986175
-1.05048
-0.324007
0.103518
-0.651622
0.117536
-0.906812
0.0186318
-0.0493328
0.552627
0.494464
1.15265
0.771788
-0.693594
0.207459
0.0795267
-0.833911
0.384599
-0.0341187
-0.141438
-0.126082
-0.106079
-1.14612
1.01406
0.105677
-0.82264
-1.05951
-0.610743
0.426375
0.224575
0.611233
0.0277231
0.0805063
-0.190337
0.319425
-0.258104
-1.19098
-0.294147
-0.310916
0.882679
0.971975
1.4339
-0.296055
-1.21317
-1.34335
-0.821134
-0.914109
-0.0722603
0.577211
-1.20567
0.366117
0.105661
0.475479
-0.146152
0.845598
-0.360941
-0.337289
-0.162821
-0.311795
-0.111455
-0.298615
-0.976494
-0.658576
0.0493118
0.299423
0.602374
-0.746909
-0.190803
-0.973737
0.332335
-0.741262
0.010828
-0.399666
0.690361
-0.413345
-0.694357
-0.130688
1.34433
-0.039548
-0.369327
-0.324789
-0.41291
0.122962
-0.583388
0.610841
-0.532981
-1.21699
0.177014
-1.37062
-0.193692
-0.831293
0.391234
0.637918
0.670837
-0.170796
0.600368
-0.676522
1.00244
0.908088
0.00755281
0.0187501
0.139542
0.660042
0.0652711
0.747405
-0.687815
-1.455
-0.338698
0.942511
-0.515913
-0.714279
-0.85363
0.490778
0.280755
-0.651452
-0.692777
-0.336571
0.692901
0.464902
0.158271
0.270099
0.105899
-1.02759
0.0313634
-0.183327
0.604429
0.33927
-0.175839
-1.20545
0.124703
0.469981
0.735924
-0.901408
-0.702644
0.0774239
0.00653477
0.858063
0.402589
-0.0533264
-1.37433
0.528969
-0.347677
-0.553668
-0.748522
0.590819
0.0948773
-0.454664
-0.353455
0.113514
-0.180499
-0.299494
0.676093
-0.149644
-2.42601
-0.478012
-0.105962
0.379419
0.952661
0.932096
-1.04129
-0.248959
0.0231663
-1.28108
0.307229
0.411451
0.310142
0.313392
-0.382444
-0.869506
0.104698
0.249219
1.2846
0.355389
-0.189913
0.580788
1.07207
-0.487421
1.64809
0.864124
-1.28164
0.260259
0.200195
1.644
0.647045
-1.00063
-0.453878
-0.873523
-0.681119
0.209319
0.00429558
0.537786
0.516352
-0.152231
0.886195
0.108368
-1.15117
0.270772
0.0353285
-0.317781
0.847897
0.0618095
1.37557
-0.679642
0.731035
-0.217283
0.569942
-0.225906
0.499664
-0.0620965
-0.111539
-0.784888
-0.519741
0.159395
0.35502
0.226182
0.765213
0.773154
-0.831686
0.104293
0.344036
-0.328964
1.14766
0.324805
0.197708
-0.172051
-0.12504
1.07483
-1.08286
-1.46353
0.597581
-0.636401
-0.274341
-0.115388
-0.0905718
1.87477
-1.52695
-1.6947
0.954802
-0.0979213
0.0297542
0.965816
-0.00247742
0.297845
-0.185763
0.469725
0.321405
0.585907
-0.917402
-0.242703
1.05935
-0.00370722
0.164224
-0.0361456
0.168595
0.897514
1.17707
-0.927589
-0.126681
-0.171782
-0.692407
-2.07267
-1.05779
0.646425
0.741645
-0.150034
-0.846363
0.778918
-0.5931
0.16388
-0.276062
-0.32461
0.335949
-0.873198
0.989351
-0.92717
-0.596227
-1.36821
-1.01518
-0.509528
0.55068
0.0777304
-0.00470456
0.860923
-0.950002
0.995478
0.747891
0.5853
0.773906
-0.188115
-0.551945
0.830722
0.0554643
-0.819245
-0.171964
0.102282
-0.282282
-0.42323
0.666169
1.33614
0.0684934
0.318495
0.992358
-0.556979
-0.0742743
0.272294
-0.784955
-0.462572
0.0100805
-0.392137
-0.660735
-0.8603
1.44737
-0.337341
-0.254887
1.4278
-0.524545
-0.492376
0.683902
-0.339658
-0.0367908
-1.18365
0.672977
0.681541
-1.94989
-0.538215
0.121528
1.60491
0.370225
-0.243113
1.31533
0.648811
0.0187541
-1.13815
-0.581393
1.31662
-0.543671
0.651171
0.67902
-0.964816
-0.865116
0.872477
-0.200441
-0.592266
-0.742374
2.00328
0.676214
-0.276405
0.559024
-0.481486
-1.36725
1.06141
0.608018
0.632741
0.396712
-0.499945
0.849195
-0.704702
0.41554
-0.073756
0.276879
0.422664
-1.16364
0.320944
1.13382
-0.0391819
0.291453
0.620714
0.859536
-0.187452
1.36361
0.308956
0.0516344
-0.553232
0.785296
-0.665209
-0.403163
0.00153801
0.337621
0.183092
0.108844
0.574308
0.19088
-0.092018
0.652117
0.787308
1.47876
0.56111
0.705761
-0.117454
1.95242
-0.780412
-0.0558512
-1.24713
1.35156
-0.916747
0.645826
-0.137615
1.33756
0.242411
0.265335
-0.604866
-0.157524
0.41124
-0.543213
0.620487
0.633116
-0.933709
-0.580152
-0.624919
-0.984122
0.179532
0.990987
-0.424634
-0.545603
0.213937
0.539327
0.475549
-0.0120536
-0.221573
-0.58151
0.368012
-0.722597
0.562496
0.89575
-0.343881
-0.15226
-1.87444
-0.38752
-0.135989
0.722604
0.540041
0.458585
0.57029
0.655741
-0.349567
0.00779576
0.205309
0.019918
-0.621312
-0.53465
-0.915735
-0.546038
-0.309388
0.278348
0.972079
-0.900635
0.643437
0.172669
0.417638
-0.652027
-0.274525
0.311977
0.4944
-0.469423
0.147412
1.00692
-0.287563
-1.27343
0.0455452
-0.915919
0.375552
0.239351
1.36788
-0.333329
0.788928
-0.449761
0.700692
0.240039
-0.0137375
-1.85607
0.629012
-0.464642
0.870267
-0.352322
-0.118906
0.10612
0.10478
-0.432115
-0.663225
0.19584
-1.06317
0.0933346
0.455047
-0.273057
0.979664
-0.978528
0.0847754
0.311997
-0.855549
0.692558
1.2163
0.469865
-1.15798
-0.801657
-0.690353
-0.679904
-0.365516
-0.158514
0.286748
0.378912
0.38109
-0.739262
0.123604
1.06677
-0.847914
-1.50075
-0.359586
0.989186
0.111206
0.15761
-1.24618
-0.524037
-1.06493
-0.571408
0.216759
-1.10234
0.565395
-0.732927
-0.122033
-0.878054
0.218507
0.979232
-0.387339
0.100457
0.773832
-0.652084
-0.983544
0.598091
-0.418739
-0.58853
-0.322779
0.826698
-0.197908
-0.0247884
-0.418751
0.370469
1.65184
0.178109
-0.733259
0.660535
-0.536099
-0.0711264
-0.371523
0.47553
2.50388
-1.2829
-0.456281
-0.821428
-0.195615
0.443945
-0.75408
-0.0518447
-0.125594
0.0678029
-0.540999
0.198034
-0.077543
-0.255579
-0.801711
0.523257
0.689714
0.8785
0.0592691
-1.6096
-0.205073
-1.1035
-0.313461
0.252217
1.43045
0.282785
-0.206368
-0.106831
0.266064
0.803529
0.683031
-1.17747
0.0160787
-0.554838
-0.203901
0.903692
-0.945181
-0.222287
0.281169
0.3442
-1.10848
0.885937
-0.45399
0.197917
1.23059
0.404256
-0.478714
0.373484
-0.172663
-0.248989
-0.355264
-1.36523
0.203771
0.198294
0.202424
0.242001
-0.502432
0.698737
0.585602
0.840628
-0.0373193
0.844745
0.240273
0.766917
-0.244066
1.31397
-1.27996
0.428675
-0.256932
0.0948621
-0.390906
1.33797
-0.873452
0.75294
0.228141
0.278345
-0.914597
-0.0109502
-0.526563
-0.0283832
-1.49097
1.22397
-0.541025
-0.137172
1.0046
0.103135
0.00857405
-0.172231
0.0802078
-0.744468
-0.109117
0.309257
-0.131125
-0.0916783
-0.676843
0.878465
0.060975
-1.84778
0.493479
-0.533514
0.35188
0.550606
-0.473611
0.575602
0.316384
0.0265746
-1.6253
0.196146
0.657861
-0.589825
-1.79789
1.37811
0.425543
0.700403
-1.10013
0.105392
0.888521
0.967355
-0.117009
1.02146
0.0433462
-0.713419
-0.235309
-0.901747
0.322835
-0.22974
0.319576
0.022236
-0.685383
0.638767
0.251192
-0.632239
-0.832767
-0.685496
0.685258
-1.10847
-1.43767
0.0569681
-0.307148
0.909288
1.9275
-0.0880849
-0.453889
-0.625878
-0.927482
-0.00317682
-0.171632
0.750784
0.975021
-0.78404
-0.167939
1.36638
0.00101395
0.237503
0.93062
0.508579
-1.40546
-0.54436
0.533479
0.158718
0.0348448
-0.671168
0.659724
1.92692
-0.890646
-0.651692
0.278952
0.492242
-0.906948
-0.627372
0.681357
0.825738
-0.517039
-0.482483
-0.739158
0.685296
-0.155428
-0.198171
-0.843328
-0.246371
-0.510019
-0.109223
-0.593802
0.386323
-0.347179
-0.293274
-0.40876
-0.0552903
1.69709
-0.214699
-0.265451
0.654083
0.493157
-0.967308
-1.44255
0.536482
-0.903465
0.40135
-0.744595
0.535411
-0.188164
1.91918
-0.229367
1.09323
-0.0636473
-0.147129
-0.192137
-0.218181
-1.03994
0.256763
1.17554
1.35172
0.786681
0.206469
1.16667
-0.582511
-1.01812
-0.73156
0.677933
0.88632
-1.87287
0.655883
0.357831
0.533879
-0.572944
0.573346
-0.0574722
2.33149
-0.330651
-0.0873404
0.0209373
0.144922
1.07636
0.756953
-1.06907
0.199487
0.303904
-0.148889
-1.18349
0.31144
0.754234
0.619616
-0.134839
0.750471
-0.816696
0.083601
0.445894
-0.602022
-0.601742
-0.36253
-0.458674
-0.41203
0.488449
-0.974347
0.529395
0.84726
0.163341
0.35204
-0.390891
-0.980326
-0.186481
-0.645859
-1.17935
-0.0892399
-0.0695406
1.00919
-0.114707
0.279449
-0.243872
0.139753
-0.147185
-0.931181
-0.156044
0.213102
-0.818914
0.968342
0.890016
0.930291
-1.6128
-0.23722
-0.789969
-1.28728
0.510801
1.46317
0.608377
-0.0133646
1.08163
-0.821486
-0.181753
0.732926
-0.77419
0.991809
-0.411579
1.65125
0.261357
-0.756741
1.23024
0.480887
0.086815
0.539798
0.597223
-0.546565
0.714138
0.565888
1.19923
0.176227
0.235352
0.0406876
0.0957551
-0.609451
0.154911
-0.211946
0.886299
-0.135853
0.134965
0.183143
-0.450801
-0.30711
0.183147
0.4785
0.338017
-0.19037
0.755782
-0.949364
-0.0707574
0.127152
-1.04482
-0.820215
-0.788063
-0.274694
-0.845311
0.0794344
-1.31697
0.441202
0.182023
0.575618
0.600104
0.513818
-0.358814
0.884309
-0.540773
-1.25721
0.929091
-1.08438
0.504829
-0.341359
0.721798
-1.02838
0.203841
0.483889
0.0753688
-0.33535
-0.558358
-1.06433
0.524592
1.80307
-0.267231
0.17647
-0.666328
-0.299275
1.34478
-0.153624
-0.853462
0.450303
1.01858
-0.0425265
0.474086
-0.0413175
-1.35036
-0.279146
-0.692854
0.587305
0.328759
0.467052
-0.424584
0.174215
-1.20233
0.57259
0.0861391
0.936092
-0.755625
0.873502
0.493665
1.20773
-1.10658
-0.48584
-0.0420956
-0.306835
-0.579563
-0.294802
0.563068
-0.0254529
0.167157
0.982249
-1.07385
1.28499
0.0879246
-1.39861
-0.904591
0.246985
0.0534539
0.74325
0.116814
-0.408765
-0.19142
0.671744
0.0126875
0.173026
-0.828388
0.233059
0.811768
0.128808
1.12938
0.574369
-0.156186
0.621836
0.176882
-0.260396
-0.76815
-0.34737
0.521579
-1.1639
-0.438866
-0.525964
0.781508
0.649719
0.164478
0.219787
0.177433
0.534297
0.40361
1.10478
-0.825044
0.796534
0.565755
-0.612934
-1.2566
0.30903
0.0476539
0.274907
-0.187745
0.0746717
-0.169568
-0.930999
0.0575133
-0.75872
-0.418683
-0.548971
0.335297
0.641291
-0.396006
0.828623
0.438885
0.557302
-0.258043
-0.36095
0.769505
-0.303552
-0.637999
-0.876832
-0.404971
-0.810478
0.242747
0.0183434
-0.375335
0.657867
1.04715
-0.744617
-0.687054
-0.442009
1.70106
0.358992
-0.881239
-0.0684256
-0.293543
-0.165215
-0.701251
-0.424572
-0.090465
-1.58772
0.0987292
-0.828252
-1.37155
0.0672059
-0.174056
-0.175699
-0.343178
0.0604405
-0.377274
0.12615
0.545706
0.258768
-0.119278
0.638501
-0.538755
0.144119
1.24209
0.536982
0.101455
1.13318
0.109269
1.70782
0.475425
1.0513
0.445634
-0.947086
-0.71929
-1.22103
0.327875
0.417335
-0.357969
0.152234
0.496923
-0.985106
0.514864
0.236409
-0.37309
0.124489
-0.440641
0.170162
-0.372632
-0.621156
-0.0113891
-0.378856
-0.0364378
0.0851782
-0.897559
0.263229
0.35679
-0.0235671
0.730189
0.741697
1.88864
-0.748326
0.493299
0.303643
0.357699
-0.481575
-0.673325
0.575267
0.0465683
1.16247
-1.70352
0.517964
-0.398965
0.665488
-0.864811
-0.726128
-0.465105
0.648635
-0.0886581
0.133874
0.325524
-0.67181
-0.528774
0.589341
0.402133
-0.739593
-0.697476
-0.72365
1.04891
1.02924
-0.643131
-0.0375315
0.790527
-0.0628212
-0.545107
-1.0066
-0.714685
-0.63687
0.212322
-0.027247
-0.767359
-0.192333
-0.825449
0.348168
0.0849945
0.769277
-0.330031
0.559517
-0.217294
0.151905
0.666327
-1.14929
-1.24661
1.22379
-0.457823
0.176797
0.369099
1.74381
-0.00470107
1.23696
-0.531556
1.25036
1.0672
1.44876
-0.527235
-0.55354
-0.0238251
0.0889419
0.772699
0.0988276
1.05686
-0.493572
-0.280549
0.43087
-0.423161
-0.334188
-0.225233
1.04392
1.17543
0.318348
-0.102112
0.226793
0.125051
-0.106972
1.2932
0.728776
-1.84677
0.0476379
0.195632
0.507488
-0.183823
-0.369404
0.51982
-0.220656
0.522713
0.575119
0.508591
-0.376531
0.62015
1.00224
1.06794
-0.435108
-0.143886
0.0235933
0.169104
-0.0742251
0.31412
-0.89048
1.49496
-0.655404
0.400228
0.355226
-0.11105
-0.0610059
0.277662
-0.172114
-1.42627
-0.073585
-0.294076
0.633998
0.0568908
-1.27227
0.683927
-0.508514
-0.289085
-0.104204
1.25589
0.095777
0.465827
-0.428845
0.215516
-0.691628
1.07364
-0.681403
0.130482
0.405088
0.763294
0.229191
-0.369575
1.38944
0.110634
-0.287239
0.23355
-0.00522242
0.347596
-0.690451
-0.157248
-0.620482
0.351862
0.964955
0.153572
-0.216957
0.467044
0.0275621
-1.08875
0.999451
0.536228
0.842407
1.41899
-0.212174
-0.954389
-0.0886275
0.660976
0.299411
0.239393
-0.96471
0.113206
-0.101614
-0.177248
0.759203
0.258777
0.875891
-1.2393
1.33109
0.907521
-0.671838
1.27134
-0.00135401
-0.0625427
0.740644
0.468178
-0.290877
-0.125677
1.65628
0.280756
0.137557
-0.954055
1.82453
0.41339
0.267271
-0.709503
-0.369524
0.640293
-0.743005
-0.125466
-0.217188
0.19299
1.1829
2.20371
-0.424877
0.432337
0.0433264
-0.940232
-0.0938168
-0.59219
-0.728561
0.543996
0.163108
-0.0910625
0.0231413
-1.57468
0.614931
0.08365
0.78235
0.421186
-0.223684
0.307541
0.64735
-0.700347
-0.704037
-0.243437
-0.399751
0.575583
0.356014
-0.361256
1.03498
0.396197
-0.908401
0.54227
-0.655963
-0.69885
-0.810942
-0.583993
-0.143172
0.500687
0.960137
0.403077
-0.678013
0.0686213
-2.29163
-1.24973
-0.082567
-0.139123
0.380814
0.140413
0.437772
-0.780178
-0.42318
1.48923
0.355743
-1.21095
0.489248
0.560928
0.175844
-0.830596
0.943192
0.398493
1.15215
1.67145
-0.8061
0.988289
0.443544
0.51342
-1.03563
1.00357
-1.32405
-1.06441
-0.101492
-0.465338
0.234146
-0.100819
-0.547293
0.81624
-0.615741
-0.0247393
0.521668
0.678615
-0.343885
-0.202729
0.424555
0.879561
0.709152
0.542185
-0.2075
-0.186694
0.497196
0.539915
-0.522173
-1.09739
1.05746
-0.355441
-0.674164
-0.407866
-0.182736
-0.179075
-0.808604
-0.0665354
-0.0936441
1.09295
-0.526704
0.216245
-0.242543
0.709559
-0.087248
-0.24649
0.037401
0.452608
-0.0749608
-0.429154
1.0366
-0.0831699
-1.19188
-0.410527
-0.330675
0.528371
0.347678
0.499005
-0.544037
1.28501
0.487846
-0.597974
-0.467836
-0.656997
0.0775544
-0.0261335
-0.737069
-0.404415
0.494914
-1.47428
0.604801
0.490305
0.191079
0.229549
-0.790799
-0.640413
-0.0952801
-0.399425
0.70747
1.19691
-0.0787862
-1.82693
-0.399154
0.114651
0.587994
0.832328
1.53871
0.113831
0.193038
0.311045
0.109399
-0.170073
-0.0137158
0.0379704
-0.82723
0.6012
-0.345968
-0.683648
-1.12805
-0.243308
-0.090666
-0.182294
-0.240536
0.508062
1.00711
-0.283672
-0.165799
0.380912
-0.862521
0.248802
-0.211973
-0.0899373
-1.88546
-0.986507
0.0297777
0.229086
0.492427
0.914384
1.11082
-0.373598
0.0438792
0.831399
1.35414
-1.8961
-0.272939
-0.634246
1.61202
0.127398
0.386273
-0.101264
0.490561
0.648642
0.0902195
-0.896361
0.862825
0.417171
0.245704
0.881171
0.032059
0.36731
0.621241
-0.394844
-0.103507
-0.584886
1.07504
-1.34202
-0.903221
0.435574
-0.158909
0.100163
0.702113
0.28233
0.668766
-0.174816
0.514027
-0.329504
-1.10397
-0.0541057
-0.0538482
0.798964
0.42771
-0.792939
0.799643
0.181153
-0.277149
0.433552
-0.326646
0.108525
-0.235008
0.895562
1.04478
-0.489115
-0.857858
0.224871
1.07499
-0.308433
0.584718
0.233093
-0.247596
0.982378
1.03049
-1.73536
-0.338019
0.442404
0.364578
-1.17076
-1.30075
0.693029
0.364555
0.603076
-1.31817
0.0469253
1.02229
-0.849447
-0.691245
0.331011
0.62015
-0.150484
-0.238851
0.663694
-0.16441
0.00343474
-0.680512
-0.196114
-0.389788
-0.633101
-0.836904
0.340457
0.803545
0.258776
0.0496203
0.77426
1.11619
0.367498
-0.739129
-0.122354
0.162948
0.138381
0.768998
1.23602
0.508437
0.750096
-0.580806
0.0582605
-0.0948249
-0.286594
0.788097
0.0368932
-0.948415
0.335933
-0.87996
-0.155382
-0.563546
2.3581
-0.368917
-0.17662
0.327167
-0.516957
0.596436
0.580031
-0.00704439
-0.638658
-0.461891
-0.911028
1.26693
-0.192356
0.968926
1.20093
-0.627297
-0.643855
-0.0412114
-0.711981
-0.00308673
-0.258361
0.989292
-2.31759
-0.923997
0.142937
0.0441365
-0.020332
-0.132352
0.256037
-1.34059
-0.386575
1.87489
1.56714
-0.215377
-0.343739
-0.23005
-0.46847
0.750481
-0.0308671
0.0688747
0.21266
0.621724
-1.28555
-0.821621
0.200222
0.0400545
1.20104
0.0229554
0.154606
-0.113257
0.11987
0.599162
0.839746
0.190941
-1.25123
0.27464
0.540108
0.800979
-0.673844
0.78461
-0.20958
-0.257231
-0.194564
0.0671061
0.166734
-0.227187
0.377909
-1.19486
0.803723
0.344697
0.521038
-0.358044
-0.38439
0.318051
0.0058759
-0.704282
0.891618
0.415446
-1.4171
-0.0243419
0.0137812
1.1579
-1.46971
-0.222643
-0.27979
0.721795
0.645949
0.286119
-0.408376
0.381705
0.513701
-0.529107
0.288973
-1.00618
0.313213
-0.219063
-0.259547
0.0685516
-0.689871
-0.686771
0.80497
0.598037
-0.599853
1.45997
-1.15702
-0.457186
-0.0872457
-0.0319803
1.09627
-0.881549
0.304774
-0.452341
-0.0535817
0.0226208
0.00171843
0.861857
0.272021
-0.848395
0.965291
0.945709
0.411111
-0.195327
0.225409
-0.574462
0.555717
-0.993597
-0.577235
-0.553071
0.586091
0.509493
1.37297
-1.06424
0.687404
-0.993199
0.337864
0.0923723
-1.24857
-1.14621
-0.578602
0.285508
0.173285
0.159507
0.889803
-0.748751
0.123026
-1.24295
-0.119883
-0.172183
0.865842
-0.177356
-0.649628
0.211967
-0.803008
-1.0034
-2.01353
-0.551274
-0.249662
0.657619
0.154677
-1.1425
0.510702
0.755598
-0.367597
0.68481
-0.266027
1.30651
-0.344054
-0.909543
0.798313
-0.505901
-0.618736
0.348775
-0.907411
0.217089
-0.110617
-0.12782
-0.237147
0.457012
0.514777
-0.977122
0.81827
-0.371239
-1.66549
0.489918
-0.199727
0.536337
-0.449515
0.433435
-0.883382
0.342761
-0.00176057
-0.68695
-0.219583
0.530197
-0.267079
0.542801
0.754779
0.406129
-0.0612585
-1.1997
0.516278
0.228499
-0.124168
-0.275671
0.807095
-0.881076
0.702379
0.0835179
-0.541204
0.383437
0.372497
-1.14736
0.315383
1.01211
-0.824284
0.843725
-0.153724
0.214064
0.0838144
1.22697
-0.944518
0.189951
0.975077
0.23569
1.05605
-0.671918
2.28279
0.152577
0.546807
-1.85713
-0.742981
0.127348
0.560164
0.615269
0.922346
-0.469565
-0.267072
0.482944
-0.343421
-0.322833
-0.0224449
-0.622468
0.16011
0.353031
0.0605477
-0.0518799
-1.44437
1.04294
0.361444
0.231545
-0.282979
0.0988525
-0.0372121
0.370574
0.101391
1.00387
-0.379919
0.13371
1.44086
0.797037
0.308325
-1.18444
-0.471667
-0.669433
0.448008
-0.543316
0.593166
0.513456
0.0354815
-0.0519171
-1.66958
-0.105807
0.358194
-0.305706
-2.18409
-0.100915
-0.840792
-1.11718
-0.79769
-0.0525226
0.905612
0.642773
-1.60316
-0.62348
-0.700757
0.174308
-1.09908
-0.376529
-0.961474
-0.299518
0.447826
-0.593774
-0.666346
-0.364663
0.461921
-0.00471801
-1.52541
-0.299573
0.612815
1.0295
0.564054
0.196167
-0.306659
0.745617
0.127848
-1.02133
-1.22933
1.07718
-0.0614869
0.229081
-0.457724
-0.940805
0.0314483
0.167451
0.659284
0.659136
0.593091
-0.0949746
0.728699
-0.464226
-0.223304
0.764569
0.357849
0.259475
-1.07082
1.00661
0.352546
-0.0205016
-0.046035
-0.307014
0.186989
-0.299014
0.354562
-0.0141161
-0.0584543
-0.0973654
0.391879
0.753545
0.956777
-0.294357
-2.0604
0.405167
-0.0438569
0.39733
-0.640313
-0.681527
0.959253
1.08746
0.0383867
-1.33317
-0.658332
-0.858343
-0.287898
0.493393
0.912958
0.00314939
0.0394565
-0.283514
0.430825
-0.341695
0.343573
0.97182
0.604141
0.0862601
-0.0375567
0.176355
-0.881918
-0.451533
0.115466
-0.505576
-0.986219
-0.345214
0.0806201
-0.780653
1.11341
-0.419795
0.0488241
-0.100949
-0.511035
-0.688788
-0.645343
-0.942125
-1.10248
-1.2698
-0.1725
-1.15483
0.470569
-0.815633
-0.26105
-0.195357
-0.175313
-0.144936
-1.01272
-1.17669
-0.652102
-0.258501
-1.47089
-0.0753105
0.697107
-1.01349
-0.183463
0.322003
0.334246
0.0876314
1.24247
0.459085
-0.626828
-0.0864587
-0.688257
0.106005
-0.0622566
-0.00269049
-0.870879
0.0828784
0.419025
-1.1434
-1.18909
-0.15549
0.0523657
0.081671
-0.797401
-0.928147
0.296324
-1.2199
0.435206
0.316548
-0.239582
-0.899824
-0.685836
1.88317
-0.911503
0.00363469
-0.00038471
-1.10608
-0.472505
-0.851188
1.10734
-0.451886
-0.247021
-0.137597
1.08714
-0.846615
0.229639
0.153705
0.566801
0.0084713
-0.598598
0.964962
-0.835642
0.278633
0.333913
-1.44143
0.111836
-0.624147
0.893823
-0.469699
-0.326814
-0.865971
0.370176
-0.0941443
0.716748
0.463956
-1.5406
0.569614
0.348536
-1.20644
0.722662
0.0831794
-0.93128
-1.05797
0.531979
-0.00637548
1.16491
-0.110037
-0.496316
-0.596458
1.11369
0.438794
-0.326367
-0.214709
-0.933229
-0.772778
-0.261897
0.311252
0.169608
-0.211809
-0.473114
-1.03613
0.485399
1.64458
-1.10575
1.15141
-0.581234
-0.745312
-0.634567
-0.061323
-0.152611
-0.725438
0.375286
0.546349
0.86667
-0.268365
0.90026
0.804041
-0.73842
0.000962625
-0.0393662
-0.844017
0.260439
-0.300338
0.898766
-0.0408524
0.206581
-0.94766
-1.05079
-0.607512
0.923303
-0.965438
0.696789
0.241823
0.362242
0.149564
0.556729
0.0737186
0.968297
0.0944412
-1.25147
-0.148419
-0.542137
-0.453271
-0.359476
-0.820637
0.8428
-1.14188
-0.187546
0.53184
-0.14852
-0.186156
0.602062
0.228145
0.0554252
1.17635
0.341344
-0.327789
-0.978087
-0.983958
-0.413502
-0.265248
0.558241
0.20467
-0.689031
0.588417
0.946471
1.23453
-0.326846
1.2078
-0.766542
0.138112
-0.436856
0.934507
0.312981
0.436186
0.391946
-1.28503
-1.03223
0.240649
-0.0145309
-1.13491
-0.437155
-0.480225
-0.27815
0.0405399
0.484773
-1.17877
-0.19158
0.50864
0.597855
-0.74137
-0.632353
-0.792957
-0.437682
-0.69119
0.21577
1.59941
-0.765855
0.636622
0.545415
0.724507
-0.0281757
0.371915
0.417811
-0.436921
-0.405059
0.23889
1.02876
0.351197
-0.625255
1.1899
-0.782854
0.135399
-0.416673
0.214946
0.682812
0.240773
-0.115961
0.285802
-0.0925386
-0.437262
-0.399997
0.222872
0.295152
0.19221
0.285166
-0.292056
-0.180345
-0.090433
-0.336587
-0.498626
-1.47783
0.254307
-0.426094
1.11518
0.719606
-0.09686
1.57699
-0.238987
0.196467
-1.04494
-1.35137
0.312614
1.0081
-0.680189
1.01798
-0.431631
-0.153689
0.664911
1.19914
0.823808
0.133984
-1.58574
-1.36977
0.675532
-0.150345
-0.692818
0.1685
-0.727875
-1.21888
-0.465764
1.13173
0.422086
-0.45685
0.271142
0.330203
0.127922
0.600945
-0.694425
-0.244018
-1.35825
-0.14875
0.371185
0.135683
-0.883506
-0.127996
0.779565
-0.0233886
-0.62092
0.172695
1.31936
-0.217059
-1.04201
-0.620207
-0.591004
-0.263472
0.474234
-0.0388152
0.283819
-0.7155
-0.646554
0.77319
-0.483228
0.277245
0.956541
-1.31852
-0.351393
-1.22579
-1.14883
-0.219961
-0.606787
-0.86293
1.1178
0.351903
-0.433434
-0.531167
-1.37987
-0.899556
0.672047
0.724959
-0.0522006
0.0271586
-0.57067
-0.657798
-0.687856
0.682058
-0.641685
-0.680908
1.00539
0.493673
0.684963
-0.345693
0.0265975
0.308422
0.0699763
0.539073
0.316298
-1.1348
-0.32229
-0.656551
0.203918
-1.20756
0.330842
-0.0849623
0.372631
-0.431653
-0.893871
-0.630619
0.520238
-0.280613
0.458189
0.489653
0.572348
-0.0398201
-0.664362
-1.8501
0.0457803
0.299677
1.35152
0.402493
0.243761
-0.0247956
0.712438
0.717671
-0.976923
0.0504599
0.306004
-0.56325
1.52337
0.738017
0.0358107
-1.0162
-0.514325
-0.278924
0.217653
0.80205
-0.352236
0.250911
-0.906919
-0.771529
0.566999
0.392005
-0.336675
-0.377395
-0.0508894
-0.29624
-0.557084
0.639849
0.034001
-0.0728975
-1.26492
0.475615
-0.141355
-0.0504839
0.223169
-0.461466
-1.07337
0.230898
-1.07893
-2.33678
-1.13398
0.991879
-0.138303
-0.234775
0.127943
-1.13804
0.48083
-0.530453
-0.272163
-0.127764
-0.000731495
-0.135971
-0.063161
0.0311659
0.971685
-0.590793
-0.919728
-1.46603
0.147221
0.032371
-0.205382
-0.487116
-0.98566
-0.469091
-0.582634
-0.574073
0.754936
-0.486867
-0.800862
0.890168
0.254186
-0.156903
-0.349461
0.752565
1.3666
-1.33189
-0.826282
0.63409
-0.39163
1.7284
-0.602911
-1.37762
1.20651
0.405802
-0.477458
0.350704
-0.344683
-0.0761818
-0.454591
-0.721758
-0.952292
0.0929742
-0.199881
-1.09633
0.456628
-0.302418
0.00112994
0.077135
-0.0417725
-0.55223
0.608016
-0.218889
0.268414
-0.71332
0.314928
-0.0734097
-1.29371
-0.146715
0.117832
-1.24358
0.589803
-0.878019
1.367
-0.213245
-0.628394
-0.10044
-1.32077
-0.621102
-0.259275
0.694242
-0.453804
0.3582
-0.220563
-0.347488
0.119574
-0.0647677
-0.13726
0.464955
0.387658
-1.0751
-0.577596
1.25362
-0.477487
0.0366265
-0.3996
0.573579
-1.25017
-0.111891
0.811895
-0.587691
2.11215
-0.168058
0.206303
-0.470042
-1.5767
-0.504798
-0.406737
-0.224527
0.551959
0.23359
-0.413552
-1.16245
-0.998863
0.509087
0.493278
-0.689658
0.583329
0.553314
0.111126
-1.00242
0.0182126
-0.864424
0.296371
-0.920346
0.402082
-0.443958
0.0433237
-0.877563
-1.57794
-1.27453
0.22292
0.811035
0.438497
0.742224
-0.549794
-0.854408
-0.0529385
0.794653
0.0334607
0.0985291
0.316254
-1.13069
-0.311084
1.141
0.597119
-1.74743
-0.612937
-0.434387
-1.5519
0.159267
0.549701
-0.682743
-0.294702
0.00749915
-0.575772
0.88539
1.36758
1.10371
0.045028
-0.527801
1.09822
-1.07071
0.151893
-0.41688
0.909164
0.0189198
0.90611
0.690339
-0.663632
0.178176
1.01838
-0.325729
0.773804
0.338974
-0.454511
-0.796074
-0.439149
0.489837
-0.210398
-0.95676
0.309739
-0.576561
0.3888
-0.264071
0.211419
-0.764713
0.973906
-0.655997
-0.280156
-0.945904
0.723713
0.863542
0.42838
1.03666
-0.194923
0.400505
0.0164001
-0.178206
0.00455077
0.428087
-0.278475
-0.0216849
-1.12543
0.209085
-0.568745
0.241032
0.385762
-0.24245
0.333983
0.154317
-0.158218
1.88706
0.726341
-0.13575
1.01579
0.344412
-0.378435
-0.110029
-0.64487
-1.01073
0.148837
0.155249
0.112928
1.94897
-0.208937
0.74078
0.303026
-1.06056
0.481767
0.113637
0.0452131
-0.299571
-0.125266
-0.3011
0.607148
0.464625
0.336524
0.292573
0.0791725
0.0797599
0.291824
-0.135984
1.83492
0.35552
0.0758247
-0.615535
-0.761744
-0.343186
1.33092
-0.360881
0.0832661
-0.269965
-0.536133
-0.0800796
-0.636795
0.0210867
0.859846
-0.473195
-0.240808
0.473283
0.0674072
-0.0525777
0.192654
1.18601
-0.00754095
0.114932
-0.676041
0.613465
0.133562
0.66445
-0.286911
-0.0740909
-0.671996
0.74547
0.90822
-0.73051
-0.658163
-0.389295
-0.217569
-0.467124
0.599522
0.787002
-0.372881
0.697343
0.724726
-0.391754
-1.37049
0.812723
-0.426722
0.828133
0.550169
-0.205778
-0.451427
-0.350745
0.500864
-0.142853
-0.0942762
0.0255969
-0.542234
0.372947
-1.05531
1.40267
1.01063
-0.64638
-0.418061
-0.600252
0.20725
-1.35392
1.33439
-0.944617
-0.5504
0.0497365
-0.148004
-0.40741
-1.5567
-0.78076
-0.155917
0.419248
0.841965
0.250605
0.83569
-0.271974
-0.238174
0.359769
0.266104
-0.622535
-0.0993416
-0.172046
0.280891
0.630618
-0.551232
-0.615048
0.267677
0.823804
-0.547425
0.600763
0.860899
1.14871
1.19342
-0.460812
1.16219
0.272233
-0.0323884
0.471125
0.0506639
0.578521
-1.01691
0.961059
-0.0139993
0.083191
-0.594878
-0.519116
-1.22502
-0.298286
-0.291732
-0.447948
0.84278
-0.36828
-0.042855
-0.0550041
-0.353616
0.491947
0.22383
-0.627693
-0.400415
0.809897
-1.59648
-0.0413051
-0.19198
0.912927
0.215794
0.130437
1.65171
0.401241
1.05166
-0.073357
-0.666198
0.84114
0.306769
-0.356621
0.224364
0.904079
0.74072
-0.625251
0.417103
0.403035
0.0369212
0.90908
0.604339
1.22465
0.858776
1.41848
0.166187
-1.42911
0.0260741
0.39806
-0.639655
0.659956
-1.4
-0.0320963
0.22958
-0.113325
0.288377
-0.349855
-0.687508
-0.419033
0.0988567
-0.322359
-0.671257
0.416204
-0.0694718
-0.1537
-0.336497
0.597024
-1.18324
-0.550239
-0.434031
-0.812454
-0.0118182
-0.186089
-1.66939
0.388184
0.543941
0.579859
-0.587071
1.39789
-1.02515
0.377249
-0.172332
1.48888
0.726521
0.570326
-0.771416
0.70369
0.423524
0.331018
-0.354477
-0.257817
0.400391
-1.65549
0.315573
-0.881399
0.968084
-0.216573
-0.581006
0.107784
-0.0939886
0.168847
0.219555
0.665654
0.625573
-0.799506
-0.491136
0.147003
-0.126246
-0.607604
0.679138
0.050651
0.30978
0.530921
0.0825813
0.373409
-0.41527
0.201354
0.402177
-0.836086
-0.0461991
0.9254
0.300047
-0.535868
-1.0899
-1.16943
-1.06308
0.0526893
1.96074
-0.626345
0.206872
-0.623267
-0.172115
-0.320546
0.169217
-0.192792
0.315377
0.106963
-0.536953
-0.319661
1.23597
-0.531394
0.101169
1.48791
1.30085
1.40297
-0.322171
-0.317175
0.25006
0.445411
-0.505024
-0.700254
-0.380746
-0.23242
-0.0917278
0.116304
-0.906087
0.772924
-0.397948
1.12835
0.195004
0.578874
-0.117176
0.508817
1.01336
-0.0485311
0.556084
0.539504
0.402068
1.46233
0.0741256
-0.663913
-0.152085
0.323674
-0.641784
0.742458
0.690146
0.521425
-1.40411
-0.475567
1.10843
-0.6934
0.0145607
-0.418975
0.255867
-0.603251
-0.414612
-0.272876
-0.844262
-0.0430569
-0.403109
0.182582
-0.498154
0.796624
-0.572175
0.12209
0.900428
-1.13308
1.3537
-0.919738
-0.0925177
-0.0645114
-0.969034
0.00888607
0.249654
0.426997
-0.146126
-1.08739
0.568917
-0.100087
-0.18375
-0.0558607
-0.541601
0.222738
0.306393
-0.509791
-0.632276
0.648015
0.187877
1.07106
-0.255165
-0.389392
-0.116466
-1.20641
-0.240999
0.430185
0.0075507
-1.18807
1.1259
0.614748
-1.44569
0.618669
-0.529246
-0.595096
-0.0896409
0.435568
-1.15775
-0.245499
0.471055
-0.274469
0.912649
-0.200372
-0.160755
0.107783
-0.390711
-0.699025
-0.316023
-0.000163736
-0.905054
-0.412367
-0.0198313
0.880279
-0.108084
-0.155632
-1.28059
1.02865
0.286655
0.495199
-0.25725
0.332145
-0.107278
1.43307
-0.730004
-0.689209
0.37906
1.06811
0.609243
0.528478
-0.358522
0.141867
-1.15584
0.939913
-0.227452
0.589774
0.958666
1.14906
-0.0565672
-0.224215
1.12829
-0.165982
0.857413
-0.481394
0.523574
0.0412942
-0.0921522
1.67554
-0.446065
1.08505
-1.30886
0.715866
0.852956
-0.116953
-0.381344
-0.797945
-0.270221
-0.0972468
-0.950117
1.13122
0.102929
-0.429508
-0.164822
-0.184438
0.329231
0.15802
-0.418719
-0.880389
-0.147825
-0.622483
-0.554339
-0.232746
0.0889032
0.117228
0.211961
-0.27067
0.0263154
1.75977
-0.35861
0.271977
0.00654635
-0.347112
0.939478
0.418795
0.313325
-0.940088
1.11907
0.237802
-0.103205
0.166551
-0.343873
-0.876905
-0.499237
-0.47288
0.535498
-0.902086
-0.27772
0.170158
1.60299
0.595732
-0.402334
0.375876
0.0317375
-0.066366
-0.892031
-0.585522
-0.32432
-0.540818
-0.582215
-0.824167
-0.534015
0.130871
-0.957108
0.322838
-0.0312591
-1.11242
-0.107659
0.196117
-0.623067
-0.179138
-0.524091
1.43246
-0.517295
0.00909669
0.706216
-0.372958
-0.217756
-0.740586
0.178731
0.486508
-0.798337
0.360967
0.435399
-0.549634
0.279486
0.287636
1.14438
-0.657603
-0.0776542
-0.154322
0.0108581
-0.115451
-0.404901
1.4076
-0.885697
0.591698
0.825337
-0.495915
-0.554194
-1.52885e-05
0.740415
-1.08589
0.358482
-0.0188174
-1.24064
-1.04831
1.25246
0.770672
-0.276973
0.15623
0.277196
-0.072884
-0.951265
0.14102
0.911083
-0.023245
-0.319977
-0.0594148
-0.187176
0.268988
0.367998
-0.103034
0.790814
1.2783
0.926127
-0.349236
-0.794116
0.397993
-0.522563
-0.754259
0.665464
-1.64961
-0.890908
-0.646921
0.910452
0.0811072
-0.0336822
-0.435218
0.138139
-1.32431
-0.692835
0.149353
0.245333
-0.447727
0.565118
0.537254
-0.155703
0.35286
-0.0527147
0.506463
0.229289
0.182333
0.314809
-1.17408
-0.500511
0.531878
0.159027
0.458626
-0.079289
0.426438
0.0792314
0.811489
-0.049952
-0.580946
0.0268605
0.623912
0.418824
-0.744843
-0.774725
-0.223068
-0.253585
0.0714852
-0.254966
0.579068
-0.466791
0.354446
1.16774
-0.199394
-0.338939
-0.868907
-0.39832
0.829163
-0.509125
0.0690197
0.251231
1.3737
0.782549
0.481769
0.0850825
-0.523788
0.855547
-0.743231
0.254407
-0.247169
0.804657
-0.408484
0.17647
0.456921
0.295968
0.350859
0.984244
0.279857
-0.22774
-0.0930124
0.466188
1.09949
0.300463
-1.04391
0.630999
0.62587
-0.119028
0.627686
-0.0487696
0.0763031
0.53054
-0.413217
-0.0853531
-0.322131
-0.371831
0.651607
-0.184718
0.836923
0.328371
0.295092
-0.905353
-0.107697
-1.20375
1.26063
-1.25725
0.418924
0.246095
-0.879786
-0.974941
0.997293
0.439335
0.711136
0.865127
-0.189619
-0.37804
-0.618802
0.715734
-0.257582
1.14106
0.348262
-0.47855
-1.08429
0.210463
-0.427059
0.0940338
0.388011
0.705874
0.867742
-0.517717
-0.426855
-0.161642
1.21959
1.60257
-0.919878
-0.612579
-0.451861
0.746366
0.0374491
-0.460652
0.21978
0.285103
-0.660334
-0.0902448
0.681325
0.097293
-0.898828
-0.708382
-0.641079
-1.02758
0.927658
-1.80828
0.402802
-1.46058
-0.294941
0.0478696
-0.0192255
-0.645447
0.850477
0.795411
-0.014816
0.642734
0.204697
-0.717507
-1.66376
-0.785101
-0.552774
0.179411
0.237477
0.897431
1.65001
-1.07177
-0.29943
-0.656177
-0.359922
-0.865846
0.283696
-0.285096
-0.737518
0.210442
0.343114
0.233474
0.401927
-0.188172
0.0875119
0.78268
-1.08849
-0.629281
-1.00908
-0.0353423
-1.0829
-0.451838
-0.643449
0.346483
0.410256
-0.188833
0.825948
0.0335521
-1.07227
1.61774
-0.683698
0.970438
-0.475575
0.431319
-0.641357
0.237351
-1.74313
0.962724
0.377345
0.296152
1.70632
0.551375
-0.482903
-0.134177
-0.183791
-0.246104
1.82927
0.410198
0.0659071
1.28363
-0.181225
-0.533121
-0.281481
-0.114254
-0.379156
0.00714826
-0.509836
0.985008
0.0572726
0.0663175
-0.951437
-0.370369
-0.486684
-1.18881
1.82572
-0.319685
0.298017
-0.620383
0.832158
0.102333
-0.144089
-0.331737
-0.87623
0.473674
1.22623
-0.150461
0.452094
0.421807
-1.24099
0.373533
-0.760542
0.971109
-0.0480037
0.501982
-0.359517
-0.618204
0.615031
0.95156
0.140385
-0.361259
1.59907
-0.262156
-0.891187
0.271635
-0.842902
-0.564186
0.038082
-1.10282
0.717001
-0.544764
1.06194
-0.239849
-0.247886
-0.238539
-0.552673
0.584796
-0.337595
0.195687
0.202266
0.182494
-0.342224
-0.316828
0.652051
-0.294714
-0.623231
0.609424
0.153654
0.329682
0.462436
0.236964
-0.0599459
0.401227
0.388576
0.148503
-1.6471
-0.628939
-0.0076461
0.360299
-0.125986
0.373636
0.320024
-0.128239
-1.0548
0.630156
-1.25139
0.0634068
-0.675039
-1.34386
0.0747399
-0.303899
0.282105
-0.823508
0.777843
-0.809927
0.0564883
-0.385679
0.43094
-0.324804
-0.878537
0.190693
-0.277876
-1.18392
-0.113918
-0.0631652
-0.163009
1.07866
-0.348718
-0.0490333
0.0460627
0.375394
-0.0296846
0.857684
0.226247
-0.713038
-0.647083
-0.122893
0.213565
0.516606
0.380712
0.241196
-1.39606
-0.306462
-0.071042
0.0117724
0.632021
-1.08915
0.326769
-0.528679
-0.436514
-0.363474
0.188144
-0.780062
-0.133527
1.15273
0.108568
-0.859934
-0.203785
-0.192609
-0.599263
-0.328299
0.198614
-1.73442
-0.787684
-0.144287
0.345897
1.51672
0.708373
-0.0631436
1.00636
0.0812242
-0.223799
-1.08779
0.783378
-0.582897
-1.44417
1.18494
-0.0238357
-1.14634
0.448402
-0.57229
-0.81927
0.66514
1.15522
0.77882
1.46807
-1.33315
-0.349389
-0.353227
-0.230411
0.291986
-0.389923
-0.670541
-0.312794
0.0749232
1.06932
-0.316762
-0.966786
-0.680811
-0.273916
-0.102812
-0.862871
0.547247
0.275989
-0.993997
0.551085
-0.795923
-1.36201
0.0126841
-0.600963
1.01477
-0.733265
-0.628558
0.669949
0.853088
-0.524777
-0.466373
-0.276575
0.952458
-0.469221
-0.784826
-0.956005
-0.0964699
1.09269
0.704917
-1.11374
0.12879
0.987368
0.906022
-1.26837
-0.29811
0.368342
0.962272
1.24718
-0.0990545
0.158144
-0.482763
-0.323652
0.340518
0.349292
0.082777
0.54448
1.06039
-0.429137
-0.825902
0.161318
-0.329826
-0.365197
0.54007
0.0820316
-0.743934
-0.279121
-0.584029
-0.11738
0.578846
0.896315
0.958681
0.65681
0.550496
0.78012
-0.577208
-0.476036
0.126931
1.48292
0.851251
-0.629564
-0.297212
0.425869
0.929278
-0.922195
0.174533
0.0275885
-0.321811
0.131076
0.609465
-2.23941
0.347086
-0.412927
1.5165
-1.7188
0.328082
-0.282613
1.28597
-0.599237
0.0598636
-0.631672
0.614271
0.542177
0.338986
-1.06853
-1.15556
0.362031
0.0191559
0.869252
0.264158
-0.0976159
-0.469525
-0.262605
1.16147
-0.792288
1.18499
0.286277
0.27386
-0.017531
0.279701
-0.292276
0.325046
0.237421
0.436643
0.173674
-1.01739
-0.420982
-0.159144
0.592452
-1.02914
-1.04325
0.924393
0.186452
-1.51905
0.0417442
0.629943
-0.183403
0.388651
-1.19017
1.25277
-0.361282
0.343425
0.200495
-0.780201
1.40875
0.591664
-0.48363
0.154058
-1.24615
-0.584192
-0.372762
-0.999066
-0.588258
-0.238398
-0.923513
0.0641021
0.82737
0.844468
-0.325584
-0.316162
0.505712
-0.62206
-0.901996
-0.117999
1.32295
-0.0622629
-0.253737
0.188662
-0.792563
-0.239359
-1.40638
-1.36268
-0.243798
0.0691082
0.222897
-0.114461
0.0170202
-1.19533
-0.0958697
-1.44054
-0.793379
-0.375742
0.0202698
1.48902
-0.575943
-0.409791
-0.498607
-0.582641
-1.21253
-0.0865391
-0.0642077
-0.794444
0.637392
0.416193
0.19915
-0.806861
-0.266528
1.39842
0.81401
-1.22295
0.158625
0.924945
-0.656942
0.479397
0.442137
-0.924544
-0.335741
-0.254856
0.664114
0.515074
-0.0309829
-0.716481
0.00352306
0.0672106
-0.573546
-0.192501
-0.501578
0.651982
0.293797
0.609492
-1.29229
0.691074
-0.360508
-0.534376
0.0353961
-0.162035
-0.633567
-0.837064
-1.29099
0.00656171
-0.285933
0.209435
0.0336772
-0.0569057
0.266806
0.033156
0.626145
0.212425
-0.159002
-0.986949
-2.02428
0.145848
0.619843
-0.799079
0.648776
-1.42057
-0.856513
0.816378
-0.149948
-0.309956
-0.127348
0.800108
-0.285834
0.129241
0.613274
-0.446289
-0.977765
-0.755684
-0.239075
1.57188
0.14758
0.336484
-0.105369
-0.522151
0.664604
0.381824
1.0471
0.477446
0.325265
-0.722499
1.23494
0.255532
0.0524266
-0.521677
-1.50053
0.0544855
-1.25071
-0.221772
0.492808
0.506227
-0.11411
0.450977
0.5668
0.769166
-0.40826
-1.18156
0.263191
-0.258164
-0.573782
-0.260149
0.0712778
-0.0908092
-0.405999
-0.070028
-1.17627
0.17032
1.06952
0.165741
-0.725864
-0.0514341
0.255016
0.720401
0.0116813
-1.05306
-0.177405
0.646453
-1.2364
0.0477337
0.380748
0.917246
-0.488004
-0.0621857
-1.01181
-0.328659
-0.960446
0.207353
-0.830554
0.0646654
0.269157
-0.440186
-0.444857
0.0520962
-0.111012
-0.348301
1.18275
1.21598
0.346619
0.155931
0.438238
-0.394295
0.209539
0.183455
0.729393
0.590924
-0.438551
0.21649
-0.602759
0.700153
-1.22618
0.260979
0.731364
0.60286
-0.548514
-0.35141
0.328413
-0.0499392
0.684645
-0.11952
-0.519214
0.597816
-0.550598
-1.41193
1.19555
-0.327443
-1.80548
0.418809
0.74626
-1.20366
0.0761479
0.00697512
0.825498
0.307279
0.033953
-0.0433283
0.536951
0.0284417
-0.243722
-0.903094
0.374343
-0.224002
-0.203184
0.491077
0.20103
-0.235042
0.493036
0.96156
1.47485
-0.59544
-1.30765
-0.305105
0.824422
-0.252777
0.251633
-0.125385
-0.330243
-0.626734
-0.45404
0.883781
0.351874
-1.50314
0.392132
-0.303259
1.17874
-0.591389
0.175542
0.861968
-0.439244
-0.0408586
0.722045
-0.814204
0.137091
0.0867789
0.0973684
0.119884
-0.424358
-0.779673
0.478237
0.000409775
-0.481239
-0.130594
0.954317
0.788276
-0.436356
-0.0336713
1.23967
-1.08795
-0.260849
0.81049
1.39297
0.192333
-0.475867
-1.53466
-0.743169
0.6677
-1.95627
1.01443
-0.598696
-0.701667
0.524483
-0.718237
0.0168892
-0.699938
-0.188872
-0.571613
0.712345
-0.653444
-0.414796
-0.781794
0.0478104
-0.0493216
0.578289
0.476244
-0.0632648
-0.377827
-0.0760996
-0.1261
-0.400783
-0.0504345
-0.762672
-0.163713
0.389031
0.348753
0.748681
0.570789
-1.28548
-0.357606
-0.531524
0.204319
0.55705
0.482069
-0.0459952
-0.63198
0.896894
-0.0727306
0.407653
0.0708926
0.847826
0.0497981
-0.60903
-0.0106182
0.33096
0.812849
-0.171444
-0.482391
-0.022027
0.56963
0.825564
0.91031
-0.943312
-0.0936473
-0.0460567
-0.240704
-0.242443
-0.31446
-1.307
0.208522
0.251306
0.39878
-0.27051
-0.657954
-0.143882
0.60839
-0.0284023
-0.596206
0.309988
1.01307
-0.191999
-0.759914
0.430649
-0.198589
-0.471218
0.433088
-0.0289793
0.0492837
0.836846
-0.292518
0.60688
0.799537
-1.54582
0.418735
-1.06956
-0.950185
-0.863833
0.547272
0.786586
-1.27494
0.251903
0.805865
-0.100899
0.113652
1.40501
0.228795
-1.41746
0.62248
0.692928
0.638615
1.56117
-0.563942
0.908619
-0.22577
0.0572524
-0.187124
1.19763
0.201324
0.875474
-0.100283
0.597825
-0.107374
-0.0184378
-0.00217044
0.424553
-0.45416
0.137381
1.18262
-0.604354
-0.414003
-0.74578
-0.00222042
-0.481683
0.136903
-0.134112
0.562139
1.06778
-0.282738
-0.518133
0.483554
0.0707577
0.619934
-0.189014
-0.914617
0.561817
-0.608795
-0.388068
-1.07399
0.30491
-1.03002
0.62436
0.403725
-1.27696
-0.644036
0.731108
-0.182037
0.0488998
0.07576
0.443566
-0.364693
0.350065
-0.126743
0.231928
-0.39938
1.0342
-0.843826
-0.829331
0.877615
0.857695
0.966669
-0.259359
0.967341
-0.26573
0.724613
-0.46856
-0.169203
-1.12522
-0.993775
0.273223
-0.383445
0.106113
-0.149959
0.514948
1.28916
1.28087
-1.08237
0.45289
0.297821
0.0937345
0.793662
0.745573
0.782985
-0.0680531
-0.804802
0.260665
0.439396
-1.81946
-0.702206
-0.545453
0.821482
0.903711
0.861911
0.575435
0.0667851
-0.273307
-0.839667
0.0730462
0.00860732
0.270544
0.270572
-0.743048
1.49066
0.231053
-0.393115
0.302891
0.700007
1.28119
-0.0168899
-0.700828
0.517407
-0.378393
-0.725521
-0.515444
-1.29644
-0.593314
-0.197297
0.0844564
0.861585
0.361831
-0.350302
0.326269
1.16509
-0.00991762
-0.418512
-1.44686
-0.233702
0.833407
0.216658
-0.215157
0.600666
-0.353872
0.208738
0.457354
-0.196837
0.00596497
0.494897
0.150899
0.298894
-1.09825
-0.396931
-0.168023
-0.755757
-1.01717
-0.121867
0.988752
-0.980355
-0.796096
-0.21455
0.0529996
-0.0042068
0.535391
0.0828705
1.20236
0.254236
1.18177
0.497449
0.28703
0.385172
0.0593145
0.314081
-0.385249
-1.39667
-1.39386
-0.152611
-0.291594
0.412414
-1.07342
-0.750918
-1.29582
0.0299561
0.038701
0.30131
-0.490125
-0.862291
-0.109905
0.500613
0.278472
-1.49832
0.959438
0.306322
1.01239
0.904101
-0.18365
-0.428905
0.275087
-0.858452
0.414377
0.042264
0.843292
-0.152871
-0.14218
1.31271
1.15583
-0.457738
0.139113
0.984077
-0.83628
-0.847993
0.850227
0.347304
0.472421
0.206746
-0.25919
1.1086
0.128575
-1.93921
0.334491
0.027182
-0.10108
1.06782
-0.302715
-1.42623
1.69441
-1.27134
0.159325
0.0182995
0.218324
0.5573
-0.233154
-1.16722
-0.31125
-0.657507
-1.06556
-0.122279
-1.19017
-0.815689
-0.754748
0.138989
-0.362185
-0.718522
0.484742
-0.225448
-1.35517
0.356538
0.798469
-1.43616
0.186127
0.361946
0.613291
0.850355
-0.0114109
0.00759964
0.892333
-0.5419
1.09083
0.298312
0.487812
1.4307
0.141567
0.863232
1.56253
1.18819
-0.919147
1.04739
-0.741313
-0.249318
0.179605
0.525295
-0.036646
-0.359592
0.119434
0.423224
-1.03832
-0.429403
1.62485
0.557832
-1.21465
0.163172
-1.06895
-1.9288
0.177952
-0.471487
-0.167923
0.519696
-0.170033
-0.0315023
-0.574267
0.641387
0.542829
-0.0527188
0.0905882
-0.655063
0.224676
0.188223
0.207218
0.7892
0.207322
-0.155213
0.742582
-0.458745
-0.900372
0.0339248
-0.436855
-0.0945567
-1.83329
0.0429641
-0.537208
-0.597416
0.0205834
-0.602553
-0.231159
0.595086
-0.853436
-0.648329
-0.177173
-0.41432
0.0925729
-0.934917
-0.379992
0.878742
1.09869
-0.620112
-1.34838
-0.49673
-0.726063
0.445586
-0.0821687
1.06013
0.392621
-1.2751
0.691848
0.0434507
-0.610077
0.456367
0.176321
0.05859
-0.566039
-1.02479
-0.223774
0.651189
-0.616504
0.133609
0.275295
0.399564
-0.983874
1.39846
-1.52052
1.18854
1.38335
0.17054
-0.226672
-0.365658
0.962473
0.45372
-0.0566361
-0.553398
-1.10091
0.523662
-0.510888
0.557401
-0.0728411
-1.17822
-0.0812272
-0.0114438
-0.174381
1.66378
-0.761088
-0.152554
-0.070314
0.0594003
-1.0133
-0.0129836
-1.46119
0.864693
-0.651984
-0.482392
-0.0272544
-0.507808
-0.239629
0.756294
-0.128785
-0.856456
-0.181948
-0.234141
-0.856961
-0.212864
-1.21567
-0.132112
-0.322853
-0.528064
-0.982237
0.494831
0.0928507
-0.904323
-0.123793
-0.862865
-0.445348
-0.0459845
0.720336
0.484259
0.279773
0.128424
0.213867
0.834294
0.123133
-0.112056
0.114638
-0.217738
-0.161021
-0.855816
0.937331
0.274357
0.236941
-1.66109
-0.633953
-0.679758
-1.02251
0.886812
1.37239
0.016322
-0.534265
-0.191044
0.224602
0.923967
-0.364718
-0.20083
1.37985
0.357439
-0.335119
1.37748
-0.596432
0.0558346
-0.936559
0.28243
0.62908
0.436547
0.449912
-0.759225
0.397986
0.793744
1.01449
-0.0719858
1.36313
0.411405
0.653841
-0.681718
1.15072
0.306563
0.0648833
0.598476
-0.762383
-0.18382
-0.8738
1.84409
-0.176311
1.22723
0.286778
-1.29511
0.246526
-0.40467
-0.404263
-0.909916
-0.584189
-0.675167
0.323147
-0.974869
0.591442
1.3705
-0.308989
0.269479
-0.191671
0.0482906
-0.298863
-0.926139
-0.579029
-1.07435
-0.92614
-1.22954
0.862746
-1.36297
0.495435
-0.376512
-0.718518
-0.352642
0.533215
-0.16538
-1.04078
-0.216883
0.181899
0.121649
1.17121
0.587897
-0.528826
0.849322
0.403885
-0.392374
-0.0408921
0.0277412
-0.438557
0.0165318
1.04867
0.904864
0.84604
0.526166
0.2805
-0.849295
0.938986
0.0432263
-0.297208
0.0207407
0.558272
-1.05754
1.19181
0.778637
0.434322
0.299368
0.420952
0.00367116
0.381295
1.0482
-0.838873
0.7078
-0.235444
0.709744
-0.375157
0.189033
0.772385
-0.595113
-0.941574
0.740302
0.800117
-0.67983
-0.712302
-0.104726
-0.0811934
0.265172
0.957438
0.78832
-0.874056
-0.413796
-0.458906
0.278744
0.333256
-0.570324
-0.228501
-0.982443
0.472882
0.38391
0.0276199
0.437657
0.191189
-1.20631
-0.295658
0.297833
0.0876571
0.763022
0.264801
-0.15089
0.591667
-0.840048
0.528297
0.46603
-0.623722
0.0758173
1.33915
0.56113
-0.495763
0.755753
-0.494178
-0.00240938
0.504968
1.171
0.420766
-0.387351
-0.126981
0.354802
-0.0763148
-0.934679
-0.25917
0.472076
0.940061
1.36185
-0.343405
0.269368
-0.167442
0.249831
1.15723
0.070359
0.703993
0.537505
0.574944
-0.531695
0.209705
0.723824
-0.991489
0.898307
0.459355
1.30207
0.947013
0.369755
-0.273622
-0.885971
-0.140129
0.581383
-1.46813
0.302561
-0.130906
-0.146242
-0.057272
-1.32395
0.0310727
-0.41035
-0.216998
-0.755307
0.0554801
0.334208
-0.726345
0.519283
0.0932351
1.33745
-0.632786
0.199927
-1.05154
-0.39322
-1.39385
-0.737584
0.0300988
-0.492149
1.17693
0.278068
1.1832
0.440791
8.67093e-05
-0.662649
-0.0460776
0.839855
-0.272559
-1.45034
-0.472194
-1.31626
-0.617237
-0.561361
0.361914
0.502522
-1.02197
1.11353
-0.251401
-0.249634
0.0769473
-1.49929
-0.105657
0.969582
-0.0719571
-1.54877
0.156662
0.953601
0.901255
0.699364
0.52264
1.51413
-0.321003
0.342989
0.423502
-0.698926
0.594052
-1.72161
0.416581
-1.46088
-0.531789
-0.736221
0.450829
-0.017239
-0.548075
0.269991
-0.293112
-0.838099
0.283078
-0.141955
-0.936227
0.516684
-0.389132
-0.27924
0.757228
0.339374
-0.167618
-0.636022
0.389996
-0.293461
0.178595
0.39257
0.206565
-0.0664511
-0.482118
-0.545489
-1.08102
0.256546
0.204689
-0.816245
0.37355
-1.13811
-0.53075
-0.0340337
1.42108
0.380132
-0.628133
0.575649
-0.00357413
0.944902
0.129164
1.38582
-0.640546
-0.550204
-0.439719
-0.0392275
0.714773
1.3315
-1.1394
-0.180262
-0.305163
-0.659681
-0.914238
-0.394648
0.67641
0.172514
-0.372895
-0.738902
-1.02827
0.293239
1.52851
0.846163
0.0409871
-0.855029
0.470481
1.55457
0.336217
-0.220464
-0.0827291
-0.0641914
-0.0667691
0.454177
0.310202
0.390565
-0.122721
0.432342
0.053304
0.248051
1.02512
0.998476
-0.483629
1.34035
0.224419
0.892975
0.250973
1.22221
-0.0277746
-0.360321
-0.44165
0.127047
0.0777339
0.478648
0.146738
-0.12573
-1.51851
0.0356714
-0.959181
0.468901
-0.126657
1.85719
0.296243
-0.243022
-0.950635
0.101535
-0.20664
-0.809481
-0.946965
-1.10025
-0.246191
0.553849
0.381576
-1.27933
-0.982905
0.993899
0.34122
-0.165764
0.649384
-0.370375
0.91233
-0.513103
-0.0665762
0.791976
-0.73208
-0.198102
-0.449092
0.237703
-1.11277
0.0745992
-0.193146
0.711193
-1.24283
-0.0476263
-1.128
-1.16682
-0.39888
-0.0302426
0.932048
-0.388463
-0.0503939
0.372833
0.449109
-1.21401
0.292903
-0.458872
-0.437757
0.0723977
-0.138062
0.621098
1.24302
2.42819
1.09107
0.0942636
0.0339598
-1.45654
-0.0954795
0.00250242
-0.952029
1.02529
-1.14895
-0.232099
0.714616
1.33005
-0.449903
0.481053
0.096026
0.105605
-0.188481
-0.0734461
-0.324658
-0.441396
-0.181081
-0.176111
-0.0945353
0.510142
0.198383
0.478203
0.523937
-0.389335
0.242007
-0.678817
-0.500448
0.000821393
0.768958
0.11763
0.335001
0.914551
1.18768
-0.732045
-0.721688
-0.255308
0.00894743
0.788932
0.357585
0.539307
-0.361554
0.317222
-1.00146
0.361829
0.378641
-1.03852
-0.34507
-0.477363
0.902355
0.204188
-0.558163
1.01719
-0.580337
0.218676
0.590147
0.40933
-1.31305
0.213173
0.341445
-1.38018
-0.021397
-0.185365
0.217927
0.92772
1.16606
-0.0809234
1.95405
0.37036
1.11022
-0.500015
0.138488
1.1843
0.00402936
-0.71926
-1.35396
0.46305
0.855042
-0.0804545
-0.833179
-0.304281
0.285765
-1.28387
0.265632
-0.827976
-0.4774
0.748304
0.499893
-0.290261
0.813307
0.555408
0.054402
0.52193
2.083
0.910764
-1.16766
0.465307
-1.36371
-1.03424
-0.122868
-0.0448859
-0.0930037
-0.45309
-0.212928
0.0137954
0.51781
0.0877766
-1.05391
1.06258
-0.375921
0.016657
-0.486752
0.614784
0.102504
-0.0252526
-0.0556311
-0.0152283
0.11523
-0.485019
-1.80118
-0.959827
0.701614
0.84813
1.40507
-0.32858
-0.27501
-0.473812
-0.117553
-1.04908
0.348335
-0.0221862
-0.125639
-0.732672
-0.952821
0.642344
1.0745
1.03004
-0.3773
0.0238785
0.430009
0.66491
0.545863
0.847776
0.587102
-0.27874
-0.542594
-0.334248
-0.41699
1.21189
-0.775468
1.96214
1.42421
0.600803
-1.01483
0.519571
0.103105
-0.404908
0.570454
-0.666845
-0.711059
0.0612466
-0.903753
-0.447781
0.0789534
-0.663279
-0.350907
0.247283
-1.23199
0.438188
-0.116927
0.42951
0.506085
-0.228486
-0.0546953
-0.125399
0.0284235
0.774536
-1.65
0.32076
0.255287
0.762633
0.667875
0.0986452
0.342824
-0.152722
-0.00809128
-0.202928
-1.1534
0.40922
0.199623
0.400422
-1.46542
0.0148223
0.717162
-0.583857
0.210879
-0.646052
-0.493325
-0.0735785
0.919037
-0.483934
-0.360067
0.195381
-0.557838
0.121447
-0.508937
0.366167
0.506889
-0.190175
1.34001
0.742399
0.465619
0.744238
-0.0962233
-0.344082
-0.279297
0.163609
-0.454257
0.948134
0.102604
-1.08411
-0.15471
-0.718925
0.528321
0.769981
0.462656
0.313751
0.164529
0.948103
-0.36412
-0.430733
1.30953
1.4174
-0.0737931
0.300898
0.215932
-0.0700501
0.124791
0.0430014
-0.171635
-0.715223
0.135821
-0.355544
0.626731
-0.0807555
0.256302
1.36955
1.80363
0.342164
0.956507
0.521757
0.915772
0.690599
-0.195119
-0.207928
-0.480688
0.593305
0.797977
-0.139045
-1.41961
0.0520532
0.264822
-0.130175
-0.372246
-1.59557
0.0476836
-0.824977
-0.557859
-0.612964
0.0855663
0.63637
-0.666041
-0.324754
1.29257
-0.829059
-0.936586
-0.794277
-0.733367
0.825071
-0.651293
-0.238605
0.734006
-0.157733
0.778872
0.0372258
-1.29831
-0.0145797
-0.31612
-0.497455
-0.00613681
0.977121
0.579807
0.062352
0.640281
1.1436
0.203079
-0.449721
-0.589603
0.640801
0.252722
-1.52851
0.30972
-0.862834
-0.0807286
-0.418048
0.337633
-1.12616
-1.76761
0.56334
0.323212
0.114419
0.275124
-0.365565
0.864019
0.316597
-0.40018
0.089574
-0.689087
-1.36386
0.604959
0.648204
0.123428
0.840849
-0.531384
-1.41107
0.401053
0.294132
-0.888168
-0.12965
-0.621902
-0.809108
-0.427562
0.474021
0.631578
-0.748899
-0.791803
-0.175976
-0.862709
-0.132416
-0.465358
-0.645106
-1.06177
-0.226957
-0.0778627
0.704475
0.230152
-0.347741
0.726268
-0.171371
0.352418
0.263219
0.155426
-1.7871
-0.455051
1.33758
-1.22087
-1.15781
-0.429103
0.0363693
0.842269
-0.0281045
-0.112656
1.38137
0.326613
0.0616137
0.00865572
0.756706
0.344253
-0.342913
0.0388925
-0.0586719
0.346414
-0.370668
0.618987
0.236285
-0.296098
-1.09241
0.0573841
-0.315183
0.363359
-0.289664
0.434694
0.238116
-1.4964
-0.502333
0.158695
1.31124
0.161135
-0.544477
0.125703
-1.29653
0.210074
-0.373411
-0.0831376
1.05201
-0.183504
-0.335186
-0.529122
-0.411847
-0.22491
-0.508624
-0.991776
-0.30274
0.269694
0.368856
0.143941
-0.687538
0.489722
0.268262
0.452131
-0.466207
-0.754696
1.09258
1.15883
-0.807029
-0.0576555
0.312974
0.768011
-0.882804
-1.14948
0.292349
0.382773
0.113401
-0.984653
1.2441
0.16072
0.375162
-0.554057
-0.27529
0.793266
0.725935
0.914436
0.416718
0.411583
-0.391134
-0.0422517
0.140287
0.628849
-0.849961
0.708653
-0.496182
-0.322634
0.409103
0.00432977
-0.531389
0.613422
-0.60802
0.0324285
-1.00564
-0.0555381
-0.229777
0.390712
0.220083
1.28732
-0.152915
-0.678902
0.286477
0.616304
-1.23571
-0.313062
0.329275
0.060084
0.638608
1.15027
0.318212
-1.6596
-0.659902
0.946278
0.391947
0.783673
-1.06068
-0.255638
0.952587
-0.192549
0.745799
0.203247
-1.14938
0.728342
0.384806
-0.955957
-0.230741
1.4653
0.00342579
-0.182617
0.797525
0.0609117
-0.837844
-1.00217
0.961848
0.0643792
0.8618
0.153797
0.176882
0.676695
0.619815
0.149113
-0.123889
0.129753
-1.06325
-1.33036
0.782344
-1.17675
-0.186824
0.679728
0.509946
0.84115
-0.449003
-0.5229
0.111868
-0.317232
-1.5008
-1.10965
0.302404
-0.32304
0.816099
0.307716
1.47231
-0.257569
-0.292982
0.300363
-0.00105984
-0.131429
0.436688
-1.65308
0.544383
0.337909
-0.0664807
0.345035
0.805988
-0.101459
-0.218282
-0.953414
0.736747
-0.908736
-0.0342637
0.122935
0.131384
1.07633
-0.446273
0.0529092
0.0492027
0.517925
-1.28171
0.387434
1.91269
0.531943
-0.80886
0.275958
0.78087
0.341191
0.381496
0.194152
0.666814
0.68308
-0.803607
1.21122
0.237861
0.392187
1.07993
-0.0305782
-0.649625
-1.00991
1.01119
-0.921281
-0.106145
0.899613
-0.326348
0.176664
-1.23875
-1.07749
-0.584336
0.428149
0.345856
0.493431
0.908049
0.134719
-0.285414
1.1313
-1.5074
0.71873
0.0786044
-0.442219
0.379041
0.613412
-0.34246
0.839862
0.192369
0.813222
0.308662
-0.377875
-0.861236
0.531552
0.318654
0.283976
0.819029
-0.640026
-0.20718
0.246273
1.16504
-0.0208687
1.07999
0.16747
0.354422
0.903634
0.202501
0.53591
-0.0533307
0.65029
-1.19079
-0.670757
-0.0631684
0.810916
-1.05669
-0.183201
-1.1375
0.53534
-0.015297
-0.799153
0.460336
-0.226043
0.250209
-0.275057
0.550834
0.912506
0.692195
-0.0952701
-0.528991
-1.11043
0.0812426
-0.277142
1.56572
0.247287
-0.393396
1.56079
0.781583
1.06908
-0.696121
0.323652
0.270373
-0.610024
-0.372166
-0.793307
-0.184473
0.204298
-0.25432
-0.170124
-1.41887
0.436006
0.517274
1.03751
-0.689768
0.705765
-0.367158
1.17127
-0.973599
0.0292292
-1.13066
-0.792798
-0.399828
-0.20616
0.177249
-0.103269
0.484496
-0.421124
-0.419086
1.27675
-0.833108
-0.616651
-1.32078
0.25713
-0.0797701
0.145077
-0.384636
-0.892828
0.827127
0.351127
-0.337043
-0.830061
-0.396688
0.687782
1.41527
0.0599198
1.0577
0.394597
-0.340133
1.76255
0.396135
0.70183
0.103141
1.0704
-1.23629
-0.337614
-0.0990337
-0.285602
-0.08886
-0.518729
-0.407742
0.876131
-0.417421
0.982882
0.916585
1.9796
-0.223657
-0.203116
0.487712
0.627247
-1.67934
-0.510586
-0.36729
-0.645451
-0.823942
-0.434187
0.11267
-0.227471
-0.323178
0.172111
-2.05856
-0.603058
-0.0851059
0.143154
-0.594523
-0.388338
0.230114
-2.12476
-0.921008
-0.310849
-1.27698
0.626351
0.385418
0.530874
-0.928146
1.20745
0.0559901
-1.08709
-0.0920231
0.871389
-0.772968
-0.243425
0.472026
-1.09091
-0.78176
0.130944
0.443485
-0.748886
0.303591
-0.245996
1.16226
-0.425198
1.31072
-0.377341
0.183953
0.684796
-0.230255
-0.578655
0.156851
0.714868
-0.82822
0.892579
1.21014
-0.134882
-0.051026
0.308051
1.1225
-0.848191
0.0481524
-1.11205
0.312312
0.131715
-0.132722
-0.0740251
1.07115
0.578763
-0.686392
0.0151599
0.553502
-0.336278
0.118157
-1.659
0.108909
0.810016
-0.462523
-0.569487
-0.644688
-0.909246
-0.389172
-0.510982
-0.0998282
0.936008
0.464184
-0.588288
-0.148976
-0.747111
0.632111
-0.0287539
-0.458469
-0.625501
0.747769
-0.349487
-0.438104
-0.470769
0.0589771
0.554756
-1.14627
0.0771456
0.0163256
0.00799307
-0.274391
-1.34346
-2.10176
0.414274
-0.426748
-0.971788
-0.890697
0.131962
-0.129926
0.166824
-0.189311
0.222544
0.401002
0.433344
0.204694
-0.0400885
-0.580068
0.243513
-0.431534
-0.751533
-0.25239
1.12768
-0.427203
0.594155
0.0255954
-0.175981
0.22613
0.427712
0.18048
0.0465825
-0.708733
-0.412477
-0.0652181
0.492255
-0.720058
0.90642
0.128098
0.00737209
0.0943517
-0.331125
-0.494086
-1.27408
0.406041
0.0604366
-0.533616
-0.276723
0.535419
-0.061137
-0.350829
-0.273219
-0.297044
-1.1102
-1.01857
-1.50381
0.645727
-0.0453781
0.8955
-0.848163
-0.164479
1.10138
0.919702
1.68406
0.528879
0.569829
0.361174
0.636123
0.621201
-0.229512
0.00873471
-0.42778
0.338353
-0.724365
0.106561
0.535307
0.526105
-1.69683
-1.70532
0.737879
-0.873744
-0.269712
0.229523
-0.0682341
0.856866
1.22359
-0.903513
0.0969955
0.760297
-0.698092
0.0345766
0.225949
0.933581
0.80435
0.881769
0.472712
0.0294184
-0.29441
0.142473
0.183593
0.921839
0.324249
1.1724
-1.18056
0.621924
0.844887
-0.206787
-0.198062
0.0808195
0.396462
1.07583
-0.386402
-0.0333044
-0.0395758
0.299648
1.40072
0.247695
-0.176187
0.178118
0.298301
0.0289853
-0.00197113
-0.715248
1.56413
1.1845
0.076794
-0.0988333
-1.03552
-0.142169
-0.615182
0.883821
0.128233
0.923678
0.105386
-0.120211
-0.278897
0.309047
-0.4092
0.15437
0.516585
0.0915986
-0.137812
0.390012
-0.415711
0.684483
0.600825
0.134873
0.619885
-0.367897
-0.569034
-0.883892
-0.29979
2.34857
0.831503
0.580839
0.348537
-0.0612053
0.0889312
0.344093
-0.54239
-1.06783
0.716102
0.803284
-0.826346
0.630177
1.53342
0.258532
-1.18832
-0.0231903
0.319739
0.490049
0.109933
-0.0305587
0.0676796
0.569297
0.0322648
-1.71035
0.784715
0.637286
-0.646577
-0.207511
-0.689985
-0.19482
0.533635
0.180186
-0.0689988
0.140109
-0.0202113
-0.973558
-0.685449
-0.332427
-0.915777
0.486157
0.0781566
0.00157367
0.690829
-0.109128
0.50539
-0.840823
0.769131
-0.364775
-1.65439
-0.121189
-1.53605
0.643722
0.349946
0.520223
-1.14191
-0.0312907
0.45859
-0.0729095
0.303129
-0.0241714
-0.938727
0.656457
0.91207
0.350916
0.225987
0.574291
0.280795
-1.10621
0.197739
0.502124
0.731418
0.12834
0.841549
-0.00431614
-0.12544
-0.282506
0.428601
1.46259
-0.207668
0.128103
0.350137
-0.159584
-1.50215
-1.24266
-0.417831
-0.20561
-0.477157
-0.683556
-0.0197255
-0.459505
0.0164752
1.71793
0.0961781
0.235602
-1.17335
-0.780799
-0.305432
-0.255676
-0.981325
0.576441
-0.0216639
-1.00533
-0.747877
0.866014
-0.0390732
-0.114912
-0.754011
0.177396
0.712433
0.375623
0.83556
-0.193914
1.53408
0.185111
-0.0657479
-0.571843
-0.259928
-0.0738609
-0.630038
-0.463663
1.5612
0.715254
0.18144
-0.829011
0.617718
1.57047
0.0206711
1.13955
-0.717655
-1.18853
0.310727
0.563533
0.157177
-0.696069
-1.09795
-0.349175
0.284784
-0.507154
0.300936
-1.62419
0.312352
0.785754
0.617242
-0.537664
0.0703797
0.656972
0.0206439
0.187277
-0.636584
1.09115
0.359721
-0.0364774
-0.367096
1.58005
0.143849
-0.0138885
-0.726252
0.395998
-0.727855
0.74005
-0.207453
0.0872711
1.02196
-1.00677
0.420338
0.169911
0.982564
0.96483
-0.651883
0.0452108
0.0203197
-0.326208
0.073196
0.317104
0.438018
0.929789
-0.658347
-0.300831
-0.620019
0.474992
0.914167
0.541446
-0.0571158
0.569703
-0.484059
0.401874
0.467499
0.128723
-0.264675
0.573329
0.915718
-0.615231
-0.134982
0.918528
-1.39893
-0.132274
-1.44706
-1.18824
-1.18489
0.560442
-0.518686
0.540887
-0.76075
-0.29776
0.435293
-0.125287
0.803152
0.283139
-0.137586
0.387581
0.494259
-0.488833
-0.385901
-0.10057
0.84758
1.26593
-0.527386
-0.645224
0.219868
-0.383168
-1.03734
-0.0409829
0.142743
-0.189784
1.17187
-1.74877
-0.642587
-0.511505
-0.840481
-0.644909
0.620278
-0.070663
0.0170026
-0.76297
1.07739
0.786314
0.230041
-0.191713
0.00602908
-0.715658
-0.194654
0.440044
0.963633
1.18493
0.241189
-0.236711
1.10279
1.4384
-0.258514
1.33814
0.668595
0.0580353
-0.648063
-1.69042
-0.760167
0.392447
-0.877399
0.399835
-0.300003
0.316883
0.480352
0.295728
-0.794661
0.293387
0.805393
0.34669
-0.073167
-1.20794
-0.53042
-0.368522
-0.217633
0.91732
-0.19698
-0.325893
0.467066
1.65
-0.601215
0.8204
-0.25839
0.3225
0.169973
0.129743
-0.763743
0.538885
-0.195162
0.0215198
-1.24923
0.249064
-0.0778245
1.50762
0.472309
-1.0667
0.159573
-0.234148
-0.554475
0.110186
0.246635
0.163188
0.571486
1.0024
0.873965
0.376142
-0.153091
-0.385713
0.248212
-1.49012
-1.00149
-1.28017
0.329223
0.899216
-0.269013
-1.1529
-0.3918
0.295827
-0.150538
-0.0388192
0.743411
-0.376318
-0.254653
0.874854
-0.612302
-1.3655
0.353941
0.510621
1.17657
1.79157
-0.186914
0.242628
-0.520262
-0.86444
-0.591504
0.164487
-0.113914
0.779463
-0.11621
-0.757794
-0.155641
-0.247786
0.375915
-0.641964
0.167032
0.35052
-0.796136
0.697192
-0.672924
0.914002
-0.0900757
-0.333673
-0.00105104
-0.436399
0.124711
-0.416533
-0.336058
-0.00106041
0.0520664
0.665873
-1.34595
0.158707
-0.635473
-0.20446
-1.13469
0.458805
-0.672841
0.130809
-0.657131
-0.651162
-0.406117
1.34691
0.717387
0.175489
0.571253
0.0448898
-1.06609
0.244625
-0.642435
1.21616
0.976392
1.54088
0.960802
-0.884675
0.118708
-0.591838
0.878738
0.334724
0.510277
1.01736
1.39305
-0.675951
-0.930786
0.627474
0.0579418
-0.261499
-0.275831
0.688797
-0.437076
-0.706296
-0.665306
0.142801
0.435762
-0.175573
0.237306
1.45478
1.18632
0.407995
1.33002
0.29922
-0.416782
0.726558
-0.354013
1.01811
0.521707
0.388677
-0.665521
0.495027
0.026614
-0.648202
0.342835
-0.374612
-0.458455
-0.559356
1.13895
0.165309
0.545667
-0.472918
-0.256709
-0.267917
0.762582
-1.22863
0.105854
1.09445
-0.256688
-0.597672
1.42859
-0.436349
0.116225
1.12836
0.213124
-0.68779
0.00722691
-0.0417929
0.713018
0.740137
-0.612484
0.0183193
-0.958009
-0.747314
-0.744392
-1.11817
0.0868761
-0.370268
-1.28854
-1.0498
1.37512
0.773912
0.346773
0.0397128
0.747522
-1.00142
-0.184513
0.122321
-0.483474
-0.383608
-0.155553
0.325151
-0.576323
-0.872305
0.0379004
-0.371516
0.107634
0.320023
1.2098
0.487322
-0.354355
0.798597
0.489078
-0.155795
-0.627142
-0.959698
0.147284
0.569626
0.208051
1.41557
0.415187
0.124852
-0.210909
-0.255466
0.523575
-0.848874
-0.72742
-0.150616
-0.21763
-0.0995306
0.445431
-0.336979
0.298765
0.110096
0.199626
0.407013
-0.488325
-0.801412
-0.338704
-0.0447158
0.16228
-0.566667
-0.477998
-0.18648
-0.0248432
-1.15118
0.938252
-1.18944
0.227783
-0.649968
0.0395743
-1.31717
0.666633
0.0583842
-0.0174918
0.439263
-0.123295
0.26032
1.04841
0.0828394
-0.679683
0.98929
-1.57637
1.01822
-0.615456
0.934473
0.0864229
0.545619
-0.9928
-0.0248505
-0.419982
0.448071
-1.1117
-1.11099
-1.72547
0.129768
0.367553
0.259186
-0.628045
-0.256968
-0.238312
-0.0999867
-0.901902
-0.439204
-0.459672
-0.372489
-0.530304
0.62923
0.259236
-0.970877
0.65376
0.351205
-1.03537
1.23321
-0.18638
0.420682
0.408588
-0.259786
-0.21683
-0.58776
0.895605
-0.261684
0.0652245
0.64554
0.0031479
0.177848
1.15416
0.914869
0.545556
0.765174
0.0696234
0.640402
-0.850826
0.901449
-1.24321
-0.792663
0.177643
0.138414
-1.90163
-0.476849
-0.672575
-1.68473
0.031862
0.884741
-0.424211
0.143086
-0.545939
0.513333
0.414099
-0.711812
0.846708
0.0932705
-1.13695
-0.233347
-1.70226
-0.845238
0.134176
-0.370611
1.02977
1.93751
0.044084
0.176497
-0.0177664
-0.800842
0.497759
0.752491
-0.107089
-0.000135967
-0.369994
0.351326
0.714203
-1.43089
0.326242
-1.15337
0.622096
-0.620196
0.0841062
-0.502189
-1.07856
0.0864691
0.845629
-0.458053
0.308655
-0.148674
-0.851211
-0.869047
0.308462
0.60509
-0.0497034
1.03684
1.19925
-0.496708
-0.630436
0.439844
-0.721747
-0.406467
0.586795
0.490616
0.626313
0.139125
-0.449124
1.36529
0.00757396
0.40991
-1.02747
0.559646
-1.16992
-0.00548783
-0.771655
-0.514219
-0.28832
0.138237
0.492484
-0.191269
-0.10757
-0.513443
0.000937803
0.59878
-0.152574
-0.399986
-0.306602
0.241211
0.586338
1.20012
0.215846
0.149225
0.610148
-0.368532
0.457594
0.226315
0.675047
-1.17289
0.224208
-0.702728
0.683029
0.237463
-0.127316
0.554042
1.03706
-0.760646
0.389632
-0.462035
-0.220369
0.466858
0.600663
-0.536579
0.415898
-0.47131
0.130374
0.147619
-0.291093
-0.174845
-1.05888
-0.00205743
0.296955
1.24503
-0.452818
1.11304
0.514805
-0.382974
-0.716242
0.36966
-0.736591
-0.146949
0.505991
1.39622
0.160735
0.497992
-0.620448
0.239312
-0.516192
0.831494
1.48799
-1.00151
-0.901091
0.210324
-0.458479
0.756078
-0.380119
0.919927
-1.66494
-1.05245
-0.547582
0.294507
-0.0281643
-0.441143
0.305927
-0.785442
-0.729676
-0.461741
0.881116
0.644249
0.0364769
-0.680676
0.894384
-0.109875
-0.540262
0.328265
0.282991
-0.855532
0.263736
-0.350643
0.00597647
-0.78684
0.867432
-0.506404
0.756693
0.351806
-1.29708
0.655496
0.243692
0.70638
0.268805
-0.763066
0.159586
-1.24011
0.275109
-0.765966
-0.79472
-0.223909
-0.510885
-0.500974
-1.16202
0.362631
-0.0357144
-0.104885
-0.569761
0.237428
-0.0265205
-0.639494
0.256671
-1.11711
1.16811
0.502204
-1.68808
1.22035
0.491242
0.141572
-0.278267
-0.909
-0.164984
-0.701185
1.03144
-0.628847
0.0578984
-0.624377
1.08152
-0.166131
0.742496
0.505523
-0.86182
-1.30995
0.566364
-0.226197
-0.214875
1.03041
-1.25468
0.769328
-0.128238
-0.258437
0.561293
-0.264825
-0.708138
-0.462814
0.504258
2.55919
-0.378438
0.511237
-0.909779
0.665846
0.199675
0.0182635
-0.828317
0.806173
0.959861
-0.881248
-0.0479831
0.2043
0.61296
-0.577532
0.763248
-0.489037
1.30739
0.713906
-0.773446
-0.347596
0.699021
0.76678
0.283416
0.048446
-0.686436
0.591378
-1.02756
-0.257
0.901993
-0.209245
0.471683
-0.432076
-0.90369
0.693184
1.03776
0.1966
-0.166898
-0.678295
0.655612
0.26382
0.176228
0.501706
0.778399
0.509487
-0.372418
1.45784
-1.33896
-0.272841
-0.823342
-0.848511
-0.395084
-0.558098
1.26705
-0.508304
-0.306074
0.0760508
0.276242
-0.139268
0.258233
0.623198
-1.17646
0.912516
-2.08437
0.249132
-1.92975
-0.587787
0.936346
-0.525931
0.191682
-0.462279
0.423607
1.60122
-0.768237
-0.685198
0.0203151
-1.0628
-0.395738
-0.503138
-0.245444
-0.0384408
0.473716
0.220791
-0.0498359
-0.171718
-0.633162
0.182547
0.727043
-0.223461
-1.02791
0.0598201
0.387809
0.008156
0.139262
-0.175193
0.457378
0.0722308
0.779995
-1.36191
0.647976
0.235207
-0.474296
-0.41474
-0.17895
0.661928
-0.327867
0.483653
0.0266232
-0.571803
-0.0922748
1.00746
-0.398522
0.34296
0.563559
0.857137
-0.858805
-0.164432
1.74893
-0.0319014
-0.165035
-0.441807
-0.767575
-0.972738
0.463078
-1.15864
0.080756
0.353092
0.411587
2.09237
-0.67505
0.0687869
-0.329157
-0.535633
-0.132322
0.244142
0.907615
1.08882
1.65569
0.0480877
-0.483256
0.63357
-0.233217
-0.861555
-0.934703
-1.49053
-0.252047
-0.34577
-0.370094
0.834499
0.55694
0.123297
-0.0302161
-0.178338
-0.772198
-0.768312
0.670199
-0.674231
0.571756
-0.643264
0.927854
-0.639727
-0.566929
-0.452013
-0.696646
0.36626
-0.473732
-0.343115
0.77461
-0.919572
-0.295399
-0.614837
-0.473333
-0.289164
-0.132964
-1.42821
0.278797
0.520752
0.420193
0.264356
0.356274
-0.00855148
0.104704
0.13452
1.36995
0.121542
0.114998
1.12124
-0.851271
0.780236
-0.640825
0.690887
0.672878
-0.324444
1.03727
0.118513
0.332426
-0.583427
-0.510461
-0.0641048
1.14818
-0.000379476
0.98419
-0.922206
0.427109
0.329333
-1.33436
-0.863096
1.09165
-0.896045
0.846264
-0.0087957
-0.518036
-0.381718
0.356679
0.516245
-1.08923
-0.0443813
0.141412
-0.0889028
-1.02268
0.175312
0.254892
0.273618
0.451377
-0.307647
-0.822305
-0.460033
0.988195
0.239855
0.492228
-0.172445
-1.12163
-1.00002
-0.577267
-0.0127382
0.203257
-1.80226
0.00728046
-0.0785298
1.16333
0.758552
-0.107294
-0.621194
0.352873
-0.935973
1.06068
-0.337263
0.972016
0.0489643
-0.0205659
-0.434909
-0.0967582
-0.293731
0.822753
0.200567
1.15287
0.0914906
-0.0277893
0.457416
-0.560116
0.549444
0.306796
-0.333954
0.0185137
-0.306076
-0.232097
-1.47565
1.41313
-1.41015
-0.584765
0.743475
-0.236992
0.0623844
-0.307341
0.258437
-0.42077
1.39048
-0.211875
0.732115
-0.625467
-0.522485
-0.158554
0.663308
-0.0205576
-0.512349
-0.301815
0.794497
0.0441912
-0.290307
1.6374
-0.193713
0.668786
0.250622
0.0321736
0.25873
0.834562
-0.140878
-0.241822
-0.627612
0.858344
0.729078
0.331529
-0.24282
-0.250934
1.23472
-0.410624
-0.020648
-0.947382
1.09181
1.08135
1.26524
-0.540845
0.601274
-0.221491
1.18771
-0.107312
0.017248
-1.07568
1.44171
0.844615
1.25023
0.588092
-0.0527605
-0.182969
-0.0860176
-1.26425
-0.0865847
-0.138981
-1.74259
0.549304
-0.90368
0.404264
-0.459691
-0.419139
-1.46083
0.146868
0.301749
0.916016
0.106558
-0.243507
0.269102
-0.0830004
-0.119112
-0.374774
0.830349
0.0441485
-0.748246
0.135661
0.198427
1.03203
0.0892608
1.34435
-0.0096375
0.351497
-0.636666
-0.582252
-0.31492
0.453914
-0.129842
-0.688266
-0.269452
1.36781
0.854096
-0.0976397
0.944424
1.04909
0.594796
0.127749
-1.08517
0.511156
-0.823646
0.238744
-0.253736
0.430455
-0.125075
-0.0725871
-0.746455
1.00981
0.30999
-0.505885
-0.468254
-0.719351
-0.333733
-1.22124
-1.001
0.406648
-0.531499
1.2559
0.865383
-0.302226
1.29683
-1.10835
-0.889386
-1.16935
0.199937
1.11549
1.04548
0.381486
-1.03439
-0.0664672
0.357547
0.356011
0.061296
-0.664538
1.09283
0.137943
-0.81588
-0.716821
-0.241499
-0.239129
-0.224068
1.09301
-0.537642
-0.558897
0.951131
0.405767
0.136877
0.285337
-0.536089
-0.18094
0.62826
0.464939
1.05699
0.591625
-0.604225
0.481451
0.454897
0.452676
-0.572171
-0.271898
-0.58066
1.12758
0.190464
0.163504
-0.738427
0.0230695
0.741898
1.73142
-1.05075
0.684505
1.21161
-0.114326
-1.66933
0.680865
-0.293533
-0.484585
0.522224
-0.158088
-0.638017
0.0186385
0.0443975
0.771558
0.910172
0.06183
0.553701
-0.385517
-0.41059
0.867224
-1.23119
0.396329
-1.29169
-0.0915359
0.30706
0.525053
0.28385
-0.577496
-0.786373
-0.697748
0.567739
0.56788
0.612026
0.261035
0.215587
-1.16587
-0.670632
-0.0925101
0.387028
1.00548
0.217936
-0.182214
0.473631
0.358315
-0.00480016
-0.690299
0.69548
0.0710981
-1.15648
-0.650279
-0.266773
0.539914
-0.739105
-1.32182
-0.714685
-1.07361
0.0280828
0.0324664
-0.0572606
-0.672009
-0.442474
-0.61163
0.575024
1.25059
-1.08597
0.411725
2.52144
0.0941555
-0.335255
-0.219668
0.412989
-0.0279649
1.1858
1.2556
-0.180977
0.772114
1.09465
0.84542
-0.689045
0.392639
0.329869
-0.63542
0.764802
-0.337416
0.345505
0.500419
0.15575
0.0744378
0.796029
-0.0823316
-0.485046
-1.04299
-0.15473
0.215993
1.44831
0.472379
0.642694
-1.1959
0.776243
-0.945121
-0.56931
-0.102552
0.156822
-0.0524859
-0.398469
-0.810772
-0.0237754
1.58879
-0.163612
-0.534963
0.300568
1.7401
0.0139121
0.436321
-0.222943
-2.09269
0.00144771
-0.512393
0.253536
0.0235435
0.44944
-0.3347
-0.419203
0.59945
-0.55648
0.130174
-0.439641
0.0616798
-0.0745955
0.241458
0.297168
-0.28724
1.11575
-0.390139
-0.409929
0.764861
-1.00187
-0.523917
-1.39084
0.583975
-1.51456
0.676244
-0.0129334
0.420391
-1.03611
0.45276
1.67786
0.374353
-0.959798
-0.548699
-0.302295
-0.135788
0.855399
-0.0543917
-0.565953
0.0474556
-1.32306
-0.00844193
0.825568
-2.22653
0.98812
-0.755745
-1.78674
-0.435773
-1.02588
-0.424407
0.327928
1.09081
-0.177032
-0.737483
-0.883889
-0.645047
0.415968
-0.922843
1.18968
-0.899806
-0.55777
-1.06708
0.450476
0.0191106
-0.8512
-0.293175
-0.755939
-0.202153
1.06122
-0.019499
-0.135098
-0.615192
0.348164
0.726508
-0.566794
0.203867
-0.161792
-0.505812
-0.0029328
-0.883164
0.300411
-1.06313
-1.23486
-0.119548
-0.0508045
-0.436507
-0.76586
0.179764
-0.214695
-1.03422
0.455173
-1.00389
0.838486
-0.559255
-0.385415
1.01166
-0.492054
-0.459196
-0.724181
-0.360826
-0.244026
0.671344
0.174633
-1.0203
-1.83478
1.5013
0.602628
-0.367054
0.583584
0.985806
-0.604277
-0.941492
0.314689
-0.432504
-0.579192
-0.960424
-0.819045
-0.179878
0.156142
0.96614
-0.446404
0.03213
-0.599895
-0.798431
-0.0223366
-0.296613
-0.980566
0.262973
0.291131
-0.95343
-0.186847
1.5909
1.0268
0.568635
0.267868
-1.17007
-1.32643
0.0258942
-0.212183
-0.345894
-0.631049
-0.487541
0.101552
-1.19333
-0.476436
-0.193374
-0.535586
-1.30975
0.223976
-0.168538
-0.393078
-0.363749
-0.819107
-0.417142
-0.271543
-0.558786
-0.321706
-0.558452
0.566429
-0.100298
0.188565
0.353079
-0.696898
0.284982
-0.205091
0.380607
-1.09456
-0.497408
0.793057
-0.624674
-0.706619
-0.0542658
0.453997
-0.413939
1.86801
-0.184841
0.549275
-0.172065
0.132441
0.268109
0.289545
0.279209
-0.479265
0.66638
-0.39703
1.89022
-0.637942
-0.827248
0.444447
0.824796
-0.475788
1.37486
0.0243275
1.14189
0.294464
0.197266
1.63174
0.455146
-0.262096
0.516528
0.979185
0.329802
0.671088
-0.496216
-0.314403
-1.68288
0.400403
0.303015
0.715766
0.532719
-0.34014
-0.195674
0.369563
-0.623074
-0.459973
0.229837
-0.573641
-0.443749
-0.339554
0.276636
0.0447192
0.159243
-0.126135
0.666983
-0.170638
0.678108
-0.932622
-0.62024
0.408224
-0.617887
-0.139966
0.367532
-0.104615
0.226886
-0.541565
-0.182376
0.141889
-0.680538
-0.280963
-0.639079
-0.239894
-0.20835
1.02808
-0.34868
0.580949
-0.128681
-0.632392
0.54405
0.447243
0.536735
-0.702184
-0.279393
0.0420819
-0.192189
0.359888
0.0960699
0.515518
-0.215654
-0.132562
0.0102474
0.493727
1.8784
-0.886284
-0.0357801
1.03387
1.65798
-0.501792
-0.608265
-0.328742
0.570429
0.340156
0.127547
0.372649
0.360942
-0.0920977
-0.245531
-0.328652
0.114424
-0.24039
0.56012
0.134877
-1.27238
-0.83944
0.160089
-0.212584
0.283694
-0.132224
0.661963
1.1795
-1.32231
0.35574
0.0985403
-0.174749
0.882462
-0.864409
-0.477111
-0.778326
0.800495
-0.642349
-0.314499
-0.363717
-0.224453
-0.368633
0.687051
-1.11243
0.594152
-0.576258
0.357214
0.453258
1.02803
0.163508
-0.452037
0.0224691
0.298461
0.329603
0.582801
0.632393
-0.408469
0.767566
0.388489
-0.52437
-0.111096
0.0417442
-0.18787
-0.135587
0.356186
-0.74492
0.178133
-1.08636
0.12055
0.0785301
-1.19516
1.41188
-0.692836
-1.09776
1.32732
-1.60935
0.125507
-0.556181
1.55257
-1.12612
-0.0588739
0.286398
-0.34409
-1.0651
-1.03249
-0.271332
-1.13907
0.275337
-0.597984
0.34764
0.904069
0.267478
-0.430145
-0.64723
-0.404936
-0.0571471
-0.275799
0.568484
-0.311524
0.55972
0.00468565
-0.665921
-0.175539
0.326984
-0.115336
-0.206901
1.04376
-1.46148
0.586704
-0.0952765
0.501945
0.0940916
0.0843916
-0.388256
-0.94194
-0.12671
0.383226
1.02995
2.15682
-0.0225191
0.784404
-1.86417
0.488486
0.395501
1.10627
-0.325306
0.778068
0.278
1.8894
-0.159932
0.295455
0.594213
0.365846
0.925433
-1.96237
-0.0802118
0.953862
-0.69772
-0.481165
-0.867916
1.02119
-0.0290386
-1.21609
-0.134853
0.690053
-0.421436
-0.190038
1.02483
-1.3159
-0.3009
0.0176907
-0.611568
-0.14857
-0.3987
0.561301
-1.55831
-0.823572
-0.18159
-1.40658
0.345067
-1.35506
-0.90666
-0.16377
1.12475
0.822108
0.23178
0.366979
0.15298
0.71431
0.379311
-1.07081
-0.125834
0.256035
-0.787456
-0.0187721
-0.752413
0.700675
-0.802832
-0.0392338
0.285727
-0.760641
-0.591279
-0.158624
0.260688
-0.230974
0.792302
-0.639656
-0.655349
-0.202902
-0.12968
-0.106733
-0.606248
-0.51399
1.16463
0.676396
-0.492444
1.01071
0.910951
-0.00497888
-0.319469
-0.620329
1.09189
-0.100634
0.0732995
0.2252
-0.458445
0.0319459
-0.255728
-0.390372
-0.463971
0.239011
0.362471
0.0305819
0.240189
-0.374521
0.505487
0.15513
-0.677104
0.330464
0.123175
0.277034
-0.201135
-1.19892
0.787905
0.198667
0.190414
0.853934
-1.07988
0.704901
1.03776
0.949552
0.125542
0.101521
-0.607384
-0.20027
0.0410789
-0.0866767
0.830257
0.196899
0.330394
0.935761
0.0375216
0.379739
-0.634469
0.376774
0.300865
0.528798
-0.937941
-1.27002
-0.699091
0.0903861
-0.103819
0.563174
0.668798
1.24192
1.59545
-0.815076
-0.565928
2.48115
0.0393524
-0.727271
-1.15879
-0.0105692
-0.296512
0.652324
0.222958
0.296993
0.690268
0.337613
1.13713
-0.679433
-0.445156
-0.773932
0.240183
1.46892
-0.755417
-0.638029
1.08437
1.23804
0.602415
-2.18925
-1.12348
-0.477667
-0.179186
0.0767247
-0.348794
-0.22906
-0.345945
0.911638
-0.129897
0.481764
-0.0277622
-0.671158
-0.439105
0.731654
0.129401
-0.963245
-0.535945
-0.37644
0.288269
0.484996
1.02531
0.856533
0.654521
0.285907
-1.08691
-1.70649
0.197474
1.19643
-0.334015
0.0796959
0.794096
-0.654631
-1.1159
-1.49519
-0.274419
-0.182888
0.0776808
0.947457
-0.753364
-1.56686
-0.154671
-0.400862
-1.01694
0.456729
-0.313727
1.32746
1.19409
-0.195251
-0.84682
0.218314
-0.363653
0.298047
0.902238
0.482784
-0.273538
0.851658
1.03994
0.264257
-1.03814
-0.150298
-0.974009
1.08008
-0.913013
-0.887203
0.606025
-0.092388
-0.362928
0.144604
-0.935826
-0.73843
-0.57295
1.28055
0.981442
-0.0105241
-0.304708
-0.0185671
-0.613527
1.56063
-0.788236
0.225988
-1.05305
-2.24101
0.745365
-0.323587
0.152686
-0.150816
0.570119
-0.818702
-0.199578
0.117509
0.165322
0.588079
0.06265
0.121341
-0.678485
-0.00225052
-0.066592
-1.33252
-0.0694687
0.177134
-0.0684037
0.0422857
-0.298591
0.145117
1.21738
-0.536163
0.0512176
1.18219
-0.258668
-0.65486
-0.513582
0.792971
0.667095
-1.18674
0.0646337
-0.248906
0.602609
0.000209489
0.0581419
0.0707397
-0.130848
-0.0211424
0.191142
0.234061
-0.274678
1.83112
-1.02061
1.15748
-0.222768
0.479092
1.02212
-0.759361
-0.181348
1.22819
-0.810168
-0.133478
0.932657
-0.61787
-1.192
0.852086
-0.234636
0.433296
0.769883
-0.204149
0.670562
-1.88141
1.36871
-0.429423
-0.236723
-0.898392
-0.721577
-0.743796
0.31005
0.286841
1.01688
0.400816
0.259768
-0.315383
-0.111956
0.366053
0.648361
0.927598
-0.292644
0.600024
-0.806947
-0.0635771
0.331334
-0.621239
-0.300668
0.0495444
-0.0559932
0.74894
0.415944
-0.0950857
-0.802196
0.538895
-0.918767
-0.345326
0.218576
1.34659
0.834355
-0.374204
1.2565
0.657087
0.616018
-0.621912
-0.110567
0.782735
-1.20711
-1.30395
-0.332896
0.386681
-0.354323
0.586825
0.934327
-0.619921
-0.117902
