-0.529771
-1.12655
0.582813
-0.113642
0.156337
-0.464556
-0.0829693
-1.29698
0.0256183
-0.987519
-0.467936
0.220161
0.627092
-0.392192
-0.987704
-0.313766
0.242322
0.00356738
-1.70354
1.09123
0.700555
-0.0893427
-1.47687
1.14049
-0.824228
0.325731
0.219503
-0.132881
1.35105
0.773909
0.685911
-0.5309
0.728743
0.0542906
-1.34772
1.002
1.17944
-0.962259
-0.0717201
-0.608515
1.81377
-0.433425
-0.388458
-0.480983
-0.111382
-0.010232
0.401787
1.005
-0.330951
-1.22512
0.645104
0.124694
0.68955
-1.19051
-0.16485
-0.156585
-0.479576
-0.550726
0.150572
-0.194129
-0.307584
0.895768
0.506793
-0.477443
1.75302
0.512941
-0.875542
-0.187481
0.405871
0.72381
-0.248165
0.270093
-1.20706
0.0251184
1.24828
0.161058
0.993628
-0.641014
-0.632833
-2.03973
-0.786851
-0.838429
-0.083262
0.00892038
-0.468238
-0.405057
-0.470444
-0.773097
-0.773673
0.395342
-0.473275
-1.11549
-0.0448742
1.77414
-0.43615
0.00521003
-0.174075
0.0833363
-0.453211
0.108697
-0.454268
0.0723675
-0.264235
0.463523
-0.251635
0.0789097
0.511912
0.340186
-1.28101
0.663159
0.2336
1.05495
0.688532
0.0471054
0.360917
-1.54805
-0.159779
-0.758401
0.338865
0.0811649
-0.918733
-0.499506
-0.127531
-0.504522
0.0158658
0.039445
-0.15069
0.0284914
-0.240645
-1.90399
-0.891248
-1.31708
0.615086
1.28953
0.437861
1.82602
-0.524104
-0.377016
0.0945576
0.638731
-0.861176
0.447428
0.297105
-0.63302
-0.114641
-0.383245
-0.27836
1.28237
1.28387
-0.834889
0.686961
0.732953
-0.245643
1.04266
0.388705
-0.291966
0.463874
0.615024
-0.209372
-0.0974992
-0.201204
-0.578647
-0.485231
0.0570055
0.182733
0.185471
0.360047
0.623373
-0.826866
0.00673741
0.744342
0.535863
-0.222886
-0.519057
-0.462772
0.169713
0.376257
0.708652
0.136908
0.304787
-0.402581
0.0460321
0.135993
0.702432
-0.934022
-0.299573
-0.762095
-0.127354
0.569761
-1.2466
0.429585
-0.237629
-0.897215
-0.698611
0.35683
0.587322
-1.02011
-0.194197
0.680134
-0.911287
-0.396646
-0.0226775
-1.02362
-0.974226
0.791818
-0.64017
1.23636
-0.417122
-0.11886
-1.06333
-0.0248694
-0.887086
0.180197
-1.38074
-0.24881
0.0685361
0.0539063
-0.417868
-0.424048
-0.266275
-0.891839
1.00606
1.52937
1.05351
0.544646
0.674539
0.132652
-1.28328
-0.269717
-0.440256
0.858104
-0.859578
-0.945733
-0.723141
-0.576969
1.17007
1.25185
0.908378
0.331417
-0.214539
-0.951625
-0.889092
0.554877
-0.0308381
0.161092
-0.633108
-0.852645
0.483224
-0.148575
0.167385
-1.98795
-1.7085
-1.56986
-0.300802
-0.379666
-0.538516
1.85599
-1.07711
-0.769328
0.683556
0.409062
-1.00623
0.199562
-0.546344
0.885064
-0.0732301
0.321238
-0.925839
0.226702
0.243732
0.783461
0.232762
0.798153
-0.166265
-0.196664
0.460181
1.11223
-0.61877
-1.36377
-0.745839
1.31851
-0.445877
0.332811
0.0257925
-0.332332
0.115097
-0.142651
0.0167542
-0.412745
-1.17384
-0.646624
0.476763
0.189386
0.865148
-0.658373
0.952578
0.567679
1.45115
0.108367
-0.404742
-0.791174
0.351379
0.0947087
-0.594397
-0.329288
0.938731
0.0334565
0.347109
0.412086
-1.34342
0.219325
0.468018
-0.14256
0.59286
0.385321
0.552285
-0.0263415
0.494976
0.27657
0.567168
-0.288816
0.69838
-0.498016
1.59448
-0.602739
1.80427
0.536465
-0.401874
0.116719
0.149133
0.0732256
-0.214942
0.035124
1.40803
0.162965
0.367961
0.702408
0.554885
0.343432
0.65595
-0.625796
0.411316
-0.0481193
-0.681374
-1.31785
-1.19815
0.310966
0.243435
-1.22734
-0.202363
0.430521
-1.23063
1.04863
0.710722
0.178267
0.633658
0.805651
-0.229611
-0.0518158
-0.0683319
0.309153
-0.614569
0.229122
0.670397
-0.0327378
0.217414
-0.541229
0.458309
0.823442
0.751744
1.04519
-1.96066
0.0437067
0.769986
-0.160576
-0.165177
0.4593
-0.640484
-0.849486
0.0674081
0.37242
0.582891
-1.19642
1.04164
-0.108574
0.435058
0.0770335
0.699679
0.498688
-0.276218
-0.251319
-0.385491
-0.146479
1.86691
0.602622
0.491549
0.174812
1.22778
0.422458
0.544603
-0.33544
0.123456
0.233549
-0.335517
-2.09814
0.307845
-0.428301
0.4288
0.437232
0.79712
-0.512232
-0.398222
1.20002
0.29711
-1.7853
-0.291624
0.0738328
0.0749501
0.236295
0.345454
1.01361
0.686362
0.741046
-0.0144522
0.648956
-1.14262
-0.0193288
-0.66411
0.725393
1.12163
1.24801
-0.19848
0.105082
-0.06956
0.531338
-0.666108
-1.04242
-0.6384
0.600302
-0.983
0.559642
1.07367
0.710092
1.18062
-1.22753
1.12158
-1.20374
-0.999115
0.927948
0.360604
-0.576845
-1.01568
0.524264
0.387566
0.202774
0.143361
0.908718
0.602402
-0.0341868
-0.322309
-0.188191
0.910746
-1.08244
0.618731
0.175044
0.402713
0.825626
-0.602952
0.773052
-0.0115966
-0.413669
1.01091
0.649483
-0.0927149
-0.47738
-0.932649
1.15906
-0.26909
-0.118361
1.82436
0.59693
0.327181
0.19536
0.411587
0.318735
0.512539
-0.330681
0.0446309
-0.00591349
-0.181151
-0.547163
-0.753191
-0.158529
-1.36791
-1.34799
0.800891
-0.723669
0.496264
0.329515
-0.205138
0.956117
-1.31406
0.960955
0.101468
-0.0222615
0.192125
0.495695
-0.488639
-0.300357
0.371416
-1.09631
0.165809
0.919631
0.35528
-1.03166
0.94617
1.19732
-0.252165
-0.105118
0.467016
-0.938578
-0.54057
-1.12425
0.110451
0.981687
-0.634407
1.20672
0.412639
-0.131264
0.420457
-0.899318
0.205733
-0.18762
0.727272
0.0157372
0.30513
0.335535
-0.82472
-0.0473766
0.445008
-0.259381
0.387651
0.115719
-1.13867
-1.19423
-1.49856
0.324344
-0.185769
-0.875666
0.924713
-0.816907
-0.308764
0.981395
0.548859
0.844062
0.37139
0.468441
0.136707
1.52209
-1.08507
0.114726
1.46878
0.388008
0.305994
-0.160002
-0.888077
1.12483
0.486186
-0.922583
-1.64014
0.443491
0.672936
0.821547
0.762782
0.721912
0.790964
-1.71958
0.426781
0.464048
-0.128885
-1.24118
-0.0418023
-0.847679
-0.476823
-0.26623
0.813582
-0.286174
0.426793
-0.345281
0.0738523
-0.0141357
-0.536899
-0.308177
-0.234765
-0.331076
0.86528
1.85088
0.552872
-1.57543
0.542734
-0.0695264
0.831495
-0.465711
0.820836
-2.04264
0.630842
-0.220726
-0.492239
-0.809524
0.330907
0.585875
0.298293
-0.0492046
-1.02359
-1.21441
-1.30213
0.401994
0.157459
-0.70587
1.31607
0.378494
0.458869
0.0530304
-1.04367
0.143961
-0.256601
-0.0379467
-1.40831
-0.107018
0.52785
0.190796
0.685581
0.344505
-0.467191
-0.0973787
0.0219563
-0.578313
-0.833187
-0.0392149
-0.0974598
0.325318
0.624162
-0.601594
0.201132
0.00906183
0.679386
-0.935294
-1.46962
0.044231
1.43554
-0.80172
-1.00594
0.0277568
-0.206368
-0.351665
-0.607832
-0.125072
0.900555
0.516632
-0.462014
-0.397529
-0.684505
-0.225777
-1.49151
-0.489729
-0.453583
0.206109
0.13087
-0.825171
0.124712
0.075734
1.24212
-0.142235
0.478007
0.325634
0.98532
-0.673984
1.42359
-0.982231
-0.0766935
-0.315145
-0.376442
-1.98081
0.34128
-0.555358
-0.385595
1.08538
0.176867
-0.082812
1.1035
-0.445768
-0.0833699
1.13085
-0.411048
0.0783081
-1.08676
-0.736558
-0.250454
-0.961679
0.924409
0.466967
0.983097
-0.298508
-0.334173
0.217317
-0.186364
-0.43066
-0.43952
0.167518
-0.337392
1.13601
0.0861088
-0.721843
-1.04981
0.433744
0.180838
-0.43413
-0.606097
-0.355572
0.177978
-0.43188
-0.351549
0.384509
-0.256749
0.106152
0.429824
-0.360835
0.644213
0.350266
-0.108976
1.34943
-0.995367
1.08115
0.719154
-1.91794
0.792043
-0.826655
-0.271173
-1.01472
-0.199299
0.982724
0.419876
0.279644
0.32268
0.467067
0.274836
-0.532753
0.324692
-0.843286
0.736965
0.0430797
-0.667072
0.21933
0.120868
-0.275873
0.299129
-0.213575
-0.923669
-0.989348
-0.74852
-0.608507
-0.352792
0.864519
-0.031246
-0.0761772
-0.16762
0.599862
-1.18757
-0.94409
-0.0573031
-0.179742
0.340921
-0.531939
0.301628
0.754075
0.732791
-0.596906
0.512765
-1.16351
0.64591
-1.14406
-0.173754
-0.801796
-1.13802
0.480804
0.0539973
-0.270579
0.0670752
1.67999
1.52486
1.10155
0.745113
1.24902
0.571849
-0.121899
-0.0172237
-0.791283
0.119506
0.19051
0.537474
-0.988813
2.00839
-0.622243
-1.0774
-0.768132
-0.355606
0.0656699
0.750974
0.103985
2.04366
0.878066
0.457231
0.403872
-0.267099
-0.987508
0.787113
-0.377116
0.0214545
-0.119589
-0.806481
-0.771912
0.591825
-0.346187
0.487976
1.14737
-0.494423
0.509553
1.05863
0.340298
0.803501
-0.811905
-0.330403
-0.562737
0.987481
-0.215384
0.0533785
-0.667831
-1.59115
0.846134
-0.872761
0.0862276
0.710122
0.13417
0.289872
-1.31463
-1.54034
0.242583
-0.638304
-0.559222
-1.22679
-0.516846
-0.3573
-0.0539217
0.155029
0.32917
-0.868184
0.176758
1.39776
-0.990711
1.48683
-0.609107
-0.642174
-0.352921
-0.832335
0.843847
0.479236
-0.0411484
0.160402
0.0619018
0.69009
-0.533447
1.1571
-0.458781
0.442472
0.686919
0.563828
-1.07759
-0.211316
-1.26475
-1.20098
-1.29464
-0.410508
0.120188
-1.34512
0.328129
-0.303977
-0.990429
0.155979
1.6873
-0.188995
-0.489845
-1.16456
-0.080748
0.389091
0.18796
0.498025
-0.984922
1.11452
-0.152009
0.573495
-0.633789
0.159359
1.19779
1.12248
-0.959113
0.639623
1.58179
0.475914
0.103489
0.239412
0.174954
-0.0203961
0.273422
0.368402
-0.230524
1.54869
-0.433065
-0.525627
-0.185605
-0.0012503
-0.527408
0.560225
-0.749993
0.816652
-0.312685
0.667005
1.75903
-0.939394
0.798813
-1.52822
-0.887356
0.85728
-0.234815
1.00419
0.523592
0.869189
0.653063
0.414002
0.603287
-1.07565
1.07597
-1.15103
-0.230808
0.174435
-0.23474
0.317076
1.10298
1.03851
0.824212
-0.196099
-0.84466
-0.04008
0.0141874
-0.310353
1.27592
-0.341755
0.173566
0.76577
-0.722496
-0.286729
-0.514219
-0.333235
0.375145
-0.602693
0.112588
-0.107566
-0.44418
0.481378
-0.0974288
-0.41596
0.118324
0.430482
0.305535
0.240729
0.37125
0.260645
-0.229713
-1.15497
0.942881
-0.344003
0.970812
0.346043
-1.56952
0.325814
-0.143134
-0.723708
-0.853057
-0.154574
0.213793
0.639266
1.00441
-0.434388
0.472377
-0.396146
0.223995
0.802089
-0.524103
-1.91713
1.24071
-0.540828
-1.02939
0.489229
-2.27031
-0.0531181
-0.0649497
-0.0601587
-0.672321
0.45684
0.472944
0.276154
0.388981
0.128982
-0.625662
1.36346
-0.571193
0.863717
0.0788921
-0.148294
0.0893655
0.757181
-1.11122
0.373399
-0.81131
0.571951
0.390739
-0.789398
0.279584
0.271662
0.753523
-1.51288
0.305961
-0.293785
0.474765
-0.477405
-0.848342
-0.768951
0.529423
1.45214
-1.78894
0.015283
-1.43675
0.203589
0.70463
0.0384903
0.657408
-0.10006
0.668512
0.0931019
0.629864
-0.75222
-1.01894
1.0872
-0.0276336
0.111257
0.264957
-1.2651
-0.799935
-0.236782
-0.127983
0.520184
0.401427
0.037654
0.28538
1.60555
0.495566
0.85809
-1.8905
-0.509844
-0.151002
-0.597457
0.904348
0.73208
0.0421303
-0.876474
0.324402
0.192653
1.21958
-0.387089
-0.34625
1.32522
0.528461
0.748975
0.784527
-0.598025
-0.651309
-0.409599
-0.202458
-0.222858
-0.131275
-1.10533
1.03822
0.497823
-0.239236
-0.586862
-0.679074
0.618089
-1.14124
-0.348981
-0.375101
-0.721578
0.732441
0.869605
-0.705179
0.275526
-0.634689
0.784531
0.391234
-0.696636
0.114893
-0.960609
-0.665393
0.782029
-0.000367354
-1.34022
0.139402
-0.264879
0.339873
-1.26008
1.18799
-0.43127
1.89841
0.503964
0.449023
1.25664
1.27406
0.523809
-0.497059
0.0939052
0.603035
-0.550683
-0.406155
-0.319378
-0.030233
1.16077
-0.345112
-0.306035
-0.603713
-1.85353
-1.06822
-1.21887
1.71486
1.65305
-0.703573
0.701159
0.489485
-1.38783
-0.138527
0.206467
0.821256
-1.19615
-0.157361
-0.962944
0.593549
-1.19744
-0.0496422
-0.239519
-0.840277
-0.38554
0.361554
1.16757
1.06689
0.860667
0.26737
0.621579
0.309733
-0.283865
0.626006
-0.59662
-0.374662
-0.120639
-0.106941
-0.597106
0.59507
-1.31879
-0.16632
-0.935382
0.91466
-0.0716073
-0.349091
-1.23692
1.15855
-0.38263
-0.337676
-0.655641
0.769078
-0.344046
-0.236438
1.81556
0.264581
-0.11672
1.66443
0.299085
-0.276919
0.368705
0.614002
-0.788626
-1.26207
-0.668926
-0.313229
0.889295
-0.0813494
0.483152
0.902468
-0.40512
-0.0982374
-0.0166252
0.0393614
0.926968
0.142824
-0.559201
-1.05974
0.236757
1.36727
0.475149
-0.128779
0.658153
0.315834
1.03933
1.65337
-1.26353
-0.668318
0.244799
0.36646
0.104309
0.716034
0.0394591
0.751111
0.493165
-1.88893
0.0214424
-0.884497
0.0465003
0.413338
-0.0845631
-0.25553
0.894697
0.734475
-0.468182
0.439452
1.3095
-0.0610345
0.417462
0.53385
0.0991898
-0.439285
0.403036
-0.427852
-1.42163
-0.201833
1.10549
1.12476
-1.15653
-0.835099
-1.00932
0.999562
-0.802459
0.48634
-0.662296
-0.176921
-0.523533
-0.186975
0.0587567
0.543451
0.026612
-1.57103
-1.29028
-0.286482
0.500074
1.4911
1.40163
0.925984
-0.236716
0.241222
0.631055
0.0715661
-0.277155
-0.649189
-0.846816
-0.980855
-0.763421
-1.08572
-1.12997
-0.487256
0.14199
1.82205
-0.570846
-0.668846
1.21353
0.0152316
-0.294028
0.0934344
-0.175908
-0.26956
0.834859
-0.264179
1.02982
-0.419388
-0.353024
-1.08728
0.495586
0.721833
-0.247729
-0.0648896
0.217832
-0.0126157
-0.438353
-0.145601
1.01441
0.557086
-1.23035
0.28506
0.398162
-0.509192
1.27599
0.0835064
0.041723
1.66084
0.231285
-0.205573
-0.432215
0.0489497
1.44695
1.35445
-0.384464
-1.64441
-0.62277
-0.946895
1.13815
-0.702898
0.569087
1.25781
1.18604
-0.669941
-1.15118
0.0241961
-1.44248
-0.611222
-0.190023
0.156191
1.28079
-1.11889
-0.700011
-0.60769
-1.06901
0.854837
0.0543186
1.38829
-0.0918355
1.41193
-0.81258
-0.930291
1.05249
-0.576808
0.355162
-0.860832
-0.989707
0.358494
-0.453076
-0.333285
1.1825
-0.330039
-0.247502
-0.412609
-0.947095
0.444321
-0.235365
0.816335
0.535201
-0.873985
-0.00440839
0.0642041
0.64668
-1.86535
0.873535
0.606818
0.62462
0.399684
0.867615
-0.235341
0.615343
0.0968664
0.17476
0.702769
-1.47929
-0.652148
-0.162264
-1.19786
1.08796
-0.375261
-0.2254
-0.186147
-0.436609
-1.03628
0.655143
-0.399984
1.1834
0.666493
0.542281
1.43447
0.551668
0.986945
0.531934
-0.703027
-1.19839
0.00614287
-0.606232
-0.430476
-0.317369
0.0725338
-1.37841
-0.212997
0.101082
-0.45583
-1.58673
1.19023
0.178014
0.511843
-0.351209
0.437632
-0.0576814
0.861537
-0.169777
0.383039
1.11889
1.12441
-0.602777
-0.551375
-0.214161
-0.601976
0.0770954
-0.715999
0.598094
-0.660857
-0.336815
-1.75886
-0.350502
0.0487577
-0.778893
0.193464
-0.371813
0.791117
0.898537
-0.0284001
-0.833716
1.22312
-0.347349
-1.77862
0.931052
1.08343
-0.840867
-0.860529
0.254615
0.256407
-0.568687
1.19608
0.96026
0.358618
-1.24233
-1.56968
0.514698
0.937337
0.50987
0.258831
-0.288124
0.4226
0.0845079
-0.207119
0.326872
0.31025
-1.75347
0.582558
-0.12206
1.09127
-0.0909972
0.371707
-1.185
0.0537281
-0.0486882
-0.871811
-1.24707
-0.186881
0.264569
0.125256
-1.90354
-0.267657
1.47686
-0.945986
-0.136498
-1.31971
0.880605
-0.26198
-0.470938
-0.921614
0.0643777
-1.05893
0.430593
0.485509
-0.71976
-0.83465
0.355886
-0.208877
0.152611
0.134587
0.203415
-0.168792
0.0239737
0.872482
0.828587
0.248393
0.208375
0.022983
-0.00279055
-0.351592
-0.00698298
0.579842
-0.990209
-0.186109
-0.518279
-1.26878
-1.2046
-0.241875
-0.294971
-0.0377414
-0.225404
-0.0221886
0.566441
-1.3341
-0.778079
-0.306215
-0.341074
0.551467
-0.312777
0.151323
1.08888
-1.03183
-0.356886
-0.443415
0.12153
-0.98534
0.697413
0.445289
-0.243808
0.583482
0.702136
1.30037
0.127092
0.634755
-0.0325962
0.10746
-0.0385738
-0.663198
0.776109
0.316674
0.997348
-0.00377463
0.69438
0.38695
-0.56096
0.269457
-0.651488
-0.798884
0.374007
-0.180317
-0.609202
-0.00159506
0.104591
-0.607314
0.478365
0.232211
-0.0600313
0.741191
-1.76199
0.825953
0.077685
0.0393499
0.134132
-0.47678
-0.38809
-0.998597
0.44218
0.119067
-0.211229
0.0398815
-0.00626076
0.309191
-0.779228
0.930054
0.733688
-0.082472
0.221502
0.280371
0.118946
-1.09087
-1.33115
0.0907588
-0.183332
0.0595053
0.908256
1.50428
0.714256
-0.390097
-0.879048
0.200988
-0.152375
0.353646
0.198632
-0.655012
0.717961
0.260639
-0.12261
0.759717
-1.07563
0.75364
0.238062
1.09602
-0.754019
-0.243182
0.390355
0.00855464
0.714437
2.02679
-0.264175
-0.700488
-0.465784
-2.1565
0.0367078
0.585427
0.578304
0.369568
0.58042
1.37051
-1.0646
0.13911
-0.615668
-0.231186
1.00689
0.900866
0.353128
-0.064345
-0.634133
-0.307367
-1.09991
-0.429215
-0.588314
-0.759128
0.165594
0.582104
-0.308551
-0.594956
0.3792
1.34603
-0.34111
-2.54884
-0.762135
-0.198344
0.873687
-0.0158181
-0.265193
0.700388
1.80652
-0.633117
-0.315772
0.056527
0.693297
0.113265
-0.607204
-0.0199491
2.18463
0.256032
-0.127817
-0.797762
-0.401145
-0.368994
0.341925
-1.75137
-0.22477
0.872543
-0.379952
-1.29983
-0.080751
0.463148
-0.808008
0.476583
0.31236
0.654914
-0.45407
-1.01925
-0.659537
-0.108502
-0.550454
-0.389255
-0.64169
-0.522218
-1.47629
-0.0961501
-1.37796
-1.18455
-0.332236
-0.344823
0.279388
0.0383832
0.814817
-0.666736
-0.720764
-0.460793
-0.135947
-1.10124
-0.0358545
-0.520742
-0.0323369
-1.03137
-0.348911
0.133393
-0.0179962
0.72949
-1.17895
0.129839
-0.611152
-0.578142
-1.3549
-0.234864
0.3018
-0.384385
0.276327
-1.69645
-0.315299
-0.410486
-0.118386
1.94723
2.20143
-0.292476
-0.756733
-0.416676
-0.386409
0.325391
-0.429731
1.0826
-0.763637
0.595128
-1.13295
-0.901306
-0.0156668
0.724604
0.279953
0.630321
-0.124694
0.00140728
-0.529125
-0.233221
-0.312716
-0.673429
-0.482231
-1.34541
0.24414
-0.217163
0.215524
0.0983724
0.452326
-0.307309
1.08998
-0.184403
-0.542782
0.875721
0.414569
-0.00037458
1.30973
-0.199662
-1.26096
0.621967
-1.21721
1.18155
-1.00947
0.0626936
-0.974636
-1.14472
0.81368
0.898511
0.416978
-0.330007
0.96547
0.0528383
0.0661358
0.190033
0.809647
1.27182
0.512959
-0.38056
0.349251
-0.745508
-0.313908
0.160619
-1.87701
2.46454
0.351231
-0.405244
-0.370284
0.221181
-0.293682
-0.792666
-0.374705
0.341251
0.599
-0.720757
-1.10921
-0.60322
-0.173508
0.188362
-1.08049
-0.27967
-0.0333222
-0.856978
0.288443
-0.689017
-0.576744
-0.144927
0.419999
-0.0849673
0.0688216
0.220316
-0.779405
0.673798
-0.0100931
0.849876
-1.04319
0.96208
-0.824032
-0.823852
0.355813
1.16745
0.514413
0.420195
-0.717274
0.260224
0.967318
0.576052
0.673192
0.945532
-0.0830831
0.741613
0.678956
0.791154
0.0549646
-0.146253
1.20362
0.0378523
0.64945
1.39868
-0.496743
0.00620112
0.574697
0.740179
0.407483
0.253764
-0.231033
-0.409208
-0.0860594
-0.862671
-0.070454
0.0909873
0.189111
0.969664
-0.493099
-0.577013
0.386449
0.467489
-0.484999
-0.299671
-0.279831
0.392201
-0.605367
0.47939
-0.11572
0.514926
1.18544
1.35322
-1.07932
-0.904878
-0.517119
0.330182
0.226024
0.204849
-0.643885
1.04856
-0.997719
-0.327566
0.136594
-0.509713
0.0677094
0.86619
0.113057
0.304789
-0.700746
0.120713
0.962275
1.21359
0.768117
0.738221
-0.489255
0.563369
0.191974
-0.269361
0.00829455
0.13131
-1.67304
0.314658
1.58317
-0.52631
0.908615
0.758521
-0.909707
0.187702
-0.350611
0.509905
0.301687
0.734063
0.284954
0.382693
0.419457
-0.602548
0.0476795
-0.751367
-0.284623
-0.695426
0.841111
0.571546
-1.45954
0.230196
-0.544343
-0.175604
0.389466
0.440859
-0.40234
0.7826
-0.376719
-1.30944
-0.605145
0.423368
-1.2632
-0.705964
0.35437
0.476239
0.252624
-1.8804
0.0418243
-0.122393
0.786349
0.344564
-0.0432851
-0.482359
-0.11968
-0.341019
0.265241
0.135109
-0.291047
0.422041
0.312094
0.0165024
-0.178893
0.497581
-0.986317
0.14446
0.296986
-0.307808
-0.352303
-0.558712
-0.520089
0.571921
-0.75496
0.321098
0.0205262
0.566836
0.574464
-0.509065
-0.829671
0.731415
1.00991
-0.0414757
-0.0343808
0.881914
-0.942078
1.29884
-0.196952
0.700558
1.22782
-0.932377
-0.298055
-1.14971
-0.208499
0.49617
1.74713
-0.930108
-0.0116154
-1.67318
0.987333
0.917955
-0.168968
0.0807136
1.48766
0.787282
0.982381
0.293524
-0.0230849
-0.424224
1.01513
-1.16038
0.0527398
1.35748
0.115221
0.476178
0.746292
0.505773
-0.661579
1.4498
0.748134
-0.117033
-0.0189762
0.706291
-0.0285508
-1.30011
0.666477
-0.765593
-1.02199
-0.149063
-0.0414484
0.351895
0.202082
0.678526
1.23938
0.0648554
1.21554
0.444043
0.1964
0.538647
-0.69614
0.246309
0.703761
0.275735
0.846175
-0.16993
-0.114719
0.424762
0.440205
1.08662
0.283053
-0.128855
0.430433
-0.243432
-0.312783
1.04702
0.460713
-0.721265
1.06728
1.02428
0.349754
0.111712
0.103371
0.589273
0.573342
0.377959
-0.573944
-1.10484
0.815227
-0.611125
-0.558339
1.50984
0.197384
1.46786
-1.12158
0.601642
0.0324364
-0.138029
1.17587
-0.50897
0.441
0.541557
-0.0979502
0.38321
-0.491682
-0.00253929
1.07653
0.379432
0.593811
-0.103527
0.219551
0.678316
0.559732
-0.554875
1.3415
-0.0293798
-0.418855
0.232422
-0.100423
-0.936546
-0.467124
0.756888
0.152114
0.555505
-0.0492265
0.356379
0.582092
-1.65203
0.424547
0.520438
0.0769755
0.108773
0.0208724
0.583245
0.297107
0.261483
0.255936
0.392637
-0.698828
0.774571
0.922203
-0.142868
0.659559
1.36533
-1.47388
0.941861
0.518336
0.501262
1.84283
0.506554
0.39198
-0.314636
0.627365
0.140644
0.61204
0.13793
1.53317
-0.828091
-0.0438822
0.640226
-1.66605
-0.659062
-0.449454
-0.788979
0.910389
0.603422
0.478592
-1.27323
0.664263
-0.907982
-1.02797
1.20455
1.34906
-0.376928
0.868065
-0.540305
1.27073
-0.449535
-0.707596
-0.684596
-0.0716264
-0.160608
0.295129
-0.680167
-0.147885
-0.0911515
-0.715484
0.167775
-0.198953
0.710047
0.88613
-0.319884
-0.200044
0.298832
0.0701882
0.299197
0.415043
-0.181119
0.371712
1.63815
-1.2276
-0.291432
0.580971
2.10406
-0.150243
0.69503
-0.905128
-2.2211
-0.865973
0.27314
-0.612759
-1.1479
-1.10618
0.372094
0.0174779
-1.18175
-0.2749
-0.839431
-0.0658532
0.370026
-0.81724
-0.831799
-0.465225
0.375704
-0.105532
1.24211
-0.686172
1.23317
-0.576316
-0.62908
-0.267489
-0.881688
0.188002
-0.40406
0.00929784
1.56202
0.438909
1.51318
-0.163334
0.823565
0.0912121
-0.273442
0.10365
1.66541
1.1277
1.03974
0.316679
0.428386
-0.634075
-2.39184
0.832013
-0.196022
-0.380033
0.683516
-0.332301
-1.3856
-0.0340956
-0.00101886
-0.293853
0.861184
-0.172438
-0.116833
-0.630919
0.872683
0.420417
-0.32787
-0.648284
0.392181
1.28066
-1.14668
-0.66769
0.532946
-0.739491
-1.07571
-0.845787
0.919592
-0.102063
0.399131
0.214224
1.42832
-0.258603
-0.628365
-0.468819
-0.396073
0.470257
0.291446
-1.1596
-1.31272
-0.456001
-0.638503
1.53035
-0.356274
-0.415269
-0.145048
-0.0967922
0.22637
1.36319
0.872994
-0.84019
1.53208
-0.420972
-0.457841
-0.916791
-0.774999
-1.08592
-1.16737
-0.184952
-0.748205
-0.442168
0.516897
-0.244397
-0.997844
0.540462
-0.217595
-0.857206
-0.647734
1.06568
0.418936
-0.427244
-1.11004
0.119432
-0.95182
0.5716
1.52798
0.380319
-0.145462
0.152498
0.543763
0.0937089
0.365483
0.00534906
-1.12484
0.633838
-0.624537
1.06357
-0.910387
-0.474733
-1.36864
1.20834
0.000635076
-1.12022
-1.31052
0.881664
-0.871401
-0.507146
-0.437447
-0.398559
0.0912707
0.338358
-0.100415
-0.517795
0.326345
1.19685
0.316572
0.142474
1.0461
-0.131832
0.955889
0.152508
0.236312
-0.289594
-1.73708
-0.350244
1.31583
0.366433
-0.36037
0.111311
-0.0635162
-0.166077
-0.97807
-0.231086
0.235016
0.701157
0.0268484
-1.25923
-0.308113
-0.0893431
-0.33108
-0.561263
0.584139
-1.44065
-0.0681843
-1.4674
-0.923899
1.0911
0.907018
-0.804722
0.140726
0.763036
-0.657542
-0.39417
0.203909
0.234545
-0.642139
-1.12216
0.302849
-1.28078
-0.988116
-0.236092
1.51623
0.393684
-0.701646
-1.04615
0.43664
-0.466199
1.41505
-0.238697
-1.42201
0.119571
-0.328722
-0.790796
0.722252
1.21587
0.765585
-1.16357
-0.50107
-0.144096
0.310152
-0.843127
0.610612
0.980691
1.35959
-0.300133
-0.566516
0.174388
0.912322
0.545801
0.284707
-0.471876
0.0834679
-0.748005
0.109995
-1.48083
1.41885
-0.439778
0.956621
-0.649607
-0.86463
-0.676292
0.508882
0.946292
0.525421
-0.39413
-0.621193
-0.478523
-0.00394582
0.195349
0.0453102
-0.137691
0.181149
1.01723
0.787727
1.19914
0.309893
0.0720592
-0.221031
-0.62452
0.621845
0.14563
0.133388
0.080566
-0.0873559
0.600833
-0.612287
0.610145
0.733708
0.312954
0.125924
0.576841
0.2424
0.974341
-0.220995
-0.389559
-0.736097
0.1992
-0.51269
0.0162555
-0.251349
-0.204481
-0.445542
0.679353
-0.307672
0.354002
0.0400651
0.1214
-0.594181
1.03368
-0.581049
0.931267
0.26777
0.372499
-1.68855
0.598057
-0.666143
0.644042
-1.08355
-0.612956
1.16212
-1.33563
-0.239357
-0.288764
0.425476
0.861313
-0.681926
0.677394
0.284614
0.50914
-0.969629
-0.0245027
-1.09655
-0.187422
-0.285899
0.462144
0.0325749
-1.16574
1.88073
0.33238
1.26822
-0.521393
0.513498
1.42561
0.729409
0.0944351
-1.61194
1.27539
-0.917487
0.682926
0.22635
0.545094
0.463478
-0.438965
-0.771287
-0.878955
-0.42795
0.831797
1.02502
0.241251
0.37016
0.859639
0.136744
0.673664
-0.0483001
-0.11782
0.494266
-1.51576
-0.292122
-0.876221
-0.699399
0.389469
-0.815564
1.4812
0.678724
-0.925284
0.266824
0.202193
0.392695
1.39408
-0.320384
-0.264656
-0.221784
0.613045
-0.902915
-0.687287
-0.250072
0.676229
0.493164
1.32669
-1.92188
0.741285
1.00188
1.40328
0.111049
-0.0407158
0.672768
0.337045
0.231637
0.149194
-0.0642006
0.6283
0.949126
-0.373998
-0.486692
0.229752
0.672835
0.527545
0.475814
-0.925263
0.350893
-1.39775
-1.08892
-1.2302
-0.716061
-0.31414
-0.191335
-0.375342
-1.31928
-1.11215
-1.12671
-0.30168
1.45865
0.251082
1.1978
-0.199873
0.286908
1.9544
0.486648
0.132233
1.06228
-0.265248
1.13169
-1.32342
0.402344
-0.363783
-0.81021
-0.21352
0.0255367
-0.961447
1.1024
0.705702
-0.114895
-0.624983
0.235863
1.29442
0.291163
0.110489
0.125862
-1.16247
-0.128365
0.591814
-0.603525
-1.7979
1.43565
0.436132
1.29578
0.0910324
0.110969
0.445167
-0.442845
-0.186705
0.163603
-1.05331
-0.076381
-0.2145
0.231894
-0.0157588
1.08089
-0.287821
1.16135
0.295996
-0.541269
-0.286571
0.444923
-0.0365319
1.40145
-1.2572
-0.443937
1.11071
0.168327
-0.823123
0.0790646
-0.00240249
1.39487
-0.466076
0.940471
-0.309028
1.41742
0.862365
0.804741
0.010448
0.172031
-0.567529
0.567402
0.719931
0.65783
-0.321257
-1.50374
-0.260134
0.243879
0.960361
-0.190649
0.230331
0.718235
0.0184009
-1.18806
-0.282813
0.682514
-1.62874
0.364692
0.501319
0.618199
-0.506284
1.46853
-1.4604
0.641308
-0.200782
0.222905
1.91429
0.229631
0.640865
0.370344
-1.10785
-0.675605
-0.642501
0.788824
-0.773319
1.28036
-0.795777
0.172463
0.910568
-0.1694
0.520779
0.318614
-0.0551382
0.96032
0.73403
-0.719393
-0.0913357
-0.748482
0.828708
0.175274
0.162028
0.560676
0.510788
0.496674
0.305294
0.968993
-0.886398
-0.0370164
-0.258887
0.270602
-1.08322
0.376866
0.276184
-0.0681073
-0.647189
0.63372
-0.671977
0.184898
0.395686
-0.633781
0.366085
-0.680416
-0.748062
-0.203431
-0.276234
1.45569
-1.53104
0.12315
1.0695
0.121185
0.64308
1.42278
1.01368
0.87417
-0.230257
1.08719
-0.787875
-0.88694
0.110065
1.3221
-0.0958952
-1.06898
-0.843526
-0.332063
1.45713
-0.95829
-0.232839
0.140704
-0.841313
0.487324
-0.472863
-0.868872
-1.08542
0.530928
-0.313157
0.376935
0.420736
0.148864
0.928595
-0.565441
-0.0803986
0.244533
0.616652
0.160657
-0.668591
-0.189357
-0.842494
-0.0534559
-0.150442
-0.474717
0.422
0.250506
-1.73901
-0.865143
-0.527094
-1.34292
0.532895
-1.00984
0.0114488
-0.061391
-0.138522
-0.042868
1.11092
-0.802771
1.01504
0.175489
0.15256
-0.469551
0.506973
-0.0891771
0.966512
0.159722
1.33033
-1.17111
-0.460747
0.134722
0.196195
0.100612
0.895708
1.15982
-0.671183
-0.630553
-0.194567
0.556039
0.271009
0.177393
0.167813
-0.415818
0.0703809
-0.320631
-1.16639
0.231511
0.238661
0.516344
1.02661
-0.0762924
1.21335
0.334568
-0.861554
-0.171201
-1.98998
-0.748873
0.047294
-1.37921
-0.365252
0.6211
0.87991
1.0459
1.19492
-0.628768
0.210711
1.04541
-0.739564
-2.15776
-0.676215
-0.771729
0.185517
-0.248022
-0.377796
-1.19098
-0.297313
-0.243389
0.613436
-0.644484
0.0514205
1.53995
-0.948795
-0.27277
-0.593569
-1.06534
-0.10745
0.156856
0.0263611
-0.00764271
-0.347822
0.0556174
-0.236889
0.842725
-0.310238
0.769802
-0.0318915
0.438602
-0.270446
-0.897632
0.156922
-1.89022
-0.398686
1.13127
-0.611647
-0.570861
1.21141
0.700316
0.0986862
1.18299
1.12543
-0.413796
-0.121555
-1.0154
0.210727
-0.672724
0.269818
-0.0916325
-0.336271
-0.5694
-0.0126873
-0.468731
0.180997
-0.225882
0.629756
0.846926
0.104452
-0.881259
-0.758761
-0.841672
-0.17933
0.299428
0.108996
-0.865447
-0.258567
0.742392
0.230186
-0.208705
-0.240662
0.18012
-0.647872
-0.0689259
-1.20226
0.720683
-0.518359
-1.00918
-0.538183
-0.692979
0.650272
-0.778905
0.24414
0.79769
-0.122941
0.053271
0.946462
0.167381
-0.197007
0.91008
-0.478588
-1.05068
-1.15305
0.561636
0.527606
0.298233
-0.381422
-0.364216
0.998399
0.0231147
9.22106e-05
-0.945734
0.462936
0.917673
0.101459
-1.15139
-0.940589
1.66504
-1.2384
-0.96231
0.785012
-0.186637
0.187523
-0.0700344
0.157582
-2.58436
-0.913043
-0.0482076
1.08527
-0.620602
0.276594
-0.595163
-0.55245
0.103022
-0.375277
0.939062
0.303315
0.181764
-0.0556249
-0.192953
-0.649734
0.304406
-0.405062
-0.630535
-0.612338
-1.57897
0.821179
0.145541
0.703612
0.853528
0.268194
-0.479341
1.80044
-0.765776
-0.640029
-0.366656
0.480962
1.18486
-0.285052
-0.190074
0.611228
0.775098
0.227214
0.0441404
-0.380132
0.230072
-0.767961
0.959637
1.19187
1.19561
-0.37
0.892314
-0.550712
0.363951
0.1716
0.0917298
-0.735795
-0.718214
-0.958451
0.193177
-0.469597
-0.343422
1.18645
0.644476
-0.787003
-0.0832088
-0.313444
-0.838373
0.686058
1.51962
-0.241206
-0.177138
-0.623341
0.522922
-0.853873
0.0966463
0.525892
-0.598785
0.195804
1.23275
-1.09928
1.19449
-0.354893
0.152982
-1.18653
1.06236
0.360842
-1.60361
-0.851009
0.356418
0.349358
0.813185
1.25977
1.6821
-0.0879428
-0.19707
-0.776728
0.561368
0.546084
-0.83678
-0.688464
-1.17389
0.113364
1.35945
0.200568
1.32114
-0.231317
-0.0178057
0.339774
-0.0663391
0.18985
1.86095
0.585942
0.0606421
0.00856874
-0.227577
-0.645432
-0.313629
0.343957
0.841999
-0.288236
-0.401162
-0.131552
1.34373
-0.209025
0.67846
0.352193
-1.73814
-0.527822
-0.64479
-0.497938
0.426113
-1.06615
2.06926
0.624309
0.538837
-0.38166
0.925262
0.605044
0.560701
1.06852
1.09866
-0.649398
-0.277284
0.402031
0.783749
-0.710469
0.229709
0.332009
-0.80632
0.0182693
0.501676
0.0361361
0.0196761
-0.177464
0.540324
-0.386004
0.566002
-0.907572
0.401963
0.050528
1.15703
0.767093
0.58545
0.909738
0.245258
-0.926527
0.116489
-0.705421
0.311919
0.664547
-0.306711
0.0358749
-0.17961
0.923187
-0.137877
-0.552233
-0.508144
0.551283
0.489796
-0.656846
0.400775
-0.0983896
0.621947
0.271251
0.234953
-1.03477
0.766626
0.202553
0.123963
-0.851135
-0.76378
0.0903293
-0.202038
0.627974
0.57859
0.0224644
-0.599422
-0.308892
0.788316
0.130608
0.0664789
0.41142
0.136002
1.19788
0.796504
0.198545
-1.44753
-0.0152593
0.0653444
-0.642345
-0.512733
1.13746
-2.83461
-1.52052
-1.08315
-0.786934
0.818898
0.110126
-0.0779484
0.470572
-1.106
0.0896852
-0.144727
-0.757659
0.143464
-1.00825
-0.0374086
1.49244
0.270635
1.1438
0.235432
-0.032822
0.274006
0.18014
0.611952
0.0923751
1.16664
-0.310775
0.366129
-1.29777
0.175115
1.16541
-0.309643
-1.25406
-0.202352
-0.284517
0.542133
0.29755
0.393675
-0.000422009
1.28796
-0.153892
-1.24095
0.302108
1.20743
-0.247309
-0.147167
0.672064
0.515504
0.871142
0.470659
-0.178086
0.453602
0.512619
-1.25744
0.287591
-0.461751
-1.10134
-0.0358828
0.85468
0.663976
0.785175
-1.56556
1.30638
-0.110021
0.214553
0.258834
0.49755
-0.358164
-1.82352
0.207813
0.701028
-1.53433
-0.647439
0.0701213
-0.583616
0.502748
0.639253
0.122639
0.546824
0.767118
-0.0621318
0.505251
-0.741942
2.11918
-0.967601
-0.347639
-1.07757
0.563708
0.773599
-0.426502
0.892681
1.22643
0.00527549
-0.810055
0.106502
0.644539
0.203592
-0.37972
0.00808674
-0.164943
0.570231
0.523766
0.267276
1.54896
0.937381
-0.900387
-1.11559
1.8116
-0.207851
-0.0985622
-0.203241
0.20673
0.998685
-0.447598
-0.291339
-0.562187
0.390438
0.171801
0.541517
-0.553314
0.336287
-0.197685
-0.282577
0.40289
-0.32566
-0.139331
0.246997
-1.53062
2.08777
0.822882
0.302452
5.57577e-05
-0.888551
0.246744
-0.506023
-1.01637
-1.20648
-0.92942
0.358559
1.1841
1.08357
0.0922485
0.450719
-0.375406
0.29461
0.83295
-0.664808
0.23331
1.01687
-0.536446
-0.062308
1.15876
0.411432
1.47707
1.25005
-0.123368
-0.917774
1.0988
0.412993
-0.376739
-0.943247
-0.852619
0.277769
0.903443
-1.31809
-0.946729
0.244904
-0.318398
-0.0527669
-0.447984
-0.119977
-0.77374
1.3629
1.06234
0.957146
-1.45395
-0.635631
0.0311799
0.668269
1.14591
1.03547
0.135435
-0.913406
-0.775844
-0.113936
-0.441774
-0.579437
-0.440088
-0.546803
0.483125
1.03755
-1.12381
0.753326
0.980654
0.324391
-0.284675
-0.194344
0.560917
-1.58646
-0.882887
-0.830822
0.691247
-0.888089
0.39237
1.20242
-1.08205
-0.960859
-1.13344
-1.024
-0.116584
0.426824
0.796284
1.52638
1.66979
0.162448
-0.145898
-0.46803
-0.428168
0.566335
-0.0417426
-1.4102
1.27677
-1.25202
-0.611882
-1.0651
0.317978
-0.0367792
-0.677893
-0.726884
0.70782
1.09393
0.701213
0.930837
-0.999031
-0.497277
0.0472085
-1.07373
0.905869
0.0115283
-0.660535
-0.00727216
0.0811257
0.604882
-0.087975
-0.111504
-0.0181179
-0.146184
-0.249102
0.818435
-0.455001
0.999303
-0.166987
-0.301359
-0.110499
-0.996588
-1.08066
-0.248783
-1.36819
-0.288475
1.20966
-0.137889
-0.846658
-0.472129
-0.453061
1.1559
0.980644
-0.132161
1.15078
-0.240199
-0.734046
0.143852
-0.53
0.744286
-0.171496
0.527128
-0.033935
0.668885
0.616748
-0.961046
0.435776
0.729578
1.31837
0.437754
-0.0405009
0.169045
-1.20299
-0.758777
0.774541
-1.24909
-0.558948
1.65181
0.532392
-1.30663
0.4751
0.473641
0.369454
0.275069
1.14312
-1.59367
-0.810147
0.234381
-0.715426
0.159648
-1.10569
0.814471
-0.419784
-0.718785
-1.46843
-1.42962
-1.46674
-0.308923
0.489665
-0.413675
0.817327
0.58646
0.442328
-0.78065
1.15975
1.32091
-1.06062
0.913272
0.998887
-0.180487
-0.899013
0.382284
-0.265518
-0.51136
0.397209
-0.64996
0.72152
-0.230203
0.101553
-0.107174
-1.05119
-0.0479438
0.546289
-0.226039
-0.161721
0.695939
1.09125
0.175704
0.958374
0.547822
-0.208662
-0.573705
0.21859
-1.0568
-0.306277
0.491077
0.320606
0.0360202
-1.01652
0.0938462
0.304455
0.440515
-0.363952
0.407437
-0.285835
0.245924
0.560072
1.06404
0.190501
0.0436362
-0.493613
-0.0507486
0.509697
1.2931
-0.00775909
0.126448
0.36276
-1.08438
0.113421
0.262132
-0.180447
0.709874
-0.298783
-0.0954577
-1.28329
1.0233
-0.985886
-0.520328
-0.908927
1.26186
1.06356
0.999868
0.182783
-0.419873
0.0759409
-0.485502
0.77866
-0.567451
0.870565
-0.847629
0.82116
-0.0277032
0.0417131
-0.461908
0.0638477
0.623476
-2.05666
-0.535537
0.491587
-0.658336
1.62024
-0.431067
-0.999301
0.10131
0.477245
-0.0971887
0.821195
0.468486
-0.11634
0.106869
0.178797
0.382243
-1.08951
0.157472
1.05605
0.0786084
1.07608
-0.151798
0.128015
-0.544958
1.13449
-0.39277
0.85549
-0.748148
0.596338
-0.685858
-0.349419
0.95075
0.199173
0.75828
-0.783615
-1.01516
0.389203
-0.222115
0.0934115
1.27224
-1.06282
-1.05723
0.348669
-0.371937
0.239405
0.268379
-1.52862
-0.0474958
-0.354384
0.459707
0.19142
-0.496818
-0.640347
0.612624
-0.24724
-1.56142
-0.760567
0.571372
0.61668
-0.273311
0.039144
0.127105
-0.0608316
0.702704
-0.526656
-0.26212
0.703326
-0.657578
0.166891
-0.819784
-1.0258
-0.329635
-0.440617
1.02011
0.0371095
-0.390986
1.01663
1.22542
-1.08743
-0.497411
0.767869
-0.208508
-0.112955
-0.515706
-0.0868034
-0.310614
0.554844
-0.181185
0.701435
0.828718
0.258472
-0.0289712
-0.702841
-0.201191
0.41002
0.367227
-0.286067
-0.688393
-0.354336
-0.501484
0.411047
-0.427662
0.843063
0.745277
1.17851
0.923943
0.21684
-0.0289242
0.207282
0.370055
0.210892
0.11266
-0.789176
0.107106
-0.270964
-0.405262
-0.262514
-0.997837
-0.414134
-0.140748
0.0434469
0.966737
-0.660364
0.0398333
1.00545
0.374917
0.740996
-0.495626
-1.26244
0.266539
-0.86623
0.697905
-0.369775
0.736077
-0.210229
-0.61824
-1.09555
0.0612566
0.071025
0.249682
-0.900445
-0.789771
0.400152
-0.720089
-0.490186
-0.425788
0.117583
-0.878675
0.724816
-1.54827
-0.305487
-0.0771114
-0.986369
-0.602125
0.467817
-0.0801587
-1.16093
-1.16452
0.974527
-0.427822
0.267339
-0.339102
-0.0750311
0.0504469
0.189694
0.00813884
0.446613
-0.298882
-0.401302
1.5411
-0.67888
1.25021
-1.36372
1.75685
0.449033
-0.672568
-0.716824
-0.635385
0.107288
0.504251
0.439089
0.932846
0.185015
-0.151541
-0.7866
0.354082
-1.12555
0.362602
-0.81851
-0.229928
-1.13522
-0.581256
0.0452371
-0.626622
-0.621869
-0.334535
0.772156
0.70991
0.223609
-0.648238
-0.525653
-0.556465
-0.29826
-1.55056
0.396375
-0.447357
0.872145
-0.486978
0.717324
0.407173
-0.368504
-0.453127
1.1339
-1.20386
0.647965
0.193751
0.839361
0.315543
0.32266
-0.447944
-0.897879
1.13373
-0.0459152
0.89578
-0.519953
-1.83305
0.929202
0.351689
1.08322
-0.153232
-1.02421
0.569481
0.0388118
0.264579
0.723251
0.520323
-0.129763
0.925418
0.802524
-0.0317579
0.79638
0.472144
-0.74855
-1.31692
0.0320861
0.320613
-0.266169
-0.444326
-0.567873
0.614718
0.501914
-1.15249
-0.664991
-0.218446
-0.367598
-0.183737
0.44008
-0.474888
-1.99009
-0.162363
0.194244
-0.247285
0.364276
-0.36717
0.317857
1.18833
0.498201
0.293073
0.00779256
0.854083
0.0159442
-0.0475563
-0.652614
-0.191233
1.73164
-0.892109
0.191707
0.281066
-0.987674
0.207689
-0.654467
-1.69045
0.153713
0.559709
-1.35696
1.12837
0.466576
-0.795568
-0.953006
-1.21428
0.628894
-1.43304
1.8732
0.290261
-1.04838
-0.720981
0.62171
-0.646017
-0.371627
0.813519
0.185515
0.046752
0.885804
0.865621
-0.258922
-1.10902
-0.30921
-0.0975419
-0.455639
0.00135425
-1.10683
0.277375
-1.60913
0.0167583
-0.943899
-0.371604
-0.24919
-0.205304
-0.684167
-0.280634
1.53478
0.0592765
0.8342
1.83628
1.35344
0.539632
0.863682
0.192921
-1.5399
0.21748
0.0954784
0.589131
0.216528
-1.49362
0.822492
0.661309
1.23257
-0.163312
-0.57142
0.271532
-0.359674
1.85351
-0.317459
-0.0160683
-0.273568
-0.231179
-0.961775
0.502916
0.318644
0.338845
-0.403875
-0.681222
-0.478839
-0.357668
-0.529444
-0.0083056
-0.526545
0.290533
-1.14785
-0.436297
-1.03835
-1.49289
0.99167
-0.590769
0.831509
0.256873
0.544262
0.728526
-0.382675
0.814503
1.03686
0.410107
-1.68579
0.126491
-0.338527
1.45977
-1.7097
1.2195
1.29819
-0.701782
0.352774
0.399578
0.0449193
-0.218054
0.195004
1.72632
1.17132
-0.135933
-0.0618111
-0.862062
0.54158
0.130373
0.666648
-0.624228
-1.74883
0.278372
0.518296
0.521785
0.54238
1.12426
0.0920063
-0.722945
-0.648878
-0.869775
1.43698
-0.355693
0.712766
0.669744
0.328344
-0.00103443
-0.102647
-0.248956
0.778891
0.552577
0.0192712
1.66488
0.681797
1.02399
1.0694
1.46101
0.2855
0.464435
-0.726187
0.457999
-0.0899768
-0.531831
1.26883
0.451512
0.301756
-0.649733
-0.426919
1.29959
-0.1791
0.0178639
-1.34265
0.225233
-1.25987
0.385746
-1.22165
1.67065
-0.16328
0.236571
-0.115864
1.09844
-0.865116
-0.29931
-0.80876
-0.220121
0.026649
-0.494471
-1.01259
-0.0974622
0.703912
-0.224126
0.162774
-1.2326
0.0578132
-0.760155
0.631182
-0.561329
0.217745
0.713453
-0.175006
0.301317
-1.36241
0.313601
-0.092514
1.14675
0.68108
-0.0303405
-0.0378259
0.499369
-0.407297
1.387
-0.454052
-0.1476
-0.300941
1.03132
-0.301761
-0.312071
0.288137
0.208859
-1.63297
0.921733
-0.158212
0.538525
-0.351682
0.497503
1.19163
0.0790707
-0.103329
-0.449877
0.174989
-0.710982
-0.897131
0.600104
-0.973697
-1.48324
-0.689891
-0.558592
-0.323423
-0.503785
0.462079
-0.0778571
-0.544157
2.2916
0.447441
-1.34255
0.716528
0.542452
-0.518303
-1.05557
-0.396196
-0.0705792
1.12709
-0.835825
-0.477735
-0.822485
0.176039
-1.5434
-0.120749
0.615902
0.750299
-0.171286
-0.774744
-2.01863
0.351851
-0.963104
0.453317
-0.159354
-0.796307
-1.45669
-0.39615
1.03377
-0.627899
-0.752452
1.19698
0.322189
-0.0165727
0.298286
-0.500429
-0.953617
-0.142656
-1.54404
-0.364357
0.124137
1.15634
-0.0747558
-0.62911
0.124954
-0.737047
0.689523
-0.647722
-0.474868
0.106425
0.218634
-0.0773745
0.223447
0.446551
-0.402211
0.572933
-0.0431856
-1.29699
-1.21044
0.541505
-0.297702
-0.163879
-0.337156
-0.363142
-0.763343
0.0157864
0.113211
0.366974
0.218306
0.598975
0.467044
-0.447485
0.536031
0.233833
0.794472
0.0892555
0.303689
-0.44601
-0.584867
-1.18231
-0.732623
0.98799
0.582574
0.531593
0.207571
0.403988
-1.23139
-0.0555101
0.714183
-1.21975
0.58007
-0.758681
-0.900675
0.0405011
0.0550636
-0.691447
0.421914
-0.427902
1.88201
-0.103451
-0.439583
-0.683065
-0.122468
0.326534
1.06465
0.672649
-0.978048
0.442271
-0.492013
-0.0525507
-0.742851
0.960999
-0.56476
0.0173569
0.681168
-0.565415
0.211927
0.373438
0.167624
-0.206876
0.368878
0.887191
-0.497343
0.615607
-0.00288144
0.036149
-1.1884
-0.515294
-0.539383
2.35424
1.06379
1.5934
-0.7162
0.844177
-0.907407
1.58484
-0.0408289
-0.138593
1.86349
0.962601
0.570124
1.7684
0.922789
1.4715
-0.58984
-0.562197
-0.219444
-0.847827
-0.144286
-0.550139
-0.0845501
0.750892
0.171704
-0.182824
-0.229162
-0.415023
0.248999
-1.37558
0.851696
-0.926909
0.889959
0.529822
-1.84281
-0.838442
-1.19719
0.6839
0.755859
1.03696
-0.536271
-0.606802
0.701943
0.236082
0.246378
0.458433
-0.67322
0.64349
0.0365645
-0.19171
-1.16778
0.61664
0.0672401
0.451497
1.60874
-0.916784
-0.276447
1.0376
1.15986
0.22141
-2.17281
-0.419896
-0.979118
0.152146
-0.536308
-0.352144
0.768856
0.0146734
0.83391
0.906433
-0.380073
0.590066
0.684961
0.381409
0.0263382
-0.681966
0.178675
-1.04808
-0.0691788
-1.55316
0.815927
-0.220621
0.202659
-0.0453649
-0.524911
-1.53524
0.689062
2.27034
-0.984773
0.0494654
0.705674
0.358785
1.08908
0.659895
0.460211
0.122777
0.296611
0.478859
0.847559
0.625517
0.0985064
-0.0945229
-0.746936
0.565097
-0.0288152
-0.224185
-0.937142
0.205307
0.593366
0.532219
0.0302009
0.671305
0.363374
0.714918
0.0260518
-0.428987
0.954575
1.31542
0.278269
0.461009
-0.316721
-0.963122
-0.707537
-0.256094
0.93581
-1.62827
0.489506
1.27611
-1.05555
-0.088334
-0.288906
0.356642
0.371112
-0.307101
0.332634
0.168775
0.468331
-0.451691
-0.253442
-0.221205
0.191569
0.386152
-0.530188
0.779516
0.0359177
-0.352857
-1.84282
-0.245513
-0.168445
0.263534
-0.69425
-0.789809
-0.0840217
0.685632
0.334704
-1.16575
0.546674
-0.605067
-0.729736
0.300983
-0.450086
0.667628
0.111887
0.563781
0.69212
-0.195179
0.0337007
-0.154451
0.138188
-1.65807
-0.381211
-1.08577
0.380517
-0.863951
-0.711302
0.238874
0.526793
1.64938
0.0621209
-0.321188
0.365469
1.65707
0.756218
0.953514
-0.505262
0.539127
1.30605
-1.07242
0.136091
0.227481
0.301482
-0.32634
-0.887829
-0.0949058
0.413774
-0.87082
-0.612332
0.341608
0.695019
-1.90148
0.338678
0.29791
-0.33728
0.556118
-0.9262
0.322301
1.45232
0.497157
0.81422
-0.305501
0.00534146
0.359158
-0.864975
1.09645
0.472576
-1.09721
0.127425
0.597681
0.351855
0.264291
0.465112
0.337251
-0.197973
-1.15602
0.826141
0.0950742
-1.37429
1.1796
-2.43577
-0.176706
0.564688
0.445431
-0.545693
0.042246
0.0203402
0.594534
1.74842
0.6471
-0.268027
-0.0228397
-1.53879
-0.0671013
-0.939325
-0.344707
-0.359525
-1.04423
0.553242
-0.0536703
-0.322748
-0.772297
0.181254
-0.0922167
-1.37821
-0.524127
-0.514217
0.6207
0.415817
0.206795
-1.12576
-0.0339901
0.285805
-0.596372
1.21078
0.936489
-1.2501
0.567057
-0.16266
-1.5253
-0.762205
0.182295
0.0790036
1.24266
0.66181
-1.80082
-0.265249
0.496353
-0.040766
1.37422
-0.475164
0.400178
-0.732988
0.654077
-0.674344
0.313156
0.12679
0.469758
0.995382
-0.833217
-1.6038
0.170238
-0.306818
0.0983683
0.306424
-0.242861
-0.55138
-0.17018
-1.26358
-0.430359
-0.683191
-0.649316
-0.29393
0.259089
0.524442
0.614834
-0.292495
0.123939
0.585444
-0.398509
-1.51122
-1.18703
-0.41518
-1.02051
-0.132194
0.0959248
0.290974
0.0503093
-0.485008
0.438357
-0.127705
0.369917
0.361478
1.27478
-0.65734
0.696006
-1.36612
-0.864599
-0.011244
0.489622
1.13773
0.193641
-0.983224
0.20702
0.0235331
0.458916
0.538846
1.34119
0.340807
1.02325
-0.309394
1.15501
-0.55863
-0.0253231
-0.210977
-1.29756
-1.35307
-0.194938
0.177067
0.424465
-1.32874
1.0918
-0.176611
1.40912
-0.847921
1.00586
0.350885
1.20617
0.727157
0.489924
-1.01349
0.283351
-0.17263
0.0529752
0.597629
-0.479645
0.352798
0.743725
1.23516
0.0758575
-0.670916
0.380756
-0.970888
0.407008
0.757069
-0.152441
-0.0893325
-0.173305
-0.492592
-0.406029
0.358061
-0.125281
-0.225782
-0.0672842
-0.429732
-0.447344
0.310503
-0.391721
-0.835815
0.677427
0.771521
0.473222
0.196792
0.666932
-0.282277
1.3024
-0.405607
0.107721
0.0217649
-0.341485
-0.398097
0.506465
2.63157
-0.0460809
-0.351162
-0.403319
1.67866
0.061102
0.430678
-0.159748
0.127525
-0.15334
1.31193
-0.352282
0.48586
1.00929
0.632065
-0.401086
-0.2523
-0.242433
-0.281557
0.467106
0.0403922
-0.633841
-0.202804
0.827682
0.825642
1.03488
-1.02682
0.373933
-0.483147
-0.635921
-0.70685
-1.42207
-0.43604
-0.648758
0.267274
-1.00904
0.444253
0.595785
-0.686122
0.870522
-0.652858
1.01298
-0.944923
2.16945
0.172101
0.793658
-0.825728
-0.624916
0.0700636
0.797658
0.251429
-0.758659
0.594725
0.550759
-0.557431
-1.13051
0.494918
-0.819679
-0.0295467
0.697675
0.493463
-1.28299
-0.837822
0.108302
-1.07436
-0.436671
0.145388
1.48225
0.537387
-2.18609
-0.431435
-0.444996
-0.115367
-0.443637
-1.07454
0.338373
0.302437
0.753431
-0.385931
-0.724654
0.583783
-0.605315
-0.425413
-0.436683
-0.083084
-0.0221665
-0.0399889
1.16985
-0.607171
-1.10143
0.170666
-0.49039
0.585098
0.0918777
1.68441
-0.402642
-0.80875
-0.544858
0.13273
0.346577
0.194336
-1.29369
-0.411464
-0.765155
0.205928
0.432028
-0.0600205
0.612063
0.551383
-0.180093
-0.00188516
-1.49086
0.735124
-0.469997
-0.638474
1.01519
0.888921
-0.789593
0.246332
-0.116842
0.657873
-0.483626
1.33563
-0.0914851
0.10653
-0.414738
-0.560709
-0.0124169
-0.193599
0.625346
0.334953
-0.604824
-0.997126
-0.245396
0.226469
1.12555
1.54108
1.62234
1.19731
-0.352318
-0.964023
0.4341
1.97347
0.696695
-1.78967
-0.10082
-1.07878
-0.350758
-0.563728
-1.1066
-1.34112
-0.0808188
-0.735909
-0.233759
0.315615
-0.864577
0.0839062
0.672859
-1.02103
-0.19321
-0.658863
0.82746
0.327657
2.13477
-0.198453
-0.115134
-0.451433
0.11036
-0.639022
-1.17302
-0.242723
0.172565
-0.113057
-0.140354
-0.455581
0.354299
0.343229
-1.02487
-0.0207245
-0.162694
-0.297471
0.998781
-0.815217
0.623108
1.02261
-0.826663
-0.566967
0.860334
-0.299733
-0.129393
0.0417094
0.187999
-1.72093
0.482269
0.384781
1.43485
0.0398046
0.677672
-0.530109
1.22552
-0.280601
0.021993
-0.0614358
-0.883468
-0.0965625
-1.26148
-1.71854
0.242873
0.847022
-0.0218052
-0.0171103
-0.506795
-0.0229384
-1.04457
-0.261069
0.0944817
-0.0593269
0.823676
0.717095
-1.41691
1.46482
0.216605
1.04072
-0.296323
0.874681
0.181053
1.19704
-0.645252
0.201594
-0.337929
1.00215
0.798678
0.664758
0.174125
0.571482
0.558461
-0.066654
2.11688
-0.347847
-0.799139
-0.330946
0.202085
-0.3323
0.318717
1.79093
1.44636
0.710404
0.133662
-0.278175
-0.713705
-0.791448
-0.744279
0.313004
-0.17566
-1.36149
-1.147
0.0136671
-0.369355
-0.268835
0.744722
1.307
0.0689006
-0.654733
1.48531
-0.956065
-1.10072
0.925654
-0.122492
-0.200356
0.91497
-0.227788
-1.61314
-0.236631
0.514664
-0.649996
-0.403966
0.424044
-0.272985
0.30512
-0.19134
1.38904
-0.0944862
0.598816
0.80927
-0.392027
-0.337923
-0.179938
0.251617
0.416057
0.424134
-0.343672
-2.0877
-0.143256
-0.0738022
0.843874
0.527597
0.321694
-0.160585
-0.954974
0.812337
0.534599
-0.613014
-0.561542
0.117787
0.764486
0.69183
-0.63224
0.609369
-0.532187
-1.29616
-1.61186
-0.411132
-0.469297
0.00799376
1.77129
0.088789
-0.094224
0.820591
0.178503
-0.195924
1.09076
-1.07465
1.17078
1.01175
-0.26345
0.0507215
0.0449997
0.309855
-1.38213
0.626293
-0.476152
-0.0192892
0.495171
-0.0876031
0.565402
-1.56457
0.792553
1.42839
-0.606514
-0.221732
-0.424292
0.552501
0.1873
0.996512
-0.666635
-0.558648
-0.402246
-0.332447
0.246951
-0.237893
0.114686
-0.131757
-0.88804
0.995077
0.511282
0.121619
-1.39408
-0.26326
0.0764818
0.204684
1.07358
0.406597
0.0414147
0.715373
0.93845
-0.200398
-0.256334
0.875944
0.261933
1.29432
0.282122
-0.560875
-1.15938
0.0633827
-0.86933
0.235028
0.493254
2.19497
-0.674748
-0.278584
1.64232
-0.227217
-1.50175
-0.233304
-0.927565
-0.263103
0.926059
0.169353
0.893758
-1.54431
-1.49452
0.0104705
0.158516
0.561992
0.501062
0.146956
-0.962962
1.13675
0.384598
1.62194
-2.04506
0.13555
-0.274185
-0.207489
-0.305794
1.00547
-0.533135
-0.435644
2.00253
-1.0179
-0.391072
0.291932
-0.569508
-0.757982
1.15733
-0.033169
-0.465142
-0.763787
1.25329
-0.519655
-0.714382
0.661025
-0.713853
0.0596599
-1.11634
0.131653
0.538087
-0.795843
-0.0392925
-0.017803
-0.178425
-0.624
-1.34831
0.659422
-0.486052
0.265861
0.678961
-1.93099
0.471593
0.95642
-0.338531
-0.856994
-0.0903658
-0.114739
-0.0354656
-1.51055
-0.558104
-0.65534
-0.00861936
-0.530918
0.228708
-0.873936
-0.23544
1.08079
-0.666748
-0.833832
0.210069
-0.0125346
1.07847
0.0852055
-0.210991
1.62612
0.198038
0.915632
0.42052
0.301244
-1.47038
-1.14492
-0.728801
-0.80393
0.134913
1.0394
0.707304
-0.458802
-0.304469
-0.510513
0.333055
-0.41265
0.0743639
-0.718896
1.00668
-0.826089
-1.06968
-0.952018
-0.903242
-0.188646
-0.598641
-1.46484
-0.369605
0.0975223
0.0745045
0.460807
-0.0696113
-0.85561
1.2903
-0.169365
0.202474
-1.03693
4.97661e-06
-0.000723494
-0.0848986
1.39571
-0.119518
0.358868
1.06111
-0.96708
-2.3227
1.02813
-0.844292
-0.664664
0.650868
0.721142
-1.59472
-0.0433604
0.178702
0.14001
1.06178
0.827434
0.691983
0.820654
-1.33819
-0.725667
0.2281
0.394553
1.06868
0.186503
0.997585
0.23493
0.111603
-0.370496
1.43472
-0.627852
-0.708326
-0.331153
1.24641
0.887792
-0.589583
-0.619414
0.190015
-0.418429
0.0543072
0.475855
-1.30584
-0.473464
0.561943
-0.802373
0.267872
-0.128787
-0.789623
1.17211
0.670283
2.11532
-0.67456
1.02434
0.281694
-1.05051
1.59626
0.518517
-0.389965
0.167038
0.17753
-0.758466
1.376
0.766247
-0.198583
-0.138808
0.96901
-0.0877572
1.02919
0.170236
-0.242608
0.234815
-0.860837
1.36571
0.717709
-0.909084
-0.466872
-0.764248
-0.208352
0.415659
0.131549
-0.378742
0.246403
-0.495298
0.184537
0.380133
-0.236324
0.0348588
0.331005
0.246396
0.154278
0.503302
-0.474412
0.195361
1.00211
-0.752514
-0.17322
0.335621
-0.565386
-0.562225
-0.475839
0.455338
0.437824
0.0287538
-1.0657
-0.311162
0.828595
-0.636853
-0.753177
-0.023905
-0.90965
-0.700971
0.503118
0.30732
-0.896642
-0.154705
-1.43836
0.45897
0.00236764
-0.810416
0.00448015
-1.06798
0.290698
-0.138058
0.665409
-0.378733
0.820088
-0.173345
-0.259267
-0.0205238
-1.06378
0.470285
-0.45843
-0.310584
0.748331
-0.396201
-0.757609
-0.60004
-0.82311
-1.74531
-1.07652
-1.00591
-0.00285483
0.182539
1.82005
0.892909
0.539159
0.903133
1.39086
-0.315963
-0.879705
0.297334
-0.253495
-0.0322982
-0.202117
-1.02021
-0.841269
0.477035
-1.12971
-0.435078
-0.454277
-0.607688
-0.232944
0.502195
0.871981
0.942885
-0.0427472
-1.33848
-0.785848
0.463141
1.26375
-1.07279
-0.0022391
-0.729384
1.55946
0.708955
0.462728
0.73379
-0.084834
-0.127089
-0.615522
0.746787
0.0953356
0.031176
0.473129
-0.863668
-0.974634
-0.567959
-0.742564
0.261398
0.786756
-0.415637
-0.218431
1.26055
0.964693
-0.158366
0.781879
0.674239
0.141693
-1.40928
-1.06735
0.171885
0.514323
1.1361
0.428985
0.136107
0.317374
-1.34483
1.45229
-1.52855
0.980653
-0.209117
-0.511331
-1.07094
-1.00893
-0.0232518
-0.132207
-0.114071
-0.111303
-1.73772
-0.642648
-0.235344
-0.591125
-0.0379832
0.932205
-1.02775
-0.0956452
-1.6991
-1.58337
-0.14477
-0.405613
-0.00929574
0.430983
-0.917463
1.69705
0.575476
1.06469
-0.267598
-0.553278
-1.07944
-0.0615321
0.223142
-0.617637
-0.178906
-0.431871
-1.92784
0.311892
1.2508
-0.850182
-0.343776
0.139425
-0.319733
-1.0562
-0.858689
-0.850872
0.630209
-0.223506
-0.796852
0.689903
0.183718
0.886111
-0.85129
-1.32087
0.283949
-1.59597
-0.438397
-0.172206
-0.269436
1.0848
-0.285533
-0.438706
-0.19743
0.179765
-0.496726
-0.00761062
0.256128
-0.0225784
0.374322
-1.18855
-0.927255
-1.58735
-1.68368
-0.789576
-0.33729
-0.527334
0.693621
0.502034
-0.530814
0.114659
-0.163787
0.877859
-0.968581
0.723821
0.158963
-1.43154
-1.49506
-0.00139115
0.276857
0.280207
0.65121
-0.0596592
-0.747361
0.675647
-0.197553
0.238419
0.393088
0.326675
0.0273252
-0.0703926
0.115697
2.19577
-0.937481
-0.747738
0.833631
-0.379787
-0.454665
-0.598985
0.915634
-0.602506
-1.08732
0.562855
-0.292477
-0.218163
-0.8606
-1.24669
0.449448
0.621972
0.319505
0.131164
0.289773
0.265396
-0.0697023
0.297708
-0.341138
2.12019
1.29484
-0.685612
0.855355
-0.44155
0.00348018
0.697461
0.0938887
0.0456014
1.2276
-0.443994
1.4374
0.873586
0.552507
0.218539
-0.570762
-0.239642
0.164997
0.632137
0.299023
0.640854
-0.360195
0.389788
0.921155
0.736329
0.111
-0.440013
1.20528
-0.307739
0.235412
0.369172
-0.191159
0.0600228
0.169021
-0.134479
0.512772
-0.888746
-0.85164
-0.062224
0.600946
-0.975216
-1.74716
0.0862497
0.359947
-0.580132
0.236142
0.879479
0.013034
0.483873
-0.593616
-0.365882
0.663803
0.690601
0.250069
0.642223
-0.410507
0.228159
-0.275816
-0.335662
-0.678833
0.0592163
0.495387
-1.56363
0.63326
-0.190899
0.858482
1.12356
1.06504
0.24739
0.515875
-0.843717
-0.0754749
-0.867002
0.579173
0.0270581
-0.0254077
0.862361
0.300994
0.244384
0.196566
-0.371455
-0.532255
-0.232005
-0.774376
-0.159684
-0.530713
0.182107
-0.0543954
-0.773218
-0.442933
-0.423224
-0.245914
1.58774
1.15471
-0.0404052
0.748208
-0.940494
-0.0913819
0.835598
-0.333547
-0.217534
0.321175
-1.0795
-0.23747
0.613192
-0.379919
-0.559684
-0.660863
-0.854973
-0.533901
1.14035
1.40656
-0.145072
0.988647
-0.889541
-0.173214
1.34213
-0.630307
-1.13484
0.148539
-1.29794
-2.05759
1.27076
-0.310377
0.205221
-0.379379
0.419679
-0.847095
0.219823
1.56506
0.806255
0.0969435
-0.30803
0.169963
-0.816176
1.11804
0.835084
-0.986972
0.457082
-0.933995
-0.408409
-0.449825
-0.242048
0.663124
-0.560963
-0.542449
0.726012
-0.372143
0.0174967
0.97714
0.97471
0.298688
2.12063
-0.610293
0.601696
-0.320818
0.547466
-1.1544
-0.366439
0.648877
0.978314
0.239102
-0.912864
1.40054
-0.318289
0.370669
1.46494
0.613378
-1.24501
1.41632
-0.603199
1.01054
-1.1859
0.112783
-0.0501163
0.352104
1.13838
0.205349
2.1203
0.0345343
-0.733233
-0.413454
-0.914994
0.756576
0.867672
0.395593
-0.193809
1.24693
0.843738
0.51653
0.580586
-0.601064
0.126109
-0.0545875
-0.0678858
0.903652
1.08054
0.0147429
-1.49351
0.504479
-0.436311
0.88625
-0.0454082
-0.0868258
0.26651
0.0877344
0.700589
0.872249
-0.513551
0.447123
1.55249
0.333678
0.425944
-0.271024
-0.569394
-0.549691
-1.30018
1.33578
-0.116231
0.465847
-0.284598
1.52628
-0.225888
0.263302
0.238476
-0.389657
-1.01506
-0.629423
0.135501
0.37647
1.22933
-0.274088
-0.706877
0.944491
0.682059
0.625336
-0.714853
-0.0162413
-0.46596
-0.757368
-1.34028
-1.40538
0.241752
-0.0201551
0.584109
0.127845
-0.685595
-0.288603
-0.149453
1.91416
0.0997616
-0.836703
0.506849
0.869567
-0.712375
-0.943642
0.0888987
-0.577529
0.996158
0.0821363
1.34137
-1.02951
0.338857
-0.330256
-0.33303
-0.799079
-0.646677
-0.151745
0.904264
0.0637941
-0.239541
-0.00714645
-0.157417
1.24696
-0.0158651
0.87879
0.606075
0.129783
-1.4848
0.92797
0.603585
-0.81462
-0.662189
0.309873
-0.213861
-0.607314
-0.278764
-0.134117
1.05654
1.00592
-0.882061
0.576323
-0.670429
-0.583862
-0.0614619
0.625091
0.442813
-0.708703
1.47588
-1.02874
0.498702
1.08437
-1.7218
-0.997568
1.31074
-0.781669
-0.185737
0.137866
1.03203
-0.923192
1.69729
0.20715
-0.28015
0.410788
0.0139872
1.01761
0.397469
-0.822299
0.384559
-2.34027
0.205559
-0.184539
0.18051
-0.769254
-0.401955
-0.501707
0.957094
0.41377
-0.267474
0.0543089
-0.564263
-1.21468
0.159165
-0.526952
0.169835
-0.247585
0.17592
-0.676167
1.07219
-0.664745
1.31213
0.0217355
0.664735
0.963962
0.633586
0.492935
-0.449178
0.337962
-0.138312
0.0947718
1.06492
0.980515
0.36286
1.07123
0.479472
-0.755496
0.99953
-0.943292
0.407398
-0.21915
-0.0164683
-0.881246
0.171211
-0.434304
0.980092
0.128045
0.324242
-0.431446
-0.703646
-0.261603
-1.16121
0.985714
-0.199557
1.18643
0.355118
-1.24763
0.879001
-1.5501
0.460727
0.836934
0.459639
-1.07565
0.483826
-0.841108
0.314852
-1.42212
-0.170385
1.07241
0.935939
-0.0782235
-0.723465
0.674009
-0.371637
1.06285
-1.82912
-1.24246
0.973701
-0.409914
1.02133
-0.268855
-0.0901892
-0.738187
0.785243
0.944697
-0.100928
0.974581
0.216514
-0.0759845
-0.744379
0.0757772
-0.934867
0.200041
-0.268073
0.0653509
-0.320605
-0.418292
-0.146308
-0.160484
-0.983444
0.735451
-0.186801
-0.354445
0.190316
0.877569
0.55254
0.720877
-0.771888
-0.925372
0.00128657
-0.365014
-0.293566
-0.401123
-1.11095
-1.71511
0.0807893
-1.25286
1.08186
0.314165
-1.32845
0.18777
0.00554479
0.118752
-0.552561
-0.488228
0.590958
0.629209
-1.57896
0.546853
0.41089
1.89804
-0.548249
-0.614177
-0.579963
0.609765
-0.96632
0.316067
0.381022
-1.15581
0.730128
-1.67427
0.117151
0.0413465
1.13331
0.10715
0.342874
0.244737
0.359602
-0.366701
-0.735856
0.00686165
0.425776
-0.0453876
0.168584
1.11362
0.52003
0.288401
-1.13523
-0.547624
0.716618
-0.256421
1.59211
-0.264464
-0.58095
1.59914
0.859631
0.663106
-0.6554
-0.377129
0.166735
0.290512
-0.0780787
0.629729
-0.460505
-0.877325
1.29854
0.0887356
0.921707
0.65818
1.607
1.03471
-0.39294
0.321919
-0.766595
-1.25265
-1.35564
0.778777
-0.953391
-0.434753
-0.229018
0.410507
-0.293381
0.0127704
0.469906
-0.118458
-0.282483
-0.169094
0.123874
-0.36256
0.858375
0.820121
1.55168
-0.506753
-0.524319
-0.199567
-0.661089
-0.681102
1.41135
0.148979
0.907088
0.570061
0.547385
0.0998214
1.17018
0.236765
-0.18575
-0.0490008
-0.720121
0.189595
-0.279245
0.59435
0.669187
0.408062
0.0496229
0.0554874
-1.00786
0.33188
0.972394
0.340374
0.258672
-0.298362
0.0846276
-1.21549
0.599907
0.491062
-0.0853681
0.014056
-0.250124
-0.433213
-0.792376
0.612924
0.570011
0.850127
0.0196647
-1.20823
0.164451
-0.61868
-0.141254
0.756928
0.889046
0.379947
0.0660153
0.145495
0.527102
-0.931408
-0.535499
-0.166045
0.136605
-1.48117
1.14172
-1.49896
0.225535
0.210749
-0.672452
-0.94183
0.891712
-0.47771
-0.320144
0.178292
-0.275398
0.4274
-0.00423305
-0.991646
1.23989
-0.73594
-1.04882
0.340719
-0.56342
0.437926
0.0234599
1.73043
0.163988
0.42007
-0.638384
0.540394
1.24496
0.0195916
0.420282
-0.470083
0.838205
0.292824
0.393569
0.938021
-1.04356
-1.01614
-0.142272
-0.324398
0.0711987
-0.707165
0.737785
-0.388632
0.00328277
1.23801
0.203431
1.08512
-0.575296
1.71452
-0.345144
-0.422379
-0.109013
-0.503504
0.618673
1.0874
-0.903982
0.295144
0.0417017
1.38634
-0.00817866
0.199777
0.0729738
-0.0286721
-0.640544
0.168123
0.897752
-0.378445
-0.416126
-0.320696
-0.253243
-0.158819
0.556822
-0.406097
1.29851
0.647999
0.070699
0.100586
0.530907
0.314267
0.217251
1.51208
0.963421
0.97656
-1.26741
-1.18677
-0.152225
0.230788
-0.627569
-0.907087
-0.478354
0.127658
-0.121396
0.159508
0.625596
0.438345
-0.0472969
-0.0848777
-0.0917205
0.323089
-1.96865
0.68757
0.51525
-1.00733
-0.822145
1.16288
-0.831603
0.790242
-0.37403
-0.00721424
1.58608
-0.812069
0.943098
0.731595
0.152871
0.640777
-1.12921
0.651832
0.576839
0.447556
0.73695
-0.355718
-0.676244
0.164239
1.04028
-0.637066
-0.791661
-0.060769
-0.258481
-0.416812
-0.422851
0.325694
-0.359142
-0.561919
0.728814
0.416374
-0.11372
1.3441
-0.332507
-0.516042
0.832952
-1.25434
0.305598
0.550544
-0.869139
0.00111149
-0.113003
0.639143
0.753214
0.525424
0.447436
-0.0476239
0.956697
1.4135
-0.20945
-0.928493
-0.473639
0.438027
-0.440231
-0.241974
-0.179668
-0.198214
-0.409584
0.184975
0.487163
-0.0572657
0.0684465
-0.53139
0.0698084
-0.202672
0.0234586
0.364555
-0.151277
-1.4466
-0.513101
0.258686
1.40598
0.220293
0.714926
-0.338352
-1.8509
-0.213072
0.398432
0.0872584
-1.22886
0.066032
-0.503257
-0.805363
-0.0155673
0.128198
0.26632
-0.682012
1.10408
-0.303855
-1.0054
-0.859751
0.370595
0.695788
-0.208233
0.333318
-0.148476
-0.664128
-0.582985
1.30927
-0.860603
0.18141
0.403014
-0.821239
0.320578
-0.244736
-0.445178
-0.623117
1.58821
-0.13962
0.385895
-0.239159
-0.757414
-1.01785
-0.447126
1.1344
-1.09235
0.71575
0.367104
0.210924
0.187215
-1.07254
-0.570548
-0.184275
0.0341614
1.58653
1.01793
-0.128507
1.45382
-0.302753
0.393453
0.76462
-0.474743
0.118714
0.673472
0.200116
1.16023
0.309685
-0.252878
1.13141
-0.59974
-0.243568
0.30204
0.0608392
-0.280846
0.6251
-0.200004
0.941086
0.678091
0.896288
0.278347
0.529754
0.0472934
-0.315531
-0.220996
0.355768
-0.992076
-0.495415
-0.493424
-0.528032
1.53117
0.631693
-0.995187
0.085379
0.387546
-1.00048
-0.95882
0.848493
0.804249
0.0551985
-0.732263
-1.28661
-1.53683
0.564531
-0.692427
-1.01559
0.447538
0.567573
0.0566075
0.756122
-1.23436
-1.05389
0.158313
-1.16451
1.30187
1.04212
-1.91943
1.18417
0.212963
0.462541
-0.225146
-0.902022
-0.157902
0.737065
-0.859671
1.205
0.250209
0.177537
-0.0474554
0.0806852
-1.36994
0.823483
0.0526255
0.114645
2.44714
0.372698
-0.00204498
1.82842
-0.214423
0.798252
1.16126
1.2569
-0.519278
-0.361587
-0.668606
0.0689922
0.371553
-0.909294
0.456748
0.551912
-0.10141
0.509189
-0.921763
-0.268084
0.578516
-0.703265
0.855602
0.4237
-1.73667
-0.463537
0.278525
-0.40193
-0.923902
0.381252
0.809391
0.209772
-0.786273
0.425061
-0.72946
-0.0482137
0.794581
1.41814
-0.766474
0.00879137
-0.0842464
-0.445585
-0.457206
0.0353481
0.556695
0.346355
-0.276358
0.495154
0.123745
0.790559
-0.454245
-0.242112
-0.130877
0.500501
1.35337
-0.799819
1.27638
-0.467331
0.582508
-0.448052
1.12375
0.66996
0.550021
1.06657
-1.09383
1.06628
-0.627703
-0.784651
1.14812
-0.429079
0.573471
-0.147658
-1.34978
0.299416
0.569704
-0.125157
-0.525612
-0.996063
-0.436829
-0.474296
-0.126313
1.45344
-1.6493
-0.156596
-2.11616
-0.558388
0.648525
-0.746688
0.410216
-0.775405
-0.150309
0.79905
0.495658
0.0329184
-1.49925
1.53011
0.402227
0.30797
0.0447731
0.239516
0.28764
-0.367399
0.171227
0.00904243
0.185535
0.279865
-0.102463
-0.536129
0.119981
-0.246477
0.423441
-0.450117
0.175921
-0.394638
-0.779166
0.923595
-1.45735
0.902128
-0.133161
-0.0328692
-0.139288
0.953065
-0.488686
0.286684
-0.0130273
0.964036
-0.661817
0.791548
-1.34327
-0.554031
0.065893
0.259394
0.235218
0.992355
-0.153306
-0.345321
0.881789
-0.0566382
-0.465763
1.11034
-0.281754
-0.588699
0.0831345
-0.00395776
0.407445
-0.124308
0.538717
0.843321
0.171515
0.33478
-0.0226434
-0.364161
1.25214
-1.27474
-0.991216
-0.232278
-1.82143
0.453836
-0.21331
0.135644
0.335493
-0.782913
-0.897505
-0.685407
-0.258409
-0.117545
1.04988
-0.180343
0.432216
1.54982
0.991836
0.519753
0.701847
-1.06444
-0.751069
-0.522799
0.885474
0.721204
-0.276517
-0.371976
0.411928
-0.0527099
0.389168
-0.593566
0.33637
-0.635778
-0.378154
-0.747311
-0.666104
0.540551
0.813103
-0.352808
-0.704975
0.221652
-0.99537
-0.921879
-0.766218
-0.981471
-0.525068
-0.956486
0.701258
-0.557614
-1.09723
0.14216
-1.05422
0.635557
0.459865
0.16839
0.829361
-0.53477
-0.469214
-0.128956
0.692801
-0.908317
0.88984
0.802824
-0.925456
0.151156
1.33558
-0.00509155
0.347605
-0.402052
0.614479
0.110845
-0.114765
-0.103494
-0.26565
0.890093
-0.735819
0.686042
-1.19563
-0.283856
0.865555
0.250035
0.675196
1.2562
-0.304005
0.885656
-0.735534
0.445509
-0.625276
-0.543784
-1.19961
0.0719514
-0.181688
1.4079
-1.18757
-1.10633
0.104563
0.197616
0.89889
0.593903
-0.237282
-0.777408
0.560356
-1.30291
0.459502
0.873244
-0.219694
-0.341152
1.49973
-0.0327977
0.899582
0.747151
0.0692632
0.445652
-1.13518
-1.78574
0.734747
-0.0966027
-0.0721354
-0.846083
0.278843
0.633484
-0.00649165
-0.300436
-0.394945
0.885101
0.134165
-0.0603987
0.25354
-1.09736
0.665381
0.407066
0.498505
0.511104
-0.293185
-1.46495
1.16574
0.00392583
-0.229768
-1.33464
0.281974
0.52506
-0.811808
0.273387
0.321477
-0.0461408
-0.814749
0.00724085
-0.594445
0.137382
0.370465
-0.0123951
1.51292
-1.05132
0.468622
0.0819582
0.553631
0.0826657
-0.261304
0.31831
-0.345238
-0.0492793
0.38075
-0.3695
-0.850965
0.428096
-0.0823144
0.0830154
0.728292
-0.629535
0.454449
0.134471
-0.00344257
-1.39068
0.220211
-0.354864
-0.101889
0.284584
1.75516
-0.212407
-0.328008
0.512802
-0.645565
2.32196
-0.230426
-0.467667
1.11913
-1.13756
0.216654
-1.31806
0.265813
0.891564
0.503864
-0.77833
-0.973776
-0.863923
0.795923
-0.606693
-0.782281
0.375001
0.690101
-0.854351
0.434543
0.00936062
0.441505
0.697117
1.14075
0.775748
0.625655
-0.407751
-0.792531
-0.239856
0.253262
-0.664203
0.0195407
-0.0805641
0.503197
0.0684892
0.294813
0.588195
0.328896
0.38314
-0.346747
-0.487872
1.4832
-0.508464
1.61477
-0.0789256
0.253134
-0.705597
-0.314365
0.141628
-1.10353
-0.159303
-0.20892
0.0965177
-0.554081
-0.5586
0.90579
-1.22709
0.0791524
-0.101999
-0.822042
-0.462184
-0.868132
2.28069
-1.37709
0.84154
-0.182273
0.788364
-1.89652
-0.455081
0.668895
-0.0676285
-0.201306
-0.515358
-1.98118
-1.29955
0.942146
0.134379
-0.71142
-0.425788
0.327228
-0.675027
0.335187
0.00707064
0.468339
-1.14722
0.484372
0.089217
-1.56244
-1.17596
-0.98486
-0.776371
-1.44153
-0.23227
1.09321
-0.363008
-0.489152
-0.140728
-1.44505
-1.17005
-0.0230041
1.39882
0.535521
-0.339647
-0.618207
0.222027
-0.384705
0.431991
-0.566451
1.04715
0.116769
0.485856
0.00385215
0.927029
-0.455315
-0.798
-1.13188
-0.394293
-0.296816
0.231786
-0.129775
0.150893
0.204454
0.361596
1.1871
1.29382
0.487792
-0.0432812
0.521894
-0.91816
-0.785843
-0.320327
-0.228364
0.678527
-1.48984
-0.312238
0.130418
-0.27196
0.813257
0.163492
-0.886456
0.00585247
1.69046
-0.777786
-0.657848
0.700716
0.0985055
-0.296852
1.01267
-1.20166
0.55373
0.665566
1.00728
0.109841
0.637959
0.718422
0.22146
0.540304
0.704601
-0.0552685
1.24079
-0.453981
0.881154
0.891483
-0.140893
1.12314
0.482464
0.627762
-1.06939
0.00532672
0.444821
0.80903
0.489509
0.907674
0.652032
0.537652
-0.782948
-1.36835
-0.0896814
-0.336201
-1.21748
0.329258
0.799134
0.148509
-0.775276
0.873934
-0.108817
0.265298
1.11987
1.27886
-0.201232
2.09308
0.895829
0.0686998
0.841231
0.299486
-0.644797
-1.18158
-0.369426
-0.462992
-0.150825
-0.143402
-0.281351
-0.185856
0.780408
-0.230273
-1.27784
0.772293
-0.850007
0.396436
1.06379
0.692154
-0.461751
-0.518474
-0.336233
0.342013
0.886256
0.776334
0.177515
0.221126
0.31554
0.0233448
0.486429
-1.77573
0.813175
-0.399969
-1.17092
-0.518386
-0.0281165
-0.600791
0.16245
-0.028136
2.08316
0.59726
0.963596
0.0152659
0.645745
-1.63088
-0.069791
0.0188017
0.570329
-0.978509
1.64958
-1.17438
-0.262716
0.449809
-1.11303
-0.10233
-0.142957
-0.0898595
0.272582
-0.467621
0.896608
0.0741199
-0.711298
-1.60201
-1.45352
-0.668904
0.626671
1.50036
0.234152
-0.12371
0.958425
2.88552
0.0155863
0.619943
-0.107738
0.28713
0.636935
-0.173145
0.426041
-1.04483
-0.129953
-0.0586261
-1.47775
0.973141
0.245141
-0.12939
0.213914
-0.669508
-0.25263
-0.262712
-0.1704
0.58644
-0.890421
-0.447501
0.00364603
-0.229491
-0.46758
0.318248
1.6242
-0.202648
-1.0916
-0.394148
0.30072
-0.517777
-0.291021
-0.506967
0.212845
0.961882
-0.586768
1.58129
-0.840301
0.208423
0.822319
0.618643
-0.253214
0.140261
-0.352165
-0.0302011
1.25275
-0.690068
-0.505825
0.837744
-0.628928
0.0833399
-1.03094
1.89843
1.13043
-1.55475
1.43507
-1.03346
1.22773
-0.113634
0.544699
0.347695
0.213449
-0.569945
1.31822
0.0989082
0.0730953
0.210273
-0.0157907
0.260733
-0.0345768
0.191402
-1.37386
0.507825
-0.717479
0.728484
-0.308171
-1.76497
0.785481
0.229607
1.40322
-0.593389
-0.387532
1.72251
0.0240018
0.0726936
-1.32732
1.53314
0.209176
-0.0165659
-0.42244
-0.0166122
-1.00197
0.0746058
0.0194441
-1.09013
-0.181542
1.24017
0.00641783
-0.845532
-0.360799
-0.433508
-1.06706
0.386165
-0.832699
-0.52406
0.205228
1.53566
0.805333
-1.59991
-1.22054
1.01913
-0.487746
-0.779518
0.236258
-0.468731
-0.179417
-0.911184
2.07342
0.916231
0.32031
-0.871419
-1.17807
0.40061
-0.0515834
-0.0438556
-1.08877
-0.214363
-1.28331
-0.165712
-0.161441
-0.827343
0.543449
-0.755352
0.704063
0.176289
-0.492659
0.890349
-1.15332
-0.599084
-0.515416
-0.203436
-1.51846
0.958292
-0.56757
-0.0260387
1.06537
1.39584
-1.08269
1.66918
0.529981
-0.969833
-0.352641
0.791257
-0.0473826
-0.774589
0.734937
0.575494
-0.110151
-1.47435
-0.622166
0.803443
0.253621
0.240428
-0.477084
0.662348
-0.318598
0.602257
-1.35767
0.807757
0.427017
-0.575193
-0.971394
0.442115
-1.44967
-0.452753
0.797369
-0.0237823
-0.345738
-1.92624
0.226921
1.2705
1.6669
-0.479225
-0.214146
0.597913
-0.919052
-0.497145
-1.19848
0.720556
1.33341
-0.50233
0.260859
-0.675422
0.747782
0.267366
1.02461
0.409802
-0.315876
-0.0388732
0.153099
-0.902804
-0.616926
-0.538588
-0.580495
0.362231
-0.599009
-0.666072
-0.43297
0.080103
-2.05233
-0.523229
-0.702671
-0.184785
0.0460232
-0.550856
0.983101
0.166483
-0.0735552
0.42249
-1.1265
-0.538747
-0.0488103
0.327138
0.0504545
0.437035
0.874079
-1.04596
0.878398
-0.772073
-0.0715963
-0.235122
1.17014
0.787789
0.188344
0.693125
-0.972919
0.431406
-0.699736
-1.02501
-0.756907
-1.67684
0.776987
0.607872
0.309588
-0.455143
-0.225809
-0.032503
-0.245485
1.12354
-0.299573
0.345647
0.112754
-0.979015
0.819384
-0.496815
0.632562
-1.52453
0.380288
1.67536
0.0820267
-1.41599
0.100187
1.41662
0.00791929
-0.216587
-0.0373094
0.0775595
0.296076
0.613613
0.0150294
-0.834102
1.65171
0.105854
-0.518696
-0.199097
0.656723
-0.00608757
0.2339
1.14216
0.236569
0.163922
-0.870844
0.36898
-0.46082
0.519108
-1.12085
-1.26186
-0.407901
-0.658233
0.211221
0.54431
-0.578945
-0.0857254
-0.321898
0.314493
0.728663
0.916766
-0.737519
-0.139892
0.527187
-0.863431
-1.68783
-0.0110072
-0.189249
0.380578
1.04947
1.10207
0.211998
-0.304867
-0.0977883
-0.457711
-0.0379895
-1.02683
-0.229834
0.257609
0.0813789
1.86374
-0.942597
0.63169
-0.0980411
-0.020524
-1.1606
0.524703
1.12015
-0.327998
-0.231573
-0.512512
1.35528
-0.890039
-0.30841
0.473548
0.876108
0.378212
0.57462
0.488331
-0.234587
-0.364588
0.116539
-0.622822
0.190666
-0.0698576
-0.250972
0.322347
-0.702477
-1.2333
-0.671023
0.677694
1.55575
-0.662044
1.49596
-0.369793
-0.171856
0.22067
0.326718
-0.409888
-0.414754
-0.679627
-0.976961
0.31464
-0.80984
-0.0536785
1.45671
0.309737
1.7551
-1.13039
0.594201
0.424514
-0.80639
1.24156
-0.217095
0.435305
-0.673932
0.234488
0.249347
0.542048
-0.343561
-0.824471
-0.435077
-1.28771
-0.305536
0.0636918
-0.526466
-0.665341
1.72549
0.0677021
0.255177
1.10955
-0.49245
-0.564316
0.72408
0.06627
0.487876
-0.445125
0.514048
0.130444
-0.557092
0.0513606
-0.541568
-0.0644257
1.05793
-0.968729
-0.61761
1.12504
2.39321
0.893165
-0.55827
-0.426348
-1.19176
0.471013
-1.20499
-0.854805
0.81829
1.11752
-0.346312
-0.512136
1.24653
0.655301
0.37886
-0.576084
0.0518466
-0.761723
-1.08503
0.227408
-1.26563
-0.213501
-0.554815
-0.390513
0.40668
1.19345
-1.52943
0.694656
0.560736
-0.0895338
-0.142146
-0.239131
0.2236
-0.606264
-0.767343
1.22808
0.992905
0.0436494
1.72557
-0.713744
0.870398
-0.471492
-0.245467
0.0508135
-0.824926
0.0118939
-0.141285
0.828718
0.0969386
-1.18414
-0.469593
-0.618563
-0.348411
0.786204
-1.00985
-0.665975
-0.133168
0.0688372
-0.284165
-0.0934177
1.69614
0.215093
-1.01784
0.325698
0.32021
-0.589633
-0.817111
0.947819
0.375687
-0.33911
1.66872
0.0173233
-1.10347
-0.115126
1.16033
-0.687437
0.0892452
-0.117378
0.0731575
0.800084
0.0422915
1.31865
-0.671236
0.326741
1.24533
1.09927
-0.555806
1.0045
-0.0504432
0.151095
0.647925
-0.425519
0.267964
0.641198
1.25782
-1.73233
-0.978155
0.742542
0.470041
0.678683
-0.127013
0.435615
-0.140389
-0.545747
1.42281
0.699307
-0.500524
-0.692701
-1.2196
-0.0374002
0.209052
-1.48471
0.0695457
-0.128779
0.752031
-1.23456
-0.167656
-0.994939
0.432135
-0.758737
0.0897169
1.86805
-0.937551
-0.167167
-1.12954
0.408275
-0.361049
0.212886
-0.0617524
-1.44506
0.675469
0.416815
-1.10251
-0.304469
0.308917
-0.662516
-0.0853137
0.334288
-0.37642
-1.18765
-0.415886
0.553457
0.16162
0.65079
-0.908502
-1.19914
-0.42236
0.075219
0.28097
-0.664374
-0.100897
-1.05778
0.399429
-0.532693
-0.19191
1.29695
-0.650388
-0.399564
0.911761
-0.326576
1.16891
-0.263348
-0.789776
-0.0555458
0.160664
0.987187
0.605747
1.83493
-0.254744
-0.107927
1.34788
-0.136692
-0.565815
-0.000893722
-0.484029
-0.833517
-0.149543
0.426029
0.858121
0.981538
0.211404
-1.79751
-0.340412
-0.58092
-0.488479
0.85114
0.562846
0.996075
-0.868062
-0.0272635
-1.1106
0.718373
0.476531
-0.916287
0.764308
-1.21619
0.059596
-0.00787503
1.17246
1.14995
0.488692
-0.634538
-0.159802
0.625915
-0.24531
-0.0337502
1.79711
0.0259226
0.00721066
-0.0892832
-0.472989
-0.230471
-0.749832
-0.265417
-1.57515
-1.12834
0.803859
-0.513178
-0.781659
-0.833365
0.350897
-0.653562
-0.476977
0.40681
-0.239244
-0.707061
-0.506741
-0.399559
0.147339
-0.0560018
-0.687065
-0.176224
0.1527
1.26642
1.41942
-1.34227
0.537938
0.508756
0.25752
0.0283526
0.758826
-0.788881
-0.413197
-0.408435
-1.2767
-0.00928188
1.15268
-0.333598
0.473457
-0.814786
-0.820575
-0.272546
-0.19292
0.732663
0.0268886
-0.724546
0.327598
0.264682
-0.577948
1.07609
1.13271
0.0917691
0.311327
-0.0177388
-0.145476
1.13543
-0.180558
1.57274
-0.0763772
-0.13421
0.972519
-0.464123
1.43944
-0.733814
0.30429
-0.873682
1.36226
-0.473264
0.614156
-0.779465
-0.379649
-0.719446
0.978268
0.792899
0.456359
0.679882
-0.792466
-0.778302
1.10041
-0.451849
0.148201
-0.154916
0.640823
0.268608
-1.49781
0.701748
0.895667
-1.70593
-0.391843
0.707768
1.15888
0.484593
1.11171
0.625079
-0.189002
-0.244293
-0.836264
0.872513
1.34316
0.768931
0.116908
-0.143959
0.200721
0.0798432
-0.485246
0.488102
-0.770263
-0.522775
0.199177
-0.516598
-1.01643
0.364929
-2.0264
-0.569802
-0.995364
-0.461233
-1.29389
0.332925
1.75968
0.0871766
-0.613925
-0.157735
0.318455
-0.160637
-0.184887
0.501025
0.756591
-0.648542
0.671791
0.864532
1.42222
-0.382578
-0.0511856
-0.45866
-0.108901
-0.649127
-1.1964
0.82807
1.00763
-1.18424
0.0370775
-0.0158253
-0.549285
-1.43976
-0.351748
-0.319375
-1.46019
-0.0887088
-0.361372
-0.166686
-0.261794
-1.18217
0.270334
-0.396513
1.49828
-0.247901
0.806888
0.754032
0.122604
-0.360622
-0.606348
-0.71522
0.302293
0.478954
-0.0553805
-0.371439
0.521937
0.0356387
0.416066
-0.150467
-0.697506
0.418766
0.404266
-0.429368
0.513225
0.520557
0.143587
0.406483
-0.844157
-0.250875
-0.523735
-0.895461
0.364807
-1.09212
0.868927
-0.800512
1.04077
-1.19495
1.24415
0.0115471
0.523116
-0.0221327
0.0709803
1.14133
-0.858356
0.048982
-0.313669
-1.4041
-0.458083
-0.4071
-0.591615
-0.622886
-0.340903
-0.188306
0.335338
0.532762
0.0210614
-0.0718448
0.12913
-0.40428
-0.0136348
-0.71278
1.97427
0.853884
0.916595
0.308899
-0.903836
-1.3224
-0.585987
0.037578
0.766657
0.875056
-0.7422
1.0085
-0.0973331
0.0623156
-1.31004
0.59981
-1.00725
0.300234
0.95632
0.440672
-1.45957
-0.284087
0.938853
0.99899
0.756961
-0.092754
0.293978
-0.049044
-0.994028
0.280547
0.853479
-0.345852
-0.787087
0.740898
0.376969
0.192521
-0.524257
0.616237
0.385759
-0.71028
0.409429
-0.37561
0.0961515
0.0443269
0.753067
0.680709
-0.42508
0.120245
-1.21697
0.887142
0.927778
0.729151
-0.429881
-0.114788
1.07036
-0.366833
1.30174
0.256891
-0.585724
0.574726
0.455199
-1.09841
0.624327
0.555652
-0.535769
-1.82893
0.266764
1.39829
-0.165713
-0.756978
-0.279378
0.38959
-0.365593
0.431992
0.839181
0.697525
-0.0304646
-0.0363975
-0.810207
-0.428349
-0.131969
1.41141
1.16144
-0.133519
-0.23097
0.275749
-0.413083
0.209316
-0.29415
0.116685
0.154144
1.50156
-0.603221
-1.54498
-0.79796
-0.369443
0.220262
-0.187985
0.805903
1.18678
-0.442107
0.520595
-0.728546
0.93605
0.102921
0.888488
-0.265386
0.482558
1.76891
0.908531
1.00464
1.78281
0.109663
0.677138
-0.963238
0.593945
-0.202086
-0.171879
-0.100941
-0.54302
-0.874169
-0.0650645
-0.752529
0.458766
-1.13272
0.0596053
0.423589
-0.899151
-0.336159
1.25036
0.112262
-0.143135
-0.831724
1.09376
-0.344061
-0.326053
0.885303
1.44502
1.61264
-0.396647
-0.227684
0.0482803
-0.733179
-0.238138
0.976473
0.561282
0.610689
-0.449984
-0.864045
-0.200065
0.207903
-0.540832
-0.413074
-0.837962
-0.110792
0.193105
-0.599479
-0.206906
0.369382
-1.27113
1.43367
1.05487
0.801782
0.485315
0.243075
-0.521719
0.0721729
0.709275
0.401828
-0.129502
1.09504
0.640699
-1.53503
1.16066
-0.198442
-0.429545
-0.257514
-0.403722
0.449699
-0.513293
0.52518
-0.914423
0.969802
-0.633942
-0.133529
-0.43474
-0.212614
-0.546325
0.854863
0.875997
-0.590095
-0.981872
-0.0191149
0.51998
0.364773
-0.913962
1.14701
-1.19554
-0.139652
-0.584142
0.428882
0.650616
0.0789209
1.10304
-0.925555
0.140014
-0.00418963
-0.420887
-0.533811
1.76791
0.90089
-0.0741325
1.2435
-0.0715535
-0.194111
-0.2873
-0.333935
-0.169903
-0.0114743
0.0355446
1.63942
-0.406127
0.0546882
-0.588891
-0.0650946
-0.744419
-1.06154
-0.0335694
0.558769
-0.0620725
-0.237117
0.625943
1.05148
0.869605
0.0793243
-0.564132
1.55201
0.870228
0.943298
0.0182413
0.717561
-0.891256
-0.273307
-1.34348
-0.703405
0.0658325
-1.8672
0.177241
-0.263904
0.167883
-0.0123146
0.200641
1.7609
0.0350128
0.420132
-0.873152
-1.74808
-0.244226
-0.122512
1.68741
-0.118432
2.30496
0.4486
-0.410014
-0.570043
0.050757
0.221207
-0.673583
0.32154
-0.137603
-1.19332
1.1258
1.83334
-0.124927
0.279839
0.546693
-1.00501
0.306624
-0.797887
0.649133
0.676996
0.579009
0.0601719
-0.263799
0.435367
-1.18602
0.259042
1.01368
0.0251456
-1.0512
0.518717
0.779304
0.596822
1.60959
0.349598
0.601249
-0.327824
0.760064
-0.505052
-0.144241
0.127663
1.10628
1.45465
-0.360435
-0.103912
-0.0111201
-0.741691
-0.14232
0.114112
-0.159693
-0.569275
-0.565807
-0.426192
1.03886
0.187558
-0.228163
0.873673
0.354276
0.374334
-0.22874
1.30522
-1.18222
0.0898322
0.830764
-0.956321
-0.48717
0.355713
1.31109
0.0707604
0.170136
0.115412
-0.198434
0.670871
-0.894676
-1.15836
-0.388191
0.0596291
0.141116
0.302143
0.0423441
0.43057
0.15476
0.537373
-0.769126
-0.546445
0.643178
0.0908497
0.399861
0.244959
0.51237
0.709821
-0.371016
0.0838619
1.32024
0.585536
-0.0611505
-0.70986
-0.582231
-0.143391
-0.58562
-0.441307
0.746382
-0.0668091
-0.896936
0.0823945
-0.0648011
0.218926
0.0545094
-0.318652
-0.323787
-0.718216
0.535904
0.0111908
1.1896
0.027288
0.625252
-0.560508
0.426444
0.812797
-0.944729
0.657579
-0.52996
0.869041
-1.26127
-0.14174
-0.269637
0.953087
-0.519785
-0.877075
-0.482972
0.602145
-0.0457422
0.71205
-0.189253
0.418951
0.278927
0.671648
0.883382
-0.75325
0.0744668
0.541889
-1.70443
-0.913319
0.506418
-1.45358
-0.922579
-0.0869514
0.247635
1.14683
1.25871
0.216656
-1.06358
0.33105
-1.14752
-0.390271
0.393761
0.700616
0.412685
-0.67775
1.68379
-0.48987
-0.38873
-0.239929
-0.744604
-0.608183
1.00905
0.630915
-1.37524
0.755705
1.71175
0.291861
-0.202709
-0.707899
-0.274862
0.516289
1.29814
-0.373829
0.876913
0.29573
-0.57978
-0.838562
0.549395
0.904104
-1.76692
0.00582626
0.47633
-1.60201
0.20232
1.15975
-0.693592
0.228187
0.263899
-0.409807
0.592526
-0.576754
-0.672741
-1.27402
-0.503621
-0.351173
-0.460356
-0.0329749
0.0782539
0.60695
-0.368345
-0.1593
-0.590134
0.0386857
-0.280286
-0.0865713
-0.457535
0.295444
-0.463324
0.322135
0.113917
0.741672
-0.884253
-0.407134
-0.287514
0.310676
0.820214
0.622794
-1.15761
-0.609295
0.356552
-1.39138
-1.24252
-2.04464
0.207921
0.0773319
0.779233
-0.459893
0.545279
1.09643
0.832434
1.12687
-0.297963
0.462418
1.16205
0.528968
-0.156144
0.322516
-0.0836386
-0.539841
-0.148774
-0.383203
-0.411295
-0.026767
-1.65421
0.531418
0.263192
0.236753
-0.449284
0.549357
0.982185
0.201749
-0.339042
-0.292494
0.15402
0.214964
0.129643
-0.795445
-0.760124
-0.18278
1.09664
-1.21759
-1.65743
0.38126
1.50283
1.31306
0.0936045
0.436195
-0.24341
0.598194
1.21193
-0.231519
0.357352
0.189149
-1.77534
-0.369784
0.32333
-0.0537768
-0.192956
0.0125224
0.285834
0.459448
-0.57086
-0.452618
-1.37879
-1.12176
-0.249506
-0.136755
0.509897
-0.424851
0.0519034
0.594862
-1.17136
0.059728
1.07472
-0.727772
-0.599806
0.883534
0.649736
1.60773
0.900067
-0.211861
-0.338203
-0.254505
0.554436
-0.0810783
1.84459
-0.381127
-0.500694
0.649662
1.25173
0.842213
-0.380152
-0.344962
0.119183
0.725745
0.0743322
-0.0826272
-0.197967
0.440006
-0.572492
-0.16924
-0.642867
-0.576751
0.788578
1.15304
-0.883186
0.944405
0.506349
0.0163362
-0.726622
0.40201
0.190128
-0.0209085
1.2271
-0.478441
-0.536576
-1.05887
-0.0403547
-1.06423
0.343519
0.163332
0.285784
-0.438523
-0.0598091
0.12767
-0.341037
0.400048
0.534104
0.845213
1.17615
1.3446
-0.501907
0.380262
-0.00482386
-0.317597
-0.887516
-0.282638
0.0872098
0.01253
0.30961
-1.08497
-0.530624
-0.487506
1.72644
-0.751968
-0.266804
0.353672
0.0474973
-1.28844
0.0552884
-0.0763159
0.221113
-0.518568
0.364631
0.290606
-1.05448
-0.979499
-0.169354
-0.0988917
-0.0748926
-0.151155
0.324291
0.729732
-0.917037
-0.657826
-0.768585
0.491317
1.37178
-0.622658
0.20796
-1.05598
0.221412
0.928863
-0.266357
-0.170854
0.261127
-0.101601
-0.232846
1.6088
-1.34695
-0.954076
0.489375
-0.383654
-0.823379
0.148285
1.0167
0.150123
0.726367
0.553436
0.243135
0.178698
0.726148
1.05981
0.737056
-1.50087
-0.291559
-0.397039
0.580201
0.0493165
0.622624
0.073268
-1.3243
1.44184
0.357074
1.16302
0.332751
0.088298
0.344437
-0.464065
-0.751516
0.359942
0.690721
0.184619
0.724857
0.539547
-1.10137
-0.972377
-0.676836
-0.463822
0.641442
0.367303
0.386627
1.14511
0.118343
1.46909
-1.47517
0.202821
-0.553745
-1.20465
1.32827
-0.671589
1.24531
0.455134
-0.379623
-0.318776
-0.686595
0.208965
-1.41877
0.142851
-0.803004
0.45162
0.714132
0.736379
0.797568
0.748947
0.836779
-0.764797
-0.570833
0.43159
1.86593
-0.782615
0.157959
1.04693
0.491574
0.907423
-0.970633
-0.951626
-0.715265
0.356293
0.170931
-0.182287
-0.0756263
0.148606
0.305853
0.0877999
0.107212
-1.15099
0.268602
-0.44903
-0.356661
-0.511811
-0.0717012
-0.40453
-1.00703
-0.0807142
0.576991
-0.856349
-1.40537
1.00043
0.618887
0.871367
-0.209884
-1.20898
-1.50694
0.259693
-0.237369
1.13427
0.481307
-0.613591
-1.6369
0.273632
0.154165
0.866821
0.181263
-0.128264
-0.641872
1.23998
0.269683
0.987694
0.921708
-0.768157
-0.292254
0.754305
-0.13968
0.450537
-0.606114
0.458666
-0.938622
-1.36468
-0.13028
-1.45704
0.428614
-1.21475
-0.519655
-0.488946
0.308409
-0.43835
0.425027
1.27397
0.420386
-1.35623
0.375364
-0.253105
0.734597
0.656684
-0.913753
-0.558918
-0.118769
-1.2663
-0.23932
-0.508138
0.710273
-0.317649
-0.253814
-1.59362
0.788727
0.314003
1.57096
0.335924
-0.347009
0.151865
-0.689654
-0.865776
0.0976243
1.50911
0.194119
0.115558
-0.0484787
0.348522
-0.244432
0.146889
-0.197416
-1.18426
-0.456163
-0.534465
1.75022
-0.528487
1.40967
-0.636288
1.05432
0.930343
-0.809189
-0.66899
0.118732
0.859732
0.482087
0.160727
0.446417
0.468761
-0.484803
0.822524
-0.79144
-0.877858
-0.911463
1.01419
-0.157813
0.0682328
-1.19371
0.264193
-0.628355
0.337955
-0.383084
-1.19707
-0.222277
-0.840147
0.0413725
-0.488552
-0.848713
0.0799206
1.03688
-0.132339
0.747188
-0.56665
0.0191242
-1.03829
-0.103886
-0.398347
1.58978
-0.52053
-0.041445
-0.76473
-2.08638
0.61231
-1.2873
-1.04295
0.907694
-0.840411
-0.448606
0.613406
-1.65598
-0.15795
0.737327
1.12955
-0.0750051
-0.142951
-0.477503
-0.575199
-1.48526
0.89966
-0.748278
1.10322
0.112068
1.202
0.425619
-0.12217
1.35705
-0.694098
-1.55242
0.305339
0.124954
-0.0170977
-0.0531478
0.971562
0.820206
-0.565619
0.225388
-0.557504
-0.203559
0.26081
0.0887002
-1.09506
1.12178
0.0103754
0.634607
1.0464
-0.782568
-0.491567
0.380108
0.406093
0.421455
0.397768
-1.06171
-0.0400735
1.60851
0.0393455
-1.17764
-0.654821
0.523619
0.248123
-0.190133
0.982461
-0.428557
-0.188406
0.0362317
0.156574
-0.846448
0.589724
1.21742
-0.571308
-1.34881
0.812756
-1.17652
0.277848
1.35591
-0.5948
-0.0681065
-0.679975
0.437915
1.27766
-0.139362
-0.390258
0.336468
0.920521
-0.464787
-0.250504
0.356743
0.455304
-1.38987
-0.619163
-0.663004
0.0719612
1.12428
0.107253
0.492333
1.38618
0.765904
1.13013
-0.0325738
1.39005
0.341027
0.663017
0.64209
0.448003
-0.351779
1.54988
-0.497707
0.696796
-0.266438
0.340251
-0.321739
1.20718
-0.0826455
0.447867
0.3505
-0.293424
0.121749
-0.471881
-2.12514
0.0573733
1.22043
-0.292375
0.110926
0.462217
0.398627
0.664438
-0.0771962
1.36617
1.55722
-0.0262698
-0.32954
0.0502925
1.48653
1.40969
-1.10175
0.69717
-0.438861
1.3338
0.104725
1.01494
-0.0564397
-0.557507
-0.868114
0.697763
0.105904
-1.03662
-0.0679053
0.977519
-0.00756835
-0.636518
-0.800903
-0.454988
0.374343
0.260201
-0.478645
-0.345381
-0.718388
0.139051
0.281714
-0.509003
0.04268
-0.277748
-1.23808
-0.141883
0.112956
0.482985
1.50967
1.76745
-0.543637
0.170474
0.103374
0.668062
-0.0444832
0.670029
-1.16168
0.647248
0.125514
-0.176313
0.908512
-0.294446
-0.4651
0.294078
0.935479
0.502528
-0.500208
-0.0918012
0.0712254
0.643362
-0.404226
0.424913
0.557776
0.306558
-0.151739
-0.353794
0.807735
0.250456
-0.0291224
-0.528055
-0.955038
-0.439566
0.214928
0.69282
-0.494848
-0.159566
0.316281
-0.0573546
0.314903
1.29303
0.515082
-0.120796
1.03303
1.14114
-0.443962
-1.45261
0.00502734
-0.19885
-0.24273
1.79929
-1.71032
0.00234769
0.502084
-0.701528
0.709391
-0.570239
-1.06442
-0.637241
0.398968
0.296691
1.53489
1.34873
-0.0777449
-1.18516
1.01712
-0.161787
-0.951442
0.996472
0.710085
-0.244716
1.11957
-0.325865
-0.315754
0.279691
-0.0767804
0.393878
1.03708
0.0780805
0.456128
1.24458
-1.04439
0.414539
0.259494
-0.208113
-0.959701
-0.37445
-0.519662
0.911916
-0.300656
0.838257
0.251315
0.146065
-0.418316
-0.0243245
-2.22194
0.926212
0.124742
0.398338
-0.844937
0.488835
0.659849
0.116916
0.637622
1.04064
-0.281281
0.16047
0.254043
-0.287204
0.204693
0.690903
-0.383872
0.553113
0.336763
-1.35146
-1.31721
-0.234997
0.519151
1.16162
-0.0648675
-0.43438
-0.218581
1.82047
-0.892857
0.772293
-0.414581
0.874625
0.154058
1.60801
0.218925
-0.630571
0.278467
1.31138
-1.36661
-0.21105
-0.872849
1.95765
0.332369
-0.445674
-1.95112
0.225146
0.0217137
0.752092
0.652932
-1.61359
-0.438723
-1.0096
1.70889
0.0915974
0.0297131
-1.08811
0.523092
-0.587131
-0.563967
0.61661
0.526781
-0.099478
-0.210493
-0.198451
-0.658617
0.0324601
0.199379
-1.16099
0.41494
0.252928
0.118344
-0.516991
0.216906
-0.923607
-1.12905
-0.486914
-0.629337
0.187405
-1.22586
0.300288
1.11528
1.57436
-0.414335
-0.620828
-0.745368
-0.5336
0.312981
-0.486205
1.1628
-1.99958
1.40981
-0.314482
-0.0807738
-0.281837
0.958043
-0.660511
-1.34724
-0.706467
0.666352
-0.701713
-1.08666
0.437154
1.70133
-1.0251
-0.218874
1.02213
0.0973116
-0.795459
1.62258
0.805531
0.206344
0.673975
0.682344
-0.089739
0.0966763
2.04925
-0.37239
0.00415324
-0.805521
-0.521294
0.808761
-0.255851
1.87109
-0.875435
-0.630038
0.558778
-0.643725
-0.0887294
0.855682
-1.07066
0.197851
0.182019
0.42079
-0.980701
1.07699
0.255854
-0.911813
1.11895
0.364068
-0.0279764
-1.27035
0.358734
-1.86716
0.832443
-0.824872
-0.212123
-1.19733
-0.281607
0.14666
0.672106
-0.618298
-1.90948
-0.0781764
1.84259
-0.604039
0.278606
0.879178
-0.513814
-0.411908
0.344359
0.0779744
-0.274019
-0.432746
-1.00496
-0.49905
-0.696374
-0.848516
-0.553663
0.594315
1.38486
-0.326626
0.101099
0.264082
0.692911
-1.83965
0.178418
0.355441
0.562505
-0.798654
0.223489
-0.586916
-0.138136
-0.175706
-0.154527
-0.420412
0.275382
-1.22303
-1.03376
0.943092
-1.29327
0.929683
1.77461
-0.982025
0.307188
1.05895
0.499919
-0.312718
0.971282
0.944166
0.916637
-0.00617717
-0.230998
0.424486
0.309863
0.133067
-0.379767
-0.00948746
0.242145
1.11051
0.237232
-0.145404
0.157485
-0.752086
1.76911
1.38934
0.395289
0.0924187
-0.39749
-0.218594
-1.46731
-0.413718
-1.23668
0.592448
0.664569
0.0809969
0.751629
0.0723423
1.27986
-0.641307
0.466602
-0.111324
-0.478154
-1.28534
-0.60884
-0.0641906
-0.112581
-0.544834
-0.696465
0.0369129
-0.166752
-0.97298
-0.384011
-2.00189
0.420954
-0.632965
0.0323264
1.07262
-0.356509
-0.0625171
0.223663
0.517184
-0.614618
0.00584888
0.949817
1.94528
0.345585
0.36142
-0.95048
-2.2531
1.43642
1.0377
0.365693
0.730262
0.893604
0.507662
0.618061
1.43634
-0.982673
0.695928
-0.211117
1.70571
-1.04807
-0.342451
-1.59709
-0.017922
0.308585
0.0832287
0.0561044
0.271886
-0.744368
0.263546
0.736979
0.564034
0.782882
-0.110229
-1.00777
-0.345164
0.502619
0.0415266
0.278917
-0.524678
0.248956
-1.00014
0.971197
0.37234
-0.0515391
-0.473086
-0.00227998
-0.349802
-0.850547
-1.16281
-0.0671274
-0.448984
0.792847
-0.46932
0.261424
0.207352
-1.55749
-1.29884
0.889217
-0.517769
-1.11056
-1.16509
-0.207785
2.37583
-1.43778
-0.0199736
-1.10653
1.13193
0.146697
-0.898369
0.582662
-0.500473
-0.414144
-1.30029
-0.253459
0.241221
0.997755
-0.732515
-0.0139086
0.870436
0.950862
-0.180145
1.03171
-0.110138
0.387
0.574493
0.232428
-1.52561
0.111985
0.402961
-0.327742
0.234721
1.01916
0.135161
1.10343
0.917066
-0.132865
-0.460354
0.0775876
-0.0756284
0.29923
-0.457512
-0.0666598
0.0792489
1.27698
0.114132
0.675233
-0.0611809
-0.267422
-0.410127
-0.0271579
-0.952962
-0.206008
0.444197
-1.0155
-1.2813
1.05483
-0.849613
0.640868
0.422219
0.152136
-0.412551
1.4628
-0.152345
0.385926
-0.500724
-0.457276
0.884124
-1.16951
-0.106147
1.05144
0.126276
1.02401
-1.14744
-0.000603057
0.208625
-0.576539
-0.0374118
0.397006
0.20666
1.47168
0.887648
0.516059
-0.709667
-0.158983
-0.597259
-0.710941
-0.944879
0.775617
0.190696
0.725409
0.617447
1.21891
-0.238852
-0.29852
1.5976
-1.22092
-1.64978
0.702416
0.114532
0.528805
-0.547149
0.433439
-0.370603
0.513166
-0.871735
-1.77048
-0.260001
0.296622
0.435833
-0.455473
-0.256285
-1.25021
0.60488
-0.482046
-0.484362
-0.515859
0.1219
1.09068
0.866135
-0.612084
0.857171
-0.302687
-0.91461
0.504003
-0.501009
-0.56689
-0.224491
0.268289
0.734683
0.828755
1.16401
-0.452785
-0.393351
1.54302
0.449386
-1.18905
-0.27279
-0.144555
0.511661
-0.182962
-0.659319
0.958497
-0.703069
-0.373318
-0.0201269
0.4535
-0.540815
-0.426135
-0.171138
-0.57746
-0.905669
-0.0512808
-0.613293
-0.224142
-0.974562
-1.28165
-0.572208
0.657341
-0.413149
-1.10262
0.869987
0.226924
-1.05281
0.894583
-0.166251
0.85499
0.14095
0.692372
0.75746
-0.420294
0.915767
-0.70671
0.397814
0.133302
-0.127136
-0.0454248
0.29871
-0.0926032
0.231441
-1.14924
0.0662452
-0.988282
1.04066
-0.387867
0.609318
0.367456
-0.583185
0.66073
-0.902452
-1.13532
-0.22021
1.43507
0.198632
1.27785
0.234765
-0.0949987
-0.533624
-0.336672
-0.638265
-0.836913
-1.10541
0.0295487
-0.299657
0.605628
0.651864
-0.91182
0.665313
1.20379
-0.0151387
0.641776
-0.831041
-0.77374
-0.960611
0.452466
-1.69297
-1.57242
-0.365951
0.163607
0.665035
0.350038
-0.0809784
-1.40755
-0.603469
1.65585
-0.619919
0.835849
-0.660816
-0.751797
1.31774
-0.772628
0.365161
-0.269902
-0.0899975
0.0514268
-1.05892
0.0262969
-1.71236
-0.852601
-0.147444
-0.482161
-0.159441
0.255459
0.386558
-0.862575
0.939575
-1.28258
0.251349
0.865915
-0.190365
0.320318
0.332073
0.389972
1.34564
-0.0649953
0.944006
0.119409
1.54338
-0.434376
0.0640808
-0.236151
1.14835
-1.01295
-0.581207
0.0231955
0.277775
-0.194441
0.255818
-0.655147
-0.459431
0.342928
0.680567
-0.264192
0.425863
0.28599
0.587672
0.259863
0.0319357
-0.364457
-1.10592
1.18666
0.368418
-0.325679
0.427372
0.379052
0.624604
-0.952708
1.1071
0.410268
1.28777
0.0524317
-1.23089
0.643367
-1.40387
-1.56499
-1.31115
0.186056
1.53319
0.55667
1.08432
0.0035154
-0.539774
-0.044345
0.127551
-0.631282
1.11659
-1.61595
-0.26926
-0.271207
-1.04373
1.07572
0.829433
0.149061
0.44187
0.288227
-0.213884
0.642844
-0.759267
-0.58463
-0.668418
-0.228815
0.133196
-0.302584
-0.398638
1.04558
-1.46044
0.664832
-0.126266
1.11707
-0.102756
0.23617
0.919445
-0.722437
0.538442
-0.678501
0.17181
0.733102
0.887023
0.0759278
-0.272592
0.567238
0.0591778
0.715559
-0.186926
-0.39817
-0.0744149
0.393032
0.0210757
1.34993
0.247845
-0.14476
-0.665487
0.725216
0.839319
-0.191596
-0.441148
-0.128877
0.118139
-0.444998
-0.365946
-0.566607
0.621236
1.05092
-0.728003
0.0125722
-0.0406965
0.534356
-0.432587
-0.481658
-1.15514
-0.525895
0.996415
0.832134
0.32438
-0.569105
0.617812
1.10718
-1.18056
-0.00699366
-0.232044
-0.734256
0.693923
1.67663
-0.529633
1.86629
-0.155937
0.49886
0.643615
0.585827
-1.99584
-0.824549
0.698282
1.15859
-0.651332
1.40879
0.370775
-0.454148
0.176715
0.106082
-0.863561
0.576078
-0.674958
0.0462389
-0.084684
-0.660795
-0.70545
-0.628607
1.23039
0.502566
-1.14547
1.58143
-0.59215
1.07667
0.272829
1.87869
1.14033
-0.613116
-0.788393
1.12958
0.421718
0.929138
0.118345
-0.707898
-0.798428
-0.252436
-1.22277
0.00255701
-1.629
-0.0486718
0.0710178
1.15056
-0.0857093
0.174687
1.05463
-0.890253
1.33815
-0.12789
0.0633281
-0.55026
-0.464881
-0.0477765
-0.371666
-0.0841173
0.225444
-0.567712
0.488166
0.00759176
1.15579
-0.794708
1.84518
0.507372
1.35948
-0.878699
-0.396082
0.0418762
0.272658
-0.434871
1.02771
0.525554
-0.840254
0.728209
0.145859
-1.22379
0.588824
0.10077
0.708151
-1.60988
0.252435
0.00960525
0.083111
-1.2647
-0.11559
-1.20525
-1.68301
-0.377439
0.351159
1.11277
-0.321947
0.465593
0.252919
1.35192
-0.130253
-0.763431
1.57411
0.205992
0.18283
0.00734445
-0.183344
-0.161223
-0.245837
-0.362114
-0.330316
0.289498
-0.0208235
-0.703586
1.1094
1.56228
-0.294863
-0.0817329
0.507506
1.36844
-0.584344
0.181367
-0.0393068
-1.00486
-0.952976
-1.1969
-1.67145
-0.070919
-1.80842
0.360824
0.293006
0.158451
0.363385
-1.02245
0.86377
0.844374
-0.421739
-0.389204
-0.24982
-0.871042
-0.778649
-0.161078
1.6065
0.500971
1.56233
-0.268623
1.45308
1.5136
0.195107
-0.643642
-0.187625
0.984043
0.849328
0.416944
0.331625
-0.0720877
-0.515409
0.288378
0.357524
0.550256
-0.503449
-0.587126
-0.919439
0.475411
-0.672529
-0.225376
-0.038952
0.0550664
-0.185769
-0.662221
-0.982067
0.779752
1.50114
0.817385
0.974868
1.0653
-1.08224
0.797542
0.857915
0.299129
-0.162032
-0.317447
0.256329
0.785497
0.0400574
-0.52905
-1.24772
0.650992
0.115273
-1.2406
-0.243953
1.19648
0.609924
1.06169
-0.810765
0.250596
0.382065
-0.503759
-0.0681881
-0.473338
0.0635424
-0.428783
-1.75487
0.967128
1.22093
0.297
0.080692
-0.939199
0.317247
0.468078
-0.533481
0.672201
0.172889
-0.479841
0.10261
-0.0879111
1.3096
-0.775816
-0.019561
0.0931833
-0.507294
0.1349
0.702826
0.992731
0.0095554
-0.183095
-1.0316
-0.357166
1.41683
0.301248
-1.65758
-0.38222
-1.5653
-0.598133
0.0661868
-1.07363
1.90602
1.42367
-0.514963
0.152983
1.16859
0.47212
-1.25035
0.146679
-0.856475
0.705885
-1.85709
-0.754083
0.662202
0.366222
-0.445292
-0.0162424
0.0156755
0.597502
0.600084
0.870878
0.463669
-0.743623
0.680276
-0.814497
0.673811
0.578226
-0.751613
-0.0727718
0.793506
-0.775748
0.759657
-0.130873
-0.212605
-0.37964
-0.250805
-1.16019
0.936184
0.325081
-0.346147
-0.476455
-0.781938
-1.19329
-0.0924456
-0.42649
-0.425871
1.52209
2.2598
-0.149162
-0.642789
-1.06789
-1.00668
1.21887
0.500194
1.56598
-1.03236
0.438276
0.742391
-1.33764
-1.43893
-0.104105
0.321526
0.00129741
-0.0651327
0.0576629
-0.139482
-0.437815
-0.577572
0.0335441
-0.808536
-1.87369
0.485458
-1.60696
0.0521125
-0.0334759
-0.34779
-0.952379
0.648878
0.762811
0.668679
0.904778
-0.640303
-0.130235
-0.110755
0.929205
-0.267047
0.0999511
0.370164
0.142359
-0.779645
0.351416
-1.80696
1.13553
0.830546
-0.25497
-0.0656308
-0.236297
-0.423067
0.129916
-0.264242
0.667168
-0.452985
0.433487
-1.90822
-0.453606
0.392842
-0.500786
0.912762
0.195824
0.701611
0.543663
-1.01473
0.335814
-0.206152
-0.74056
0.0661024
0.302758
0.363163
0.154112
0.923214
0.629297
-0.500008
-1.676
-0.0687685
0.88944
0.204798
0.370567
-1.11341
-0.585314
0.414384
-0.00287598
-0.401569
-0.844499
-0.205864
-0.713438
0.239536
-0.534925
-0.796417
-0.377916
0.737057
-0.477657
-0.624488
-0.107217
0.408032
0.405839
-0.519238
-1.73077
-0.43325
0.364463
0.42782
1.90473
-0.143493
0.172471
-0.288744
-0.896306
-0.229165
0.707983
-1.20103
1.03547
0.612015
0.157914
0.0658032
-0.13973
-0.281331
0.0988358
0.19699
-0.873865
-0.581449
0.196866
0.414956
0.191677
0.140864
-0.337502
-0.100676
-0.12802
0.149253
0.183797
0.178753
0.0465605
1.08276
-0.0662378
-1.14845
-0.79206
0.539168
-1.47347
0.241552
-0.295759
-1.40753
-1.70304
0.151478
-0.749394
1.50542
0.296929
0.536963
0.112149
-0.0178135
-0.243958
-0.314453
-0.0509694
-0.202954
-0.286392
-0.348399
0.0980992
0.153855
0.297526
-0.289803
-0.450709
