0.0644943
-0.352453
-0.119003
0.0689257
-1.07104
-0.00329649
-0.353197
-0.7392
-0.758126
0.513842
-0.290654
-0.563402
-0.340253
0.121172
0.133214
0.425453
0.107166
0.0083612
-1.1025
0.0161671
1.03485
0.164311
-0.22994
1.00725
0.963598
0.0919357
0.0639051
0.236664
-0.57177
-0.732446
0.813789
0.00934151
1.73807
0.502747
-0.0319286
-0.0147453
-0.724771
-0.460909
0.0772429
0.0261511
0.258664
1.10235
0.157413
0.158123
-0.846153
-0.139681
-0.656939
-0.394502
-0.760263
-1.11835
0.42109
0.962548
-0.654127
-0.745978
-0.292081
0.5672
0.130503
0.848273
-0.312531
0.482591
-0.324544
-0.427347
-0.410517
-0.166005
-0.615352
0.0969627
-0.75687
-0.239002
-0.741184
0.563892
-0.333984
0.0694363
0.246351
-0.415529
0.880555
-0.574035
-0.508616
0.02187
1.13644
0.643822
-0.132392
-0.39038
-0.812911
-0.479974
-0.352196
-0.285396
-0.176835
-0.0731372
0.663022
0.783372
0.464756
-0.0407027
0.341115
-1.25168
0.9848
-0.540272
-0.529
-0.072062
0.120434
0.584519
-0.0880435
-0.576403
-0.489217
0.192162
0.0777251
0.563488
-0.0366328
-0.166545
0.421772
0.131105
1.35025
-0.9287
-0.0997365
0.72031
0.0205667
-0.328667
0.0484027
0.642333
-1.22823
0.800894
0.135247
-0.415313
-0.0151742
-0.819884
-0.0945765
-0.200022
-0.0257124
1.06905
0.229485
0.44547
-0.414308
0.70158
0.138961
1.40325
-0.020293
-0.144993
0.185367
-0.290121
0.398936
-0.000853188
0.23005
-0.80674
-0.323441
-0.377999
-0.190786
0.0974922
0.170834
-2.02411
0.234868
-0.937963
-0.640868
0.0228817
0.337718
0.498031
0.563533
0.25448
0.377521
-0.372067
0.100716
0.188113
-0.081456
-0.149473
-0.388328
0.313051
-0.20518
-0.195696
0.531662
0.241179
0.497282
-0.241759
0.397008
-0.000734495
-0.396057
-0.202465
0.42635
0.225058
0.350092
0.250335
0.240422
0.524084
0.121938
0.488428
-0.5779
0.581898
-0.255337
-0.194559
0.342868
-0.912924
0.0439235
0.469353
0.316328
0.522864
0.63172
-0.612058
-0.17648
-0.0326598
-0.00617573
-1.06216
0.486347
1.17891
-0.407866
-0.201825
-0.554854
-1.11155
0.159108
0.207993
0.475932
0.832193
-0.0305398
0.897098
0.677245
-0.831922
-0.794503
1.21666
0.618974
-0.171206
-0.331894
0.0815993
-0.263776
0.0350429
0.122419
0.530546
0.17025
-0.341148
0.524378
-0.355067
0.0871064
-1.40862
0.0895812
-0.825333
0.168405
-0.490027
0.263944
-0.0894026
0.426664
-0.977198
0.217851
-0.33496
-0.789341
-0.0304523
-0.305222
-0.309715
0.123268
0.273198
-0.0149764
-1.22232
0.169146
0.32095
0.54878
0.733276
-0.414955
0.195868
-0.270362
-0.601738
-0.204205
-0.415549
-0.069301
-0.16492
0.321092
0.853356
-0.457131
0.667689
0.283289
-0.618024
0.389405
-0.741571
-0.374504
0.903081
-0.602789
0.375837
-0.435491
0.212393
0.893166
-0.599427
-0.558501
-1.2753
0.421906
-0.239611
-0.129881
-0.0251346
0.037064
0.435418
-0.308396
0.850922
-0.147807
-0.702829
-0.426648
0.581117
-0.428558
0.737628
0.348121
0.316379
-0.27754
-0.0893051
0.134978
0.376367
-0.254268
0.220891
0.0110204
0.165558
0.489495
0.431719
0.499702
0.24451
0.00609556
1.12099
-0.153231
-0.450041
-0.422165
-0.181564
-0.109392
0.445566
-0.291084
0.996952
0.317611
1.13271
0.567455
0.500844
0.630961
-0.788495
0.360914
0.142481
0.332039
0.650533
-0.0363167
0.463714
-0.00682608
-0.934964
-0.357133
0.201196
0.443892
0.142956
0.219785
0.689723
-0.569498
-0.744887
0.143725
-0.289523
0.841683
-0.121822
0.500103
1.0123
-0.153483
-0.462029
0.575845
0.689016
-0.528521
-0.468032
-0.281201
-0.914502
0.437286
-0.119553
0.303784
-0.668001
0.00819753
-0.295438
-1.29484
0.810521
0.597703
0.31005
0.199825
0.200639
-0.281536
0.438226
-0.0533586
-0.141946
0.0545033
-0.0249054
-0.561797
-0.190818
1.25267
-0.717859
0.334808
0.145288
-0.583719
0.301556
-0.300855
-0.313996
-0.346764
-0.613426
-0.351822
0.611773
-0.36304
1.04867
-0.171175
0.201018
0.102374
0.779777
-0.355941
-0.281746
1.1806
-0.381254
-0.229312
0.307842
0.929679
-0.0896099
-1.0258
0.05375
0.563445
-0.352852
0.111938
1.02403
-0.325349
-0.123594
-0.0939049
-1.48097
-0.655775
0.0384629
0.496604
0.48946
0.450381
1.3386
-0.118926
-0.2295
0.52409
0.024594
0.0803987
0.41671
0.172827
-0.445547
-1.06626
-0.861319
0.243567
-1.63209
0.227509
-1.22706
-0.145473
0.110696
-0.256244
-1.13478
-0.00636756
0.0105901
0.0199964
0.0566097
0.105974
-0.0628616
0.0735955
0.111315
0.394309
-0.0834773
0.468931
0.898914
0.524439
-0.603293
0.559482
0.336836
0.445558
-0.321463
-0.226906
-0.478864
0.239726
-0.078304
0.142004
0.392403
-0.0455607
-0.209712
-0.152553
0.302723
0.424471
0.0294163
-0.17626
-0.377823
-0.323761
-0.765252
-0.774354
0.272121
0.400875
-0.0814238
-0.115946
-0.138168
0.569262
0.0579815
0.557712
0.0633042
1.2469
0.105851
-1.33872
0.474606
1.05625
-0.235591
-0.315629
-0.541331
-0.086604
0.233726
-0.652222
0.55631
-0.253064
-0.268808
-0.176093
0.248885
0.454449
-0.190415
0.619438
0.236912
-0.0878362
-0.510614
0.0410833
0.000656286
-0.233776
-0.0283031
-0.521959
0.526103
0.331945
-0.0964314
0.658581
0.395673
0.778636
0.271194
-0.0759435
0.824898
0.772772
0.0514367
0.564871
-1.10469
-0.211714
-0.219742
0.490019
0.585375
-0.383693
1.05124
-0.352209
-0.5375
-0.458917
0.46103
0.577439
0.735601
0.0597957
0.110465
0.571745
-0.294916
-0.121843
0.0936506
0.702372
0.830853
-0.029164
0.106085
-0.261392
0.357664
0.267793
-0.231564
0.482104
-0.0877731
0.905409
0.327324
-1.40123
-0.247656
0.134921
1.13452
0.389146
0.0160596
-0.153203
0.368656
0.515625
-0.0984654
0.876319
0.214052
0.538734
1.09748
0.0837336
-0.307227
-0.00229166
-0.478348
1.0026
0.146295
-0.722182
-0.26497
-0.217848
-0.305512
-0.5437
-0.0838937
0.0780634
-0.00674181
0.146993
0.302872
-0.170029
0.668021
0.382431
-0.090897
0.918914
-0.393893
0.178449
0.458701
0.860755
0.47027
-0.437147
0.222982
-0.193815
-0.618106
0.121968
0.872471
-0.829201
-1.06798
-0.279083
0.0607313
-0.621889
0.0457608
-0.269838
0.125782
-0.300996
-0.799255
0.461055
0.104011
-0.120079
0.0638415
0.339625
-0.189944
0.101062
-0.461076
-0.205938
-0.0475254
-0.243268
-0.74406
0.170892
0.612222
-0.858139
0.223973
0.322638
-0.610404
-0.24766
-0.0369145
0.434395
-0.0356684
0.736758
0.250785
-0.346002
-0.281684
-0.417799
0.29846
-0.488048
0.0158344
0.314993
0.368647
-0.489588
-0.658611
0.485641
0.719089
-0.0139851
0.1243
0.687961
-1.27034
-0.062209
-0.608258
-0.764841
0.0977442
1.06572
-0.141713
-0.123729
-0.00328312
-0.654076
0.34239
0.175607
0.761907
-0.100663
0.409016
1.25834
0.103752
-0.417057
-0.0389314
0.669832
1.13604
-1.84013
0.475478
-0.952142
-0.469961
-0.397724
0.0402891
0.489031
0.236265
0.116281
0.603429
-0.119717
-0.365736
0.00900901
-0.367969
-0.212102
-0.886226
0.154135
0.185642
-0.328325
0.389549
0.166751
0.87808
-1.20493
-0.400932
0.0549284
-0.342085
-0.729197
0.0238622
-1.216
-0.43641
-0.395636
0.476362
-0.0394291
-0.393198
0.321845
0.354262
-0.153965
-0.562319
0.426089
1.14158
0.647555
-0.0804153
0.129338
-0.18457
-0.143585
-0.629949
0.661041
-0.770881
0.299373
0.0859084
0.927049
0.312114
-0.465076
-0.179258
-0.031968
-0.151149
0.0559397
0.313445
-0.170723
0.658398
-0.742387
-0.274069
-0.71007
-0.630894
0.831457
-0.06918
-0.12965
-0.00333023
0.267108
0.35814
0.273498
1.00419
0.409736
0.0413787
-0.536803
-0.225509
-0.980835
0.0885357
0.321432
-0.155324
0.164857
0.378767
-0.0949849
-0.185172
0.0776257
-1.10207
0.0857381
-0.0144208
-0.638222
0.0350932
0.287575
-0.177653
0.306575
-0.716402
0.453294
0.182501
0.658993
-0.751826
0.480428
0.379253
0.983286
-0.441234
0.40575
-0.395325
-1.08296
-0.459092
-1.15969
0.166522
0.268809
0.625818
-0.77314
0.408026
-0.275718
-0.0010484
-0.714502
-0.0151665
-1.48886
0.774986
0.600033
-0.337526
-0.718583
-0.163984
-0.615369
-0.0125412
-1.42022
0.670152
-0.48739
-0.934845
0.562819
-1.00056
0.597238
0.537472
0.150091
0.625252
-0.0960461
0.448001
-0.493428
0.667197
0.099491
-0.0308291
-0.0631535
0.845089
0.291843
0.538346
0.0846414
-0.771293
-0.417105
0.569655
0.608426
0.219462
-0.481897
0.914309
-0.784098
-0.40222
-0.175979
-0.116637
-0.0113564
0.356874
0.357736
-0.339814
-0.387636
1.48909
0.341102
0.25921
0.276015
-0.28498
0.555871
0.0924975
0.0720052
-0.498319
-0.449234
1.11107
-0.337066
-0.803548
-0.886487
-0.850743
-0.566313
0.127191
-0.455363
0.162402
-0.304767
-0.309628
0.169965
0.112538
-0.526834
0.136318
0.584845
-0.522362
-0.471565
-0.159201
0.791158
0.678109
0.708486
-1.23716
-0.359114
-0.499546
0.625535
-0.823807
0.441752
0.00599853
-0.0594503
-0.0712771
-0.166649
-0.500742
0.0585745
0.588373
-0.0418845
-0.971388
-1.0511
-0.131228
0.00294261
-0.101268
0.355051
-0.0365529
-0.211203
-0.738825
-0.381354
-0.862188
0.333763
-0.179376
0.69365
-0.183174
-0.117408
0.154887
-0.7145
0.236357
0.250494
-0.513899
0.285677
-0.346662
-0.264323
0.219437
0.0675851
0.205912
0.377004
0.140577
-0.130109
-0.64419
-0.314732
-0.429203
1.04502
0.936875
1.05139
0.40832
-0.659063
0.368583
-0.260453
-0.174987
-0.311631
0.216598
0.0762763
-0.110857
0.151136
0.36495
0.59582
-0.0444096
-0.677025
0.308773
-0.387214
-0.14357
-0.284221
-0.833
1.4292
0.0957171
-0.841427
0.416079
0.480441
0.434359
0.00437272
0.447712
0.0681143
-0.485325
0.54597
0.262499
0.31558
-0.304593
-0.447354
-0.58381
-0.161011
0.799057
0.0795552
0.22074
1.36894
0.385181
-0.336733
-0.0230133
-0.0622142
0.460358
-0.660763
0.52114
0.38755
-0.0901831
0.0544022
-0.521642
0.675789
-0.286321
-0.886666
-0.266802
-0.708525
-0.867095
-0.245826
-0.634887
0.459317
0.782712
0.236073
0.0655617
-0.0742893
-0.650614
-0.0360674
-0.710387
-0.274086
0.518557
-0.684483
0.493046
-1.22724
-0.0633889
-1.28087
-0.256547
0.178921
0.216136
0.949441
0.392245
-0.950663
-0.114443
0.131391
0.592064
0.692376
-0.433329
1.26632
-0.290327
-0.0810914
-0.422739
0.0546828
1.48899
0.540097
-0.669103
0.591499
0.055257
0.0381195
0.369158
-0.414671
0.567677
-0.554367
-0.52261
-1.08465
0.266182
-0.920874
0.0206337
-0.343006
-0.197952
-0.915224
-0.519716
-0.493996
0.30185
0.0654266
0.432509
0.291567
0.210046
-1.22605
0.158175
0.122979
-0.595141
-0.0759716
0.0915976
0.342627
0.147282
0.779262
-0.0151806
-0.219888
0.396594
-0.851514
-0.379819
0.160273
-0.558037
-0.381643
-0.0780023
0.307031
-0.0664767
0.225661
0.630762
0.868153
0.383769
0.380164
0.0469956
-0.139927
0.413383
0.709833
0.313256
-0.395901
-0.137204
0.409986
-0.344331
0.748488
-0.817595
-1.1459
-0.523202
-0.512056
0.844084
0.271178
0.24652
1.23278
-0.857098
-0.449048
-0.244882
-0.709053
0.592919
-0.805351
-0.639667
-0.791162
0.194632
-0.120172
0.329219
-0.427535
-0.216901
0.0832337
1.11458
-0.511542
-0.0228497
0.348971
-0.0619463
0.27118
0.251509
-0.29337
-0.620264
-0.202362
-0.183779
0.473613
-0.423053
0.571484
-0.7706
-0.133838
0.444948
-0.385275
0.154448
-0.342041
-0.231185
0.0203098
0.312368
-0.720629
-0.0503263
-0.449872
-0.030652
0.606381
-0.315877
0.307095
-0.57824
0.593543
-0.41878
0.918522
0.921165
1.50544
0.400942
0.113915
-0.0306653
-0.164478
-0.856615
0.694664
0.591315
0.262098
0.213914
-0.0576008
-0.973092
0.615406
-0.00295239
-0.084866
-0.722628
0.0294174
0.0319357
-0.279019
0.479857
-0.28466
-0.0569688
-0.278907
-0.901822
-0.436091
1.09999
-0.74915
0.180625
0.0324574
0.00302477
0.50339
0.66696
-0.605978
0.11885
0.542796
-0.157816
0.337195
0.295233
0.0804155
-0.208285
0.329508
1.0986
0.573627
0.217364
-0.534659
0.0909655
0.451187
-0.270328
0.587759
1.18084
-0.180938
0.183759
-0.0953623
-0.325001
0.0728327
-0.627219
0.493275
-0.0453959
0.0735431
0.690628
0.822499
0.0780283
0.299176
0.726481
1.63717
-0.224183
-0.0974521
-0.9317
-0.00670773
-0.480853
-0.190538
-0.33876
0.605883
-0.10308
0.0841778
0.679139
0.349177
-0.718554
0.127654
-0.996616
0.97564
0.749208
-0.502019
1.35611
-0.918538
0.735765
0.303144
-1.18739
-0.283802
0.501495
0.268688
-0.0956459
0.21389
-0.116292
0.759833
-0.264046
0.482211
-0.33584
0.914486
0.232531
0.239386
-0.0282762
0.450477
-0.198767
-0.396998
0.357582
-0.819645
-0.039335
0.797702
-0.0822185
-0.0912873
-0.120394
-0.631708
-0.421775
-0.418034
-0.103514
0.783058
-0.595019
0.738199
1.32752
-0.468183
-0.133533
0.0689776
-1.19554
-0.0322741
0.524514
0.519029
-0.894766
0.502151
0.811249
0.501494
0.320309
-0.515817
0.155065
0.342754
-0.434252
-0.00726926
1.15525
0.46569
0.731153
0.142087
-0.24724
0.613953
-0.0864433
-0.502256
-0.221075
-0.386703
-0.214209
0.648945
-0.380887
-0.603465
0.444663
0.717344
-0.631953
-0.474485
0.0725556
-0.364305
-0.408251
-0.642498
0.589265
-0.196914
0.591431
0.207839
-0.085867
-0.861981
0.547497
0.358143
-0.0234937
0.192754
-0.0650635
-1.11342
-0.167805
-0.332185
-0.13903
0.265497
0.126068
-0.366743
-0.0510578
-0.275319
-0.665611
-0.27559
0.337964
0.39572
1.05345
-0.0611696
-0.539334
-0.745337
-0.0782085
0.10813
0.361364
0.207961
-0.577174
-0.0990419
0.923269
0.998342
-0.128792
0.643709
-0.206689
0.217639
-0.440527
-0.224891
-0.0542637
-0.263685
0.0252841
0.342073
0.0419519
0.711465
-0.545088
0.31111
0.268224
-0.0220626
0.0623988
0.137144
0.0390825
-0.0487523
-0.42917
-0.538207
0.455455
0.275665
-0.501782
0.50571
0.157114
0.153029
0.273368
0.510147
-0.237668
0.117048
0.030362
-0.130147
-0.0747479
-0.375664
0.277682
-0.0155616
-0.433023
0.48645
0.414451
0.0700836
0.0174609
-0.334126
-0.307299
0.842626
-1.19259
0.16854
-0.407091
-0.555431
-0.0534928
0.657143
-0.722333
-0.0405275
-0.0566321
1.16488
-0.316422
0.908705
0.22212
-0.812417
0.06554
0.16166
-0.195127
0.20343
0.939132
0.395283
0.0523488
-0.0519983
0.0194671
-0.209079
0.131984
-0.0111976
0.93311
-0.448432
-0.751531
0.694732
0.087935
0.232957
-0.664486
0.0320495
0.616729
-0.35777
0.196724
0.70676
-0.436699
-0.470515
-0.21733
0.00666903
-0.603827
-1.15556
0.416227
0.477371
0.585178
0.0205626
-0.235791
-0.417819
-0.726235
0.581284
-0.0976839
0.22744
0.78446
-0.547522
-0.188859
0.265347
0.524275
0.515015
-0.342629
1.08624
-0.145154
-0.110602
-0.072713
-0.105503
0.0531903
0.453603
0.434915
-0.689618
-0.398705
-1.59171
0.252543
-0.093599
-0.459749
-0.159459
0.723739
-0.165398
0.106657
0.105363
1.18892
1.08812
-0.949982
-0.539685
0.120961
0.768009
-0.445163
0.764362
-0.118177
-0.410349
-0.255319
-0.196086
-0.556281
-0.117592
0.258688
0.290316
-0.926559
-0.980293
0.110692
0.943758
0.034516
-0.00910669
0.596436
0.70159
0.0992821
0.140204
1.03781
0.921598
-0.211162
-0.0853763
1.23296
-0.827012
-0.170343
-0.281743
-0.530467
0.235149
-0.327756
-0.0470535
-0.830831
-0.104492
0.116522
0.550425
-0.428522
0.199038
-0.387591
0.759239
-0.0764135
0.216998
0.637671
-0.283831
-0.0284588
-0.561905
-0.416027
-0.0731311
0.174038
0.075125
-0.344163
0.620231
-0.824233
0.516042
0.538019
0.659643
0.218993
-0.172885
-0.0898813
-0.913998
-0.315393
0.23762
-0.184916
-0.0368993
-0.991641
-1.34066
-0.341394
-0.788912
0.516868
0.428924
-0.312788
0.260728
0.201864
-0.549224
0.756313
0.106194
0.938132
0.198941
0.320253
0.250706
-0.210729
0.99794
-0.294031
0.602464
-0.930974
0.0101771
-0.233555
-0.19067
0.230909
-0.553953
0.139123
-0.860674
0.812046
-0.792923
-0.498589
-0.44353
0.318152
1.2524
-1.10414
-0.431296
-0.00415927
-0.163317
-0.280057
-0.677438
-0.536524
-0.254218
-0.491684
-0.650589
0.191046
0.2333
-0.425799
-0.498153
0.403262
0.895556
-0.812687
0.245846
-0.107585
-0.286804
-0.18085
-0.563137
-0.257624
0.468375
0.883669
-0.0314771
-0.450983
0.337371
-0.963903
-0.123319
0.127163
-1.0175
-0.569513
-0.57216
0.105116
-0.121614
-0.692001
0.61331
-0.201782
-0.532987
0.73881
-0.410344
0.309229
0.113265
0.103435
0.426246
-0.199395
-1.29722
0.960457
0.158881
0.963769
-0.903993
0.369984
0.00147009
0.0140357
-0.421327
0.358305
0.888009
0.454885
0.403887
0.766378
-0.292283
-0.0949913
0.333896
-1.0672
0.432688
0.184568
-0.168453
0.322779
-0.786955
0.183954
0.572689
0.00645091
-0.730059
0.411463
0.686002
0.586607
-0.274857
0.160898
0.618857
-0.341224
0.870278
0.672379
-0.527504
0.0431029
0.0477259
-0.550594
0.609128
-0.388526
0.378809
-0.43652
-1.08714
-0.390734
0.377166
-0.243338
0.044849
0.391597
0.363136
-1.16871
-1.14158
0.631452
-0.644381
-0.0196622
-0.350513
-0.826009
-0.836373
-0.679949
-0.183007
0.0797338
-0.776729
0.292515
-0.154226
-0.164744
-0.507108
-0.872221
0.273097
-0.268402
0.0811059
-0.382536
0.112413
0.676591
0.542654
-0.386318
0.653753
0.230078
-0.785006
0.414728
0.133105
0.213085
0.440802
0.249924
1.03368
0.694411
0.598245
-0.244124
0.635795
-0.353012
0.351668
0.309555
-0.2463
0.401184
0.664261
0.0830958
0.0285509
-0.0802416
0.271148
0.790126
-1.10108
0.38855
-0.0100732
0.270155
1.10323
0.0249733
-0.135671
0.62693
0.252561
0.199079
-0.32616
-0.0151992
-0.21742
0.438927
-0.0348275
0.217755
0.464557
0.216041
0.962053
0.122802
0.212006
-0.754615
0.778671
0.22613
0.231248
0.248023
-0.55394
-0.0113238
-1.09916
-0.121596
-0.447105
0.33858
0.629295
-0.798054
-0.0601672
1.0849
0.71066
0.370525
-0.046954
0.0244289
0.127795
-0.0436575
-0.999522
0.194219
0.889561
0.0840385
1.25973
-0.152316
-0.0829534
-0.78492
0.184082
0.366969
-0.804368
0.993336
-0.702023
-1.13514
-0.215548
0.782756
0.799695
0.153789
0.0738621
-0.211477
-0.331745
0.0550331
-1.12831
-0.295014
0.260772
0.211437
-0.365101
0.256114
0.657317
0.326999
0.7039
0.109274
-0.255344
-0.434668
-0.531105
-0.133706
-0.93895
0.226457
0.316361
0.542529
-0.207396
-0.587016
-0.784168
1.12797
-0.140978
-0.0547032
-0.249979
-0.525674
0.0413836
-0.0492046
-0.658377
0.291472
-0.565222
0.294629
-0.732769
0.0772953
-0.177822
0.389065
-0.00829013
0.881384
-0.124252
0.351847
-0.297386
-0.106314
-0.145008
-0.441108
-0.306373
0.89132
-0.725173
0.304698
-0.216792
0.307007
0.777417
-0.971655
-1.04841
-2.05984
-0.689885
0.422257
-0.0632286
-1.42066
0.687404
-0.830468
-0.32832
0.44926
0.375086
0.13167
-0.167586
-0.588441
0.618451
-0.146772
0.0331614
-0.209057
0.245711
-0.12722
0.681899
-0.124785
-0.0667933
-0.309976
0.0145226
-0.965532
-0.0798667
-1.1055
1.14244
-0.314432
0.254957
0.691855
-1.00238
-0.37006
-0.714156
-0.970514
-0.4741
-0.0595203
0.503023
0.449601
0.651275
-0.215793
0.3701
-1.04084
0.440986
-0.0388565
-0.16182
0.0639646
0.550415
0.949455
-0.18506
-0.303899
-0.562295
1.09374
0.854449
-0.317246
0.178579
-0.633408
-0.528331
0.655682
0.305183
0.791334
-0.479498
0.2525
0.762134
0.387081
0.666443
0.540679
0.20149
1.13549
-0.917365
-0.0391326
0.137988
0.485918
0.10793
-0.511345
0.0867169
0.359917
0.016066
0.925214
0.0191417
-0.264966
-0.370824
0.215769
-0.67747
0.563906
-0.133959
0.240246
-0.234919
0.0240987
-0.443212
-0.279335
0.00434809
-0.245965
0.17723
0.751819
0.0425781
-0.0156491
0.328273
-1.00691
0.649245
0.0786803
0.0910624
0.0734306
0.424924
-0.388352
0.678091
0.594349
-0.208345
0.431382
0.849056
-0.96432
-0.260286
1.36333
0.871836
0.05862
-0.514149
-0.209103
0.320392
-0.597094
-0.710678
0.526234
0.92362
-0.57856
0.245845
0.207065
0.982852
1.28528
0.544193
0.532825
-0.251969
0.905834
0.249625
0.229374
-0.111287
0.524887
-0.47515
-0.268326
0.630731
-0.28794
-1.00639
0.526169
0.149073
0.533823
-0.118813
0.335187
-0.177201
0.897106
-1.04541
0.185927
0.416848
-0.00214714
0.666996
-1.30269
-1.10981
-0.485749
-0.222975
0.377683
-0.426897
0.064893
-1.04602
-0.305986
0.12707
-0.468333
-0.107996
-0.241841
0.206421
-0.471816
-0.177711
-1.00733
0.290578
-0.719965
0.246299
-0.13195
0.385659
-0.0685484
-0.252321
-0.350441
-0.31049
1.08713
-0.55059
1.12676
0.160734
0.109428
0.293592
0.059642
-1.17411
-0.391725
-0.564734
-0.583418
0.516721
0.432665
-0.578829
0.837239
0.523899
-0.903733
-0.132724
0.463329
0.156515
-0.593377
0.582642
-0.231026
-0.847377
0.116704
0.500491
-0.0323567
-0.178626
-0.47452
1.44478
-1.01851
0.0436786
0.707572
-0.761196
-0.182543
-0.807607
0.412449
-0.266855
0.663224
0.780404
-0.608388
0.498295
0.246919
-0.155394
0.186899
0.0148197
0.219501
-0.711037
-0.111541
-1.65773
-0.206161
-0.1472
-0.058024
0.214936
0.41856
0.0712866
0.878165
0.934377
-1.07558
0.202756
-0.0385644
-0.30952
0.49846
-0.00842802
0.982929
0.742106
0.0506375
0.0969724
0.0783106
0.395391
-0.0245789
0.516127
0.352016
0.388733
-0.284161
0.26182
0.062343
0.290076
1.2814
-0.115087
-0.0972137
0.0679242
0.0730988
0.538151
-0.189608
-0.203564
-0.650349
0.0435706
0.950573
0.10392
-0.515816
0.682034
0.0520918
0.179708
0.228935
0.214032
-0.947093
0.499259
-0.292287
-0.400126
0.174902
-0.552329
-0.473768
0.437365
0.353599
-0.265506
0.0735213
-0.00194906
-0.0761441
-0.306253
0.95636
0.55301
-0.646058
0.0650886
-0.833632
-0.720722
-0.578624
-0.112173
-0.343788
0.335725
-0.938409
0.00248534
-0.275188
0.592773
-0.380664
-0.399466
-0.155732
-0.27388
-0.188195
-0.360418
-0.208361
-1.07722
0.898686
-0.486825
0.0906919
0.0034788
-0.957667
-0.171176
-0.0929014
-0.84078
-1.42681
0.981015
0.629571
0.0628997
-0.570471
0.174029
-0.135089
-0.596941
0.351526
0.204655
0.133356
0.489606
-0.445486
0.803211
-0.0059832
0.477082
0.0772596
0.936002
0.305247
-0.304179
0.347703
0.772385
0.534374
-0.197477
-0.0393384
0.523484
0.196289
0.087266
-0.291053
0.29151
-0.134871
-0.69642
-0.0173427
0.0530176
-0.515678
-0.154623
0.232492
-1.22759
0.513306
-0.633329
-0.318667
-0.856783
-0.20232
0.544613
-0.412125
0.892185
-0.149502
-0.700609
0.156233
0.00286159
1.20639
0.662144
0.26255
0.593187
0.133525
-0.590723
0.390288
0.043654
-1.13333
0.196626
0.271909
-0.141193
0.498471
-0.26106
1.01028
-1.00205
0.0157297
-0.297384
-0.488728
1.74981
-0.129808
-0.195806
0.425552
-0.758403
-0.178251
-0.714151
1.16329
0.622665
-0.932523
0.57674
0.150627
-0.205615
0.186145
0.603613
-0.742829
-0.463807
-0.496171
-0.553515
-0.991232
0.0185378
0.434639
-0.581354
1.12484
0.12802
-0.204727
0.0411901
-0.119433
-0.0488217
0.240947
-0.13196
0.160216
-0.120841
-0.310112
0.184022
-0.430923
0.0809817
-1.1232
0.283608
-0.116938
0.024339
-0.933869
-0.344017
-0.265447
0.0303425
0.259162
0.494779
0.352345
-0.213051
0.397592
-0.269568
0.28752
0.185361
0.131571
0.578791
-0.392595
0.80821
-0.238251
0.652484
-0.0429681
0.433328
0.0275282
0.246582
0.79186
1.14348
-0.732545
-0.637839
0.3099
-0.31035
0.57449
0.453159
-0.0333786
0.181879
0.420184
-0.405794
0.406319
-0.070878
-0.101205
-0.473955
-0.39446
-0.0387955
0.636237
0.0539164
-0.239032
0.574616
0.245432
0.111011
-0.469857
0.802285
-0.0340695
-0.138657
0.498379
0.0169909
0.171444
0.857945
-1.23269
-1.00304
-0.49112
-1.23684
1.03614
-0.312919
-0.0541371
0.39286
-0.445313
-0.300792
0.178598
0.0909993
-0.196014
-0.402616
0.112832
0.880007
-0.151774
0.437989
0.662271
0.0635771
0.547084
-0.633266
-0.903146
-0.0756255
-1.55057
-0.00481483
0.390464
0.272501
-0.347263
0.595714
-0.061876
-0.815588
-0.788801
-0.528236
-0.843801
0.119517
-0.148264
-0.283111
0.341023
0.0842011
-0.354877
-0.180437
0.307399
-0.103278
0.494921
0.532334
0.449832
1.02638
-0.214074
-0.352586
-0.0557507
-0.106239
0.506114
-0.186067
0.221153
-0.27175
-0.36951
0.48725
-0.346499
0.211381
0.092953
0.998353
-0.340322
-0.797136
-0.285901
-0.119358
0.0359635
0.0553265
0.394122
-0.944049
-0.725003
-0.819772
-0.602086
-0.253486
-0.476506
-0.21493
-0.154436
-0.199947
-0.336333
0.334102
-0.0984678
-0.651935
-1.00945
0.338421
-0.251588
-0.204306
-0.149057
0.937493
-0.492785
0.386043
0.0423521
-0.863313
0.284152
0.55924
-1.0927
0.497997
-0.457159
0.344446
-0.523101
0.199166
0.938166
-0.507453
-0.200511
-0.730797
-0.311091
0.29284
1.04666
-0.415278
0.589708
-0.303657
-0.390071
-0.160597
0.498314
-0.763609
-0.497237
0.0327493
0.225091
-0.641665
0.153221
0.212612
0.24323
-1.42982
0.367637
-0.42945
0.389789
-0.622956
0.0312756
-0.105092
-0.147243
0.185857
0.406489
0.149362
-0.321992
0.683197
-0.256689
-0.182562
0.412833
-0.137394
0.358345
-0.287765
0.0446639
-0.641358
1.32341
0.185211
-0.242617
0.628078
-0.235041
-0.271291
0.341438
-0.164753
-0.393314
0.578431
-0.178051
-0.353983
1.19783
0.332168
-0.41393
0.0638
-0.0169047
0.018008
-0.25461
0.0547663
0.878089
1.07789
-0.667848
-0.906989
-0.641216
-1.00943
0.655431
0.144685
-0.397968
0.941965
0.110994
1.01514
0.22013
-0.301095
0.417873
-0.956404
-1.02469
0.26891
0.592533
0.878791
0.272045
-0.104797
0.202687
-0.189975
-0.731131
-0.653773
-0.524972
0.245831
0.520729
-0.0391973
-0.197281
-0.369115
-0.256814
-0.0567646
-0.155844
-0.785286
0.0921277
-0.740689
0.0123085
-0.609206
0.787359
0.262218
-0.378794
-0.524944
0.68596
0.30825
-0.208516
0.763047
0.825856
0.178203
0.914537
-0.161789
0.217362
-0.0108329
0.12954
0.269658
-0.131603
-1.22175
-0.0314334
0.861756
-0.326921
1.61513
-1.02823
0.121544
0.33511
0.252938
0.339358
-0.441826
0.707662
-0.245852
0.0804469
-0.614767
1.18286
-0.451684
-0.00199753
-0.568289
0.280852
0.210255
0.999301
0.804275
-0.0677182
-0.382784
0.819301
0.252803
-0.092753
-0.223483
-0.703916
-0.0553831
0.0587187
0.415307
-0.0549026
0.506638
-0.70113
0.518593
1.48667
-0.273936
-0.137474
0.318711
-0.15247
-0.505933
0.354928
0.325773
-0.0294357
-0.750763
0.193444
0.0227815
0.820825
1.24036
-0.307667
-0.619552
-0.452909
-0.319056
-0.89923
0.0515924
0.566676
0.512624
0.702712
-0.228197
0.628293
-0.461426
-0.0472106
-0.128977
0.22484
0.278247
0.152359
0.154247
-0.456096
0.209898
0.0336062
0.269507
0.0973892
0.699769
-0.0209187
-0.48973
0.632689
-0.532217
0.476303
0.94095
-0.0425458
0.274705
0.812786
-0.388177
0.164495
-0.0960046
0.175242
0.326191
-0.458589
-0.355899
-0.435272
-0.370421
-0.799897
-0.453995
0.181846
-0.802923
-0.71065
0.148302
0.293674
0.134698
-1.46625
-0.40038
-0.06629
0.399165
0.0761583
-0.136109
-0.579985
1.43682
-0.22886
0.152249
1.08845
0.177332
0.61248
-0.243626
-0.455014
0.0715894
-0.650242
0.294958
0.055673
0.161294
-1.17257
-0.26942
0.522905
0.16014
-1.27317
0.709249
0.358563
-1.08839
0.205202
0.643343
-0.877164
-1.06386
0.724439
-0.573115
0.466563
0.611569
-0.441637
-0.0423938
0.0224224
-0.439056
0.279087
1.18588
1.81015
-0.546233
-0.378537
-0.190504
-0.262169
-0.0745866
-0.10298
-0.0723917
0.256478
0.135395
-0.596614
1.00416
0.0584465
-0.517178
-0.457107
0.707598
-0.15252
0.658826
-0.812141
0.601193
0.772719
0.330019
0.34787
0.174268
1.09335
0.669514
-0.250525
-0.304661
0.697855
1.19317
0.999179
0.207816
-0.158445
-0.293302
-0.864387
0.0768793
-1.00071
-0.163721
-0.0661362
-0.153057
-0.202861
0.513437
-0.836278
-0.536831
0.278792
-0.75605
-0.259319
0.8283
0.646184
0.300639
-0.547447
-0.74862
0.0959592
-0.501711
0.298902
1.57616
-0.449663
-0.418392
0.609029
0.980953
-0.469757
0.0434644
-0.0275912
0.0530428
0.626285
-0.061687
-0.0822714
-0.76028
0.750894
-0.203302
0.180349
-0.239251
-0.418483
-0.0074935
1.51152
-0.190119
-0.601167
0.634432
0.0428997
-0.217304
0.34646
-0.27246
0.43728
-0.720242
-0.479236
-0.146991
-0.379395
0.224433
-0.674347
-0.525795
0.351899
0.897587
0.41882
0.0884217
0.0170633
-0.318714
-0.562951
0.482688
-0.631705
0.0570034
0.570875
0.225187
-0.114503
0.355484
0.21749
0.499305
0.0394818
-0.424284
0.196524
0.647719
-0.530062
0.925915
-1.85808
0.53246
0.925128
0.148974
0.349896
0.348658
-0.809647
0.377108
0.161165
-1.19962
-0.513626
0.431585
-0.524049
-0.458031
0.240335
0.221255
0.551115
0.573398
-0.513227
-1.01742
-0.703888
-0.413548
0.521531
-0.282355
-0.495987
0.0222822
0.33814
-0.379687
-0.291201
0.413988
0.660614
-0.245242
-0.225829
-1.42421
0.0481839
-0.981893
0.774855
-0.280995
-0.217362
-0.0948293
0.154373
-0.778035
-0.553457
-0.0958798
-0.990443
-0.447354
-0.417279
-0.50783
-0.467291
0.653152
1.12871
-0.662662
-0.336555
0.766359
-1.16678
0.96832
-0.0761457
-0.292241
0.348659
-0.249863
-0.116304
0.0593861
0.0284984
-0.424822
0.81244
-0.0667545
-0.0742672
0.488202
-1.2419
-0.223419
-0.138548
-0.205377
-0.322583
-0.0206207
-0.260518
0.675984
0.907435
0.437198
-0.254134
-0.297038
0.324223
0.739813
-0.687067
0.195472
-0.28213
0.88984
-0.190556
-0.0106332
0.363783
-0.194515
-0.265945
0.0412763
0.0705751
-0.851014
-0.15518
0.218654
0.534159
-0.0804344
0.115538
-0.537117
-0.524053
-0.832221
0.820497
0.490547
0.0570665
-1.18683
0.104665
0.780056
-0.0380196
-0.345312
0.142847
1.52832
-0.471788
-0.21992
0.587989
0.950269
0.13025
-0.50077
-0.802548
-0.204904
0.46794
0.279824
0.112286
-1.43292
-0.560126
0.254832
-0.89833
-1.17705
-0.407978
1.08747
1.06368
0.409606
-0.740255
0.252056
-0.365607
-0.460892
-0.516329
-0.132791
0.00162707
0.417963
0.0580234
-0.0582674
0.575543
0.661493
-0.501397
-0.737666
1.41515
0.637362
-0.558116
-0.154502
0.735888
0.285619
0.961285
0.589305
0.045588
0.175419
0.125853
0.566395
0.0389972
0.964191
-0.751454
0.447956
-0.352318
-0.0465539
0.0637182
-0.299122
0.427503
-0.743096
-0.211225
0.603991
0.904037
-0.516287
-0.605477
-0.0343422
0.505168
-0.42671
0.303465
0.614576
-0.490434
0.566285
0.933727
0.171714
0.0289737
0.30024
-0.0164307
0.059306
0.00548476
0.0796077
0.484886
-0.710291
0.46328
0.418012
0.32913
-0.230346
-0.703065
0.209868
0.495855
0.279962
0.447764
-0.181986
0.497691
0.455026
0.0211355
1.21218
0.252856
-0.463725
-0.0656589
-1.08771
0.315274
-0.0410615
-0.505521
-0.906263
0.17383
-0.050966
0.0651089
0.13013
-0.202121
-1.13426
-0.251676
0.22745
-0.0563416
0.872851
-0.830883
-0.634856
-0.14205
-0.143241
-0.288477
-0.770378
0.58268
0.00949651
-0.306142
0.349528
-0.191557
-0.181086
0.219537
-0.618093
-0.494129
-1.09813
0.412154
-0.133629
0.6831
0.22782
1.18367
-0.125427
0.954572
-0.377437
-0.669351
-0.242343
0.205305
-0.966731
-0.565331
0.290826
1.10712
-0.504145
0.0888252
0.0289486
-0.424556
0.252022
-0.49053
0.228069
-0.417201
0.261745
0.493339
0.527219
0.294218
0.212241
0.0443526
-0.0813632
-0.082636
0.9101
0.456717
-0.0453843
-0.197007
0.511593
-0.112761
0.578355
0.0399918
0.273182
0.416281
0.74167
0.425853
0.664052
0.151455
0.658556
0.337705
-0.244919
0.265329
-0.642899
-0.419418
0.21237
0.307499
0.104784
0.627676
0.00264066
0.267754
-0.139338
0.166224
-0.780569
0.770772
0.206961
0.498528
-0.0367577
0.486151
0.218825
1.24888
-0.386884
0.706565
-0.296751
0.188885
-0.346513
-0.893325
-0.178743
-0.193579
0.0937805
-0.09574
-0.267238
-0.33598
0.26675
-0.103377
-0.320927
-0.037037
-0.444314
0.0575476
0.332567
0.468035
-0.368376
0.773619
-0.56125
1.039
0.322028
-0.505421
0.689192
0.348046
0.306126
-0.808697
0.366132
-0.211455
0.469811
-0.324507
-0.316772
-0.43444
-0.149273
0.988192
-0.082017
0.663544
-0.785565
-0.169217
0.0167684
-0.376411
-0.268777
-0.261346
0.34831
-0.454048
0.437674
-0.257377
0.904149
-0.0441291
-0.0856197
0.149925
-0.353385
-0.194873
0.172958
0.0433953
0.224263
-0.933185
-0.0594056
0.242077
-0.273142
0.0377095
-0.117645
0.179884
-0.0861999
-0.139253
-0.206835
0.287715
0.806161
0.19718
1.13918
-0.164625
-0.0309914
-0.110656
-0.419286
0.631274
-1.23222
-0.845482
-0.395242
-0.15947
0.367191
-0.204602
-0.456584
-0.374714
0.189958
-0.119921
0.252125
-0.12403
-0.059348
-0.0445711
-0.423458
-0.016106
-0.368065
-0.398926
-0.405884
-0.0417335
-0.753051
0.0170875
0.191905
-0.396307
-0.754822
0.629732
0.0380346
-0.357162
-0.284007
0.450611
-1.34672
-0.750987
-0.154651
0.257136
-0.781432
0.714581
0.0675644
-0.977699
-0.056059
-0.803138
0.203217
1.02099
0.137754
-0.00904965
-0.149897
0.496466
0.142099
0.107622
-0.0170191
-0.432724
-0.0776646
-0.0334273
-0.262441
0.642762
-0.22332
-1.04837
-0.731698
-0.761916
0.782331
-0.746486
0.221578
0.526869
-0.0272198
-0.784343
0.696008
-0.130373
0.611631
0.566324
0.604482
0.107748
-0.0410148
0.00234126
-0.3909
-0.687128
0.370625
0.0982098
-0.636681
-0.129364
0.171602
-0.343533
-0.210737
0.283979
-1.01502
-0.521751
-0.331002
-1.23607
0.139202
0.000418088
0.885864
-0.181406
-0.761002
0.17156
-0.0526666
-0.202234
0.22191
0.901113
-0.343668
-0.310032
0.322942
0.508182
-0.68431
0.535987
0.189757
0.253675
-0.396818
-0.153871
0.114355
0.187786
0.133916
-0.20765
-0.0479998
0.198108
0.435926
-0.808712
0.384385
0.132721
1.5138
0.111732
0.142438
-0.169572
0.505191
0.574641
-0.591126
-0.540291
0.302887
0.294158
0.221016
-0.0448276
-0.392639
0.207301
-0.953153
0.110326
0.468805
-0.0821774
-0.448277
-0.0528271
-0.181705
-0.432188
-0.569573
0.30514
-1.09404
0.371731
-0.701979
0.64693
0.600731
0.0974017
0.163979
0.969543
-0.105161
-0.358159
-0.083992
0.660652
-0.514243
0.0730362
-0.287925
0.394951
0.47723
0.392905
-0.264312
0.0233137
-0.687537
-0.666458
0.375249
0.686613
0.258231
-0.952385
-0.157488
0.952342
-0.0462093
-0.221069
0.277374
-0.127296
-0.350951
-0.322856
0.218232
-0.168573
0.64355
0.0744488
-0.26705
-0.115565
-0.0728864
0.229846
-0.791097
-0.931554
0.343441
-0.0505247
0.0781274
-0.479604
0.561801
-0.538355
-0.411422
-0.13412
-0.122427
0.0965989
-0.178785
-0.485581
-0.111072
-0.698397
-0.136399
-0.0557527
-0.124673
-0.00488128
0.113304
-0.200939
0.161982
0.0161912
-0.331173
0.692834
0.666216
-1.18014
-0.751097
0.492445
-0.572398
-0.115665
-0.412037
0.381686
0.157945
-0.72297
0.293712
0.208305
0.114995
-0.855717
0.291472
0.398437
0.0642447
0.0525548
-0.1736
-0.1029
-1.31733
0.286823
0.680173
-0.120844
0.498669
-0.302549
0.269917
0.212827
-0.498325
-0.632241
-0.0568201
0.417858
0.145271
0.313624
-0.188803
-0.21853
-0.895391
0.209636
-0.207346
-0.870522
0.360855
-0.827882
-0.033122
0.277577
-0.271411
0.161645
0.00574994
0.634571
-1.40177
-0.194085
-0.224038
-0.232514
0.0489388
1.40888
0.914453
0.0802179
-0.29364
0.238096
0.506789
-0.0860041
0.0774958
0.0375016
-0.109212
-1.00818
0.0792641
0.350677
-0.108307
0.299208
-0.211624
0.0552016
1.02838
-0.321623
-0.57822
0.421944
0.0525374
-0.589501
-0.478376
-0.481861
0.66484
-0.187761
-0.336311
0.628145
-0.20169
0.28671
1.00361
-0.620709
0.825124
-0.706383
0.477282
-0.125149
-0.272172
-0.125989
-0.136302
0.748451
0.408919
-0.0822541
-0.104164
-0.480014
-1.12528
-0.882978
1.17912
-0.0351422
-0.0485016
-0.452796
-1.26266
-0.264473
0.367098
-0.383523
-0.416483
0.119649
0.704651
-0.793691
-0.00352891
0.133395
0.0346035
0.181878
-0.475836
-0.0199018
0.138062
0.938239
-0.685524
-0.13846
0.335145
0.253586
-0.550844
-1.05282
-0.889066
-0.742076
0.0646214
-0.0786104
-0.770996
-0.0315426
0.443233
0.0852871
-0.0578729
0.119422
0.497496
0.145467
0.116008
-0.330692
-0.110673
-0.62322
-0.0363812
0.671885
0.761788
0.13558
-0.40655
0.764954
-0.664966
0.630678
0.254948
-0.845241
0.662758
-0.0986146
0.589253
0.116845
0.34822
0.0515698
-0.28233
-0.0536777
1.02999
0.559495
1.05342
-0.0604438
-0.205297
1.04583
-0.643763
-0.169495
0.336118
-0.512836
0.166115
0.0733412
0.241785
0.0091388
-0.0137629
0.820923
-0.262546
0.362131
0.29522
0.854564
0.366063
0.046482
-0.411906
-0.00962727
0.179266
-0.53456
-0.51818
0.452404
-0.523127
1.45527
-0.406507
-0.746743
-0.255718
0.221537
-0.460432
0.549515
0.257982
-0.598297
0.222805
0.529492
0.109228
-0.536137
1.02846
-0.231681
-0.527588
0.261838
0.615559
-0.573659
-0.266072
0.0517138
-0.753811
0.466816
-0.669294
0.657311
-0.0186302
0.158618
0.325505
0.329839
-0.371662
0.555367
-0.595078
0.000813282
0.32445
0.0769354
0.21692
0.550217
0.556403
-0.166585
-0.00406183
-0.0554285
0.338702
0.0600344
0.124581
-0.60015
0.0604146
-0.223909
0.108712
0.632905
-0.356651
-0.0728693
-0.223824
0.0742665
0.362603
0.646139
0.48612
-0.134925
0.443731
-0.207142
0.481374
0.125459
-0.560676
-0.0451699
0.269346
-0.516846
0.9124
-0.0526449
0.799402
0.364191
0.665772
0.340695
-0.678195
0.107026
-0.518364
-0.466801
-0.215406
-0.324917
-0.026425
-1.12619
-0.218764
-0.521549
1.30207
-0.256658
0.0886693
0.343031
0.144419
-0.325825
-1.15378
0.375847
0.214342
0.325348
0.0841113
0.0589704
0.459234
0.383697
-1.07656
-0.216408
0.417414
0.410637
-0.462414
0.158007
0.446513
-0.439486
-0.449593
0.0539931
-0.237787
0.0693298
-1.25113
-0.729023
-0.128048
0.126024
0.267454
-0.273283
-0.591338
0.141891
-0.168388
-0.380264
-0.00645903
0.628061
-0.0204536
0.32908
0.269397
0.774571
1.2493
0.37128
0.400111
-0.573142
-0.610769
0.0045167
-0.0506068
0.383749
0.2574
-0.0818263
-0.289416
-0.212564
0.864193
0.236446
-0.67149
0.121459
0.821255
-0.0218074
0.251198
-0.412694
-0.401747
0.600573
-1.05027
0.309877
-0.175447
-0.556611
0.193685
-0.336975
0.113213
0.86077
0.155231
0.506326
-0.624388
0.499314
-0.258503
0.306955
-0.616743
0.21395
-0.498968
-0.398161
0.406441
-0.360822
0.132645
0.669188
-0.330624
0.0454296
0.127977
-0.0528023
-0.259358
0.257784
0.178991
0.656244
0.0672081
0.186611
0.981567
0.953853
-1.3808
-0.601109
0.0983734
-0.172231
-0.636776
-0.685862
0.261849
-0.170763
0.931536
-0.139454
0.494665
-0.106834
0.517824
0.00333347
-0.612281
0.313008
-0.0322779
0.672235
0.0710113
-0.618799
0.0315578
-0.353236
-1.14295
-0.543923
0.730175
0.663457
0.608853
-0.782857
0.943242
-0.519168
-0.481301
-0.353159
-0.381243
-0.375492
-0.847977
0.174498
-0.41569
-0.0410789
1.57962
-0.317054
-0.314349
0.0695542
-0.733809
0.253958
0.112189
-0.343306
-0.0446967
-0.479995
0.752306
-0.238629
0.199637
-0.244055
-0.474165
-0.439782
-0.412533
-1.01271
0.736527
-0.257484
0.508254
-0.0766136
0.217946
0.20704
-0.527902
0.250017
0.223729
0.380895
-0.317826
-0.36398
0.607212
-0.723402
-0.0572535
-0.179439
0.621518
-0.029853
0.351624
-0.373262
0.0290562
0.500052
-0.0743815
0.644141
-0.114032
-0.521758
-0.700734
-0.400914
-0.913017
0.974119
1.22067
-0.485185
0.55471
0.384565
0.944907
-0.592571
0.523712
0.793834
0.0788727
-0.775894
-0.819229
-0.0850889
0.629279
0.0175065
-0.309187
-0.666538
0.6504
-0.39156
0.103767
-0.117871
0.249149
-0.832946
0.638308
-0.255668
-0.0922583
-0.0776944
0.244545
0.130738
0.553635
-0.967669
1.09428
0.530632
-0.0686186
0.141012
-0.554494
-0.393174
0.0463088
0.409366
-0.37067
0.0962379
0.29173
-0.979252
-0.687066
0.637875
0.20308
0.435043
-0.194786
0.369132
0.740942
0.163808
0.347397
0.681821
-1.26585
0.434379
-0.423706
0.0645147
0.880543
-0.342801
0.459698
-0.805638
-0.703486
-0.504886
-0.388438
-0.115131
-0.714147
0.0195666
0.557994
-0.046087
-0.238664
0.767254
0.536616
0.929672
-0.381589
0.216179
-0.500994
-0.966617
-0.971342
0.164871
-0.0715785
-0.215844
0.214644
-0.654995
-0.62939
-0.687043
0.718469
1.19191
0.536109
-0.0586669
0.0729375
0.735802
0.724155
1.02877
0.25106
0.340187
-0.0885083
-0.670355
-0.0223332
0.765651
0.310265
-0.092706
-0.0744688
0.244731
-0.723668
-0.149127
-0.222603
0.562817
-1.35992
-0.166216
-0.294495
-0.209764
0.712004
-0.41437
-0.735586
0.0407125
0.127036
-0.719222
-0.93202
0.334228
-0.897314
0.631472
-0.038442
0.125536
0.0587097
-0.027762
-0.710028
0.0742922
1.1723
-0.968487
-0.35971
0.325332
-0.349748
0.179199
0.389548
0.445411
1.09702
-0.538168
-0.351392
-0.060412
0.917115
0.255007
0.753815
1.02743
-1.08158
0.468133
0.15958
-0.201404
-0.864229
-0.298276
-0.489683
-0.135623
0.426022
0.0358495
-0.0947977
0.435526
-0.40335
0.733172
0.143453
-0.392944
1.05818
-0.426847
-0.0834973
0.65332
0.229512
-0.571126
0.252512
0.0545207
0.20355
-0.218927
-0.722977
0.102727
-0.4127
-0.367847
-0.400059
0.292437
-0.675918
-0.552519
0.101221
0.705174
-0.673674
0.0380374
0.574841
-0.421078
-0.747497
0.217959
0.793746
0.0396767
-0.523114
0.412823
0.333674
-0.860298
-0.109519
0.851084
-0.0436561
-0.90199
0.519571
0.145206
-0.141656
-0.0479723
-0.603307
-0.481566
-0.190459
0.760629
-0.0747653
0.866934
-0.0710358
-0.677821
0.716482
-0.433848
-0.164913
-0.79287
-2.07578
1.05362
1.3782
0.750714
-1.48284
-0.449257
0.586429
-0.137842
1.26986
-0.334476
0.705034
0.423329
0.0252051
-0.279571
1.3437
-0.149688
0.202821
-0.413151
0.24022
0.0939073
0.171357
-0.121324
0.775365
-0.0717738
0.547813
0.0270846
-0.247851
-0.5424
-0.0206852
-0.526633
-0.247807
0.601764
-0.459693
-0.861541
0.366973
-0.466766
-0.123598
0.393382
0.049493
0.321011
0.347358
-0.466389
0.897846
0.340182
-0.0396725
0.022548
-0.404527
-0.371951
-0.155509
-0.321389
0.431312
-0.355947
-1.31231
-0.973814
0.492608
0.347218
0.198141
-0.324783
-0.546939
-0.0506866
-0.529857
-1.48599
-0.437912
-0.146732
-0.00423668
-0.549047
0.930379
0.822717
-0.0274356
-0.689455
-1.05002
1.08817
0.28713
-1.22017
-1.19628
-0.464398
0.0243101
-0.084921
-0.732134
0.74342
0.458453
-0.909022
-0.488531
0.0368431
-0.359527
-0.807663
0.020547
-1.1569
-0.480531
0.676401
0.474725
-0.612927
0.032651
-0.922306
-0.229403
0.627187
0.00156704
-0.106892
0.164536
0.282569
-0.258787
-0.0402908
0.553186
-0.306634
-0.196061
-0.185415
0.753892
0.253084
0.022319
-0.0153361
-0.401704
0.741479
0.241973
0.552648
-0.337796
0.211018
-0.0657134
-1.31964
-0.488416
0.585719
0.454186
0.77688
0.953738
-0.679176
-0.122988
-0.121607
0.519846
0.570243
-0.26686
0.154114
0.0160256
-0.59836
-0.182101
0.0756992
0.163104
-0.0831132
-1.02008
-0.174336
0.136473
0.577372
0.323244
-0.214998
0.109716
-0.0597993
-0.291774
-0.240771
-0.248233
-0.372003
0.670952
-0.726194
0.0755539
-0.113611
-0.0955728
-0.264498
-0.157508
-0.607511
0.0360306
0.223905
0.439277
0.493825
0.738407
-0.0159346
-0.23816
0.726094
-0.158021
0.0467868
0.247853
0.19661
-0.843607
-0.0795809
0.278834
0.688356
0.875677
-0.040247
-0.483637
-0.861875
0.294053
0.230793
0.264044
-0.302125
-0.280675
-0.1157
0.0966279
0.956969
0.091061
0.311158
-0.219815
0.606188
-0.0159171
-0.43898
0.0637519
0.516886
0.112796
0.551819
0.762272
-0.0766275
-0.386893
-0.156592
0.481049
-0.513683
-1.01625
-0.532746
0.550486
-0.279495
0.183255
-0.112898
-1.46521
-0.62114
-0.110533
0.27668
-0.058913
0.939947
-0.257582
-0.388667
0.187268
-0.409489
1.09427
-0.558409
-0.139037
-0.322774
0.342356
-1.45388
-0.623742
-0.600091
1.27174
-0.474559
-0.0593211
-0.0789509
0.26524
0.880616
0.234777
-0.409371
0.183781
0.0340553
-0.0867025
0.147453
0.0442577
-0.0762411
-0.147665
-0.134647
-0.555089
0.957391
-0.0260545
-0.41943
0.0696248
-0.0597465
0.754777
-1.05482
0.0442676
-1.6066
-0.373594
-0.612583
1.86932
0.12463
-0.180383
-0.492
0.939764
0.194188
0.428604
0.103789
-0.595034
-0.977215
0.0911699
0.204581
1.15985
-0.063476
-0.460987
0.00306735
-1.4246
0.375495
-0.056212
-0.596948
-0.306451
0.535789
-0.868249
-0.421177
0.176893
0.0451666
-0.69508
0.942775
0.403895
0.14232
-0.851513
-0.214945
-0.356258
0.529059
-0.131002
-0.282874
-0.568356
0.262735
1.13218
-0.700329
0.813017
0.247583
0.205831
-0.138823
-0.774829
0.434861
0.730237
-0.455322
-0.0903839
0.563513
-0.484938
0.326948
-0.186963
-0.689781
-0.205
0.875366
-0.395762
0.719108
0.12412
0.0440331
0.243774
-0.125774
-0.562876
0.111206
-0.229689
-0.163688
0.104796
-0.0486138
0.859595
-0.349726
-0.760532
0.0906439
-0.742676
-0.549443
0.111527
-0.250939
0.0767951
0.227636
0.0709291
0.207825
-0.249905
0.499619
0.067955
0.266216
-0.14601
0.254089
-0.699365
-0.0451256
-0.078132
-0.491614
-0.430962
0.508638
0.0178439
0.530827
-0.120651
0.864259
-0.624598
-0.368145
-0.0746956
-0.243406
1.25757
0.735454
0.263154
-0.761229
0.440468
0.125545
-0.224688
-0.412752
1.13927
-0.52554
-0.319822
-0.306395
-0.338903
-0.470676
0.770634
-0.438294
0.46459
0.452938
-0.106924
0.481544
-0.128843
-0.701784
-0.253401
-0.323067
0.0485656
0.674662
0.881117
0.102165
0.660408
0.00162789
0.937614
-0.357789
-0.14973
-0.46077
2.10091
-0.60391
0.00964687
0.334369
-1.32988
-0.0387467
-0.935824
-1.25038
1.14808
-1.03557
0.50424
-0.285715
-0.586107
-1.02889
0.481514
0.456205
0.342731
0.202341
-0.318567
-0.30134
0.263648
-0.307283
0.44432
0.38427
-0.177026
-0.35271
-0.259217
-0.552869
0.684851
-0.82054
-1.49083
0.612656
-0.355258
0.301152
-0.792206
0.0335399
0.0745882
-0.00462748
-0.0172815
-0.202909
0.0821194
-0.237022
-0.224732
-0.511747
0.042876
-0.683594
-0.0282825
1.02149
-0.968325
1.00159
-0.720495
-0.288186
0.170862
-0.360698
-0.556104
0.4354
-0.147719
0.596717
0.346286
-0.0739069
-0.265553
0.0491823
0.26598
0.392325
0.000121564
-0.390976
0.381405
0.385694
0.113573
-0.0350021
-0.197584
-0.570574
0.156836
-0.118946
0.616842
-1.01645
-0.157002
1.34761
-0.152738
-0.659035
1.00477
0.573508
0.0990575
0.061285
-0.389397
0.624808
1.3559
0.714254
-0.348961
-0.565195
0.650766
0.115577
-0.736644
0.378651
-0.347179
-0.292423
0.228649
-0.22483
0.606847
-0.0622347
-0.7761
0.154228
0.22925
-0.566637
0.511471
0.0082505
-0.520079
-0.186942
0.101534
0.655154
0.0848376
0.0283526
-0.0867449
-0.16768
-0.362532
0.86826
0.369784
0.502042
-0.250174
0.153671
-0.655087
0.867199
-0.709959
0.270314
0.326772
0.817928
0.289728
-0.573772
-0.286939
0.581182
1.23259
0.10501
0.850724
-1.08166
-0.244108
0.00919115
-0.483347
0.0427869
-0.274045
-0.0799902
0.778212
0.244531
0.654419
-1.14525
0.544302
0.609545
-0.666524
-0.683525
-0.515141
-0.107639
1.07452
-0.575497
0.727928
-0.283722
0.180115
0.252837
0.115038
0.786731
-0.275307
-0.292275
-0.684474
0.571807
0.00277966
0.109405
0.262439
-0.588273
-0.05743
-0.210395
0.589394
-1.40278
0.284156
0.640344
1.24457
-0.693297
0.404536
-0.296907
0.718939
-0.990486
-0.162464
0.387799
-0.0377702
-0.443459
-0.174094
-0.560199
0.447368
-0.726498
0.716095
0.363331
0.26439
0.583725
-0.313065
-0.849833
0.0952648
0.0524574
0.902232
0.346404
0.317197
-0.00394032
0.117242
0.265446
-0.698242
-0.320993
-0.00177366
-0.0639933
0.612382
-0.362803
0.000166376
-0.549673
0.269202
-0.0730159
0.438997
0.61881
0.0604345
-0.473242
-0.321587
0.0381446
-0.0679774
0.652696
-0.522287
-0.0287239
-0.180097
0.525998
0.570178
0.0815541
0.32307
-0.666658
0.572911
0.771877
-0.644632
-0.816974
-0.151393
-1.16192
0.916131
0.198729
0.281043
0.119081
-0.771582
1.40063
0.216306
-0.295037
-0.138659
-0.414673
-0.29418
-0.431289
-0.0887606
-0.137271
1.02646
-0.558595
0.255326
-0.610098
-0.236689
-0.532961
0.706881
0.0312587
0.380986
0.12733
-0.256982
0.340496
0.176718
0.744256
-0.351968
-0.0641944
0.592332
-0.0472525
-0.39499
0.557459
0.635029
0.310055
0.131504
0.652732
0.508886
0.280244
0.359012
0.787403
0.340493
-1.23315
-0.473324
0.0533232
0.0156272
-0.599681
-0.251367
-0.80634
0.476552
0.0624804
0.267409
-0.585365
0.232152
-0.351854
-0.37779
-0.740391
0.0999043
-0.150354
-0.736591
-0.645573
0.0533075
0.286945
0.124045
-0.135824
0.159514
0.0375719
0.132258
0.296133
-0.185427
-0.144451
0.0338837
-0.675504
-0.42556
1.02969
-0.374244
0.500311
-0.617961
0.0537161
0.490382
-0.505431
0.624983
0.0545856
-0.382971
-0.450035
0.587625
1.32495
-1.03837
-0.130997
0.169379
0.454368
-0.389321
-0.302512
-0.172385
0.0332314
-0.693166
0.705509
0.122537
0.170425
1.13908
0.120448
0.127462
0.599484
-0.210505
0.490518
-0.194521
0.0230373
0.45184
-1.03079
-0.298174
-0.133102
-0.773852
-0.0977071
-0.944729
-0.0852383
-0.232934
0.951246
-0.402465
-0.245221
0.356555
0.0110552
0.173437
0.50365
-0.0257987
-0.226049
0.260756
0.365532
0.109222
-0.697298
0.35009
-1.07898
-0.7641
0.362676
-1.03815
-0.030284
0.0753092
0.492544
-0.308148
-0.107474
0.376948
-0.676763
-0.313609
-0.825942
0.56429
-0.0194857
-0.336061
0.305846
-0.531261
0.244853
-0.19161
-0.324908
0.0662177
-0.332551
-0.56836
0.0460443
-0.23591
-0.130052
0.547143
0.9047
-0.961123
0.392912
-0.143628
-0.38849
0.161272
0.368355
0.379162
0.528887
0.0381001
-0.0279883
-0.234883
-0.127807
0.0491509
-0.327341
-0.227115
0.78283
0.194083
-0.145468
-0.0903098
-0.717251
0.565451
-0.759792
-0.138078
-0.89627
-0.070961
-0.524365
0.212867
0.570022
-0.588941
-0.539756
1.15569
0.0566426
-0.333482
0.478635
-0.355033
-0.00957004
0.772523
-0.330541
0.316055
-0.928209
-0.975374
-0.168968
-0.845159
-0.43864
-0.342025
0.933017
0.654043
0.407898
-1.277
-0.44908
-0.900383
0.269643
-0.812356
-0.0628224
0.646458
1.32874
-0.121797
0.102975
0.875802
-0.0874484
-0.188558
-1.04318
0.525824
-0.565976
-0.311852
0.329226
0.7278
0.387448
0.436379
0.0301939
-0.695539
-1.02931
0.133421
-0.046876
-0.590977
-0.46997
-0.0759507
0.0949832
0.677271
-0.0563731
-0.29093
1.17484
0.161651
0.484735
-0.0723948
0.406195
0.618514
-0.52665
-0.789811
0.848828
0.639362
-0.0434026
-0.63102
0.493745
-0.030255
-1.08331
0.144963
-0.328367
-0.3721
0.330727
-0.681946
0.104849
0.055375
-0.435205
-0.877436
0.153642
0.348368
0.243639
-0.239406
-0.237995
-0.168542
0.567489
1.03888
0.577637
0.190279
-0.586636
0.529446
0.137234
-0.424012
0.137334
-0.505051
-0.874232
1.01129
0.249861
0.311498
-0.120728
-0.333549
0.699408
0.0619192
-0.570169
0.458158
-0.206996
-0.223169
-0.631156
0.328972
-1.15852
0.28623
0.418245
0.38695
-0.137245
0.133175
-0.128906
-0.30262
1.01671
0.823898
-0.453971
-0.0132488
0.445053
-0.153099
-0.127628
0.388186
-0.218327
0.695891
-0.0798872
0.252609
-0.797595
0.856444
0.607076
1.02049
0.295861
-0.0575278
0.606244
0.699022
0.0610267
0.896319
-0.641344
0.194337
1.36893
-0.212282
0.333042
0.0549866
0.125142
-0.549913
0.748127
0.292793
0.321219
-0.13211
1.00048
-0.810394
0.447064
-0.226603
-0.593073
-0.00920535
0.188806
-0.0601611
-0.49686
0.441482
-0.588406
0.392688
0.678115
-0.946279
0.797445
-0.0546646
-0.626608
-0.765161
0.180653
0.204371
-0.562323
0.26888
0.323887
-0.770432
-0.0659231
0.808686
-1.61245
-0.246872
-0.434593
-0.77407
0.195373
-0.22669
-0.410345
-0.173275
-0.226888
-0.749677
-0.258738
0.482761
-0.644508
-0.528509
0.567646
-0.0193866
0.695466
-0.574216
0.150819
0.0275284
-0.44537
-0.550895
-0.448292
-0.369061
-0.976306
-0.805278
0.504235
-1.40412
-0.634126
-0.345716
-0.610675
0.257011
-0.415652
0.000454297
0.183555
0.124323
0.272982
-0.192088
0.209033
-0.105666
0.868061
-0.0958424
0.152554
0.0360791
0.252146
0.350964
-0.782278
0.597506
0.370951
1.16651
-0.0129555
-0.307189
-1.45147
0.174764
-0.0474043
-0.848375
-0.422682
-0.0720823
-0.0984579
-0.103126
-0.342169
0.592603
0.476623
1.09267
-0.825601
-0.372775
0.704673
-0.457936
0.0769946
0.403706
-0.65077
0.380253
0.251257
-0.935833
0.337081
0.00329108
0.494027
0.334538
0.633176
-0.32273
0.363367
0.139102
0.509748
0.176238
-0.354623
-0.157069
0.151676
-1.18777
0.235576
-0.165799
0.579276
-0.421943
0.818971
-0.186721
0.39159
-0.104385
0.370636
0.370071
0.368421
-0.376042
0.706196
0.697247
0.463037
-0.259136
-0.271488
-0.0976763
0.653899
-0.599106
-0.0453495
0.125745
-0.41655
0.86409
0.109809
-0.901689
0.652399
0.428117
-0.751174
0.37276
1.10842
0.232431
0.442199
-0.122484
0.501271
0.0237541
-0.597402
0.64691
0.584893
0.554398
0.610714
-0.471117
0.783001
-0.885971
-0.198435
-0.121918
0.153567
-0.114523
-0.260515
0.203125
0.0121364
-0.0869778
-0.261468
0.280375
-0.458827
0.560545
0.214645
0.406031
-0.756579
-0.459253
-0.383809
0.362988
0.0955517
0.346356
-0.294902
-0.600625
-0.674889
0.262836
0.659497
0.364342
0.173016
0.178383
0.694665
-1.05199
-0.31423
-0.355732
0.360426
0.968986
0.143782
0.510137
-0.217049
-0.299432
0.94206
-0.203144
-0.553368
1.05631
0.445494
-0.438793
-1.15584
-1.85547
-0.276615
-0.816612
0.122415
1.27508
0.0248229
-0.266988
-0.542916
0.509043
0.254089
0.154357
-0.681585
-0.166725
-0.656886
0.842958
0.0422127
-0.261406
-0.822972
0.0781829
0.992254
-1.20789
-0.555199
1.30908
-0.34682
-0.0944708
0.887981
0.717122
-0.729003
-0.199344
-0.386148
-0.56759
0.170593
-0.312954
-0.115494
-0.0137612
0.0466391
0.33007
-0.245406
-0.386352
-0.668867
-0.363502
0.682177
0.296608
0.517966
-0.164573
-0.0978013
0.550234
-0.615464
-0.303933
0.942302
-0.857782
-0.408651
0.493587
1.21396
0.268988
-1.15793
0.184583
0.0340975
0.506381
1.46767
-0.676616
-1.75442
0.268318
0.422905
0.111642
-0.0344977
-0.295385
0.52908
-0.131936
-0.110107
0.0978133
-0.597724
-0.798717
0.497321
1.05379
0.105352
-0.858903
1.47861
-0.343253
1.14652
-0.0494772
0.177818
0.0570365
-0.204237
0.543451
0.85238
-0.277415
0.15687
0.0344754
-0.422109
0.0912779
-0.308995
0.879878
-0.417137
0.659084
-0.327416
0.0207691
-0.324955
0.963173
0.139756
-0.218089
-1.15134
0.079585
-0.222786
0.0766992
-0.193462
0.212715
-1.07884
-0.833555
0.00617841
0.848447
0.309641
-1.05986
0.889897
0.182262
0.0570175
0.0536882
-0.608374
-0.598547
-0.129495
-0.144777
-0.185021
0.807647
0.298494
-0.649731
0.488924
0.0777612
-0.258045
-0.520163
-1.2325
-0.763356
-0.392705
1.11977
-0.590214
0.372639
-1.33812
0.635765
-0.606907
-0.549319
-0.117165
1.03027
-0.015123
0.545617
0.0912201
-0.389599
-0.447997
0.507095
0.28259
-0.0443362
0.186667
-0.0698992
-0.24683
-1.12223
-0.694236
0.644617
0.197591
-0.124699
-0.885945
-0.339619
0.355702
-0.323555
-0.108568
-0.462302
1.16838
-0.0670661
-0.739875
-0.357447
-0.75344
1.11324
-0.136282
-0.67124
-0.34223
0.14848
-0.119161
0.0491112
-0.818059
0.947344
0.202978
-0.772973
0.318727
-0.257179
0.457185
0.157479
0.0092545
0.180577
-0.132955
0.0891113
0.121255
-0.549609
-0.239552
-0.45889
-0.214271
0.466521
1.04562
-0.486677
-0.119496
1.058
-0.1996
0.792369
-0.46641
0.0710412
0.0172917
0.0499778
0.0959931
0.13729
0.791349
-1.24112
0.475719
0.513334
-0.669214
-0.505708
0.16764
-0.372964
-0.289242
-0.746667
0.231747
-0.333308
0.37705
0.362022
-0.12916
0.190336
-0.003445
-0.266876
0.348294
0.892378
0.254649
0.0931847
1.04405
0.0179474
-0.190877
1.52622
-0.877846
-0.0479479
0.289804
0.107556
0.45216
0.643645
-0.336809
-0.541053
0.744352
0.127989
0.271512
0.148747
-0.198098
0.115079
0.0770199
-0.0866357
0.753222
-1.39426
0.589985
-0.2653
-0.492514
0.197596
0.166744
-0.895155
-0.826011
1.29924
-0.131837
-0.198806
0.0683963
-0.536948
0.586614
0.579607
-0.407282
-0.483861
-0.656072
-0.167783
-0.818561
-0.0772677
0.481157
1.01784
0.316701
0.942624
0.23981
-0.136783
-0.0529086
-0.873743
-0.0283674
-0.0245823
-1.18019
0.00776043
0.35495
0.222991
1.19857
-0.218238
-0.214462
0.0895627
-1.48721
-0.867788
0.308974
-0.0764277
-0.228229
0.246047
-0.674544
-0.0878708
-0.204179
-0.129134
-0.204073
-0.272107
-0.483958
-0.142281
0.501272
-0.999017
0.198446
0.208615
-0.407871
-1.22205
0.461771
0.0635821
-0.122376
-0.92819
-1.33901
0.474291
0.0571001
0.184297
-0.370201
0.186607
0.430246
0.0757664
0.320982
-0.239284
-0.545633
-0.221051
0.00336322
-0.114466
-0.10238
0.469432
0.263708
-0.448889
-0.502951
0.309511
-0.0584457
-0.0751266
0.0799559
-0.386425
-0.291206
-0.25602
-0.032225
0.395756
0.198114
-0.542363
1.28155
1.09323
0.529571
0.165162
0.42512
1.08996
0.293683
-0.120278
0.57106
1.15098
0.284953
-0.191364
0.368158
0.41587
-0.50326
-0.261368
-0.681787
-0.269975
-0.770915
-0.381905
-0.0433312
0.651597
0.110606
-0.186979
0.0140906
0.237236
0.472609
-0.379294
0.170318
-0.37763
0.755364
-0.270243
-0.857448
-0.260072
-0.221946
-0.633451
0.845128
0.202122
0.331507
-0.868259
0.0985215
-0.102689
-0.208025
-0.177872
-0.11826
0.426565
-0.105984
0.359996
-0.508163
0.217513
0.224037
0.225351
-0.26793
0.247528
0.439472
-0.782692
0.387889
-0.80526
-0.37982
-0.205046
-0.957208
-0.784685
0.615073
-0.17449
-0.590986
0.474983
-1.05502
0.951626
0.283426
-0.153797
0.0436129
0.133992
0.309838
-0.713034
0.150296
1.45219
-0.139537
-0.460904
-0.581364
0.326475
-0.184487
1.1066
1.05848
0.640689
-0.420525
-0.283142
0.0679222
-0.0292852
1.61976
-0.554303
-0.363717
-0.043113
0.331478
0.284279
0.652671
0.313088
-0.0946556
0.289895
0.454797
-0.841708
0.322427
-0.336809
-1.238
0.190486
-0.87818
0.938522
0.137305
-0.338498
0.0830759
-0.542949
-1.09676
0.373709
-0.0138873
-0.0551645
-0.3061
-1.61424
-0.820146
0.231448
1.24623
0.170418
0.228003
0.628187
0.442057
0.499935
-0.318356
-0.411953
0.434012
0.711452
0.541016
0.818054
0.406053
-1.17101
0.933784
-0.118699
-0.441274
1.273
0.176811
0.275729
-0.366279
0.129331
0.408371
0.0694474
0.623277
-0.116054
-1.37511
0.195416
0.161405
-0.0252361
-0.513483
0.0209452
0.913358
0.608351
0.104171
0.0380372
0.367564
0.667744
-0.351699
0.714312
0.511521
-0.200461
0.295155
0.720862
-0.521675
-0.0642615
0.312789
-0.874153
-0.355685
0.444773
0.408313
0.832756
0.518511
-0.719834
0.105718
-0.19566
0.403805
-0.236179
0.609429
-0.539094
-0.0404254
-0.0995981
-0.222249
0.461251
0.0908143
0.0858642
-0.590729
0.103874
0.0378219
-0.519431
-0.0128202
-0.606722
-0.152808
-0.0902559
-0.405717
-0.291293
0.473934
0.0290809
-0.165829
0.13819
0.7252
-0.0687451
-0.230975
-0.375846
-0.78666
-0.380932
0.37093
0.738409
-0.034651
0.026636
0.379065
-0.862799
0.760227
0.0398581
-0.291097
0.404333
-0.459163
1.19172
-0.469063
0.624639
-0.383529
-0.0809737
-0.425566
0.126054
0.223483
-0.572361
-0.402219
-0.640008
-0.385643
0.751501
-1.269
0.160618
-0.0930558
-0.291028
0.413387
0.308248
-0.744406
-0.670577
0.20032
0.256357
0.487393
0.618821
0.676055
0.669136
-0.174107
0.0473392
0.0445948
0.235238
-0.541944
-0.236974
-0.026419
0.676407
-0.0273157
0.304932
-0.0312092
-0.108418
-0.509023
0.0260833
-0.552913
0.249717
-0.501309
-0.2676
-0.644126
0.0627169
-0.869602
-0.32583
-0.540402
0.0605543
-0.0329852
0.345908
-0.748809
0.586276
0.202374
-0.0137124
0.147459
0.218542
-0.263604
0.052461
0.0171754
-0.995858
-0.0722764
0.0776484
-0.0614735
1.2328
-0.388709
1.40993
-0.155197
-0.00206515
0.203776
0.216826
0.143555
0.197134
-0.394212
0.184133
-0.103836
-0.55989
0.36505
0.319972
0.70807
-0.177184
-0.643399
0.792091
1.06223
0.390374
0.0428794
0.531214
1.0728
0.734961
-0.681267
-0.702585
-0.00913394
-0.155843
0.212402
-0.183959
0.233598
-0.06971
-0.302959
0.742151
0.80584
-0.219734
-0.0101331
-0.201409
-0.623677
-0.45455
-0.30162
0.565059
-0.581874
-0.145912
0.670919
-0.545763
0.683009
0.591317
-0.0796416
0.230549
-0.539315
-0.461472
-0.0459796
-0.594023
-0.219054
-0.207142
0.4443
0.745336
-0.693807
-1.03862
-0.696157
-0.470934
-0.884869
0.106127
0.0662309
0.296739
-0.117411
-0.320641
0.00607709
-0.083802
-0.104442
0.241574
0.366611
0.621612
0.00200514
0.0507045
-0.399747
0.137596
0.239638
0.265086
0.215088
0.143283
-0.0488148
0.98355
0.315308
0.0452549
1.19393
-0.659292
0.544856
0.234971
-0.263059
-0.166261
0.277142
-0.518741
0.578762
0.280528
1.44629
-0.355104
1.3267
0.068744
0.411629
-0.757523
-1.45649
-0.0612259
-0.673908
-0.193996
1.15799
-0.745893
-0.138223
-0.458111
-0.202282
0.261724
-0.936369
-0.682589
-0.790286
-0.179561
-0.0577025
-0.294449
1.06391
0.252248
0.00334079
0.721171
0.840613
-0.222545
-0.178513
-0.565889
0.0554965
0.0507489
0.0502662
0.224231
0.0418032
-0.817277
0.0887586
0.408622
-0.438017
-0.13815
-0.352656
-0.741963
-1.28623
-0.799847
0.374367
0.255314
0.52772
1.19206
-0.243896
0.28651
-0.402617
0.0425677
0.703463
-0.121612
0.180199
0.100433
-0.230378
-0.156378
-0.216668
0.970622
-0.808303
-0.125284
-0.0504919
-0.36291
1.58972
0.427283
-0.0146241
0.321498
0.342634
0.384376
0.176234
0.248625
0.419266
0.213236
0.396978
-0.00732119
0.237674
0.0935765
-0.359887
0.413773
-0.281598
0.691449
0.0245039
0.59752
0.111131
-0.398232
-0.177838
0.118503
0.0101894
0.115381
-0.3205
0.104071
-0.0333228
-0.760498
-0.136654
0.244791
0.176962
0.414487
0.100656
-0.197902
-0.00592793
-0.242279
0.148524
-0.0374068
-0.444682
-0.479918
-0.924621
0.332339
-0.486422
-0.0300751
-0.234507
0.440652
-0.409956
-1.1479
-0.168155
0.517863
0.0945288
-0.606249
0.133063
0.814165
-0.502755
0.423594
0.931128
-0.295729
-0.449092
-0.464062
-0.642462
-0.988959
-0.697457
0.384236
-1.22966
0.971266
-0.0879598
-0.0626865
0.420418
-0.508682
-0.0823419
-0.846935
0.346902
-0.187417
0.183729
0.117572
-0.650326
0.269885
0.0355138
-0.770863
-0.0497422
-0.0753644
-0.477925
-0.481684
0.0169696
-0.142072
0.00668561
0.625861
0.518728
-0.841681
-0.696704
0.596751
-0.061719
-0.0698694
-0.59204
1.27836
0.207633
-0.0351884
0.559443
0.0982084
-0.226908
0.213521
-1.32261
-0.498104
0.813534
-0.0845349
-0.347156
-0.977363
0.402738
-0.347107
0.792416
-0.587628
0.252159
-0.405755
-0.420628
0.183862
-0.114295
0.641358
-0.747756
-0.374833
-0.488419
-1.29649
0.0293773
0.103156
-0.64758
-0.732765
0.240976
0.22611
0.165781
0.192321
-0.69387
0.540912
0.327785
1.35439
0.229417
0.248361
0.323712
0.00498338
0.100166
-0.102941
0.0333412
-0.114547
0.677886
0.337872
-0.329748
-0.694448
-1.19714
-0.402886
0.895854
-0.269606
-0.0166805
0.257167
-0.184022
0.333891
-0.158837
0.223207
-0.23286
-0.871058
0.297227
0.37208
0.770984
-0.520162
0.601235
-0.201868
0.895144
-0.0490491
0.207155
-0.627379
-0.068546
-0.975353
1.03239
0.122609
-0.362722
0.333512
0.898362
0.0772369
-0.393219
-1.18337
0.118591
-0.236378
0.0977904
0.141485
0.542901
1.10236
0.298496
-1.04695
-0.582176
-0.642122
0.694919
-0.646818
0.25145
-1.07553
1.35804
-0.507861
-0.103193
-0.0665836
0.422556
-0.0819305
0.992504
0.440919
-1.27761
-0.0818509
0.0959939
-0.105747
0.42179
0.491058
0.534224
-0.190064
-0.0663966
-0.770108
0.0133898
-0.286383
0.342844
0.650298
0.944662
-0.0128594
0.11675
-1.68907
0.48565
-1.37965
0.910232
-0.748334
0.558964
0.534251
-0.0989852
0.177803
0.318462
-0.245597
0.107432
-0.618314
0.790287
-0.531648
-0.594997
0.599394
-0.191569
0.200023
-0.226545
-0.22481
-0.445399
-0.567344
0.752186
-0.104083
0.580496
0.135895
0.671081
0.617833
-0.383642
-0.944135
-0.593242
0.878299
0.415611
-0.739189
-0.238641
0.994768
0.845037
-0.148852
-0.476711
0.375792
-0.0463858
1.01402
0.336378
-0.0554921
0.493592
-0.338763
0.680598
-0.0316766
-0.334242
-0.466994
0.425134
-0.197137
0.787862
-0.354555
-0.391844
0.665798
-0.584141
-1.20275
-0.499949
-0.335936
0.5079
-0.029744
0.756906
0.752061
-0.856812
-0.466876
-1.30614
0.0982332
-0.0512062
0.372691
0.363325
0.776622
0.323432
-0.112675
0.566662
-0.2555
0.412842
-1.35729
0.276937
0.257882
0.16346
0.410606
-0.546235
-0.115139
-0.813456
0.18379
0.255031
-1.10998
0.541178
-0.507273
-0.713978
-0.14982
-0.220157
0.093627
0.940422
-0.191791
0.788229
-0.446907
-0.462711
-1.43827
-0.369511
0.016538
0.269862
0.307135
-0.0620098
-0.527606
-1.07339
-0.341728
-1.34114
0.288353
0.356295
-0.52247
0.0504944
0.141863
0.150312
-0.205787
0.450643
-0.238606
-0.335268
-0.325909
0.321598
-0.424251
0.301898
0.592148
1.25465
-0.375262
-1.23118
-0.0324157
-0.152259
0.627447
-0.813196
-0.0197074
0.228276
1.16947
-0.119893
-0.440611
0.685939
-1.06414
-0.226403
0.0543771
0.242446
-0.648077
-0.0714476
-0.222306
0.114025
-0.696785
0.554104
-0.261391
-0.351956
0.676684
0.494546
0.40147
0.0884799
-0.751584
-0.238296
0.0337514
-0.210435
-0.47667
-0.651388
-0.432107
-0.207537
-0.171375
0.440827
-0.555528
-0.247772
-0.304855
-0.462126
0.490825
-0.0196083
-0.111205
0.393609
-0.118021
-0.324161
-0.472232
-1.24607
-0.206372
-0.272579
0.00907507
-0.317731
0.78336
0.260427
-0.195127
0.550966
0.597142
-0.0843335
0.174038
0.11894
-0.317719
0.334596
-0.718709
0.504417
-0.0649689
0.850901
-0.524434
0.846721
-0.0261604
0.34465
-0.837232
-0.0429592
0.0491909
-0.180018
1.09296
0.847737
-0.250552
0.149525
0.771466
0.0344813
0.170498
-0.849786
-0.431279
0.160419
-0.379684
-0.898958
-0.176352
1.05621
-0.378864
0.13845
0.52235
-0.253655
-0.408531
-0.687192
1.00831
1.19328
-0.0899215
0.574236
0.686888
-0.56113
-0.887324
-0.227207
-0.175832
0.526192
-0.226178
-0.10274
0.505271
-0.770977
-0.0726493
-0.0400723
1.07431
0.727859
0.161293
0.292662
-0.06975
0.431183
-0.63904
-0.214328
-0.388996
-0.10063
-1.10788
0.396393
0.0241042
-0.199335
0.0933426
0.475381
0.11072
0.0663779
-0.312411
-0.731396
0.436329
0.333206
0.389398
0.431588
-0.572308
-0.0288014
-1.02399
-0.228996
0.063277
0.0746675
0.0571524
0.0259253
0.720147
0.231514
-0.136407
-0.272638
-0.0328206
0.276492
0.506048
0.0125748
0.141839
-0.620304
0.615572
-0.137594
-0.11791
-0.932059
-0.563364
0.861858
0.622728
-0.246638
0.0381841
-0.237531
0.399411
-0.312258
0.140008
0.317987
-0.271316
-0.237579
0.801535
-0.0380908
-0.12655
0.123209
0.2719
-0.6237
-0.0342173
-0.219063
0.81111
-0.346983
-0.281439
-0.250639
-1.00865
-0.406924
-0.096166
0.679092
-0.158949
-0.209762
0.197595
-0.311238
0.31625
-0.19633
-0.806114
0.404622
-0.0447248
0.967749
1.04262
0.471736
1.17521
0.0853337
-0.230635
0.13436
0.0454983
-0.560647
-0.37214
-0.0116778
0.410794
-0.860224
-0.709799
-0.791024
-0.434856
-0.560199
0.591668
-0.320715
-0.528204
-0.694192
0.779177
0.0579657
0.0675711
-0.461832
0.439899
-0.455912
0.291436
0.0692986
-0.438166
0.493136
0.499373
-0.296466
0.369982
-0.83957
-0.44558
-1.0253
-1.38802
-0.0253332
-0.573753
0.517143
-0.175266
0.382527
0.198787
0.833367
0.181555
0.770504
0.104058
1.23968
-0.0968862
-0.653794
-0.54961
0.196887
-0.854957
-0.339469
-0.371107
0.257122
0.252116
-0.7246
-0.314411
0.145616
0.0473138
-0.239024
-0.202695
0.157185
0.490579
-0.422341
-0.519045
-0.541165
-0.465087
0.492607
0.289145
0.150768
0.268841
-0.349624
-0.0582403
-0.51723
0.600212
-0.147212
0.0976017
0.0707933
0.666212
-0.0629622
0.419088
0.127426
0.00180348
0.233248
-0.790547
0.36764
-0.143072
0.117351
0.447083
0.873583
-0.40699
0.162765
-0.847843
-0.34293
-0.382648
-0.020155
-0.421129
0.938335
1.22117
-0.373656
-0.830515
-0.15768
-0.0326626
-0.80247
-0.435586
0.0961594
0.613835
0.0838936
0.245289
-0.57071
0.421714
-0.721171
1.11802
0.545987
0.00576583
0.595169
-0.274004
-0.0893334
-0.773058
0.186891
-0.130066
0.652204
-0.188558
-0.0115807
-0.320275
0.116858
-0.647154
0.299321
-0.448363
0.361783
-0.433163
0.001458
-0.289887
0.0628812
-1.03313
-0.58141
0.225926
-0.0042582
-0.683293
0.319547
-0.989545
1.08081
0.146746
-0.960965
0.140019
0.215944
-0.192524
0.350531
0.127652
0.403141
0.01059
-0.652642
-1.10197
-0.872258
-0.108167
0.405904
-0.630167
-0.258532
-0.512645
-0.528293
-0.775757
0.34281
0.0543844
0.476619
-0.137627
-0.299344
-0.33532
0.412168
-0.158726
-0.261448
0.107465
0.41891
0.422571
0.663042
-0.336991
0.171438
-0.289024
0.180795
-0.710801
0.120823
-0.0902173
0.0318617
-0.0292781
0.701746
0.568229
0.155545
-0.800693
-0.507658
0.168501
-0.0618712
-0.399882
-0.360892
-0.535726
0.168582
0.612393
-0.138528
-0.480908
-0.364699
-0.0735507
-0.555976
-0.647839
-0.117348
-0.235676
0.297759
0.362165
-1.11226
0.36656
-0.499373
0.544018
0.87283
-0.56854
-0.297758
-0.717682
-0.8871
0.170498
0.26726
0.893619
0.727989
0.310671
0.58924
0.0565359
-0.126925
0.512758
-0.293111
-0.011091
-0.20125
0.234507
0.332406
-0.461158
-0.194092
-0.206811
-0.489709
0.0639538
0.224748
0.00395199
-0.0555437
-0.670465
-0.0950097
1.04772
0.13168
1.4214
-0.0883366
-0.350519
0.111724
-0.147864
0.64905
-0.538366
0.170327
0.946858
0.201539
0.791497
0.0314227
-0.432063
0.936845
0.0407276
-0.165027
0.164965
0.376978
0.997893
0.334141
0.087847
-0.540114
0.405444
0.511297
-0.966186
-0.643944
-0.328594
-0.62629
0.695234
-0.563447
-0.156512
-0.514771
0.0535132
0.789952
-1.23002
0.194023
-0.239795
-0.869107
-0.979799
-0.307764
0.874417
0.127883
-1.3814
-0.189188
0.0170005
0.508755
-0.096694
0.160099
0.604965
-0.150846
0.144486
0.0816496
-1.04726
-0.0587923
-0.0157277
0.536128
-0.611532
0.35679
0.181903
-0.0639579
0.0953267
-1.10531
-0.0115134
0.633176
0.0236716
-0.429139
-0.747667
0.712454
-0.0221772
-0.812492
-0.804276
0.396664
-0.129216
-0.557123
-0.174835
-0.206383
0.504826
0.0968422
-0.288382
-0.681667
-0.116151
-0.0786943
-0.680514
-0.762635
-0.378939
-0.963954
-0.745688
-0.818019
-0.0914687
0.315608
-0.125264
-0.0243786
-0.480152
0.803345
0.0955789
0.241138
-0.40802
0.3767
-0.534654
0.236996
-0.54216
-0.240236
-0.492049
-1.18588
0.168668
0.753312
0.454805
0.400221
0.00340532
0.225192
-0.110321
0.244434
0.0165295
-0.0966865
0.371505
0.478978
-1.30807
-0.344697
-0.395381
-0.592058
0.644036
0.299851
-0.0207256
0.126675
-0.11431
0.0801725
0.827363
-0.0267409
-0.0590083
0.0654574
-0.136451
0.292349
1.4225
-0.128185
-0.66639
0.142233
-0.385575
-1.00545
-0.358162
0.286391
0.0990162
0.173965
-0.436224
-0.53275
0.698661
0.199762
0.138331
-0.344074
0.0213432
1.34765
-0.416573
-1.20712
0.443014
-0.131898
0.740524
-0.724131
0.0441681
-0.613445
-0.0409403
0.203429
-0.495371
0.573356
-0.183303
-0.773461
-0.36912
-0.367587
-0.234408
-1.04245
-0.555884
0.106361
-0.0684846
-0.266409
0.304432
0.217602
-0.089105
-0.309801
-0.15403
1.07007
0.00200151
-0.169898
0.215411
0.288533
0.620151
0.480609
1.01284
-0.0956113
0.295928
0.666329
0.440336
0.88647
0.212166
0.155142
0.862291
-0.103899
0.276218
-1.44426
-0.0489441
-0.251108
-0.116372
-0.133687
-0.119615
-0.343053
-0.110478
0.69142
-0.0513959
-0.259499
0.074757
-0.434944
0.171815
0.349493
-0.467667
-0.357409
-0.400365
0.115223
-0.566347
0.670661
0.908226
-1.14588
-1.44615
-1.04615
-0.594525
1.67153
0.311398
-0.436512
0.535175
0.639362
0.280644
-0.154006
-0.0968005
0.393366
-0.0978921
0.74331
0.80121
0.275915
-0.453683
0.0402538
-0.227226
-0.496841
-0.108977
0.618471
-1.07819
-0.519936
-0.0374923
-0.00166282
-0.906292
0.477116
-0.156583
0.0769271
0.219223
0.516696
0.417242
0.374058
-0.260626
1.28145
0.0207831
0.797337
0.589582
0.598289
-0.336727
0.842357
-0.133751
0.369558
0.0327714
-0.876282
0.287563
0.0673371
0.344278
0.61941
-0.00704911
-0.623387
0.184909
-0.11682
0.040105
0.174442
-0.168123
-0.0569994
0.86422
0.0445474
-0.179184
0.448515
0.0558483
0.560928
0.526824
0.349407
0.245084
-0.798286
-1.02343
-0.531738
-0.471058
0.661879
-0.180106
-0.477314
-0.100923
-0.181556
-0.14068
0.665494
-0.849117
0.658232
0.885272
0.213314
-0.35701
-0.297943
0.0377465
0.514935
-0.450003
-0.25705
-0.423115
-1.25606
-0.717686
-0.486309
0.0794087
0.253786
0.0388032
0.616827
-0.0661975
0.286655
-0.184056
-0.366248
0.0399072
1.04085
-1.20043
-0.0613194
1.14193
-0.249292
0.13153
-1.00336
-0.294439
0.468922
0.682418
-0.000275394
-0.199192
-1.05811
-0.251043
0.636066
0.0873089
0.311543
-0.647501
-0.21044
-0.287827
0.323251
0.755226
1.16412
0.798282
-0.329721
-0.254709
0.0474102
0.0407955
-0.161559
0.423362
-0.258474
-0.0570113
-0.416162
-0.0154032
-0.933105
0.152953
-0.856748
-0.501942
-1.52771
-0.601549
-0.342096
-0.152641
0.599058
0.14951
-1.08582
0.207018
0.480156
0.0965893
1.07856
-0.74492
0.159846
-1.61653
-0.367141
-0.188344
0.131343
-0.250533
0.151789
-0.551383
0.204132
1.09763
0.197552
0.200746
-0.0646336
0.947157
-0.187171
0.577903
-0.841242
0.0103788
-0.565226
0.305815
-0.650679
-0.318618
0.438585
-0.443859
0.240037
-0.343247
-0.187893
0.189571
-0.589284
0.0052094
-0.0132192
0.515169
-0.305302
-0.549949
0.649634
-0.295107
-0.0952891
-0.380697
-0.159016
-0.439002
-0.201951
0.162919
-0.592105
0.491825
0.773618
-1.47138
0.279359
-0.199542
0.423382
0.0449694
0.915325
0.199417
-0.188528
-0.300583
0.0570273
0.492722
0.892722
-0.184499
-0.161168
0.313002
0.372055
-0.686115
-0.489774
-0.507366
0.444735
1.28661
0.175083
-0.204999
-0.406893
0.655264
0.144474
-0.241344
1.39556
-0.186805
0.176717
0.0958438
0.230918
-0.0741984
-0.262194
-0.224741
-0.188903
0.77731
0.303944
0.26334
-0.189926
-0.64253
-0.900599
0.796062
0.429317
-0.341895
0.315367
-0.585881
0.298094
-0.238381
-0.383438
-0.663548
0.159184
-0.387139
0.0311676
-0.295287
0.563688
-0.127023
1.39488
-0.688922
0.129728
-0.564871
-0.0993487
-0.769003
-0.188531
0.157146
0.134881
-0.0457045
0.29375
0.228303
0.714704
-0.106851
0.483062
-0.560135
0.248085
0.6515
-0.140369
-0.429365
0.444127
0.00700255
0.265399
0.0896987
-0.913725
-0.557145
0.770962
0.15119
0.230774
-0.0207552
-0.398696
0.504465
0.623205
0.212833
0.27695
0.499209
0.31917
0.34397
0.179232
-0.469442
-0.881441
0.330206
0.416414
0.108631
0.594505
-0.604054
-0.680384
0.376427
-0.697211
-0.499572
0.603719
0.306001
0.212671
0.0273054
-0.173354
-0.544408
0.48088
0.347393
0.608805
-0.121929
0.405622
0.983428
0.439913
-0.204455
0.00257881
-0.586884
0.183821
0.245004
-0.0340612
-0.21337
0.36395
-0.801705
0.122251
0.0360916
0.311274
-0.756057
-0.612615
0.0431481
0.0661417
-0.0730326
0.3448
0.204225
-0.399125
-0.110216
0.394881
0.742509
-1.13756
-0.218676
0.0123036
0.188039
0.234991
-0.257562
-0.441364
-0.864446
0.110554
0.561043
-0.302575
1.34082
-0.393197
0.373607
-0.196367
-0.898487
0.373507
0.518011
0.138884
-0.469817
0.398022
-0.0687817
-0.599291
-0.0799037
-0.291343
0.333518
0.211768
0.888914
0.64618
0.320173
-0.356799
0.75619
-0.626238
0.882541
0.0360972
0.629392
0.393614
0.185898
0.352837
0.534199
-0.416304
-0.166188
0.511526
0.593314
0.213349
0.0324237
-0.4319
0.611077
-0.057294
0.0505923
-0.0381666
0.568975
-0.234775
1.09666
-0.269405
0.732798
-0.350089
-0.961326
0.645417
-1.02195
1.35695
0.49282
0.360214
0.0696724
0.634208
-1.18122
-0.405386
0.703995
-0.506835
0.333781
0.880389
-0.0308706
-0.0457283
0.993348
0.987004
-0.147568
-0.17103
0.40891
0.5245
0.00176255
0.291108
0.132809
0.138984
0.550192
-0.932257
0.153236
-0.0958594
-0.51901
0.0197122
0.0950067
0.0740014
1.20703
-0.466407
1.11015
-0.219039
-0.00592735
-0.341125
0.124841
0.840537
-0.331705
-0.186
0.11316
0.755271
0.114371
0.651995
0.0150857
-0.445215
0.205954
-0.99716
-0.0861347
0.616332
-0.4699
-1.19865
1.66094
1.03558
-0.597789
1.02786
-0.552686
0.0448615
1.02816
0.053093
0.0920252
0.517371
0.0120935
0.305613
0.324756
-0.0467332
-0.49959
0.945114
-1.02931
0.559754
0.206359
-0.140648
-0.526724
0.147514
-0.252265
0.293018
-0.236711
-0.0126525
-1.14838
-0.128425
0.0769853
0.475661
-1.02835
0.248801
0.44326
0.0812453
-0.258611
-0.597663
-0.717806
-0.118749
0.221012
0.191808
0.0373774
-0.126248
-0.279297
-0.618682
0.712572
0.0684864
-0.165709
-0.482871
1.11848
-0.460204
0.131029
-0.0339529
-0.90305
-0.911892
0.38028
0.737272
0.37741
-0.479268
-0.253517
-0.795108
0.350293
0.570828
-0.232505
0.595823
-0.469104
0.506887
0.941951
0.318438
-0.896698
-0.393686
-0.669108
0.521203
0.0727052
0.108845
-0.0386344
-0.372694
-0.303705
0.149299
-0.0816832
-0.143297
0.260297
0.534285
-0.36523
-0.194443
-0.29958
0.158518
-0.322536
1.07481
-0.206024
0.22543
-0.636834
0.817006
0.279543
0.051723
0.122126
0.433472
0.617292
-0.390699
-0.303228
-0.251911
1.60206
-0.730777
0.547826
0.09394
0.194388
-0.447997
-0.703832
-0.433096
-0.651503
-0.858849
-0.960122
-0.476424
-0.152322
0.461358
-0.459761
-0.754778
0.327628
0.652597
-0.2622
-0.637121
-0.167336
0.774998
-0.160585
0.0718314
-0.114067
1.2052
-1.10999
0.388187
-0.560933
0.475522
0.74927
0.249474
0.304441
1.30618
-1.02151
0.178466
0.236068
-0.535415
0.785781
-0.265934
0.00889953
-0.591774
1.12323
-0.298882
-0.18859
-0.91282
-0.333348
-0.297486
0.567837
0.694393
-1.25188
-0.310565
-0.81984
0.00497229
-0.423848
0.231124
-1.0677
-0.548893
0.624395
-0.792285
-0.584661
0.777899
1.06452
-0.138777
0.461954
0.560061
0.942627
-0.0472502
0.603794
-0.236174
-0.110084
-0.404657
-0.0290838
0.574911
-0.446739
-0.832688
-0.353608
0.467352
0.759069
0.297282
0.175196
0.213342
0.594161
0.472169
-0.989432
0.467818
-0.985081
-0.00953579
0.542015
0.220204
1.22562
-0.567785
0.0801573
0.311879
-0.618229
-0.594357
0.301385
-0.0424593
-1.26467
-1.24313
-0.379361
-0.337772
-0.428785
-0.0125742
0.532621
-0.550353
-0.600892
0.27889
1.00114
0.362895
0.0897857
0.577165
0.679772
-0.322068
-0.499526
-0.917904
-0.393092
0.563718
0.374644
-0.387767
0.0404383
0.370643
0.0244859
0.0656006
0.430864
0.508965
0.086452
-0.192393
-0.100387
-0.208089
-0.00313613
-0.124898
-0.490697
-0.672532
-0.536923
0.308825
0.107503
0.655388
-1.17987
0.444058
-0.215451
0.451682
-1.34138
-0.587265
0.0314898
0.0456862
-0.510399
0.13811
0.323181
-0.425209
-0.599418
1.0475
-1.03941
0.448489
-1.23457
-0.0591441
-0.194284
-0.489481
0.0186301
0.876871
-0.15994
-0.680777
0.150063
0.539764
-0.127145
0.262876
0.810845
0.27003
-0.637855
0.431007
-0.45122
0.682264
0.192388
-0.135295
-0.656231
-0.19238
0.0229406
0.388653
0.450038
0.278379
0.54012
-0.0761545
0.443911
0.71549
0.699532
0.494103
0.125084
-0.201989
-1.47525
0.325355
-0.0203516
0.176841
-0.249067
-0.593125
-0.0246806
0.142048
-0.646774
-0.677239
-0.553461
0.691887
-0.235248
0.287919
0.201656
0.214602
-0.131713
-0.290819
0.293398
-0.0459742
0.56244
0.125632
0.213961
-0.448817
-0.245642
-0.0939022
-0.361893
-0.274257
0.054052
-0.309189
-0.597207
-0.731424
0.700128
0.552911
0.546625
-0.377343
-0.0524438
0.00488155
-0.5968
0.316168
-1.13748
0.172127
-0.392019
-0.582673
0.0499137
-0.0489886
0.101029
0.674444
0.26824
0.0405121
-0.707268
-0.187455
-0.418718
-0.0250667
-0.439045
-0.338976
-0.207814
-0.315562
-0.0699021
-0.182836
0.32536
0.856598
-0.21802
0.0857644
0.182009
0.570113
0.391039
0.538853
0.150463
-0.154777
-0.173766
0.00084322
0.811673
1.05511
-0.499466
0.670246
0.313916
-0.319015
0.527928
0.172604
0.338008
0.0738694
0.213627
-0.509627
-0.221444
1.10112
0.0987059
-0.097488
-0.913513
0.267558
-0.237191
-0.279652
0.730243
0.372875
-0.108288
-0.478076
-0.91866
0.290686
-0.0664736
-0.193985
-1.55303
-0.0970112
-0.603373
-0.633048
0.472348
-0.217649
0.448201
0.316714
0.217192
1.19587
0.259203
0.181989
-0.0687595
-0.486555
0.108071
0.90662
-0.345502
-0.156056
0.996994
-0.633208
0.147053
-0.460127
-0.120052
-0.612591
-0.130056
-0.264423
0.285296
0.638021
0.215733
0.335582
-0.0837959
-0.628539
-0.550179
0.291889
-0.348664
0.443945
-0.199305
-0.0801552
-0.626975
0.433175
-0.593102
0.72279
-0.109267
0.392424
0.335214
0.529337
-0.394288
0.0508556
0.0313755
-0.982558
-0.337705
0.337046
-0.116731
0.613611
-0.0799799
0.709165
-0.221064
-0.432294
0.147168
1.33833
0.178883
0.673473
-0.15605
-0.67504
-0.608196
0.67334
0.258112
0.0807448
0.0937701
0.751742
0.915718
-1.04051
0.693746
-0.232838
0.180851
-0.226024
-0.863475
1.40229
0.0248945
1.08082
0.00236424
0.204673
0.539453
1.3338
-0.464842
0.139058
-0.104697
0.0610378
0.268748
0.0384187
-0.209553
0.106616
-0.231563
0.0709055
0.96362
-0.129515
-0.389252
-0.351257
-1.22692
0.809673
-0.231702
-0.479947
0.0485431
0.208106
0.482213
-0.769423
-0.553186
0.332525
-0.410391
-0.555287
-1.30008
1.06697
0.0681866
0.968781
-0.0868829
-0.331313
0.165675
0.57342
1.02049
-0.205561
0.192803
-0.499456
0.79662
-0.146249
0.0370644
-0.273713
0.0805297
-0.226871
-0.687512
0.737109
-0.634978
0.290526
0.68672
0.0911664
0.282324
-0.54406
-0.905139
0.070808
-0.51945
-0.331792
0.475794
-0.226609
-0.318929
0.2601
0.350165
-0.364345
0.585846
-0.545203
0.711423
0.0671458
-0.278584
-0.388687
-0.0744281
0.43922
0.0390765
0.375178
0.851486
0.218627
-0.278313
0.569511
0.69471
-1.06526
0.948818
-0.373123
-0.198675
0.600334
-0.665909
0.00129719
-0.200276
-0.631281
0.169612
0.302421
-0.469166
-1.18533
-0.0296094
-1.16254
0.700911
-0.0865545
-0.435263
0.363786
-0.393781
0.51546
-0.350982
-0.305186
0.661698
0.961202
-0.285352
-0.451002
-0.674401
-0.0194293
-0.724918
0.00177807
-0.0283843
0.589978
1.54506
0.881996
-0.0584555
-0.0926426
-0.779416
-0.843686
-0.0848048
0.391177
-0.126111
0.527555
0.507679
0.000798412
0.185453
0.366879
0.186084
0.131362
-0.372913
-0.123334
0.0154706
-0.668022
0.0829203
-0.344148
0.157419
-0.114318
0.316424
0.0320269
0.737655
-0.419527
0.0296114
-0.272059
1.03754
-0.0686708
1.21158
0.155537
-0.00312774
-0.133505
-0.977179
0.760031
1.28448
-0.852834
-0.0267796
0.334752
-0.0175228
0.35557
-0.141568
-0.989881
1.29687
-0.354908
-0.0303391
-0.308369
-0.356937
0.372939
-0.487088
-0.0127895
-1.05164
-0.565089
0.0815154
-0.448824
0.21064
-0.363907
0.390288
1.13772
-0.375352
-0.491683
0.0331028
0.829378
-0.412538
0.361476
0.17302
-0.299996
-0.129426
-0.151162
0.925682
-0.331399
0.920497
0.134566
-0.241649
0.16587
0.351423
0.875349
0.634834
-0.0975025
-0.226602
-0.507609
-0.505416
0.0713281
0.672817
0.240425
0.479774
1.05136
-0.0347269
0.00176054
-0.167284
-1.95883
1.00958
-0.427384
0.0794783
0.0883761
0.0355957
-0.444956
0.21493
0.204888
0.275761
0.495655
-0.249402
0.439965
-0.0755404
-0.332856
1.41463
-0.548064
0.271822
-0.0681791
0.0534818
0.324343
-0.653401
-0.762581
0.0111543
-0.248989
-0.561716
0.322603
-0.636726
1.40278
-0.250809
0.214895
0.413387
0.487347
-1.15456
-0.223048
0.431335
0.281393
-0.222113
-0.68283
0.139066
0.113141
1.07939
0.0861374
0.604514
0.0710067
0.111289
0.592886
-0.48753
0.310503
0.564957
-0.154732
-0.186166
0.35544
0.14735
-0.33079
-0.88466
-0.652617
0.439458
0.0405645
0.0865569
-0.588169
-0.0347944
-0.656661
-0.144844
0.0864651
-0.102596
0.319282
-0.466656
-0.592275
0.938611
-0.573799
0.782591
-0.244981
0.75313
-0.446621
-0.467509
-0.291988
0.320896
-0.537382
-0.320175
-0.0436378
-0.507845
-0.338381
0.23891
-0.0339011
0.338496
-0.54619
-0.0738884
-0.539408
0.778906
-1.56219
0.443895
-0.317484
-0.0407789
0.683044
-0.265851
-0.571581
0.547616
0.680274
-0.276149
-0.788295
-0.183065
-0.512892
0.224263
1.42197
0.538663
-0.222597
0.393702
0.585313
-0.706648
0.407513
0.707512
0.945291
-0.401248
-0.398756
-0.524061
0.811585
-0.407417
-0.647555
-0.210659
-0.230663
-0.38871
0.166636
-0.352151
0.680297
-0.23224
0.207173
0.542308
-0.524155
0.277602
0.332239
-0.668281
-0.0719074
-0.358642
-0.314472
0.101441
0.420229
-1.20047
-0.403359
-0.0182644
0.619377
-0.564876
0.373103
-0.24225
0.528806
0.790609
-0.512353
-0.63779
0.0793409
0.555893
-0.160457
0.484297
-0.432758
-0.908771
-0.459451
0.00237427
-0.694169
0.0848534
0.378807
-0.323832
0.375383
0.232383
-0.346621
-0.0777224
-1.01492
-0.0248389
-0.196403
-0.131984
0.0936554
0.0182355
0.0951155
-0.698582
0.341426
-0.346551
0.293469
-0.460231
-0.409701
1.09452
0.565292
0.102011
0.405486
0.605509
0.614389
-0.759947
0.489322
1.10936
0.416471
0.154849
-0.315994
0.487653
-0.731516
0.607315
-1.16907
-0.026544
-0.259783
-0.019851
-0.745358
0.060972
-0.112534
-0.996451
-0.743545
-1.00689
-0.0127157
0.885412
-0.0700158
0.45219
0.0851037
-1.19453
-0.849584
1.08651
-0.485668
-0.731825
0.401351
0.467215
-0.618224
-0.766743
-0.359743
0.536112
-0.363304
-0.0801494
-0.393478
0.146876
0.881901
-0.435378
0.990532
0.000776523
0.472021
-0.301933
-0.659909
0.835217
-0.487538
0.811826
0.604391
1.11387
-0.0958066
0.0569077
0.11576
0.0450677
1.29654
-0.159012
-0.149177
-1.20987
-0.504348
-0.432353
-0.173119
-0.0855758
0.208137
-0.386683
0.189265
-0.850006
0.374928
-0.766553
0.109626
0.767208
0.55619
0.107121
0.380912
-0.68706
0.672966
0.162485
0.755449
0.10219
-0.18556
0.206985
0.908987
-0.360778
-0.133218
0.589607
-0.32614
0.395024
0.0865963
0.350778
0.556452
0.362656
0.407301
1.05886
0.488828
0.814024
-0.291114
-0.54198
0.020732
-0.654442
0.0367191
-0.238524
-0.487425
-0.191079
0.600837
0.795647
-0.352652
0.0423708
-0.274858
0.307621
0.634848
-0.621852
-0.272438
-0.290844
-0.0441349
-0.124169
-0.261062
-0.761851
-0.281216
-0.496645
-0.485489
-1.166
0.0163258
-0.448139
0.393295
0.446366
-0.428319
0.0165715
-0.733457
-0.0314534
-0.139528
-0.598383
-0.225563
0.148866
-0.711658
-0.338984
1.15237
0.391394
-1.46157
0.602999
0.710857
-0.0978067
-0.0923421
1.04379
0.10448
-0.0705041
-0.766453
-0.79739
-0.419154
-0.218105
0.564991
-0.322684
0.169718
0.384703
-0.635227
-0.432811
-0.999064
0.00780635
-0.217016
0.102476
0.771767
0.186971
0.625313
-0.204509
-0.0722693
-1.11792
-0.310692
-0.017523
-0.0735179
-0.546627
0.542302
-0.86206
0.00266091
-0.201848
-0.461135
0.101614
0.751865
-0.598224
-0.534102
0.0471545
-0.370957
-0.076173
-0.061
-0.517564
-0.0132103
0.101902
0.346236
-0.849458
-0.427222
0.122709
-0.0647912
-0.15823
0.4648
-0.12948
-0.138384
-0.317433
0.0440044
0.434572
-0.267347
-0.367053
-0.124811
-0.35783
-0.171242
0.616455
-0.126379
-0.0695285
-0.289207
-0.0556432
-0.356432
-0.257384
0.612857
0.511714
-0.510722
0.436862
0.603022
-0.185054
-0.431421
0.121297
0.0497971
-0.584257
0.641193
-0.352278
-0.325356
-1.39267
1.63783
0.229131
0.164876
-0.150913
-0.686375
-0.733278
0.5479
0.160142
-0.0182667
-0.454457
-0.0742305
-0.968125
-0.577884
0.522894
0.377578
-0.196949
-0.0118893
0.0882244
-0.352513
-0.839096
-0.126297
-1.32387
1.01419
-0.303852
-0.559226
-1.26193
0.105764
0.123009
0.697807
-0.402934
-0.269356
-0.358934
1.05043
-0.0836188
-0.199851
0.656731
-0.560672
0.757783
0.7067
0.682442
0.239423
-0.0339128
0.0123912
-0.178843
0.328374
0.202739
0.694764
0.0225668
0.0279179
0.584185
0.11899
0.73388
0.0490646
0.429014
-0.330731
0.0179894
0.22136
-0.55678
1.00962
-0.376761
0.6007
0.608743
-0.344979
0.751635
-0.0286929
-0.230408
-0.285411
-0.303089
1.37183
-0.406557
-0.0885585
-0.833046
-0.345825
-0.275822
-0.00219085
0.66826
0.829102
0.111723
0.516236
-0.464608
0.488692
-1.58141
0.184987
0.0970647
-0.131842
-0.722976
0.19687
0.747694
-0.148019
-0.585661
-0.0688204
0.179441
-0.211207
-0.196172
-0.743098
-0.77425
0.0780259
0.400743
-0.320291
-0.718486
-0.657002
0.321288
0.906033
0.88978
-0.384076
-0.015645
-0.580702
-0.236561
0.0501581
0.460956
-0.0726476
0.897054
-0.460983
0.239166
0.57903
0.503249
0.530516
-0.404824
0.359206
-0.864543
-0.131147
0.514664
0.797291
-0.210718
0.247623
-0.024511
-0.0104228
0.440074
1.34406
-0.791672
0.354904
0.28222
0.299747
0.182778
0.960762
-0.25609
0.113943
1.43059
0.234512
0.286059
-0.295588
0.488575
-0.263549
0.196436
-0.156287
-0.356413
0.537858
-0.267518
0.104242
0.477847
-0.371553
-0.450571
0.224582
0.0372663
-0.491353
0.586412
-0.260384
0.0373931
0.215999
-0.56189
0.190306
1.11816
-0.4297
0.775164
1.04347
-0.876044
0.693612
-0.39988
-0.055536
0.523226
0.731907
0.0214257
-0.0666587
-0.240731
-0.322682
-1.06642
0.645849
0.407649
0.553959
-0.515624
-0.570491
-0.693345
0.647275
-0.300215
-0.888638
0.486826
0.752027
0.18237
0.836046
-0.431071
-0.175756
-0.303449
0.125781
0.241281
0.348546
0.0469032
0.119927
-0.233215
-0.259944
0.483231
0.0854529
-0.819827
0.565437
0.675664
0.998613
0.173683
0.00356123
0.325784
0.686353
0.0604216
-0.598622
0.33477
-0.812607
-0.253293
-0.560317
-0.420462
0.0939825
-1.21749
0.950008
0.0654827
-0.325601
0.715194
0.0793729
-0.30655
-0.167576
0.749906
-0.344299
-0.0166898
-0.176654
-0.457316
0.11901
1.15812
0.371108
0.549824
0.230951
0.717194
-0.0119097
-0.272344
0.437258
0.263548
1.52485
-0.109454
-0.129093
0.00615801
0.341934
0.376736
0.68826
-0.0946631
0.339507
0.674796
0.698522
-0.471311
0.222342
0.181411
-0.19104
-1.09338
-0.273809
0.194766
-0.0464731
0.801058
1.6596
0.320128
0.521366
-0.138923
0.0740549
-0.935161
-0.322229
0.426327
-1.1559
-0.361238
-0.350926
0.585701
-0.858642
-0.301053
-0.487234
-0.0106965
0.236791
-0.464732
-0.628425
0.398199
1.00572
-0.790566
0.811992
-0.310223
-0.342814
-0.875699
0.757259
0.890396
-0.363343
-0.261531
0.409986
0.574099
1.15887
0.301056
0.0850627
-0.81936
-0.989283
0.616489
-0.0241337
-0.215649
-0.242074
-1.02621
0.708084
0.828267
0.164529
-0.433291
-0.935157
-0.0410605
0.358847
1.29889
0.337228
0.513168
0.450759
1.33735
-0.590274
0.210951
-0.660652
0.568338
-0.776229
0.342946
-0.279624
0.181001
-0.00322633
1.25544
-0.149812
0.144677
0.133137
-0.0341403
0.146972
0.494078
0.197481
0.122157
-0.412201
0.712946
0.159271
-0.293659
0.171135
-0.490958
0.0239222
-0.151001
-1.15191
0.0540188
-0.445325
-0.926448
0.263909
0.0462661
0.743932
-0.499814
1.00539
0.670703
-1.02621
0.922744
0.943519
0.0182329
-0.2814
-0.227567
0.154965
-0.0652933
0.00130991
0.100086
1.39726
0.700855
-0.556561
-0.0717951
-0.345884
-0.291049
0.579904
0.861234
0.164983
0.563629
-0.59251
0.362216
0.177124
0.00899482
0.832272
-0.203385
0.433277
0.497237
0.338882
-0.366177
0.266934
-0.230899
0.346512
0.78997
0.989707
-0.0106268
-0.225799
0.318268
-0.362878
0.359172
0.538239
-0.00780257
-0.161661
-0.0659497
0.509484
1.12539
-0.0104291
-0.379372
0.340211
0.693543
0.132976
-0.26867
0.337917
1.0271
-0.368691
-0.504385
0.573203
1.06461
-0.181796
-0.129401
-0.488126
-0.460691
1.23446
0.868867
0.210314
0.209234
-0.518426
-0.99206
-0.145498
-0.0876193
-0.280454
0.729432
-1.06635
0.174285
0.256214
-0.834891
0.54011
0.446389
-0.401313
-0.260007
-0.613066
0.514137
0.503137
1.29451
-0.682125
-0.141075
-0.301109
-0.381904
0.294811
0.377191
-0.109032
-0.210288
0.327371
-0.00975174
0.659875
0.28717
-0.0559532
0.110739
0.368001
0.640467
0.888552
0.00478427
0.0631627
-0.263188
-0.481066
-0.659066
-0.18164
-0.652499
-0.44678
-0.486589
-1.2054
-0.438964
-0.466067
0.227184
-0.210869
0.663484
-1.46173
0.482805
0.45831
0.960455
-0.450101
-0.460422
0.155647
-0.512616
-0.577332
0.903858
-0.781188
-0.0563835
-0.595014
0.0478188
-0.519876
-0.335554
-0.350111
-0.266517
-0.714614
0.598694
0.466037
-0.958724
-0.410382
-0.295304
0.640396
0.132894
0.907787
-0.401469
-0.658489
-0.88445
0.692309
0.0659336
-0.405742
-0.117214
-0.103142
0.2501
0.0666885
-0.753088
0.463457
0.17888
-0.018265
0.910969
0.395445
0.480235
-0.412951
0.229174
-0.099819
-0.738548
-0.385318
-0.209623
-0.00912632
0.282943
0.191579
1.13958
0.567508
-0.303913
-0.139954
-0.536269
0.627821
-0.313878
0.961185
-0.00492322
0.186716
0.314261
0.925992
-0.29189
-0.756215
0.0851245
0.801828
0.140135
0.91483
0.472566
-0.638318
0.361981
-0.409568
-0.244737
1.06903
0.753983
-0.637017
-0.831457
-0.456627
0.884112
-0.381781
0.730206
0.591812
0.72691
1.51888
0.696764
-0.0402874
-0.118223
0.252581
0.5701
0.496641
-0.0733646
-0.0546356
1.01843
0.770909
-0.267526
-1.45573
0.483622
0.109448
0.178917
0.00216891
-0.245128
-0.0869197
-0.630401
0.222606
-0.375071
-0.0519857
-0.530033
-0.10911
0.26489
-0.738294
0.889373
1.14766
0.00445597
0.266209
-0.234121
-0.594281
0.704461
0.217658
0.0209047
0.108018
-0.0182409
-0.536068
-1.39108
-0.598283
-0.0179723
-0.114522
0.254995
0.394504
0.99948
-0.571751
0.29668
0.170704
-0.187266
0.919287
-0.748568
0.525042
0.435301
0.0846467
-0.199354
0.00814871
0.541429
0.960663
-0.217582
-0.0289265
0.468198
0.706783
-0.96326
-0.766244
-0.903466
0.506585
-1.12624
0.828683
0.358997
0.555643
-0.213846
1.15789
-0.726844
-0.604051
0.111347
0.563255
-0.226457
0.247009
0.286849
1.32174
-0.36918
0.296922
0.0547558
-0.753353
-0.182304
0.323414
-0.19946
-0.435866
-0.614435
0.213639
-0.620072
-0.202393
-0.408234
0.420407
0.145928
0.773768
0.164612
-0.0743847
0.570222
-0.674299
0.362248
-0.443315
0.39343
-0.584257
0.158746
0.134009
-0.650973
0.107659
0.130357
-0.452954
0.161004
-0.0101669
-0.545358
0.119122
0.302082
0.86078
-0.693077
-1.05365
-0.55776
-0.270055
0.154268
-0.321249
0.310978
-0.326813
-0.749884
-0.430491
0.297602
-0.914912
-0.855826
0.445328
-0.270774
0.446521
0.332066
0.694662
-0.0617517
0.215006
-0.419315
-0.018989
-0.572474
0.221662
1.10059
-0.843366
-0.948011
1.31676
-0.22888
1.27133
0.661222
-0.201566
0.550527
0.54182
0.604075
-0.234749
0.390272
0.414853
-0.264231
-0.661887
0.998115
0.221301
0.752971
-0.253719
-0.40114
0.390559
0.217657
-0.694824
-0.832591
-1.13124
-0.157451
0.707706
0.286637
0.48841
0.102023
-0.80197
-0.0348395
0.0425116
-0.166069
-0.992714
0.967678
-0.432165
0.338847
0.779437
0.000482065
0.67316
-0.150569
0.708215
-0.126929
-0.253185
-0.0292648
0.13248
0.0392657
0.518829
0.364075
-0.0276589
-0.426214
0.325249
1.02484
0.106939
0.459419
0.603991
-0.11296
-1.13419
-0.981409
0.35501
0.111514
0.285253
-0.442312
0.574127
-0.141241
-0.664005
-0.900498
-0.0774721
-0.146541
-0.328706
-0.0280884
0.0582656
-0.417401
-0.577801
-0.0636067
-0.695616
0.541751
0.46712
1.58444
0.00106989
-0.00100401
0.041817
0.799635
0.417444
-0.945474
0.292452
-0.407611
-0.574459
-0.110118
-0.0619367
-0.84063
-0.300328
-0.0867197
-0.247313
0.0766215
-0.25311
-0.366695
-0.508882
1.16208
0.515987
-0.724888
0.302203
0.348333
0.829557
0.124663
-0.18271
1.10143
0.190959
1.33901
0.843764
-0.432139
-0.0382815
-0.280006
0.113411
0.282144
0.149535
0.794396
0.0291769
-0.408899
-0.361946
0.099354
-0.0599817
0.278519
-0.252287
0.0721591
-0.121857
-0.190718
-0.670921
0.0475273
0.491881
-0.104356
0.494872
-1.2864
-0.21739
-0.0607987
-0.229985
0.115473
-0.7512
0.655359
-0.0471116
-0.341776
-0.161031
0.147494
-0.881068
0.319664
-0.157441
0.78932
0.70122
0.971657
0.410845
0.822362
0.151694
0.659395
-0.688275
-0.811348
0.481779
0.429729
-0.0890844
0.0665924
-0.234887
0.262045
-0.12509
-0.440508
0.791526
-0.679624
0.5667
-0.199563
-0.131895
-0.361244
-0.136959
-0.242461
0.00432128
-1.23005
0.746081
-0.481992
0.184837
-0.292864
0.0917025
0.680918
0.266826
0.173957
-0.535291
0.574428
-0.211017
0.320825
0.251572
0.766486
0.218742
-0.157064
0.959272
0.44869
-0.691864
-0.570458
-0.124445
-0.0112607
-0.251658
1.00846
0.990102
-0.703818
0.233539
-0.00301349
-0.566349
-0.417842
0.394504
-0.126507
0.409487
-0.666262
-0.0141254
-0.742131
-0.0769219
0.0671215
0.478199
0.14672
0.763439
-0.99804
0.207943
-0.214195
0.320844
-0.156279
-0.883153
-0.312006
-0.332777
0.361615
0.10856
-0.907989
0.0366354
-0.294831
0.536827
-0.78962
-0.0351002
-0.0307861
-0.540735
-0.983159
-0.289382
-0.468445
-0.178539
-0.380146
-0.174748
-0.0988837
1.06202
-0.473596
-0.0159779
-0.666867
0.113883
-0.0654186
0.795193
0.0301776
-0.659058
0.410098
0.181666
0.157509
-0.432591
-0.527117
0.406778
1.17751
0.411139
-0.650975
-0.00197512
-0.77496
-0.434788
1.05643
0.251974
0.614878
-0.222644
0.618102
0.598484
0.71063
-0.178675
0.336698
1.23202
-1.01775
-0.00196847
0.428445
-0.269023
0.15554
0.0677464
-0.345663
-0.124997
-0.814275
0.921891
-0.964694
1.08941
-0.320905
-0.791896
-0.456884
0.0540372
-0.435944
-0.426129
0.26627
0.97243
-0.441186
-0.177315
-1.17363
0.521263
-1.03064
-0.121371
0.376732
-0.186774
0.563347
0.768964
0.226718
0.913999
-0.438863
-0.709644
-0.414082
-0.148738
0.150831
0.172136
-0.10088
0.0131515
-0.0516936
-0.84824
-0.595923
0.149412
0.625486
-0.143095
0.791762
-0.237177
0.0919633
0.30737
-0.221323
1.10169
0.52973
-0.643948
-0.120083
-0.0722782
-0.168211
-0.776846
0.578379
-0.213175
-0.036847
0.398853
0.222099
0.834573
0.698807
-0.220192
-0.193684
0.162551
0.067112
-0.459208
0.0733425
0.116522
-0.746085
0.569529
0.525908
-0.03476
0.328539
0.0183095
-0.535109
0.178538
-0.522864
0.350628
-0.0861032
0.375417
0.72199
-0.40702
-0.526949
0.481949
0.802602
0.487918
-0.157999
-0.474462
-1.39065
0.711501
-0.087546
0.491403
-0.0131613
0.197871
0.163116
-0.182473
-1.07448
0.151391
0.263284
0.435201
1.24569
0.430351
-0.298109
-0.443297
-0.0968289
-0.251382
-0.369119
0.638058
0.164455
0.148242
0.116538
0.299906
0.233529
0.264157
0.399538
-0.0567904
-0.92587
-0.404912
-0.0950023
0.388761
0.918095
-0.579191
-0.916668
1.15099
0.358571
-0.656331
-0.145151
0.848518
-0.297307
-0.110368
0.376445
-0.546034
0.202638
-0.386128
-0.543857
-0.321032
0.953539
-0.0601274
0.166168
-0.338668
-0.064825
0.308965
-0.53912
-0.134738
0.675774
-0.613794
0.603263
0.589442
-0.493107
-0.74535
0.135353
0.060302
1.31717
0.829278
0.282453
-1.74496
0.0981382
-0.137384
-0.924155
-0.757766
-0.0859737
0.349829
-0.203955
0.630777
0.308361
0.0585907
0.294568
0.102853
0.62064
0.897709
0.324022
0.648542
-0.36936
0.394422
0.376019
0.543203
0.261515
0.699462
-0.707536
0.235089
-0.602699
0.273648
0.908584
0.173267
-0.131216
0.511946
0.230149
-0.393026
-0.461112
-0.0622599
0.310597
0.472277
-0.0795992
0.607998
-1.00466
-0.139777
0.351279
-0.330675
0.3138
0.512402
-0.266932
0.0517255
-0.0735069
0.957958
0.210069
0.228165
-0.41947
0.535751
0.103581
-0.338353
-0.438688
-0.324449
0.0760271
-1.4588
0.209737
0.880942
-0.653291
-0.298655
-0.460339
0.342887
-0.247113
-0.202304
0.34858
-0.567557
0.329771
0.290844
-0.585424
-1.01249
0.458966
1.20314
-0.552778
0.505938
0.616597
0.49912
0.539329
0.414897
-0.566119
0.0917721
0.443293
0.851453
0.669357
-0.0888874
-0.283787
0.754776
-0.218539
-0.593167
-0.257193
0.647035
0.148191
0.460691
-0.813609
0.0252377
0.557849
0.663292
0.879089
0.841764
0.00762463
0.282412
0.426986
-0.963455
-0.0270866
0.76527
-0.0162295
-0.118124
0.205198
-0.461066
1.27064
0.085279
-0.610641
0.348082
-0.25782
1.01189
-0.0811451
-0.260379
0.585683
-0.980141
0.57086
0.076376
0.283939
0.2846
0.602992
-0.895496
-0.697065
0.0406342
-0.211087
-0.469725
0.724471
-0.110755
-0.0683487
0.510415
-0.200107
-0.0983343
-0.635219
0.238624
-0.276497
0.922571
-1.57539
0.0213537
-0.907765
0.433057
-0.103886
0.928688
-0.739808
-0.235231
-0.218175
-0.14734
0.0245037
-1.06304
0.635019
0.689757
0.894759
0.184374
0.216767
-0.162872
-0.164623
-0.162906
0.552614
-0.0631939
0.884133
0.0162547
0.433944
-0.230564
1.33243
-0.176195
-0.329631
-0.379146
-0.342004
-0.152084
-0.522715
-0.112175
-0.651927
-0.105135
-0.0491087
-0.817382
0.00880329
-0.377248
-0.365179
0.212368
0.209043
-0.431096
-0.214046
-0.780435
-0.26558
0.251993
-0.020917
0.264741
0.92216
0.164854
0.427505
0.0850166
0.432962
-0.436438
0.375066
-0.0783588
-0.554865
-0.0798003
0.509182
0.821092
0.0476177
0.0011562
-0.854269
-0.455762
-0.936693
0.167509
-0.952235
-0.602486
-0.323726
0.374572
-0.920668
0.709002
0.539928
0.0384182
-0.557732
0.574329
0.057972
-0.471959
0.353376
-0.0872606
0.171539
0.624468
-0.0644489
-0.111996
-0.130579
0.998428
-0.534944
-0.178535
-0.31893
-0.245348
0.420678
0.00112701
-0.0567897
-0.902227
0.738896
0.08112
0.641389
0.721041
0.83277
-0.753827
1.07432
0.312179
0.0516862
0.33186
-0.83995
-0.124725
0.338409
0.276835
-0.00123676
-0.0649533
0.489367
-0.525845
0.0612188
-0.4236
-0.563237
0.172392
-0.479999
-0.129282
-0.548074
0.477278
0.293915
-0.152995
0.112004
0.91328
0.227464
0.377455
0.497372
0.726239
-0.126652
0.983194
-0.49425
-0.0119134
0.089589
-0.0149108
0.274437
-0.299489
0.664362
-0.615971
-0.738591
-0.272077
0.235048
0.828235
0.0517274
0.415255
-0.0894162
0.138182
-0.507188
-0.336202
-0.220855
-0.783541
0.631912
-0.0262834
0.229889
-0.441316
0.355184
0.364711
0.413147
0.0803026
0.612831
0.463878
0.72646
-0.533866
-0.64768
0.544101
-0.366245
0.515433
0.103021
1.02405
0.171402
-0.615007
-0.204581
-0.599565
-0.249827
-0.188715
0.800895
-0.0581479
-0.200109
-0.140528
0.433278
-0.283807
-0.197206
-0.0870989
-0.307353
0.253098
0.323996
-0.330278
-0.429907
-1.0459
1.28793
-0.25143
0.352991
-0.650986
-0.0487295
0.392843
1.0282
-0.0185497
1.09214
0.63863
-0.146859
0.704894
-0.833138
-0.542595
-0.46851
-0.680679
-0.560278
-0.946125
-0.501358
0.382691
0.147792
0.322707
0.441004
0.352838
-0.329058
-0.157237
0.952542
0.0309953
-0.503316
0.54329
-0.384033
-0.465047
-1.05305
-1.02079
0.0688829
0.609636
-0.837648
0.897052
0.150923
0.876121
-0.518606
-0.0663409
-0.114256
0.141756
0.171574
-0.413051
-0.763539
-0.439579
0.719045
0.274674
0.933902
-0.290495
-0.0180273
-0.024237
-0.567537
-0.658616
0.127553
0.830201
0.275594
-0.627117
