-0.252891
-0.314053
0.0995095
0.75797
0.325851
-0.292567
-0.0920069
-0.0697654
-0.266081
0.258984
0.425355
0.167841
-0.735527
-0.0305624
-0.879956
0.521336
-0.319369
0.530971
1.01707
-0.194766
0.11434
0.0112455
0.923099
-0.0970516
-0.14959
-0.0112864
-0.516064
-0.105329
-0.942073
-0.749701
-1.08674
0.0970849
-0.188813
-0.474045
-0.556788
0.607199
-0.0609626
1.03685
-0.325535
-0.227516
0.213635
0.355273
-0.390399
0.0550211
-1.07411
-0.414147
-0.282506
0.477835
-0.543968
0.311226
0.228195
0.724283
-0.734784
-0.0273901
0.0622427
-0.188131
0.146117
-0.0428864
-0.0987573
-1.00503
-0.409643
-0.77403
-0.742861
0.562286
0.177365
-0.0355362
-0.475829
0.16481
0.022964
0.271827
-0.890298
-0.554924
-0.112169
0.407308
-0.988026
-0.187126
-0.217133
0.508853
0.394885
-0.252907
-1.2199
-0.497366
-0.120414
0.355494
-0.0899915
0.14835
-0.131208
-0.437393
-0.318307
0.736699
-0.763293
0.288641
-0.343591
-0.249737
-0.0794447
-0.377051
-0.22615
-0.351098
0.852667
-1.16331
-0.106068
0.769849
0.29501
0.628692
-0.735929
0.28587
-0.289115
0.662342
-0.470763
0.12914
0.337705
-0.340844
0.378843
-0.624182
-0.968506
-1.08093
0.279125
-0.222147
0.153607
0.50718
0.265123
0.616419
0.29273
-0.118423
0.115274
0.200896
-0.399474
-0.0503789
-0.0574189
-0.978564
0.0564456
-0.216678
0.816074
-0.853329
-0.310119
0.216589
0.328229
-0.0976047
0.227024
-0.0675764
-0.0835157
-0.153512
0.255634
0.917438
-0.0870618
-0.437462
0.0217705
-0.497653
-0.611694
-0.246607
-0.592212
0.300665
-0.0320261
-0.470163
-0.30823
0.0561178
0.138717
0.96402
0.0994423
0.124688
0.959153
0.288654
0.306524
-0.781335
0.345846
0.220153
0.556528
0.0140701
-0.295929
0.0678283
-0.337889
0.226378
1.42492
-0.927737
-0.437541
-0.350867
-0.544132
1.00169
0.957312
-0.173536
0.296425
0.367274
-0.300592
0.690764
-0.0568236
0.0395325
-0.682179
-0.373906
0.337302
0.0979587
-0.077927
0.653214
0.683144
-0.188486
0.0553443
0.463149
-0.222711
-0.265608
-0.577957
-0.0175661
-0.948051
0.200071
-0.445602
0.439311
-0.022185
-0.0644189
-0.454506
-0.174879
-0.850344
-0.134659
-0.644721
-0.0294015
0.285424
0.332962
0.360757
-0.186557
-0.539696
0.392458
-0.620936
0.0987274
-0.450297
-0.456366
0.932112
0.389919
0.331042
0.786448
0.160746
-0.512667
0.633843
-1.44112
0.185517
0.388167
0.40745
0.440599
0.21719
0.0919778
-0.221524
0.711785
0.446491
0.520929
-0.49769
0.0365106
-0.173211
0.0201245
0.306751
-0.306452
-0.347853
-0.883653
0.303831
0.103792
0.122625
-0.142403
0.473922
0.43457
0.450455
0.329865
0.434093
-0.171676
0.141345
0.645831
0.493192
0.0914717
0.198483
-0.147443
-0.793071
0.0487693
0.0130475
1.06228
0.084883
0.219956
0.0133038
0.328918
-0.254988
0.340696
0.363053
0.557908
0.603403
-0.0623324
-0.490095
0.554014
0.139815
-0.707759
0.340169
0.250458
-0.0430559
0.0334707
-0.176379
-0.0570635
1.03309
0.598494
-0.0492268
-0.384251
0.0271605
0.196108
0.606947
-0.796623
0.35655
0.512507
-0.295822
0.112543
0.176032
0.629632
0.348939
0.553776
-0.894047
-0.018286
0.097297
-0.294904
-0.590742
-1.28483
0.214655
0.350916
-0.691185
0.448264
1.17057
0.167617
-0.819863
-0.257164
-0.441055
-0.568038
-0.77494
-0.00817042
0.56749
0.755806
0.0658245
-0.114661
0.949573
0.026584
-0.243658
-0.461087
-0.265789
-0.296388
-0.280369
0.0663643
-0.735659
0.171289
-0.438989
-0.47011
0.385217
-0.00949065
-0.274678
0.210829
0.00806948
0.463044
-0.107133
0.187706
-0.356533
-1.04192
0.135545
0.31643
0.563942
-0.959318
-0.0834105
-0.185267
0.451523
-0.423637
0.0395255
-0.372022
0.77953
-0.544487
0.41901
0.0762762
-0.0489491
0.60053
0.0824177
0.197595
0.556829
0.573693
-0.775164
-0.121074
-0.162991
-0.723243
0.953178
0.404822
0.174616
-0.320845
-1.03088
0.878302
0.184421
1.19822
0.139379
-0.146333
0.248684
0.0508538
-0.111831
-1.41318
0.372876
0.335829
-0.138509
0.70305
-0.0273524
-0.0292998
-0.65855
-0.634785
0.0536456
-0.56098
0.439347
0.206912
0.0919943
-0.437159
0.677593
-0.820874
-0.00200883
0.291552
-0.693072
0.146852
-0.360898
0.65284
0.352885
-0.106313
0.102215
-0.404358
-0.161345
-0.220418
0.081915
-0.463992
0.188207
-0.0277948
0.41106
0.746846
0.424417
-0.224297
-0.842175
0.73714
0.360373
0.345631
0.908929
0.0772022
-0.0880222
-0.364413
-0.208348
-0.515512
-0.908821
-0.0338024
0.197877
-0.249368
0.474375
-0.643388
-1.27639
0.0788475
-0.294445
-0.187951
0.0760739
0.386539
-0.00199459
0.467684
-0.417378
0.240209
0.324275
-0.294756
-0.10449
-0.389599
0.289005
1.12385
0.206513
0.238879
0.497289
0.766399
0.605698
-0.348337
-0.204309
-0.716187
-0.015706
0.102135
1.02665
-0.172009
-0.00731315
0.00599569
-0.19165
0.480942
-0.790542
0.247228
-0.125675
0.583841
-0.454208
0.118354
-0.273572
0.515057
0.000717213
0.0476778
0.80875
0.269883
0.583978
0.685139
-1.1184
-0.701367
0.0880055
0.741902
-0.0263759
-0.965399
0.391441
-0.902043
-0.592567
0.311023
-0.97658
-0.300681
-0.141404
0.313807
0.9234
0.468563
0.697048
-0.195503
0.111603
0.111098
0.517681
-0.124935
0.0969764
-0.106495
-0.307953
0.0872552
0.278495
-0.0658679
0.226886
-0.0741162
0.47063
0.592405
0.663098
-0.068345
0.630245
-0.391746
0.11026
-0.449812
0.708341
0.246147
-0.132906
0.796933
-0.0577592
0.304605
-0.616341
0.409145
0.366389
-0.823446
-0.117173
-0.30387
-0.164687
-0.693305
-0.692569
-0.03195
0.742993
-0.497541
0.545625
0.104819
-0.0405146
-0.576097
1.03241
-1.30033
0.421819
-0.00261671
0.137346
0.692913
0.676304
0.0364494
0.445489
0.624154
0.11558
-0.010772
-1.0436
-0.525538
0.169278
-0.623914
-0.113935
0.252716
0.603212
-0.00534675
0.189836
-0.00583116
-0.258273
-0.493022
-0.455517
-1.27735
-0.240179
0.462882
-0.428625
0.619657
-0.0121103
0.293019
-0.697585
-0.500871
-0.106804
-0.735882
-0.0817264
-1.11983
-0.79707
-0.14835
-1.13982
-0.463174
0.262862
0.332948
0.356132
-0.194864
-1.04236
-0.263964
0.536245
0.169747
0.260588
-0.609899
-0.0225382
0.222002
0.400517
-0.0291386
-0.120618
0.486437
-0.000699204
0.631979
-0.00837017
-0.676128
-0.352537
-0.428626
-0.261021
0.903094
0.369178
-0.934181
0.404782
0.324761
-0.242851
0.592742
0.290719
-0.164677
0.0409149
0.450431
-0.230204
-0.301074
0.52318
0.228232
0.36513
-0.472988
0.670132
-0.253836
0.600652
-0.319821
-0.717575
0.17745
-0.33457
-0.948882
-1.23796
0.275469
-1.16194
-0.449837
-0.856406
-0.449447
-0.920792
1.09389
-0.153254
0.517072
0.312847
0.4533
-0.596992
-0.47983
0.27804
-0.351008
-0.454711
-0.134867
0.355818
0.628565
-0.199062
-0.445981
0.182129
-0.370708
0.417389
0.699673
0.14539
-0.0556801
-0.146212
-0.140467
-0.338539
0.178925
0.336948
0.341326
-0.200484
-0.867004
0.539888
-0.0389879
-0.897511
0.100955
-0.111886
-0.013732
0.178012
-0.0168749
-0.333813
0.413553
-0.0843116
-0.865658
-0.272963
0.266583
-0.0120965
-0.811798
-0.399617
-0.521384
1.0713
0.221543
0.0167609
-0.196399
-0.704103
-0.661614
0.179464
-0.044904
0.68694
-0.626048
-0.421957
-0.00944555
0.41315
0.589146
-0.344584
0.872258
0.304688
-0.0396377
0.228193
-0.171508
0.160181
-0.649035
0.288024
-0.307965
0.756181
-0.804631
0.332107
-0.0380768
0.00158175
-0.746857
0.144046
-0.265498
0.289788
0.853546
-0.198475
-0.772969
0.135196
-0.393852
0.472971
-0.102151
-0.919738
-0.0104196
0.148035
-0.0642465
0.998239
-0.133414
-0.930441
-0.707692
-0.496481
-0.517629
-0.314271
-0.353028
0.107688
0.858382
-0.513956
-0.498088
-0.0340998
0.307444
0.61757
-0.282248
-1.18475
-0.463873
0.228838
0.729296
0.184539
0.587197
-0.0267782
0.175754
0.491677
-0.253741
-0.866453
-0.170662
-0.958033
0.51148
0.572149
-0.138877
0.516073
-1.28856
-0.633095
0.274234
0.0402459
0.295925
-0.511791
-0.103209
-0.943578
-0.580174
0.355051
0.490323
0.998535
0.453102
-0.267274
1.10628
-0.47957
0.673166
0.0270245
-0.0365048
-0.400418
-0.462336
0.145511
0.0839973
-0.557947
-0.0549899
-0.256933
-0.910023
0.996818
-0.424736
-0.428378
0.855468
-0.0572725
-0.887617
-0.346303
-0.909095
0.571867
-0.192545
-0.603984
0.0684788
-0.0894122
0.288318
0.0166638
-0.241251
-0.053279
-0.428908
-0.605313
0.314196
0.00475561
-0.213528
-0.150098
-0.544435
0.501633
0.256028
0.355235
-0.237598
-0.182374
-0.722447
-0.282169
0.165035
-0.389757
-0.198834
0.884843
0.481783
-0.203279
1.04509
0.607021
-0.395132
0.309081
-0.287229
0.369888
-0.445416
-0.370727
-0.181583
0.102703
-0.227416
-0.181032
0.0336294
0.147878
0.258583
-0.590462
0.269741
1.28453
-0.572789
0.11951
-0.213204
-0.294542
0.110316
-0.0677562
-1.13748
0.907267
0.328325
0.366765
-0.201644
0.684644
0.582361
-0.4787
0.991625
-0.228842
-0.845893
0.51548
0.208223
0.613295
0.171387
0.432417
-0.260657
0.0307149
0.865809
0.170695
0.538916
-0.787358
0.263636
0.571148
-0.163805
-0.320521
-0.555674
-0.665928
-0.746552
0.60648
-0.362559
-1.03573
0.296303
0.929176
0.694603
0.00829596
-0.714005
0.601796
-0.0311605
-0.163488
0.539191
-0.277516
0.482324
0.559594
-1.00281
-0.288561
-0.189569
-0.0161754
0.946825
1.15498
0.931923
-0.192807
0.32201
0.118045
-0.0384412
-0.722394
-0.129298
1.06231
-0.0363632
0.274329
0.172739
0.2178
-0.1896
0.124139
1.28144
0.688082
0.763074
-0.54183
0.355657
-0.359616
0.421024
0.372987
-0.129281
-0.123388
-0.0737597
0.696096
0.608189
0.125101
-0.23063
0.258744
-0.0781456
0.183766
0.00520553
0.4772
0.143119
-0.689059
0.87078
-0.256379
-0.13802
0.195029
0.28328
-0.147208
0.381482
0.300525
-0.751232
0.175031
-0.310987
-0.234214
-0.240661
-0.643932
-0.219091
-0.343701
-0.722554
-0.143518
-0.240233
-0.0272119
0.349321
0.710385
-0.334896
-0.473986
0.213457
-0.370132
0.0700107
-0.150554
-0.391449
0.0793103
0.0188354
0.635248
0.182235
0.275492
-0.35475
0.695455
0.206636
0.867243
0.587591
-0.241649
-0.614507
-0.905872
0.0712993
-0.00373866
0.766373
-0.354228
0.678153
-0.278298
-0.673066
-0.996858
-0.215363
-0.786048
-0.247397
0.0286042
0.507502
-0.852957
-0.307577
-0.226124
1.07478
-0.352782
0.557342
-0.396696
-0.369086
-0.0485285
-0.121951
-0.0179406
-0.208036
0.309814
-0.0631273
0.325606
0.612813
-0.314076
0.167276
-0.647534
-0.00537876
-0.564029
0.345711
0.286306
0.561217
-0.0383319
-0.0127407
-0.629589
0.36828
0.16689
0.620494
0.154637
0.178504
0.283821
-0.455973
-0.671984
-0.566927
0.415863
0.320785
-0.887789
0.054302
-0.315278
-0.320714
0.0527345
0.111595
0.150132
-0.505657
-0.781473
-0.0677697
-1.21894
0.298607
0.0743621
0.484556
-0.137001
0.00370222
0.266857
-0.0955661
-0.0643368
-0.569411
0.90235
-0.915302
-0.361536
0.268649
0.777033
-0.545052
-0.6666
0.47808
-0.161821
-0.871507
-0.39155
0.319774
-0.160645
0.100114
-0.475564
0.96174
0.124743
-0.145631
-1.59666
0.814928
0.0954174
0.104928
0.305905
1.08798
0.341332
0.272805
0.763913
0.0803429
0.00905359
0.306182
-0.308348
0.303137
0.237681
0.622597
0.186711
0.302503
0.681676
-0.542367
0.0345378
-0.166335
-0.906884
0.0337284
0.0713913
0.988259
0.107635
-0.718718
-0.479175
2.51548e-05
0.506318
-0.962361
0.309745
0.864221
0.441822
-0.163405
-0.145669
0.308342
0.628904
-0.159798
0.643219
-0.239353
-0.599141
-0.687235
-0.0283814
0.560287
-0.290389
-0.498022
0.502282
0.0226011
0.312911
0.448014
0.33931
0.481892
0.312827
-0.34259
0.218174
-0.457926
0.196158
-0.201824
0.2429
-0.100649
0.74805
0.457777
-0.458476
0.00809999
-0.270953
0.379341
0.183727
-0.903608
1.07407
0.457879
-0.105476
-0.210814
0.460041
-0.0918591
0.0133276
0.594309
-0.366103
-0.32049
0.524228
-0.222896
-0.751389
0.0411822
-0.734412
-0.0747569
0.0555887
-0.425657
-0.694469
-0.369675
-0.524477
-0.408941
0.00724643
-0.0626842
-0.613106
1.06182
0.0608122
-0.0937689
-0.391514
0.0669043
-0.597719
-0.209924
-0.0587645
0.610877
-0.692131
0.061101
-0.387969
-0.026497
0.0670281
0.228553
0.450338
-0.0168754
0.175276
-0.518619
0.0119488
-0.00173235
-0.293439
-0.822792
-0.729331
0.240773
-0.0791021
-0.789161
0.211574
-1.23753
-0.502589
0.185991
0.0831888
0.143356
-0.128467
-0.78668
0.685452
1.06727
-0.101537
0.27399
0.450942
-0.409258
-0.458287
0.0531099
-0.778199
-0.391473
-0.0408456
-0.453587
0.94262
0.397901
0.502938
0.660244
-0.576941
0.465978
-0.723879
-0.560898
-0.165536
0.20043
0.182714
-0.832586
0.299969
0.208863
-0.240426
0.856627
-0.268527
-0.0255759
0.147806
-0.243508
-0.415225
0.099728
0.0908511
0.656644
0.36341
-0.35106
0.686709
0.0391267
-0.464557
-0.662846
0.638229
-0.413637
-0.00537936
-0.726727
-0.794085
-0.609511
0.835007
-0.412177
-0.289711
0.196533
0.103963
-0.0160274
-0.568542
-0.318505
0.468788
-0.454113
-0.781126
0.683145
-0.342333
0.894421
-0.76365
0.572482
0.108125
-0.401244
0.133172
-0.573738
0.622697
0.83469
0.333444
0.205561
-0.0879263
-0.381015
0.949703
-0.754189
-1.20807
0.69078
-0.941684
0.161896
-0.383532
-0.859691
0.548698
-0.410075
0.950464
0.15669
0.371128
-1.25938
0.502643
-0.27228
-0.724237
0.26639
0.164165
0.997764
0.0243785
-0.0557393
-0.499894
0.952591
-0.596808
-0.073199
-0.968366
-0.72304
0.0986175
-0.605947
0.957991
0.549925
-0.433135
-0.321943
0.120834
0.323239
0.121463
-0.68913
-0.880015
-0.287743
-0.186372
-0.222295
0.568072
0.476358
0.679746
-0.223619
0.424876
-0.142763
-0.234914
-0.888654
1.07518
0.570641
0.326271
-0.111769
0.139403
0.802884
0.354363
0.720359
-0.927633
0.379327
0.314938
-0.479732
0.463696
-0.545134
0.413085
-0.57849
0.539665
0.0876221
0.38026
0.275518
0.377184
0.352963
0.290323
1.37779
0.157352
-0.140762
0.404148
-0.496168
-0.335942
-0.40303
0.497782
-0.529163
0.496708
0.59754
0.928288
0.124647
0.210256
-0.529406
-0.718795
-0.663756
-0.028751
-0.233988
-0.207404
-0.424241
0.523519
-0.466128
-0.293373
-0.502454
-0.888984
0.300448
-0.350713
0.359837
-0.627138
0.0662406
-0.666237
1.01549
0.573399
0.410188
-0.123957
-0.439821
-0.430894
-0.880204
-0.0653482
-0.128659
-0.3292
0.0101836
-0.0750293
-0.033968
0.396678
-0.399592
-1.0576
-0.175586
-0.289492
-0.870969
0.628519
0.481935
0.900966
-0.154362
0.290799
0.252022
0.0798565
-0.775353
0.0947718
-0.0884648
-0.0427003
-0.619224
0.296189
-0.661543
-0.666111
0.0136252
0.327708
0.875812
-0.326237
-0.0319936
-0.828936
-0.0915125
-0.679213
-0.393758
-0.12141
-0.683063
1.25918
-0.636005
-0.243026
0.99559
0.952368
-0.213992
0.0867038
-0.481595
0.944764
-0.862814
-0.00427345
-0.901435
0.0805489
0.0427043
-0.496972
-0.35992
0.253093
0.422886
-0.0601641
0.367038
-0.475234
-0.915248
-0.676814
-1.01222
-0.089844
0.079496
0.293514
0.601137
0.158753
0.0678409
-0.0279698
0.61689
0.758447
-0.098701
-0.904253
0.259546
-0.901989
0.445867
-0.445212
0.0443437
-0.231212
0.465498
0.215378
0.798652
0.107878
-0.596876
-0.225488
0.212948
0.11031
0.297933
0.30162
-0.534399
-0.782157
0.597584
-0.459851
0.46953
-0.177242
0.527909
-0.818662
0.634155
-0.02171
0.964682
-0.212723
-0.873084
0.64312
-0.29058
-0.0971266
-0.150779
-0.095017
0.0622886
-0.27746
0.291632
-0.231142
0.879719
-1.17127
-0.691519
-0.452024
0.179925
0.273181
0.449117
-0.729397
-0.138436
-0.162574
-0.324196
0.115409
0.0622201
-0.0889702
1.18091
1.03857
0.814201
0.687408
0.0968726
-0.514796
-0.198941
1.32815
-0.121457
0.306593
0.0411416
0.254165
0.231347
0.125997
-0.817544
0.190546
0.283758
-0.0929796
0.171158
0.505777
-0.0719148
0.511195
-0.279102
-0.452352
0.457386
-0.030889
-0.472726
0.518247
0.0413559
0.394534
-0.382618
-0.218841
-0.195297
0.0268215
-0.482246
-0.494197
0.714147
0.235771
-1.06924
0.00461344
-0.513766
0.477227
-0.0519143
0.0280321
-0.143737
0.258518
-0.434009
-0.0246038
-0.785618
0.307492
0.425214
-0.427713
0.705377
0.565032
0.574927
0.172488
1.25443
-0.345851
-0.793682
-0.649405
0.682946
0.0942704
0.0772334
-0.355538
-0.699493
-0.562513
-0.992088
0.024023
-0.433823
-0.706255
-0.498773
0.685437
0.919012
0.238588
0.0570303
-0.931186
-0.32351
-0.297629
0.0464516
0.640405
0.617553
-0.00151559
0.361459
-0.0321766
0.253102
0.772707
-0.238465
-0.426796
0.536743
0.193635
0.056925
1.70336
-0.25703
0.374183
0.0425188
-0.718445
0.377388
1.37973
-0.118331
0.439776
0.565122
0.147677
-0.391043
0.0156013
0.0578159
0.868917
0.467414
-0.0535671
-0.295535
-0.0305054
0.507335
0.0559624
-0.038552
0.388595
-1.26941
0.310317
-0.498312
0.0266245
-0.853921
0.131799
-0.343086
-0.741778
-0.43404
0.541917
-0.559951
0.252624
-0.095132
0.856389
0.239227
0.860879
-0.477586
-0.149658
0.155808
0.156041
0.874921
0.0613548
-0.221797
-0.611619
0.773441
-0.394604
-0.0623974
0.291228
-0.116866
-0.0560925
-0.651172
-0.366617
-0.0578213
-0.743668
-0.0358855
0.408775
0.160133
-0.545365
-0.363786
0.0266731
0.22139
-0.917703
0.468672
0.295286
-0.770292
0.4324
0.60351
0.209015
-1.02007
-0.188437
0.300422
0.244322
-0.555322
-0.535992
0.400673
-0.476373
0.458556
-0.639316
-0.289961
-0.179047
0.446102
0.686515
0.021726
-0.0212231
0.268703
0.993484
-0.190613
0.359135
-0.305182
0.266855
0.152734
0.710333
-0.322098
0.0192155
0.0898006
0.0304997
-0.446323
0.361921
-0.185502
0.195062
0.260482
-0.0818875
0.166793
-0.0819625
-0.462571
0.641973
0.201453
0.213944
-0.0615911
0.388715
0.276258
-0.254203
0.161803
-0.836811
0.802466
-0.0542695
0.623913
0.697759
0.045451
-0.160075
0.201553
-0.141529
-0.554954
0.0879636
-0.68432
-0.421241
0.227886
0.55678
0.482731
-0.404896
-0.218568
0.18237
0.13564
-0.594894
0.499331
-0.428815
0.125909
0.305479
-0.237284
-0.577713
-0.445572
-0.0118453
-0.884289
-0.702672
0.177951
-0.132363
-0.159985
-0.989156
-0.553236
0.472061
0.296513
-0.647292
-0.0445285
0.0609413
-0.19364
0.473229
0.440663
-0.392755
-0.110792
0.121992
-0.598005
0.0382903
0.0923218
-0.0581124
0.0897975
-0.493236
-0.307738
0.420462
0.181388
-1.00654
0.510007
0.10577
-0.671519
1.07279
-0.494805
0.162019
-0.822274
0.050875
-0.0637913
-1.31148
1.15914
-0.208074
0.427514
-0.65822
0.0565489
-0.020062
0.830013
0.811169
-0.036947
0.172234
-0.0880523
-0.0306217
0.333186
0.14992
0.317262
0.0473835
0.00829587
-0.352308
0.91694
0.283152
0.390622
-0.164497
-0.341427
-0.225232
-0.294473
0.48678
0.335165
-0.675184
0.666609
-0.933115
-0.337399
0.133786
0.303555
-0.169903
-0.293479
-0.192637
-0.506932
-0.177865
0.811856
-0.500884
0.373011
-0.6257
-0.50823
-1.10944
0.509722
-1.10569
0.228482
-0.911737
-0.0187237
1.47236
-0.40848
-0.363554
0.0246922
0.0282857
0.051971
-0.40573
0.289251
1.29499
0.420748
0.389129
0.518652
0.1481
0.627746
-0.689506
-0.557784
-0.204699
-0.196899
-0.0856724
-0.837143
-0.35244
0.349915
-0.355553
-1.01659
1.13935
-0.120154
-0.0210524
0.293255
-0.794422
-0.333856
-0.514211
0.103822
1.11643
-1.14102
0.339195
-0.508527
-0.265857
0.632651
0.516595
-0.937645
0.0414251
-0.109218
-0.270175
-0.510916
0.06101
0.0681545
-0.109057
0.499996
-0.194081
0.676466
0.159086
0.33402
-0.0381469
1.21684
0.261769
-0.353327
0.61077
-0.180953
0.0314303
-1.19888
-0.133216
-0.32193
-0.454552
-0.749429
0.416963
0.465415
-0.677751
0.381208
-0.701801
-0.0580978
-0.663964
0.438382
-0.0365255
0.152836
-0.0219367
0.155408
1.13378
-0.239523
-0.144881
0.169055
0.16647
-0.18641
-0.492567
-0.343352
-0.524281
-0.479613
-0.570003
0.162586
0.397562
0.819435
0.469478
0.514729
-0.443595
-0.00282753
-0.0458766
-0.804527
0.0205145
0.0985822
0.0962102
-0.0306586
0.484651
-0.330128
-0.0426462
-0.312649
-0.0578168
0.063514
0.437643
-0.205658
-0.04973
0.198334
0.41127
-0.0204911
0.251806
0.460149
0.525444
-0.673644
1.12355
-0.777318
-0.772151
-0.254586
-0.316293
0.174256
0.398066
-0.201041
-0.41306
0.00321686
-0.877507
-0.341257
0.0634806
-1.0195
1.72255
0.201166
-0.238971
0.47512
-0.452102
-0.574236
-0.103325
-0.339164
0.176551
-0.701569
-0.186911
0.567909
-0.440436
0.197088
-0.276838
-0.145488
-0.574497
-0.589801
0.125364
1.10559
-0.300675
0.709503
0.561629
0.464425
-0.934744
-0.295162
0.0678945
0.086981
-0.0357369
0.574874
0.114968
0.727872
-0.731033
0.344059
0.414006
-0.800886
0.0514455
-0.666241
-0.800981
-0.0699245
-0.291308
0.559401
-0.206207
0.282931
0.276763
0.238321
-1.0184
-0.514427
0.114771
0.00827343
0.0560973
-0.55181
-1.62342
0.406443
0.516886
-0.0408405
-0.655981
0.236468
0.164572
-0.417484
-0.464973
-0.0907938
0.310608
0.203955
-0.29394
-0.465311
0.191157
0.774194
0.186275
0.40283
-0.361917
0.490769
0.101001
0.379996
-0.252212
0.311804
0.385313
0.0402387
0.43438
-0.666924
0.35891
-0.280413
0.290314
0.16185
0.0752844
-0.437776
0.912088
0.53118
0.11116
-0.680675
-0.167049
0.435523
-0.639685
0.381134
0.885636
0.185515
-0.454848
-0.540651
-0.702479
-0.336542
0.299137
1.14244
-0.715055
0.296799
-0.665004
-0.117009
-0.621366
0.100494
-0.431764
-0.358534
-0.153633
-0.871702
0.253848
0.804155
0.419258
0.913566
0.204847
1.18966
0.513725
0.488102
0.203259
-0.029618
-0.395221
1.09025
-0.318884
0.63854
0.0241936
0.343302
0.148906
-0.364677
0.245606
0.851787
-0.148877
-0.433566
-0.506358
-0.505785
0.167278
-0.226265
-0.0015618
0.546177
0.521258
0.0541742
-0.659017
0.208573
1.08978
-0.282134
-0.955852
-0.435304
-0.298182
0.880913
0.583482
0.174597
0.59352
-0.515653
0.46762
-0.369432
-0.590214
-0.589682
0.226481
0.364574
0.117564
0.164875
-0.397642
0.464275
-0.584044
0.564455
-0.116383
0.554169
-0.0123726
-0.870844
0.674337
0.222868
1.23736
0.288207
-0.867626
-0.33026
0.0347771
-1.23732
0.424808
-0.564456
0.0719644
0.58905
0.912156
0.186865
-0.488144
-0.304927
0.158612
0.209498
0.325914
0.68506
0.53493
0.412266
-0.00984214
-0.170814
-0.254565
-0.0380201
0.241656
0.771913
-0.405677
-0.687043
0.146255
0.368361
0.594277
0.386293
0.374718
0.622984
-0.134997
-0.620536
-0.727719
-0.550297
0.0669093
0.485536
0.553356
0.467488
0.630817
-0.562135
0.525082
0.179318
1.01686
-0.199207
0.385824
0.479242
0.493721
0.482352
-0.234206
-0.271794
0.0336155
-0.192715
0.556167
0.101442
0.400452
0.084949
0.776739
-0.485201
0.342999
0.115434
0.0715015
0.270372
0.313645
0.138743
-0.421846
-1.24141
0.0801081
0.924542
-0.105122
-0.138942
0.632693
0.435573
-0.488731
0.199704
-0.0161393
0.762929
-0.208719
-0.719977
-0.176542
0.316148
0.798656
-0.236095
-0.892857
1.21254
0.334287
0.197504
0.284831
0.201876
-0.334259
0.0283588
-0.144332
-0.571832
-0.292158
-0.965741
-0.177908
0.373406
-0.110739
0.550938
0.295299
-0.297642
-0.571072
0.377698
0.071286
-0.825341
0.00191462
0.034365
-0.0508454
-0.362323
0.199051
-0.346479
0.573329
-0.240492
-0.301373
-1.112
-0.0525
0.476451
-0.299944
0.970461
-0.572537
-0.110073
-0.00592274
-0.240919
-0.0119552
-0.457685
0.626323
0.539
-0.18914
0.442355
-0.0202652
-0.665922
-0.977328
0.250802
-0.6592
-0.276978
0.549216
1.50673
0.010254
0.00898276
-0.0939332
-0.152575
-0.578396
-0.842007
0.205593
0.0165912
1.00113
0.192743
-0.911233
-0.993959
0.635309
0.228121
0.337301
0.317291
-0.65937
-0.236511
-0.132253
0.622003
0.795109
-1.25733
-0.725825
0.0409518
-0.575066
-0.6857
-0.107818
-0.0584843
-0.534313
0.0481926
0.172474
0.538644
-0.198917
-0.1483
-0.652553
-0.286539
0.195231
-0.390249
-0.00392933
0.767428
-0.951303
0.00291954
-0.528424
-0.079418
-0.692876
0.477597
-0.0398771
-0.490833
0.340244
0.549638
0.114443
-0.456707
0.26538
0.548307
0.209268
-0.495021
0.120686
0.0820548
0.168945
-0.0741517
-0.672258
-0.457466
0.314652
0.283677
0.176676
0.854595
0.480949
-0.734828
-0.490217
-0.0395917
-1.24844
-0.930073
-0.476459
-0.849004
0.644159
-0.937689
0.857614
0.169552
0.0802494
-0.0356533
-0.82374
0.487436
-0.0232614
-0.103547
-0.618823
-1.06459
0.921539
0.23328
0.578873
0.333732
0.378231
-0.368063
0.0478242
0.975295
0.0570346
-0.559586
-0.0839926
-0.292586
0.347485
0.362226
-0.754549
1.12863
-0.27218
-0.803089
-0.316989
0.546411
-0.349485
0.42776
-0.844057
-0.0827173
-0.154621
0.0457711
0.506693
0.603921
-0.161767
0.283345
-0.325433
0.659859
0.214601
-0.185205
-0.480561
-0.00129628
0.125961
-0.14737
-0.483438
0.491488
-0.149362
-0.233198
0.212372
0.430411
0.0808372
-0.948599
0.520488
-0.0536639
0.232693
-0.217988
-0.527735
0.0480558
-0.906357
0.745969
0.107097
-0.248795
0.0213579
1.05446
-0.000657151
0.441218
0.340089
0.93487
-0.898199
-0.468571
0.409435
-0.194191
-1.02503
-0.781162
0.251228
-0.28743
-0.519467
0.577272
0.88762
-0.654985
-1.09139
-0.212818
0.267265
-0.0554062
-1.119
-0.40283
0.292252
-0.155987
-0.760091
0.234581
-0.0602109
-0.73426
1.42061
0.605478
-0.918984
-0.351051
0.0052984
-0.0327955
0.222248
0.447043
-0.457782
0.101483
1.27639
0.102173
0.468382
0.304813
-0.535173
0.498246
0.434251
-0.343338
0.0969529
-0.583644
-0.29825
-0.182699
0.677793
-0.293663
1.18736
-0.02342
-0.198223
0.65527
-0.42583
-0.233101
0.29403
-0.489742
0.544643
0.678872
0.395159
-0.434012
-0.789511
-1.15463
0.565104
0.484358
0.081589
-0.791013
0.617716
-0.851629
0.346552
-0.492823
0.727813
-0.0160789
-0.627584
-0.598694
-0.43854
-0.179358
-0.0594961
-0.117415
0.593376
0.0351815
-0.0476274
-0.0443628
-0.527406
0.357234
-0.636737
0.759942
0.232765
-0.169375
-0.114485
-0.40297
-0.605116
0.0172235
0.0762479
-0.14346
0.935492
0.262305
0.297596
-0.272759
0.00897946
-0.689478
-1.25667
-0.106406
0.369626
0.0905759
-0.0522924
0.26772
-0.948547
-0.427176
0.480877
-0.114872
-0.379495
0.0660837
-0.495847
-0.649588
0.277679
0.00305935
0.00941184
-0.0110371
-0.229806
-1.00592
-0.0969292
0.200765
-0.494395
-0.590899
0.142117
-0.493137
1.20203
-0.79823
0.21045
0.405908
0.218571
-0.4746
-0.375521
-0.055276
0.00253523
0.56538
0.286653
-0.553682
-0.0117893
0.359809
0.280162
-0.581148
-0.213334
0.253308
0.455423
-0.706781
0.0206035
-1.0496
0.608727
0.933627
-0.418558
-0.497766
-0.190515
-0.155962
0.847816
-0.571023
0.164594
-0.52343
0.103535
0.315438
-0.221926
-0.198155
1.28448
0.346109
-0.300764
0.65331
0.270465
0.0154941
-0.0382144
0.619545
-1.00493
-0.708548
-0.53106
-0.0414584
0.595653
-0.0229373
0.254393
-0.109538
1.13838
-0.525749
1.32203
-0.468917
-0.643205
-0.192994
0.372378
1.53815
0.951172
0.181724
-0.249219
-0.803476
0.0628326
-0.619378
0.316823
-0.801972
0.472436
-0.886881
0.383352
0.036984
0.676524
0.438097
-0.00980927
0.336675
-0.386732
0.117352
-0.525765
-0.648323
0.549532
-0.711241
0.415621
-0.0782075
0.0276083
0.805997
-0.18312
0.465529
0.693247
0.144932
-0.722041
-0.117615
0.316028
-0.0886156
-0.0812343
-0.624362
0.715272
-0.15657
-0.210502
-0.189673
0.319764
-0.627352
0.441237
0.444176
-0.119597
0.0510998
0.119355
-0.0525865
-0.0211185
0.406877
-0.958197
-0.458019
0.485049
-0.421722
0.702703
-0.163319
0.540611
0.0066869
0.233599
0.52435
-0.0575195
0.310546
1.21947
-0.465736
-0.701165
0.684703
-0.100336
0.572529
-0.162468
0.296881
0.572038
0.115268
-0.147087
-0.77473
0.0492463
0.411171
-0.241524
0.115418
0.418774
0.210668
-0.0412377
-0.512316
-1.16836
0.0694767
-0.40309
-0.225612
-0.00344358
0.427458
-0.443737
-1.07481
0.6669
0.973127
0.340332
-0.225955
-0.855515
-0.611786
-0.557142
0.366268
-0.393825
0.360609
0.378202
-0.0571056
-0.542259
1.12491
-0.111886
0.537213
-0.0417462
-0.588094
-0.458377
-0.539632
-0.442831
0.197131
-0.37903
0.119061
-0.634756
0.0707939
0.114235
0.417764
-0.438204
-0.36177
0.521338
0.243727
-0.495606
-0.56205
-0.181362
-0.256338
-0.130766
0.171667
0.578312
0.637301
-0.734698
-0.0433317
0.0325483
-0.338296
-0.164104
-0.599512
-0.142336
-0.105739
0.102281
-0.289626
0.2729
-0.1517
-0.220949
0.462521
-0.436885
0.263764
0.785856
-0.865258
0.228377
-0.589524
0.0319704
-0.966734
-0.660056
-0.0561018
0.52507
0.294927
-0.664828
0.181163
-0.21902
-0.127658
0.438307
0.6916
0.101902
-0.167982
-0.0362262
-0.00395423
0.59146
-0.236386
-0.0782288
0.555054
-0.147348
-0.401948
-0.759946
0.652519
0.0456558
-0.360328
0.178781
-0.279945
-0.142485
0.537834
-0.248018
0.603275
0.533797
-0.277303
-0.550194
-0.281012
-1.02731
-0.621541
0.999227
-0.0258844
-0.70016
-0.091961
0.644806
0.153395
-0.247788
0.0392852
0.635698
-0.0820604
-0.349379
0.420018
-1.49834
-0.219936
-0.0511894
-1.40443
-1.41471
0.47148
-0.576117
0.435686
-0.519314
-1.14441
0.0832506
0.283556
-0.273835
0.509711
0.819226
0.369014
0.125374
-0.827993
-0.409073
0.352722
-0.734754
0.144404
1.30809
-0.0620877
0.67719
-0.266952
0.126595
-0.290986
0.664439
-0.457436
0.0599477
-0.889189
-0.328209
0.0761456
-0.740211
-0.656124
-0.123778
0.649646
-0.125772
0.990037
0.392931
-0.0798692
-0.310728
-0.490972
0.235481
-0.0398597
-0.786282
0.0927027
-0.493904
-0.194535
0.60894
-0.151504
-0.243825
-0.178042
-0.885185
0.403223
0.146129
-0.610653
-0.366863
-0.0506267
-0.373432
0.692131
-0.0809674
-0.313097
0.456148
-0.695605
-0.21913
-0.939511
-0.611952
0.0263731
-0.468839
1.29138
0.300209
-0.715179
-0.0065532
0.36139
0.383194
-0.479358
0.452415
-0.487286
-0.359319
0.00536894
0.124677
0.755301
0.281651
-0.283893
0.232453
-0.290482
0.694867
0.00645795
0.657994
-0.251437
0.50989
-0.360039
-0.252132
-0.138247
0.133141
0.123302
0.136493
-1.12546
-0.917029
0.272557
-0.67076
-0.540056
0.17412
-0.0724936
-0.126378
-0.430949
0.35055
-0.42904
-0.703602
-0.159704
-0.688034
0.0635588
0.362561
0.127402
0.683368
-0.602459
1.02801
-0.0543394
-0.908481
0.705715
-0.0291411
0.355394
-0.065635
-1.01735
-0.0763511
0.0398306
-0.104498
-0.152982
0.00219974
-1.16819
0.447697
1.03862
-0.0132571
0.0158161
0.277569
-0.124836
-0.681428
0.705622
-0.177225
-0.090437
-0.211794
-0.976151
0.362311
0.70733
-0.261202
-0.0907025
-0.0931933
0.133334
-0.00596232
-0.105639
0.0515815
-0.953847
1.00436
-0.127791
0.353813
-0.319106
-1.45777
0.676847
-0.0108799
0.808185
0.236488
0.387142
0.472811
0.0912744
0.135264
-0.393336
-0.611761
-0.150588
-0.784262
-0.39256
-1.03429
0.170192
1.10448
-0.323717
0.695131
-1.2345
-0.361386
-0.262332
-0.133227
0.222054
0.863118
-0.0150282
0.182454
0.431273
0.455777
-0.097085
-0.0565078
0.45505
0.77492
-0.377406
-0.0466877
0.0633213
0.899389
0.392869
0.410682
0.372268
-0.428994
-0.437104
0.724808
0.193932
0.0296194
-0.0981263
-0.486259
0.299007
0.412458
-0.160903
-0.379668
-1.37169
-0.0565195
-0.0183002
-0.514491
0.00425738
0.0692013
0.719841
-0.0954462
0.304647
-0.149523
-0.20997
0.658763
-0.507161
0.2317
-0.287443
0.758328
0.268137
0.584965
-0.355719
0.0525305
-0.556974
-0.067408
0.107108
1.39697
-1.16287
0.114459
0.542699
-0.235329
0.258657
0.697153
-1.05728
-0.175292
-0.585845
0.350165
0.670324
0.178653
-0.0586643
-0.618528
0.762263
0.474524
-0.633505
-0.60475
0.0686567
0.434278
0.792266
-0.293608
0.189916
-0.51837
0.356154
-0.281182
-0.760212
-0.581381
-0.37516
0.0690111
-0.0326581
-0.145579
0.227609
-0.324346
0.460638
0.0305866
-0.421659
0.113736
1.09522
-0.162236
-0.52668
0.693351
0.130232
-0.558965
0.297125
0.531099
0.650685
-0.524402
-0.30875
-0.514417
-0.114012
0.374302
-0.405258
0.352421
0.326505
-0.311986
-0.280715
0.33502
1.89419
0.00256723
0.346736
-0.265548
0.126703
0.352536
0.000229312
-0.459892
-0.680532
-0.406264
0.341985
-0.505974
0.0291472
-0.122982
0.555597
-0.564122
-0.35845
0.0767899
-0.0571452
0.0377374
0.562318
-0.658173
0.346696
0.0705788
0.155472
-0.254376
0.907302
0.368771
0.928084
-0.194026
-0.498968
-0.00286154
-0.334676
0.53622
0.223455
0.351814
-0.49127
-0.113643
-0.327634
0.157879
0.122522
-0.0709779
0.162589
-1.05208
-0.458096
0.768947
0.00380036
0.151095
0.569039
0.0232439
0.0704
-0.499344
0.0126089
-0.240169
0.328736
0.340578
-0.077315
1.22546
0.167506
0.106086
-0.395002
0.567316
0.077306
-0.165062
-0.126266
0.929929
-0.600603
-0.264987
0.446756
0.534262
0.338052
-0.336786
-0.480429
-0.0150768
0.50491
-0.156068
0.652713
-0.267322
0.139452
-0.00710298
-0.408418
-0.290642
0.104266
-0.0400283
0.284508
-0.242907
0.33283
-0.897454
-0.45488
-0.589851
-0.514468
-0.0152523
-0.156917
0.0240326
-0.869988
-0.0370759
0.121125
0.0789843
-0.202671
-0.325336
-0.575386
0.361556
0.290172
-0.627774
0.175865
1.61183
0.00592782
0.177064
-0.31728
-0.22396
0.818227
0.344914
-0.252128
-0.162748
-0.0197037
-0.475053
0.0997787
-0.349083
0.073798
0.0829861
-1.04894
-1.06495
-0.398708
0.561895
-0.926397
-0.463882
0.115569
0.0364167
-0.495844
-0.888261
-0.372393
0.350993
-0.199554
-0.333978
0.563873
0.766556
-0.435317
0.806279
0.898249
0.860063
0.138283
0.438358
0.0339564
-0.773667
-0.34955
0.12328
-0.304781
-0.815984
0.338676
0.482348
-0.129291
-0.602516
-0.188732
-0.491485
-0.428426
0.202017
0.037399
-0.62961
0.792954
0.307938
-0.296884
-0.137334
0.234633
-0.800618
-0.455788
-0.297196
0.810422
-0.899056
-0.825085
-0.188795
0.273044
0.258875
0.353735
-0.747408
-0.0318022
-0.463246
0.0227729
0.0255222
-0.317889
0.20418
0.241522
0.471938
0.412906
-0.327781
-0.424658
0.332953
0.287555
-0.036519
0.177011
0.181978
0.123985
-0.333153
-0.338851
-0.675595
1.29189
-0.0605628
-0.719381
-1.09903
0.708728
-0.0596212
1.50421
-0.739779
0.467313
-0.613488
0.81006
-0.234878
-0.336668
-0.142089
0.188875
0.42135
0.963335
0.817394
-0.262799
0.662466
-0.234631
1.16987
-0.507318
0.715885
-0.055257
0.433752
-0.104107
0.556633
0.423996
-0.279456
0.380136
-0.234449
0.715615
0.052187
-0.680995
0.928615
-0.19096
0.0724247
-0.380774
-0.216682
-0.117603
0.491973
0.394622
0.497763
-0.782059
-0.700766
0.20039
-0.649546
-0.770401
0.543049
-0.432434
0.340104
0.145712
-0.0436148
-0.112116
0.620898
0.132011
0.00401276
-0.182947
0.110353
-0.59491
-0.0171314
-0.274599
0.6912
0.624442
-0.328691
0.148648
0.920604
-0.45198
-0.249536
0.675963
0.0506853
-0.300516
-0.234492
-0.658766
0.0242134
0.0312942
-0.378772
-0.695218
-0.309066
-0.115423
0.425864
0.299598
0.546582
0.0859722
-1.01078
-0.584404
-0.761942
0.154622
-0.129282
0.497273
-0.471763
-0.163841
0.583517
-0.14729
0.427666
-0.0780835
0.0507545
-0.179769
-0.931721
-0.0314927
-0.160404
0.735002
1.07151
-0.50086
0.0944426
0.27698
0.65662
-0.227076
-0.409637
0.425823
-0.510725
-0.62734
-0.612115
0.53726
0.0902402
-0.617378
-0.318198
0.726112
0.690728
-0.0258142
-0.454706
-1.05621
-0.30087
-0.25823
0.0826578
-0.535595
0.599169
-0.153356
0.812662
0.381298
0.944424
-0.334855
-0.33974
-0.394125
-0.717267
0.631522
-0.364091
1.04798
-0.339395
-0.666186
0.192103
0.0555145
0.337323
0.0115332
-0.118792
0.0479568
0.0233061
-0.22523
-0.312782
0.417713
-0.15375
0.901983
0.0942192
-0.287879
-0.915961
-0.0777863
-0.433675
0.274184
1.16581
-0.432896
-0.119667
-0.0777586
0.533003
0.713865
0.00235687
0.00373016
-0.522243
0.68754
-0.706291
-0.473695
0.165912
-0.672317
-0.47158
0.131416
0.0122886
-0.159153
-0.127949
-1.4165
-0.846631
-0.514798
-0.587987
0.548447
-0.257235
0.00458018
-0.232303
-0.616899
0.265281
-1.0493
-0.677742
-0.755413
-0.36875
-0.0676405
-0.0633044
-0.305314
-0.28039
0.202424
-0.0516384
0.0580216
0.43987
0.493252
0.310787
0.196912
-0.542892
-0.295747
1.20351
-0.073761
0.461303
-0.579144
0.283646
0.0408808
-0.11784
-0.657408
-0.129397
0.119943
0.276525
-0.574747
-0.104132
-0.595578
0.108407
0.00843574
1.11917
-0.192896
-0.173945
-0.463184
0.371615
-0.131073
-0.508546
0.549507
-0.160732
0.0857294
0.497054
0.189952
-0.167709
-0.181239
-0.651372
0.355918
0.285168
1.1674
0.0271769
0.529132
0.0946722
0.00337704
-0.292033
-0.551826
-0.533241
-0.0412596
-1.09271
0.2151
0.996621
0.862789
0.139844
-0.0210213
0.0469081
-1.10176
0.226867
-0.140869
-0.653437
0.651044
-0.287548
-0.353649
0.0826332
-0.98649
-0.867343
0.0891756
-0.221359
0.202804
-0.120287
-0.144103
0.291143
-0.0866965
0.913076
-0.351897
-0.091297
0.687405
-0.70447
0.00125587
-1.20542
0.779293
-0.243841
0.665057
-0.528084
0.101006
-0.025533
0.58512
0.40397
0.210275
-0.973823
-0.0784916
0.0728638
-0.140239
-0.0807294
0.141871
0.405189
0.407033
0.11556
1.12098
-0.33878
0.993065
-0.999204
0.0509529
0.0506976
-0.200065
-0.695734
-0.42513
-0.576616
-0.439866
-0.669794
0.205189
-0.184677
0.555133
-0.146384
0.493904
-0.265871
-0.817976
-0.202102
0.23848
0.61598
-0.82997
-0.0973622
-0.279439
0.033962
-0.136718
-0.0962995
0.194587
0.273163
0.162936
-0.49058
-1.25666
0.0442332
0.4523
0.454733
0.0056796
0.480782
0.406613
-0.453417
0.366536
-0.298557
0.486914
-0.0917937
0.861314
0.112739
-0.883005
0.421994
-0.419766
0.228777
0.267243
-0.0583399
0.736023
0.305989
-0.208418
-0.15836
-0.0355464
-0.160594
0.771905
-0.480017
-0.540218
-0.49713
0.207109
0.373118
1.31517
-0.162701
-0.514707
0.358282
-0.599016
-0.555893
0.459167
-0.0196908
0.190909
1.30555
0.651684
-0.648346
-0.170426
0.256839
0.130633
-0.316777
0.0582059
-0.274312
0.34148
-0.422796
0.425653
0.120706
-0.63968
0.135808
-0.0218585
-0.134165
0.469064
-0.553488
-0.402832
-0.192681
1.19219
0.118968
-0.483979
-0.135544
0.607034
0.263959
0.14837
1.03121
0.704396
-0.0408782
-0.814624
-0.130437
1.01859
-0.849417
-0.993528
0.0832932
0.00136438
0.00250318
0.0313775
-0.491878
-0.389502
-0.357026
0.298923
0.252949
0.601931
-0.402829
-0.395244
-0.268015
-0.331399
-0.208658
0.429533
-0.297592
-0.384757
0.571025
0.00481566
0.188608
-0.526348
0.126969
0.320446
-0.632876
-0.215382
0.333384
0.242711
-0.373665
0.45227
-0.570181
0.365832
-0.181712
-0.00905499
1.03954
-0.0353504
-0.248532
-0.702384
-0.493156
0.0581587
0.275899
-0.64525
0.0086974
0.602162
0.0356967
-0.878585
-1.20264
1.04183
-0.67146
0.0700381
0.228888
1.03603
0.16476
-0.0772531
0.140659
0.607094
0.128749
0.437873
0.468932
0.348459
-0.283577
-0.381524
0.535856
0.019237
0.36162
-0.450806
1.15068
-0.1939
0.179312
0.152754
0.770341
-0.161493
0.435743
-0.048357
0.440819
0.749614
-0.452364
-0.00137266
0.28492
-0.410574
-0.0387361
0.653875
0.336328
0.0603857
-0.813258
-0.315578
0.623167
0.463671
0.567755
-0.363693
-0.388961
0.50342
0.118261
0.746177
-0.233276
-0.511068
-0.175621
-0.000114322
1.18008
1.20776
-0.522835
-0.783249
0.336184
-0.0850243
0.0869592
0.214558
-0.874887
-0.649552
-0.398005
-0.20618
-0.153884
-0.0820175
0.390112
-0.437656
0.18006
-0.742433
0.127177
0.0823016
0.887215
-0.370181
0.393005
-0.526004
0.745602
-0.736511
-0.0257652
0.449163
-0.0257835
-0.7089
-0.235525
-0.131392
-0.468946
-0.620979
0.726382
-0.080253
0.44697
-0.385803
0.466519
0.694125
0.0223612
0.305694
0.233325
0.164823
-0.355973
-0.203787
0.654427
-0.028637
0.704686
0.733362
0.025492
-0.234443
0.778363
-0.194955
-0.380068
-0.866647
-0.638668
0.418779
0.522182
-0.159058
0.041507
-0.277318
-0.642826
-0.513384
-0.0992296
0.416628
-0.132275
-0.474289
0.658448
0.287917
0.465331
0.444676
0.159727
-0.217758
-0.366503
-0.358316
0.246498
0.789104
0.114347
0.0189617
-0.127495
-0.0583707
-0.0305785
0.0795813
-0.412852
0.323292
-0.821983
0.0281825
-0.606742
-0.241337
0.171088
-0.470352
0.399811
-0.144463
0.287238
-0.393324
-0.620784
0.239289
-0.0956354
0.298568
1.47319
-0.564191
-0.235617
0.558418
0.555613
0.700804
0.072993
-0.44878
0.612626
-0.196638
0.0471035
0.135018
-0.090464
0.375923
-0.182332
0.25474
0.351372
0.0345959
0.44725
-0.253025
0.196134
0.0372059
0.615345
-0.696166
-1.14224
-0.0681562
-0.258303
0.217812
-0.371682
0.299936
-0.0755731
-0.563802
0.695636
0.248022
0.232668
1.19892
0.976581
-1.07508
-0.111471
0.19642
-0.139443
0.0325882
0.0920016
0.797549
-0.197676
0.23872
0.0702073
0.94459
-0.168143
1.07794
-0.647832
0.994403
0.288087
1.06198
0.145855
0.309968
0.172751
0.805742
0.495569
0.222411
0.0626757
-0.70088
0.193784
0.0104681
-0.639549
-0.650203
-0.179951
0.729954
0.192042
0.534443
0.538374
-0.329707
-0.313302
0.433961
0.167927
0.438693
-0.54915
-0.516205
-0.806784
0.572172
-0.169758
0.183222
-0.42067
0.531806
0.456315
0.556595
0.889334
0.0759342
-0.0632763
0.0318624
-0.240882
0.735641
0.45429
-0.0323699
-0.141517
1.17148
0.249827
-0.105232
-0.034891
0.85986
0.27964
-0.0024693
0.124426
-0.113944
0.704088
0.227132
-0.822144
-0.117434
-0.189974
-0.18834
0.722539
0.407417
0.135695
0.259128
0.727468
-0.143582
1.47765
-0.107584
0.314896
-0.184137
-0.640907
0.141054
-0.0804873
0.708758
-1.38745
0.119128
-0.589314
-0.921825
0.212801
-0.104184
-0.359961
-0.0405892
-0.307472
-0.627383
-0.0747516
0.741285
0.651705
-0.618944
-0.076971
-0.318199
0.295904
0.489246
-0.185145
-0.0484763
-0.454906
0.498895
0.396114
0.384919
-0.239329
0.576082
0.299067
0.553699
-0.423567
-0.452364
0.952758
-0.0705323
-0.503672
-0.277945
-0.182784
1.24781
-0.117047
0.403396
-0.841719
1.18237
0.1292
0.225845
-0.123924
0.0394416
-0.491644
0.300446
-0.365266
0.377226
-0.0639383
-0.180988
0.55035
-0.162071
-0.552043
0.646211
0.368643
0.807304
0.751453
-0.336437
0.671771
0.223573
-0.117698
0.222679
0.490485
-0.635459
0.640121
0.31641
0.224211
0.256324
0.141971
-0.134432
0.172175
1.06466
0.117175
0.523832
0.567252
0.402756
-0.0883336
0.303178
0.332245
0.127684
0.170405
0.696149
-0.371314
-0.721894
0.0527601
0.0601359
-0.136027
-0.487783
-0.600975
-0.54316
0.119524
0.325129
-0.79107
0.330218
0.597566
0.326245
-0.430119
0.760321
-0.536705
0.484787
-0.351148
-0.855744
-0.212275
-0.266049
0.295289
0.436263
-0.18234
0.231136
-0.416239
-0.306607
-0.202661
1.16127
-0.506665
0.639265
-0.203207
0.964363
0.148871
0.147788
-0.149147
-0.955125
0.750442
0.591909
0.373793
-0.317749
-0.608957
-0.405801
0.790336
0.36902
0.3493
-0.368425
0.888062
-0.938844
0.0929913
0.187709
0.206145
-0.644976
-0.0511525
-0.175819
0.524248
-0.195003
1.00888
-0.804483
1.13662
0.227259
-0.689008
-0.218531
-0.0622665
0.405713
0.125183
-0.446486
0.00657187
-0.0552118
-0.117968
-0.413173
-0.525873
-1.07342
-0.587216
0.306475
-0.123832
-0.56458
-1.17898
-0.0374368
-0.631257
-0.243145
-0.205058
0.502476
0.384218
-0.434981
0.172604
-1.12225
-0.224315
0.156935
-0.112732
0.0328565
-0.0692662
0.378975
0.584596
0.375632
-1.18652
-0.331844
-0.212496
0.609717
0.169815
0.0120318
0.811098
0.944464
-0.504281
-0.255245
-0.081537
-0.945702
-0.545172
0.669363
-0.0682702
-0.843366
-0.11073
-0.760663
-0.380508
0.00708606
-1.36094
-0.689872
-0.633383
-0.256632
0.376532
1.37451
-1.13382
-0.624206
0.819519
-0.161317
0.868287
-0.7806
-0.0032065
-0.341131
-0.0532727
-0.013494
0.0934319
0.47534
0.398376
-0.0431491
0.91149
0.18051
-0.4255
0.317703
0.667449
-0.380138
0.3287
-0.213395
-0.406266
0.62014
0.832942
0.379013
0.0671219
-0.246179
-0.25031
-0.354166
-0.373707
0.917034
0.232112
0.588822
-0.314522
-0.475614
-0.392039
0.46663
0.151149
0.067555
-0.355452
-0.871867
-0.4562
-0.263136
0.803604
-0.528129
0.522476
0.312811
0.235525
-0.133112
1.11694
0.00490608
-0.507201
-0.258549
0.540141
-0.482291
0.00640993
-0.40601
-0.117355
0.1605
-0.472078
-0.456142
-0.94634
-0.600766
0.132832
0.560169
0.203162
-1.12004
-0.610837
0.523836
0.327667
0.207139
0.651819
-0.294016
-0.238527
0.801862
0.835947
0.522711
0.726868
-0.458299
-0.343021
0.468452
0.0773919
0.149631
0.803044
0.554761
0.499076
-0.0084735
-0.698621
-0.369294
0.09215
0.607164
-0.00681586
-0.410701
-0.663901
0.37192
0.642309
0.13115
-0.559994
-0.284979
0.0754079
-0.191546
-0.301666
-0.0868192
0.708907
-0.109094
0.830191
0.0403423
0.460385
-0.173861
-0.34857
-0.417538
0.0948193
-0.0822218
-0.848703
-0.110555
-0.406668
0.891113
-0.119701
-0.209528
0.194292
0.372807
-0.333534
1.04782
0.110685
0.0862878
0.0401487
0.637336
-0.381749
-0.591083
0.516595
-0.096324
0.848165
0.124517
-0.444761
0.621733
-1.07467
0.0746676
-0.684224
-1.24
-0.117958
0.906997
-0.13444
-0.225609
-0.345865
0.361699
-0.423031
0.232827
0.106777
-0.131165
-0.370344
0.39888
-0.502884
-0.120252
-0.404415
-0.243272
-0.259041
0.0805603
0.190518
-0.0114503
-0.269755
0.363859
0.453951
0.594388
0.489245
-0.146334
-0.462792
-0.911423
1.00964
0.713011
-0.357512
-0.627148
-0.852481
0.316096
-0.254051
-1.62961
-0.0819239
-0.839674
0.240911
0.709276
0.297248
0.00468886
0.228243
0.158704
-1.04188
0.11503
0.208183
0.599033
-0.0910051
0.611392
0.595079
0.00935817
0.0863944
-0.463586
0.0839397
-0.0194883
0.165663
-0.0186517
0.24301
0.453763
-0.32236
-0.00399648
0.181938
0.126747
0.51015
0.238675
-0.00664024
-0.0672717
-0.589782
-0.369499
0.0906157
-0.771164
0.564981
0.0667815
-0.2431
0.394845
0.133133
0.360986
0.245497
0.214319
0.561829
0.0649872
-0.0937958
-0.730326
0.400274
0.0265278
0.601308
0.225119
0.366946
0.52946
-0.422933
0.819375
0.600708
-0.761772
0.452248
-0.566709
0.377765
-0.152864
-0.1505
-0.134089
-0.184046
-0.523506
0.757514
-0.455838
0.154514
0.000188591
-0.603118
-0.0739759
0.109299
0.979791
0.275264
-0.156736
0.145323
0.0348799
-0.609797
-0.0307723
0.999678
0.339058
0.230591
-0.079336
-1.02614
0.420832
0.192573
0.0151475
0.496273
0.39324
0.0251078
0.457415
-0.587908
0.0999044
-0.53246
0.522706
0.698176
0.0185371
0.359952
-0.210894
-0.39611
-0.234538
-0.137751
0.575882
0.355062
-0.44878
-0.0251537
-0.0748054
-0.0524064
0.495283
-0.281514
-1.0561
-0.111218
-0.191791
0.687542
0.341008
-0.27369
0.216997
1.19534
-0.705291
0.265511
-0.659685
-0.696537
-0.141169
-0.29398
0.0574785
0.0898218
-0.0515523
-0.155901
0.268649
-0.363926
-0.466031
0.402103
0.624177
0.217381
0.525638
-0.256043
0.146859
-0.97959
-0.107693
0.310447
0.242287
0.705121
0.441847
0.267463
-0.239762
0.391266
0.123479
-0.29883
-0.576827
-0.595194
0.958057
1.10106
-0.0644155
-0.608179
0.0433975
-0.0491825
-0.452598
-0.121677
0.00468796
0.0775931
0.536207
-0.504267
1.31757
-0.657833
0.0942398
0.178364
-0.195651
-0.679208
0.555873
-0.197873
0.686395
-0.358763
0.790518
-0.0586686
-0.429172
-0.358989
0.480648
-0.243746
0.624535
-0.11875
0.740015
0.0329857
-0.964541
-0.0329026
0.687781
0.559879
-0.459788
0.0425679
0.769228
-0.296163
0.110811
-0.845931
-0.252617
0.734183
0.529422
0.306078
-0.478182
0.0824017
-0.474982
-0.394022
0.660848
0.025646
0.176968
0.317609
0.681692
0.42799
0.178894
-0.0392885
-0.42448
-0.280151
-0.143116
-0.39568
0.293895
-0.344196
-0.0199608
-0.0867709
0.510131
0.246079
0.805709
0.152536
-0.876748
0.138908
-0.879713
-0.726968
-0.882164
0.233926
-0.463678
0.36484
0.632496
-0.957727
0.00324932
-0.0651941
0.254392
-0.091817
0.336792
-0.818713
0.318157
0.100487
0.246669
0.481129
0.41293
-0.520936
0.387894
0.0916724
0.22266
0.017241
0.34369
0.458677
0.366688
-0.450294
1.04867
1.08657
-0.0799593
-0.250134
-0.201268
0.501348
0.349858
-0.525225
0.366501
0.326198
0.175903
0.405146
-0.448024
0.0848894
0.203012
-0.483792
-0.058801
0.575263
0.145851
0.386163
-0.348355
0.0341969
0.578442
0.81305
0.270204
0.555002
1.44107
-0.0708516
0.554424
-0.0796823
0.4081
0.018297
0.268022
-0.795218
-0.0274042
0.0187773
-0.000667469
0.147691
0.13394
0.883383
0.450856
-0.0120494
0.0227139
0.100597
-0.902571
-0.0881204
0.4425
-0.0779293
0.764613
-0.426863
0.385754
-0.0660931
-0.648099
-0.28661
-0.0052298
0.100561
-0.00559396
0.984984
0.183469
-0.0497853
-0.229977
-0.100881
0.478824
0.266169
0.045702
-0.865992
0.27887
0.395486
-0.00849116
0.0155899
0.344612
0.423219
0.393443
0.657177
-0.176647
0.384599
0.196534
-0.158691
0.795968
0.0204614
-1.31575
-0.223632
-0.152926
0.0247742
-1.06262
0.0231546
-0.288154
-0.486145
-0.12867
0.352241
1.44218
-0.562033
-0.350396
-0.037518
0.268029
0.255598
-3.38676e-05
0.142687
-0.196127
0.547899
0.00669009
-0.364249
-0.140313
-0.378984
-1.09567
0.0738622
0.48742
0.1046
0.4954
-0.178649
-0.575033
-0.14559
0.237247
-0.0866548
0.801303
0.412832
-0.464372
-0.0162148
0.0241531
-0.25908
0.515966
-1.56891
0.269921
-0.52113
0.107635
-0.461934
0.180247
-0.558155
-0.51859
0.155548
-0.828253
0.263941
-0.323736
0.174729
-0.49294
0.138106
-0.891745
0.694055
0.120154
-0.125936
0.0717369
0.303498
-0.64781
-0.563615
-0.320188
-0.0410586
0.0595715
0.242321
0.56481
0.129472
-0.560379
0.0261085
0.559504
-0.0596091
0.257014
-0.43311
-0.533729
0.314148
-0.413897
-0.573574
-0.0596145
-0.605866
0.164413
0.994103
0.0272274
1.31402
0.77125
-0.436948
-0.787851
-0.502382
-0.688694
-0.28085
0.132311
0.960165
0.326148
0.0300385
0.262087
-0.100992
-0.894053
0.104871
0.354635
-0.0800293
0.819291
0.549904
0.167339
-0.704252
0.281849
-0.654182
0.989837
-0.977579
-0.866632
-0.91102
0.611546
-0.7495
0.660666
-0.610822
0.136752
0.427741
-0.308958
0.0449365
0.457717
0.294963
-0.112173
0.154033
0.569868
-0.145278
-0.571608
-0.576834
0.408384
-0.249061
0.191052
0.038441
0.60819
-0.368189
0.651471
-0.11992
-0.381748
0.369968
0.685258
0.964677
0.65333
-0.411773
0.491817
0.975447
-0.150173
-0.351626
-0.298681
-0.473151
-0.19152
0.0674602
0.728113
-0.508674
-0.102076
0.875112
0.626535
-0.319195
0.437085
0.157714
-0.779921
0.111165
-0.465383
0.528386
0.470446
-1.35737
0.20443
-1.08031
-0.1056
0.539364
-0.0199887
0.368961
0.103479
0.469684
0.239208
-0.143268
0.413268
0.233495
0.511403
0.763469
0.0884125
0.182793
0.681326
-0.0882782
0.377862
0.511011
-0.0152228
0.458472
0.00533019
-0.249365
-1.0241
0.348363
0.0641718
-0.176328
-0.0343233
0.874743
-0.268869
-0.809126
0.278899
0.530875
0.0758849
0.558198
-0.163182
-0.273456
0.346206
0.102708
-0.390875
-0.112784
0.0977846
0.760798
0.392898
0.242838
-0.725385
0.212161
0.0288094
0.471271
-0.661418
1.0867
0.217266
0.447066
0.110376
-0.992529
-0.683727
0.855464
-0.316026
-0.797635
1.41917
-0.57716
-0.764905
-0.692496
-0.200672
-0.297564
0.884045
0.100907
-0.626571
0.685434
0.477574
-0.342762
0.133714
0.0755671
-0.508201
-0.789726
0.360498
0.191545
-0.324792
0.439174
-0.392055
0.473225
-0.171648
0.31988
0.690973
-0.024191
-0.112626
-0.517405
0.777634
-0.0643658
0.493316
-0.494009
0.112172
0.117273
-0.463206
-0.603311
-1.00963
-0.364477
0.853826
0.874635
0.14887
0.389799
0.396314
-1.31126
-0.391264
-0.13022
-0.757395
0.134034
-0.55579
-0.791227
0.295844
-0.0195006
-1.40242
0.00479686
0.115911
-0.164642
0.130332
0.598431
0.663261
0.530689
0.628625
0.115665
-1.28295
0.0285083
0.516069
0.53847
0.261801
-0.225836
-0.031291
0.395484
-0.240587
-0.391706
0.45933
0.340419
-0.303524
-0.0925733
0.367138
0.649008
-0.966228
-1.11204
-0.155772
-0.24961
0.0320949
0.241935
0.815664
-0.481393
-0.162285
-0.36402
-0.311875
-0.223188
0.425507
-0.538749
-0.110123
0.0726591
-0.32672
-0.154005
0.543155
1.57995
0.522211
0.481971
0.117543
0.254016
0.370222
0.311114
-0.0713944
-0.590977
0.519704
0.904704
-1.0879
-0.141066
-0.228339
-0.586814
-0.395481
0.676684
0.661492
-0.142112
-0.482743
0.746221
0.464178
0.478847
0.228442
0.245563
-0.532119
0.184297
-0.716917
0.076053
0.39701
-0.32686
0.0592549
-0.705638
1.29191
-0.292258
-0.244751
-0.663492
0.473795
0.0343938
0.257129
1.21546
-0.284132
0.23862
0.336032
-0.65205
-1.22218
0.362116
-0.347832
-0.258488
-0.19572
1.48505
0.268076
0.25546
1.4903
0.11566
0.776386
0.700662
0.248583
0.521384
0.807342
-0.177534
-0.495772
-0.557818
-0.62935
-0.480122
0.208205
0.204552
0.34958
0.724738
-0.404564
0.0628108
0.263036
-0.0254446
-0.137626
0.366124
-0.576909
0.708574
0.435904
0.228381
0.327102
-0.358603
-0.0689023
-0.324732
-0.362443
-0.251925
-0.245285
0.0923762
0.124566
0.677116
0.326504
-0.577959
0.0147877
-0.378974
-0.102057
-0.016179
0.567885
-0.340748
0.484674
-0.536462
-0.261458
0.510057
0.507332
-0.411846
-0.377067
0.728487
0.0772369
-0.109216
0.183481
-0.25414
-0.0980705
0.100336
1.02632
0.0890797
0.431916
0.0587268
-0.140744
-0.218546
0.107704
0.257248
1.19793
0.0543864
-0.825729
-0.121117
0.388404
-0.379097
-0.385127
0.41656
-0.82463
0.267349
-0.590727
0.764249
1.24928
0.550137
0.358741
-0.190481
-0.204312
-0.249725
-0.486459
-0.922971
-0.397985
-0.677117
-1.34762
-0.0986234
0.042353
-0.811706
-1.07274
0.164402
-0.181824
0.359953
-0.92565
-0.727643
-0.0250161
0.156428
-0.133017
1.56565
-0.0202192
0.125046
1.01955
-0.668877
-0.381767
-0.557972
0.0159604
0.00134173
-0.227341
-0.123259
0.882428
-0.277039
0.0534351
-0.181555
0.0412152
-0.206608
-0.299022
0.342148
-1.34701
0.337176
0.108845
-0.938049
0.512211
0.567456
0.169511
0.160052
0.456427
-0.624009
-0.313786
0.0363551
0.461427
0.104666
0.843884
0.205934
0.120765
-0.126562
0.0893609
0.853859
0.0419694
-0.490797
-0.404606
-0.409036
-0.126881
0.161738
-0.00465161
0.584939
0.444816
1.11033
0.384394
0.232911
0.616279
-0.574268
0.267863
-0.197827
0.27794
-0.473087
-0.23447
-0.179273
0.306036
-0.605649
-0.329732
-0.803894
-0.581647
-0.32241
-0.467297
0.46175
0.299546
-0.229254
-0.0380604
-0.39436
0.0618635
0.358176
1.05074
0.58228
0.413611
-0.692312
-0.351697
0.818697
0.0263879
0.236552
-0.00193845
-0.0131325
0.216149
-0.169988
-0.126478
-0.245662
0.170125
-0.698391
-0.202603
0.414484
-0.37584
0.584757
0.431986
0.0045445
-0.396074
0.0655039
0.125673
0.35436
0.208059
-0.0309077
0.599916
-0.277005
0.685704
-0.122689
-0.16947
-0.194027
-0.0038543
0.89042
0.440274
0.245273
-0.183278
-0.52568
-0.15949
0.0160903
0.0788463
0.317974
0.444479
-1.01347
0.367711
1.48623
-0.806227
0.530196
-0.537193
0.0105147
-0.109651
0.417559
-0.850996
0.601854
-1.12511
0.5874
0.0177478
0.3023
-0.221636
0.493531
0.690992
0.34192
-0.0347139
-0.29069
-0.618064
0.146602
-0.0675748
0.155982
0.216116
0.718208
0.360015
0.156779
-0.0812884
0.231033
0.113793
-0.168659
-0.112748
0.254914
-0.436728
-0.177154
0.0664906
0.136025
0.757258
0.186278
0.323477
-0.580015
-0.0308489
0.360214
-0.346559
-0.646105
-0.253845
1.21501
-0.0323032
1.41288
-0.263412
0.0884486
0.548161
0.0458942
0.195519
0.0787956
0.957661
0.0258853
0.266624
-0.858162
0.250063
0.231431
-0.351089
0.678412
0.426723
0.013686
-0.704195
0.567673
-0.0644658
-0.216151
-1.08269
0.419223
0.744535
0.340493
0.303868
-0.00383463
0.552824
-0.331351
-0.293899
-0.811518
1.20494
-1.06429
0.631481
0.091211
-0.773733
0.72707
0.266152
-0.326996
-1.16986
0.643574
-0.259656
0.0133618
-0.951016
-0.376003
-0.699024
0.142678
0.483728
0.195039
-0.261178
-0.290988
-1.0018
-0.233492
-0.136534
0.234192
-0.479808
0.585314
0.263377
-0.0740943
0.41211
0.0542482
-0.940518
0.261001
-0.0511804
-0.818459
1.25989
0.421591
-0.722169
0.634728
-0.157132
0.898655
-0.229212
0.463369
0.135197
0.632444
0.104762
0.486298
-0.622288
0.506149
0.105263
0.0926668
-0.287646
-0.835974
-0.364526
-0.912011
-0.404481
-0.0936898
-0.0844543
0.42792
0.391709
-0.324799
0.8796
-0.199132
0.27144
0.116504
0.0326002
0.0541452
0.450426
0.582591
-0.11418
-0.255041
0.072705
0.135284
0.943208
0.120569
-0.251426
0.582916
-0.492336
0.807339
0.370926
-0.476118
-0.299594
0.101155
-0.466626
-0.255505
-0.24785
-0.674871
0.377708
-0.731186
0.0423141
-0.0603743
0.296964
0.0577508
0.00739504
-0.320872
0.157286
-0.310347
-1.11947
0.00592339
-0.246503
0.548736
-0.488229
0.340794
0.0743576
-0.351642
0.022129
0.958169
1.0442
0.652836
-0.264362
-0.510461
0.37023
0.195521
-0.559763
0.260897
0.266996
-0.455282
0.133251
0.630502
0.243947
0.395197
0.428007
0.152209
0.0639416
-0.494567
-0.0107386
-0.243118
0.295489
-0.857566
1.10104
-0.256251
0.0150592
0.00739815
0.00747221
0.0367143
0.707133
-0.44842
-0.486881
0.347473
0.188365
-0.13218
0.203887
0.375924
-1.01698
0.402781
0.20372
0.214402
0.302286
-0.317477
0.30646
0.217311
-0.520791
0.181371
0.3963
-0.541099
-0.316654
0.45026
0.122385
-0.100176
-0.207983
-0.584151
0.18812
0.387981
-0.0302946
0.539237
0.154232
1.04126
-0.050738
-0.096646
-0.156149
-0.15878
-0.707851
-0.309107
1.22069
-0.391463
0.585636
0.592202
0.448929
0.344684
-0.848274
0.585155
-1.17206
-0.189707
0.0313687
0.42068
-0.193513
-0.279922
-0.309108
0.469882
-0.827881
0.691314
-0.368477
0.587875
-0.878601
-0.103581
0.289324
0.41302
-0.0695941
0.158702
0.723601
0.348979
-0.0330137
0.557672
-0.614555
-0.161538
0.264987
0.14033
-0.30423
0.113165
0.064672
0.486262
-0.0223916
0.74838
-0.653661
0.507219
1.09511
0.430093
-0.371158
-0.117327
-0.474162
0.472706
0.233271
0.0257365
0.160676
0.504325
0.216888
-0.748393
-0.328014
-0.263836
-0.123952
-0.803498
0.206569
0.795361
0.73289
0.0264584
-0.553241
-0.568867
-0.113958
0.13805
0.15411
-0.577105
0.161249
-0.334326
0.735316
0.801379
-0.925265
0.0936302
0.567879
0.0149568
-0.497375
0.0934767
-0.121727
0.215115
0.0429466
-0.494596
-0.362894
-0.976257
0.0376081
-0.0230325
-0.546663
-0.226566
0.210741
-0.211769
-0.206812
-1.09207
-0.152825
-0.0128098
-0.1352
-0.280495
0.0508625
-0.690597
-0.448444
0.138473
0.55455
0.189354
-0.230511
-0.31322
-0.307749
-0.781912
-0.0516925
-0.13258
0.176931
0.145481
-0.295393
-0.525328
0.926191
0.0165043
0.12796
0.261917
0.21527
0.139637
0.360029
0.176344
-0.495125
0.0780977
-0.142018
0.475664
-0.484851
1.12831
-0.110791
0.675696
0.182425
0.765421
0.692696
-0.160313
0.762566
0.995353
-0.522167
0.026829
-0.108333
0.794439
0.107543
0.81906
-0.760809
0.902726
0.187888
-0.968494
-0.2735
-0.357213
0.107571
-0.683858
-0.262282
-0.565574
-0.654448
-0.975087
-0.808398
0.393805
-1.11602
0.67372
-0.423876
0.965083
0.521702
0.541744
0.0468753
0.135602
-0.0625054
-0.033601
0.301621
0.880026
-0.326461
0.4233
-1.1486
0.341874
-0.671517
-0.189381
-0.0964858
0.476474
-0.513515
0.678134
0.0524927
0.271682
-1.04112
-0.371573
-0.408716
-0.205034
-0.274982
-0.0984442
0.690587
0.262311
0.626466
0.386571
0.167562
-0.345414
-0.296319
0.116581
0.916515
0.555656
0.45455
-0.653446
0.380513
-0.394705
-0.362537
0.043139
-0.704159
0.759383
0.219398
1.01615
0.835882
0.662449
-0.235413
-0.290747
0.0991392
1.14174
-0.303982
0.758554
0.417893
-0.15515
-0.0976703
0.108078
-0.285806
0.439035
1.00983
0.167297
0.143793
0.16787
-0.866207
0.436055
0.641327
0.232582
-0.0314497
0.62524
-0.769836
0.0815464
0.386533
-0.703314
-0.0701336
-0.36083
-0.335722
0.0483364
-0.182467
0.234257
0.198079
0.163718
0.442054
-0.451314
-0.0960273
0.352474
-0.356903
0.07704
0.946425
0.0424575
-0.584719
-0.868853
1.07806
-0.367263
-0.884505
-0.753057
0.129816
-0.629407
-0.566354
0.837398
-0.00587722
0.0766971
0.246693
-0.00815795
-0.0760936
0.525389
0.520996
-0.253023
-0.102797
0.143276
0.194175
-0.851431
0.246344
-0.194639
0.0784446
0.931719
-0.273017
1.06391
-0.45792
0.301312
-0.117929
-1.02898
-0.0709359
0.118443
0.137877
-0.209243
0.127645
-0.0415368
0.131105
0.104106
0.413065
0.0442878
0.420995
-0.533152
0.158094
0.821984
-0.168025
0.446377
0.581548
0.00864577
0.26819
-0.319688
0.0626263
-0.069314
-0.432037
0.416066
0.0395032
-0.448738
0.97987
-0.20873
0.281321
-0.738251
0.17218
0.732052
-0.576893
-0.183325
0.0758776
-0.87903
-0.504069
0.0125033
0.426317
-0.73016
-0.649826
0.161557
0.0441654
-0.979174
-0.169604
-0.309704
0.751088
-0.562107
-0.305304
-0.774703
0.153614
-0.155526
-0.386506
-0.779886
-0.801098
0.132463
0.807908
0.516957
0.158738
-0.259529
-0.00571831
0.436141
0.176306
0.0953879
-0.656999
-0.137145
0.330489
-0.347358
-0.342219
-0.356673
-0.00362124
-0.162032
0.793385
0.282142
0.948311
0.690803
-0.232687
-0.0496931
0.0776335
-0.0764163
-0.79
-0.307134
0.0242952
0.189413
0.113339
0.26408
-0.495701
-0.647224
0.305047
-0.8802
0.144456
0.0373168
-0.772281
-0.0756553
0.746866
0.183225
-0.455856
-0.166105
-0.131138
-0.275604
0.435327
0.0847007
1.14575
-0.218104
0.130156
-0.448273
0.398067
-0.344716
-0.387795
-0.539395
0.410296
-0.171274
-0.294702
0.379301
0.0517527
-0.406817
0.13429
-0.576791
-0.732613
0.61272
-0.282
0.510838
-0.196872
0.92096
0.336787
0.773624
0.177659
-0.550085
0.228305
0.205501
0.474396
-0.0695737
0.594746
0.685796
0.182239
0.128153
-1.28344
0.180075
-0.0309812
-1.53351
-1.12022
0.302027
-0.395023
-0.503742
-0.144415
0.440705
-0.0889588
0.433018
0.0477231
-0.608392
0.584212
-0.256325
-0.834974
-0.585432
-0.446813
-0.802342
-0.314327
-0.0534825
0.0262005
-0.498289
0.78338
-0.226642
0.317104
0.409372
0.169813
0.00746864
-0.42875
0.139593
-0.338304
-0.516047
-0.838316
-0.118391
0.632496
0.150489
-0.658961
0.0779562
-0.432912
0.717848
-0.211117
-0.315463
-0.757227
-0.463067
-0.437545
-0.235664
-0.165137
-0.140787
0.175582
0.00237927
0.119189
0.310151
0.0362344
0.109507
0.000773562
0.314019
-0.0994124
-0.983719
0.216642
-0.705626
0.698347
0.323256
-0.833332
0.427811
-0.206577
-0.580245
-0.445334
0.29714
-0.441427
0.204664
0.440106
-0.233265
0.826372
-0.276349
0.332882
-0.359798
-0.705857
-0.175886
-0.101087
0.547988
-0.0218085
-0.761025
-0.103162
-0.0991305
-0.638925
0.800517
0.265424
0.42876
-0.0899977
0.220538
-0.252145
-0.229412
-0.632907
0.31727
-0.461907
-0.44253
0.455354
-0.324652
-0.102911
-0.107564
0.597949
0.213402
0.552148
-0.000257033
0.984491
0.625984
0.0714954
0.605373
-0.554807
0.727364
-0.615508
0.481327
-0.187382
0.33208
-0.208545
0.216027
-0.0727183
0.405055
0.0209115
0.677617
-0.197546
0.453129
-0.168293
-0.121653
-0.0833404
0.7617
-0.197753
0.336902
0.425313
-0.184507
-0.123329
0.0712335
-0.338339
0.562528
-0.457479
-0.0255483
-0.372278
0.019013
-0.111001
-0.156722
-0.710939
0.353223
0.272865
0.121473
0.350976
1.02497
-0.155715
-0.291077
0.383817
-0.361402
-0.30306
0.664945
0.519141
-0.402234
0.0280125
-1.21742
-0.143565
0.548853
0.428418
0.591752
-0.298366
0.126048
-0.441304
-0.679783
0.459817
0.0566385
-0.190133
0.045607
0.351514
-0.238169
0.500371
-0.440599
0.484244
0.550735
0.150524
0.288866
0.459686
0.423557
-0.812862
-0.693225
0.16625
0.117152
0.87405
-0.0390628
0.000962042
0.0160474
-0.437496
0.0838877
-0.055005
0.222019
0.738645
-0.798803
-0.292251
0.150112
0.0895432
-0.602599
0.652041
-1.26071
-0.0258141
-0.31566
0.419239
0.971645
0.111952
0.813434
0.361172
0.068488
-0.178463
-0.627317
0.015453
-0.516913
-0.485564
-0.907265
0.92832
-0.436558
0.778147
0.0291614
0.362558
-0.208802
0.41688
-0.392439
0.272327
1.30824
0.422669
-0.539268
-0.17594
-0.000594311
0.155017
0.431774
-0.178552
-0.234462
0.583628
0.505156
0.634197
0.427248
0.821021
-0.332792
-0.420101
0.426011
0.405247
0.426949
-0.175172
-0.733783
0.80721
0.562905
0.604459
-0.0712355
-0.562955
0.100877
-0.0618293
-0.611533
0.901388
-0.711038
0.689896
0.51243
0.0881052
-0.195958
0.225665
-0.559393
-0.700419
-0.377713
-0.120601
0.596227
-0.336729
-0.457487
-0.610138
-0.182578
0.405471
-0.330005
0.257573
-0.990867
-0.509963
0.0982599
0.74157
-0.87849
-0.628212
-0.0503374
0.298648
0.649037
-0.335595
0.675879
0.116291
0.0352537
-0.0908369
-0.446544
-0.832373
0.568422
-0.0124959
-0.39725
0.041258
-0.230516
0.608006
0.340077
-0.30385
0.429793
-0.113146
0.364827
0.471275
-0.244952
0.707346
-0.922965
0.359435
0.11767
-0.201961
-0.317415
0.607138
0.448188
-0.792807
-0.364956
-0.0764719
0.416256
-0.174968
0.705416
-1.04995
0.048761
0.325882
0.328703
0.460487
0.716259
-0.689278
-0.483526
0.77627
0.665076
-0.230233
-0.813724
-0.303231
0.0140894
0.00439961
-0.107784
-0.584947
-0.925009
0.856088
0.351647
0.271036
0.412418
0.102747
0.703681
0.534453
-0.771835
-0.324276
0.255242
0.615862
0.562111
-0.174045
0.123563
-0.0123958
0.052847
-0.40272
0.309376
-0.850524
0.049874
-0.489645
-0.382263
1.27362
0.639649
0.608213
0.0748705
-0.547412
0.285439
0.476719
-0.287447
0.593721
0.457891
0.234701
0.90351
0.115082
0.250253
-1.06483
-0.308638
-0.863656
0.118057
-0.738036
-0.0259945
-0.426337
0.470525
-0.238763
0.0230469
-0.272233
0.225488
-0.204122
1.66607
0.150209
-0.364736
-0.525233
0.533413
0.177117
-0.154795
-0.457223
0.361229
1.10647
0.0269332
-0.419499
0.278355
-0.325631
-0.336137
0.930039
0.215821
-0.0566807
0.461672
-0.461846
-0.173519
-0.871966
0.251873
0.57619
-0.446484
-0.335
-0.851061
-0.823812
1.3458
0.344366
0.147793
-0.107692
-0.12176
-0.237725
0.431901
-0.631064
0.134776
-0.0615468
-0.335046
-0.0650163
-0.68255
0.355877
-0.448698
-0.576219
-0.80758
-0.214735
-0.491344
1.13026
-0.795523
0.339382
0.400717
0.125491
0.523996
-0.226851
0.331094
-1.08568
-1.14402
-0.306307
0.0582944
0.882635
0.246918
0.136908
0.125
-0.246546
0.217412
-0.116859
1.11265
-0.294683
0.232402
-0.526857
-0.188494
0.534688
-0.43804
1.21029
-0.0372947
-0.0297011
0.639203
-0.00561853
0.389314
0.396607
-0.564108
0.527344
-0.914685
-0.191701
-0.542965
-0.303452
0.543988
0.216226
-0.774651
-0.23525
-0.0269288
-0.371998
0.46255
-0.608556
0.0163754
0.0453791
1.04388
0.280876
0.375056
0.810423
-0.238874
0.0165592
0.512936
-0.23986
0.00458269
0.679464
0.92059
0.758293
-0.323608
0.547619
-0.490008
-0.255074
-0.128806
0.317988
0.486514
0.533569
-0.316789
-0.503871
0.824553
-0.037562
0.264899
-0.440562
0.360395
-0.813211
0.379898
0.928914
-0.180939
-0.162128
0.100411
0.411279
-0.289658
-0.156512
0.108803
0.316859
-0.369602
-0.213834
0.884177
0.309391
0.330399
-0.184808
0.177946
-0.817635
0.0653887
0.320825
0.641688
0.0770401
-0.0555455
0.945808
-0.571617
-0.907222
0.269626
-0.657322
-0.333633
0.189575
0.0741417
0.21272
0.35088
-0.0819918
-0.494441
-0.787799
0.470203
0.462331
-0.512703
-0.658708
-0.404407
0.23631
-0.397082
-0.0862189
0.144787
0.432103
-0.215968
0.170087
0.0321563
-0.221258
-0.889056
0.203818
0.260743
-0.343416
0.77599
-0.0125817
-0.485855
-0.33986
-0.143132
-1.15293
-0.118519
0.716098
-0.107059
0.557129
-0.934407
-0.719227
0.714626
0.949025
0.0903858
-0.0519531
0.135826
0.505102
0.377146
-0.349261
-0.20477
0.740554
1.1811
-0.700518
0.195435
-1.10834
-0.209675
-0.577743
0.537116
-1.68022
-0.347752
-0.0998845
-0.255261
1.10809
1.27887
-0.711632
-0.163246
-0.0763217
0.52864
0.249388
0.721302
-0.0530633
-0.171765
0.0271649
0.506684
0.59082
-0.910282
-0.00742966
0.434749
-0.461066
-0.279967
-0.329642
0.213228
1.02999
0.403113
0.0688766
-0.318816
-0.0943515
0.287577
0.146718
0.219466
-0.157738
-0.0386521
0.218841
-0.837988
-0.164842
0.0904007
-0.144511
-0.00895469
0.446424
0.166034
0.350193
-0.344004
0.450364
-1.10456
-0.03545
-0.995735
0.0561036
0.461236
0.267673
-0.393624
0.549196
1.09231
0.751776
0.363502
-0.0494802
0.0103527
0.211477
0.700604
0.862144
0.448362
0.0221201
-0.900754
0.452947
-0.426067
0.870814
-0.724894
0.247001
0.395333
-0.386284
-0.603742
0.0728344
-0.161714
-1.18958
-0.112349
1.14713
-0.515039
-0.506069
-0.662317
-0.0478917
0.598029
-0.186791
-0.770202
0.829545
0.747527
0.0820575
-0.122776
0.73463
-0.148093
-0.940914
0.0307208
-0.261092
0.0650257
-0.200425
0.607084
1.09827
-0.182775
0.389542
0.679927
0.96409
-0.138963
-0.0352535
0.295772
-0.451637
-0.707369
0.106229
0.662685
0.195284
-1.4247
-0.54982
-0.12775
-0.0799703
0.137884
-0.132627
0.568259
0.064421
-0.520308
-0.949829
-0.844028
-0.565836
0.34705
-0.0800104
0.31097
-0.658687
0.670966
0.390348
0.483522
-0.948591
-0.459254
-0.1049
-0.553563
0.709309
-0.343169
-0.99468
0.133468
-0.352702
0.761544
0.0717118
-0.302677
-0.158874
-0.891077
0.578672
0.115465
-0.266442
-0.142275
0.566792
-0.463405
0.233415
-0.42799
0.23219
-0.33955
0.137314
-0.555915
-0.297478
-0.801333
-0.18793
-0.72424
0.208603
0.121121
0.0490753
-0.160311
-0.897007
-0.375855
0.0147635
0.255566
0.394966
0.385582
-0.269603
0.655354
0.583583
0.029008
-0.229212
0.454487
-0.753469
-0.0923825
-0.685922
-0.180602
0.262283
0.04291
-0.354045
0.824179
0.778442
-0.101047
0.0573514
0.935704
-0.308677
0.199258
0.220064
0.895891
-0.539365
0.0723376
-0.393939
-0.930549
0.404667
-0.456515
-0.207263
-0.502511
-0.309504
-0.672362
0.261239
0.536165
0.16622
0.435136
-0.34697
-0.125445
0.208579
0.300894
0.0259028
-0.73168
-0.0422694
0.341638
0.668559
-0.0824251
1.12256
0.0786187
-0.482669
0.348551
-0.0908958
0.633448
0.755797
-0.412206
0.0289298
-0.0373528
-0.0396753
-0.518531
-0.260144
-0.306513
-0.500459
0.478782
-0.32966
-0.015675
0.223918
-0.425818
-0.558948
0.0910351
-0.341685
0.166569
-0.690461
0.824569
-0.136295
-0.418002
0.769368
-0.463994
0.189083
0.0426244
-0.197921
0.00444867
-0.188197
0.593741
0.11026
-0.386673
-0.492318
0.232376
0.731219
0.414045
-0.266755
-0.139378
-0.719351
0.594786
-0.229392
0.201363
0.0811778
-0.281877
0.437881
0.417473
0.21077
-0.315222
-0.417824
0.203829
0.242002
-0.658925
0.785351
-0.499049
0.21396
0.238833
0.782251
0.329941
-0.0323138
0.245141
-0.622292
-0.611485
-0.730047
0.228392
-0.107982
0.150674
0.202946
-0.109305
1.42863
0.302423
0.161649
0.766479
-0.161194
-0.00683139
-0.54537
-0.353665
-0.390461
0.682237
-0.114929
-0.513325
-0.773416
-0.103907
-0.0450489
0.0276033
-0.789979
0.667368
0.667975
-0.313898
-0.111783
0.92867
-0.718997
-0.462417
0.640473
-0.608744
-0.507891
0.335857
0.0531181
-0.207925
-0.0910846
0.586232
0.409223
0.522184
-0.0982949
0.304593
0.174563
-0.0436631
-0.0226116
0.311347
0.0726359
0.323166
-0.490866
0.368114
-0.705871
0.00439876
0.506679
-0.24208
-0.0315148
-0.482271
0.0726429
-0.567808
0.829959
-0.563501
0.466562
1.06467
-0.17997
0.0437951
0.509011
0.668556
0.0118711
0.35936
0.14182
-0.280002
0.54016
-0.791301
-0.0390961
0.707754
0.325964
0.0770512
-0.990381
0.220294
-0.0566478
-0.0835217
-0.710903
-0.0508867
0.720048
-0.195453
-0.847101
-1.38458
-0.385745
0.676361
-0.286468
0.805614
-0.807353
0.139852
-1.00024
0.780992
-0.427108
0.169023
-0.0300017
0.610157
0.0864221
-0.43026
-0.0511737
-0.916505
0.168054
-0.36775
-0.472547
0.641796
-0.44087
-0.183865
0.50792
0.0772177
0.33155
-0.486864
-0.156672
0.177165
-0.179266
-0.375123
-0.484262
-0.475122
0.99801
0.804523
-0.474221
-0.264047
0.175282
0.101448
0.418683
-0.648654
-0.89796
-0.317656
-0.725076
0.170102
-0.434843
0.768972
-0.324108
-0.304847
0.397675
-0.0465593
0.13068
-0.0544509
-0.120843
-0.780766
0.511837
0.0728062
-0.322319
-0.0227033
0.0316549
-0.379745
-0.421845
-0.543201
-0.046153
0.168925
0.446858
-0.253559
-0.140357
0.0679045
-0.228276
0.692068
-0.728436
-0.804958
-0.120959
0.583924
-1.13915
-0.0214832
-0.316197
-0.347292
-0.601934
-0.448555
-0.311992
-0.605449
0.524538
-1.0261
-0.596372
-0.837257
0.195579
0.262059
-0.407275
0.497735
0.0116651
0.357833
0.296835
0.0835291
-0.201441
-0.640531
0.0934341
-1.09414
-0.289523
-0.49813
0.906847
0.0424861
-0.749063
0.629946
-0.280691
-0.541117
-0.843889
0.379642
0.1338
0.290369
-0.823951
0.12043
-0.40135
-0.471427
0.181894
0.363833
-0.428157
-0.45747
0.349065
0.555567
0.461981
-0.704813
-0.640269
0.828219
0.0647536
0.39212
0.72524
-0.428997
0.516613
-0.102226
0.368635
-0.0140756
0.103974
-0.335686
-0.0880788
-0.163409
-0.997951
-0.591481
-0.643293
0.398377
0.700984
-0.143868
0.218598
-0.175957
0.155986
-0.467628
0.569049
0.26609
-0.192079
-0.00613424
-0.313469
0.198908
-0.892726
-0.324151
0.690778
0.43524
-0.0166944
0.278333
-0.0142512
-0.877502
-0.560314
0.333029
1.09219
0.60932
0.80313
0.0926241
-0.783482
0.695184
-0.464206
-0.142356
-0.669517
0.129427
-0.886656
0.394487
-0.860714
-0.379868
0.274328
-0.184013
1.26705
0.370831
-0.0219527
-0.425697
-0.142764
-0.617526
-0.368918
0.157941
-0.481947
0.717078
-0.0595218
0.587211
0.198271
-0.439478
-0.36068
-0.0832073
-0.119235
-0.514296
-0.464987
0.29921
-0.306558
0.444039
0.227937
0.286669
0.327282
0.395225
0.271213
0.613728
-0.735737
0.580369
-0.725239
-0.00844545
-0.0330852
0.307941
-0.352174
0.112212
0.0934478
0.0491126
-0.0220488
-0.21857
0.372055
-0.331468
-0.139777
0.17629
-0.32178
0.538589
0.775888
-0.586351
0.420725
0.810127
0.300977
0.688527
-0.221073
0.99809
0.131563
-0.716988
-0.188644
0.0282268
1.20197
-1.32815
-0.0250173
-0.291152
-0.622327
0.355144
0.636106
-0.0191324
1.24238
-0.14359
-0.159474
-0.0864387
0.703568
-1.17058
-0.332972
0.197359
0.381886
-0.030721
-0.858616
-0.129856
0.333272
0.284077
0.0241344
-0.0218374
0.252579
-0.0384979
-0.622642
-1.26985
0.873712
-0.841447
-0.508293
0.0315924
0.116631
0.444714
-0.446881
0.687323
-0.646728
-0.359843
0.487216
-0.520853
0.896707
0.248698
0.0862036
-0.361338
0.0479039
0.0418093
-0.34868
0.166543
-0.0232598
0.411577
1.67334
0.333142
-0.0589653
-0.118518
-0.854577
-0.00388665
0.0294248
0.465393
0.106778
-0.0466534
0.0526014
0.483026
0.31363
0.855794
-0.617896
0.675135
-0.424286
-0.0454892
-0.203919
0.206617
0.428168
-0.597876
0.649808
0.135656
-1.70444
0.70141
0.495706
-0.472561
-0.427874
0.760774
-0.740391
0.349107
-0.0111344
0.205996
-0.75508
-0.14465
-0.973389
0.21274
-0.0378807
-0.599368
-0.699059
0.034761
-0.918912
-0.00706194
-0.421011
0.50872
0.804614
-0.220857
0.0382326
-0.000571613
0.257507
-0.502396
-0.658445
0.252875
-0.50299
-0.537057
-0.839101
0.122065
-0.323283
-0.714291
-0.171807
1.16767
-0.444244
-0.0338779
0.690297
0.205157
-0.185584
-0.283843
-0.092837
-0.16081
-0.201518
0.478859
0.273627
-0.065104
-1.00094
-0.0267761
-0.356887
-0.51341
1.51801
-0.49413
0.229071
0.777323
0.369446
0.375131
0.626671
0.816597
0.321113
-0.246486
-0.459157
-0.527714
-0.778497
0.381637
-0.0655417
-0.0748906
0.630108
-0.716069
0.105747
-0.0810709
-0.313036
-0.62957
0.27307
-1.0612
0.185779
0.878173
-0.245647
0.81952
0.848023
-0.153493
-0.16146
0.140449
-0.567991
0.596372
0.0786423
-0.720454
0.29123
0.42146
-0.132572
0.165543
-0.407017
-0.999846
1.3601
-0.205756
0.22197
-0.0157346
0.761271
0.131755
-0.262732
0.0330265
0.139992
0.296944
-0.207824
-1.01263
-0.307489
-0.769962
-0.214593
0.678065
-1.02448
0.178872
0.399641
0.290115
-0.459732
0.142264
-1.13518
-0.831795
0.0565413
-0.354278
0.067653
0.355722
0.102211
-0.34353
-0.0408935
-0.0956162
-0.446525
0.823277
0.343666
0.499193
-0.301005
-0.344402
0.0224499
-0.287397
-0.187209
0.595478
0.67223
-0.535092
0.102852
-0.427611
0.215584
0.512781
-0.206387
0.334327
-0.302249
-0.582657
0.154287
-0.221824
0.0363328
0.356112
-0.309349
0.6706
-0.154117
-1.21979
-0.0289896
0.218062
0.453232
0.309037
-0.999962
0.32458
-0.14413
-0.193041
-0.0865797
0.60068
-0.654398
0.599459
0.179426
0.399707
0.66599
-0.233069
0.437646
-0.374792
-0.125572
0.155731
0.271848
0.532358
-0.499523
0.675735
-0.134083
-0.0303382
-0.383544
0.212308
-0.327424
-0.647037
0.0417135
0.315855
0.32849
0.266821
0.988629
0.154306
-0.322517
0.0968796
0.623355
-0.251985
0.301228
0.397971
0.220101
-0.0553751
0.182934
-0.365751
0.0535531
0.723625
0.22848
0.261632
0.546296
0.332456
-0.741749
-0.00185124
-0.00833786
0.340366
-1.23402
0.0914772
-0.564312
-0.230229
0.122823
-0.275428
0.342532
-0.0249119
-1.28088
-0.636605
0.331916
0.282025
0.586383
0.0685566
-0.464375
0.375912
0.836821
0.448321
0.792634
-0.417675
0.915507
-0.30219
0.126476
-0.796853
-0.0661158
-0.503579
-0.0767881
-0.374057
0.334256
-0.498909
-0.410995
0.329146
0.526906
0.260613
-0.781725
-0.414987
-0.519793
-0.00948162
-0.500964
-0.832594
-0.369414
-0.471525
0.15705
-0.104468
-0.685547
0.229665
0.131063
0.604069
0.0641337
-0.736475
0.013535
0.521775
-0.225059
-0.451296
0.0732448
-0.193431
0.260144
-0.254281
0.440608
0.254869
0.0675868
0.574652
-0.00657442
0.299145
0.33836
-0.855795
0.638903
1.02793
0.0934232
-0.290717
-0.582715
0.381583
0.0106786
-0.33267
-0.0830794
-0.788166
-0.0805249
-0.0542716
-0.123548
0.0230262
-0.920669
0.599609
-0.541133
0.00178382
-0.904387
-0.272773
0.547365
-0.715909
1.07734
0.103492
0.299805
-1.0583
0.456765
-0.0682844
0.736768
0.3553
0.135127
-0.139104
0.283417
-0.338166
-0.291084
-0.639722
-0.217803
-0.00739648
-1.02756
-0.144424
-0.586235
-0.605669
-0.804578
0.504636
-0.254305
-0.00274894
-1.20893
0.0227059
-0.440329
-0.276305
0.644115
-0.0075139
0.242131
-0.614094
-0.173783
0.256743
-0.532356
0.0969852
0.587797
0.128317
0.217162
0.575484
-0.588883
-0.512914
0.44158
-1.10315
0.521876
-0.199512
0.0045842
-0.454637
-0.0178125
0.468841
1.29382
0.834253
0.56561
-0.220324
-0.203735
1.26045
0.660199
0.438355
0.41733
0.137701
-0.0968566
-0.057214
0.538794
-0.0148758
0.00928227
-0.383656
-0.204556
-0.595979
0.480091
0.822948
-0.315633
0.0677456
-0.475558
0.278909
0.340931
0.134679
0.764538
-0.641459
0.346341
0.250558
0.545244
0.535841
0.722177
0.704054
0.388222
-0.467384
0.594597
-0.182232
0.577867
0.0378541
-0.272133
0.469212
0.087476
-0.49313
-1.07754
0.495778
-0.52338
0.318375
-0.948295
0.14095
0.246477
-0.0931707
-0.146044
0.135824
0.509418
1.06635
-0.510887
0.0748744
-0.122194
0.114074
0.713844
-0.995782
-0.0156844
0.188673
0.268894
0.40872
0.409983
-0.331648
-0.101262
0.952838
-0.268816
0.423479
0.163704
0.130418
-0.731036
-0.255939
-0.147479
0.123237
-0.29784
0.152909
-0.112555
-0.0101285
-0.316591
0.0923379
-0.440151
-1.0088
-0.305596
-0.227496
-0.444788
0.107028
-0.835952
-0.606388
-0.32511
0.0958516
-0.277779
0.332325
-0.459543
-0.0887825
-0.600251
0.119867
0.0414317
-0.147314
0.398484
0.714433
-0.189214
-1.08189
0.241196
-1.2825
-0.0530399
-0.0779367
0.953655
0.304676
0.963721
-1.00927
0.257302
0.844719
0.51708
0.985408
0.533026
0.150709
0.665559
-0.894752
-0.0654291
0.0307755
0.634212
-0.0842156
0.518548
0.275581
1.1441
-0.116561
-0.747114
-0.809008
1.07016
0.202535
0.627741
0.0365207
0.357958
0.361249
-0.363784
0.511905
0.0196446
0.625414
-0.175381
0.0667288
-0.504793
-0.366522
-0.29612
-0.279779
-0.62009
0.92086
0.379994
-0.243558
-0.0991253
-0.350041
-0.184683
0.0695628
0.657818
0.657391
0.639532
-0.333701
0.691574
0.357815
0.426648
-0.552546
0.592113
0.794956
-0.619767
0.339592
0.544327
0.373591
-0.211242
0.0482096
-0.0636005
-0.787719
0.187712
-0.552996
-0.160413
-0.0555405
-0.154785
-0.229805
0.218954
-0.552306
-0.166071
0.581328
0.0323975
0.534749
0.182211
0.226026
0.302289
-1.22369
0.58587
0.850699
-0.0498794
-0.0663656
0.692932
0.535017
-0.515025
0.191028
0.143423
0.185009
-0.349788
-1.22224
0.379242
-0.119956
-0.230676
-0.479974
1.26317
0.556409
-0.770671
0.468196
-0.889586
0.233245
0.49821
0.129208
-0.377678
0.114359
-0.188884
0.0592429
-0.720291
0.279716
0.681497
-0.255052
-0.800106
-0.32384
0.0701984
-0.0563909
0.0414258
0.172678
1.09557
0.799346
0.380394
-0.667699
-1.25556
-0.650471
0.0774145
-0.569094
-0.409901
0.0536068
-0.358723
-0.225628
0.0610881
-0.00953982
-0.0132575
-0.0177072
0.0916434
0.46777
-0.276872
-1.03978
-0.0193826
-0.647619
-0.528016
-0.349671
0.514234
0.267296
0.406241
-0.19284
-0.024654
-0.521152
0.886634
-0.0931076
0.120944
1.04634
0.197186
0.50836
-0.658475
0.416432
0.276768
0.504061
-0.421137
0.167161
0.572834
-0.0741589
-0.186363
0.313196
0.268239
-0.41235
0.594199
0.268949
-0.0672829
0.538493
-0.24058
-0.122716
-0.138668
0.13005
-0.537157
-0.459916
0.22136
0.178475
0.72536
-0.859988
-0.0751415
-1.16988
-0.394736
0.175833
-0.452557
0.0967973
0.00292102
0.208708
-0.124088
-0.89298
-0.0656427
0.359518
0.133348
0.0763289
0.680511
0.491123
0.260085
0.159287
0.0322468
-0.172011
-0.171683
0.747725
-0.247352
-0.224983
-0.638692
-0.0382178
0.244169
-0.149326
-1.33565
-0.0815572
0.0902259
0.327533
0.486651
0.242964
0.625688
0.418072
-0.258291
-1.28897
-0.739747
0.822857
0.410412
1.12422
0.451599
-0.347019
-0.657117
0.432539
0.291592
-0.290709
-0.773559
-0.554807
0.654943
0.462467
-0.221841
0.692799
-0.166184
0.246784
-0.442031
-0.53945
0.394869
0.640897
-0.194859
1.091
-0.205614
-0.478016
-0.289282
-0.170839
-0.480785
-0.0394011
0.0779598
-0.822631
0.833787
-0.927738
0.859005
-0.488114
0.0600527
0.452776
-0.925917
0.665607
0.367563
-0.236685
1.00084
-0.230218
0.620246
0.18555
-0.293406
0.274622
0.10734
-0.996018
-0.467002
0.411605
-0.506867
-0.275644
0.509262
0.0425371
0.371035
0.321058
-0.354806
-0.100112
0.0871586
-0.241179
0.707124
-0.0204269
-0.324279
0.701609
0.747386
-0.507713
-0.00425041
-0.568286
-0.557866
0.38704
-0.0921989
0.52159
-0.4791
-0.434187
0.182232
0.766092
0.227116
0.484936
-0.100723
0.43865
-0.173266
0.0137919
-0.037853
-1.07623
1.11968
-0.682409
-0.119597
-0.289968
0.328389
-0.148951
-0.017099
0.111953
0.202458
0.901081
0.658666
-0.153199
0.311344
-0.484518
0.0143423
-0.350577
0.381758
-0.277701
0.165306
-0.333864
-0.166757
0.174591
-0.93354
-0.24483
-0.281023
-0.943012
-0.39832
-0.619783
-0.825028
-0.122149
0.356751
-0.65351
-0.0993409
-0.15918
0.0754668
0.245162
-0.753909
0.122993
-1.10191
-0.840422
-0.286037
-0.364822
-0.111189
0.647813
0.505003
0.925755
0.157867
0.0804308
-0.620004
0.433458
0.173243
-0.520645
-0.455748
-0.234946
-0.383811
0.397193
-1.13717
-0.294812
0.991374
-0.15327
0.0754958
-0.695618
0.207564
0.685576
0.111038
-0.198884
-0.510078
0.178934
0.071755
-0.422673
0.61794
0.0618074
-0.388695
0.170482
-0.0931396
0.631285
-0.62625
0.0313497
0.233816
-0.333256
-0.79168
0.643616
0.0850021
0.650025
0.151874
-0.277213
0.604989
0.587249
-0.548613
0.0494952
0.459335
-0.00643208
-0.371289
0.484029
0.171152
0.730284
0.617261
0.456314
0.208945
0.793341
-0.110842
-0.597985
-0.00333316
-0.0450913
-0.503415
-0.51037
-0.096362
-0.0231703
0.320958
0.0391112
0.507276
0.308404
0.27337
-0.195316
-0.531544
0.87705
-0.748784
-0.24797
-0.0278295
0.161108
0.540878
0.577642
-0.108588
0.0980954
-0.980104
0.86033
-0.0223622
0.12582
-0.685722
0.307545
-0.0926798
0.825022
0.732222
1.35763
0.403887
-0.458724
-0.306732
0.374145
0.510229
-0.522167
0.141823
-0.415396
-0.518916
-0.638705
0.102038
0.246595
-0.267427
-0.518453
-1.16852
-0.364098
-0.18785
0.373198
0.621675
0.293832
-0.101898
-0.191662
0.44439
0.134632
-0.894616
0.36407
0.482576
-0.259808
-0.114148
-0.1615
0.0618066
0.4396
0.350648
0.122765
0.500161
-0.458827
-1.13786
-0.745112
-0.292536
-0.880961
0.04418
0.133097
-0.388102
0.111788
-0.07953
-0.019588
0.869771
-0.402981
0.583747
-0.372578
0.0048799
0.00522424
0.874056
0.1555
-0.658551
-0.726844
0.463742
-0.159032
0.276506
-0.00176869
0.857104
-0.313935
0.0347946
-0.871885
0.432548
-0.508474
-0.463216
-0.233365
0.285023
-0.923379
-0.525572
-0.362024
0.346312
0.335389
-0.452629
0.139144
0.246464
-0.216103
0.233253
0.927953
-1.28733
-0.626637
0.0992428
-0.300142
-0.336318
-0.35524
0.381945
1.16513
0.629421
-0.0287553
0.00700717
-0.26435
-0.110361
-0.483919
-0.0439969
0.286688
0.827908
-0.315812
0.424392
0.526127
-0.64811
0.220675
0.024847
-1.17509
0.593426
0.994921
-0.38995
-1.01774
0.352833
-0.368549
-0.495503
-1.12139
0.209274
-0.110566
-0.0519508
0.582478
0.158657
1.1007
0.22999
0.0442107
-0.534104
0.742422
0.255885
0.143913
0.282373
0.384509
0.276043
0.351565
-0.780946
-1.09514
-0.313312
0.320135
-0.202533
0.591257
0.069767
0.528094
-0.532369
-0.426452
-0.371847
0.0729586
0.181219
0.36335
-0.27783
0.520577
1.00272
0.597723
0.425366
0.643697
-0.754646
0.352179
-0.699045
-0.116974
0.479951
-0.13108
0.656635
0.236645
-0.293062
0.617942
-0.209025
0.477392
0.119507
-0.667783
-0.124756
0.557146
-0.337098
0.191162
0.0398394
0.309095
-1.05134
-0.0332531
0.86063
-0.0934727
-0.366307
0.0967641
-0.584668
-0.183671
0.252712
0.373156
-0.454456
-0.0700876
-0.0598376
0.712675
-0.188546
0.405963
-0.875852
0.0518947
0.246483
-0.771847
0.149288
-0.123696
0.343846
-0.143362
0.19937
-0.654657
0.145772
0.166344
0.00766741
-0.257428
0.2574
-0.443602
-0.357672
0.241509
-0.167596
-0.479931
-0.505333
1.04391
-0.896395
-0.88968
-0.118471
-0.0961204
-0.328754
-0.32786
-0.88876
0.691457
-0.150756
0.122227
-0.260198
0.42432
-0.204922
-0.387858
-0.377638
0.299657
-0.333899
0.136639
0.229702
0.585905
1.31419
0.14798
-0.680182
0.889578
0.109961
-0.0529942
-0.565527
-0.288006
-0.41221
-0.353839
-0.371703
-0.302951
-0.0523673
0.261732
-0.324146
0.421844
0.00999994
0.075652
-0.49111
0.496446
0.220716
0.625414
-0.0867021
0.470796
0.19828
0.705805
-0.442911
-0.82997
-0.151463
-0.702964
-0.191572
0.564826
1.36427
0.53039
-0.321944
-0.703055
0.235872
0.706141
0.367987
0.173329
-0.475282
0.513477
-0.227269
-0.181098
-0.0719694
-0.706749
-0.210233
0.0288074
-0.0253685
-0.591797
-0.307466
0.362347
-0.150522
-0.0635849
0.349073
-0.0230928
0.607827
-0.286522
0.500168
0.0986112
0.139585
0.733866
0.50775
-0.358134
-0.305343
0.396732
-0.328635
-0.980258
0.556639
1.61411
1.15563
0.113499
-1.13768
-0.00956013
0.806819
-0.582919
-0.824636
0.00588787
-0.299725
-0.0974752
0.582873
-0.878091
0.282058
0.887508
0.659739
0.119973
1.07763
0.129976
0.561683
0.713091
-0.48909
0.143786
-0.421381
0.12089
-0.141338
-0.0145752
-0.0471571
0.2143
0.521094
-0.356692
-0.11442
-0.00802241
-1.25463
0.164101
-0.943639
-0.187055
-0.179747
-0.743909
0.288077
-1.04935
0.511779
-1.12404
-0.489337
-0.135411
0.575531
0.433833
-0.496901
0.205716
0.00630275
-0.825561
0.473348
-0.862306
1.18972
-0.0219291
-0.467223
0.728487
-0.162381
0.116832
0.200759
0.386495
0.353894
-0.175772
-0.212391
0.51729
-0.554004
-0.507114
0.22131
0.91538
0.436297
-0.378913
-0.302619
0.601899
0.0596609
-0.406462
-0.271748
-0.425787
0.437881
0.912446
-0.976823
-0.193352
0.229457
-0.564847
0.278118
-0.550458
-0.592305
-0.262727
-0.254632
-0.128541
1.03319
0.0460216
-0.0170638
-0.992794
-0.0221477
0.179213
0.397827
0.103501
0.235225
-0.352047
0.481482
-0.124482
-0.482018
-0.0672588
0.438992
-0.370581
-1.16214
0.703518
0.422896
0.260654
0.24826
-0.329843
-0.60137
0.353585
-0.0764603
-0.00603621
0.227788
0.0698078
0.0431151
1.69882
0.524242
-0.731304
-0.321546
-0.63008
0.0674688
-0.3319
0.286706
-0.3109
0.555113
-0.509342
0.594035
-0.437313
-0.139862
-0.889022
-0.887405
0.383892
0.0155792
0.258112
-0.19592
0.175507
0.336999
0.579716
-0.29483
-0.379091
0.608898
-0.516615
-0.394375
0.128146
-0.925599
0.685759
-0.169229
0.0609026
0.940813
0.501382
-0.340047
-0.268437
-1.48272
0.471596
0.138807
0.300975
0.318373
0.452674
0.11165
-0.375731
0.359542
-0.639973
0.25244
-0.800147
0.163914
0.199406
1.06175
0.96621
0.205181
0.766293
0.830399
-0.577053
0.0120814
-1.03862
-0.906648
-0.206176
-0.116946
-0.157422
0.616069
-0.763646
-0.198854
-0.529001
-0.566142
-0.0221759
-0.524639
-0.228091
-0.539051
0.230313
0.23158
-1.49721
0.335514
0.468106
-0.199098
-0.0161463
0.130568
-0.555761
0.114693
0.14748
-0.581687
-0.0182076
-0.877889
-0.1185
-0.00517443
0.419807
-0.804141
-0.305359
0.552409
-0.788448
0.548669
0.432539
0.181712
-0.431189
0.505993
-0.0409423
-0.234136
-0.731737
0.112311
-0.753459
0.235131
-0.0146262
0.487365
0.236254
1.23769
0.306514
0.483066
0.326811
0.313337
0.724216
-0.0037395
0.338402
-0.117516
1.27389
-0.197733
-0.677406
0.208576
-0.28176
0.450067
-0.688022
-0.0862138
-0.432187
0.330934
-0.336337
-0.711465
-0.147187
-0.26654
0.0183157
0.196623
-0.0123018
0.264151
0.310362
-0.00864046
-0.701036
-0.55078
0.46099
0.525617
0.258949
1.05126
-0.568676
-1.26983
0.17956
-0.117613
-0.954573
0.0991427
-0.679508
0.110864
-0.446493
-0.128336
-0.0305384
-0.587104
-0.0846996
-0.414679
-0.266389
-0.144552
0.631283
-0.511831
0.305107
0.557919
-0.134472
0.459383
-0.419145
-0.008974
-0.135971
0.595069
0.351947
0.0879963
0.0317738
0.189788
0.269566
0.646758
-0.255806
0.0457462
0.518423
-0.832912
1.16229
-0.762813
0.207457
-0.320002
0.500022
-0.903459
0.886285
0.127439
0.592808
0.615343
0.37827
0.723683
0.899608
-0.467863
0.181153
0.148556
-0.0560878
-0.143811
-0.623501
0.338233
-0.135184
-0.105893
0.213667
0.606052
0.298659
0.085142
-0.759349
0.22915
0.0419649
-0.909764
-0.229299
0.153123
1.04462
0.171701
1.24564
0.193666
-0.221274
-1.27608
-0.118169
-0.547247
-0.282807
-0.0769523
0.56292
0.279785
-0.18841
-0.0632427
0.613442
-0.108332
0.32191
1.45887
0.284451
0.158108
-0.109836
-0.408399
0.0973827
0.788228
-0.169106
-1.01412
0.288334
-0.0197158
0.0467555
-0.511157
0.353361
-0.485346
0.170735
1.34471
-0.52424
0.221334
-0.346822
0.274607
-0.590358
-1.38048
-0.0170756
-0.992702
0.320139
0.208731
-1.07483
-0.209368
0.256681
0.311208
0.211294
0.083959
-0.161546
0.663839
-0.299377
-0.715009
-0.0257977
-0.469679
0.182427
0.180833
0.00289595
-1.12378
0.432968
-0.457089
-1.07629
0.0871085
-1.04343
-0.484551
-1.66677
0.264325
-0.412321
0.16587
-0.393343
0.400256
-0.351421
0.312078
-0.0288931
-0.0270367
0.145771
0.367561
-0.407759
-0.0864414
0.477923
-0.358961
0.592203
-0.214301
-0.938719
-0.242192
0.30496
0.266786
-0.0911927
-0.744687
-0.507403
-0.574099
0.564044
-0.320993
0.170664
0.406181
0.0403595
0.430837
-0.387573
0.60897
-0.385755
0.483568
-0.255036
0.12375
0.48248
0.302853
0.445816
-1.2589
0.0882091
-0.49389
0.313933
0.807277
-0.575739
-1.14167
0.150838
-3.56557e-05
0.685995
0.169369
-0.485003
-0.742844
0.158653
-0.24234
0.724999
-0.478102
-1.07079
-0.0265889
-0.732276
-0.855625
0.421922
0.381485
-0.00575112
-0.0275452
0.188816
0.183067
-0.0355221
1.02409
-0.495171
-0.148854
0.167449
0.254917
0.264616
-0.539423
0.05563
-0.260916
-0.423898
0.224128
0.258847
-1.29768
0.0316958
-0.899666
-0.0135903
-0.00945765
-0.608323
-0.0522675
-0.547861
-0.0928739
-0.632988
-0.439833
0.0787987
-0.199911
-0.476241
0.165366
0.0648731
0.200214
0.339415
-0.0681147
0.00728977
0.307877
0.12094
-0.449249
0.228051
0.0845582
-0.524012
-0.464755
-0.256057
-0.467422
0.304444
-0.247959
0.43998
0.159188
0.249707
-0.736756
-0.347291
-0.270232
0.287429
1.01407
0.401279
-0.679918
0.614222
0.0656176
-0.0539752
-0.337873
1.2967
-0.212709
-0.0290506
0.745157
0.259731
0.528203
0.403094
0.203207
0.00919613
0.916257
-0.201477
0.131667
-0.0761178
0.282987
-0.816917
-0.223919
-0.0819234
0.270971
-0.0774382
0.450201
0.375059
-0.191155
0.552849
0.260175
0.231568
0.81989
0.493426
-0.285931
1.00471
-0.232225
0.488274
-0.140579
0.0966391
0.0690658
0.426317
0.0108294
-0.0926158
-0.163685
0.89287
-0.769379
-0.233165
0.522472
0.0186363
-0.386888
0.359263
-0.74824
-0.726497
0.240708
-0.0822284
0.256693
0.293482
-0.454426
-0.128335
0.687271
-0.983257
0.0589091
-0.833644
0.580934
0.605516
-0.154339
-0.0914801
0.430599
0.0911074
-0.135482
-0.137736
-0.173283
-0.209772
0.0829037
-0.54386
-0.139157
-0.758218
0.592386
-0.240623
-1.23874
0.459701
0.575732
0.235492
0.660148
0.816734
-0.528447
-0.773048
0.0118215
0.561012
-0.16097
0.399031
0.416407
-0.560198
0.278176
0.189641
-0.0239065
0.615958
0.237068
0.129088
-0.431802
0.0853926
-0.0133137
-0.109771
0.311054
0.0427958
1.00401
-0.241211
-0.490863
0.0913835
0.345541
0.225049
-0.3908
0.177314
-0.685921
-0.529454
0.118653
-0.138429
0.609354
0.770983
0.215594
0.127666
-0.631965
0.217296
-0.322213
-0.457558
0.279065
0.786594
-0.628251
-0.145921
0.53494
-0.202539
-0.442294
-0.113703
-0.579279
0.74835
-0.457034
0.00525082
-0.672119
0.573446
-0.193419
1.00223
-0.144292
0.374843
-0.306969
-0.524355
0.413784
0.227171
0.335528
-0.830922
-0.864795
0.153281
0.112524
-0.305722
-0.382193
0.0894947
-0.494254
0.163349
-0.456148
0.283402
-0.422387
0.205933
1.10685
0.39718
0.0369364
-0.418515
1.35841
0.337384
0.46784
-0.251941
0.392923
-0.137937
0.298637
-0.207515
-0.443783
-0.103627
0.211574
-0.808708
0.326355
1.08972
-0.373826
0.380427
0.202694
-0.135287
0.0989421
0.240859
-0.551795
-0.387126
-0.351114
0.393654
-0.698594
0.807843
0.539726
-0.577385
0.768051
1.2621
0.209014
-0.621375
0.501873
0.180868
0.389142
0.171472
-0.165969
-0.466757
-0.538396
0.0534711
0.137602
1.26154
0.0304587
-0.299632
-0.267701
0.301697
-0.146288
-0.408786
-0.949783
-0.0168333
-1.20807
0.46142
-0.940967
-0.37704
0.094624
0.137228
-0.741453
-0.215562
0.906282
0.260082
0.149609
-0.985015
0.0253073
0.0699488
-0.12634
-0.436029
-0.750488
-0.558845
-0.451061
-0.645771
-0.6654
0.262158
-0.178104
0.0974578
-0.286817
-1.11708
0.00414774
-0.783422
-0.139416
0.524545
0.67932
-0.530928
-1.22231
-1.10814
1.19091
0.0937107
0.332415
0.537641
-0.482672
-0.819569
0.541477
-0.531853
-0.790878
0.142813
0.413074
-0.42605
-0.0113864
-0.0625346
0.546246
1.18718
0.718834
0.610243
0.123915
0.13192
0.194972
0.416683
-0.194548
0.10758
-0.427379
0.634365
0.468532
0.198948
0.640131
-0.230116
-0.0535481
0.737906
-0.768035
0.0840182
-0.853425
-0.257717
-0.833157
0.102156
-0.480982
0.285834
0.3176
-0.248931
0.368619
0.0959509
-1.02174
-0.292734
-0.0643912
1.3794
-0.0335819
0.616505
0.000940638
0.0429017
-1.01006
-0.646353
0.225506
-0.588039
0.110029
0.398347
0.533815
-0.646808
-0.000205614
0.55296
-0.0147
0.219276
0.489572
0.0346028
-0.646651
-0.071173
0.569087
0.00174527
-0.522677
-0.349113
0.406498
0.62254
0.659539
-0.133336
0.361994
0.132792
-0.976717
0.267614
0.311193
0.118214
-0.266751
0.0488599
-0.127351
0.296735
-0.60021
0.515963
1.14398
0.119651
-0.255894
0.293045
-0.121144
-0.013675
-0.228607
-0.896612
-0.810977
0.908958
0.603149
0.0213249
0.315103
-0.605295
-0.458301
-0.276993
-0.755101
0.0650628
0.554174
-0.259861
0.251352
-0.90197
0.108159
0.0817811
-0.661722
-0.251065
0.0262046
-0.111996
-0.554775
0.535146
0.728882
-0.0446818
-0.528653
0.641761
-0.395645
-0.20108
0.267337
0.101232
0.237126
0.733975
-0.348169
-0.0388221
-0.86717
-0.95019
-0.502802
0.247002
-0.234885
-0.685097
0.159243
-0.170945
0.200813
-0.044004
-0.726866
0.411837
-0.626986
-0.310848
0.27449
-0.372536
0.430492
1.05482
-0.655877
0.902986
-0.0393405
0.139842
0.0611439
-0.506541
-0.403026
-0.306116
0.639411
0.151245
0.617366
-0.203998
-1.02479
0.188922
0.239283
-0.112387
0.0625558
-0.115824
-0.110398
0.12976
0.727913
-0.411522
-0.155945
-0.44791
-0.321546
0.179753
0.708542
-0.0496635
-0.175628
0.96557
0.476594
0.427809
0.161127
-0.589934
-0.682114
-0.25881
-0.453513
0.748059
-0.347285
0.72029
-0.612032
-0.445598
-0.777868
-0.507662
0.350081
0.211959
0.0705262
-0.334259
-0.082977
-0.0831289
-0.356531
0.493403
0.156112
-0.142092
0.271509
0.0666069
-0.22198
0.0287821
-1.12193
0.0872698
0.181601
-0.825658
-0.569564
-0.052976
-0.381349
-0.959763
0.827912
0.848048
-0.129033
0.323108
0.676552
0.473883
0.337962
0.642412
0.0875635
-0.907521
0.264929
-0.114232
-0.161614
0.202486
-0.184522
-0.629603
-0.222433
0.150077
-0.103376
0.507091
-0.793833
0.0744463
-0.316563
0.308385
0.557489
-0.142244
0.388853
-0.448955
-0.176806
-0.207103
-0.429537
-0.215496
0.583089
0.314641
0.913959
0.875072
0.649625
0.0776152
-0.126039
-0.284835
0.12712
0.0885917
-0.218231
0.338672
0.694834
0.0521
-0.377907
-0.286263
0.341557
-0.39874
0.0360653
0.292031
-0.635877
-0.473407
0.0389574
-0.105318
-0.615034
0.439584
-0.162606
-0.683318
0.503406
-0.138976
-0.143724
-0.610978
-0.368091
0.189272
-0.000679474
0.162185
-0.380913
0.261979
-0.387142
-0.0786245
0.3131
-0.0402233
0.25981
0.210205
0.259968
-1.03175
0.633464
-0.269267
-0.108134
-0.114597
-0.409917
-0.229895
-0.0487099
0.251027
0.642235
0.373953
0.290269
-0.219599
0.23438
0.0873506
0.751648
-0.269952
0.646592
0.350539
0.070788
-0.202647
0.126487
0.22474
0.0495991
-0.0248664
0.0116795
0.483902
-0.189718
0.997865
0.291743
0.411347
-0.417061
-0.120558
1.24876
-0.617355
0.674603
0.100908
0.13173
0.313483
-0.69554
0.0531315
0.448356
-0.230182
-0.54596
-0.297839
0.210187
-0.44294
-0.768249
-0.150077
0.738703
0.0371175
-0.118645
-0.482793
-0.374579
-0.360462
0.670836
0.126029
0.0015072
0.800076
0.195666
0.191355
-0.363735
-0.133941
-0.130851
-0.110024
0.105195
0.44031
-0.445535
0.253455
0.364161
-0.614544
0.876774
-0.00928628
0.887941
0.786127
-0.144424
0.10322
0.113483
0.0944289
-0.175952
-0.0585154
0.185462
0.686875
-0.776007
0.0302931
0.71105
0.515023
-0.0849295
0.0288909
-0.0204723
0.246895
-0.578296
-0.126143
0.0866726
5.32371e-05
-0.211096
-0.0326878
-0.256998
-0.127872
0.474401
-0.452035
0.846745
0.172715
-0.124821
-0.0434995
0.700383
0.312196
0.189797
-0.18762
0.664173
-0.107606
0.899743
-0.0701399
-0.175365
0.783087
-0.854646
0.319765
0.402017
-0.304036
0.967839
-0.70552
-0.381361
-0.389181
0.131503
0.0899754
0.290349
-0.0170775
0.142515
-0.299887
-0.994216
0.164407
0.0624999
0.199289
-0.328235
-0.244858
0.0420626
-0.32159
-0.54237
-1.16605
0.252825
-0.379715
0.247734
-0.194666
-0.734718
-0.42749
0.0941721
-0.330396
-1.01056
0.214173
-0.774993
0.193402
0.394521
-0.551746
-0.188703
0.408214
-0.547757
0.398386
0.360982
0.624221
-0.29176
0.443299
-0.424188
0.72305
-0.523179
0.997559
0.623564
0.889429
-0.498313
0.651398
0.48931
0.385841
-0.775869
-0.573339
-0.495539
0.0664128
-0.472273
-0.421812
-0.808197
-0.221179
0.373127
-0.130846
-0.0412
0.127185
0.216
0.190109
0.259304
-0.276255
-0.2577
0.526193
0.41358
-0.093959
-0.211927
0.208505
1.42815
-0.287573
0.356743
0.662532
0.0261311
-0.286001
0.288677
-0.34529
0.456068
0.83948
0.583212
0.244903
-0.20878
1.17791
0.202776
0.0737874
-0.0493728
0.0950213
-0.144269
-0.22131
-0.412582
-0.331131
-0.727873
0.403675
-0.0169879
0.569132
-0.547096
-0.173815
-0.0353727
0.831729
0.0390583
-0.563289
-0.464278
-0.534636
0.0185484
-0.119069
0.837515
-0.836546
-0.723862
0.289828
-0.372972
-0.809484
-0.150566
1.28732
0.599024
0.126122
-0.00453788
0.703761
-0.0241495
0.256745
-0.0987908
-0.242103
-0.673497
-0.565478
-0.614912
-0.141457
0.294414
-0.168525
0.399429
-0.382373
-0.213205
-0.501643
-0.102096
-0.721393
-0.0589971
-0.655236
0.214144
-0.036723
-0.177854
0.989018
0.811433
-0.0172464
0.279612
0.653723
-0.285784
-0.263315
-0.780281
0.000165633
0.517392
-0.564674
1.09833
0.388293
-0.318207
0.256071
-0.0383962
-0.274231
-0.306744
-0.315525
1.20521
0.350047
0.0694207
0.0516719
0.213891
-0.61665
0.261445
-0.339803
-0.616218
0.440516
0.720616
-0.663929
-0.280498
-0.328527
-0.0832572
-0.0822564
-0.171237
0.205163
0.20813
-0.406291
0.626625
0.395193
-0.554344
-0.677474
-0.123141
0.363438
-0.247901
0.316447
-0.756369
-0.130358
0.0378145
-0.0874102
0.0686554
-0.0981187
0.156743
-0.262495
-0.566023
-0.0249827
1.19869
-0.0225214
0.600642
0.419627
0.102994
-0.464891
0.219809
-0.331792
0.124423
-0.271671
0.412232
-0.0438248
-0.422907
-0.45702
0.731673
0.552405
0.00733515
0.0143285
0.254924
0.649466
-0.138826
0.0647501
0.234567
-0.150826
-0.704007
0.758462
0.745549
0.225331
0.523848
-0.263747
0.216901
-0.00882645
0.198962
-0.270818
0.234898
0.357047
0.34376
-0.0747412
-0.288551
0.323767
0.381712
0.909489
0.0341745
-0.761496
0.10655
0.360217
0.396294
0.445238
-0.115693
0.0168716
-0.339994
-0.134003
0.644318
-0.206414
1.21318
-0.0173471
-0.510905
-0.480463
-1.23507
-0.0912356
0.432422
-0.0432323
0.490582
0.259942
-0.170845
-0.134283
0.262951
-1.00361
0.498075
0.222581
-0.16282
0.917739
-0.280044
-0.681475
-0.993005
-0.648105
-1.29825
-0.13135
-0.574944
-1.1474
-1.01777
-0.543178
-0.10268
-0.126166
0.615205
-0.0465399
-0.720989
0.255714
-0.121602
-0.225207
-0.0805922
0.277177
0.187801
0.227906
-0.0204451
-0.202205
-0.531929
0.108938
0.0713803
-0.130145
-0.060648
-0.736922
-0.690544
0.00678927
0.309425
0.239135
-0.484432
0.202342
-0.0864464
1.15247
-0.348797
0.32502
0.947719
-0.963553
-0.451443
0.764904
-0.155077
0.487292
-1.17361
0.386958
-0.213321
-0.433281
-0.454417
0.512083
-0.354654
-0.1378
0.0554572
0.651319
0.0300226
0.328406
-0.418876
-0.441975
0.125926
0.11709
-0.198995
-1.02822
-0.401263
-0.271614
-0.400315
0.0479647
-0.723675
0.393619
-0.30834
0.00953843
0.00595074
0.520345
0.213273
-0.509205
-0.088422
0.749293
-0.00505848
-0.513483
-0.4883
-0.536371
0.0343892
-0.409487
0.0805064
0.192491
-0.77555
-0.694423
-0.151032
-0.556506
0.0662679
0.5662
-0.775119
0.301258
0.421518
0.701006
0.497416
0.221716
0.159287
-0.182508
0.494945
