-0.153416
-0.620256
-0.604139
-1.5176
-0.0784739
0.78224
-0.368449
-1.10722
0.144144
-0.327287
0.25265
0.223457
1.46385
0.774699
-1.60733
-0.542695
0.00407566
1.55284
-0.897043
-0.246772
0.766415
-0.445329
0.730267
-1.3279
0.456608
0.295523
0.0938894
-0.287287
-0.334173
1.10479
-0.855594
-0.175987
-0.397958
-0.267834
1.42642
-0.278048
-0.230065
-0.927649
-0.991001
-0.207308
1.07888
-0.488805
-0.388669
1.18878
-0.769275
0.332959
0.937422
-0.47357
-1.17981
0.251159
1.19743
-0.914574
0.221917
-0.348572
0.626792
0.653465
1.40749
0.121455
-1.46462
0.0419463
0.697879
0.0772815
-1.04113
-0.67528
-0.00467926
-0.377055
-1.22299
-0.235258
-0.723341
1.52502
-0.0199447
-1.17429
-0.00807285
0.538972
-0.291164
0.352052
-1.09379
0.195383
-0.169405
0.384092
0.245579
0.257713
0.199186
-1.10358
0.476108
0.659705
0.660553
-0.871362
0.137404
0.0405478
-0.0317951
-1.49952
-1.38212
-0.75007
-0.614361
-2.60056
0.468497
0.512404
-0.982105
1.18915
0.0786041
-0.90185
0.704947
-0.319274
0.625011
0.689259
-1.11326
-1.19009
1.13335
0.905988
-1.02621
0.582195
-0.352177
1.37154
-0.785466
-0.508629
0.257701
0.291127
0.876844
0.572562
-0.815195
-2.66512
1.7693
0.800539
-0.219247
0.564511
-0.107944
1.02769
-2.33317
-0.326782
-1.17518
0.205986
-0.110692
-0.284162
1.06443
0.126342
-0.874233
-2.19853
0.231107
0.160208
1.01712
-1.6754
-0.807426
0.136643
0.143842
-0.0840889
-1.2126
-0.25964
0.406274
-1.18058
-0.497526
1.05997
0.415376
-0.998896
-1.76121
-1.3397
-2.21008
0.226381
0.313656
0.880106
0.275687
1.59037
-1.87652
0.376834
1.88486
-0.140827
-0.384968
-0.270106
-1.39775
0.0628627
-1.02546
-1.47562
-0.0889688
-0.635357
-0.2388
-1.3186
2.01002
0.69736
1.88939
1.55658
0.968336
1.39556
1.247
-0.631623
1.04927
0.226107
0.16271
0.275417
0.181
-0.0842144
0.254558
-1.20064
0.295063
-1.25269
-0.342427
-1.41261
-0.221623
-0.254732
0.578027
-0.863277
0.648497
-0.206955
0.161988
-1.49322
0.104125
-1.19713
-0.771595
-1.68559
-1.54534
-0.834266
0.884246
-0.395392
0.0222747
0.362731
-1.10426
-0.0959642
0.624582
-0.660912
0.508351
0.227596
0.620241
0.418194
0.435764
-1.69312
-0.208651
-1.15523
0.330113
-0.862489
-1.43586
-1.02981
0.540665
0.00198602
0.78181
0.403799
0.487862
-0.674511
-0.259882
0.369708
-0.468295
-0.671752
-0.554508
0.393208
0.329225
-1.72122
0.651019
-0.506377
0.459484
0.791567
0.653807
0.747996
-1.25044
-0.136907
-0.545549
-0.641957
0.244865
-0.220299
0.574863
-0.553804
-0.852134
0.812237
0.827804
-1.92742
-1.91551
0.14182
-0.0864996
0.479859
0.109761
0.0701978
1.1242
0.312268
-0.549612
-1.06573
-0.581327
-0.0806321
0.732186
-0.159553
0.730691
-1.61299
-0.0720774
-0.123618
0.188964
-0.251034
-0.103861
-0.290072
-0.0114413
-0.603922
-0.592861
-1.25945
0.468904
-0.443253
-1.05316
0.158956
0.442946
-0.510945
0.040687
0.696577
-1.84472
-1.6161
0.244102
-0.939471
-0.12035
-0.508934
-0.205652
0.408614
2.32913
-0.578191
-0.577479
1.30245
-0.368584
-1.42183
-0.103694
-1.00859
0.644408
0.0529007
-0.688508
-0.677417
-1.18515
-0.0642638
-1.7527
0.0892941
-0.676514
-0.569484
0.458902
-0.0567951
0.111499
-0.566487
2.12948
0.798971
-1.1598
-0.325165
-2.35754
-0.321968
0.0420193
-0.196257
-0.0969893
0.684725
-0.790801
0.270595
-1.24673
-1.44437
0.798409
-0.84764
-1.6791
1.08737
0.326484
0.562063
0.851124
-0.0891332
-1.93594
0.253379
-1.07861
-0.527615
0.804592
0.444524
0.215856
0.294322
0.159983
0.443199
0.476368
1.5102
1.44213
-0.292009
-1.03902
1.81268
0.66582
-0.27276
0.260049
-1.25972
0.139085
-0.800197
0.631042
1.07786
0.351188
-0.677443
-0.211313
0.883215
-0.183254
0.366427
0.858184
0.507793
0.617924
1.66882
-0.238593
0.481187
-0.299047
0.422878
-0.467818
-0.768519
0.54004
-0.225311
0.731772
0.0728729
-0.427879
-1.02088
0.959572
-0.713757
0.0877864
0.347103
-0.224511
0.240214
-0.634628
0.875487
1.11939
2.02882
-0.0345562
-0.0452952
-0.567535
-0.806897
-0.647409
-1.19823
-0.730153
-0.205803
-1.07095
1.09712
0.611134
-1.37835
-1.08115
-0.2839
2.20576
-0.625814
0.172919
0.324934
0.790123
-1.40745
0.409741
-1.91265
-0.729587
0.399599
-2.17293
-0.420778
-1.73077
-0.601529
-1.18738
0.692326
0.148778
0.763958
-0.611149
0.821225
0.690018
0.524123
0.533042
0.68608
-0.820331
-0.407337
-1.68493
-0.90762
0.756677
-0.217336
-1.96596
-0.633752
0.426705
1.00071
-0.113191
1.79233
-0.845906
-1.44472
2.15937
0.635216
-0.569454
0.759414
-0.73704
-1.01778
1.66591
-0.0330953
-0.0154843
1.76046
0.314821
1.16516
-0.247476
1.53161
-1.72086
0.0542687
1.29789
0.657776
0.562661
-0.565996
0.638747
-0.972278
0.498853
-0.216891
-0.295582
1.27254
0.180252
1.45476
0.158647
-1.47656
0.412962
-0.978243
0.714563
1.25499
0.622506
-0.0583881
-1.10863
-1.27757
0.668561
0.576877
-0.618824
-0.143153
-0.0459084
1.64327
-0.518128
1.04543
-0.259588
-0.613628
-0.302968
-1.56497
-0.282253
-0.0945772
0.227155
0.238073
-0.115251
-1.29529
1.10149
-0.214811
0.327302
-1.01341
1.13706
1.51533
-0.448687
-0.661572
1.42044
-0.89786
-1.85943
-0.389498
-0.919538
0.678796
0.0320243
-0.293928
-0.162199
0.529054
-1.09282
0.178789
-0.0751905
0.590516
1.87582
1.58256
0.417088
-1.20485
-0.597633
-0.540621
-0.0354502
-0.480651
0.593603
0.510719
-0.195379
0.108597
0.627137
0.229444
-0.271294
-0.679532
1.60461
0.0744002
-1.26716
0.35344
0.530314
1.68667
-0.722825
1.03533
-0.235189
0.566476
0.526241
-0.0313163
-0.247378
0.155733
-1.43335
1.39405
0.785255
-0.527915
0.670718
-0.225028
1.86065
-1.57538
0.363725
0.0474425
-0.369727
1.03054
1.09568
0.118641
-1.0915
0.943888
-0.0733645
0.000980167
-0.292931
-0.58952
-0.113656
0.807747
-0.0523695
1.65432
-0.622542
0.600556
-0.0892622
-1.08012
0.230517
0.37679
0.212547
0.185732
0.206615
2.04762
-0.685531
0.266212
-0.65281
-0.881409
2.00988
0.0583725
0.758909
0.25184
-0.195341
0.342777
-0.690977
-1.74701
-0.0401843
1.2196
0.138596
-0.199151
0.0465682
-0.0159258
0.807425
0.840343
0.929279
-0.430785
-1.472
-0.931815
-1.14037
-1.21639
1.11396
0.312367
-0.208747
0.610496
0.226647
-0.466861
-0.161454
2.42118
0.403434
0.393058
-1.70537
0.0497127
0.286808
1.15776
-0.110815
0.329377
-0.485634
0.290582
0.461676
-0.510258
0.0995832
0.258975
-0.404771
1.60388
-0.177511
0.376725
-0.363567
-1.63191
0.0822926
-0.751041
-1.08624
-1.91995
-0.457114
-1.71469
-2.53418
0.309901
-0.61912
1.20713
-0.871576
-0.0637935
0.98956
-1.17655
-0.307206
-0.18461
-1.47145
-0.300937
-0.718265
0.0345301
-0.742334
1.26661
0.00367329
-0.178464
0.795454
1.28608
0.799386
-0.641812
1.75745
-0.999915
-0.208432
-0.0248406
-2.45625
-0.072433
1.33666
-1.64351
-0.532586
-0.664689
-0.547079
0.480897
1.16623
-0.821946
-0.544345
1.00603
-1.2831
0.386406
-0.689381
0.55902
0.142652
1.12275
-0.896446
0.715591
0.0466506
-0.230242
0.207215
0.374412
0.474142
-0.0401621
1.18597
0.787698
-0.252346
-0.4081
0.745353
0.779603
-1.43884
-0.718588
-1.68345
0.108339
0.16018
0.471757
0.550577
0.333244
0.276804
-0.841824
0.617374
-0.687631
0.443881
-0.478741
0.595365
-0.201348
1.4244
0.397278
-0.504017
-0.385901
0.0248861
0.479593
-1.11746
0.174896
0.455677
2.08613
-0.210921
-0.447505
0.435647
-1.83623
0.732682
-1.47716
0.232028
-0.709411
0.0916355
0.558693
-0.0307213
0.481816
0.238799
0.16009
-1.08072
0.498618
-0.258957
0.0507259
-0.639933
0.0557907
-0.0484919
-0.51235
0.0564892
-2.03598
-0.372659
0.863553
-0.828489
0.189256
-0.0701425
1.01663
0.798446
-1.17749
0.365257
0.970467
0.606008
-1.26186
0.0429649
-0.0333993
0.942147
1.43502
-0.530748
-0.613581
-0.10896
0.320864
-0.390601
0.622061
0.734069
-1.30107
1.21133
0.606897
-1.22473
-2.02361
-0.292343
0.372566
-0.0105868
0.35536
0.111118
1.5308
-0.464146
-0.00749651
-1.28253
-1.39499
-2.97268
0.0408731
-0.582332
0.513137
-0.973404
-1.09481
0.840345
-0.663092
0.670282
-1.8119
1.16736
-0.253336
-0.62644
1.12206
-0.449642
-1.05232
0.666785
-0.389097
-0.258795
-0.596355
-0.555453
0.85156
0.3751
-2.40865
-0.179775
-0.309151
-0.73168
-2.03819
1.84996
-0.622542
-0.622558
-0.339144
0.724628
-0.956759
-1.27898
1.09724
1.1458
0.714187
1.31292
-0.985743
0.110567
0.472331
0.520448
-1.07042
-0.526181
1.69321
1.43033
0.318928
-0.694166
0.238144
0.134181
-0.130105
0.890727
0.722897
-0.513151
-0.0268253
1.54782
0.401
-1.23068
0.505783
-1.29251
-0.0435181
0.598748
1.87051
0.743089
1.2514
-0.0443799
-0.0239054
-1.24586
0.718192
-0.791521
-0.645608
1.02579
1.89779
-0.707322
0.730259
0.172208
0.38508
0.9279
-0.0243247
-0.820625
0.0592716
-2.14226
-1.14601
0.334553
-0.442882
-1.35365
-0.400664
-0.388554
0.566505
-0.977274
-0.110245
0.178288
-1.6999
0.75597
0.0845556
0.94301
-1.06905
-0.0339721
0.949214
-0.0802656
1.06928
0.68547
-0.401176
-1.49341
-0.404022
-0.190055
-1.22599
-0.571837
-1.75836
0.649875
0.162693
0.655028
-0.755598
0.118284
-0.196574
-1.05831
-1.25212
1.17637
0.0185245
0.181055
1.14954
1.40005
0.102622
2.09044
0.334447
-1.13852
-0.0837892
1.45655
-0.803196
0.340664
2.37751
0.332722
-0.852453
0.607028
0.351564
-0.97517
-1.58093
-0.18873
0.285659
-0.374477
0.92523
1.18888
0.243372
-0.591707
0.0577852
0.978054
0.214863
-0.829267
0.0401765
1.89514
0.701003
-0.581418
-0.722151
-1.73056
-0.358731
1.83467
1.50055
0.542307
0.613579
-0.985034
-1.01744
-0.24548
-0.0455157
0.753407
0.0764965
0.377687
0.124647
0.212438
-0.0738023
0.700272
-1.03035
0.601813
0.932767
-0.406892
0.67298
0.181022
0.821336
1.77622
0.230394
1.85568
-0.203189
0.74
-0.228856
-0.537675
1.79258
1.79518
-0.150795
0.539242
0.273377
0.000578206
-0.915737
0.99003
-0.470812
0.183925
-0.961183
-0.0312688
-1.03039
0.327221
0.213902
0.115452
-0.687285
0.84558
0.512857
0.0773045
-1.18279
-0.672211
0.36355
0.596053
-0.599109
-0.326688
0.150994
-0.0103893
-0.342776
-0.267157
0.00492277
1.70306
-0.791876
0.974961
0.149049
0.166718
0.490266
-0.438382
-0.130639
-0.547319
-0.877265
-1.24553
0.220842
0.0341916
1.04753
0.611853
0.938068
0.747807
-0.880364
1.2328
0.971749
0.574792
-0.130671
1.00991
-0.836126
0.314879
1.34023
-0.845484
-0.499926
0.627753
-0.211373
-0.750464
0.796845
-1.04338
1.34965
0.782349
-0.909752
-1.53456
-0.130199
-0.124527
-0.551961
0.412683
0.202149
-1.55325
1.65865
1.47067
-1.42941
0.0179616
0.685562
-0.306286
0.799048
0.95587
0.846799
-0.0617814
-0.43623
-0.0659899
0.525196
0.571781
0.056377
0.285839
1.57726
0.929115
-0.026377
0.373036
0.630282
1.00055
0.454467
0.0362506
-0.898763
0.247349
0.00567832
1.52102
-0.0903466
1.9422
0.264901
-0.515888
0.593449
0.214564
-0.5571
0.0684439
0.624366
-0.41558
-0.0754904
-1.06916
-0.375702
0.242849
0.987107
0.780897
-1.0491
0.358698
0.505193
0.949153
-1.81938
0.0384532
-0.251115
0.556967
0.715135
0.754466
0.198911
0.280404
1.92345
1.52618
0.856765
-0.99182
0.628118
-0.146266
0.0704113
1.13614
-1.29548
-1.02321
-1.37976
0.338475
-1.12053
0.8783
0.901272
-0.15811
1.02054
-1.40406
-0.384856
-1.11237
-1.42039
0.290533
0.310782
-0.545679
-0.351586
-0.604397
-1.26746
0.708056
-0.0811216
1.40997
0.0864113
-1.09921
-2.12681
1.87802
-0.486002
-0.670656
-0.350231
0.339079
1.08958
-0.900845
1.22524
0.179716
0.716517
0.395838
-0.834844
0.830727
-1.03762
-0.241246
0.439228
-1.15244
-0.724348
-1.01998
0.320278
1.45254
-0.943125
0.690159
-0.474441
0.909877
1.23187
-0.612229
0.203678
0.0818187
-0.862472
0.0454506
-0.317208
0.323416
0.891917
0.79776
0.662194
0.799467
-0.369117
0.0744636
-0.375999
0.529601
-1.56346
0.410456
1.15023
0.47087
0.249425
-1.41558
0.515911
-1.6646
0.423916
0.0659101
0.146552
0.156826
-0.618541
-1.30833
-0.868289
-0.171814
0.513282
-0.610054
0.72712
-1.38642
0.730978
-0.915031
-0.157097
-1.30501
-2.60656
-0.0663884
-0.255831
1.61887
-1.20362
-0.118077
0.367606
-0.578054
0.244565
-0.024319
2.43158
1.18507
0.659678
0.576421
-0.333602
1.01849
1.69025
-0.217085
0.200069
-0.845791
-1.33128
0.542213
0.0289058
-0.591867
1.44315
0.0125879
0.854908
0.267738
-1.14129
0.0156729
-0.564503
0.489398
0.663034
-0.400928
0.0408872
0.101834
-0.334168
-1.69667
-0.953472
0.132054
-1.14991
-0.369353
-0.187317
-1.40256
0.0243124
0.629828
-0.376737
0.457749
-0.915202
-1.10279
-0.474274
0.0217516
-0.726257
-0.194149
0.00569956
0.490063
0.0977177
-0.984056
0.189665
-1.18765
-0.511943
1.41954
0.273519
-1.07571
-1.07203
0.681649
0.0882487
-0.158652
-0.282304
0.582886
0.919154
-0.668338
-0.429253
0.155051
-0.432573
0.580914
0.423843
1.30939
-0.689198
-1.09851
0.271433
-1.19731
-0.452395
-0.150868
1.38411
1.92755
0.138819
0.967588
0.777984
-0.00532123
1.10426
0.943214
0.130733
-0.0297125
-0.00387468
1.3656
0.159869
-1.65223
-0.436995
0.171268
0.866093
0.384876
-0.370073
-0.806068
0.785559
0.619522
1.22593
-1.10203
-0.199844
-1.6865
-0.349322
0.0185346
-0.732485
-1.46474
0.118435
-0.38256
-0.92563
1.58394
0.0409655
-0.0458963
0.754247
-0.363879
-2.28075
-0.709561
-1.75419
-0.306206
0.404574
1.62535
-1.76265
-0.448731
0.48824
0.626386
0.883576
-1.46095
0.482457
-0.209194
-0.559563
-0.433922
0.864141
-0.15439
1.50798
1.8458
-1.63233
-0.850588
-0.967262
1.04337
-0.37202
0.943568
-0.330407
-0.559203
-0.176053
-0.360729
-0.606876
-0.396162
-1.09301
-0.633283
0.437218
0.652558
1.24683
-0.785568
-0.183022
-0.192564
-0.863433
1.02151
-0.817209
-0.455421
-0.984814
-0.310692
-0.717351
-0.696272
0.617731
1.47116
0.192937
-0.00830134
-0.553637
0.223988
0.365772
-0.100957
0.108958
-1.31917
0.049372
0.0861268
-0.58971
-0.313228
-0.33104
-0.38317
-0.0120547
0.364102
-1.0539
-0.28708
1.08682
-0.880899
1.80777
-0.756145
1.38086
-0.503824
0.439727
-1.74022
-0.232511
-0.954374
1.42712
0.328218
-1.56499
-0.0172133
-0.972487
0.626725
0.092912
0.372637
-0.506235
1.33598
0.866972
0.223388
1.07409
-0.179889
-0.332234
0.518614
-0.766339
-0.773999
0.515475
-0.539276
-0.99041
0.0229599
0.0510359
0.466066
1.35048
-0.62941
0.455281
-0.261139
0.687384
-0.418573
-0.0406395
1.22519
2.1639
-0.089134
0.152726
-0.119003
1.11712
-0.291639
1.17729
0.66765
-0.207365
-1.1749
-1.26163
0.714297
-0.522263
0.714207
0.35874
-0.226116
-0.818177
1.60984
0.418473
1.11701
1.26263
0.525072
-0.0646633
-0.768754
1.29476
0.635488
0.0276045
0.760956
-0.138417
0.524299
0.119608
0.721636
-0.813374
0.297598
-1.1596
0.117811
0.178327
-1.63936
0.557827
-0.528286
0.510334
-0.620867
0.116584
1.081
-0.517875
-0.561108
0.0729901
0.217351
0.270577
0.431673
-0.703956
-0.272992
-0.12093
0.459069
-0.341296
0.214198
-0.171721
-1.17716
0.989603
0.412594
0.986066
1.16465
-0.147534
0.799153
-0.713085
-1.75866
-0.273583
0.0580932
0.274497
-0.615454
0.664472
0.184454
0.488183
0.875121
0.16604
0.47484
0.454233
-0.361279
0.630525
0.627698
-1.45602
0.908515
0.0428248
-1.03551
0.774372
0.386446
-0.308304
-0.421511
0.485117
0.0523779
1.20418
1.24407
0.816814
-0.699978
0.441591
0.711772
0.785051
-0.186844
-0.303502
-0.895486
-1.45082
-0.24315
-0.69281
0.0988562
-0.409549
-0.029264
-0.539419
0.291292
-0.642986
-1.28384
1.76956
-0.990067
0.527729
0.56517
-0.170554
0.299705
-1.07936
1.02673
0.180679
-1.31744
-0.125975
-0.18072
1.03755
0.649095
-0.444729
0.623331
-0.923744
1.81037
-1.04771
-0.832004
1.4459
1.53767
-1.14512
-0.30661
0.548545
-0.662626
0.231865
1.25451
-1.63835
0.820879
-0.769957
1.70131
-0.241921
0.68799
0.71118
-1.08042
0.396693
0.388816
1.0142
0.994085
-0.401675
0.710276
1.18359
-1.4989
-0.56087
0.233083
0.617823
0.205524
1.40873
0.886533
0.680942
-0.0210587
-0.567307
-1.38752
-1.36017
0.938251
-0.998219
-0.764072
0.391823
-0.468083
0.90423
1.24059
-0.744037
-0.97697
0.156821
-1.10753
-0.444259
1.21106
1.03738
-0.902094
1.09324
0.210005
-0.0647824
1.05374
0.995739
0.346802
0.12727
-1.0778
-0.803974
1.19515
1.26539
-0.667719
0.754777
0.663851
0.251521
-0.376915
-0.0995163
-1.82255
0.24878
-0.810814
-0.167453
0.16776
-0.206012
-0.44681
0.494153
-1.23265
-0.376048
-0.597303
0.166508
0.291806
2.89348
-0.0446766
0.146174
0.867739
0.22053
0.436748
0.557844
0.565815
0.936248
-0.307181
1.70034
1.23336
0.419637
0.380041
-0.412483
0.283437
-0.0240377
-0.373007
1.5874
-2.23208
0.820779
1.29252
-0.0278468
-1.60877
-1.56936
-0.340186
-0.180336
1.28996
-0.0434274
1.07284
-1.27734
-0.850616
-2.19472
0.276343
0.348561
-1.63422
-2.14407
0.765772
0.435006
-1.54325
0.238338
-0.0993413
-0.185249
-0.267151
0.35793
-0.90164
0.60638
0.49673
-0.801697
0.152081
-0.834856
-0.0178339
-0.455305
-0.282963
0.58655
-0.789548
1.22263
-0.0726287
1.42565
-0.599549
1.09268
0.440225
-0.163299
0.0561731
1.11493
1.55274
-0.897419
-0.688381
0.447645
-1.08883
-1.25003
0.192298
0.52511
-1.25648
-0.309109
1.7372
0.316049
0.235157
-0.767654
-0.459429
-0.423221
-0.881263
-0.823347
1.32551
0.881746
-0.383712
-0.439845
-1.63099
-0.0651474
-1.0454
0.982839
0.649847
-1.28428
-0.243949
-0.34321
0.834315
0.398449
-1.24939
1.05909
-1.34237
0.739446
0.929479
0.730088
0.989378
0.681692
-0.640501
-0.65413
0.876263
0.669763
-1.46799
0.350917
0.664001
-0.895068
0.26974
-0.642623
-1.82029
0.254738
-0.464123
-3.06355
-0.134086
-1.41501
1.64843
0.855279
-0.565177
0.0474299
-0.794066
0.252688
1.13038
0.915503
-0.195571
0.441171
0.321038
0.385308
0.309328
1.07932
0.418844
0.257943
0.691734
-0.168108
0.192542
-0.555354
-0.427253
-0.248263
-0.845047
0.0326846
-1.03174
-0.337298
-1.75151
0.130189
-0.225228
1.46388
-0.0322246
-0.424386
0.0449619
0.735484
-1.52432
1.22032
-0.953134
-0.0575447
-0.506683
-0.796752
-0.269062
0.540382
-0.857628
-0.503029
-1.19462
0.808514
-0.910169
0.588432
0.365576
-1.7149
-0.55895
-2.03384
0.930309
-0.883511
-0.267514
-1.19092
0.18502
0.526103
-0.146303
-3.21294
-0.722712
0.142885
1.19473
-1.02083
-0.624317
0.813994
0.589158
0.150158
0.331411
-0.457984
0.23468
0.233383
0.158217
1.25164
0.286596
0.926619
0.426244
-0.29979
-0.239523
2.17571
-1.98474
0.969558
-0.111914
-1.05523
-0.634104
-0.635944
-0.510416
-2.79581
-1.01721
1.22047
1.69938
-0.150317
0.119652
-0.43899
0.500325
0.527517
-0.966436
0.742467
0.0367627
1.51011
-1.41143
0.295705
1.35673
-1.76415
-0.706478
0.486386
-0.961453
0.981938
0.914482
0.256867
-0.482597
0.161894
-1.73166
-0.7856
0.651025
0.0389399
-0.543026
0.060255
0.547653
-0.196531
-0.0222959
-0.106021
-0.736834
0.158355
0.316314
0.583508
1.52056
1.01881
-0.827624
3.41844
-0.240699
0.773071
0.395299
0.0616497
0.0916874
-1.07414
-0.038038
-0.412534
-0.882182
0.368325
-1.50367
-0.271427
0.898867
-0.477953
-0.968517
-0.801622
1.1807
-1.51783
0.269279
0.192018
-0.779239
0.721658
0.900317
-0.352717
-0.238329
1.04156
0.0832186
0.418695
0.425605
2.01214
-1.59734
-0.573767
1.1499
-0.243457
0.466157
-0.737582
1.67795
-0.572436
-0.533811
0.641914
-0.968885
-1.39046
-1.49027
-0.603025
-0.193581
1.85422
-0.884419
2.35013
-1.52972
-0.694516
-1.10745
-1.01025
-0.0762233
-0.0339319
-0.28073
-0.0746957
-0.70173
-0.864917
0.555434
-0.567846
-1.76478
-1.03134
-1.49842
1.36194
-1.57094
1.22508
-0.328942
-0.691533
0.683101
0.184997
1.18702
-0.222128
-1.06894
-1.54208
1.20696
1.15612
0.883565
-0.418274
1.30322
0.595936
0.217639
-1.4605
1.56298
0.107071
-1.37611
-0.235111
-0.765364
-0.871137
-1.26768
-0.239517
0.679896
-0.060374
0.853246
0.206451
-0.880281
0.459156
-1.13166
0.238513
0.233521
-1.01561
-0.206886
-0.0783396
-1.05696
-0.602039
-0.34555
-0.34685
0.825151
-1.49496
-0.805271
-1.05604
0.0993419
-0.712972
-0.520082
1.64324
1.28571
1.35574
1.03225
0.796438
1.38202
-0.703727
-1.08358
2.65755
-0.587181
-2.27711
0.413538
-0.983558
-0.861705
-0.717604
0.618544
-0.405287
0.503017
-0.169503
0.996449
-0.400408
-1.05278
1.21897
-0.941157
0.296198
-0.66395
-0.499212
1.29593
0.522264
-1.64808
-0.827341
-0.447393
-0.801015
0.420439
0.0372122
-0.607783
-0.302268
0.724412
0.548536
-0.506864
-1.01253
1.46251
-0.367915
0.545558
-0.312168
1.54286
-0.410985
0.598687
0.695306
0.819175
0.381192
-0.949035
0.185756
-0.861791
0.563878
0.526676
0.138369
0.347073
-1.21473
-0.00943017
0.551724
-1.32572
0.193236
0.931878
0.497915
0.69693
-1.35169
0.0207571
0.496371
-0.138171
-0.621978
0.147734
0.357857
-0.546255
-1.02741
-1.67606
-0.00670515
0.192416
1.07268
0.390217
-0.374452
0.81559
0.803126
-1.02302
0.407553
0.839045
0.618655
0.851384
1.41092
0.117935
1.11882
-1.23228
0.00843429
0.0789483
0.331735
0.580682
-0.0624339
-0.290509
-0.998857
-1.09899
0.887117
-1.41546
0.0467109
-1.14719
1.11015
1.28609
-1.43329
1.00585
-0.624112
-1.03281
0.324116
0.464862
0.506888
0.93798
-0.016731
-0.788436
0.947664
-0.310158
1.62481
0.174622
-0.873814
-0.576266
-2.43865
-0.447992
-0.434844
1.64556
-0.402982
-0.763854
0.572277
-0.300762
-0.900405
1.36913
-0.461331
0.514521
-0.191703
-0.511988
-0.227328
1.48013
-0.160368
0.957914
2.28454
-0.720713
-0.321505
0.148261
0.415209
-0.495036
-0.506046
2.04516
-0.819217
0.423571
-0.330593
0.113058
-0.793877
-1.6063
-1.09355
0.374783
0.76496
-1.41701
-0.390478
0.455068
0.669652
-0.223341
-0.121128
0.669332
1.13111
-0.196426
-1.16204
-0.0737473
0.474094
0.0312702
0.85749
-0.108906
0.348791
0.68693
-1.86297
-0.529967
-0.218085
0.979997
-0.206561
-1.22453
-1.27256
1.67204
0.663328
-1.36025
-1.64616
-1.31454
1.83
1.36985
1.27717
0.710566
-0.364727
0.289564
0.88275
-0.890813
0.00209313
-0.0330909
-1.33688
-0.920757
-1.01161
0.332394
-0.869491
-1.00852
0.190042
0.93129
0.48699
-0.208242
-0.710704
-0.736748
0.737404
0.774903
-1.73356
-0.252819
0.291414
1.29462
-0.489363
-0.493995
-0.200903
-0.356775
0.986341
-0.559449
0.555286
-0.84014
-0.658765
-0.432448
-0.556997
-1.13633
0.0269623
-0.20336
-0.21954
2.3314
0.689451
-0.669712
0.248196
-2.32052
-0.998125
0.203205
-0.868951
-0.957641
0.0429535
-0.455895
0.649995
0.176659
0.0155024
-0.349582
-0.170263
-0.151639
-2.38732
-1.45841
-1.58235
1.98434
1.06278
0.511452
-0.488529
-0.675989
-0.601996
-0.930503
0.421421
0.77089
-0.72038
-0.799507
-0.314016
-0.422756
-0.724915
-0.171959
0.931549
-1.15853
0.0892619
-0.18096
0.963783
0.910475
-0.466021
0.111745
-0.44374
-1.09263
1.89485
-0.400202
0.0668007
-1.96676
0.799843
0.104953
-0.0628301
-1.28638
0.520743
-0.0340439
-0.223161
0.56403
0.762137
0.0381
-0.421584
0.635795
0.237605
0.654603
0.751755
-0.758777
-2.35933
0.860272
-0.308178
-0.168492
-1.63235
-0.338072
0.00245638
0.029101
1.18782
-0.372478
-1.34977
0.146442
-0.020517
0.239412
-2.07585
0.630061
-0.232747
0.285378
-0.612933
-0.686113
1.11581
0.870096
-0.734194
0.087289
0.121934
1.25002
0.344287
-1.04633
-0.796988
-0.294842
1.34249
-0.22737
0.0258993
-1.35647
-0.122619
-0.615934
2.5574
-1.4383
1.42938
0.348094
-1.28834
0.364312
-0.524934
0.213485
1.06184
-0.833025
0.121947
0.0455107
-0.391342
-0.333811
0.38739
-1.44772
-0.82906
-1.01788
1.27242
-0.229108
0.409631
1.14242
-0.436053
0.286216
-1.7884
0.228641
0.818737
0.40154
0.67583
0.743229
-0.23346
0.129041
-0.8362
-0.372826
-0.528552
-0.0129448
0.79328
0.520897
-0.386204
1.12424
-0.0650543
-0.138363
1.32141
0.859759
-1.66548
0.564752
-0.701332
-0.270903
-0.299568
0.964127
0.283823
0.412603
-0.678307
0.464765
0.256975
0.123449
-0.267497
-0.0776222
1.27855
0.183475
-1.18852
2.20374
0.166402
-1.13303
1.24857
0.221346
1.45545
0.0650647
1.10581
-0.82072
0.940234
-1.72618
0.0954785
0.437067
-0.696489
-0.431314
-0.962693
0.362948
0.795795
1.57864
-0.130961
1.22926
0.34219
-0.179352
0.499794
0.754667
-0.736184
-1.0463
0.38096
0.361371
0.459126
1.3623
1.38648
1.17701
1.93784
0.727673
0.791614
-0.757046
1.25667
0.729153
1.69971
-1.14113
-1.55226
0.856367
-0.754839
0.826515
1.45034
0.196157
0.418182
1.11007
0.760836
1.57519
-0.202139
-0.281573
0.852577
1.00619
1.07307
-1.40333
-1.2889
-0.305353
-0.229542
-0.33961
0.83715
0.55581
0.670128
0.619755
1.33572
-3.3362
1.48772
-1.28074
-0.818467
1.06644
0.324509
-0.246045
0.272896
0.585427
-0.114601
-0.55444
0.569432
0.00865096
0.354856
0.631657
-0.312778
-0.283107
-0.453995
0.995566
-1.93834
-0.362378
-0.445592
-1.36859
0.108022
0.538175
1.0511
0.0911246
-1.2987
2.86768
-0.51707
-0.519152
-0.694116
1.058
0.742042
-0.19043
0.949941
2.34187
-1.59117
-0.624738
0.922227
-1.1465
1.55623
0.0599262
1.6459
-0.975209
-1.19406
1.25634
1.21021
-0.763898
0.027661
0.980845
-1.07819
1.57213
1.13082
0.506427
-0.333325
0.500818
0.227533
-0.0663525
-1.16453
-0.545232
-0.053847
-0.562354
-0.0366809
1.03462
0.039067
1.37432
0.208049
0.385058
-1.23514
-1.09639
-1.36568
-0.129516
1.70725
0.49818
0.132226
1.15215
-0.74917
0.883754
1.90487
0.667045
-0.763557
-0.324427
-0.680395
0.817758
-0.527969
0.515181
-0.530221
-0.94391
0.0333977
-0.649336
0.787772
-0.35474
-1.53875
0.28096
0.885463
-0.402152
-1.65638
-0.39908
1.01338
-0.25459
0.331151
1.24915
0.92361
-0.80393
0.130771
-0.43298
0.766323
-1.68461
0.146252
-1.20289
-1.1336
-0.328443
0.881225
0.270781
-0.0926643
1.24817
-1.22753
1.00312
0.730464
-0.180723
0.669596
-0.775699
0.218363
-0.225188
-0.528153
1.6821
-1.73927
0.527709
-0.488513
-0.436732
1.09012
-0.304198
2.12927
0.423806
0.613959
1.05412
1.3712
-0.878157
-0.393379
0.167244
-0.695443
0.728931
-0.274889
0.696085
-0.296064
0.829954
-0.130905
0.235137
1.42259
-0.197979
0.472627
0.000514613
-0.532877
-0.608594
1.27045
-0.50993
0.134295
-0.763977
-0.708119
-0.637733
-0.143755
0.286796
-0.490749
1.69734
0.0173942
-0.671108
0.522154
-0.0870109
0.516528
-0.0161358
-0.852709
-1.61599
1.29368
1.07367
0.533799
-0.26624
-1.2634
0.20907
0.670271
-1.50895
-1.24573
0.468717
-0.797867
0.638397
-1.0797
0.273678
-0.262343
-0.967817
-0.313954
0.00984106
-0.302634
0.996554
-0.707205
0.0705844
-0.176032
1.3066
0.373261
1.32911
-0.361776
0.417726
-0.00607975
0.821361
0.606777
0.528579
1.38882
0.646727
0.548063
-0.490432
0.433196
0.372482
0.0504862
0.0449803
-0.823559
-1.72864
0.0423805
0.485723
-0.0376382
0.761887
0.398003
-0.188196
-0.0185521
0.988276
-0.0433654
0.486741
0.0564909
1.25512
0.543727
-0.909268
1.24801
-1.51778
0.374723
-0.376726
-0.311154
0.0588243
-1.10973
1.47388
0.444034
-0.727868
0.231953
0.994546
-0.289677
-1.1346
-1.13735
-0.845179
-0.165596
-0.308534
-1.93494
-0.143065
-0.794973
0.555252
0.806714
-0.415728
0.817535
-0.701655
-0.389672
2.3297
-1.59882
0.945561
-0.799793
1.68228
-0.0581538
-0.0481778
1.07704
1.01638
0.923636
0.427032
0.792122
-0.118341
-0.796997
-0.678585
1.29502
0.423934
0.908931
0.214001
0.131003
-0.193027
0.00616559
0.195766
-0.955929
-1.22883
-0.555063
0.825906
0.453332
0.216626
1.84074
-0.467132
0.706256
0.8602
-1.03538
0.425114
-1.46934
0.413315
-1.08683
-0.248779
1.36933
-0.203323
-1.10288
-0.199452
-0.525008
-0.982665
-1.12684
1.90083
1.12982
-0.721042
-0.48621
-0.783282
-0.891128
-0.234055
0.627654
0.720747
-0.02408
-0.607155
-0.349439
0.603853
1.15642
0.626497
-1.3043
0.178965
-1.82649
-0.657199
-0.597561
0.490696
0.44154
0.926153
-1.46992
-0.39831
-0.200282
-0.252446
-1.30589
-0.118103
0.0418048
-0.845799
0.360265
-0.22551
0.185758
0.715117
-0.225793
-0.203056
-0.441548
-1.23289
-0.0670419
-1.43868
-0.720796
-0.852127
-1.20776
-0.71442
-0.789648
0.593857
1.41512
-0.84759
-0.802027
-1.2659
1.48549
-0.871381
0.0886974
-1.2433
-0.607788
-0.673324
-0.233569
1.02349
-0.829319
-0.485656
-1.00614
-0.156245
0.826206
-0.152903
0.0527526
0.438633
2.03457
-0.272541
-0.723793
-2.59823
-0.568727
-1.12054
0.96327
-0.288312
2.31407
-1.64547
-0.160615
1.01493
1.62628
0.185646
0.251262
-0.979455
-0.711233
1.42291
1.16513
2.22211
1.42225
0.632606
-0.760889
0.803738
-0.0867612
0.320924
-0.569861
0.6502
0.595375
-0.611075
-0.243571
0.151374
-0.245404
-0.0647187
1.15028
0.815895
-0.377762
0.818326
-0.333962
0.0807643
-0.516867
-0.564019
0.569545
0.619124
0.648967
0.0507736
-0.620583
1.3328
-1.05186
0.253282
0.492214
-0.939855
-0.700034
-0.530503
0.3267
-0.45828
-0.578968
-0.321176
0.438313
-1.46017
0.202308
0.43714
-1.01219
-0.157991
0.0480917
0.358912
1.65476
0.189151
-0.909285
-0.333286
-0.357604
-0.4489
-0.285724
-0.302317
1.09049
-0.114272
0.158806
1.04516
1.56167
0.0560231
-0.99169
-0.107241
-0.918586
1.15288
-0.597468
0.953997
1.14676
2.12399
0.815291
0.429436
0.071878
-1.02023
0.472006
-0.44574
-1.84144
-0.828512
-0.512572
-0.0780939
0.606558
0.24364
1.98143
-0.264969
-1.39913
0.349162
-0.12864
-1.85671
-0.298532
-0.273123
-0.405543
0.28203
1.21422
1.6026
-0.14004
1.99818
1.63202
0.843777
0.824701
-0.0625548
0.10104
-0.29363
0.924633
0.177595
1.86135
1.4212
1.31394
-0.486184
0.0784536
0.965984
-1.31359
1.1587
-0.704919
0.145173
-0.136375
-0.948454
1.79655
1.29397
-0.371259
0.749803
1.34707
0.369907
1.20761
-0.0692993
-0.656014
-0.343716
0.528873
0.739592
-0.480655
-1.02552
-1.58872
-1.1274
0.939576
-1.05175
-0.568688
1.35795
0.233628
1.02751
0.281827
0.132318
-2.10886
-0.930817
-0.106802
-0.387944
-0.0336941
-1.35028
1.33697
1.04018
0.595474
0.0139395
-0.440772
1.16648
0.51667
0.1657
0.255928
-1.27097
1.19209
-1.88393
0.229704
0.564147
0.461892
-1.82575
0.425857
-0.015773
-1.60387
-0.354928
1.37504
-0.729108
-0.453797
-1.3281
0.425348
0.666492
-1.10022
0.0652161
-0.285557
-0.0116195
-0.566766
0.706852
-0.133116
-0.06831
0.125558
1.00528
0.323891
-0.461141
0.577837
0.95335
1.32884
1.87961
0.372952
-0.845603
-1.30165
0.790396
-1.14798
-0.857166
0.194145
-0.4985
-0.204068
0.690395
-1.93172
-0.123492
-0.971447
-2.3489
-0.544219
-0.199402
-0.5544
1.13065
-0.18386
0.766957
1.08301
-0.772006
-0.473781
-0.632046
1.06677
0.0494686
0.165593
-0.116701
-0.264152
-0.132712
0.651321
-0.404749
-1.53177
-1.42845
0.0566444
-1.22291
0.564155
-1.27927
-1.94953
0.563838
1.36826
-0.624907
0.305073
1.24342
2.15621
0.601233
0.598479
-0.310958
-0.0730485
1.13167
-0.0315493
-0.478619
-0.201103
0.799049
1.82781
-2.07854
0.0689659
1.01446
-0.0680153
0.90145
0.889765
0.156693
1.40844
1.27635
-1.53496
1.14766
-0.564827
0.911204
0.0448934
-0.507594
-0.0584076
0.33961
0.377806
-0.742392
-0.102238
-0.349093
1.37559
0.367657
0.741586
0.437451
-0.145705
-0.476676
0.876568
0.0855581
-1.25347
0.236118
-1.07919
0.0904017
-1.27328
-0.945308
-1.0931
1.67758
0.364394
-0.351556
-0.234245
0.285571
1.3933
-0.844432
-0.115747
-1.22445
-1.41113
-0.602359
-0.246212
0.54728
0.418999
-0.910277
0.461033
-2.32246
-0.679412
-1.10892
0.524998
-0.386423
0.615038
-0.640351
-0.43308
1.08507
1.49544
1.80018
-1.25534
0.427388
0.750194
-1.59759
0.261804
-0.679425
0.540539
-0.809196
-0.454997
-0.639173
1.16335
-0.565062
0.757531
-0.847708
1.1396
-1.13145
0.182827
0.941605
-0.108471
-0.320344
-1.31913
-0.137174
2.09995
-1.54954
-1.08623
-0.351037
0.549933
1.03283
0.658627
-0.528359
-0.498585
-0.722492
-0.225844
0.654219
-0.630165
0.628054
-1.58574
-0.760985
-1.15809
1.49922
-0.152377
-0.860964
0.414732
-0.868342
-0.34098
0.979174
-1.00195
-0.891627
-1.39306
0.00672349
-0.194127
-0.594852
0.0011262
-0.137008
1.13674
1.54508
-0.27716
-0.0845679
-0.662058
0.250846
-0.490355
1.5023
-1.41519
0.329045
-0.0995276
1.22062
0.860607
-0.545594
-1.58427
0.333741
0.103744
0.114812
1.57305
-0.50893
1.54787
1.04378
0.606818
-0.600159
1.10303
0.783009
-0.40522
-0.379255
0.703992
-0.431467
0.216472
-0.492969
0.994026
-0.358852
-0.0776085
0.452411
-0.035349
1.07646
0.000582726
0.338416
-0.169353
-0.542706
-0.319428
0.908303
-1.70156
-1.07382
0.335786
-1.13813
-0.486819
1.71109
1.19476
0.885283
0.230584
0.559265
0.704263
-0.537249
-0.18896
-0.093659
1.22122
-1.08742
0.550092
0.330984
-1.63165
-1.83241
-0.226146
-1.39614
0.42113
-0.33066
-0.322919
-0.379679
-0.796147
0.709487
0.794021
-0.212216
2.2163
0.930719
-1.17392
-0.218773
0.298581
0.0335142
0.112948
0.591655
0.535566
-0.117897
0.215503
-0.730093
0.358901
1.09195
1.72501
0.384212
0.0956758
1.83979
0.668629
0.632082
0.517139
-0.226358
-0.383816
-0.17867
0.944955
-1.08226
0.0416576
1.33048
0.978661
0.648422
-0.537701
0.219227
-1.21676
-1.17418
-0.0520261
-0.900278
-1.86518
-0.132133
0.400002
0.911882
0.0512172
0.482752
-0.451388
-1.29063
-0.329649
-1.46419
-0.0808572
0.739564
-0.151699
0.883958
-0.080355
1.12856
-0.240628
0.307755
0.501272
0.19208
-0.341268
-0.885924
0.00811478
-0.944811
0.0108612
-1.13199
0.848533
-0.725835
0.263414
0.647243
-0.439172
-0.756484
-0.54013
-1.60649
-1.41842
0.28768
0.413803
-0.0512983
-1.2807
-0.400688
0.848439
0.388754
1.24629
-1.34998
0.437649
1.99526
0.387623
-2.05017
0.909025
-0.165054
0.579406
-0.644353
-0.0844495
1.3246
0.0771603
-0.309917
-0.267922
0.844271
1.18282
-0.196604
-0.572088
-1.05153
0.271654
-0.0336086
0.448567
0.00267667
1.01655
-0.0584982
-0.897026
-0.522291
1.74288
-0.315894
1.23736
1.04351
1.1211
-0.234605
-0.803143
1.72265
1.2252
-1.56393
0.51733
-0.054089
0.282512
0.828978
-0.420176
-0.702053
-0.219073
0.00741129
-0.648138
-0.0105073
0.735063
-1.01633
1.77032
-0.22874
0.933982
-0.532108
-0.119562
-1.14667
-0.988936
0.122658
0.871872
1.2874
-0.268361
1.01047
0.964384
-0.187614
0.245399
0.246811
-0.0577894
-0.629459
-0.563995
-1.83201
-1.27886
1.78713
0.497847
-1.39789
-0.467854
-0.282532
1.13706
-1.29073
0.690065
-0.24519
1.02338
0.776972
0.0878103
0.725007
0.853292
-0.343925
0.251416
-0.260821
1.05695
-0.329514
0.284431
0.561456
-0.319397
-0.550926
-0.73942
-1.77293
-0.112199
-0.644811
1.18146
-0.343705
-0.806452
0.236995
-0.654315
0.571619
-1.30798
1.0635
-0.081525
1.08998
1.57552
0.146918
0.588497
-0.982999
0.819031
1.12213
0.571713
-0.300113
-0.47443
0.884943
0.160026
-1.44023
1.95353
1.014
0.211074
0.111837
1.07201
-0.117971
-0.0825888
-0.459755
-0.0383096
0.682584
-1.55
1.17465
1.10292
0.915908
-2.2831
1.18197
0.692178
-0.278037
0.0911038
-1.01762
-0.572925
1.2598
-0.567175
-0.650032
1.025
-1.48729
0.503758
0.579216
-0.450564
-0.943338
0.118244
-0.599995
0.380863
2.15882
-1.2762
-1.42566
-1.4859
0.947485
0.506188
-0.0180765
-0.744983
0.870261
1.10001
-0.502262
-0.05168
-0.312427
-0.453547
-0.535123
0.41166
0.552733
0.10461
0.250519
1.0086
0.406072
0.577431
-1.01093
1.90723
0.667129
-0.811132
-1.23727
0.522274
0.776768
0.533744
-0.811401
1.35545
1.25828
-0.322166
-1.85861
-0.6193
-0.820392
0.139122
1.26478
0.409923
-0.530729
1.39196
0.0519539
-0.485816
-0.792592
1.07344
0.099521
0.640879
0.844947
0.123301
0.579848
-1.45529
-0.457762
2.2589
-1.2089
1.96805
-0.225479
-0.889565
0.621187
0.180423
0.97713
-0.767273
1.88238
-0.0267424
-0.0884364
-1.73387
-0.379456
1.60318
-1.26271
-0.898686
1.1544
0.278417
-0.621208
1.81999
0.370736
0.545027
0.815142
-0.925116
-1.52337
-0.30206
1.95445
0.77839
-0.899514
1.0141
1.18412
0.013021
-0.669339
-0.413582
0.293971
-0.374053
0.701003
-0.0733339
1.61492
1.06846
-1.35324
0.560664
-0.903616
-0.189083
0.835902
-1.41497
-1.15344
-0.470643
-0.738722
0.991683
-0.750615
0.0699785
1.56828
-0.84224
1.19721
-1.14557
0.184934
-1.51171
-0.474691
0.109793
0.154769
-1.33324
-0.347103
-0.203184
0.155039
0.97974
-0.164612
-0.120741
0.0664233
-2.64879
0.244425
-1.12883
-0.236133
1.2981
-0.198969
0.0689202
1.02372
-0.601489
1.39977
0.0650708
0.815435
-0.404162
0.356262
-0.792693
0.984092
0.395669
0.554797
-0.646859
-0.409208
-0.215049
0.126426
-0.6194
-1.98384
-0.103956
0.0724594
-0.63585
-0.534992
-0.411005
1.41447
-1.03586
-1.37574
0.478833
-0.0407629
-1.10473
0.61661
-0.0197593
-0.236775
1.60665
-0.109184
-0.514109
-0.0979975
-1.48344
-0.654156
-0.460519
0.687475
0.615576
0.635211
1.11938
0.135737
0.0405121
0.738495
-0.94548
-0.817321
-0.845228
0.832771
-0.917177
-0.0413509
-0.668481
-1.60247
0.210511
0.334302
-0.0619343
-1.17736
-0.0290588
-0.561207
-0.00780276
-0.730006
-1.18945
-0.404635
-0.248558
-0.593567
-0.617997
0.696358
-0.92064
-1.19761
-0.454934
0.456587
0.27943
-0.750631
-2.2383
0.468062
-0.196356
0.138027
0.00901227
-1.15506
-1.27972
1.37562
0.646008
1.66908
-0.384091
-0.424924
-0.404003
0.704809
0.15713
0.234806
0.306277
-0.269671
-0.390054
0.061114
0.365628
-0.873076
-0.861602
-0.997519
-0.731571
0.0854934
0.715717
1.61113
1.25688
1.74792
-1.55086
0.0412858
-0.162201
0.405937
0.321982
0.376287
1.02282
2.42437
0.223109
-0.580158
0.227468
0.0713277
0.383497
0.138286
0.147117
-0.465323
-0.54602
0.159058
-0.172093
1.89974
-0.265338
0.388219
0.350834
0.891995
0.633907
-0.489537
2.19849
0.190814
-0.799511
-0.471609
0.100898
-2.29002
-0.20824
0.434978
-0.358771
0.324962
-0.313897
-0.914555
1.43347
0.714504
1.05045
-0.252316
1.47127
2.08551
0.475066
-1.44949
1.40293
-0.0866934
-1.69281
-0.829147
0.424723
-0.220412
0.809407
0.793781
0.0664035
0.0629224
-1.36441
-1.69913
-0.938631
-0.628355
-0.950409
0.884649
1.28676
-0.0810643
0.942637
0.113561
-0.714829
-0.717348
1.02588
-0.73946
0.212569
-1.01881
-0.0989585
0.889928
1.15998
0.75836
-0.182675
0.273919
-0.230195
-0.777529
0.776707
0.517569
0.511076
0.169229
-0.314994
1.3875
0.138174
-0.372145
1.38376
-0.985066
-0.186874
-0.455584
0.703359
1.96703
-0.339453
-0.97223
-0.555141
-0.603344
0.5452
-0.748591
1.30116
2.70143
-0.123876
-0.0292784
-0.764726
-1.00088
-0.261391
-0.0144544
-0.444588
-0.778634
0.0355898
-0.11359
-0.714765
-1.18464
-0.818255
0.46524
-0.411172
0.513798
0.869735
-1.00738
0.127411
0.148658
0.189962
-1.08658
-0.109675
0.86933
0.87008
-0.47489
-1.10083
-0.195778
0.26705
0.674417
1.35809
-1.09594
0.221147
-0.556814
-0.176825
-0.310868
-0.526707
-0.108799
0.551748
-0.282801
0.342284
-0.413536
1.61319
-0.834243
-0.079501
-0.98393
1.27552
-0.403315
0.161459
1.03958
0.150202
0.503847
-1.65778
0.794256
0.610066
0.663146
0.523856
0.534006
1.34278
-1.46891
0.182982
0.0697179
-0.601065
-0.625514
-1.41857
-0.642268
0.111416
1.05465
1.47032
0.116457
1.07554
-2.11188
-0.652323
1.58307
-1.08047
-0.297672
0.761028
0.543786
-0.947604
-0.119129
-0.39073
-2.63376
1.33725
-0.00204079
0.202937
0.833251
1.17918
-0.945797
-0.265406
-0.411251
1.06453
0.196271
-0.775555
0.272183
-0.263499
0.467985
-0.914944
-0.304195
0.12827
-1.03528
0.0989837
-1.5354
0.114003
0.591723
1.19565
-0.105723
-1.2375
0.435925
-1.08163
0.55167
-0.512431
0.0719686
-0.591391
0.140925
0.715519
-1.3823
1.6907
1.62404
0.506882
0.41766
0.185171
1.2382
-0.0894922
1.48846
0.0052653
-0.115222
0.971211
0.311717
-0.974817
-0.803931
-0.325294
-0.562006
-0.243944
-1.14952
-0.359228
0.488747
-1.62904
-1.70441
0.192117
1.45622
-0.0168203
0.810432
1.04881
-0.302372
-0.931206
-0.0331759
0.260782
-0.174745
0.485596
0.218721
0.660256
0.752388
-0.993483
-1.22977
2.14923
-0.928009
1.68873
-0.497901
-0.991364
-0.0162356
0.857102
0.435151
-0.699379
-0.71128
0.636393
-1.49064
0.397284
-1.09539
0.0902189
2.10351
-1.08556
-0.377426
-0.315768
-0.817944
-0.788042
0.0360775
-0.0172439
-0.545048
-0.014207
-0.377409
0.0428722
1.89994
-0.0113276
-0.906111
-1.90381
0.335713
-0.944996
0.98079
0.92412
0.589157
0.599883
0.56863
-0.151614
-1.49002
-0.980858
0.609775
-1.77685
0.480024
0.701079
-0.792739
-0.670885
0.970618
1.66322
-0.114756
-0.515335
0.514838
-0.587028
0.396893
-0.56866
-0.806539
0.0233552
-2.29363
-0.760483
-0.754754
0.994907
-0.299009
0.00098354
0.54773
0.124846
-1.44526
1.84127
-2.2861
0.206421
0.982848
1.817
-0.364722
-0.342515
0.080028
0.652061
1.45284
0.848207
0.240771
0.0381934
0.0171364
1.90284
-2.05969
0.503248
0.418946
-0.421569
0.832147
0.54329
-0.127437
0.112987
-0.129255
0.205368
-1.00322
0.897482
-0.158089
0.339171
-0.308883
0.115416
0.0708123
-0.561987
0.324664
-0.226763
1.25514
0.225946
-0.742585
0.743751
0.777011
1.099
-1.59429
0.345028
0.760023
-0.197014
0.140579
0.641994
0.372223
-0.35306
0.559556
-1.14462
0.306223
-0.554041
1.74406
-0.259621
0.875824
0.460013
-0.76599
-0.0876871
1.03647
0.881903
-0.273599
0.307582
0.414765
0.408016
-0.250471
0.0482502
-0.483726
0.225234
-0.106509
0.479797
0.663966
-1.41767
-0.577226
0.732981
-0.826734
0.527946
0.680231
1.534
-0.908504
-0.751865
0.257157
-0.262525
0.133632
0.809383
0.729191
0.0866153
0.0716428
-0.229465
0.194781
0.70997
-0.460743
1.08613
-0.428797
0.173832
-1.37999
-1.9782
0.824082
0.334372
-1.04554
-0.454493
0.284635
0.581485
0.121133
0.00987391
0.324087
1.2411
0.57784
0.880284
-0.601719
1.16439
0.246188
0.301743
0.72681
-1.61436
0.862383
-0.912035
0.714091
-0.764125
-1.07361
-0.99388
1.29004
1.02279
-0.196726
-0.215468
-0.932757
-0.64819
0.907394
-0.68155
-0.539373
0.169198
1.49742
0.64527
-0.869279
0.660283
0.335331
-0.962054
-0.0836288
0.267915
-0.956214
0.881945
-0.519008
1.3698
-1.10142
0.324301
1.59691
0.518612
-0.661654
0.640362
1.09208
1.45551
0.996261
0.478042
-0.404681
1.44198
-0.425677
0.709849
0.35668
0.0382501
0.442398
0.372307
-0.327977
1.56028
-0.641699
-0.991444
0.252902
-0.547788
0.363472
1.24452
1.09856
-0.0275886
0.690483
-0.141438
-0.434823
1.07606
1.87499
-0.529199
1.02853
-0.0758576
-0.128419
-1.08952
-0.527119
0.121836
-1.01441
-0.0934917
0.573574
-0.677065
1.25224
0.460277
1.46404
-1.06757
-0.783417
1.07695
0.255631
0.83047
0.215237
-1.93708
-0.82412
-1.22209
-0.0172793
1.56099
-0.162476
0.59293
-0.050242
0.113167
-0.613811
-1.38624
-0.993374
2.22846
-0.919224
0.0199937
0.0638766
-0.788612
-0.181525
0.051778
-0.604129
-0.00720939
1.01839
-0.229427
1.46894
-0.991697
0.577643
0.211312
-0.720654
0.863064
-1.27991
0.302265
-0.351296
0.719094
1.53007
0.896184
-0.787939
-0.914585
-0.357111
0.705891
-1.45671
-0.50384
-0.843024
-1.02638
-0.530889
-1.51817
1.15675
1.64458
1.43002
0.894013
-0.305159
0.720235
-0.454865
-0.895981
-0.577711
-0.400562
0.62816
0.513262
0.558872
-0.185131
0.605607
0.672954
-0.842586
0.854883
-0.1745
-0.39059
-0.596846
0.488825
-0.352998
-0.593534
-0.255601
1.34688
0.718918
1.64785
-0.785476
0.236571
0.643653
0.286036
0.503993
0.27658
-0.184253
-0.56074
2.25989
-0.415554
-0.289267
-0.671109
-1.01205
-1.41044
-1.1939
0.0440072
-0.15552
1.09353
-1.48152
-1.38989
0.361444
-0.653904
2.5907
-1.02353
0.410029
-1.21784
0.301561
-0.00077014
1.22724
-0.157801
0.0906846
-0.437813
0.231676
-0.145632
0.0905291
0.239576
0.239178
1.62426
-0.537939
0.622274
0.0639109
1.26944
0.627531
-0.279712
-1.24
-0.48656
0.839224
0.837763
-0.602815
0.616638
1.99844
-1.17382
1.23871
0.201212
0.216986
0.59517
-0.0631514
0.340671
-0.368493
-0.647678
1.26876
-0.632363
-0.191294
0.661379
0.892594
-0.174124
1.51688
-0.0801471
1.6917
-1.07915
-0.661587
-0.717143
-0.49439
0.282303
-2.14399
0.574246
0.411058
0.296316
0.999586
0.622193
-0.126991
0.660991
0.0878609
1.17862
0.877874
0.195805
-0.847941
-0.995366
0.770567
-1.75898
-0.869905
0.484847
-0.486563
0.149226
-0.44154
-0.103745
-0.181007
-1.19711
-0.00849421
0.773562
-0.483018
0.587924
0.532665
-0.118941
-0.808351
0.96373
-0.290592
-0.32732
1.30555
-1.82459
0.0800049
1.75102
0.195384
0.0800741
-1.15678
0.260892
0.00410622
-0.809253
1.87429
-1.23651
-0.779146
0.0480342
0.571483
0.240602
0.190546
-0.702085
-0.0311338
1.20483
-0.211955
-0.118078
0.773554
0.438861
-0.0920009
0.358075
1.26891
-0.13581
0.229635
-1.32099
-0.466609
-0.989084
1.9587
-0.262261
0.471092
0.689233
0.00287168
-0.384886
-0.403469
0.41374
-1.29118
0.0706871
0.102723
-0.955269
-0.0892879
-0.569512
-0.597781
0.172807
-0.457263
-0.860595
-0.546862
-0.292598
-0.740226
-0.12123
0.210023
0.938357
0.0916953
0.177258
0.611737
0.891807
0.320712
-0.404944
-2.25061
-0.748917
-0.19261
-0.065996
0.982987
0.42585
0.804133
-1.50776
-0.435544
1.10155
2.14281
0.489612
-0.43805
0.197978
0.371927
-1.3508
0.235562
-0.59731
0.407376
0.241929
-1.06544
-0.980653
1.33191
0.174798
-1.55475
-1.07875
-0.639208
-0.554271
-0.964788
0.133171
-0.451555
0.0806993
0.267277
0.924387
-1.08892
-0.00803545
-0.230831
1.79403
0.562692
-0.766745
1.3591
-1.22116
-0.739181
0.363877
0.418064
-1.58009
0.376463
-0.390228
-0.475959
0.687746
0.0789327
0.855253
-0.453376
-0.697461
-0.687973
0.372082
0.426968
1.17257
-1.02309
0.571029
0.297511
0.144339
-2.33355
-0.502302
-0.170073
0.0692147
0.156785
0.991329
-0.402799
1.6938
0.265573
0.631133
1.35596
1.11382
-0.650419
0.790867
0.851239
-0.797367
-0.0845969
0.332377
-1.00899
0.807207
-0.88105
-0.686202
0.690018
-0.404636
-0.907292
-0.737608
0.109052
-1.0799
0.656939
0.060959
0.994392
0.1895
-0.12524
-0.0971428
-0.880264
0.102915
-0.622393
-1.29987
0.541684
-0.0194026
-1.82387
1.24995
-0.253578
-0.760198
0.681414
-0.26578
-1.55044
-1.43036
1.49253
-0.980038
1.62828
-0.357871
-0.637845
0.276186
-0.45511
-0.0857882
0.0958736
-0.944342
0.656203
-0.445406
-0.131492
1.94678
-0.00770653
-0.531119
0.473649
0.0185348
0.939933
0.392503
0.0936561
-0.441924
-0.515667
0.289899
-0.690355
-0.335902
0.797958
-1.09306
-0.25938
-0.607739
-0.109239
-0.158201
0.691929
0.687198
0.172537
0.133584
-1.10713
0.130354
0.298849
0.950267
-0.911835
0.286501
-0.157956
-0.972719
0.313948
-0.456954
-1.01201
-0.413973
-2.55699
-0.420866
-0.555563
1.26817
-0.958982
0.410507
0.207633
0.956288
-0.403406
-1.22566
1.01384
0.86384
0.240561
-1.00633
0.781932
0.562632
0.539872
-0.552845
0.118392
-0.628318
-0.810067
0.588267
-0.275166
0.350254
-0.42316
-0.216385
-1.75195
1.34273
-0.26005
1.18452
0.97893
0.505213
0.316205
-0.514844
-0.0340859
0.361922
-0.0372146
0.31639
-0.0706338
0.192246
-0.532054
1.00999
-1.3787
-1.20099
-1.22071
-0.231285
0.445776
-1.00756
-0.0632164
-0.248086
-0.352131
0.476027
-0.557392
-1.50675
-1.03154
-0.732367
-0.864042
-0.162908
-0.974673
-2.33778
-0.446388
-0.109493
-0.101783
0.787987
-0.0628436
-1.03662
1.97912
-0.83368
0.464621
-0.141727
-0.0845449
0.12112
-0.41902
0.276722
-1.12058
-0.320756
-0.145635
1.44329
0.0297532
0.467385
-0.326984
-0.745341
-0.521612
-1.66102
0.535283
0.501825
-1.05272
0.572402
0.704094
-0.541469
-0.255558
0.280629
-0.637916
-0.698577
0.0686128
-1.45617
-0.185556
1.52143
0.13659
-0.782159
1.0576
-0.599622
1.2071
0.0314269
1.01378
1.44735
-0.897556
-0.847907
0.211211
-0.303895
0.554618
1.19783
2.38588
0.596548
-2.00596
0.603796
0.711843
-2.33918
-0.907667
1.2899
-1.56794
0.566044
-0.0917121
-0.810148
1.68113
-0.109553
-0.212324
0.310174
0.0689025
-0.0148971
0.0696869
-0.617504
-0.988531
0.066702
1.03737
0.571646
-0.15037
-0.0377727
-1.28809
0.958444
0.0518309
1.22507
0.611959
0.470022
-1.60887
0.929108
-0.58673
0.66489
1.1702
-0.488359
-0.38773
0.390381
-0.439131
-1.20352
-0.695713
-0.14685
0.354216
-0.318441
0.834004
1.18436
1.21212
0.219995
0.560912
-0.827585
-1.5499
-0.662514
-1.44126
-0.253392
0.275123
-0.380944
1.06997
-0.182961
0.953786
-0.364565
0.397414
-0.00728592
0.118602
0.427607
-1.1291
-0.0339176
0.578675
0.915591
-0.591509
0.845504
-1.02777
-1.31826
-1.14481
0.0789587
-0.274921
0.973872
-1.49953
-0.349385
-0.69085
1.01975
-0.742252
0.362107
0.577075
-0.188024
-0.983835
-0.566441
1.91483
1.30454
1.0855
0.900887
0.943325
0.105961
0.0559089
-0.550294
-1.38413
-0.429916
-0.79499
0.277406
-0.877962
-1.50683
-0.557617
0.773916
-0.763345
1.38638
1.6473
-1.3446
0.408251
0.266234
-0.190158
2.62111
-0.474551
-0.112509
0.606904
0.841882
-0.662201
-0.781491
0.164346
-0.908154
-0.316414
0.151796
1.00795
-0.153872
-1.34629
0.854285
-0.100196
-1.36491
-1.69607
0.0924579
1.15367
-0.354218
-1.06249
-1.19417
1.13422
1.60232
-0.886447
-1.46627
-1.20601
-0.848842
-1.2701
1.05516
-0.870246
-0.665419
0.671394
0.709876
-1.86836
0.0714481
-0.215278
-1.25854
-1.70787
-1.02211
-0.167957
-1.00099
1.0647
0.686894
-0.220009
-0.768178
-0.0413672
-1.95327
-0.620174
-0.821729
-0.968491
-1.08564
1.58413
0.303251
-1.12596
0.13645
0.551227
0.91449
-0.787647
0.694372
-0.168666
1.32803
-0.804905
0.858811
1.27507
0.269935
-1.20546
-0.513193
-0.930289
-0.686188
1.53644
0.710535
-1.82906
0.391359
-0.159828
0.393106
-0.0834542
-0.232592
0.114995
-0.993683
-0.696656
-0.684123
-0.262748
-1.49368
-0.039357
-0.101341
-0.674374
-0.118471
-0.623129
-0.723444
-0.0355622
-1.87919
-0.447052
0.0706888
0.0134824
1.17217
-0.0601946
0.0474848
0.521738
1.9529
0.0130425
-0.206389
-0.950667
0.384028
0.181277
0.463925
-1.02763
1.57961
0.573998
-0.154378
0.279457
1.2119
0.956563
1.55459
0.621983
0.300205
-0.317221
-0.111919
-0.284554
-0.263805
0.482601
-0.014036
0.757314
0.849745
1.06246
0.269451
1.14303
0.438951
0.314806
-1.11515
0.113206
0.0278245
0.0419488
0.635105
-0.551793
-0.429788
0.958765
-0.0545453
0.0339295
-0.261536
-0.0261722
0.157914
0.0105446
-0.30147
-2.12033
-0.0526677
-0.991854
0.0087128
1.89958
0.159037
1.65512
-1.13117
1.85217
-1.41332
-0.832115
-0.524708
0.0387109
0.64969
0.045069
0.24158
0.241572
0.47729
-0.379598
-1.30687
0.703463
-0.323599
-0.833132
0.717797
-1.18699
0.628546
0.879914
0.110747
0.0182438
0.139969
0.777998
-1.57379
1.54854
-1.53966
0.133823
-1.50764
-0.57649
0.401176
-0.727864
0.4673
-0.065843
0.66202
0.801347
-0.431132
1.16915
-0.621408
0.397228
1.14427
-0.312035
0.230551
-0.376946
-0.537697
-0.236243
0.535175
-1.51116
1.17076
-0.636028
0.0184806
-2.072
0.598312
-0.135723
0.122548
-0.268784
0.955134
-0.765962
-0.401898
0.0269106
0.285396
0.335775
0.0940017
0.0763372
-0.385276
0.61373
0.247924
-2.20801
0.229195
0.238802
-0.541549
-1.14942
-1.61912
-0.0240045
-0.196794
0.520329
-0.850927
-0.690225
-0.170691
-0.328351
1.59072
1.04872
-0.790367
-0.649787
0.201207
-1.31469
-1.34832
-0.642888
-0.147507
-0.321818
-0.541265
-1.23013
-0.215048
-0.62325
-1.31645
-0.233973
-1.40208
0.258479
-0.812429
0.0647827
0.689045
1.31781
1.26039
0.234659
-0.941456
0.64473
1.6457
0.130303
-1.23267
0.718582
1.38582
-0.93377
0.753648
0.662089
-0.28086
0.386938
0.000209908
0.378134
0.554388
-1.47168
-0.50272
-0.659162
-1.54992
0.877879
-1.73005
-0.193798
0.0705419
-0.895358
0.833609
-0.111014
0.106862
-0.919193
0.235702
1.85266
0.420178
-0.0545661
-0.0277122
-1.91473
-0.482874
0.533549
0.119151
1.21431
1.01207
0.630586
0.231208
1.26552
-1.44169
0.653157
0.0777936
0.330878
1.18462
0.543421
0.406366
-0.141514
-1.1563
0.442542
2.31517
1.96067
-0.807281
-0.212858
-1.57305
-0.144017
-0.682882
0.0449551
1.64306
-1.35853
-0.772119
-1.08106
1.13514
-0.651726
-0.705584
1.20384
1.19588
1.40647
-0.413563
0.80584
-0.0425256
0.0384199
-1.22077
-1.12407
-1.42809
0.0681139
1.07169
1.01931
0.871585
-0.627993
0.57408
-0.47166
0.870531
-1.33391
-0.0903179
-0.332325
0.308423
-0.56123
-1.20982
0.349064
0.00404681
-0.692746
1.18403
-0.94554
0.525769
0.337553
1.47278
-1.57437
0.0772882
-1.48975
-2.08237
-0.917764
0.930181
1.30507
0.978769
-0.513726
-0.528265
0.135459
-0.468508
-0.997996
0.0585909
-0.65532
1.60578
0.677577
-0.435238
-0.591353
1.30868
-0.789056
-0.391983
-1.4745
-0.0696198
-1.25195
-2.07866
0.44303
0.369939
-0.140889
-0.662058
-1.17164
0.895007
1.18996
-0.192452
0.238352
0.227275
2.22779
-0.969754
-1.5372
-0.0821934
-0.142983
-0.716618
-0.803672
-2.30371
-0.942337
-0.844428
0.242494
-1.32219
-0.126003
0.903874
-0.16004
0.785144
1.01825
-0.0460605
0.242579
-0.950068
0.761387
0.188769
0.354778
-0.150596
0.964397
0.551363
0.0357449
-1.17533
-0.942764
-0.0774202
1.59885
0.0832426
0.7799
-0.661186
-1.98699
0.28933
0.109134
0.835779
1.28554
0.0521268
0.417996
2.88078
-0.182059
-1.46477
0.316114
-0.42304
0.545221
-0.271879
-0.031857
0.26965
1.3551
0.687129
-0.121622
0.315865
-0.949744
0.379946
0.244447
1.22311
0.242727
0.617992
1.41587
-0.970037
0.539377
-0.783393
0.783337
1.0086
0.175403
0.390817
0.443996
-0.905891
1.51889
0.621884
-1.1657
-0.088731
-1.09504
-0.245678
0.581092
0.139158
-0.504861
-0.091221
-0.555519
-1.88216
-1.13135
0.128145
1.28338
0.872031
-1.09799
0.75516
0.367493
0.978506
0.113953
0.139668
-1.01557
-0.727107
-0.22809
-0.982824
-0.249913
-0.281617
0.142597
1.33443
-0.125448
-0.263118
0.499688
-0.293684
0.188918
1.17983
0.272657
0.763106
1.15652
-1.11179
-0.454302
0.491236
-0.223034
-1.25921
-0.265926
1.63796
-0.618836
0.649143
-0.517995
1.59808
-0.52344
0.0409404
-2.16006
-1.20189
-0.00340941
-0.270505
0.253252
1.22227
-0.502594
1.79357
-0.386886
-0.365196
0.7958
-1.72304
-0.062715
1.1793
1.76405
0.285741
-0.544665
1.4326
-0.584035
-0.675809
-2.04557
0.182668
-1.37006
-0.574338
0.018399
1.70064
-1.19757
0.886499
-0.658923
0.388907
1.28305
-1.46418
0.577283
-0.982675
0.983521
0.424922
2.18815
-1.01543
-0.570081
-0.93949
0.792008
0.323745
-0.676698
0.595255
-1.04367
0.404109
0.430856
-1.23252
-1.38534
-0.688099
-0.448117
1.1349
-0.0378933
0.565641
0.369685
0.652685
1.65831
0.843598
1.4402
-0.0850609
-0.458108
-0.144921
-0.587268
-0.609866
-0.307193
-1.14793
-0.719193
0.327602
1.08664
0.362119
-0.0708136
-0.895508
0.074476
1.02867
0.438867
2.41707
-1.15652
1.09287
-0.682711
0.14907
-0.950878
0.825324
-1.09873
-0.47505
0.101896
-0.119557
0.403918
1.12788
-0.597226
0.149649
0.429145
0.290457
0.341078
-0.460188
0.123875
-0.810111
-0.302912
-1.99504
0.0170614
-0.88945
-1.06203
0.816534
0.537641
-0.0268036
-0.404716
0.0313821
0.314971
0.295269
0.978601
-0.53598
-0.156082
1.79215
-0.846233
1.17078
0.358796
0.243213
1.71043
-0.129334
-1.30801
-0.231997
0.299238
1.42359
0.0493436
0.0347621
1.19531
0.930098
1.21619
0.932603
-0.605033
-0.581442
-1.63768
0.143121
-1.19022
2.68854
0.634939
-0.125084
1.24102
-0.71569
-0.379871
1.53136
-2.15619
-1.24176
-0.881933
0.556903
0.175099
-0.694297
-0.620718
0.354201
0.194177
0.94099
-1.19389
-0.0146428
-0.573848
1.10708
0.675562
1.2442
0.535569
-0.44619
1.07898
-0.328036
-0.997869
0.340717
-0.0555662
0.529611
1.10908
-0.652238
-0.475638
0.214711
0.218321
-0.384223
-0.0714425
0.255566
-0.266132
0.606991
-0.686969
-0.644419
0.00520766
-0.0847188
-1.36626
-0.0519761
0.829943
0.906932
-1.39221
0.399744
-0.955775
-0.454463
0.0675445
0.878461
-0.689339
0.760517
-0.128717
-0.159732
0.184727
1.27846
1.39061
1.32344
-1.04669
-0.503285
0.197351
-1.92948
0.242712
1.37823
-0.269403
-0.257426
-0.629566
0.914796
-0.135551
0.408815
-0.322606
-0.391769
0.300294
-1.19729
0.284243
1.19125
-1.41954
-0.0519409
-0.420743
0.325578
0.936488
1.40993
-1.55482
1.21147
0.845562
-0.501182
0.211865
-0.201032
-0.980478
-0.178621
0.34466
0.30856
1.41799
0.0450553
0.455901
-0.0250927
0.759563
-0.851952
-1.01036
0.751225
0.125605
1.56674
1.38785
-1.07525
-0.835788
0.181885
-2.12128
-0.354894
-0.180987
-0.833286
-0.119615
0.687682
-1.40065
0.830484
-0.210314
2.29524
1.24012
-0.620175
-0.606808
0.350413
-0.381121
-0.0512416
-0.408804
-0.518307
0.0476236
2.16396
0.739386
0.153884
-0.378656
1.15966
0.64554
-1.40882
0.400909
1.18403
-1.49222
-0.188795
-0.997214
-0.630676
-0.887244
-1.44621
0.118408
0.608189
-1.542
1.1564
1.12299
1.10237
0.360262
-0.374217
-0.93588
-0.529915
-0.378377
-0.109098
0.756821
-1.79174
0.537345
-0.580339
-0.89568
-0.0429691
-0.621538
1.26638
0.715796
-0.458891
0.136335
2.17222
-0.0191196
-0.488802
0.354638
1.05863
0.965419
-0.0270627
0.294299
0.444029
1.50106
1.68093
1.16574
0.133345
-1.70358
-0.892681
-2.35194
0.661275
-1.84537
0.284111
-1.60636
-0.729108
0.315572
-1.21971
-1.61182
0.678469
0.656784
0.541865
0.662704
-1.0221
-0.371242
-1.46786
-0.209623
-0.0451975
0.429014
-0.796528
0.516761
-1.10033
-1.37767
0.869491
0.12483
-0.715991
0.327552
-1.21006
0.125707
1.13501
0.292284
1.01033
1.53248
0.842483
-0.858598
0.782052
-0.144279
-0.346796
-0.666564
-0.0490056
0.940588
0.121637
-0.685309
0.606186
1.01474
0.512992
0.448752
0.0922147
-0.588875
-1.45785
0.496461
-0.193161
-1.28441
0.595421
0.154744
0.628886
-0.840757
0.862014
0.252213
0.850728
-0.433852
0.641497
0.324405
-0.676078
0.202645
-1.37207
-0.238653
-0.184909
0.87681
-0.566179
-0.809168
-0.600945
-0.693236
-1.44803
-1.55362
-0.333988
0.368585
0.561466
1.0048
0.134268
-0.786378
-1.02517
0.411059
-1.15909
-0.970145
-0.998884
0.680156
0.13383
-1.39007
-1.55048
-0.622019
-0.248798
-0.284995
-1.05841
-0.373815
-1.62211
-0.772349
-0.0637914
0.00544887
0.384846
0.105402
0.52978
0.11294
0.279425
-0.919719
-0.240469
-1.39354
0.468494
-0.540702
-0.395533
-0.367281
0.190684
0.690918
-0.599658
0.963594
-1.80432
-0.594417
-1.64356
-0.503606
0.333848
-0.253978
-0.0552151
-0.621257
-0.692631
-0.751954
-0.92969
0.00400454
0.295814
0.60592
1.58499
0.265213
-1.21134
0.0815552
-1.03554
0.440852
0.400608
0.70406
0.143674
0.509889
-1.95443
2.12155
-0.461637
0.264299
0.0613515
-0.230767
-1.19219
-0.812212
0.213197
0.708547
-0.0237696
0.549716
0.416573
0.988947
-0.830483
-0.93614
-0.730891
-0.785492
-0.161719
-0.626016
0.722824
-0.76308
1.01712
0.25587
-0.511638
0.0433139
0.596536
0.592039
-0.735303
-0.831979
-0.943549
0.0276471
2.31966
-0.594332
-0.766526
-0.789672
2.11404
1.47434
1.41243
-0.0636148
0.81795
-0.371803
0.476551
-0.805681
0.338944
-0.863808
0.377602
-0.671764
0.772083
0.21665
1.86811
0.0168426
2.32418
-0.505246
1.20934
0.010456
0.23701
-0.518738
-0.270499
-0.298388
2.46899
2.42247
1.86502
0.0558365
0.347178
-0.180527
0.1882
0.100227
-2.55486
0.111933
1.14909
-0.891988
-0.371061
0.114184
0.6438
-0.284858
-1.01558
0.608932
0.078595
-1.04148
0.606635
-0.706338
-0.981199
-0.00107735
1.34935
0.141479
-1.28969
-0.587773
0.940791
-0.61197
-0.454583
-1.20475
0.643161
-1.06996
-0.46565
-0.560495
-0.030985
-0.657851
-1.61801
1.14649
2.62357
0.554273
0.294458
0.487175
-1.01815
1.44242
-0.986813
-0.200532
-1.62825
-0.125978
-1.13691
-0.206712
-0.880958
1.21078
0.425302
-0.698102
1.42569
-0.729689
0.519348
0.0624615
0.816763
0.723567
0.598298
-1.09876
0.147169
-1.22462
0.678335
-0.369993
-1.59149
0.647906
-0.148883
0.115261
-0.403077
-0.385595
-2.06224
0.460361
0.153154
0.629468
1.38529
-1.50451
-0.538019
-0.857658
-0.0548068
0.0162744
1.41109
-1.45714
0.263992
0.227568
0.177758
-1.0291
0.441851
0.93045
0.154941
0.629273
-0.271536
-0.921539
0.33754
0.849111
-1.19001
0.629192
-1.10652
-0.997442
-1.64751
-1.64038
-0.635835
-0.670814
-0.703151
-1.20056
0.298468
-1.31588
-0.343002
-0.500092
1.60247
-1.1807
0.649521
-0.654948
0.781087
-0.491659
-0.969443
-0.00635504
-0.154114
0.577118
-0.366482
0.962415
-1.54594
-1.22481
-0.211819
0.454237
-0.0445852
-1.60904
-0.398634
0.100062
1.83193
-1.94841
2.00862
-0.0389054
1.65362
2.33082
-1.32555
-2.23645
1.66679
-0.348055
0.0878517
-0.173683
-0.891751
1.08658
-0.243335
0.716974
0.427299
0.210032
-0.878567
-0.928047
-1.239
-1.20052
0.53839
-0.525828
-1.53181
-2.22207
0.617302
0.770061
-1.52014
-1.38757
-0.819961
-0.17932
-1.23224
2.32179
-2.39868
0.985759
0.777043
-0.122671
0.0417539
0.661577
-0.251064
0.763464
-0.845598
0.10936
0.819158
-1.44627
-1.46295
-1.5086
0.753619
0.0556952
-1.27897
-0.267695
-0.253305
-0.620822
1.81299
0.738073
0.124088
-0.79326
-0.715754
-0.727697
-1.03959
0.975136
-0.252373
0.744152
0.652972
1.67728
0.643569
0.902214
0.705399
-1.23959
0.540887
-0.338208
-0.168349
0.0142931
0.453922
-0.388696
0.662338
1.46597
2.08999
0.117125
0.765668
0.501259
-0.960955
-0.0796258
1.09173
-0.811957
0.223987
0.253911
0.00439111
-0.936301
-1.64904
-0.446361
0.576011
1.15549
0.0436876
-0.137531
-0.283073
-0.421026
0.57176
1.77774
0.779561
0.500548
0.535957
-0.493127
1.03329
0.657862
-1.25694
-0.38052
0.197866
0.708903
-0.190435
-0.219993
-0.187971
0.00651583
0.338397
-0.666483
-0.705645
-0.0533188
0.155747
0.294036
-2.08723
-0.477429
-1.40541
0.392851
-0.812522
-0.483739
1.20193
-0.0613907
0.421191
-0.323806
-0.909913
0.885512
-0.708062
0.221971
0.694823
-0.42286
-1.422
-0.169341
0.560179
0.0640428
-0.336314
-0.767575
-0.799223
-0.436998
-1.10033
-0.0550275
-0.693932
0.257832
0.823557
0.859677
-0.192059
-0.777128
0.1402
-0.58334
-0.29368
0.115401
-0.112087
0.182107
-0.197847
-1.18064
2.16854
0.258749
0.999063
0.301415
0.155776
-0.186806
-0.136506
1.35794
1.98995
-0.904869
0.228258
-0.0655046
-0.345681
0.892588
0.730282
0.204721
-0.777845
0.151521
1.25548
-1.34064
1.74996
-0.204879
1.3
-0.876949
0.755941
1.42089
0.374057
0.0634043
-1.78724
-0.29987
0.0960312
0.554697
1.4633
0.237446
-1.18945
-0.133615
1.41823
-0.176271
-0.308131
-0.909968
1.21131
1.66932
2.19682
-0.106426
-0.58348
-0.244212
-0.293946
-0.592696
0.419545
0.962776
-0.0233486
0.311448
0.43989
-0.502766
0.379713
0.217426
0.119771
1.08042
0.40968
0.61464
-0.655012
-1.21899
1.0804
-0.602862
-0.166288
-1.83374
0.284486
-0.296149
-0.166855
-0.456006
0.859327
1.10556
-0.243472
-0.481793
-0.509981
-0.587617
-0.155452
1.38751
-0.464808
2.13085
-0.451422
-0.187992
-0.491962
0.210487
-0.0697378
-1.79001
-0.342301
-0.804408
1.27053
0.248404
-0.7527
-0.13301
0.628939
0.192195
0.415665
0.00316747
-0.474682
0.19511
-1.27592
-0.837527
-0.603351
0.946354
-0.207689
-0.10665
-0.137454
-1.16008
0.840737
-0.573015
0.849648
0.821219
-0.888206
0.449128
0.610054
1.52883
-0.507086
1.09894
-0.537595
1.18189
0.760707
-0.325203
1.03254
-0.702957
1.0428
-0.425643
0.130596
1.58397
0.563554
-0.314078
0.655295
-1.9003
-1.83206
1.44588
-0.499077
0.631798
-0.256915
0.729079
-0.247979
1.60697
-0.97949
-1.17746
-0.338434
-0.802144
-1.11444
1.17679
1.31664
-0.50533
0.770963
1.26332
-0.247132
-1.21473
-0.316637
0.421524
-0.00806521
1.28324
-0.283178
-0.350717
0.64555
0.765373
0.672118
-1.04248
0.0489622
-0.404335
1.61723
0.60483
0.16072
0.235272
0.46326
0.255895
2.20351
0.0875371
0.106426
-2.15527
0.830049
-0.833298
0.00251457
0.271074
-0.87777
1.60435
0.324286
-0.187071
-1.18554
0.343069
-0.489599
1.01842
-0.561147
0.621202
-0.0221647
1.86642
0.137911
-0.438028
0.131996
-1.14158
0.0375083
-0.842851
-1.27978
1.68927
0.323868
-0.0865868
2.05238
-1.06076
-0.990697
0.209735
2.10311
0.33345
1.25623
-0.456326
0.269698
-1.34405
-0.131325
0.49346
0.80641
-0.305004
-0.63341
-0.296092
2.20112
-0.987311
-0.307975
0.277034
1.31314
0.161694
-1.61059
-0.483179
0.456384
-0.292966
-0.640409
0.1187
0.305597
1.04432
0.0103472
-0.895023
0.377461
0.698646
-0.946377
0.0137639
0.0997109
-0.249409
0.996739
0.217997
-0.42503
0.492458
-0.959564
-0.746404
-0.404835
-0.996316
0.235572
0.754105
-0.629146
-1.04804
0.544274
-0.873433
-0.415924
0.5822
0.735471
1.42262
-1.08774
0.495146
1.13791
0.983837
0.277248
0.111268
-1.14746
-0.395404
-0.388166
0.726475
0.696266
0.516818
0.500219
0.625999
-1.84645
0.923938
-1.82563
0.333229
1.54625
-0.767401
2.2948
-1.07345
0.537607
0.946355
-0.614991
-0.785422
1.17833
0.828272
0.154313
1.21735
-0.247717
-0.592994
-0.464308
0.941321
-0.308533
0.818012
1.34154
0.00650772
0.257365
-0.061797
-1.13543
-0.681198
-1.00059
-1.19018
0.901508
0.038399
-0.34694
-0.152094
0.543351
-0.592728
1.69571
-0.750179
0.0377138
-1.09061
0.330795
1.33581
-0.933869
-0.391165
-1.244
0.475413
-0.834091
1.42477
-0.045951
1.07855
0.680415
0.0845037
-0.289613
-1.12552
1.54641
-0.221737
-1.27039
-1.00382
0.0356587
-1.01671
-0.801499
0.559114
-1.00931
-0.349782
0.750666
1.18861
1.77545
-0.0225346
-0.820016
0.566063
1.18025
0.659414
0.0421428
-0.588763
0.30788
1.57744
1.18319
1.06053
-0.750473
-0.27554
1.97383
0.247731
0.817236
-0.0783053
0.129266
-0.831849
-0.768908
0.30762
0.517598
0.37215
-1.23273
0.871487
-1.08072
-0.885808
-2.21119
-0.957189
0.259949
-1.16948
0.72793
-1.6946
-1.40009
0.697312
0.304757
-0.574356
0.61619
-0.25014
1.70723
-0.522482
-1.09645
-0.190592
-1.03377
-1.37353
0.228013
0.167738
0.594349
0.86147
-1.15968
-0.209497
0.200815
2.62677
0.659169
-0.275486
1.24427
0.235328
1.68313
0.0291596
0.590693
-1.31102
-0.0985527
-0.10696
-0.162695
0.0732631
3.1494
1.31167
0.0752757
-0.593636
0.562086
-0.767376
0.941047
2.06799
-0.359999
1.37845
0.576008
-1.1284
-0.338438
-0.109935
0.792512
0.137392
-2.05005
0.822113
-0.794561
-1.67733
-0.20982
1.0493
0.529048
-0.771731
-0.239721
-1.47648
-0.0811363
-1.02844
-0.120013
0.217546
0.765087
0.304934
1.09824
-0.137265
-0.143844
-0.167554
-0.995626
-0.099402
0.126028
0.198364
0.381662
0.690796
-0.665442
0.165435
0.450734
0.651484
-1.14606
-1.28072
-0.391404
0.608308
0.296331
-0.541961
-0.275698
0.60847
-2.03127
-0.207693
-0.315671
-0.579842
0.599201
-0.687274
-0.688739
0.245548
-0.758318
0.591778
0.811048
-0.469685
2.56481
-0.478287
-0.543706
0.471312
-1.09349
0.217598
-0.18945
-1.55217
-0.385496
0.0499951
0.0181404
0.238192
1.84563
0.458499
-1.83068
0.988748
0.203533
-0.855813
0.19744
0.541748
2.68637
0.225389
-2.78758
0.950713
-0.0659138
-0.358663
-1.64078
-1.15008
1.45806
0.671196
-0.342825
-0.695074
0.402785
-0.126982
-0.804562
-0.672457
-1.14109
-0.84946
0.247975
0.529386
0.140134
-0.278007
-0.190057
0.824586
0.0712743
0.35104
-0.510717
-0.587089
0.0680272
0.438759
-0.599501
-0.647495
-0.880458
-1.4146
-0.483521
0.82792
-0.222799
1.03613
-0.706741
-0.444078
-0.0413854
-0.208582
0.704734
-1.72834
-0.021932
-1.09535
-0.0660021
-0.343032
0.909355
-0.118318
0.171096
-1.63954
-1.09143
-1.83072
1.19283
-0.0654575
0.521128
-1.46251
1.38157
0.00152792
-0.616232
1.0591
-1.14905
-0.878238
0.149623
0.0141214
-1.29386
-0.295253
-0.312499
-0.0205382
0.577823
-0.652432
1.45134
-1.08201
-0.39027
0.886045
1.19327
1.52865
-0.463348
-1.09646
1.05152
0.0897591
0.331351
0.823834
-0.700966
-0.383437
0.379575
-0.738668
1.02395
0.740027
0.469272
0.598529
0.25566
-0.199116
0.549123
0.162785
0.13873
1.12009
0.169795
1.22351
-0.0281559
0.293907
0.368991
-0.376327
1.24667
1.00257
-0.452576
-0.914333
-0.500256
0.412396
-1.52045
-1.4739
0.362026
0.742893
-0.854134
0.143596
-0.788979
-0.788138
-1.02003
0.98181
1.27807
0.494245
1.59949
0.757467
-0.710871
1.17147
-0.559084
-0.682317
-1.87908
0.491669
-0.669182
0.153826
-0.121645
-0.303359
-1.09383
1.67734
-0.0687054
0.99538
-0.686348
1.41434
-0.134434
0.168793
1.07751
0.0496624
-0.656158
-0.86611
0.109531
0.107732
1.01342
0.26957
-0.485991
0.991692
0.44971
-0.143303
0.484013
0.257491
-1.19762
0.939353
0.558126
-0.283218
0.344846
-1.1348
-0.417452
0.305052
0.559198
-0.900463
0.176769
-1.16031
0.284568
-1.55325
0.284086
0.989462
-0.606876
2.01309
1.73764
-0.960447
0.449086
0.247018
1.16094
0.00126415
-0.0964704
0.411255
0.0266471
0.350981
-0.660972
1.05903
0.434013
-1.74029
0.683332
1.13211
-0.471864
-0.50356
0.441833
0.460226
-0.455162
1.53002
-0.0655973
-0.459311
-0.655248
2.11305
-0.663813
0.608219
1.42067
0.108275
0.23173
-0.174028
0.450727
0.853204
-0.000776933
-0.573627
-0.175977
1.28727
0.283099
-0.704861
0.583385
-0.746956
0.199298
-0.746153
-0.618014
-0.423815
1.65834
0.219306
0.642814
1.13527
-0.200041
-0.69057
1.76648
-1.83309
-0.867089
1.40234
0.839442
-1.63071
1.0939
-0.411762
-0.590057
-0.181959
-0.0444062
-0.595244
0.992649
-1.18227
1.44596
1.17348
0.670746
-1.34453
-0.292295
-0.831695
1.45199
1.62958
1.81073
-0.797411
-0.335489
0.488807
0.0304607
0.497882
-0.73085
-1.29649
-0.505973
0.475626
-1.989
1.50519
-0.00852575
-1.53284
1.26428
0.274994
2.50556
-0.15791
-1.82459
-0.854821
0.161995
-0.526766
-0.936992
1.85124
0.70592
-1.16237
-0.231836
-0.221094
-1.05971
-0.901795
-0.529267
0.294838
0.49547
-0.664495
0.151512
1.03419
1.01146
-0.0381097
-1.62286
-1.2605
0.620692
-0.940059
-0.520782
-1.52087
0.379179
-0.695543
0.61924
-0.531991
0.472213
-0.180497
-0.871543
1.08157
-0.294364
-1.95921
1.58987
-0.0911464
0.465766
0.381188
0.613282
0.690935
-1.98016
0.0509211
-0.303057
1.11723
0.587168
0.211276
0.926046
-1.45925
-0.984
-0.747216
-0.660815
0.518996
0.100376
-0.82131
0.597372
-0.443963
0.275693
-0.848072
-0.394406
0.558114
-0.376715
-0.123674
-1.50244
0.733629
0.997185
0.409304
-0.538552
1.18874
1.02366
1.07506
-1.25148
-0.0851169
-0.811354
0.175361
-0.52327
-0.787921
0.815621
-0.382511
0.435314
0.260958
0.294876
-0.036829
-0.256358
-0.4593
0.541759
0.394516
2.14412
-1.39658
-0.603616
0.286048
-0.380917
-0.0449241
0.866072
-0.650522
0.928802
-0.833719
0.347937
-0.172815
-1.07061
0.0646042
-0.453446
-0.312144
0.0852123
1.46169
0.989083
-0.626665
-0.515599
0.818076
-0.0825001
0.678368
0.068323
-0.238447
0.215574
-1.98752
-0.345813
-1.24245
-0.0781242
0.379125
-0.000163258
1.01519
1.72343
0.925581
-0.245646
-0.185653
0.631707
-0.211999
-0.194172
-0.242508
1.13077
0.0461128
-1.04694
0.630501
0.270655
0.218832
-1.13748
-0.72353
-0.222469
-0.539561
-1.06638
1.23186
0.366323
-1.24777
-0.704933
0.128769
-0.743479
-0.0173417
-0.18409
1.06331
1.16575
-1.11496
-0.406357
0.370102
1.51431
-0.262512
1.0183
1.68517
0.176957
0.180361
-0.452163
-0.230652
0.380652
-0.180768
-1.17736
-0.690178
0.788758
-1.49908
1.02746
-0.92881
0.267092
-0.565801
-1.09914
1.05279
0.0703231
1.22409
-0.467326
-0.735632
0.121534
-0.334234
-0.425252
0.233248
-0.415796
-0.275559
0.133723
0.295261
0.100876
-0.108851
0.0251901
0.0714511
-0.658829
-0.482169
-0.603999
0.19584
-0.757031
1.46279
-0.0479267
0.281241
-1.64214
0.374726
-0.242273
-0.113892
0.971699
-0.0480322
0.656998
0.858382
-0.166
0.674017
-0.0447334
0.979151
-0.45077
0.157442
0.72865
0.168411
-0.630253
1.16746
0.179585
0.420247
0.453454
1.41452
-0.638908
0.563474
-0.128733
0.469739
-1.75834
-2.51051
-0.829291
-0.52253
-0.330551
-0.036124
-0.502502
0.966184
0.736909
-0.203195
-0.00497266
-0.0235022
-1.41708
0.9329
0.131476
-0.545892
-0.577447
-0.521126
0.164713
-1.68337
0.0664659
1.82417
2.92057
0.0213046
-2.21516
0.858025
1.2788
0.094001
1.30114
0.802294
-1.43211
-0.505156
-0.249008
-0.20006
0.525098
0.0936629
1.62194
0.399977
0.561136
-0.638812
-1.09847
-0.567924
-0.602527
1.33308
0.595233
0.704322
0.388163
1.42458
-1.15701
0.232136
0.641004
-0.0795162
1.00198
-0.256578
0.333789
-0.324437
0.168861
-0.395387
0.50382
-0.530333
-0.640865
1.49182
0.103212
-0.447631
-1.25526
2.10177
-0.231493
-0.256704
-1.8137
0.768955
0.836575
-0.232378
2.17651
1.05603
0.992916
-0.110081
-1.43971
0.511259
-0.65559
-2.21199
1.12998
0.05885
1.69574
-0.910789
-0.689194
1.50933
0.123258
-1.28501
-0.86161
1.03183
-0.35263
-0.0347996
0.344174
0.516216
0.23702
0.253627
-0.0767287
-0.468527
0.74356
-0.0443763
0.332642
-0.0845141
0.0482284
-0.497666
-0.364067
-0.189023
-0.215216
-1.24299
-1.07763
2.29463
-0.0625844
-0.206356
-1.42015
0.30938
1.71705
1.73972
0.601629
-0.688338
-1.20658
-0.139272
1.44787
0.0653213
0.477642
1.07564
-0.610448
1.13511
-0.00448239
-0.50431
-0.785172
-1.18333
-0.0394292
-1.3506
0.0389302
0.929705
0.855928
1.56478
-0.555794
0.486593
-1.802
-0.204888
-1.07191
1.61202
0.548999
-0.951385
1.18737
2.23586
-0.669828
1.72931
0.330747
-1.02848
0.848879
1.06681
0.381125
-0.767324
0.567387
0.0615221
-0.437015
-0.966285
-0.941609
-1.17198
1.24242
0.212373
0.0694377
0.584136
-1.32465
1.15062
0.750262
-0.84334
1.51652
1.65771
1.55469
-0.465885
1.3576
-0.919213
0.760347
-2.46202
-0.895185
-0.343511
0.53249
0.0584811
0.64951
0.715347
-0.205039
-1.62852
-1.50553
0.710722
1.40894
0.10166
0.611736
0.1594
-0.101346
0.123546
1.39889
1.55804
-0.00155948
-0.559569
-0.178751
-1.32263
0.467337
1.01955
-1.11694
-0.13384
-0.00465138
-0.308591
-0.249553
-0.109919
-0.978236
2.34472
-0.861849
-1.31872
0.209241
-1.44073
-0.343354
-2.56749
1.45518
-1.01293
0.126667
0.53532
0.919004
-0.299453
0.561219
-0.0139433
-0.0447353
-0.0144437
0.643226
0.329023
0.9857
1.58484
-0.0936403
0.107669
-0.501954
-0.688194
0.524
-0.264977
0.917188
1.31577
-0.337888
1.77789
-1.71199
-1.00656
0.491547
-0.675915
1.91003
-1.05916
-0.79322
0.578601
-0.0842868
-0.0266369
-0.947826
0.457856
-0.473006
1.6483
-0.54157
0.698185
-1.20844
0.444255
-0.90044
-1.30829
-0.102657
-1.82468
1.98247
-0.820473
-0.311878
-0.737154
-1.30448
-0.886217
0.750546
1.39764
-0.306929
-0.0795912
-0.649172
0.465669
0.667998
-1.23741
-0.459514
1.24948
-0.0798918
-1.5287
0.258385
-0.0247872
0.503468
0.180305
0.782235
0.536547
0.695833
2.27141
-0.449736
0.0151382
-0.00247329
1.18715
0.298972
0.704891
-0.255344
0.121368
-0.987095
0.376827
-0.924345
1.11973
0.0762325
-0.580862
0.614297
-0.785249
0.0507715
-1.70653
-1.51586
-2.0141
-0.421123
1.0114
0.403063
-1.02019
1.37696
-0.901929
-0.658573
-1.54055
0.527534
-0.687971
-1.15582
-0.000586426
0.249084
0.589412
-0.23469
-0.0454525
0.475223
-0.254246
-1.45448
0.675482
-0.660184
0.23511
-0.274369
-0.127179
1.21955
0.339952
-0.68691
0.568655
-0.733708
-0.081216
1.38277
0.857394
-0.330866
-0.352622
-0.0499876
0.176943
-0.410559
-1.09029
-0.592788
-0.899383
0.0610121
-0.176821
-0.306119
1.14372
0.234651
-1.46714
-0.270069
-0.726352
-0.31522
-0.618612
-0.328529
0.994144
-0.441662
1.10888
-0.0150642
-0.267026
-1.47006
-0.626056
1.27576
0.54357
0.988125
0.993637
1.78726
0.0494076
-0.128799
2.05228
-0.949572
1.41087
0.173746
0.387947
0.635004
0.805826
-1.71395
-0.803604
-0.546256
1.67952
-0.770717
-0.875486
0.158385
1.62185
-0.522626
-1.64257
1.04112
-0.246967
-0.309211
-0.233618
2.80961
1.10381
1.37585
-0.934608
1.16869
1.65307
0.736147
-0.0977297
0.580475
-0.723332
-1.64371
-0.426317
-1.14737
0.101475
1.36062
-1.48833
-0.603088
-2.83788
-1.7342
1.78055
0.337968
0.195352
1.46035
1.45354
0.0709278
-1.86651
-0.340375
-1.64988
-0.0927341
0.0789751
0.564145
-1.27282
0.724084
1.46749
0.08512
0.0722206
-0.45024
-0.1567
0.339104
-0.383873
0.68611
0.293944
-0.0787416
-0.990457
-1.30781
-0.792411
0.0114479
0.476065
-0.32664
1.29654
0.125031
0.617484
1.48897
-1.18356
-1.01846
-0.0870959
-0.761266
-0.340126
-0.448162
0.584801
0.741376
0.263068
2.42942
1.1542
-0.744196
-0.152423
0.0311002
-0.0465036
0.0587492
-1.45852
-0.373041
-0.878394
-1.15283
1.05557
1.76826
0.12186
2.15128
-0.154552
-0.197426
-1.61033
0.384238
0.224611
1.77035
-0.629784
0.0764858
1.04017
-0.470903
-0.792231
0.233901
-0.364583
0.574548
0.8838
0.0289333
-0.403219
0.0983126
0.603983
1.16171
0.199082
-1.06322
0.315088
0.457371
0.751564
0.765107
1.27048
0.893215
-0.263977
1.27598
0.129488
0.353428
-0.12036
-0.678792
-0.230203
-1.48245
-0.0454856
-0.622742
1.00118
-1.06798
-0.817337
0.278174
0.321876
-0.266529
1.59745
-0.0607159
-0.430034
-0.611512
-0.0823881
0.268639
0.88551
0.523543
-0.834836
-0.773492
0.93725
-2.05226
0.670075
0.666024
1.747
0.816487
0.595663
0.458383
0.493045
0.859775
-0.0565071
-1.42971
0.882903
0.036331
0.712536
1.26138
1.16117
0.993981
-0.272059
-0.882959
1.13413
1.33286
-1.32444
-0.877008
0.738787
0.604299
1.58174
0.953416
-0.869441
-0.062329
0.102611
-1.86236
-1.46077
0.692254
-0.522488
-0.167948
-0.941826
0.434189
-0.64102
-0.444512
0.504366
0.13035
-1.0401
-0.585308
0.0905051
1.07134
-0.946836
-1.54743
-0.727814
1.36541
0.642881
0.742945
0.235479
-0.0775034
1.76679
1.04633
-2.08541
-0.254835
-0.906457
0.407602
0.396183
-1.95498
1.15344
-0.0613129
-0.310648
1.02378
0.278818
-0.0814085
1.29357
0.817628
0.861113
0.754474
2.40756
0.106146
0.0821103
0.785979
-0.137714
-1.12955
0.655815
0.853428
0.727092
-0.817887
0.850041
-0.510834
1.17571
-0.790959
0.142168
0.0925196
-0.0196155
0.251967
0.194687
0.693491
2.49041
-1.44231
1.14599
1.50037
0.560113
-0.303446
-0.10985
-0.00209671
-0.763168
0.45152
-0.230605
0.820008
0.200183
-0.139995
-1.17871
0.3263
-0.33022
0.171797
-0.26073
0.206402
0.276626
0.0596505
-0.462053
-0.431549
-0.618475
-1.07054
-1.01786
-0.139994
-0.0816564
-1.76965
-0.482307
-0.259347
0.279068
1.03099
1.21164
1.48599
0.201313
0.448162
-0.770541
-0.135325
1.45804
-0.155332
-0.353017
-1.41832
0.978395
0.44833
0.344863
-0.348538
-1.60097
-0.945778
0.0698419
1.13057
2.08753
0.310923
0.83233
0.0753357
-0.760071
-0.987219
-0.973506
-0.792173
-0.484466
-0.633394
-0.249491
-0.275775
0.628045
-0.789017
1.1393
-0.590957
1.16853
0.209172
-1.02762
-0.189898
-0.850052
-0.00715218
-0.479805
0.0869149
0.647759
-0.180512
-0.27378
-0.0169782
-0.933529
0.210236
0.406885
0.929251
0.470426
-1.18675
0.651748
-1.49368
-0.0451217
-1.42133
0.0276263
0.60987
0.467507
-0.113948
2.33204
1.35797
-1.13118
0.688849
-1.13423
-0.41772
0.481811
-1.17083
-0.32053
0.247023
-1.93016
0.469188
1.16556
0.231399
-0.00420638
1.23563
0.876376
0.13499
-1.8821
0.144175
0.145476
0.53786
1.26183
0.165249
-0.274985
0.410396
0.679668
-2.28213
-1.44934
0.0676526
-0.953121
-0.0742393
0.154914
0.220722
0.63142
-0.789486
1.49309
0.277721
0.503134
0.539431
-0.0739285
-0.155733
0.217744
1.30207
-0.62027
-0.575165
0.362594
-1.73471
-0.958495
1.25042
-0.11104
0.124626
-0.344306
0.154129
-0.915889
-0.721615
0.42844
-0.991178
0.956901
-0.700451
-1.0012
0.14008
-0.504621
0.63022
0.757192
-0.134483
0.78505
0.245289
0.427146
0.0606392
0.98835
-1.72866
-1.65312
-0.286759
-0.460569
-0.404958
0.0140837
0.605046
-0.448618
-0.221828
-0.961764
-2.29678
0.579251
0.0178427
0.434377
1.49951
-0.0388039
-0.21427
-0.122934
1.26013
0.651885
0.883267
-0.754805
-0.392336
0.184512
0.9321
0.5607
1.49871
0.559655
-1.37969
-0.65432
-0.8534
0.743256
1.26443
-0.536599
-0.50347
-0.701381
-0.956724
0.152513
0.363883
0.0577535
-0.191317
-0.228514
-0.717972
-1.24713
-0.306789
-0.323326
1.70453
1.16089
-0.653137
0.0363596
0.397616
0.515425
-0.58499
-0.652949
-0.0818242
-1.38314
-0.375724
0.491138
-0.140938
-0.362492
-0.276162
0.709183
0.851391
0.177575
-0.626838
-0.682183
0.294225
1.89136
0.338556
0.483424
1.4482
-0.468904
-0.0264351
-1.34866
-1.57377
-0.42053
-0.800274
0.405327
-0.422245
1.52307
0.265522
-0.229391
0.775446
-1.04486
0.760942
0.894923
-0.730417
-0.373253
-1.38109
-0.633778
0.00175262
-0.552097
1.2156
-2.19112
-0.941447
-1.30072
-0.268213
-0.313586
0.0711407
0.68559
1.45767
-0.730279
-0.565936
0.297441
0.497661
-0.241413
1.29498
0.0808303
0.374981
0.926021
0.628927
1.01281
1.42146
-1.04679
2.15919
1.46298
0.40546
-0.74918
-0.586259
0.778507
-1.63012
-1.41559
-0.555998
-0.0294839
-2.1738
-0.465849
0.297462
-0.253713
1.14396
0.881031
1.35596
0.410188
-1.18073
1.00637
0.381503
-0.304949
1.17085
-1.3719
-0.46495
-0.794482
0.503505
0.195202
1.79499
-0.455621
0.193717
-0.539944
0.510121
0.0431493
-2.05857
0.0915243
0.817748
-0.943712
-0.618389
-1.37241
0.0433584
0.319597
0.337018
-0.304495
0.024924
0.402718
-0.0757758
-0.949841
-0.291973
0.515803
-0.439602
1.40798
0.103893
0.484656
-0.481778
1.07889
-0.84324
-0.0287049
-0.990506
-0.961126
-0.617544
2.19285
-1.51834
-1.39664
-1.39285
0.12837
-0.242921
0.873045
-1.32562
-0.315612
-0.482435
-0.443033
-0.176199
0.296279
1.01287
-0.37385
-1.55575
0.876897
-0.550052
0.0708975
0.00397881
-0.0782158
1.18972
-0.535817
0.551915
-0.565765
-0.27592
1.49783
1.40116
0.338426
0.903932
1.73783
-1.69798
0.520634
-0.412181
-0.0173091
-0.0136055
-0.244789
-0.302279
-0.736995
-0.32281
1.00292
0.257719
-1.17003
-0.509268
0.445761
0.934042
0.0944045
0.140404
-0.899083
-0.683821
-0.56466
-1.41038
0.394074
-0.334811
1.14882
-0.373542
0.0510141
0.1491
-0.923271
-0.538908
3.16525
-0.293088
1.44553
-0.485334
0.79793
0.572212
0.564627
-0.394764
-3.04478
-1.0172
-0.159401
-0.338441
1.36886
2.13124
0.280437
-0.567763
0.568103
-1.08102
0.396115
-1.30526
-0.419088
-0.413113
-0.108359
-0.557756
-0.386368
0.174932
0.300552
0.800746
0.311062
0.857309
0.0810246
-1.0021
-0.124618
-0.161659
-1.478
-1.58237
0.502379
-0.404154
1.78591
-0.0964055
-0.958518
1.15789
0.55127
0.674385
-0.00999795
1.01727
1.16498
0.0878618
-0.823084
1.03756
0.0261677
0.731767
-1.35572
1.42407
-0.225594
0.972229
-0.755552
0.774477
-0.485613
-0.71628
-0.786929
0.045241
1.06426
-1.38248
1.06011
0.921605
-0.948297
0.714289
1.84405
0.138391
-0.686981
-0.0446677
-0.0171997
-1.01547
-0.123914
0.376411
-0.255977
-1.30316
1.7122
0.403589
0.0286217
0.451827
0.288814
-0.800768
0.234556
-1.52039
0.00413914
-0.663563
-0.406993
1.75984
-1.27817
1.38908
0.0343726
-0.641791
-1.0637
-0.86445
1.53359
-0.0270887
0.941892
0.500904
0.530013
1.94661
-0.386251
-0.316262
0.408679
0.34505
-1.5043
-0.666121
-0.538881
-0.84654
1.52686
-0.934031
0.422883
-0.658799
-0.314166
-0.314202
1.17223
-0.694871
-0.466882
-1.65281
0.324483
-0.354994
-0.138015
-1.14724
-1.80327
-0.358466
0.493896
0.194197
-0.960844
0.298247
-1.48818
0.98893
0.749933
-0.104264
1.02042
-0.252172
0.144901
0.0612432
1.70284
-0.0433188
0.711604
2.19403
1.14983
-0.169946
-1.18036
-0.0271917
0.449489
0.592541
-1.67849
-0.123044
-1.58117
0.211071
0.366455
0.38175
-0.242122
1.07472
0.013573
0.0872497
-1.82491
0.552307
-0.509107
0.300925
-0.145888
0.843052
0.629636
-0.181334
0.934261
-0.0366708
0.547617
-0.305054
0.344044
0.765662
0.0846455
0.189502
1.92942
0.179306
0.28903
1.96795
0.907415
-0.792386
0.325207
-0.301494
-1.88029
0.643307
-0.346001
-0.975563
0.506422
-0.636099
0.904744
0.461477
-0.827693
-0.786589
-0.938266
-0.873611
-1.17255
-0.801936
-0.129134
-1.63805
-1.16858
-1.1885
-0.418294
-1.51461
-0.541102
-0.0841921
0.590962
-0.859023
0.571865
-0.560571
-0.712993
2.02025
-0.0985952
-0.389363
0.311568
1.1053
0.794152
0.828257
-1.92282
0.110304
-1.52339
-0.369889
-0.227421
-0.506145
0.814348
0.809486
0.352915
-0.725292
-0.540128
0.652459
-0.2487
-0.405656
-1.18862
0.442021
0.252092
-0.306676
-0.264888
-1.28274
-0.470419
0.050483
0.155644
-0.763729
0.264711
0.63094
-1.35378
-1.32816
0.54901
1.16336
-0.0963979
0.0789586
-2.44712
0.722286
0.065455
0.806236
-0.568205
-1.10648
0.0647288
-1.41989
-0.295592
-0.773572
-1.29024
-1.30574
-0.297227
-0.266865
0.67593
2.29082
-1.11494
0.0165734
1.23804
0.398571
-1.44177
-0.75316
0.627633
-0.153111
-0.0766085
0.483933
-2.96411
0.686855
0.6456
0.283071
-0.0477749
-0.535303
-1.17269
0.412297
-0.33728
0.404775
0.662057
0.410059
-1.22458
-0.67257
-0.966215
0.181715
1.54172
0.463628
0.574573
-1.36776
0.924275
-0.670646
-1.2032
0.044208
-0.923578
0.500991
1.18045
1.33901
-0.553761
-0.533561
0.214237
0.503077
-0.56759
-0.442578
-0.376763
-0.551283
-0.274803
-0.66737
1.04901
0.290797
0.169509
-0.75279
-0.0650763
-0.190398
-0.512299
0.634436
0.48491
0.385253
1.8126
1.35681
-0.0755584
-0.280892
-0.17456
0.753402
0.129828
0.382913
0.185347
0.630664
-1.24495
1.06326
0.774893
-0.352772
0.954814
-0.48452
-0.975743
0.709198
-0.0527618
0.186192
0.393012
-0.706507
0.427869
0.225791
0.575423
0.184619
0.643972
0.468714
0.800375
0.0244642
-1.68073
0.478606
-0.0553858
1.38956
-0.126706
-0.258993
0.0565925
1.3253
-0.376206
0.461931
0.810716
0.462627
0.401376
0.233058
0.124635
1.06255
0.124528
0.261289
0.335979
0.500679
0.0850393
-1.97711
1.42931
-0.89769
1.06195
0.220587
-0.831482
-0.0354964
-0.270495
0.499056
0.847687
-1.29892
-0.25705
-0.703184
0.501155
-0.676397
-0.387528
-0.028014
0.141943
-0.307252
-0.119588
-0.824761
-0.190746
0.501403
0.479875
1.2327
0.494616
1.08928
0.055913
0.460859
2.49879
0.154636
0.570917
-0.0345004
-1.65984
-0.0227516
-0.824006
-0.431999
0.833612
-0.742949
-0.214406
-0.998324
-0.352535
0.340199
-1.43434
-0.124648
-0.209697
-0.508413
0.334869
-0.986792
-0.20456
0.588842
0.616227
0.562375
-1.17235
0.43083
-1.20112
-0.248808
0.642475
0.712298
-0.146509
-0.569732
1.44796
-1.341
1.24367
-1.69365
-0.529016
0.776151
-0.847694
-0.624545
-0.0883423
0.193285
0.765417
0.0479066
0.887283
-0.146173
0.782167
-1.46307
0.744523
0.18767
-1.08938
-0.0414449
-1.48826
-0.109407
0.322537
-1.45423
0.0797903
-1.99261
0.146978
-1.53976
0.268843
-0.034088
0.796246
-0.457216
-0.690531
0.208231
-1.01272
0.313934
1.18645
-1.18589
1.16184
-0.846525
-0.71974
-0.71583
-0.778601
0.0203054
-0.195217
-0.829857
-0.0685744
-0.352042
0.219788
0.524296
0.900453
0.316533
-0.410564
0.814416
-0.344576
0.659988
-1.74582
0.898694
1.59785
-2.27037
-1.37979
1.04627
0.311466
-0.209702
-0.0155895
-0.481895
0.467813
-0.241594
-0.405932
-1.55415
-1.22655
-0.890426
0.0836349
1.05136
1.13393
-0.95919
1.07881
0.227808
1.29504
-0.0649038
-0.237583
-0.320928
0.157386
-0.216792
-0.846315
-0.696266
1.28088
-0.392768
-1.72166
0.0566531
-0.0280513
0.528383
0.750476
-0.594657
0.198408
0.0773802
0.504042
0.711426
0.126199
0.643713
-0.899242
0.956158
-0.384598
-0.533195
1.61428
1.02099
0.173935
-0.048656
-0.667088
0.694871
-1.34817
-0.122096
1.36096
1.1281
0.75539
-0.312078
1.41494
0.507923
0.469736
2.20826
0.326981
-0.702137
0.779504
0.0821248
0.00430115
-0.712362
0.193364
0.617259
-0.49615
-1.46811
-0.125096
1.90117
0.0864233
0.413057
-1.40609
0.392748
0.320072
-1.17367
0.650561
0.878252
-0.446434
1.30764
0.321713
-0.493942
-0.367066
-1.02096
-0.600014
0.572985
-0.00935828
-1.57914
-1.23035
1.61025
1.10708
-0.0013155
-0.731821
-0.348177
0.0705985
0.491686
-0.206411
-0.974472
0.0266654
-0.864011
-2.01324
-0.377575
1.03865
-0.577773
-1.00284
0.0675561
-0.634661
0.448121
1.21368
-0.0896561
-0.215681
0.536192
-0.996911
0.578667
1.63921
0.963321
-1.01276
-2.73177
0.705337
-1.73769
0.235842
-0.149684
0.721183
-0.163163
-0.586288
0.898104
-0.627093
0.642711
-0.312144
-2.37743
-0.101055
-2.24326
-0.500506
-0.662909
1.41148
0.975101
-0.33289
0.0854888
-0.465565
-0.229119
1.72096
0.382488
-0.918126
-0.122365
0.758654
-0.358358
-0.832899
0.299514
0.381835
0.340376
0.528925
-0.240237
0.399578
-1.16888
0.532605
0.0745565
1.61045
0.137649
0.0840357
-1.5405
-0.566004
-0.597099
0.275244
-0.253203
-1.00195
0.422352
0.411928
-1.72734
-0.181939
-1.37773
-0.990816
-0.414014
-0.403747
0.659124
-0.575285
-1.12883
-1.54919
-0.380374
0.151863
-0.542286
-0.304422
0.738518
-0.62742
0.0106436
0.384946
0.210456
0.235595
-1.00418
1.08417
0.206995
0.82557
0.950792
0.864001
-1.15747
-1.35489
1.29063
0.21643
0.397256
0.665204
2.21148
-0.596553
0.465414
-1.35577
0.344902
0.637717
-0.246227
0.539728
-0.568341
-0.661735
-1.32703
-0.35934
-0.5106
-0.486455
-0.664793
1.37119
0.51406
-0.181711
-0.8897
0.39255
0.886361
-0.294373
0.146332
-1.82354
-0.975874
0.134847
-0.552245
0.863376
-0.108831
0.944485
-0.29685
-1.16522
-1.48216
-1.35498
-0.0248941
0.971286
0.0577471
-0.160969
-1.90362
0.999057
0.642677
-0.679758
-0.109242
-2.08675
1.09455
0.797067
1.37348
-0.758279
-1.12525
-0.286133
-1.03085
0.34586
-1.32746
1.02604
-0.594724
1.65487
-0.213013
0.177415
1.33927
0.579792
0.109614
0.0746584
1.04151
0.305533
0.594053
0.678514
1.146
1.20569
-0.97081
-0.132202
-0.105354
-0.732075
-1.3114
0.22992
-0.534244
1.04135
0.931618
1.41887
1.61491
-0.564112
-0.812892
0.176541
-0.0607105
0.0453709
-0.662055
2.12391
-0.21975
-0.926438
-0.850981
-0.590353
0.153331
0.171851
-0.104554
0.131309
-0.0508567
-1.22016
0.979755
-0.674552
2.07199
-0.0777811
0.960736
-0.798478
0.609077
0.644556
0.856883
0.850421
1.80103
-0.999428
-1.32331
0.56723
-0.751575
1.4382
-0.459318
0.126015
-0.62764
1.288
-0.453068
0.577502
1.07686
0.25017
0.102809
0.846584
0.995674
-1.14884
-1.02689
0.735149
-1.4951
0.014823
-0.519032
0.0904615
-1.07301
-0.0225436
-0.260515
-1.99156
0.0869932
-0.72272
-1.36247
-1.79914
-2.78683
0.102156
0.301356
0.398547
-0.335507
0.735704
-1.6839
0.255538
-1.24845
-0.880268
1.53838
1.14492
-1.01135
0.0046218
1.48429
0.853548
1.04666
-0.475177
1.70287
1.39159
-1.25936
0.830781
-0.393627
-1.82793
0.574274
0.180415
0.141752
0.0219228
-1.01858
0.293236
-0.0352489
-1.71619
-1.17655
0.0453266
-0.550325
-0.30552
0.576626
-1.45152
1.08294
-1.24511
1.58899
-0.472038
-0.190331
0.401837
0.632349
-1.0204
0.217637
-0.116089
0.163991
-0.119807
-0.153081
-1.00853
-0.506989
-0.661876
1.02511
1.35109
0.885608
0.153206
1.95375
1.1739
0.0192407
-0.241111
-1.08524
0.788853
-0.774072
-0.352239
0.0423646
0.335483
0.380917
2.03176
0.345233
-0.564401
1.2189
0.99113
0.234097
-0.0399746
-0.801757
-0.42994
1.65622
-1.24486
0.178168
-1.52638
-0.287624
0.151957
-1.0958
1.02602
1.43492
-0.47782
-1.06945
1.13123
-0.549414
-0.304628
-0.276536
0.824188
-0.369159
-0.820463
0.43737
-0.0535999
-0.150373
-0.72809
-0.385006
-0.835596
1.18824
-1.39287
-1.38505
0.231199
0.456389
0.903916
0.66221
0.103985
-0.260027
0.636955
0.7205
0.526091
0.674792
-0.11213
-0.908355
-1.33991
-0.785597
-0.0297188
-0.231383
1.87607
-0.500482
0.219236
0.606847
-0.884109
1.82664
-0.178319
-0.886711
-0.120306
0.397835
0.825958
-0.221418
0.665559
1.11515
-0.656266
-1.25232
-0.229939
-2.09613
0.47459
-1.72221
-0.40255
0.486862
-0.530797
-0.305838
0.0762192
-0.0742379
0.701047
-0.47124
-1.04395
0.00998683
0.209499
-0.279199
-0.758871
-0.640861
0.905447
-0.969654
-0.254233
1.03926
0.769982
-1.03629
1.09214
1.56046
-0.935328
0.230907
0.188245
-0.222482
0.694517
-0.806901
0.784482
-0.637758
-3.07529
-0.306437
-0.0856588
0.0725134
0.333303
0.884055
-0.273483
0.400292
-0.367298
0.788385
0.0939063
-1.5809
-1.26693
0.837986
-2.12768
0.201454
0.285538
-0.128415
-0.200117
0.588268
0.681255
-0.0724587
1.00331
0.465537
-1.38117
1.25362
0.459468
-0.192253
-0.0671282
0.141905
1.89759
-0.874777
0.554062
0.128073
1.36195
-0.142932
-0.177196
0.629578
0.348344
-0.205537
0.198956
-0.870329
0.493545
0.443262
-0.175892
0.762808
0.54598
-0.163168
-0.342275
-0.78487
0.51419
-0.0774428
0.881348
0.15872
0.449955
-0.206063
0.985036
0.879196
0.105857
-1.14556
0.625597
-1.3575
0.414784
-1.10275
0.798286
-0.47815
0.527404
1.74158
0.241686
-0.0864717
-0.734797
-0.0867174
-0.417792
1.36598
-0.491686
0.665854
-0.0967494
-0.278836
-0.469393
-0.100165
1.05213
-0.359817
0.351186
1.348
-0.813804
0.20716
0.220833
0.0771249
0.269244
1.00932
0.907686
0.013013
-2.35503
-1.0944
-0.505301
-1.23704
1.70108
1.44442
-0.928262
0.245784
0.188556
-0.419766
0.605186
0.316039
-0.0875709
1.04129
1.10527
0.0405003
-1.91591
-0.511542
0.613832
-0.890516
0.440759
1.55029
-0.472342
0.121544
0.345759
-1.22154
0.241361
0.185832
-0.250461
1.82225
-0.110823
0.160605
0.43606
-0.0468166
-0.215569
-1.09368
-1.69287
0.567623
-0.0444398
-0.132743
0.142184
-0.238731
0.615736
0.0454986
0.965032
-0.823342
0.0734297
-0.156791
-0.723785
-1.34782
-1.20191
0.300533
-0.0515853
-0.170976
0.351791
0.417065
-0.59647
0.109336
-0.704968
0.0874975
-0.238678
0.404432
0.560164
0.52568
-0.508871
-0.491206
0.412526
0.248319
1.97126
1.25388
0.160242
-0.298159
-0.322143
0.189425
0.760111
1.35053
0.261493
-1.47437
-1.20536
1.10344
-0.0629284
-0.295514
-0.20851
0.124685
-1.01673
-0.735321
-0.900994
0.448927
1.77877
0.123765
-0.50134
0.105524
-0.928671
0.0237891
-0.466679
-1.21652
0.414295
-0.964351
0.22845
-0.146211
0.429363
-0.788742
-0.291942
-0.282971
0.763966
-1.27594
0.27969
-0.213902
0.295042
1.539
1.56603
0.308475
1.31767
0.563829
1.83984
-0.898192
-0.66869
1.01009
-1.40759
-0.164461
0.396604
-1.02397
-0.495666
-0.718075
-0.0653552
-0.198613
1.46873
-0.0127353
1.20614
0.869575
-0.175299
0.980575
0.425249
0.521415
-0.328159
-1.30283
0.0104926
-2.133
0.0926522
-0.477372
0.72567
0.12641
0.369801
1.66741
-0.662126
-0.778886
0.242533
-0.992537
-1.59438
0.983601
0.0231194
-0.185438
-0.0745087
-0.297824
-1.67792
-0.994948
0.959064
-1.19049
0.548287
-0.628773
0.411222
1.43566
-2.90256
0.990307
0.539235
-0.944983
1.32239
1.02677
-1.53618
0.0680174
1.4052
0.224129
-0.796867
0.181179
-1.08698
-0.927747
-0.227316
0.0111603
-0.0517158
0.885302
-0.340855
1.29656
-0.732645
-0.809846
0.173029
1.52543
0.594151
0.0194912
-0.381511
1.47153
-0.333338
0.142239
-0.324029
0.659968
0.260976
-0.35086
-0.138975
-0.0158176
-0.462551
1.15585
0.960742
-1.58929
0.167892
0.747245
0.428554
0.68637
-0.136771
-2.4987
-0.188885
0.223436
1.2655
-0.366327
-0.422243
-1.52202
-0.96172
1.21543
0.104796
-0.40769
-1.45378
1.74431
0.551893
1.42501
0.617092
1.55362
-0.229508
0.647089
-0.591195
0.380612
-1.28751
0.0690619
-0.510096
-1.64012
-0.92823
-0.555286
0.249438
0.442104
0.0921822
-0.21464
-1.10603
-1.35347
-0.0239199
-0.806012
0.0276151
-1.23743
-1.37683
-0.385752
-0.414442
0.0941245
0.673266
0.426654
0.624024
0.401189
0.257364
-0.521414
0.609587
0.00212731
0.355164
-1.3518
-0.57201
-0.314831
-0.0889021
-0.0254343
1.85196
-0.0476852
1.46044
-1.23521
0.387898
1.34751
0.666748
0.273146
0.351084
-0.247593
-0.756335
-0.0876838
1.19857
1.1289
0.439136
1.44059
-0.824201
1.84076
-0.227082
-1.3245
0.97882
-0.290808
-1.64961
0.142398
0.0194875
0.533313
-0.0318061
-1.0561
0.478123
0.807727
0.985017
0.234586
0.678399
-0.676372
-0.325057
-1.92645
1.37983
0.914834
-0.0583946
1.01613
0.0228832
-0.116858
0.212769
-0.194716
-1.21405
0.532481
-0.103841
1.18957
-0.44701
0.22998
-0.627435
0.431363
0.696553
-0.567141
0.0701446
0.295608
-0.801852
0.216611
-0.143458
1.12371
0.456216
0.67594
-0.536208
0.317326
-0.504884
0.344004
0.149068
-1.46162
0.546488
-0.681064
0.348681
0.289497
-0.849747
0.670574
1.35406
0.259179
-1.9953
-0.878307
0.237731
-0.574421
-0.758694
-0.573808
0.164015
0.887595
-1.25149
-0.837175
-0.535427
-0.156769
-0.217945
-0.324839
-0.490181
0.385363
1.05391
1.09195
-0.304743
2.49409
0.318407
0.267266
-1.02599
0.787716
0.775495
-0.12719
-0.791682
0.0180598
-0.43981
1.31577
0.253714
-0.47817
-0.0372473
-0.704024
-1.50493
0.255642
1.5023
-0.759767
-0.416782
0.787183
0.624978
0.260472
0.798355
-0.00960654
-0.7612
-0.440123
1.15932
-0.34116
-1.64748
-0.429563
-0.272696
0.224314
0.687096
0.598691
-0.832373
0.440035
0.343181
0.28128
-1.26446
-1.23413
0.337271
1.023
-0.011178
0.682238
0.928102
0.419443
-0.147116
-1.39243
-0.0560951
-0.4968
1.61241
1.0105
-1.52956
-0.351267
-0.465838
1.22993
-0.819249
0.0303365
-0.308336
-1.39586
-1.16937
0.0655636
0.779409
-0.62402
-1.13246
0.214839
-0.885905
0.22633
1.64176
1.03099
0.9883
-0.286263
-2.07825
-1.28264
0.546536
-0.947799
0.0369053
0.873738
1.27266
-0.129091
-0.138801
-0.0838997
-1.12396
-0.788747
1.13768
0.293367
-1.34001
0.515913
0.507847
-1.54846
1.70382
0.0622079
-1.05307
-0.304516
1.03762
-1.31979
-0.852491
-1.64316
-0.169028
0.307584
-0.306288
-0.221102
-0.905862
2.58529
-2.20749
-0.48049
1.40872
1.28685
-1.06029
-0.619659
-0.596139
-0.208618
-1.56664
1.09651
0.427084
-0.0153413
1.08766
0.445057
0.361399
0.012584
0.847819
-0.311993
-0.639316
0.707592
-1.17227
-0.247007
0.622428
-0.989551
0.206339
-0.410014
-0.756221
-0.0341078
-0.892974
0.541694
0.290427
1.00163
1.51326
-0.14466
-0.0534715
-0.23539
-0.143147
0.183239
0.874077
0.109482
0.605616
-0.796808
-0.575543
-1.37111
-0.0907062
0.271224
-1.31343
0.306968
0.737167
-0.197862
0.225673
0.660193
0.823847
0.802501
-1.03314
0.959829
-0.444346
-0.0306935
0.637044
-0.127205
0.908145
0.666447
1.11728
0.107583
0.291691
-1.07649
0.972671
1.22005
0.370952
0.5325
-0.131067
0.962985
0.926588
-1.16278
0.108483
1.16832
0.358609
0.442785
2.20367
-0.121532
-2.02154
2.17913
0.219302
0.532337
-0.186005
-0.535651
0.0959081
-0.157445
-0.943998
-0.212591
-0.422167
1.53679
-1.00879
-0.495074
0.789716
1.08733
-0.293974
0.0536742
1.83939
-0.929243
0.143122
-0.199885
0.563098
-0.548398
0.0240892
1.69134
0.321789
-0.24857
0.149461
0.135746
0.212934
0.220918
-1.32046
-0.251546
-0.42104
0.0140186
0.503179
-0.405154
-0.282567
-0.571776
-0.859489
-0.0628675
1.57361
0.603955
-1.14585
-0.11221
1.43191
-0.425868
1.83014
0.517468
-0.489022
-1.18454
0.503252
-0.197655
-0.916058
1.22287
0.676232
0.298447
0.487744
-0.885594
0.63454
0.686923
0.967594
1.35453
0.0511569
-0.217736
0.775889
0.365338
0.837215
-0.153086
0.315791
0.95388
-2.21201
-1.0294
0.402211
0.274133
1.48941
-0.797113
-1.10195
-0.34306
0.121659
-0.181242
-0.986686
0.986031
0.403372
-0.0165935
0.173832
-0.967129
1.12798
-0.0741042
0.365885
0.575824
-0.594835
1.48213
0.308748
0.0223797
1.41056
1.61071
0.53059
0.656323
-0.63634
-1.95954
-0.228107
1.19854
1.34404
-0.897827
-1.57794
0.849394
0.369099
-1.03062
-0.151887
-0.281345
-0.192359
-1.17455
-0.310178
0.250426
1.27508
1.07286
-0.338297
-1.29985
-0.096809
-0.625395
-1.88667
-0.682474
-0.0266127
0.299999
0.22665
-0.0906445
0.214669
-0.450069
0.514531
-0.406007
1.38552
-1.09605
-0.490011
-0.132161
0.0794019
-0.396512
-0.717717
-0.00867603
-1.07575
0.562555
0.419918
1.74805
