1.00055
-1.39548
-0.322962
1.07337
-0.636484
0.447117
-0.165953
-0.640108
0.315234
0.531006
-0.173829
-0.306715
-0.515155
-0.17185
-0.399045
-0.781365
0.351536
0.159316
-0.316594
0.113703
0.960174
0.284001
-0.254603
0.846744
-0.458532
-0.986297
-0.75806
-0.412331
-0.899386
-0.447543
-1.28496
-0.218989
0.260411
-0.461951
-0.523538
-0.50334
1.19038
0.943204
0.839849
0.504405
-0.449942
-0.298094
-0.586288
0.896358
-0.812365
-0.0653196
0.652243
-0.06211
-1.70553
-0.325755
0.173098
-0.591131
1.05558
-0.564024
1.26101
1.79883
0.558482
-0.0975083
0.999824
-0.281843
0.46242
0.0910839
0.361763
0.0160477
-0.332219
0.875492
-0.0864573
0.591853
-0.0616916
-0.585515
-0.672815
0.18571
-0.92396
-1.01222
-0.510437
0.496845
0.252075
-1.58647
-0.0475524
0.728994
-0.21837
-0.299506
-1.33064
-0.584284
-0.361502
-1.0398
-0.213009
-0.757424
0.325161
0.335176
0.670327
-0.745168
-0.73327
0.592499
-0.170258
-0.192803
-0.818179
-0.334814
0.86533
-0.113321
0.40272
-0.775504
0.534801
0.303137
0.701581
-0.38213
-0.956103
-0.0386883
0.924159
-0.691913
-0.121547
0.0124876
0.607702
0.763581
-0.0743785
-0.132105
-0.716116
0.198537
0.66003
-0.461839
0.168855
-0.746732
-0.445287
1.70028
-0.223512
-0.725215
-0.19148
0.276311
-0.29815
-1.19492
-0.276411
0.485408
0.103753
-0.801875
1.12259
-0.112626
0.277537
-1.00102
0.166882
0.416657
-1.16745
-0.156873
-0.246088
0.185512
-0.66696
-0.0403592
0.928933
0.444295
0.521395
0.218611
0.898603
-0.135541
-0.637047
-0.195917
1.314
1.26935
0.305112
-0.299655
-0.254322
0.129197
0.337962
-1.03364
0.145367
0.200205
0.570547
-0.267375
0.422188
0.437032
-0.607908
1.22238
0.190631
-0.39877
0.322376
0.0813263
0.774251
-0.020745
0.0670396
0.218075
0.738798
-1.52953
0.423552
0.598527
0.327825
-0.127399
0.331328
1.08631
-0.191951
0.360638
0.844986
-1.02128
0.699315
-0.00189223
-0.196893
0.325806
-0.175391
-0.168132
1.1075
-0.8999
-1.28591
-1.06523
1.0737
0.333474
-1.25971
0.539726
-0.355164
-0.250696
-0.42902
0.0735243
-1.16404
-0.835924
-0.336821
1.77437
0.661644
-0.459523
0.382015
0.368989
-0.694998
0.00589901
0.55569
-0.673072
-0.222041
-0.199373
0.178272
-1.02962
0.234011
1.43226
0.372546
0.239515
-0.35401
-0.797823
-0.213059
-0.645775
-0.420811
-0.110304
1.40061
0.563997
-0.479745
-1.28425
0.297106
0.243228
-0.537095
1.55025
-0.771975
0.215341
-0.0995213
-0.426097
0.190579
-0.414733
-0.0906528
0.191071
2.08268
-0.238664
1.20782
0.546795
0.770932
-0.0267945
-0.146803
0.683106
-0.0937663
0.00190118
-1.04413
0.795585
-1.093
0.342697
-0.436354
-0.734375
-0.54246
0.132922
-0.243494
1.13105
0.14828
0.464127
-0.371256
0.272796
0.21707
-0.639482
-0.75159
-0.192286
-1.24834
-0.557548
0.216768
-0.049858
-0.657204
-0.422949
-0.226377
0.0791802
0.112759
0.680119
-0.927932
0.535552
-0.138825
0.123108
-0.087849
0.619857
0.184031
-0.538613
-0.0207685
-0.84057
0.748815
0.218432
0.976388
-0.194505
-0.646027
0.535392
-0.274754
-0.102633
0.280072
-0.270871
-0.143967
0.293393
0.663437
0.900056
0.657474
0.202426
-0.37471
0.564781
-0.0681282
0.219972
-1.22573
0.738568
0.833105
0.798331
-0.129839
-0.312913
-0.553448
0.411166
0.0784379
-0.865204
-1.52946
0.00531021
-0.946554
-0.0878865
-1.02368
-0.706492
0.0433282
-0.0806748
-0.503361
0.345815
-0.0391908
0.422502
-0.793228
0.110307
-1.36535
-0.310016
0.676262
0.788349
-0.0561327
-0.667666
0.958385
1.21351
0.112447
1.17261
0.104806
-0.413848
-0.095076
0.490949
-0.00361325
-0.289972
-0.273074
-0.204277
0.237244
0.277043
0.0765345
-0.814002
0.362828
0.836224
0.246412
-1.18697
-0.29343
-1.09148
-0.358623
0.250465
0.221512
0.0324613
0.357014
-1.27529
-0.709397
-0.477944
0.0621842
0.253528
-1.11434
0.898298
-0.479329
0.318753
-0.317559
-0.944308
0.499206
-0.749159
0.0613472
-0.995275
0.683725
0.712391
0.262298
0.918905
0.0778015
-0.476738
-0.204282
-0.126683
-0.466027
-0.00653923
0.0439766
0.494853
1.44863
0.671925
0.449298
0.290457
-0.550218
0.284057
0.981793
0.15265
-0.388278
0.00548184
-0.872981
1.08442
0.129272
0.228928
0.0546241
-0.481363
-0.836329
0.00717546
0.170357
-0.503531
-0.0774345
0.506341
0.677131
0.72588
1.02638
-0.638768
0.15827
-0.637953
0.76433
0.276152
-1.0689
-0.466709
0.217659
0.792552
-0.039725
-1.78081
-0.678062
0.201232
-0.0931617
-0.605913
0.40253
0.268419
-0.233559
0.305322
0.0763418
0.205969
0.841167
-0.783761
0.0732368
-0.546891
-0.125191
-0.522119
-1.13241
0.381212
-0.149828
-0.193471
-0.53128
-2.04986
-1.13589
-0.341184
-1.02602
0.666081
0.0965416
-0.672487
0.128662
-0.139758
-0.541778
0.29934
-0.0795624
-1.04847
-0.109567
-1.32755
0.856461
0.211472
-0.496598
-0.22281
-0.211822
-0.155722
0.62983
0.90037
-0.432345
-0.625706
0.056136
1.20757
0.77655
-0.165771
-0.627273
0.561925
0.328125
-1.18417
-0.042525
0.239505
0.225142
-0.502411
0.000525581
1.0878
-0.657762
-0.011923
0.249873
0.799042
-0.117874
-0.53703
0.673507
0.390966
-0.423419
-0.0180756
0.734212
0.797295
-0.315118
-0.390758
0.189823
-0.276256
0.111825
-0.891943
1.12086
-0.398342
-0.0224361
-0.551826
-0.893131
0.574349
-0.524249
-0.334103
-0.412032
-1.0663
-0.0854389
-0.881015
0.043907
0.205098
0.714005
-1.08415
0.611083
0.852371
-0.345677
-0.687585
0.543293
-0.802312
0.32381
0.101494
-0.833578
0.21583
0.946293
-0.646217
-0.91873
0.354367
0.270843
0.693363
0.433448
0.911882
-0.0605857
0.447128
0.709309
0.273047
-1.02464
-1.08701
0.0976544
0.679863
-0.188035
-0.340025
1.29443
-0.773106
1.29743
-0.858472
-0.626597
-0.0857701
0.686153
-1.1995
1.09116
-0.963351
-0.0442794
0.146689
0.372612
0.788127
-1.00983
-0.0340517
-0.840303
0.212099
0.744935
0.368336
0.879041
0.340194
0.100043
0.0542793
-0.710763
-0.284908
0.46248
0.354958
0.193296
-0.185305
-0.414873
-0.918862
0.288216
0.945712
-1.23192
0.444624
0.213734
-0.29299
-0.454448
-0.779271
-0.100407
0.292021
0.247563
-1.02511
-0.607841
1.03467
1.85806
0.752276
1.42595
-0.230258
-1.00626
-0.42182
0.0621643
-0.728674
0.233036
1.18534
-0.164679
0.290877
0.509429
0.993787
0.0292997
-0.243672
-0.361561
-0.251021
0.913585
-0.907762
1.02509
-0.0442487
-0.60381
-0.373234
-0.0254855
-0.52159
-0.302977
0.397393
0.334324
-0.761035
-0.443419
0.025356
-0.498427
0.00661983
-0.828999
-0.0240629
-1.3986
0.68104
0.497749
0.667793
-0.00275071
0.997745
0.745663
-0.049766
-0.461062
0.712926
-1.16939
0.548985
-0.340322
0.281648
0.547899
0.0412359
-0.722759
0.711399
0.707126
-0.634293
0.146955
-1.17706
0.362856
-1.16214
0.803267
0.669129
-0.305607
0.00125964
0.315345
-0.486545
-0.610331
0.0495676
0.192993
-0.144973
-0.689333
0.563928
-0.5191
0.24418
0.477303
0.0115107
1.00997
0.452331
0.379839
-0.507095
-0.0954677
-1.25975
-0.25538
-0.427762
-0.510231
-0.330332
2.03885
-1.05646
0.0363962
-0.0503895
-0.470886
-0.525581
-0.49774
0.777481
-0.128273
-0.96325
-0.172307
0.265921
0.653954
-0.374423
0.399517
-0.322304
0.996601
0.243783
-0.0378124
-0.482501
-0.703858
-0.677146
0.0556367
0.510921
0.405277
0.574452
-0.839806
-0.127795
0.747624
1.33566
0.681707
0.414091
0.856429
0.157333
0.409402
-1.41517
0.511338
0.475643
-0.125219
0.53065
-0.845598
1.35063
-0.494909
1.07117
1.04757
1.47201
-0.560838
0.664967
-0.0602256
0.271845
0.211687
-1.22215
-0.48596
0.642157
-0.249521
-0.719975
0.922564
-1.11317
-0.586005
-0.212021
-0.391358
0.339474
0.721482
0.785383
-0.764244
-0.374248
0.398435
-0.489233
0.142223
-0.073941
-0.233634
0.100053
-0.0331782
-0.365121
0.48712
-0.531321
0.394197
-0.382465
0.740308
-0.334825
0.451759
-0.507911
-0.0180809
1.23432
-0.685935
0.330229
0.121203
-1.04444
-0.0144457
0.0385553
-0.637693
-0.477137
0.760252
0.298826
-0.368601
0.977483
0.302492
0.633751
0.530454
0.564723
0.509167
1.16836
-0.380439
0.201784
0.309375
0.919425
-0.136286
-0.795467
-0.228254
0.530691
-0.782778
1.74346
-0.122807
1.15662
-1.34879
-0.593095
-0.937885
-0.0304506
-0.32825
0.475491
0.461607
-0.227345
0.305399
-1.15724
-0.476494
0.331091
-0.824776
-1.54757
0.459854
-0.214603
0.879454
-0.322428
0.382824
-0.36635
-1.09301
0.539895
-0.606007
-0.97328
0.247022
0.322021
1.57828
-0.41942
-1.80749
0.813568
0.190976
0.474246
0.490408
0.517656
-0.472332
1.17905
-0.180344
0.825354
0.554277
-0.198837
-0.283502
-1.57165
0.65251
0.94796
0.234069
0.918791
0.568476
0.0246503
1.08067
-0.483516
-0.565782
-0.12553
0.0225669
-0.469501
-0.258991
-0.49962
0.440038
0.112026
0.66007
-0.327183
-0.00499218
-0.927165
-0.179139
-0.0264271
0.55706
1.22663
-0.618123
1.02194
-0.462612
1.23116
-0.84403
-0.0512781
-0.826556
0.721686
0.34028
0.553428
0.416172
0.0652228
0.259138
-0.750686
0.373615
0.581782
0.0708981
-0.282148
-0.769181
0.137077
0.429134
0.102957
0.303925
-0.714465
0.902148
0.121492
0.021274
0.658128
-0.885451
0.330807
0.72165
-0.955731
-0.452528
0.966781
-1.07591
-0.586499
0.179164
-0.0320101
-0.387871
-0.771435
-0.390539
-1.19513
0.302912
-0.186195
-1.30504
0.0885157
-0.748459
-0.322382
0.0343689
0.713717
1.36857
0.00325224
0.185225
0.679939
-0.282308
-0.261269
0.698303
-0.429366
-0.00237837
0.89323
-0.853978
0.154235
-0.72573
0.375375
-0.802684
0.0588138
0.711387
0.379426
-0.215912
-0.312548
-0.993364
0.57102
0.0139353
0.98243
0.0259604
0.11119
0.533647
-0.222189
-0.16582
0.115298
0.0104299
-0.966682
-0.724854
0.461272
0.445933
0.573156
-0.617865
-0.282857
1.02936
-0.838097
0.036457
0.414328
0.9805
-0.356975
0.397135
-0.933339
0.105889
-0.00238455
-1.06883
-0.394752
-0.594172
0.149732
-0.0496785
0.421281
0.419415
-0.63824
0.230022
0.347029
-1.14779
-0.271897
1.0848
0.79565
1.47922
0.0778615
0.606735
-0.79395
-1.34728
0.795262
-0.248319
0.947091
-0.350646
2.21737
-1.12324
-0.0702426
-0.0653549
-0.809735
-0.274099
-0.417991
-0.423024
1.0608
0.199987
-0.225115
-0.638123
0.98935
0.872048
-0.278219
0.818756
0.0337372
-0.0647535
-0.019219
0.299026
0.624266
0.595459
0.225703
-0.384394
0.940559
-0.86855
0.21384
-0.45244
0.0216833
-0.312142
0.395312
-0.0153488
-1.50994
0.42795
0.347611
-0.950374
0.629196
-0.843973
0.431554
-0.806769
-0.420269
-0.030842
0.751997
0.854723
-0.576401
1.23207
-0.796946
-0.357841
-0.0319412
0.163157
-0.701048
1.07062
-0.339237
-1.95042
-0.142457
0.810688
0.0763696
0.0458866
0.168507
-1.34593
1.07397
0.432488
-0.454068
0.474904
1.36383
0.0993825
0.308569
0.396542
0.339797
-0.266804
0.639218
0.285328
-0.248406
-1.48731
0.0205327
0.399219
0.882145
-0.650102
-0.330781
0.567762
-0.880618
0.882722
-0.382315
0.254428
0.412138
1.12883
0.283783
-0.405
-0.226377
-0.498926
-0.720834
0.462132
-0.426672
-0.810574
-0.262997
-0.863596
0.775094
0.147947
-0.0955622
-0.412708
0.960086
-1.2461
0.504399
-0.413663
0.110669
-0.933864
-0.717156
0.89214
0.890402
1.09822
-0.678758
0.211069
-0.534916
-0.993891
-0.802861
0.164112
1.05075
-1.13185
-0.696038
0.310875
0.00860716
0.0839006
-0.118777
-0.22014
-0.0116405
-0.477452
-0.04701
-0.670448
1.45116
-0.153975
-0.127579
0.183181
-0.249189
0.390306
0.639645
0.602346
-0.752938
-0.521663
-0.485825
-1.10731
0.685624
0.756805
0.170522
-1.59048
0.691217
-0.622648
-0.330353
0.681514
-0.89002
-0.669027
1.09948
0.84348
-0.605431
0.040868
0.610403
-0.0176927
-0.0516788
0.726524
-1.01496
0.375343
-0.15075
-0.914482
0.464145
0.945861
-0.22398
1.45176
-0.174657
-1.02168
-0.0425715
0.194152
-0.97415
-0.745279
0.478365
-0.919631
-0.822468
-0.331923
0.0401919
-0.668939
-0.0524824
0.540689
1.10615
-0.580492
-0.852504
0.0701266
-1.293
0.476447
-0.732482
0.0129901
-0.584538
-0.759142
0.71385
0.725908
0.632722
-0.335687
-0.706112
-0.637533
-0.569137
0.0415532
-0.0703268
-1.11274
-0.965457
-0.133263
-0.324897
0.526945
-1.03266
-0.0205301
-0.278498
0.133359
-0.053666
0.401485
0.100958
-0.51362
-0.457248
1.44832
0.020316
-0.321877
-2.51733
-0.144954
-0.0243132
1.66525
0.310559
-1.74865
-0.548071
-0.338383
0.265841
-1.71696
0.401564
-0.86947
-1.34195
0.18215
-0.476758
-0.937483
-0.365508
0.297827
0.0818144
1.42875
0.171851
-0.790213
-0.197461
0.771339
0.369717
0.530183
0.297967
-0.140611
1.12488
-0.545401
-0.257248
0.0213862
0.616557
-0.955882
0.251995
0.911806
-0.666576
0.115387
0.216195
-0.837164
-0.449711
-0.572685
0.434565
0.475592
-0.490726
0.852569
0.151447
0.236193
-0.0012786
0.526957
-0.176567
-0.497903
-0.468474
-0.346139
-0.373372
-0.616766
-0.661905
-0.764023
-0.518286
-1.19545
-0.50112
0.111076
0.21611
-0.628687
0.162091
-1.01311
-1.91775
0.0693147
0.0715811
0.941513
0.0771464
1.03711
-0.509829
-1.65985
0.0631949
0.42033
-0.275014
-1.13403
0.166214
-0.421681
-0.730482
1.35146
0.863618
0.00542697
0.132685
-0.944535
-0.301326
0.617716
0.524551
0.12039
-0.396041
-0.0670915
-0.14548
1.35702
0.497679
0.990017
-0.252297
-0.360168
0.0907112
1.01432
0.361868
-0.0479909
0.382078
-0.81478
-1.29834
0.376205
-0.701336
0.0644856
-0.622491
0.278478
-0.639498
0.146936
-0.534647
0.154048
-0.628013
-0.7092
-1.08451
-0.256809
-0.141526
-1.75094
-0.292068
0.245414
1.18945
-0.98902
-0.514536
-0.756013
0.476269
-0.653605
0.622579
1.57719
-0.235068
0.194958
0.383056
0.814996
-0.133133
0.892169
0.472377
-0.238991
-0.545299
0.45214
0.106834
0.24678
0.193207
-1.21514
-0.584457
-0.195981
-0.198212
0.771492
-0.080302
-0.142502
0.412737
0.83157
-0.490638
0.108398
-0.275349
0.220846
-0.222507
0.89165
-0.62883
-0.332328
-0.877837
-0.993233
1.12477
-0.269543
-0.640387
0.945458
-0.134832
0.378878
-0.018145
-0.251795
-0.0576769
0.578661
1.09593
1.24523
0.571493
-0.343618
-0.529444
-1.03353
0.169727
-0.770985
0.217117
-1.12458
-0.511747
-0.322242
1.39485
0.178214
0.338451
0.758898
-0.133653
0.751427
0.398909
-1.04754
0.258571
-0.500881
0.41322
-0.371899
-0.307068
0.503517
-0.700085
-1.1001
0.867483
0.397134
1.56804
0.478746
-0.296562
0.485542
-0.0903553
0.315788
0.362352
-0.258705
-0.109088
-0.193864
-0.480266
0.51726
-0.686639
0.105973
0.105555
0.0554031
0.750153
0.245482
-0.112543
0.138427
0.735885
-0.1285
-0.362
0.0317533
0.334507
0.016813
1.46913
-0.857406
0.484234
-0.346653
-0.403015
0.80228
-0.12133
-0.00579719
-0.0474377
0.191311
-0.371506
0.699058
-0.579637
-0.566094
-0.469465
0.219301
1.00912
-0.151748
1.12336
-0.263652
-0.221777
-1.41196
-0.127506
-0.57696
-0.179986
-0.662341
0.461106
-0.290606
-0.217932
0.0837953
-0.92664
-0.775086
0.457533
-0.129574
-0.756119
0.226721
-0.905119
-0.00863078
0.488514
0.720509
0.0215192
-0.53828
-0.860518
-0.411424
-0.912016
-0.629376
-0.264964
0.9421
0.395874
-0.561491
-0.513226
-0.108643
-0.0202822
-0.277845
0.383948
-0.17293
1.28224
0.0827452
0.768639
1.11354
0.174683
0.0681009
0.260312
0.983901
-0.11092
-0.702037
0.786477
-0.934462
-0.00869571
0.193079
0.188297
-0.851649
-0.858734
-0.0464386
-0.272386
1.01482
-1.49375
-0.336352
0.849711
0.0850277
-0.614165
0.46036
0.0747542
-0.233435
-0.190136
0.734075
1.13055
0.585421
-1.04978
0.0588473
1.14831
-0.785475
-0.0901716
1.01854
0.473151
0.48947
-0.0418392
0.0668383
0.524076
0.405071
-1.20276
-0.819106
-0.407619
-0.643537
0.892293
-0.0754514
0.302842
0.348754
-0.0932251
0.0221044
0.897089
-0.529464
0.482851
0.921763
0.0976792
-0.361834
-0.34589
1.18991
-0.423973
-0.0416094
0.499288
0.503492
-0.0696418
0.423694
0.391683
1.02756
-0.467624
-0.0358504
0.371196
0.539379
-0.227817
0.257734
-0.124315
-0.950363
0.659449
-0.24358
-0.315699
0.385009
-0.929648
-0.194156
0.497589
1.17815
-0.805293
-0.685921
0.100347
-0.533912
0.203107
-0.0597238
-0.590567
0.944557
-0.264531
-0.69258
0.525245
-0.526114
-0.00665654
-0.279473
-0.0857643
1.6938
0.296893
-0.575891
-0.044497
0.319036
-0.171483
0.4293
0.0678409
0.532439
-0.31229
0.191207
0.0104056
-0.792695
0.683494
0.593844
-0.328488
1.31859
-0.710218
0.194936
-0.0491022
0.683803
0.26333
-0.380061
0.375606
-0.0214861
0.241138
-0.38356
0.215226
-0.427844
-0.0978425
-0.387689
0.272895
-0.96561
0.388958
0.570155
0.532049
-0.406512
0.190732
1.16939
0.328214
1.17557
-0.225426
-0.118032
-0.0809834
-0.486533
0.777031
-1.32965
0.523829
-0.0527302
-0.182648
1.83249
0.525287
0.754173
-0.767869
-0.379566
0.518598
0.613955
-0.653735
-0.631978
0.0143217
0.516152
0.359655
0.756872
0.0685846
0.535998
0.243267
-0.149401
0.91984
0.203859
-0.29739
-1.71809
-0.109238
1.03482
0.277821
0.477448
-0.778992
0.310532
-0.060114
1.22809
-0.333227
-0.821869
-0.262557
0.0429175
0.0594512
0.87332
0.912419
0.500288
0.533641
-1.12843
0.335224
0.0269023
-0.429691
1.13331
0.642135
-0.944049
-0.948333
-0.945394
0.527045
0.08221
-0.0094153
-1.6657
0.116275
0.393773
-1.22418
-0.214059
-0.393593
0.329072
0.539148
-1.38929
-0.00635977
-0.460338
-1.0536
-0.861089
0.960602
-0.290723
-0.59469
0.423851
0.272673
-0.674909
1.14435
0.245775
-0.120141
-0.385813
0.886775
0.192374
-0.249604
-0.564413
-0.139842
-0.221037
-0.18502
0.880569
0.495095
-0.00400296
0.489343
0.507463
-0.51065
0.786424
-0.623449
0.877463
0.0754184
0.413436
-1.0864
-0.5102
1.18173
0.553288
-0.511126
0.454328
0.0391097
-0.710006
0.0622364
-0.296416
-0.176539
-0.437518
-0.453761
1.11551
1.1807
-0.319969
-0.246344
1.10812
-0.00321699
0.805872
-0.688697
0.564072
-0.13113
0.975338
-0.051219
0.0129439
0.29208
-0.0416913
0.207629
-0.00866212
0.021579
0.324282
0.24954
-0.0932664
-0.725341
-0.238596
-0.46452
-1.12118
-0.127392
-0.206807
-0.177299
-0.180466
-0.451061
0.544203
-0.276511
0.411345
0.568587
-0.706548
-0.13801
0.280023
0.538752
0.889124
-0.497114
1.28742
-0.617071
1.17167
0.297367
0.145415
-1.39984
-0.322405
-0.544446
0.194365
-0.4254
-0.433495
0.18816
-0.410231
0.560685
-0.822348
-0.00980746
0.00202645
0.367968
-0.662278
-0.888365
0.689335
-0.632016
0.464892
0.0859083
-0.996745
0.0666537
-0.829581
-0.19602
-0.494107
1.39488
1.103
0.779052
-0.622509
-0.913587
0.481064
0.710345
-0.0424985
0.365002
0.683401
0.518218
1.30848
0.4234
0.581309
-0.379127
1.74462
0.485129
-0.540345
-0.597111
0.513972
-0.45415
-0.634701
-0.705505
0.340231
-0.866801
0.845588
-0.249798
0.740497
0.282217
-1.34153
0.356725
1.0305
0.175667
-2.04324
0.538968
0.976927
0.367192
0.821873
-0.963144
-0.602911
-0.866624
-0.920013
0.352611
0.901101
-0.137588
-0.470897
-0.534671
0.460035
-0.849748
0.250197
-0.647004
-0.0243904
-0.0277895
0.402296
0.227662
0.180085
-0.24553
-0.35323
-0.231932
0.748628
0.13425
0.116766
0.254922
0.0876824
0.276071
-0.0270396
-0.205905
-0.723118
0.00863531
-0.140182
0.391639
1.05985
0.596174
-0.0953549
-0.128051
0.45588
0.429104
-0.0436918
0.305028
-0.144528
-1.2396
-0.0790225
0.518797
-0.0383449
-0.0143002
0.503008
-0.250593
0.711303
-0.484353
0.112595
0.530978
0.0263408
-0.153972
-0.408466
0.330023
-0.95145
0.716973
0.207033
-0.54457
1.09072
0.0354035
1.06253
-0.369116
0.380871
-0.376094
1.51673
0.492599
-0.491624
0.135444
-0.757041
0.418838
0.305699
-2.21758
0.792844
-0.138515
0.236009
0.653132
-0.115715
0.432133
0.0641104
-0.476727
-1.53715
0.188924
-0.900668
0.680817
0.572101
1.87847
-0.474966
0.52863
0.637991
0.798648
1.27451
0.422789
0.648797
-0.649513
-0.271512
-0.410665
-0.300415
0.203902
-0.0919267
0.496205
-0.35413
0.932926
1.08119
-1.10586
-0.568605
-0.187505
0.407376
-0.0564568
-0.25004
-0.694439
-0.0181475
0.476649
-0.00743268
0.0751678
0.327514
0.36551
0.276282
-0.228792
-0.569935
-0.244071
-1.31514
0.364979
0.501477
0.978425
-0.470426
-0.47579
-0.959878
0.399493
-0.24032
-1.19892
-0.452437
-0.476801
1.32478
0.329726
0.528293
0.704249
-0.303223
-0.0374336
1.26566
-0.334114
0.933663
-1.05365
-0.838224
-0.0235674
-0.100042
-0.542679
0.0531083
0.692589
-0.15524
-1.23346
-0.0330961
1.90141
-0.14605
-0.961793
-0.573017
-0.265017
-0.415252
0.801692
0.440094
0.0651583
0.39043
0.527108
1.17727
0.0831185
0.278464
-0.065619
1.47988
0.285728
1.96428
-0.0978693
-0.154325
0.905794
-0.567283
-0.026678
0.463707
-0.383864
-0.698894
-0.76409
-0.488345
0.0226011
-0.35387
-0.0287931
-0.515844
0.365198
2.09792
-0.118265
-0.670749
-1.00672
-0.841437
0.318337
-0.970307
-0.163134
-0.076511
0.210557
0.140855
-0.29734
-1.24038
0.146177
-0.623027
0.169435
0.352351
0.112762
0.350962
0.314957
-0.227135
-0.0825921
-1.25056
0.682648
0.851711
-0.293528
-0.664633
0.620643
-0.0361722
0.217031
-1.18313
0.671694
-1.34178
-0.398136
0.753265
-0.241342
0.166184
-1.16537
0.557198
0.152804
0.75712
0.22959
0.510589
0.520247
-1.36426
-0.0591425
-0.0480456
-0.286982
-1.43224
-0.363869
0.366925
-0.134211
-0.459286
0.0271712
0.687401
-0.23564
0.449644
0.261303
0.00555619
-1.06719
0.80735
-0.00638871
-0.330118
1.18968
-0.0100258
0.152275
-0.533832
-0.0833171
0.267282
-1.01743
-0.218352
0.446426
-1.23775
-0.716339
-1.06963
-0.189022
0.561835
0.285368
-0.0389824
-0.618426
0.0729172
-0.852154
1.1877
-0.304961
-1.28908
-0.0988059
-0.438531
0.0218216
-0.00160584
0.00878853
-0.588553
-0.68249
-0.266023
0.545673
0.54779
0.186607
-0.721418
0.301846
-0.175197
0.716886
-0.350738
1.0755
-0.0316392
0.0910667
-0.454149
0.548267
-0.666244
-0.477237
-0.457172
-0.701718
0.0938424
0.728704
0.229521
0.399805
-0.975526
-0.633054
-0.559987
-0.895884
0.919107
0.0372111
-0.443993
-0.492193
-0.359219
0.688779
0.494052
-0.208457
1.23483
1.13936
1.11641
-0.060468
0.315545
0.126444
-0.90421
1.23775
0.922987
0.919694
-0.892019
0.489379
0.0871454
-0.227147
0.0839373
-0.305653
1.2568
0.347348
-0.193905
0.249765
-0.0810763
-0.137169
-0.12673
0.232274
-0.410246
-1.0026
-0.433395
-0.816676
-0.584296
0.314938
0.0637107
1.00543
-0.0506413
0.824615
-0.531304
0.0862727
1.14733
0.820373
0.274253
-1.48813
-0.399715
0.976194
0.927451
-0.458625
-0.0966238
-0.381831
-0.0145645
-0.29174
0.367389
0.567312
0.445022
-0.990016
-0.740443
0.580233
-0.428039
-0.222399
-0.368384
-0.370547
0.536438
-0.786257
0.397311
0.288332
1.0266
-0.586527
-0.245381
-0.202922
1.03639
0.28777
-0.380761
0.340142
0.238329
0.157483
-0.639468
0.146768
-0.148919
0.230565
0.438022
-0.357623
-0.345134
0.610675
0.0874114
0.0623743
-0.231099
-0.774569
1.28989
-0.633172
-0.987533
-0.209923
0.676472
-0.0275771
-0.335563
0.52998
0.226323
-1.63755
0.802783
-0.520282
-0.253546
0.214055
-0.354149
0.902904
-1.09058
-0.82287
1.02705
-0.236903
0.181796
-0.0956856
0.922204
0.106203
0.113447
0.157451
-0.271026
-0.152871
0.0593999
-0.0980888
-0.46674
0.267171
0.991439
0.373312
0.258762
0.141995
0.827628
-0.0200253
1.20436
0.24668
-1.52374
0.742266
-0.0364087
-0.0518213
0.244732
0.280698
0.117017
-0.454172
-0.116412
0.176814
0.519448
0.489533
-0.547919
0.239972
-0.180204
0.291968
-0.231708
0.282845
-0.23738
-1.58087
-0.676482
-0.458029
-0.688976
0.439352
-0.2041
-0.0454903
-1.28582
0.0583796
-0.197096
-0.90925
1.10495
-1.17845
-0.875879
-0.628604
-0.420111
0.438596
-0.589153
0.480061
-0.736752
-0.0265192
0.760914
0.0368417
-0.864101
-0.873897
0.0777636
0.617062
0.901435
0.473592
0.97998
1.65303
0.595537
-0.801219
-0.656234
-1.63325
0.413728
0.0228158
0.00297069
1.56754
0.459042
0.593426
0.82499
-1.03865
-1.34854
-0.394177
-1.27921
-0.453254
0.292033
1.38097
-0.345712
-0.412545
-0.926836
0.967121
-0.107413
-0.335636
-0.671305
-0.213131
-0.426609
0.755728
-0.944931
-0.136598
0.252193
0.239526
1.26464
0.0503029
-0.108353
-1.23672
1.29526
-0.497305
-0.242136
0.704683
-0.0107261
0.631426
0.443423
-0.153673
0.265571
-0.511785
-0.260756
-0.308385
-0.272424
-0.559059
-0.273415
0.54506
0.171823
1.08754
-1.43526
-0.560867
-0.449585
-0.341426
0.0408296
0.486004
0.248036
-0.162191
-0.303742
0.874183
-1.77619
-0.237418
-0.197783
-0.0544687
-0.356132
0.506901
-0.755183
1.24161
0.115267
0.263248
-0.915344
0.551464
-0.220525
0.284555
-0.293174
0.0830326
-0.159723
-0.297149
-0.180088
-0.938306
0.157859
-0.319135
0.749076
-0.47143
0.376317
0.377984
-0.727703
-0.54306
-1.09308
0.306309
0.580747
-0.7044
0.788934
-0.319659
-0.531404
-1.0391
-0.697265
0.372409
-0.163866
0.362331
0.183645
0.80237
-0.157523
-0.523024
-0.769043
-0.556776
0.206633
-0.277831
0.213077
0.522803
-0.259462
-0.203163
-0.902226
-0.256897
-0.0862313
-0.750683
-0.00492691
-0.0591823
0.268764
-0.205014
-0.357439
0.290587
0.967448
0.418424
1.55018
0.207934
0.149067
-0.21263
0.341451
1.47715
0.249807
0.0534367
-0.29252
-0.63092
0.358446
-1.01069
-0.730163
-1.09407
-0.9305
-0.230243
0.223792
0.0101202
0.313365
-0.037289
0.156347
0.393859
0.00188282
-0.0664467
0.00333947
-0.115248
-0.346117
-0.614313
-0.289234
-0.884603
-0.26544
0.0167771
-0.368371
-1.11164
-0.409347
0.656841
-0.621334
0.0135626
0.766858
-0.133346
0.149546
0.410449
-0.0675392
-0.306582
0.487665
0.774731
-1.89553
-0.199292
-0.399848
-0.356068
0.280821
0.0289695
0.907009
0.101372
0.0894405
-0.591016
1.1668
0.250036
0.619873
-0.622682
0.37138
-0.54475
-0.854598
-0.602225
0.453688
0.60752
-0.465276
0.666427
0.644703
-0.708664
-0.356816
0.539316
1.09156
-0.0549634
-0.744522
-0.771013
-0.226808
-0.307312
-0.634235
-0.487527
0.0265232
1.45468
-0.0382606
0.22928
-0.161758
0.187255
-0.259541
0.595088
0.228418
-1.03659
0.803102
0.467232
-0.278166
-0.334651
-0.138721
0.614755
0.900181
-1.10386
0.180942
0.0652844
1.28948
-0.917945
0.762864
0.590072
0.623922
0.383494
0.0356677
0.357389
-0.388235
0.355233
-0.443148
-0.178852
-0.0152514
0.232154
0.295778
-0.71081
-0.270024
0.71742
-0.594641
1.07461
-0.213719
0.099492
-0.0234609
0.728788
-0.368006
1.05701
-0.659551
-0.716974
-0.159975
-1.2407
-0.217034
0.0984222
0.358402
-0.0560756
-0.177107
-0.88035
-0.54833
-0.0633295
-0.646174
0.40865
0.0107126
-0.221505
-1.92139
0.691382
1.06106
1.24669
-0.305467
0.474057
-0.300282
0.377507
0.351775
-0.00343282
0.286538
-1.19672
0.9589
-0.581161
0.386572
-0.319761
-0.155656
0.491076
0.0886838
1.56841
-0.4018
-0.265784
0.0701844
-0.479209
-0.134199
-1.01562
-0.811998
-0.749485
0.137015
-0.892233
1.15141
0.171245
-0.406705
0.0293267
-0.0735976
-0.156693
-1.74104
-1.0786
0.423782
-0.153095
-1.09362
1.35898
0.701937
0.578393
0.933146
-0.107996
-0.290919
-1.40616
0.668312
-0.256988
-0.823366
-0.631992
1.07227
1.17413
-0.108663
-0.156508
-0.244409
0.410866
0.571963
0.337041
-0.246701
-0.0104086
0.725243
-0.0766714
0.471645
-0.0852345
-0.0361117
0.440101
-1.76013
0.312015
1.00111
-1.19502
-0.49764
-1.11265
-0.0437292
0.0570179
-0.181996
0.0360867
0.0186893
0.760444
-0.411161
0.931627
-1.46619
-0.34829
-0.171755
-0.205749
0.144801
-0.667829
-0.0180599
0.328296
0.737195
0.0436319
-0.114803
-1.38932
1.55749
-0.934233
-0.0646678
0.335195
-0.436408
-0.0286868
0.40393
0.0109092
-0.402914
0.949691
0.470304
0.152492
0.212039
1.25784
0.62466
0.634287
-0.287702
0.145129
-0.853861
0.809098
0.199348
0.146709
-0.306719
-0.285751
0.0202916
0.343906
-0.722362
-0.695362
-0.181055
0.717313
-1.44902
-0.269213
1.62591
-0.298776
-0.201161
-0.381229
0.243485
0.0570989
0.745998
0.435304
0.168147
-0.0741841
1.42302
-0.442506
0.272625
-0.524695
-0.244651
-0.144624
0.41907
0.472516
0.096676
0.185326
0.33507
-0.0460457
-0.535898
1.55992
0.462472
0.824974
0.762015
-0.913061
0.299997
-0.00663585
-0.135087
-0.454047
1.35067
1.13772
0.995763
-0.0798912
-0.432894
0.189406
0.327885
-0.708439
0.486766
-0.507121
0.431491
0.245816
-0.311465
-0.639317
0.0499314
-0.371682
-0.0605591
-0.152888
0.0466925
-0.403295
-0.370838
-0.117276
0.591826
0.298036
1.14686
-0.423784
0.752184
-0.75449
-0.601055
-0.239546
0.909996
-0.546647
0.384572
0.66782
-0.265379
-0.679375
-0.897212
-0.868491
0.450462
0.429977
-1.20535
-0.0691963
1.12887
0.159086
0.0247243
-0.632744
1.25185
-0.216354
0.477314
-0.394339
0.16629
0.719438
0.996512
0.389409
-0.148137
0.181425
0.0413238
0.920363
0.786848
-0.980287
-0.305859
-0.344608
0.649242
-0.909521
0.346856
-0.0985584
0.525784
1.09038
0.40512
-0.96873
0.613271
1.04606
0.105337
0.299751
-0.0118769
-1.80883
-0.749049
-1.28671
0.495742
0.188682
0.939426
-0.474455
-0.843944
-0.468101
-0.158014
0.0612164
1.63756
-0.0625079
-0.450468
0.123756
0.68229
0.46447
0.423099
-0.910084
-1.06231
-0.257781
-0.109872
-0.814494
0.600698
0.246966
-1.3935
0.0498191
0.265922
-0.0770281
-0.618327
0.448472
-0.157853
-0.560017
-1.82901
0.656327
-0.174232
0.250832
-1.88068
-0.168514
0.252803
-1.29528
-0.530963
-0.0996465
0.533563
-0.637595
0.228539
-0.466564
0.0113402
-0.617935
0.445957
-0.780878
-0.953336
-0.100566
1.38593
-0.079452
1.40193
-0.0456028
-0.257159
0.0404642
0.943541
-0.496737
-0.473771
-0.602588
-0.760413
-0.147478
-1.06744
0.501012
-0.358636
-0.0341534
0.42106
-0.582315
0.441687
-0.687455
-0.0226636
0.0105162
1.08423
0.132775
0.196306
0.490675
-0.336257
-0.428143
-0.693924
-1.21292
0.602296
1.39975
0.111282
0.282573
1.59342
0.371173
-0.255367
-0.146392
-0.307533
0.322338
1.1087
0.705695
0.267266
-0.388949
0.206706
0.0600194
0.347647
0.192052
0.0932135
0.558713
-0.447151
0.857152
0.0916484
0.522303
0.460969
0.276589
0.928404
0.279976
0.567218
0.263705
0.207331
0.787354
-0.0897496
-0.0110754
-0.559931
-0.213436
0.634057
0.517984
-0.0630368
0.189891
0.30813
-0.480646
-1.12069
-1.11931
-0.918335
0.502495
0.0536822
-0.540417
-0.498796
0.880809
0.236606
-0.0770904
0.515427
0.645983
0.0637244
-0.399593
0.374098
0.0419009
0.612869
-0.984522
0.319915
0.483133
0.419105
-1.74048
-0.752714
1.48207
0.778297
-0.742403
0.542631
1.17777
0.839583
-0.722646
-0.806139
1.45891
0.171795
0.171987
-0.391008
0.498901
0.120502
-1.14337
-0.505122
0.282884
-0.232211
0.524377
-0.46435
-0.160903
0.632116
0.025469
0.854878
0.26573
-0.520219
-1.76739
-0.258627
-1.38954
0.137697
0.140261
-0.721345
0.0459339
-0.435032
-0.0817232
0.324368
0.105243
0.335218
0.867658
0.358806
-1.08188
-0.0555233
0.641181
0.598128
-0.563785
-0.0139826
0.210775
-0.254383
0.0116103
-0.20126
0.429473
-0.931201
-1.0752
0.955202
0.141637
0.367852
-0.791408
-0.295308
0.798501
-0.50919
0.111274
1.82821
-0.181794
-0.21939
1.04531
-0.293865
-0.0138731
-0.257889
0.431887
-0.434721
0.0690144
0.261217
0.433168
0.248086
-0.104352
0.389902
1.74847
0.204816
0.063509
-0.0164061
-0.791932
0.478924
0.0148502
-0.21681
0.247331
-0.11289
-0.311753
-0.255543
-0.24353
-0.469458
-0.250299
-0.187332
0.911718
-0.588278
-0.919627
0.171362
0.0269344
-0.0662207
-0.920103
0.205763
-0.25264
0.130595
0.325139
-0.390536
0.0600029
-0.320026
-0.384556
-0.397824
-0.798811
0.514008
0.596871
0.643626
-1.27929
0.0140136
-0.0565127
-0.74852
-0.539293
-0.307246
-0.557988
-0.0411611
-0.474246
-1.01208
-0.78893
0.0524886
0.0543769
0.900395
0.543784
0.263959
-0.528363
-0.219658
0.500893
-0.287636
1.06146
0.115701
0.0626778
-0.332228
-0.522244
-0.322165
0.344243
0.13182
0.469449
-0.5406
-0.744021
-0.302629
-0.275713
0.0251118
0.406953
0.188162
0.365461
-0.96261
-0.159637
0.241642
-0.0962578
-0.268516
-0.71655
-0.307778
-0.0577688
0.562597
0.293921
0.396284
1.37725
0.317443
0.431846
0.455321
0.208515
0.296042
-0.428705
0.170649
-0.00507778
0.437295
0.810117
-1.14969
-0.327506
0.312281
-0.86006
0.265036
-0.00146686
1.50504
-0.132904
0.728453
1.05479
0.10425
-1.37224
0.0325421
0.156827
-0.492779
-0.53598
0.441703
1.35625
-0.532546
0.537805
0.744194
-0.904111
0.72525
0.260046
-0.500122
0.439433
0.624573
-0.506063
0.111102
0.833047
-0.646243
-0.0779329
1.16699
0.321249
0.9884
1.25822
0.578774
-0.956446
0.902171
-1.62064
-0.608234
-0.389251
0.0927425
-0.0452478
0.456445
0.47066
0.392082
0.0898269
0.0671734
-1.06297
0.497158
-1.01193
0.128448
1.04153
0.735527
-0.234231
-0.549224
-0.323414
-1.61501
-0.636719
-0.422724
0.829304
-0.431103
0.384789
-0.178162
0.760201
-1.17721
-0.70903
0.186337
-0.191947
0.568598
-2.07693
-0.113176
0.0589254
0.544437
-0.23516
0.697321
-0.777869
-1.05074
-1.01827
0.489334
-0.732939
-0.524097
-0.293023
-1.49839
0.0257666
-1.32118
-0.235921
0.396954
0.426665
0.23453
-0.171165
-0.0236868
-1.07981
1.38576
-0.502005
1.01054
-0.838993
0.666287
0.336305
-0.439377
0.0217123
0.0286765
-0.155252
0.059215
0.548536
0.0490958
-0.885294
0.145635
-0.0974046
0.0593948
-0.0315165
0.845115
-0.71504
0.313371
0.632629
-0.963685
0.300217
0.478617
-0.549283
0.732799
0.872515
0.0025338
-0.828785
-1.14156
-0.861084
0.421913
-0.937583
-0.876438
-0.290511
0.143175
0.188783
-0.518497
-0.279875
-1.06707
0.0549882
0.858606
-0.302688
-0.450987
-0.698269
0.410492
1.10492
-0.675635
0.504198
0.21842
0.515601
-0.807173
-0.283117
-1.62565
-0.178219
-0.269728
1.23897
0.00445238
-0.123133
0.163725
-0.215707
-0.784791
-0.334031
-0.2211
-0.470333
-0.0156853
0.817694
-0.111043
1.18206
-0.902613
-1.40837
-0.177665
-0.145441
-0.8243
0.486206
0.431882
1.03515
0.632638
-0.915285
-0.255257
-0.589312
0.637602
0.241374
0.805973
1.35321
-0.214751
-0.272589
0.0880525
-1.0238
0.263654
-0.698267
-0.326222
-0.168665
-1.15131
0.146356
0.172998
-0.962152
-0.554647
0.3793
-0.382462
0.0139138
-0.368409
-0.671393
1.17727
-0.831756
-0.223209
-0.329681
-0.301828
-1.00702
-0.882507
1.19198
0.664548
0.279346
-0.281465
-0.709412
-0.000935666
1.13579
0.762667
-1.17718
0.440965
0.45752
-0.683986
0.429571
-0.49635
1.07291
-0.0240801
-0.342913
-0.181896
-0.799779
0.846993
-0.441107
-0.727048
0.590736
0.644861
-0.852228
-0.48895
-1.3413
0.427567
1.51857
0.286139
0.155529
-0.52007
0.334459
-0.0354957
0.881791
-0.126509
-0.0365436
-0.395121
-1.21849
-0.888639
-1.15239
-0.48545
0.251574
-0.652826
0.288798
-0.327463
-0.170453
0.235484
0.371576
0.944779
0.163009
-0.100147
-1.07295
0.558846
1.66102
-0.186677
0.370964
0.0760508
-0.294503
0.965879
-0.0857116
0.150497
1.14327
-0.736958
0.220271
0.973226
-0.187863
-0.106946
-0.558608
-0.54651
0.866685
0.0262501
-1.06954
1.7053
-0.249061
0.145011
-0.491814
0.0582781
-0.134585
-0.408286
-0.879184
0.614082
-0.315517
-0.937701
-0.617886
0.375198
0.544635
-0.663074
0.278707
-0.113562
0.0154867
-0.960924
0.236517
0.418663
-0.468892
0.143883
0.376167
-0.396791
-0.483843
0.106339
0.782539
-0.00812309
0.0024329
0.419881
-0.727222
0.0598268
-0.00171314
1.07581
0.654878
-0.528286
1.42113
0.344246
-0.382988
0.572975
0.540319
-0.669448
-0.161397
-0.751103
-0.323547
-0.168313
0.926627
-1.00313
-0.132137
-1.00083
-0.637497
0.191586
0.578622
0.492931
-0.272075
-0.663113
0.242641
0.113316
0.332597
1.12798
-0.0170342
-0.219766
-0.372799
-0.409329
0.089593
0.980266
-0.702788
0.363294
0.719536
0.506299
-0.735695
0.918009
-0.0456485
0.388264
0.7202
0.0646979
-0.264018
-0.382352
0.620557
0.231654
0.388989
-0.22094
-0.12277
0.167759
0.4463
1.06375
-0.615055
-0.650373
1.1829
0.0509454
-0.19848
0.948497
0.52073
0.0819056
-0.151419
0.189495
-0.121141
-0.338589
-0.0432506
0.195452
-0.216755
0.531181
0.432199
-0.375774
-0.834237
0.671572
0.560179
-0.227166
-0.819244
0.512289
1.17552
-0.434015
0.901851
-0.417754
0.167993
0.487368
0.980157
-0.215782
0.396628
-0.698382
-0.618905
-0.17035
0.41301
-0.277704
0.0693422
0.761641
0.461209
0.0419818
-0.556001
0.77318
0.247523
-1.02176
0.119422
0.975059
-0.381048
0.0157423
-1.2303
0.562555
-0.520812
1.24671
-0.757481
0.457259
-0.671877
0.10544
-0.844822
-0.190129
-0.873576
0.0948822
0.760353
-0.00169185
-0.735376
0.154374
0.496852
-0.549232
1.08733
0.970467
-0.135307
-0.256203
-0.501882
0.196948
1.27431
0.540244
0.762453
0.314027
-0.901923
-1.12121
-0.577029
-0.601973
-1.35654
0.183604
-0.780855
-1.24191
0.109819
0.646763
0.772407
0.460736
-0.653766
0.647946
-0.0357629
-0.635792
-0.236938
0.680023
-0.157777
-0.136534
-0.602693
0.629982
-0.792265
-0.408452
1.40495
-0.00385817
-0.226625
0.181737
-0.645731
0.104425
-0.247582
-0.0221622
1.02734
0.0345903
0.868957
0.539476
0.798391
0.655662
-0.940618
-0.893271
0.1107
0.379589
-0.732309
0.49602
-0.0708389
0.664769
-0.757039
1.6245
1.01086
1.32098
1.45355
-0.714807
-0.610279
-0.260852
0.404338
-0.624505
0.498707
-0.779101
0.14097
0.375653
0.0770856
-0.450179
0.506355
0.0879313
0.466556
-0.120267
-0.519685
-0.606082
0.0311147
-1.01704
0.68155
0.455402
0.150188
-0.553337
1.18875
0.0400359
0.393695
0.206886
1.46084
1.35465
0.346498
1.03088
1.39529
-0.107233
0.0274374
-1.49977
-0.200268
0.351239
0.462786
1.12969
0.0975944
1.31375
-0.168718
-0.506271
0.165375
0.467818
0.222296
-0.205817
0.23989
0.0872807
-0.438938
-0.440561
1.2973
-0.645875
0.0225171
0.042696
-0.581211
-0.281556
-0.570308
0.546657
-0.671594
0.0701032
-0.211124
-0.184946
0.32956
-0.306926
0.197868
-0.260083
0.261367
-0.0793703
0.504249
-0.152875
1.90576
0.737939
-0.502151
-0.0664361
1.36287
0.107464
-0.735997
-0.00873619
-0.194705
0.0461041
-0.0347426
-1.13559
0.677076
-0.847821
-0.735719
0.500784
1.17997
-0.562541
0.722812
-0.998893
-1.53124
-0.522553
0.682723
0.699691
0.359221
-0.40742
0.528766
0.475389
-0.438682
0.175058
0.390432
0.446713
0.447487
0.239368
0.785491
0.0442803
0.163015
-0.624796
0.0397835
0.39738
1.08782
1.35642
0.142697
0.647993
0.193293
-0.743942
-0.430392
-0.145863
-0.829708
0.0202982
-0.25086
-0.22824
-0.146767
-0.130202
-0.807881
0.330507
-0.748212
-0.164553
-0.140894
-0.329437
0.846406
-0.200005
0.549614
0.279307
-0.701921
-0.479303
0.241014
0.869053
0.269249
-0.0797434
0.226132
1.08522
-0.450141
-0.217412
-0.899715
0.369456
0.0484529
-1.13804
-0.534143
-1.11324
-0.550329
-0.379707
0.117478
-1.21263
-0.538601
-0.117517
0.725497
-1.12833
-0.592305
0.740961
0.197249
-0.00599916
0.381522
0.502761
1.08359
-0.816789
0.962426
0.18756
-0.581969
0.16193
-0.304692
-0.00624808
-1.01092
-0.0392758
-0.226039
0.917053
-0.00159164
0.311992
-0.696621
-0.0592692
0.408099
-0.521908
0.304293
0.325734
0.417391
0.899375
0.197956
0.245113
0.611493
-0.594523
0.32024
-0.724832
0.476277
0.334347
-0.610674
1.16546
0.0184394
-0.463914
0.405564
-0.265442
-0.278254
-0.191962
0.500425
-0.41833
-0.1277
0.780897
-0.872319
0.313808
-0.504288
-0.877828
-0.36134
0.42155
0.0693517
-0.0169024
-0.834942
0.162154
-0.281234
0.593834
-0.370728
0.100143
-0.303092
-1.57224
1.1972
-0.572006
-0.2686
0.212528
-0.808118
1.17046
0.311763
0.770452
0.75047
-0.333072
0.00818398
0.419585
-0.211053
1.09766
-1.63622
0.309707
1.00086
-0.932565
0.868376
0.292023
0.86307
0.38851
-0.593734
-1.52829
-0.263734
-0.765552
0.838429
-0.543091
0.76659
0.499429
0.102234
-0.300268
0.262395
1.40017
0.389931
1.17006
-0.316977
-0.981547
-0.148073
-0.745776
-1.7138
0.877887
0.0426083
0.135343
0.138285
-0.409387
-0.876324
-0.22351
0.386717
-0.688343
0.0191231
-0.134413
0.43625
1.03235
-0.429413
-0.499906
0.377795
0.459248
-0.226489
0.855995
0.171061
0.496648
0.316913
0.206356
-0.502644
0.100646
0.0754879
0.589951
-0.844704
0.407644
1.28835
0.477923
0.31329
0.4223
-0.0103295
-0.277094
-0.557072
0.410113
0.402817
0.257996
-0.259588
0.398031
0.13876
0.0535686
-0.223835
-0.467039
0.661817
0.0448071
0.468188
0.016516
-0.378108
1.04466
-0.346848
-0.184893
0.191624
-0.59651
1.21716
0.173082
0.095309
0.2868
-1.73445
1.15724
0.611514
-0.223522
-0.46859
-0.432172
-0.801286
-0.360095
-0.354457
0.152253
-0.52678
0.687393
-0.373575
-0.970904
0.490242
-0.174384
-0.465269
0.550922
0.522371
0.213316
1.12307
0.653561
-0.125269
-0.536091
0.0182126
-0.347161
-0.257349
-0.0662851
0.776535
-0.603472
-1.1636
0.925149
-0.716962
0.0994662
0.451578
0.397464
-0.307737
0.108286
-0.12604
0.862561
0.155359
1.11916
0.63265
-0.367456
0.471836
-0.407751
-0.424877
0.256467
0.387657
0.221729
-0.517434
0.0685548
-0.841794
-0.337182
-0.908494
0.684777
0.160249
0.218159
-1.11165
0.348903
0.056617
0.383138
-0.299273
0.957716
-0.912314
-0.134753
0.414625
0.495121
0.350923
-0.289273
0.274116
-0.333002
0.50369
-0.353172
0.627515
1.06376
-1.06594
-1.04935
0.0907797
0.0141051
-0.213867
0.0381041
0.590868
0.891711
-0.360885
0.156951
-1.2996
0.116818
0.0540429
0.239591
-1.62033
0.12125
0.130124
0.677662
-0.537119
-0.684174
0.72353
-0.531496
0.5999
0.106312
0.0900841
0.159785
0.448557
-0.311605
-0.305857
-0.084617
0.504463
-0.192151
-1.03191
0.180639
0.188898
0.151872
0.445101
-0.538531
0.421122
-0.380575
-0.44719
-0.0931635
-0.931981
1.72103
0.672147
-0.631117
-0.47777
1.05719
-0.365168
0.270148
-0.645532
-0.0978301
0.468809
-0.166526
0.527817
-0.294998
0.339813
0.358672
-1.11151
-0.496648
-0.92972
-0.572455
-0.393941
0.135677
0.337618
-0.550118
1.0517
0.156561
-0.163401
1.41599
-0.563439
-2.15493
0.264975
-0.502666
-0.0309211
-0.329727
0.702396
-0.465024
0.241174
0.335426
0.430062
1.14282
-0.276449
0.520827
0.351041
-0.360553
-0.257965
-0.0731235
0.406726
1.08239
0.252633
-1.12379
-0.352503
0.0991725
0.403425
0.184226
1.33972
0.45726
-0.57573
0.0995568
-0.649592
-1.0629
-0.227354
-0.486499
0.121254
-0.697758
-0.151313
0.541988
-0.0618846
-1.54784
-1.17273
-0.10703
0.696253
-0.923942
0.774663
-0.159154
-0.72764
0.938757
0.890206
-0.554034
0.146349
-0.531437
0.740407
-0.155335
-0.515384
0.255155
-0.069778
-0.132592
0.274395
0.356397
-0.507112
-0.690407
1.10081
0.0639961
-1.15136
-0.23417
0.255239
-0.380724
0.213422
-1.00178
-0.515848
1.1345
-0.97834
-0.383527
0.325558
-0.317542
-1.33348
0.605607
2.21486
-0.122242
0.982462
-0.262739
-1.54845
1.29313
-0.200143
0.843096
-0.0544043
-0.00600694
0.050955
-0.0968886
-0.128129
-0.788511
0.0639919
1.64905
-0.295393
0.744388
-0.415646
1.66702
0.00522998
-1.07901
-0.0880346
-0.0476242
-0.0984498
-0.70793
0.285928
-0.465903
-0.0964613
1.21354
1.76935
-0.983199
0.319775
-0.253133
1.14457
0.835172
-0.60811
0.522262
0.0297645
-0.420726
0.0897569
-0.102041
-0.372235
1.10374
-0.35632
-1.16001
-0.284798
-0.628043
0.168077
0.253694
1.20875
0.475397
0.568616
-0.215415
0.170481
-0.188611
0.181594
0.0635285
0.406632
0.796733
-0.670337
0.0375634
0.324756
-0.315528
-0.920201
1.5582
0.797132
-0.184319
-0.832571
0.919516
-0.234035
-0.279969
0.578482
-0.109791
-1.04779
0.100253
0.335412
0.288686
-0.216015
-1.30141
0.40122
-0.157608
0.694314
-0.620796
-0.528145
-0.280064
0.0952615
-0.0485147
-0.0822638
0.396184
-0.0890118
-1.32044
0.174891
0.0329571
0.0426571
-0.353356
-0.674012
0.0891512
-0.992464
-0.51203
-0.809817
-0.79073
-0.01032
0.87648
-0.374024
-1.37619
-1.46566
-0.201879
-0.570182
0.710524
-0.209307
0.776227
0.728497
-0.517757
-0.131311
0.887472
0.648967
0.107376
-0.749229
-0.00408391
-0.144515
0.442728
0.117032
-0.770228
-0.286703
-0.314868
-0.521209
-0.704444
-0.796446
-0.0639711
0.0421533
0.884402
0.775868
0.817245
-0.934359
0.168002
-0.0946333
-0.611588
-0.867292
0.0825002
0.799285
0.162583
-0.297264
-0.467694
0.903647
1.09756
0.369233
-0.255865
0.738881
1.18864
0.460647
0.615231
-0.604673
0.246973
-1.4959
-0.0570091
-0.858351
-0.0700609
0.82048
-0.767981
-0.534217
0.157618
0.204585
1.63095
1.37446
-0.622799
1.09987
0.453213
0.608667
-0.8396
-1.29964
-1.01011
-0.552278
0.650667
0.977044
-0.644524
-0.924223
0.420931
0.161843
-0.268353
-0.738577
-0.0747528
-0.655648
-0.427376
0.130063
0.397904
0.407991
-0.136859
-0.0940885
0.173526
-0.644552
0.187233
-0.680449
-0.293619
0.30548
-0.145223
0.406998
-0.0500475
-0.184798
-0.243998
-0.66953
-0.341326
-0.659203
-0.289553
0.31721
0.827029
0.354627
0.417009
1.34315
-0.393248
-0.375723
0.68673
-0.466046
0.475765
0.26
-1.33953
-0.436341
-0.250192
-0.178113
-0.235274
-0.703507
-0.16385
-0.711728
0.91387
0.321753
-0.342355
-0.196307
-0.492009
-1.32599
-0.618658
0.448575
-1.39157
-0.396138
-0.951659
0.475054
0.424174
0.348341
1.01312
-0.184096
-0.252157
0.432126
-0.194395
0.293167
0.753791
-0.623811
0.676718
0.0534642
1.0881
-0.40991
-0.189904
0.598297
0.0336606
-0.574366
-0.187645
-0.0768661
0.0970751
0.105326
0.392897
-0.0204075
-0.0151867
-0.186095
1.02058
-0.797606
0.264644
0.409619
0.973805
-0.800578
0.315596
-0.148989
-1.1744
0.617192
0.0663413
-0.299916
-0.648584
-0.662531
-0.43851
0.506795
0.468409
1.17833
0.41797
-0.262165
0.958561
-0.758269
0.0409344
-0.0622747
0.581079
-0.540782
0.0607503
1.11663
0.163814
-1.42382
-0.433589
0.369776
-0.0224318
0.131232
0.54393
0.994853
0.422733
0.0189536
1.40154
0.148188
0.332907
1.29897
-0.41609
0.431481
-0.884492
0.119276
-0.0179644
0.838157
0.221072
0.536407
0.476857
-1.1306
-0.751414
0.383274
-0.65625
-0.465204
-0.479707
0.865907
0.174331
-0.279761
0.537414
-0.384708
0.634833
0.341036
0.159767
-0.610735
-0.240289
-1.06399
-0.661778
0.00652425
-1.96079
-0.43731
-0.606711
-0.242489
-1.06962
-0.470402
-0.309402
-0.117781
-1.81828
-0.514907
-0.33713
-0.479432
-1.15695
-0.110195
-0.458828
0.191046
0.848162
1.20681
0.171562
-0.428591
1.24877
-0.800852
0.127299
0.217394
-1.04958
-0.121607
-0.0463723
-0.414936
-0.0784823
0.0290772
0.340203
-0.00503799
0.889151
0.478002
-0.402014
0.225182
-0.39195
0.0805866
0.0161053
-0.0993679
0.132743
0.772284
-0.00874042
0.310949
-0.708998
-0.904686
-0.143205
-0.736653
-0.210637
0.616713
1.48065
0.0302609
-0.48197
0.496239
-0.402877
-0.423102
-0.790029
0.130585
0.0260612
-0.292668
-0.499431
0.503869
0.780989
0.805529
-0.291018
0.59945
0.0881449
-0.56307
-1.25745
0.0590113
0.483589
-0.640308
0.779208
-0.821203
0.299271
0.600742
-0.677945
0.446177
0.213935
1.76264
0.159192
-0.525652
0.797091
1.13998
1.26118
-1.25867
-0.51902
-0.186136
-1.88405
1.44416
0.678697
0.440745
-0.576927
-0.273335
0.111793
-0.295152
1.12677
1.21346
-1.05044
0.644355
-0.785954
-0.935337
0.332605
-0.520048
-0.476855
-0.290942
-0.985278
-0.66216
-0.0775257
0.297792
0.143485
0.557249
0.911155
0.448072
0.59087
0.129207
-0.245121
-0.267342
0.378443
-0.563495
0.114448
-0.640501
-0.401454
-0.286867
0.674603
0.343381
-0.456182
-0.0845119
0.637333
0.28863
0.16258
0.125631
-0.426
-0.0444357
-0.744492
-0.331684
0.10119
0.334585
0.575154
-0.30482
-1.00826
-0.18873
-0.127959
-0.0878749
0.644718
-1.07959
0.582743
0.454185
-0.735223
-0.797759
1.1096
-0.52893
0.268892
-1.24005
-0.0318177
-0.174931
-0.254036
-1.00062
0.705016
0.0111175
-0.21915
0.0585992
-0.166706
-0.278642
0.659162
-1.20871
-0.357596
-0.218976
0.258941
-0.0184066
0.711212
0.357828
-1.13359
0.288503
0.374078
-0.118139
0.0985594
0.928802
-0.142868
0.846735
1.47816
-0.215877
0.0491771
1.91933
-0.0697064
-0.339202
-0.257091
0.974046
-0.791585
-0.105003
-0.264015
0.403499
0.123339
0.0177177
0.113346
0.971845
0.54456
-0.170401
-0.514876
0.678456
0.331523
-0.365017
0.271004
-0.0907854
-1.57993
-0.128309
-0.170536
-0.296825
-1.05244
-0.138326
0.475175
-0.174934
-0.256173
0.123046
0.314789
-0.0217205
-0.105456
-0.256268
0.272744
1.64532
-0.265387
-0.218387
-0.211572
0.127108
-0.310397
0.429896
0.923727
-0.168684
0.273859
1.0984
0.557382
-0.0187211
-0.674927
-0.735881
0.189051
-0.28097
0.763341
0.618212
-0.230427
0.00150758
0.701277
-1.04512
-0.828366
-0.631
-0.16362
0.295999
-0.760133
-0.893039
0.603843
1.10467
-1.30323
0.717577
-1.46306
0.373686
-0.782472
-0.742192
0.776953
-0.567618
0.388415
-0.337229
0.742556
0.310312
-0.104785
-1.26678
-0.089262
0.192517
0.248584
-0.400753
0.725581
-0.862555
-0.298016
0.569412
-0.320991
0.92281
-0.336283
0.283526
0.392443
0.831678
-0.431104
-0.411824
-0.470799
0.676376
0.667924
0.897956
-0.058666
-0.0145664
0.0788881
-1.09383
1.39303
0.255082
-0.540167
0.0691057
0.894357
1.13455
0.570205
0.496405
-0.0764367
0.412889
0.678037
0.0467017
0.242477
-0.894216
0.0574968
-0.27503
0.870527
-0.10287
1.07921
0.55085
-0.136834
-0.966484
-0.0770199
0.423216
-0.65242
0.413965
0.12519
-0.5026
-0.952639
0.743491
1.54268
-0.268045
-0.504296
-0.216095
-0.856039
0.248258
-0.0884865
-0.800426
-0.495491
0.205177
0.219641
-0.153696
-1.66024
-0.722
0.402034
0.706244
1.17678
0.27258
-0.82272
-0.695604
-0.792229
-1.4563
0.563591
0.333476
0.0260228
0.639811
1.13754
-0.183453
-0.417168
0.903504
0.388764
-0.606824
0.666631
0.0906437
0.537166
-1.56851
-1.61924
0.521872
0.000540403
0.9991
-0.348726
-0.353721
0.829925
-0.0882703
-0.745534
0.359741
-0.295926
0.248091
-0.535497
0.4784
0.139304
0.133025
0.630942
0.10171
-0.397347
0.247682
0.43231
-1.00618
0.699261
-0.608252
0.353477
0.0319435
0.659939
-0.728432
-1.2978
0.112117
0.364117
-0.507469
-0.221621
-0.979367
0.199765
0.368986
0.894832
0.0371259
-0.145291
-0.750099
-0.16109
0.184382
0.260204
-0.0582894
0.1873
0.517177
0.220605
-0.229325
0.182754
0.618996
0.264422
-0.33747
-1.13516
-0.427916
-0.590787
-1.28564
0.030397
1.22655
-1.42247
-0.463324
-0.464441
0.702327
0.188578
-0.177688
0.556439
-0.00948128
-0.701415
0.464988
0.329028
0.143634
0.491712
1.23765
0.621
-0.680266
0.557589
-0.108919
0.114991
0.297676
0.532366
0.370728
-0.0888846
-0.307411
1.63125
-1.06541
0.169051
0.841213
-0.99004
0.607779
0.651536
0.244327
0.484562
0.401871
-0.251189
-0.61892
-0.548943
-0.280589
0.452381
0.309427
0.341791
-1.05835
0.194987
-0.270209
0.0684594
-0.624463
-0.324963
-0.482653
-0.504951
-0.0826823
0.2727
0.783241
0.913425
-1.26213
0.362555
0.0909997
-0.199808
0.39567
-0.280923
-0.621621
-0.129037
-0.322534
-0.541375
-0.189475
-0.19044
-0.258055
1.09158
-0.0830537
0.475832
0.787155
-0.645865
-0.0936969
0.686412
-0.627351
0.560175
0.724253
0.105168
0.269894
-1.12942
0.203425
-0.123163
0.438824
0.0485583
-0.710829
0.00968179
-1.04197
0.157054
0.141509
0.196783
1.0134
1.2269
-0.250982
-0.674001
-0.786038
-0.772779
0.120762
-0.146693
-0.0203803
0.377075
-0.682141
0.121659
-1.16433
-0.735974
-0.014507
-0.638577
-0.756558
-0.647401
-0.121984
-1.26215
0.751845
-0.155215
-0.1073
1.13884
-0.608435
0.100955
-1.09183
0.194946
-0.175242
-0.243459
-0.441375
0.537944
0.23917
1.16789
-0.902667
0.552112
0.419088
0.0566501
-0.230004
-0.135277
-0.290683
-0.692899
-0.382318
-0.305306
-0.313439
0.728571
0.423178
-0.310829
-0.451209
-0.364456
0.0116095
0.896066
0.170942
-0.282989
0.89581
-0.00519341
0.28751
-0.309893
-0.272323
-0.539012
-0.114085
0.418915
0.315028
0.680455
-0.0876187
0.00903803
0.606883
0.38351
-0.0776362
0.685628
1.04071
0.783825
0.145897
0.364723
-0.455523
-0.149965
0.490693
0.344676
0.186026
0.440896
0.0429619
-0.165722
0.0268456
0.257243
-0.469794
0.11413
-1.52353
-0.848375
0.259911
0.259189
-0.95911
0.520413
-0.960823
0.121202
-0.126132
-0.152516
0.235483
1.14163
0.824988
-1.2297
-0.0993204
0.384044
-1.34746
-0.351336
-0.672584
0.376375
0.660959
-1.56075
-0.337871
-0.811181
-0.572661
-1.11485
0.290834
0.761139
0.573496
-0.330243
-0.681765
0.117247
0.729639
0.773695
-0.485483
-0.913031
0.954273
0.479172
-1.68693
0.0295359
-0.889499
0.0358965
0.311094
-0.273529
-1.05076
-0.362353
-0.85291
-0.141157
0.993684
0.0867868
0.723453
-0.106606
-0.132211
0.986697
-0.276191
0.628554
0.402123
-0.0954075
-1.32988
1.16209
0.180156
0.116394
0.47313
0.531261
-0.103899
-0.573711
-0.37591
-0.494437
-0.401996
-1.65417
-0.401227
0.609966
0.1883
0.686485
0.689716
1.29807
0.0601128
0.118207
-1.6215
-0.132169
0.334996
-0.142906
0.401731
1.34925
0.572631
0.135921
-0.165527
0.583342
0.498353
-0.37755
0.459495
-0.00117242
0.352667
0.013002
0.767672
0.344385
0.856974
-0.3384
0.295864
-0.77928
-0.272693
0.441658
0.304975
-1.47535
-0.216882
-1.2832
-0.739643
-0.8434
-0.291571
0.436545
0.482959
-0.58607
0.187628
0.385299
0.268304
-0.544728
-0.156445
-0.115583
-0.331028
0.750143
0.396063
1.32995
0.0113482
-0.300437
-0.328858
0.279862
-0.736018
-0.239474
0.0853439
0.0735415
-0.33305
-0.181242
-0.159557
-0.337914
0.147608
0.0305741
0.156899
-0.520414
-0.555287
-0.263052
0.326276
-0.224217
0.536346
-0.619232
0.170994
0.644319
-0.195762
1.22166
-0.319697
-1.00674
-0.177385
-0.637447
-0.974699
-0.422319
0.443629
-0.254761
-0.385547
0.386656
0.466438
-0.157698
0.0145767
0.502065
-0.67232
-0.143634
0.392777
0.0779479
0.877247
-0.250905
0.0124031
-0.0785309
0.0232462
-0.995572
0.158801
0.292858
0.2394
-0.982222
1.15663
0.466743
-0.719875
-1.23098
1.57672
0.0425898
-0.832695
-0.734477
0.725949
-0.750239
-0.172138
0.873365
-0.571632
0.847517
-0.299193
-0.830898
0.205537
-0.0167918
0.501261
0.849839
0.165971
-0.13419
0.608963
0.0308464
-0.480249
-0.227891
-0.641571
-0.573233
-0.347098
-0.167435
-0.60522
-0.290613
-0.029727
-0.144847
0.508929
0.0758906
-0.177083
-0.861914
-0.271208
0.155674
-0.510152
0.327707
-0.331609
1.33423
1.42931
-0.422538
0.311674
0.183847
0.520492
0.241334
-0.338652
-0.132004
-0.511239
0.197083
-0.430667
0.374876
-0.404079
-0.00753899
0.824845
-0.0787025
-1.07855
0.690768
-0.359225
0.757905
-0.767125
0.99793
-1.30985
0.138563
0.334818
0.918366
-0.13483
-0.0349002
-0.897582
0.663159
-0.848327
-0.108261
-0.959851
-0.202465
-0.49016
0.320607
-1.01148
-0.623072
0.259263
-0.317223
1.32984
0.790345
-0.0605848
0.782191
0.763143
-0.154147
1.14117
0.149302
0.0425385
-0.386199
-1.13839
-0.997351
-0.40571
-0.478336
-0.095418
-0.685624
-0.173413
0.886251
1.40172
-0.89462
0.869359
1.24341
-0.968629
1.88266
-0.572737
-0.744094
0.45009
-0.588088
-0.509435
0.559642
-0.257274
0.565582
0.704992
-0.762417
0.150856
-0.0427112
0.124568
0.273542
-0.968402
-0.344887
-0.000530995
-0.665604
0.489217
0.846243
-1.57923
0.219944
-1.15856
-0.516924
0.19317
-0.440803
-0.383517
0.0927292
0.392282
-0.954871
0.809092
0.809834
0.554301
-0.723905
0.498391
0.0578431
0.301877
0.728753
-0.122064
-0.523289
0.524682
-0.334807
0.838705
0.527706
-0.0472445
-0.58118
-1.53063
-0.0493691
-0.130684
-0.189648
-0.641876
-0.515257
-0.360602
-1.57979
0.667074
-0.318414
-0.11139
0.634836
-1.33461
-0.777387
0.0254733
-0.0908754
-0.00748874
0.591412
0.624368
-0.76701
0.815093
0.858377
-0.461483
0.764567
1.00372
0.862703
0.279242
0.620466
-1.11752
0.770435
0.310039
0.59116
-0.232151
-2.09384
-0.583433
0.551129
-0.471442
-0.398916
-0.826366
1.08907
-0.504745
-0.345202
-0.10538
-0.135786
0.744379
-0.273999
0.277981
-0.356969
0.500153
-0.0972352
-1.01533
-0.659695
0.1948
-0.848054
-0.553013
0.775522
0.475232
-0.500043
0.84949
0.163779
0.0637483
-0.743336
0.0393098
-0.283408
0.840102
0.0655917
0.560016
0.541505
-1.44954
0.544126
0.574126
-1.24364
-0.376345
0.133975
0.160312
0.19054
-0.222239
0.0655795
-0.158336
0.89418
1.56022
-0.199792
-0.296598
0.0274269
1.0017
-0.666907
0.799036
1.11804
0.37067
-0.496588
0.710144
0.0129011
0.243635
0.755592
0.139613
-0.624399
0.639866
-0.600717
0.63418
-0.546508
-1.23684
-0.575544
-0.657527
0.366527
0.512805
-0.14265
-0.195548
0.186212
0.92737
0.338301
0.866292
0.290905
0.701354
0.964831
-0.22333
-0.290007
-0.172327
0.226698
1.22557
-0.397159
0.339573
-0.0630974
-0.145782
-0.0702353
-0.321613
-0.625999
0.747403
-0.411123
0.00582053
-0.31852
-0.301256
1.48352
0.402686
1.66831
0.298009
-0.353285
-0.306412
-0.155027
0.606158
1.40586
0.348933
0.852973
0.254979
-0.303264
0.24714
-0.141566
-0.297531
-0.389329
0.816933
-0.285506
-0.159407
0.674507
-0.571068
1.19698
0.517464
0.419874
-0.00557008
0.75645
-0.728766
-0.0131007
0.523486
1.7035
-0.0205684
-0.6726
-1.50414
0.267554
-0.955363
0.754836
-0.0259359
0.261489
-0.337149
0.213619
0.746542
-0.334826
-0.129008
-0.411104
0.270661
-0.0254008
0.234084
0.2678
-0.172494
-1.08336
1.16271
-0.787082
0.0185731
-0.393519
0.520883
0.663218
0.319673
0.14714
0.81074
-0.337504
-0.876262
-0.46859
-0.0222224
-0.253868
-0.683009
-0.65347
0.92404
1.37704
-0.0382531
1.00131
0.551463
-0.483751
-0.238312
0.0752981
0.480683
-0.0732069
-1.11345
-0.120823
-0.766587
0.125608
0.0453843
-0.151008
-1.18008
0.157538
1.3745
0.132611
0.833992
-0.750049
-0.066054
0.0966174
0.0612317
0.365018
-0.876695
-0.204967
-0.325055
0.0287778
-0.600344
1.01473
-0.349372
0.301272
-0.368517
0.962239
-0.016343
0.309687
0.0327699
-0.0708349
0.0491835
-0.160973
-0.477888
-0.482773
0.729625
0.110201
-0.230409
-0.864434
-0.459638
0.491497
0.248846
0.178271
0.32671
0.176491
-0.628512
0.999946
-0.417702
0.24246
-1.18615
0.0596441
1.00953
0.422109
-0.860079
0.57782
0.0747171
0.134993
-0.132666
-0.647626
-0.928037
0.96627
-0.631335
0.0638352
-0.342347
-1.09221
0.859404
0.920815
-0.827389
-0.420434
0.132861
-0.649058
-0.955772
-0.396208
-1.14156
0.451544
0.36128
-0.547179
-0.254729
-0.297014
-1.33967
-0.868782
-0.259629
1.16052
-0.98174
0.704693
-0.0745014
-0.0889375
-0.742667
-0.734271
-1.49227
0.0183642
-0.390631
-0.348772
0.29669
1.13584
1.15093
0.70017
-0.395789
0.755407
-0.00271166
0.648352
1.04563
0.467822
-0.866566
0.135737
0.550068
-0.294661
0.926793
-0.769167
-0.309565
-1.0941
-0.646432
0.628184
1.108
-0.335647
0.21447
-0.110622
0.238082
0.465733
0.615412
-0.866309
-0.157484
-0.668308
-0.36809
0.0998129
-1.35311
-0.267493
-0.189132
-0.499975
-0.182607
0.377492
0.931976
0.375586
0.937594
1.04511
0.463337
-0.31205
-1.77332
0.731399
-0.571464
-0.607814
-0.0490867
0.904294
-1.0602
1.38887
0.0370555
-0.928576
-0.511155
0.598315
0.932501
-0.413109
-1.29606
-0.549091
0.643135
0.763664
0.321182
-0.165484
-0.272522
-1.02793
1.09465
-0.80188
1.09456
-0.0655491
0.12121
0.0890882
-0.196083
-0.231888
-0.626276
-0.598215
-1.12524
-0.797871
-0.635219
-0.276373
-0.602386
0.134033
-0.247791
-0.450258
0.271503
0.35155
0.750989
-0.105337
0.422585
0.743814
0.470348
0.519629
1.22541
-0.439055
1.0057
-0.318804
0.977821
1.35927
-0.471883
-0.271273
-1.33455
-0.3785
0.519358
-0.829182
-0.454755
0.174103
0.651606
-0.0408149
0.401465
1.16864
0.0803053
1.07324
-0.37456
-0.747393
-0.0157401
-0.397591
0.248592
-0.0204884
0.069417
-1.46423
0.538037
0.775855
-0.157189
0.557039
1.55836
0.00523309
-0.446303
0.624032
-0.370098
-0.967817
-0.853985
-0.311751
0.00297858
-1.14225
1.13432
-1.66606
-0.29606
0.233098
0.651929
1.8907
1.13679
-0.639988
-1.38932
-0.939142
0.953752
0.372337
-1.55848
-0.844332
-0.00530842
-0.801194
-0.0599478
0.626712
-0.218923
-0.664814
-0.217646
-0.392456
-0.394164
-0.117761
-0.0537315
0.120549
-0.480289
-0.0655637
0.0729393
0.56404
0.545796
0.209743
-0.36284
0.0717467
-0.40112
-0.789147
0.0400992
-0.00760409
-1.12975
0.0267442
0.537951
-0.113866
-0.420347
-1.03179
0.132308
-0.338425
-1.45007
0.191627
-0.254923
0.192936
0.570012
0.290415
-0.585851
-0.318514
-0.438483
-0.406289
-1.04654
-0.537055
-0.940329
-0.735322
0.557031
-0.426353
0.855721
0.189531
-0.502326
0.763459
0.0856105
0.114232
-0.920698
-1.59672
-0.385115
0.0684786
0.0318769
-0.921515
-0.0821845
-0.32567
-0.29246
-0.875701
-0.321581
0.331511
1.48004
0.125739
-0.194389
0.220068
0.990808
-0.546616
-0.570758
0.0276192
1.08984
0.854102
-0.0227277
0.15595
0.310002
-0.213902
0.976307
0.761155
-0.0800311
0.0368269
0.552998
-0.480942
-1.182
0.471775
-0.182671
0.390856
0.260228
0.317467
0.0539304
0.0900791
-0.923362
-0.894584
-0.940151
-0.120571
1.02386
0.941468
-0.317102
0.575596
-1.13054
-0.224814
0.26536
-0.46105
-0.448037
0.228083
0.100852
-0.908097
0.0676787
-0.238434
0.915692
-0.760812
-0.720957
0.206172
0.234613
0.42737
0.179364
-0.174389
-0.324321
-1.1668
-0.334927
1.05253
1.21748
-0.182401
0.69326
0.126185
-0.575303
-0.198748
-0.35736
0.621618
0.188803
0.292108
0.787505
0.934853
-0.632419
-0.766533
-0.368533
0.392548
-0.635601
-0.164956
-1.29882
0.389708
0.531773
0.68319
0.146933
0.00593983
0.681394
0.123454
0.044921
-1.55852
0.232324
0.144849
-0.322203
0.0158789
-0.57918
1.00321
0.279305
0.485921
1.10549
-0.0631861
-0.700521
1.15751
-0.231454
-0.107476
-0.145492
0.675168
0.314269
0.0774015
0.102134
0.212258
-0.181024
-0.146426
-0.0057313
-0.700537
0.267453
1.49807
1.69267
-0.990552
1.70737
-1.40505
0.381506
0.0261921
0.275986
0.404577
-0.215251
0.0638585
0.462643
-0.405626
-0.131882
0.1658
-0.317773
0.415821
-0.634013
0.00978059
0.584827
0.0196816
0.667441
-0.464678
0.139538
1.3292
-0.810569
0.693566
-0.280516
0.613846
-0.703091
-0.784061
-0.415586
0.142276
-0.581896
0.0837859
-0.128803
0.00771594
-0.170662
0.487834
0.981852
0.730074
-1.08614
1.4564
-0.849613
0.711722
-0.775968
0.0617094
-0.224783
-0.0091935
-0.197444
0.467244
-0.539805
1.13442
-0.544867
-0.530456
1.0249
-0.388381
0.716938
-0.690671
0.435883
-0.0758424
1.5514
-0.668327
0.24213
0.0676967
-1.33555
-0.0498733
0.267009
-1.1767
0.106092
-0.270657
0.245687
0.179926
0.109969
1.62388
0.552705
0.0231476
-1.31312
-0.15668
-0.472112
-0.323758
-0.734458
-0.0842066
-0.267553
0.500365
1.29656
0.773437
-0.54786
-0.909464
0.480453
-0.591287
-0.41288
0.716684
-0.406318
0.736315
0.840543
-0.0124318
0.322722
-0.428944
-0.331046
-0.485721
-0.412111
0.761414
0.960502
0.336038
0.294504
-0.272457
0.850787
0.585891
-0.706358
0.330165
-0.45653
-1.20359
1.17797
0.103074
-0.447767
0.244953
0.0487654
-0.254445
0.500221
1.33884
0.423511
-0.65032
-0.0355216
0.635001
-0.262632
1.20242
0.247949
0.113189
-0.417555
-0.393027
1.74529
-0.81619
1.00708
0.109494
0.214746
-0.0233392
0.128541
0.207665
-0.346563
-0.0340171
0.55248
0.872632
0.182315
-1.12457
-0.0286032
-0.364906
0.150601
-0.244881
-0.819249
0.348987
0.545798
-0.851064
-0.577878
-0.209286
0.217782
-0.566656
1.48914
0.45773
-0.0125568
0.437004
-1.19854
1.1072
-1.49658
-0.114069
-0.29219
-1.02773
-0.413612
-0.216429
0.527822
0.0216196
0.809465
0.149192
0.99517
0.350098
-1.2314
-0.360853
0.0466038
0.11708
-0.248991
-0.308612
0.461469
-0.522128
0.426048
-0.168125
-0.785596
-1.04473
-0.364296
-0.90291
-0.0884984
-0.626477
-0.367871
0.0414092
-0.215885
-0.131367
0.353353
1.14484
0.911915
1.13193
0.803797
-0.194966
0.458666
-0.491366
0.812681
-0.30049
0.865997
0.255347
0.733504
-0.171703
0.429126
0.325541
0.915588
-0.538623
-0.124132
-0.598471
0.45847
0.27382
-0.951931
0.948677
-0.772226
1.11488
-0.18912
0.893246
-0.481971
1.63206
-0.446658
-0.413787
0.465225
0.0399658
-1.06398
-0.548798
0.41859
0.580927
-0.150798
-0.498354
-1.21825
0.529076
0.376937
-0.154426
-0.0956973
-1.03343
0.485807
0.399044
-0.628472
-0.045103
-0.0848099
0.182618
1.02222
0.296626
-0.0549175
0.173294
0.43919
0.863175
0.45177
0.202439
-0.202624
0.122042
0.233482
0.399737
1.0075
-0.105102
-1.09921
-0.217721
0.92735
-0.142379
0.211045
-0.552435
0.724604
-0.199152
1.50499
0.0935086
0.88924
-0.055873
-0.13452
-0.239224
1.44016
-0.0231878
0.80869
0.500235
0.526904
-1.04421
-0.892559
-0.146737
-0.774092
-0.719761
-0.166526
-0.336619
0.79897
-0.135127
0.0458854
0.218496
-0.499256
-0.106365
-1.12099
-0.592282
-0.797524
0.841327
-0.325928
0.289746
0.104617
0.942107
0.0799898
-0.406209
-0.0877215
-0.490735
-0.757302
-0.261796
0.216099
0.61786
-0.10807
0.366974
0.488097
-0.764814
0.772237
-0.157477
1.00729
0.268265
-1.47973
0.300633
0.0199139
0.740268
0.864374
-0.461758
0.54672
-0.140074
-1.34672
-0.162807
-0.637586
-0.299076
0.180344
0.194525
-0.0526165
1.46495
0.320749
0.0187029
-0.434791
-0.376314
0.671964
-0.47523
0.302431
0.192106
0.859153
0.523405
-1.58979
-0.271164
-1.83597
-0.19498
-0.735433
0.330359
-0.416387
-0.851668
0.237326
0.350245
0.077684
-0.34509
0.615905
0.424125
-0.532156
0.500257
0.655538
0.166413
0.52618
-0.246503
-0.632206
1.13448
-0.877011
0.598411
0.0935583
0.129587
0.576462
0.360261
0.138487
-0.225977
-0.064964
0.997481
0.31755
0.370372
-0.656493
1.30571
0.268087
0.753654
-0.270722
0.760393
-0.976176
-1.04328
-0.0279839
0.540897
-0.757299
-0.0740948
-0.198267
0.0894324
-0.666434
-0.401394
0.270742
0.107434
0.123919
1.09912
-0.998924
-0.0182508
-0.533028
-1.11981
-0.419432
-1.034
1.14114
0.0803448
-0.0516371
0.0430101
0.172833
0.0102063
-0.499234
-0.107527
-0.561097
-0.157479
0.902645
-1.02306
-1.17955
1.53031
0.197773
1.28801
0.270824
-0.344659
-0.168356
2.85291
-0.928017
-0.607174
-0.409543
0.577571
0.626769
0.0822057
0.498036
-0.64752
-0.442317
0.171171
-1.03344
-0.763823
-0.399676
-0.231724
0.355273
0.0780974
0.789492
-0.362249
-0.398868
0.165739
0.500882
0.313239
-0.56085
0.0237218
-0.393333
0.415423
0.508242
-0.00188229
0.210931
-0.722271
-0.557661
-0.234759
-0.664974
-1.13983
0.260925
0.723989
-0.479767
-0.150896
1.14955
-1.2595
-0.295374
-0.0839665
-0.631224
-0.589019
-0.353931
-1.70135
-0.400522
0.880868
-0.593249
-0.568755
0.0829934
-0.535127
-0.874686
0.574016
-2.00978
0.71658
-0.136955
0.243447
0.739372
0.603974
-0.817414
0.220225
-0.112261
0.881231
0.381282
0.0356713
-0.301987
-0.959138
-0.800073
-0.112506
-0.452809
-0.384584
-0.497764
0.30442
-0.104247
0.84673
-0.177101
-0.749577
-0.0582564
-0.399595
0.360116
0.224043
0.161821
-0.209646
-0.367862
0.672751
0.139999
1.2509
-1.01203
-0.457261
0.489165
0.305168
0.135344
-1.15542
1.13377
-1.17664
-0.0489482
-0.758738
1.10587
0.154743
0.355035
1.91805
1.40583
-0.839771
0.498458
-0.385064
0.120289
0.127113
-0.135377
0.612334
0.490115
-0.62211
-1.12627
-0.30353
0.525308
-0.84573
-0.466378
-0.0353869
-0.365691
-0.824861
0.535973
0.482052
-0.0537657
0.83195
0.15805
-0.124465
0.319679
0.341714
1.54352
0.224015
0.563396
-1.29894
-1.38949
0.233891
-0.412449
0.157718
0.303926
-0.33945
-0.348256
-0.499323
0.380912
0.487379
-0.1719
-0.0286582
0.259131
0.026413
-0.98505
-0.428079
1.53598
-0.323347
1.71489
-0.406192
-0.135567
-0.640803
-0.527243
-1.02462
-0.154149
0.177987
-0.858264
0.217849
0.149841
0.0770425
0.374888
0.832497
0.208978
0.754671
1.15766
-1.01523
0.265314
0.443129
0.876148
0.211036
-1.24671
0.786019
1.02805
-0.454474
0.413007
-1.32287
0.270256
-0.0176821
-0.160908
-0.482727
-0.252844
-0.633896
0.0851762
-0.126114
0.657942
-0.854701
0.376834
-1.29675
0.688724
0.097841
-0.378877
1.06318
-0.386676
0.233703
-0.932402
0.140276
0.384731
0.439185
0.0720941
-0.263671
-0.732204
0.21871
1.33588
-0.116368
1.11211
0.496705
-0.198096
-0.251595
-0.280864
0.324547
-0.383069
-1.06476
0.0068608
-0.804975
0.185678
-0.804756
-0.657926
0.191849
-0.583976
0.654233
0.163621
0.324484
-0.524451
-0.810405
0.207083
-0.512816
0.24011
0.0815524
1.16138
0.812588
-0.225496
-0.593879
-0.171479
-0.297313
0.0704442
0.0452337
-0.904511
-0.0558286
0.277761
0.285344
0.531456
-0.0310809
0.514808
0.0921594
-0.416187
-0.38308
-0.756705
-0.468512
1.24191
-0.273344
0.319678
0.35004
-1.20855
0.164891
-0.748437
-0.410131
0.0600111
0.233381
-0.362768
0.202429
-0.344227
1.13917
0.109877
-0.146099
1.09388
1.0769
0.46604
0.540089
0.580702
-0.475141
-0.145165
0.699921
0.224134
-0.793603
0.58324
0.00926322
0.740399
0.0515786
-0.0534428
-0.101882
-0.167293
-0.610296
-0.80359
-1.0233
0.424055
-0.54164
-0.397817
-0.0588661
-0.815008
-0.752092
-0.920275
0.317393
0.0240363
-0.453107
0.180961
0.24799
-0.364041
0.452407
-1.06426
0.269847
-1.02577
0.843811
1.91888
-0.235559
0.650486
-0.33448
-0.370909
-0.00744824
0.646195
0.744016
0.497883
-0.283356
0.237005
-0.267991
0.75525
-0.0536955
0.265203
0.674571
1.2307
0.379994
-0.331438
-0.640816
0.409273
-1.54452
-0.431685
0.659356
-0.395337
-0.282951
0.710485
0.390769
0.256242
-0.489746
-0.353131
-1.30029
0.0495289
-0.794393
-0.439487
-1.13038
0.308608
0.427138
-1.45875
0.876395
0.926873
0.285105
-0.126402
0.515778
-0.342487
-0.343103
1.44904
-0.26871
0.156783
1.02175
-0.826919
-0.122529
0.678284
-0.124843
0.296467
1.19083
-0.042533
-0.0745351
-0.656157
0.111822
-0.740041
-0.235498
0.663445
-0.730666
0.105225
-0.0998532
-0.598837
0.728821
-0.0164162
-0.605057
0.0131371
-0.594034
0.280233
1.04286
0.261114
-1.07864
-0.84405
0.353742
-0.248064
0.926019
-0.0431721
-0.674075
0.827552
-0.853617
0.150314
-0.0324062
0.35331
0.222338
-0.205493
-1.59288
0.419245
0.116486
-0.490422
-0.13857
-0.176044
0.231848
-0.00293347
0.468495
-0.158893
-0.268161
1.17761
-0.653869
-0.880501
0.248003
0.321328
0.0174139
-0.19776
0.250477
-1.152
-0.223585
-0.879448
-0.571679
0.0378312
-0.764977
0.339933
-0.250284
0.239047
1.77792
0.740836
0.00331963
0.399185
0.79766
0.537467
0.290544
-1.71662
-0.722702
-1.43059
1.50579
0.981177
0.232004
-0.0598121
1.82591
-1.02307
-0.338204
0.405901
0.552732
-0.444363
-0.0230237
-0.678131
-0.648999
0.764279
0.66113
0.0266581
0.500364
0.661952
-0.251351
0.0651682
-0.440521
-0.147604
-0.620863
-0.913946
-0.773825
0.799069
1.49035
-0.273293
-0.935195
-0.0621189
-1.22267
-0.367592
0.195484
-0.0178568
0.999063
-0.155338
0.173973
0.584901
0.216602
0.298624
0.775755
-0.0482538
-0.175203
0.516101
-0.650835
-0.210619
0.536701
-0.290729
0.45983
-0.654866
0.515322
-0.130598
0.693992
0.734227
0.818213
-0.267411
-0.312107
-0.242498
-0.422714
-0.592151
0.193925
0.574706
0.299777
-0.305608
-0.0215997
-0.259149
0.245932
0.659827
0.0216972
0.526201
0.790543
-0.158241
-0.0276274
-0.418018
0.586913
-0.20743
0.178642
0.18903
0.302458
1.08605
0.749662
-0.0529564
0.403526
-0.194623
-0.535363
-0.169026
1.39845
0.369348
0.703781
0.690264
0.565457
-0.28636
0.267072
-0.303952
0.303844
-0.154789
0.385653
0.850603
-0.357442
-1.39342
-0.485134
-0.572438
-0.605357
-1.64708
1.53929
-0.941233
0.97688
0.032643
0.398033
0.0146388
1.1903
0.35017
0.298177
0.779823
-0.156341
0.8569
-1.1446
-0.70397
-0.291324
-1.68558
0.165044
0.911403
-0.387632
0.701754
0.249769
0.206792
0.597932
0.00504122
-0.0994002
0.529457
0.303401
0.239301
0.557878
-0.239375
-0.210711
-0.663747
-0.350149
0.91011
-0.952768
0.00876687
-0.477119
-0.540544
0.0281506
0.413132
0.177408
0.0419214
1.25763
-0.754727
0.414809
0.208866
0.711059
-0.273316
0.76035
0.619773
-1.45062
-0.719067
-0.775791
-1.07016
1.26676
-1.0412
-0.356274
0.290491
-1.49107
-0.0371175
0.00503534
-0.89725
0.498022
-0.253514
0.546947
-0.720738
0.00936103
0.371608
-0.579329
-0.217054
-0.147922
-0.322517
0.0904929
-0.177102
-0.647654
0.150444
-0.270643
-1.25387
-0.431752
-0.650092
0.222933
0.206518
0.602994
-0.110451
1.05404
0.107098
0.277483
0.444404
-1.51042
-0.0687216
-0.0235827
0.292461
1.218
0.580706
0.135619
-0.606418
-0.755558
0.193467
0.789269
-1.18847
-0.281347
0.0921782
-0.434438
-0.2934
-1.30311
-0.154449
0.180064
-0.247483
0.308754
0.0167401
-1.08144
-0.734326
-0.684704
1.16658
-0.103617
-0.0327133
-0.149071
-0.732935
0.324842
-0.707759
0.0887791
-0.58299
-0.350541
-0.139465
-0.304748
-0.0620481
-0.210022
-0.0231858
-0.0239585
-0.632596
0.379918
0.867853
0.262171
0.0161228
-0.346192
-1.48154
0.779487
0.129952
0.472823
0.475128
-0.530626
-0.0711158
0.830068
0.112326
-0.630541
0.266095
0.233897
-1.3648
-0.25839
0.203745
-0.502804
0.139477
-0.477975
0.427698
1.06804
-0.491425
-0.91627
0.513377
0.361196
-0.414979
-0.368506
-1.33178
0.55461
0.134401
0.700822
0.704341
1.57332
-1.00153
-0.62683
1.25887
0.208241
-0.224507
0.763476
0.62839
0.795353
0.514253
0.515746
0.45963
-0.304123
0.140615
-0.186902
0.443274
-0.323895
-0.115119
0.692012
0.0768335
0.229641
0.538022
-0.817549
-0.964021
0.877654
-0.13317
0.614562
-1.28052
-0.363167
0.536759
0.67029
0.547473
-0.406166
0.0583948
0.323232
-0.571371
-0.0850408
0.274923
0.954634
0.420113
0.39257
-0.155038
0.982696
-0.883288
0.522482
0.118885
1.54499
-0.574115
0.439807
-0.0286463
0.690832
0.533925
0.430822
-0.360427
0.154874
-1.83961
0.362761
0.536867
0.858791
-0.433899
0.0515939
-0.286323
0.568593
0.16418
0.315831
0.598448
-0.381408
0.235628
0.556878
0.474913
-1.88619
0.327047
-0.262223
0.28779
-1.1613
0.709067
-0.54958
-0.599646
-0.854733
-0.744273
0.800013
1.65251
0.15592
0.276809
-0.344575
-0.553401
-1.35053
0.621862
0.987353
-0.334733
-0.593958
1.56404
0.0656286
-0.49085
-0.0254166
-0.121777
0.00705321
-0.356375
0.423657
0.566709
-0.179523
-0.0567379
0.623594
0.390763
-2.09944
-0.0261594
0.499538
-0.214657
0.973745
0.511775
1.53322
-0.0703194
0.588718
-0.217323
0.752838
-0.35331
-0.582629
-0.180541
-0.189394
-0.130769
-0.212591
0.523691
0.490634
0.194603
0.599163
0.265125
0.480015
-0.435342
1.33595
1.17875
0.500974
0.121287
-0.247639
-0.652524
0.903341
0.317205
0.0366002
0.4095
-0.76336
-1.16729
-0.101237
0.100059
0.215056
1.55558
0.485975
-0.93512
0.0370674
0.16978
1.03855
0.195753
0.304229
-0.0579896
0.343958
1.2147
0.0252178
0.128603
0.160207
0.402326
0.15385
0.576093
0.272064
-0.55473
1.08516
0.832468
-0.682731
0.819096
-0.166891
-0.421408
0.719308
0.160257
1.10208
0.431758
-0.450578
0.0721893
-0.785186
0.0863186
0.510329
-0.0033514
0.644941
0.148403
0.881425
0.110434
-1.06919
0.271282
0.234902
0.997407
1.3434
-0.0471615
-1.04245
-0.381046
1.00863
-0.718857
1.05766
0.33289
0.640766
-0.0293008
0.243021
1.05307
0.40612
0.214695
0.290925
-0.213477
-0.705126
-0.109168
-0.269593
0.72997
-0.693381
-0.484538
-0.0779306
0.301043
1.24799
0.284444
-0.856962
-0.0220078
0.139258
-0.795825
0.601466
1.55521
0.0294435
1.4857
-0.253108
-0.0334587
-0.630787
-0.175319
0.815606
1.20826
-0.790993
0.538529
-0.890646
-0.409035
-0.0132145
-0.115413
0.256091
0.322947
-1.51189
-0.345471
0.319299
-1.07031
0.992959
-1.04606
0.0445539
0.353573
0.706111
0.472474
-0.928155
0.295644
-0.065704
0.515914
0.0585687
-0.222754
-0.455904
0.483882
-0.689133
-0.443955
-0.646258
-1.11361
1.38072
1.15542
0.245475
0.347426
-0.72488
-0.735041
-1.16843
0.24605
-0.657662
0.852029
-1.30074
0.253203
-0.205584
0.135342
-0.170711
-0.930735
0.451009
-0.734084
0.829524
-0.524148
0.0315993
0.132026
-0.0134667
-0.768884
1.01551
-1.44644
-0.887565
1.83751
-0.691594
-0.444866
-0.507003
-0.415314
-0.283248
0.127569
-0.597293
0.509475
-0.683684
0.103527
-0.022145
-0.235037
0.421799
0.507287
0.724421
-0.0872734
-1.73717
0.768549
-1.08503
-1.09854
-0.297063
-1.09814
0.589248
0.0359334
-0.361625
-0.659303
-0.861405
1.23095
0.248842
-0.318852
0.447864
0.746902
0.477388
-0.332548
-1.43293
-0.108957
-0.0919588
0.704465
-0.133697
0.435107
-1.34612
-0.0306728
-0.369608
0.291562
-0.363963
0.674322
-0.451555
-0.634215
0.987608
0.375715
-0.788846
0.00929486
0.0908736
0.162848
-0.0136278
0.87133
0.255629
-0.0260632
0.0433686
0.649261
0.187467
-0.571147
0.542488
-1.5915
-0.786317
-0.240521
0.0675491
-0.0957005
0.706699
-0.111728
0.611092
-1.11494
0.540469
0.186339
-0.283365
0.153091
-0.0576366
0.975911
0.133619
-0.175859
-0.542771
-0.551661
0.793867
0.274468
0.154549
-0.431345
0.175139
0.358135
-0.0192074
-0.83848
0.394042
-0.778605
0.0593516
-0.172786
-0.65038
0.390876
-0.64619
-0.713461
0.644319
-0.421238
-0.780138
-0.740384
0.14328
-0.0568116
0.465364
-0.678693
0.459029
0.445214
-0.459504
-0.343124
-0.496012
-0.580165
-0.141838
-0.269056
-0.0846021
-0.00808198
-0.717954
0.0436357
0.328274
0.849077
0.376226
-0.540182
-0.2249
-0.232783
0.0867533
-0.625521
-0.246453
0.408867
-0.00673762
-0.715223
-0.151928
-0.564895
0.99567
-0.920747
0.314188
-0.724323
-0.863707
0.528097
1.28717
-0.552382
0.271445
0.444924
-0.657867
1.18537
-0.221181
-0.208375
-0.291136
1.01008
-0.555563
0.946643
-0.700822
0.550365
0.348633
0.280949
-0.194173
0.659303
0.24807
0.780202
0.0726081
0.0936308
0.586604
0.192025
-0.310413
-0.498394
0.424578
-0.648062
-0.771564
0.119227
0.85253
0.000486594
-0.230432
0.00842158
0.238113
0.148108
-0.279281
0.456399
-0.741723
-0.163712
0.884491
-0.0290661
-0.0902816
-0.401129
-0.0545566
0.642785
-0.736568
-0.552139
-0.555185
-0.712704
0.609778
-0.455997
0.894128
1.26285
-0.164517
0.187466
0.255291
0.858669
0.0767785
0.107035
0.837653
1.18771
-0.427318
0.243057
0.510699
0.943295
0.595039
0.865373
0.484157
0.281124
-0.469658
0.255222
-0.378902
-0.658213
0.512572
-0.557027
-0.48826
0.217536
-0.95756
0.93276
1.1183
-0.265956
0.826514
-0.371044
-0.152344
0.228976
0.0806565
-0.278352
-0.795057
0.470669
-0.376128
-0.523142
0.675208
0.869405
-0.105821
-0.408844
0.649614
0.0529459
0.0162508
0.538756
0.347403
0.346596
-1.03804
-0.511919
0.516051
0.580426
-0.492261
-0.440684
-1.00273
-1.20858
0.29414
0.703273
-0.354195
-0.306457
1.38121
-0.899683
1.07507
-0.381368
-0.0730344
0.245186
-0.0822425
-0.258443
0.740067
0.422067
-0.17913
-0.472816
-0.170454
-1.05486
-0.28174
0.24031
-0.11105
-0.262085
-0.0941169
0.27925
0.510452
0.894044
-0.757787
-0.781349
0.514298
-0.375569
-0.559745
0.19232
0.0310367
0.329359
-0.307665
-0.377549
0.284208
-0.772068
-0.812548
1.26901
0.267452
1.34855
1.12367
-0.128092
-0.000192409
-0.275099
-0.0405999
-0.505445
0.238468
0.164778
-0.816055
0.727236
-0.739559
-0.297127
0.729541
-0.624775
-0.486446
0.13034
-0.965904
0.28151
0.142739
0.371333
-0.22803
0.68346
0.408515
1.13902
-0.377501
1.19717
-0.75507
1.11693
0.965758
0.590947
0.699167
-0.870245
0.770984
1.40969
-0.892793
-0.713362
-0.450739
0.652538
-0.24772
0.382977
0.553973
-0.996303
0.0350515
-0.236357
-0.495131
0.0154721
-0.457259
0.562509
0.62864
-0.312761
0.122949
0.232691
-0.418923
-0.81386
0.699972
0.232302
1.14148
-0.752224
-0.52037
0.844304
-0.0970321
0.510415
0.251199
-0.0069774
0.463385
0.460184
-1.04108
-1.19522
0.501774
0.350783
-0.102132
-0.16498
-0.0377877
0.311141
-0.818865
0.313932
-0.186406
0.196256
-0.471492
1.10084
0.806611
0.457709
0.747778
1.81618
-0.550188
-0.0447382
0.34939
0.197708
0.172483
1.00554
0.677527
-0.11432
0.81995
0.111527
-0.877048
-0.231372
0.574057
-0.223946
-1.81236
-0.53868
-1.22371
0.125404
0.42152
0.216261
-0.104301
1.06886
-0.219181
0.996476
-0.062397
0.0620799
-0.338929
1.15629
-0.313627
0.00507641
-0.470685
-0.643314
-0.0458428
-1.14771
-0.734167
-0.063041
1.89131
-0.67828
0.15476
1.36677
-0.170851
0.348286
-0.439264
0.893137
0.744817
-0.0303325
0.0919351
0.304908
-0.610118
-0.631133
-0.0270317
0.433192
1.09986
-0.929931
-0.773354
0.0146038
-0.378805
-1.11205
-0.543952
0.378014
-0.856685
-0.0414456
1.55934
-0.741439
0.27087
-0.681223
-0.264973
0.476959
-0.361853
-0.14258
-0.685521
0.300948
0.790763
0.283541
-0.114338
0.844786
-0.247568
0.922315
-0.300044
-1.20233
-0.204518
-1.81854
-0.177977
0.555398
-0.693515
0.101468
0.0688551
-0.259604
-0.453985
0.24196
0.386965
0.797432
0.605895
-0.623555
0.019565
-0.641068
0.283373
-0.0136328
0.907302
0.538501
-1.30074
-1.76509
-0.625572
0.0212171
-0.287908
-0.105731
-0.284886
1.56891
0.771553
0.0220309
-1.09542
-0.588526
0.104228
0.162893
0.323733
-0.0605211
-0.76878
-1.11747
1.00564
-0.32584
-0.480316
-1.18878
0.528907
-0.791494
0.159046
0.489308
-0.0608028
0.171209
0.488321
-0.315024
-0.0588364
0.28349
-0.368755
-0.315611
-0.447883
0.537056
0.827874
-0.0716075
-0.932757
-0.407815
1.43451
-0.183442
-0.769614
1.02373
0.0426895
0.655279
0.286665
0.283133
0.968754
0.34656
0.205313
-0.539197
-0.369616
-0.525737
0.9046
-0.0963209
0.156392
-0.329482
-0.128197
0.270288
-0.211394
-0.102447
-1.06609
1.0215
-0.267053
-0.147055
0.600501
0.622704
-0.373993
-0.311526
-0.0545268
-0.130483
-0.768816
0.338702
-0.94768
0.336313
-0.420595
-0.642403
-0.333509
-1.01126
0.923276
-0.379633
0.0896911
0.702319
-0.168642
0.223753
0.295371
1.52318
0.0720457
-0.224949
-0.376478
0.414747
-0.0396929
-0.0542682
-0.526234
0.00627115
0.662968
-0.648684
-0.10162
-0.255731
1.42211
0.0113851
0.540339
0.315262
-0.414986
0.464696
0.674438
0.25504
0.22513
-0.720084
0.543082
-0.634017
-0.838968
-0.700305
0.510063
-0.651037
0.634092
-0.0541672
0.0487775
0.275058
0.0419171
0.225008
0.9388
0.398759
0.465983
0.0707244
-0.232052
-0.0779801
-0.479091
-0.222071
-0.524539
-0.897431
-0.704659
0.698112
0.388679
0.393545
0.178291
0.0627848
1.11377
0.375363
0.410421
0.374556
-0.147237
-0.134402
-0.471277
1.0767
-0.114276
-0.601848
-0.575275
-0.505317
-0.637194
0.20069
-0.194311
-0.655253
-0.032251
-1.02663
-0.0791444
0.293702
0.164392
-0.19004
-0.14483
-0.0898746
-0.596036
0.213893
0.406613
-0.452374
0.503865
-1.51698
-0.672019
-1.42307
-0.561186
0.860381
1.68968
-0.270901
-0.00839661
0.687065
1.77273
-0.218019
-0.368958
-0.18343
0.785824
-0.350247
-0.708154
0.771465
-0.303845
-0.220592
-0.968951
0.150433
1.08319
0.099865
0.794244
-0.359929
-0.164246
0.704827
0.163332
0.0126643
1.35673
-0.916392
0.212888
-0.0652128
0.337902
-0.237729
-0.21685
-1.48921
-0.788537
0.403484
-0.0851182
-0.0107739
-0.861726
-0.382094
-0.655854
-2.00365
-0.78184
0.419182
0.994501
0.242918
0.283541
-0.716865
0.954415
0.22613
0.125137
-1.5506
-0.250479
-1.32115
-0.113346
0.40537
-0.537671
-0.0541766
-0.47404
1.09805
0.248469
-0.633924
0.756388
0.591521
-0.187648
-0.13627
-0.357329
0.270998
-0.884324
0.295325
-0.729911
0.0858038
0.486421
0.735852
0.335532
1.33823
-0.532144
0.419399
0.213235
1.07454
0.0487578
-0.109163
-0.178305
0.744
-1.05825
0.460103
-0.403243
-0.273922
0.680055
0.00328308
-0.767493
-0.636896
0.713473
0.421087
-0.137063
-0.0943744
0.479527
0.247991
0.298096
-0.250002
-1.17548
0.129083
-0.628739
-0.329968
0.0864597
0.120031
0.00718393
-0.213815
-0.286051
-0.206609
0.626507
-0.126152
-0.672323
-0.365128
-0.181113
0.0500083
0.180573
-0.489553
1.46244
-0.179572
0.400542
-0.00641076
-0.363452
-0.481095
0.000643429
0.886489
-0.796131
-0.302246
0.564005
-0.465784
0.400026
-0.36593
-0.0195688
1.41161
-0.460891
0.806831
0.201828
-0.748344
0.564721
-0.842946
0.265357
-0.108951
0.382002
0.798485
-0.0216327
0.112168
-0.498616
-0.464577
-0.201331
0.162355
0.34927
-0.284588
-0.402771
-0.514974
0.822411
0.695148
0.944276
0.069489
-0.386724
-1.13545
-0.797556
-0.258551
-0.0468625
-0.906998
-0.527651
-0.290613
0.0374685
-1.01833
0.0952714
0.135398
0.263357
0.994759
-0.0161881
-0.298717
0.969814
0.933023
0.942892
-0.338378
-0.447488
-0.441863
-0.0544494
0.321498
0.223974
0.144571
0.0733346
0.202341
0.219064
0.031649
0.905359
-0.20938
-0.722143
0.0409803
-0.305049
-0.165353
-0.115088
1.23797
-0.732317
0.575497
0.81521
-0.334296
-0.26153
0.729091
-0.0917752
0.0172181
0.841006
-0.33525
-0.345418
-0.615595
0.51622
0.689594
-0.800527
1.04537
0.347152
-0.0280361
-0.987546
-0.370152
-1.34154
-0.712976
-0.464107
-0.287902
-0.235745
-0.350773
-0.25896
0.0754597
-0.16667
-0.333664
0.159609
-0.580439
-0.536326
0.109315
0.556809
0.145231
-0.633462
-0.24729
-0.0950626
-0.0901769
-0.454229
0.585934
0.610158
-0.494181
0.131663
-0.81547
0.556124
0.996241
0.20434
-0.422229
0.481545
-0.172387
0.0279964
0.432308
1.29134
0.555231
-0.732754
0.451678
-0.898436
0.65203
0.258367
0.3845
-0.288292
-0.0923405
1.62216
0.158852
0.331893
0.361872
1.08652
-0.517858
0.563357
-0.322563
-0.394581
0.369341
-0.706788
0.546952
-0.331337
-0.69138
0.0263681
-0.891325
-0.0598762
0.133641
-0.852812
0.998319
0.470732
-0.781232
0.252553
-0.827789
-0.0904774
-0.0489114
-0.254431
-0.192694
-0.451133
0.258946
0.216374
0.847911
0.447339
-0.000797142
0.434499
-0.745117
0.598902
1.1414
0.617676
1.26385
-0.080868
-1.28096
-0.988418
0.108096
0.684594
-0.499772
-0.155363
0.198685
-0.586438
0.222956
-0.476453
-0.883116
-0.509727
0.0356112
0.0162757
-0.0723301
-0.139683
0.679941
-0.391628
-0.390387
-0.030378
0.484606
0.4639
-1.39042
1.03588
0.608269
1.23584
-1.09212
-0.758364
0.233929
0.189905
-0.53066
-0.0120299
0.563129
-0.580014
0.269586
-1.02744
-0.417711
1.41855
0.287715
1.2869
0.773604
-0.446715
-0.785284
0.750869
0.310621
-0.345242
-0.106124
-0.440834
-0.631109
-0.714762
-0.509853
0.542833
1.03339
0.655902
0.0134744
-0.0164667
-0.771521
-0.327911
0.184498
-0.235479
0.615278
-0.27978
-0.0549022
-0.969059
-0.280727
0.472748
-0.829251
-0.0751946
-0.248185
-0.0784197
-0.516699
-0.674725
-0.00165994
0.362992
-0.50998
0.459697
0.777963
-0.936732
0.839456
0.0864599
0.150082
0.852317
0.381669
0.217627
0.0379097
-0.548588
-1.58268
-0.316656
0.347925
0.317979
-0.452722
-1.15588
-0.18737
0.48328
-0.050948
-0.226507
1.52342
0.325734
0.492049
-0.675883
0.0989516
-0.244121
-1.53839
-0.460115
-0.253398
0.472311
1.33901
0.923731
0.855175
0.086651
-0.436731
0.0481478
-0.470564
0.0761679
0.6693
-0.10706
-0.591028
0.218701
0.0142458
0.0491606
0.285529
-0.317019
0.958436
-0.38102
-0.497073
0.387479
0.687795
0.393622
-0.10561
-1.35723
-0.860835
0.819127
-0.821433
-0.085268
0.723816
1.14688
-0.793047
0.0463323
-0.658874
-1.79011
-0.728467
-0.311796
-0.0294118
-0.0170409
-0.538851
0.40586
1.67214
-0.0644184
-0.604262
-0.206121
0.330645
0.594002
-0.530044
-0.389053
0.570507
-0.388898
1.10314
-0.0703997
-1.55656
0.881274
-0.0778057
0.338831
-0.322956
0.0733563
0.0122612
-0.669967
0.644491
0.374884
0.651261
0.325159
0.826087
0.112744
-0.0769776
1.17071
0.0863308
-0.785855
-1.10848
0.974368
-1.42139
1.33945
-1.10668
-0.464503
-0.452193
-0.899461
0.14237
0.652202
-0.497443
-1.44314
1.19078
0.509672
0.203663
-0.0371166
0.124831
-0.261954
-0.190796
-1.52405
0.957609
-1.09507
0.297555
-0.549251
0.397595
-0.379619
-0.489681
0.162838
-0.919333
-0.451698
-0.650194
-0.354451
0.755454
-0.555974
-0.409245
-0.316811
0.37627
-0.252781
0.146966
1.12549
-1.82151
-0.435715
1.1079
0.790935
-0.868445
1.79917
-0.277775
0.773481
0.118803
-0.699907
0.141731
-0.72018
0.147188
0.68159
0.756959
-0.00792082
-0.584697
1.16772
-0.275971
-0.298998
0.939406
0.610928
-0.016651
1.07453
0.137576
-1.06964
-0.588569
-0.521075
0.699093
0.0724208
0.583102
-0.395464
0.732893
1.31798
0.750354
-0.0165513
0.387756
-0.806684
-0.0624161
0.872118
0.287373
1.35905
-0.904161
0.0422817
0.328504
-0.0237239
0.212222
0.909087
0.854012
-0.0662049
-0.26049
-0.41957
0.347065
0.0377308
0.946201
0.903979
-0.663111
-0.0651871
0.620746
0.0178921
1.60909
-1.14901
-0.314832
0.113098
0.174716
0.505859
-0.511525
-0.483509
0.330537
-1.28269
-0.956912
-0.478072
-0.263191
0.144149
0.101487
-1.70357
0.14536
0.500125
1.15893
0.623695
0.32285
0.401801
-1.09888
-0.332563
0.418323
0.50253
0.668977
-0.0807798
0.537213
-0.216179
-0.128001
0.440279
-0.547712
-0.0663557
-0.0124635
-0.294957
-1.52091
0.918401
-1.09551
-0.510264
1.5118
0.124806
-0.4499
0.124222
0.310294
0.909043
0.0583537
0.136761
-1.00439
-0.994157
-0.657087
-0.301661
0.705795
-0.258276
-0.555515
-0.77647
-0.259088
-0.815455
0.388518
-0.608834
0.824957
0.477633
0.0626988
-0.458009
0.0351176
-1.03662
-0.293393
0.840051
-0.0841416
0.0354452
0.278708
0.247654
0.335295
0.623423
-0.27555
0.483665
-0.972043
0.926659
-0.0665078
0.035258
0.959719
-0.668187
0.167545
0.500204
0.0397821
0.30422
0.527649
0.574197
-0.854247
0.371231
0.846439
-0.116202
0.442702
-0.111237
0.99864
-0.545166
1.15307
0.408903
0.200393
-0.30008
-0.855197
0.516881
0.0388611
-0.413833
1.18236
0.437371
-0.915041
0.173746
0.437216
-0.866333
0.387407
-1.23261
1.33876
-0.0927044
-0.531784
-0.401768
-0.874335
0.399027
-0.513997
0.467185
-0.160359
0.102876
-0.186789
-0.445608
0.551386
0.580162
0.549857
-0.185393
0.954037
-0.370664
-0.443597
-0.365869
0.343317
0.811816
0.0544511
-0.508456
0.0281356
0.354764
-1.27645
0.0108253
-1.17397
0.397352
-0.829062
-0.506287
-0.328161
-1.34791
-1.51079
-0.95228
-0.602375
-0.0967972
-0.520634
0.0849157
-1.00796
0.782794
-0.0453484
0.447406
1.40812
0.337081
0.962716
-0.0497289
0.415774
-0.017734
1.57905
1.53558
0.280444
-0.475981
-0.414307
0.838313
0.398545
1.05944
0.953735
0.553959
0.375615
-0.954416
0.316704
1.44032
-0.947179
0.347407
0.0860623
0.81578
0.144746
-1.09341
-0.563501
0.307603
-0.178417
1.76925
0.203677
0.214127
-0.0204513
0.0515481
0.178003
0.219823
0.175516
-0.559394
1.12025
0.92034
-0.755731
-0.270659
1.57441
0.906119
0.748778
-0.704866
0.0469758
0.102105
-0.0996242
0.945226
-1.2284
-0.111777
0.214111
-0.65786
-1.33714
1.05088
-0.226558
-0.1553
0.276416
0.453636
-0.208496
-0.0853217
0.960311
-0.360717
0.594022
0.048968
0.730971
1.18749
-0.130695
-0.664168
-0.780104
0.296887
0.245347
-0.0861535
0.261317
1.01306
-0.4459
1.13448
-0.534535
0.543645
0.0333083
-0.388224
-0.157914
-0.701089
0.4741
0.0527287
0.324146
0.365453
0.0819447
0.971801
0.246453
-0.0969744
0.0954137
-0.445366
-1.32039
0.520529
0.734313
0.458238
1.08548
-1.21731
-1.2311
-0.866709
0.897147
1.39803
0.62693
-0.0872145
0.225509
-0.643938
0.890317
0.852224
0.27714
0.665757
-0.349762
0.768141
-0.869534
-0.0253164
0.488071
-0.602384
-1.0608
-0.331872
-0.987891
-0.438715
0.365342
-0.544055
-0.212069
-0.471074
-0.747105
0.896091
-0.608605
0.681246
0.794496
0.695944
1.64717
0.189986
0.107894
0.530294
0.0403113
0.077676
0.0590443
-0.841191
0.0734589
-0.317109
0.404865
-0.173111
0.171916
-0.762674
-0.975026
-0.447416
-0.766664
-0.489567
0.770588
0.137287
-0.207333
1.30419
0.671435
-0.628249
0.326354
-0.188341
-0.0904339
-1.07662
-0.50342
-0.14939
-0.204046
0.302462
0.185069
1.27445
0.349755
-0.408361
0.285127
1.09552
-0.255561
-0.156184
-0.570867
0.887997
0.437134
-0.35729
-0.424121
0.105854
-0.0201632
0.16698
0.153637
0.379276
-0.590983
0.166567
-0.991498
-0.117397
-0.120157
0.553525
-0.212077
0.99703
-0.862117
0.407126
0.354452
-0.580387
-0.615577
0.410683
0.474062
1.00614
0.0980163
-0.0914828
0.25704
0.812677
-0.0487062
0.714177
0.221928
0.220873
-1.08649
-0.777876
-0.264722
0.999356
1.89532
-0.165861
0.387503
1.18373
-0.224819
0.842409
-0.573545
0.351843
-0.550552
0.299452
-0.647683
0.581598
0.715139
-0.515787
-0.594973
-0.772029
-0.449296
-0.0157017
0.436019
0.234487
-0.80878
0.0657194
-0.561896
-0.31459
0.617869
0.774907
0.488256
0.214693
0.312089
-0.522338
-0.166886
0.107386
-0.444506
-1.06306
0.0786152
0.547821
0.14655
-0.388142
0.134917
-0.205234
0.519425
-0.628862
1.26678
0.0536601
-1.81314
-2.04229
0.407318
0.0808464
-0.891933
-0.286609
-0.325389
-0.36426
1.11305
-0.380894
-0.119996
-0.236732
0.388604
-0.193356
1.08529
0.740509
-0.160239
2.26129
-0.270946
0.43248
0.310536
-0.32696
-0.340841
0.477606
0.200112
0.423218
-0.618556
-0.195109
0.279869
0.361272
-0.163452
0.0539094
0.377312
-0.127498
-1.68609
0.505042
0.981022
0.690789
-0.211805
-0.455641
-0.801108
0.748169
-0.86293
-0.0687074
0.0388313
0.362801
0.072885
-0.100517
0.506964
-0.702988
-1.39077
0.676695
1.38499
0.781721
1.33548
-1.23237
-0.288231
0.23401
-0.0877032
0.880784
-0.462589
1.03085
-0.142513
-0.0142859
0.160696
0.361381
0.744634
-0.722044
0.322919
-0.602649
0.214046
-0.274305
0.238383
-0.397748
0.0378776
-0.771249
-0.822262
0.784934
-0.868079
-0.599182
-0.773242
-0.613376
0.65357
-0.918904
-0.169629
-0.27728
-1.17449
-0.200555
0.362063
0.249675
-0.498192
0.452197
-0.623416
-1.30763
-0.170573
0.696892
-0.724339
1.34471
0.272478
-0.292984
0.0723339
0.613634
-0.338076
1.70428
0.174283
0.604293
-0.464967
0.516908
-1.13427
-0.706716
1.15454
-0.339554
0.29391
0.263626
-0.248488
0.816477
-1.08374
-0.13869
-0.129698
-0.911599
-1.02419
0.292135
0.873659
0.00866467
-0.45228
-0.302688
0.279641
-1.32417
-0.197625
1.0537
0.131857
0.670197
0.823674
0.268441
1.04254
0.484659
-1.59862
-0.0469594
-0.490213
-0.511252
-0.74231
0.89767
-0.167376
0.688194
0.905776
-0.707808
0.0138129
-0.170082
0.0834902
-0.178657
-0.122162
-0.138927
1.03587
-0.229677
0.697462
-0.504716
-0.153257
1.48806
-0.457511
-0.0368552
-0.523662
0.136481
1.00286
1.40651
-0.734996
1.28051
-0.274021
0.00702453
0.816112
2.1125
-1.10929
-1.76431
0.128461
0.214308
-0.172949
-0.607865
0.420301
0.418537
-0.219809
-0.235998
-0.307552
0.0597855
0.840789
0.209527
0.0743592
-0.373633
1.16716
-0.139296
0.682517
-0.0413603
-0.181681
0.48371
-1.11106
-0.860833
-0.737453
0.840471
0.258566
-0.154042
0.326467
-1.15479
-0.53083
0.725819
-0.389797
0.621472
1.08722
0.439675
-0.201216
-0.199415
0.540049
0.448781
-0.601004
-0.903929
-0.384037
0.137516
0.26773
-1.03924
-1.06316
-0.447065
-0.264514
-0.112058
-0.788368
0.264265
0.481578
1.06615
0.55811
0.496996
-0.827849
-1.18384
-0.100976
-0.227825
0.073787
-0.7974
0.2725
1.45084
-0.383174
0.724501
-0.657091
0.475032
-0.18021
0.279317
-0.326452
0.559118
-0.208224
0.419875
0.594481
0.592762
-0.179142
0.447482
0.0798996
-0.245301
1.03996
-0.839233
-1.07578
-1.47343
0.196712
0.40831
-0.580657
-0.464816
-0.840878
-1.10745
0.0329352
-0.66095
0.0443069
-1.02682
0.2691
-0.54458
0.905058
1.03042
-0.542497
-0.218994
-0.114171
-1.05221
-0.154746
-0.353215
0.171642
-0.0742657
-0.180469
0.696458
0.944936
-1.07117
0.203509
0.19706
-0.101681
-0.521708
0.980877
-0.0974675
0.558894
-0.0345282
0.482902
0.837185
-0.57873
0.0999855
-0.0962161
-0.69365
0.335391
0.808463
-0.914879
0.376643
0.067601
0.255023
0.0754687
-0.254298
-1.18654
-0.346409
0.0389927
-1.32761
0.786934
0.416032
0.991425
-0.860798
0.351957
-0.817758
-0.583299
0.923274
-0.298079
-0.177083
-0.819034
-1.24428
0.755993
-0.544206
0.0202349
-0.241294
1.31749
-0.821985
0.70401
-0.379833
1.90553
0.17563
0.66499
0.339686
-0.111696
0.283852
0.154675
0.767084
-1.11633
-0.941102
0.629723
0.456954
-0.464165
0.526126
-0.94927
-0.508531
-0.694623
-0.411706
-0.304737
0.528249
-0.97356
0.250844
0.105919
0.137949
0.51431
-0.415333
-0.845714
-0.26027
1.35194
0.435824
-0.710916
1.42814
0.897598
0.067151
0.266294
1.14618
-1.01575
-0.259774
0.306479
-0.170802
-0.72702
0.201897
-0.000723953
-0.113528
-0.647876
-0.87736
0.209573
0.197486
0.247435
0.915171
0.0859589
-0.0357562
0.561011
0.531696
-0.953272
-0.127964
-0.15674
-0.38515
-0.353801
0.0774959
0.852606
-0.390911
0.497546
-1.12075
1.17657
0.419764
-0.19446
-0.0810312
1.14487
0.000970131
-0.0615912
0.528172
-0.123218
0.18601
-0.177228
0.586415
0.70058
0.311477
-0.433393
0.633658
-0.16015
-0.965521
0.226088
-0.894327
0.124178
0.833694
0.00778797
-0.152528
-1.05608
-0.559526
-0.288686
0.518997
-0.55966
-0.50402
0.364517
0.977501
-0.396902
-0.515552
0.553112
1.33637
0.0604421
-0.548158
-0.548841
0.544962
0.64005
-0.667593
-0.318442
-0.770334
0.224494
-0.238718
-0.473547
1.14982
0.790348
-0.326299
-0.0912887
1.03104
-0.595013
-0.444461
-0.669969
0.689489
1.20906
-0.652739
-0.725348
0.311794
0.587917
-0.553533
0.992537
0.427055
-0.645918
-0.624132
0.0899179
0.733248
0.231564
-0.575804
0.122344
-0.7441
0.297692
0.0826377
0.199198
-0.679961
0.253951
0.734794
0.733011
1.00157
0.00878445
-0.784051
-1.01208
-0.271363
-0.475668
-0.124856
-0.473312
-0.923089
0.454112
-0.146391
-1.11087
0.366825
-0.890771
2.61095
-0.00292349
0.165166
-0.0269341
-0.912881
0.526664
0.909615
0.172197
-0.00294692
-0.599906
0.928558
-0.0270838
0.491938
0.0299237
1.05737
-0.0529566
0.285696
-0.927662
1.35718
0.0207242
-0.543108
-1.48297
0.137637
-0.179444
0.25257
-0.305119
-1.11063
0.866904
-0.272582
0.337288
0.24
-0.0593541
0.167117
0.283785
0.470874
0.567322
-0.706304
0.241173
0.342586
-1.20136
-0.0386432
0.381027
-0.714583
0.193066
0.831609
-0.128879
-0.532585
-0.490625
0.850435
0.296882
0.657873
0.0254049
-0.0102301
-0.63122
0.972075
0.0451957
1.07555
-0.867797
0.921902
-0.439641
-0.901175
-0.232843
0.288123
0.248207
0.398416
0.301748
-0.425768
0.596744
-0.235158
-0.0664105
-0.265275
-0.850377
-0.395237
-0.210337
-0.4022
0.330692
-0.0899452
-0.00654408
0.341598
-0.840629
-0.225862
-0.84301
0.886333
0.852611
0.847321
-0.442152
2.22129
-0.00154688
0.899254
-0.189334
-0.151357
0.397937
-1.3688
0.22105
-0.507415
-1.44377
-0.272102
-0.653495
0.498672
-0.224808
0.55127
0.295767
0.633674
0.316006
-0.667313
0.516403
0.722329
-0.105257
-0.0517348
-0.544414
0.697158
-0.511911
0.764275
-0.230679
-0.589892
-0.24583
0.574622
-0.037408
0.169138
0.325654
-0.245967
-0.266151
0.547111
-0.603678
0.694766
-1.19136
-0.453715
-0.735492
-0.672689
0.0863337
-0.404705
-1.04521
-0.0993415
0.11177
-1.05902
-0.649184
-0.658089
1.02078
0.778031
-0.334622
0.0860652
0.609333
-0.485747
0.732512
-1.01827
0.46412
-0.100834
0.799565
-0.184256
0.633215
-0.721781
-0.24107
-0.117754
1.09644
0.608514
0.362888
-0.147245
0.381781
0.159038
-0.24815
0.76242
-0.0878866
0.969395
0.327627
1.22728
-0.0337095
-0.292722
0.864275
0.34821
0.524125
-0.914798
0.190133
-1.09
-0.7176
-1.39748
-0.846067
-0.224075
-0.277451
-0.0521682
-0.273118
-0.324412
0.30538
-0.15841
-0.465726
0.288403
0.765003
0.130567
-0.665645
-0.0510222
-0.987057
0.384178
0.401322
-1.06718
0.226139
-0.527292
-0.748608
0.366544
0.484471
-0.572272
1.06961
-0.684541
-0.0277823
-0.384881
0.00311278
-0.0954656
0.841186
-0.421729
0.261899
-1.03166
-0.419716
0.774191
0.0269538
0.124754
1.06115
-1.17937
-0.674321
-1.17924
-0.885479
0.314984
0.158287
-0.266519
0.731309
1.18898
-1.56389
-0.0278612
0.814341
-0.8687
0.0506327
-0.759509
-1.62282
-0.714516
0.013899
-0.040439
-0.527992
-0.682975
0.0564618
1.28488
-0.177809
-0.0270814
-0.304851
0.687947
0.619867
0.438554
-0.621497
-0.0883484
-0.121161
0.870743
0.202543
-0.438228
-0.326521
-0.393548
-0.337226
0.139084
0.118972
0.076811
-0.740095
0.334206
0.0628725
0.611878
0.240364
-0.308199
-0.209773
0.233547
0.0477318
0.594187
-0.548634
0.0208938
0.311773
0.216225
-1.14262
-1.25777
-0.174209
-0.0935934
-1.31922
-0.716684
0.0172296
-0.169194
0.301587
0.188063
-0.480613
0.0935759
0.280869
0.554365
0.154913
1.2125
0.43742
1.15311
-0.211937
-0.364694
0.466383
-0.21909
-0.50192
-0.403283
0.264344
-0.778931
-1.09093
-0.411752
-0.657911
-0.683445
0.159988
-0.391813
0.259994
0.960562
0.296955
-0.278538
-0.0995412
-0.697803
-0.947795
-0.623189
-0.513507
-0.694063
0.632397
0.487603
-0.057525
0.481266
0.797237
-0.278911
-0.228134
-1.33696
0.62194
-0.822478
1.36916
0.174537
-0.861305
-0.0710687
0.743785
0.219403
0.0316836
-0.637948
1.12584
0.061738
-0.300542
-0.972243
0.583685
-1.21023
0.0648218
1.7083
0.499378
-0.134714
-0.25356
-0.106013
0.308651
-0.330089
0.107609
-0.715363
0.601129
0.416959
0.188327
-0.435527
-0.474778
-0.539316
0.024944
0.724383
-0.801904
-0.0714619
0.0953901
0.325148
-0.776335
0.323436
-0.467582
-0.611792
0.175317
0.798838
0.12527
-1.14186
1.28072
-0.744651
-0.224205
1.26134
-2.0823
0.0710476
-0.781437
-0.157322
-0.68945
-0.125655
-0.56205
-0.333136
0.921818
0.532185
-0.221902
-0.508102
0.724075
0.267414
-1.05177
-0.418009
0.136028
-1.19489
0.29203
-0.230777
0.351933
-0.444709
0.673154
0.182575
-0.269929
-0.0203941
0.0944261
0.162558
0.29369
0.77341
1.76899
