-0.309568
0.470232
0.218925
-0.424071
-0.21295
-0.27935
-0.34643
-0.784703
1.42744
0.140506
1.01632
-0.0281096
-0.781209
-0.366228
0.0645085
-0.538941
0.0178113
0.055715
0.107823
-0.938628
1.69611
-0.56509
-0.53268
-0.652932
-0.898876
-0.465996
-0.0822013
0.169012
0.19515
0.907289
-1.07782
0.715067
0.736897
0.955539
-0.571019
-0.464894
-0.212327
-0.962811
0.0593757
0.348767
-0.83696
0.188243
1.38156
-1.51997
0.0939796
-0.245569
0.613428
-0.468668
0.545437
0.234382
0.889482
0.0792385
-0.84015
0.220618
-1.24974
-0.609378
0.996651
-1.13202
-0.531719
0.0476489
-0.872713
-0.00324595
0.0866479
0.402375
-0.284024
0.101172
0.941254
0.693588
-0.061557
-0.172875
0.0773836
1.01807
0.34883
0.321249
-0.222377
-0.215972
-0.541215
0.224175
-1.03786
1.10613
-0.383099
-0.461419
-0.596796
0.0843541
2.07982
-0.352754
-0.849236
-0.859451
0.793849
-1.65099
0.471929
0.0044445
-0.183661
-1.01768
0.647979
-1.07165
-1.18224
-0.2316
0.0273593
-0.972996
1.16305
1.12703
-0.909271
0.61598
-0.729367
0.37877
0.816466
-0.0780195
0.925318
0.509138
-0.0955272
-0.748897
0.241875
1.06363
0.31064
-0.376306
0.34604
0.115963
0.226212
-0.220519
0.0201372
-0.959987
0.372588
-0.131096
0.175529
0.837317
1.05199
-0.0141052
-0.298965
-0.557719
-0.965257
-0.29003
1.10245
0.230696
-0.183752
-0.0982611
0.0553324
1.05022
0.180122
-0.325798
-0.565247
-0.056248
-0.520268
0.541223
0.543677
0.235666
-0.244197
-0.270793
0.255033
1.16955
-0.546774
-0.149321
0.157577
0.480988
1.13579
-0.018267
-0.0891109
-0.76215
-0.551632
-0.8544
0.78085
1.62786
-0.240402
-1.1009
-0.81567
0.973007
1.24327
-0.904246
0.475476
-0.346602
1.54603
0.400194
1.02989
-0.0921982
-0.383718
0.468128
-0.230835
-0.808258
0.547946
0.399172
-0.21873
1.30286
-0.35973
-1.31161
-1.25173
0.0696871
-0.072969
0.0507056
1.03918
-0.211934
1.64304
-0.274409
-0.496401
1.0126
-2.06499
0.655084
-0.784452
0.7607
-1.46775
-0.138266
0.571634
-1.34354
-0.650351
0.502608
-0.591686
0.466476
0.108168
-1.38274
0.473253
0.908391
1.17408
-0.159099
0.110588
-0.0483909
0.226131
0.468691
-0.505537
0.82376
-1.21244
-0.571667
0.0416636
-0.0297605
-0.19063
-0.232235
0.417647
1.60599
0.502845
-0.0533893
-0.123899
-0.724973
0.201207
1.7218
-0.931128
-0.254486
0.491926
-0.367693
-0.213739
0.0351602
-1.77698
0.671515
0.113139
-0.691738
0.559586
0.944003
-1.0602
-0.0643717
-0.704582
-0.545856
-0.43247
0.42051
-0.0763895
-0.0233724
0.572419
0.663476
-0.818644
-0.4818
0.296764
-0.80457
0.0641445
0.0237893
0.125081
0.19921
-0.71198
-0.375523
-0.791965
0.242634
-0.252901
0.0345203
-0.513396
1.50942
0.873963
-0.16648
0.673025
-0.104243
-0.441254
0.22081
-0.83048
-0.17907
0.47171
0.118317
-0.54009
-0.780271
-0.592844
0.0362726
0.0505727
0.559862
-0.370081
-0.0516321
-0.568011
-0.13783
-0.286287
-0.847804
0.157013
0.550545
1.30889
-0.343067
0.437006
0.670601
-0.638022
-0.606239
-0.680282
0.16467
0.0944248
-0.167948
-0.109742
0.186161
0.382513
0.437286
0.507447
0.465205
-0.23134
0.896897
1.47226
-0.97791
-0.204263
-0.818162
0.0527813
0.214538
-0.545362
-0.490406
-1.01482
0.410808
0.446368
0.505404
0.4213
-0.620226
0.452488
-0.111379
0.786979
-0.413228
0.939472
-0.751889
0.276349
-1.04989
0.858728
0.380623
0.541068
1.12993
-0.770663
0.100668
0.562104
0.76725
-0.76249
-1.24532
-0.241717
0.197749
0.409565
0.623671
-1.31169
-0.536384
-0.163116
-0.421094
-0.762798
-0.244926
-0.429462
1.84303
0.189018
0.388985
-0.982939
-2.38808
-0.602604
0.322245
0.38728
0.459289
0.629839
-0.53592
-0.683342
0.0445749
0.261781
0.030046
-0.713452
0.07488
0.712065
-0.799884
0.0886841
0.243976
0.317178
0.117496
-1.02607
-0.751479
-0.034716
1.33898
0.41147
-0.504395
-1.13719
0.00429503
-0.24275
-1.44976
0.643316
0.782575
0.771548
-0.315725
-0.488802
1.29897
-0.619308
0.368766
0.222439
0.913843
-0.681009
0.206307
-0.654042
0.688443
-0.330111
-1.39042
-0.679564
0.00744994
0.641902
-0.404267
0.207436
-0.0738879
-0.450386
-0.757785
-0.542944
-0.508792
-0.399816
-1.22676
-0.212299
-0.590623
0.0848319
1.32416
-1.09223
-1.65268
-0.298512
0.790558
-1.2654
0.919778
0.512682
-0.4502
-0.0189324
0.514931
0.717666
-0.999332
0.489695
1.70842
-1.06502
-0.087996
-0.0324607
0.064818
-0.624674
-0.0400495
-0.223623
0.597636
0.322972
-0.0363138
-0.076117
0.905344
-0.182692
1.12049
0.257842
-0.135902
-0.815557
-0.124697
-0.597252
0.917459
-0.0937263
-0.666489
1.24522
-0.213951
-0.0544896
-0.488227
-1.35221
0.0685866
-0.340456
-0.342134
1.15439
-0.54756
0.489618
-0.458852
-0.911264
-0.556824
1.45469
0.453557
1.10895
0.727393
0.341525
0.988899
-0.677797
0.364675
0.0618711
0.958602
0.369247
-0.742878
-0.879586
-0.271746
2.04731
-0.359863
-0.11405
-0.35306
-1.06182
-0.0723053
1.00278
0.656979
-0.0408626
0.721426
-1.18017
0.537513
-0.327084
0.486617
-1.26193
0.937532
-0.125891
-0.0727129
-0.234068
-0.10871
0.466538
0.286913
-0.745722
0.112975
-0.914902
-0.588617
0.179178
0.717243
-0.356795
0.239562
-1.28578
-0.754163
0.047635
1.3314
0.218271
0.770811
0.00391297
0.0608678
-0.919133
-0.668125
-0.241134
-0.175527
-0.341446
-0.573527
-0.874239
0.316042
0.317533
-0.438149
-0.48175
0.147671
0.945374
0.0771031
0.723486
0.27066
-0.44066
0.579779
-0.229088
-0.214536
0.582288
-0.246121
0.576663
0.100152
0.820722
-1.24641
0.852934
0.488951
0.578805
-0.347425
-0.213498
-0.0786493
0.941116
-0.431606
0.265946
0.654168
-1.14714
-0.825344
-0.845264
-0.271507
0.441373
-0.506701
0.0324496
0.347769
-0.557425
-1.2927
0.3727
-1.3092
-0.160689
0.217145
0.743375
0.14753
-0.151118
0.0155614
0.771349
-0.276393
0.466726
-1.11262
-0.171557
0.254401
0.10748
0.691746
-0.358985
0.335745
1.0504
-0.520888
0.104454
0.11044
-1.40738
-0.0187312
-0.375179
-1.45991
-0.662504
0.376647
-0.0529075
1.34437
-0.493143
-0.413757
-0.405063
-0.434194
-0.331936
0.945914
-0.189807
0.703938
0.504006
-1.01687
-0.0962629
1.09902
-0.0292232
-0.592343
0.435438
-0.270484
1.12481
-0.819546
0.00329839
0.796303
0.544054
-0.246897
-0.435937
0.75123
0.839125
0.346921
-0.709467
0.801341
0.379386
1.22106
-0.893335
0.107816
0.704636
-0.0288901
-0.0810061
-0.986008
-0.05266
-0.597957
0.651614
-0.1167
-0.358717
-1.02594
0.536666
0.245729
-0.650055
0.533402
1.11278
-0.110664
-0.37954
-1.03639
-0.82478
-1.03979
0.168024
0.409373
-0.0905425
-0.446899
0.0711831
0.109849
1.63977
-0.360088
-0.581377
0.90658
0.213828
0.478194
0.100176
1.09572
0.112115
-0.547247
0.940587
0.941135
-0.473038
0.193741
-1.48275
0.657241
0.604341
0.515869
-0.502263
-0.804182
0.200654
1.65217
-0.658371
-0.314179
0.908136
0.428074
-0.720524
-0.304559
0.0558547
0.274686
0.286425
-0.494697
-0.398425
-0.229472
0.647823
-0.074044
0.320449
0.565956
0.494701
0.458461
0.542808
-0.656135
0.250233
-0.158189
0.0763666
0.578805
-1.67414
0.839725
-0.0887542
-0.226807
0.643761
0.312233
0.362719
1.20559
1.31809
0.294271
-0.337908
0.825197
0.0414547
1.64259
-0.376839
-1.15862
0.819147
-0.218025
-0.597533
-1.23995
-0.228894
0.538467
-0.0612652
0.737436
-0.56739
1.57833
0.527352
-1.71095
1.03382
0.927224
-0.519545
-0.359074
0.0815835
0.0578076
0.487705
-0.36494
0.496294
-1.04428
-0.244784
-0.0716047
0.221284
0.805497
0.476596
0.814984
0.39808
1.04182
-0.201069
0.195568
0.61377
0.683693
0.57608
0.176097
-0.946313
0.254734
0.4579
-0.987997
-0.941554
-0.354916
0.391345
0.241406
-0.146893
-1.53208
-0.338515
0.881546
-0.0879179
-0.709953
-1.1831
-2.17164
-1.14959
-0.25658
-0.203609
0.334279
0.035888
0.117375
-0.0393055
0.795046
-1.54564
-0.319605
0.120236
0.384558
0.415215
-1.96687
-0.437167
0.574961
0.899241
0.317883
-0.503579
0.450457
-0.476982
0.745428
0.415312
1.4355
-0.000693871
-0.00853784
-0.0697703
1.01453
-0.170747
0.183212
-0.847854
-0.981007
0.307665
0.796032
0.488009
0.461611
-0.912309
0.310835
-1.27574
0.26918
1.71817
-0.682322
1.37029
0.608514
0.671704
-0.11063
1.31091
1.05065
-0.847616
-1.51342
-0.611304
-0.915175
0.172189
0.0879967
0.151788
1.054
-0.117805
-0.086284
0.692798
-0.938726
-0.690805
-0.839607
1.49506
-0.855895
-0.162593
0.288764
-0.0185002
0.335924
-0.179975
0.314305
1.11634
1.24397
0.317364
0.582237
-0.0220661
0.00555654
1.09909
0.201952
0.799986
-0.527402
1.04889
-1.14049
-0.140994
0.487103
0.776251
0.101651
0.479665
0.0581138
-0.830128
-0.687224
0.997629
-0.401254
-0.346322
-0.714037
-0.0380371
1.02351
-0.00565548
-0.7012
-0.519728
-0.369093
-0.414975
-0.0103596
0.495639
0.418661
-1.04432
-0.231141
-0.490849
-0.103408
0.662059
-0.193957
-0.339565
1.14193
0.655709
0.0822772
-0.120219
-0.280032
0.711336
0.419274
0.704357
-2.00545
0.391524
1.52874
-0.234415
0.89343
-0.136598
1.13005
0.455211
0.660338
-0.171459
0.49086
-0.635245
1.25763
-0.0634272
0.554849
-0.965229
0.701412
0.0513035
0.279775
0.0541995
-0.0233381
0.173187
0.338557
1.41472
0.458966
-0.644125
-0.179256
-0.534524
-0.0955267
-0.619009
-0.302806
-1.17035
0.936238
0.779994
0.336859
0.210466
-0.583821
-0.81172
-0.539607
-2.26074
-0.618315
-0.235103
-0.0419328
-0.240508
0.51846
-1.99484
0.966015
0.0235946
0.794738
-0.461792
-0.752466
-0.437943
-0.417314
0.0559815
0.641723
0.516067
-0.620631
-1.02442
-0.347147
-1.60329
-0.491706
0.548204
0.68296
0.000764767
-0.99149
0.816228
-0.314116
1.00316
-0.432721
0.36821
0.202297
-0.190709
-0.582598
-0.901177
-0.204649
0.360396
-0.226579
0.0677621
1.30405
0.501967
0.16406
0.0595709
-0.606007
0.630449
1.33383
0.672111
-0.0816952
0.0961359
1.02476
-0.848748
0.458162
-0.414968
0.563191
-0.858922
-0.207207
-0.362245
0.648188
0.0267355
-0.511364
0.47054
1.00385
-0.927163
0.901928
-0.163148
1.71465
0.130762
-0.0237267
-0.6438
-0.200354
0.685316
0.638187
0.0183646
-0.331006
-0.514654
0.575877
0.322106
0.090778
-0.584756
-0.0572517
-0.50933
-0.734208
0.130009
-0.396923
1.3406
0.106051
1.20752
-0.727725
0.0386558
0.572378
-0.0184035
0.470953
0.246413
0.523862
-1.58286
0.390505
0.797342
-1.04575
-0.722951
-0.499389
-0.188477
-0.650841
0.52005
1.63496
0.597062
-0.656056
-0.92139
-1.07602
0.289002
0.316143
-0.413711
-0.0955652
-0.252968
0.526748
0.268414
-0.824592
0.392244
0.429369
-0.763356
-0.73102
-1.14471
0.288185
0.547548
-0.622898
0.724931
-0.363765
-0.523969
-0.962536
0.725845
-1.56078
-0.526276
-0.214508
0.846454
-0.429787
-0.192133
1.00285
-0.815112
1.16289
0.0916465
-0.352389
0.182675
-0.781798
0.466996
0.810416
-1.55949
1.16239
1.01693
0.519384
-1.53181
-0.649089
0.564385
0.999732
0.938657
0.53916
-0.704052
0.496644
-0.389165
0.174908
0.70067
0.764784
-0.439535
-0.590798
0.0825667
-0.813371
0.193344
-0.187339
0.41159
-0.84823
-0.72066
-0.73781
-0.0643094
-0.0742979
-1.20842
-0.326978
0.358178
-1.50219
-1.64855
-0.659154
-0.587192
-0.0721428
0.0677131
-0.875061
-0.526995
-0.381406
0.816653
-0.0177061
0.237897
-0.374774
-0.413276
-1.16303
-0.571337
-1.19446
-0.693574
-1.05806
-0.493777
-0.788054
-0.763032
0.101005
-0.529573
1.01264
0.159925
-0.457835
-0.922633
-0.0648327
0.343414
-0.196671
-0.397234
-0.41245
-1.01555
-1.58285
-0.057095
-0.376323
-0.67677
0.052848
-0.32951
0.79407
-0.648837
-0.280271
0.300519
0.419843
1.01316
0.364835
-0.227016
0.580696
-0.200541
-0.323015
-0.0690261
-0.324119
0.0399343
-0.137365
-0.462361
-0.795711
-0.486672
-0.763472
0.39092
0.194341
-0.463142
0.208871
-0.7628
-0.624191
0.272813
-0.878091
-1.36138
0.272366
-0.825864
0.680019
-1.05368
0.618955
0.298066
0.572767
1.42627
0.659037
-0.0242775
-0.223788
0.439019
-0.0908439
-0.353904
0.666052
-0.108767
0.382115
1.03027
0.255352
0.447923
1.58838
0.520418
0.901245
0.540172
0.904164
0.226473
-0.850725
-0.341714
0.919592
-0.770336
0.309638
0.745055
0.0321569
0.850458
-0.211627
-0.620437
0.427927
-0.269825
0.0653516
-0.880375
-0.740085
0.488947
0.087461
-0.423814
-0.707723
0.289057
1.01589
-0.88434
0.667252
0.375958
0.186922
-0.210442
-0.315276
-0.913429
0.0808268
-0.778784
0.484562
-2.00663
0.0634828
-0.206171
0.250985
0.128019
-0.215827
-0.602408
-1.13831
-1.43475
-0.966321
-0.102153
-0.66653
0.489921
-0.832575
-0.197819
0.639078
0.276598
-0.136183
1.32641
-0.0826139
0.623097
0.188967
-0.263844
-0.244371
0.777862
0.251104
0.872472
1.33113
-0.0464328
-0.815816
0.131197
-0.587046
0.971378
0.339605
-0.609723
0.432104
0.911417
1.41794
0.574204
0.0481244
-0.627205
-0.319353
1.57172
-0.447613
0.977365
0.177169
-0.192654
-0.0430565
0.972049
0.737153
0.423069
-1.04337
0.461289
0.0826119
0.421103
0.340488
-0.394402
1.08132
-1.88301
0.837803
0.0107305
-0.621904
-0.763888
0.750726
-0.222017
0.121096
-0.201341
0.358829
0.461054
-0.4214
1.44677
0.124318
-0.361785
-1.4151
0.0926977
0.860505
-0.187124
-0.463816
-0.585916
0.471978
0.491617
0.948889
0.836636
0.611808
-0.390362
0.100134
-0.96529
-1.06297
0.110959
-0.64619
-1.1105
0.301876
0.417712
-0.110259
-0.623076
-0.0906447
1.86139
0.395676
0.0280729
0.853426
-0.536479
0.271282
-0.840357
1.01833
0.191459
-0.384105
-0.277738
0.730637
0.557545
-0.152968
0.0732701
-0.4868
0.213783
-0.933381
-0.351876
-1.14059
-0.448533
-0.289662
0.112284
0.00919459
-0.450966
0.808048
-2.03791
-0.595341
-1.00245
-0.60298
-0.861762
-0.441462
-0.287437
0.761528
-0.547659
0.629715
0.17447
0.412353
-0.866636
-1.05296
0.971689
-0.478392
0.725111
0.147971
-0.857756
-1.06027
0.953929
0.883209
-0.310001
0.266263
-0.573586
-0.599002
-2.15226
-0.897769
0.332492
1.51093
1.11728
-0.928172
0.134741
-0.827295
-0.793108
1.01837
-0.0489443
1.52152
-1.79247
0.00848014
-0.414543
-0.153153
0.0804083
0.147132
1.20293
-1.0654
1.60613
-1.30196
0.00851127
-0.405884
-0.223295
-0.0695763
-0.86032
-0.670669
0.908697
0.157131
0.167258
-0.842313
0.0350169
-0.502126
1.29691
-1.16036
-0.944092
0.640417
-0.278418
0.0817345
0.908793
2.24188
0.209137
0.140065
1.02271
0.148162
0.902484
-0.655291
1.09976
-0.449203
0.808301
0.461929
0.683103
-0.414765
-0.321189
-0.835236
-0.248627
-0.935322
1.01333
-0.692429
1.36917
0.368878
0.290162
-0.446639
-0.767065
-0.0349624
0.33285
0.437081
0.000806802
-0.563407
0.583242
-0.504239
-0.353432
-0.802201
-1.08032
0.355155
-0.329934
-0.579928
-0.344608
-0.28393
-0.322672
-0.297775
-0.462353
-0.408697
1.42156
0.00651672
-0.916313
-0.332474
0.486691
0.677607
0.647878
0.193877
0.124703
0.695665
0.468241
0.288841
0.158124
-0.311712
-0.0446549
-1.2033
0.149173
0.176539
0.262543
0.856548
-0.31778
1.21552
0.711981
-0.590582
0.281713
-0.349081
-0.525573
0.00572583
-0.0766599
-0.858148
-0.264093
0.802299
0.868019
-0.830036
0.569561
1.18716
-1.04694
0.943339
-0.263462
-0.580534
-0.336566
0.134236
-0.0397343
0.587433
0.43918
0.660755
1.48141
0.148689
0.515986
-0.680566
-0.53107
-0.620816
-0.523784
-0.377888
0.135921
1.23177
-0.0739331
0.00643048
1.25564
1.50421
-0.295863
0.0908769
0.727948
-0.0500391
-0.0380732
0.600978
-2.79243
-0.185465
0.0923582
0.428141
-0.625577
0.0290834
-0.817807
-0.374871
-0.167659
0.154775
0.953204
-0.86723
-0.973445
0.613353
-0.270552
0.00782321
0.0478833
-1.5063
-0.305227
-0.134007
-0.598531
-0.897647
-0.895314
0.199296
0.0841748
-0.596774
0.97996
-2.04638
-0.812649
0.613807
0.595051
-0.191382
-0.115107
1.10484
-0.882074
1.65354
-0.130365
-0.0183439
1.30512
-0.175779
1.53533
1.46857
0.117255
-0.783741
1.41685
-0.560883
1.53945
0.827436
0.0221525
-0.573344
-0.0527721
0.137229
-0.360762
0.144437
0.494626
0.40728
-0.878477
0.461186
-0.54185
0.680358
0.925398
0.421818
0.121528
0.195195
0.191363
-1.34524
-0.0247879
-0.332627
-0.21389
-0.227789
0.508739
0.257435
0.530141
-0.124851
-0.790847
-0.315731
1.05783
-0.635266
1.0368
0.351476
0.719473
0.735565
-1.19692
1.14586
0.0930081
-0.932139
-0.366963
0.295977
-0.511165
-0.891302
0.624516
-0.854054
0.190087
-0.986813
-0.67942
0.396983
0.263469
-1.90378
0.858414
-1.4465
-1.81092
0.649136
0.0652411
0.619615
0.447754
1.09237
0.596612
0.766432
0.275529
0.737984
0.805744
0.352051
0.102132
0.273252
-0.801319
0.648753
-0.335311
-0.701401
0.120396
0.283424
0.372631
-0.143228
-0.944795
1.07928
-0.526646
1.14132
-0.698009
-0.085573
-0.0264174
0.177296
0.623562
-0.548329
-0.319783
-0.109596
-0.361305
0.424768
0.343227
-0.941606
-0.881145
-0.418789
0.0536456
1.13961
1.01463
-0.623836
0.0643074
-0.274504
-0.288409
-0.128882
0.122615
-0.653799
-0.69521
0.0531217
0.0566405
0.418746
-0.871566
1.01531
-0.979284
-0.307815
-0.314626
-1.82672
0.16053
-0.0297014
-0.272359
0.610604
-0.419426
-0.209373
0.591792
-0.241395
-0.437699
-0.818592
0.920941
0.408096
1.34867
-1.38909
0.558984
1.30364
-0.565364
0.627806
-0.377237
-0.303913
-0.153434
0.120596
-1.02361
0.0117605
-1.4298
0.35836
-0.478896
-0.405005
0.168236
1.05053
0.579603
-0.797558
-0.103507
-1.51816
0.415615
-0.63778
-0.111228
0.45859
0.0406681
-0.0369764
0.938927
-0.299236
-0.957377
-1.12023
-0.58502
0.281365
1.76615
0.505719
0.675442
-0.988463
-0.617523
1.06823
-0.371841
-0.682992
-0.548574
-0.457775
-1.27053
-0.382424
1.20114
-1.24763
-0.75431
0.202449
-0.205412
0.822344
-0.660241
-0.715759
0.0599087
0.991513
0.351359
0.132007
0.239626
1.08244
0.182405
0.556039
-0.820715
-0.137096
0.160464
0.988598
0.71124
0.799476
0.890777
0.0217957
0.278661
-0.556528
-0.456874
-0.243718
-0.0275347
0.249406
0.388272
-0.189928
1.88108
1.81744
-0.236424
-0.365331
0.233544
0.0091997
-0.290859
0.167028
2.01082
-0.0891457
0.947675
0.316757
0.599052
-0.384051
-0.564207
0.413262
0.00211472
0.661736
0.0433219
-0.452321
1.03736
1.72957
0.634525
-0.453081
0.243874
-1.20041
-1.22901
-1.78992
0.650887
0.38118
-1.63688
-1.26985
0.00259957
0.381315
0.266999
0.894794
0.483784
-0.220557
0.355777
0.533733
-0.788302
-0.830358
1.01783
-0.794554
-0.281185
0.37365
0.652831
-0.25858
0.732554
-0.474864
0.138162
-0.16754
-0.530107
0.880964
-0.185955
0.204491
-0.379305
0.519171
0.334589
0.781341
-1.29867
-0.539591
-0.399916
0.919839
-0.122522
0.296038
-1.61599
-1.3
-0.185303
0.408211
-0.2684
-0.49124
-0.167999
-1.24813
-0.0946957
0.788538
-0.873097
0.0914166
-1.03668
-0.849021
1.32755
0.0663585
0.891312
-1.27103
0.520429
-0.515412
-1.15707
0.637925
0.34099
0.825003
-0.146872
0.147354
-0.292619
0.38005
0.547765
1.10088
-0.902125
0.86826
-0.630662
-0.328225
-0.553973
-1.40354
-0.0725026
-0.483113
1.077
0.838455
-0.34576
0.177728
0.0311356
0.36733
-0.774878
0.376619
1.08866
0.521203
0.464941
-0.118981
0.415922
0.742149
1.52713
0.92795
0.105334
0.91225
-0.694435
0.295288
0.272242
0.0297056
0.118758
-0.0692288
-0.798035
-1.72303
0.0407388
-0.122236
-0.324883
0.780575
-0.434517
0.582942
-0.0168295
-0.192876
-1.08783
-0.204291
1.64941
-0.466839
0.0110712
0.269206
-0.266668
0.634395
-0.305023
-0.970135
-0.768738
-0.456144
-0.245775
0.0772792
-0.516602
0.060636
-0.29406
0.484547
0.434732
0.51776
0.464015
0.0746744
0.635368
-0.134033
-0.249203
0.566603
-1.18175
0.863921
-1.20581
-0.451012
-0.323784
2.07057
0.078304
-0.399175
0.484245
0.390697
0.669834
0.469551
1.07765
0.305353
0.278666
0.0890241
0.984998
-0.938203
0.84286
0.560116
-0.607369
-0.0775177
-0.0230569
-0.899812
-0.132077
1.26219
-0.578173
-1.65547
0.316215
0.0913288
0.383755
0.505332
-0.628069
0.205292
0.28532
-0.927417
-0.10581
0.13459
0.677864
-0.364849
0.301839
-0.275535
-1.06949
-0.959974
-0.360578
-1.88304
0.339166
-0.133767
-0.543194
-1.17522
0.357325
0.402805
-0.377077
-0.0024837
-0.529649
0.51679
0.0589405
-0.91311
1.12158
0.349026
-0.893688
-0.304835
-0.0427758
0.179185
0.902799
0.400948
0.0948454
0.154085
-0.607654
-0.473758
0.734755
0.107944
-0.225645
1.32769
0.0318485
0.722213
-0.14932
0.73128
0.161706
0.533976
0.50488
0.0179404
-0.204035
0.239169
0.116006
0.0993151
0.1522
-0.509535
0.494338
0.378832
-0.226353
-0.153368
-1.01946
1.33349
1.15809
0.0385196
-0.467324
-1.04375
0.158437
-1.53929
0.199668
0.548373
-0.351339
-0.652946
-0.301169
-0.0319927
-1.1541
-0.370862
-0.140257
-0.0388633
-0.594385
0.184207
0.582995
1.71423
-0.793257
-0.390922
0.100922
-0.69464
0.409092
0.351775
-0.264534
-0.277489
-0.119974
-0.926621
0.363335
2.17286
-1.0553
1.3269
1.13622
-0.153126
-0.40732
0.224923
-0.305689
0.523168
0.765569
-0.322194
-0.449443
0.934123
-0.690006
-0.191498
-0.00728395
-1.46646
0.676185
0.0299947
-1.29297
0.781674
-0.296785
-1.0198
0.480586
0.199444
-1.68786
-0.335564
-0.240827
-0.361768
-1.38893
-0.0732573
-0.600018
0.114551
0.20631
-0.157019
-0.462354
0.839071
-0.599365
-0.268266
0.510071
0.248844
-0.599587
-0.319598
-0.949392
0.352252
0.64154
-0.174805
-0.580969
0.200896
-0.0206602
-0.586488
0.994324
0.219647
-1.46831
-1.21736
-0.207954
-0.0557325
0.214158
-0.288493
0.359535
-1.99433
0.632282
0.451666
0.812979
0.553261
0.425134
-0.783155
-0.297206
0.000688519
0.442509
-0.471942
-0.238801
0.520981
0.271535
-0.445434
-0.445524
0.692225
-0.107762
-0.71349
0.594162
-0.541548
-0.645199
-1.24851
0.191144
0.455147
-0.414899
0.314018
1.00461
-0.323481
-1.06847
1.11864
-2.05935
0.979752
-0.39551
0.797455
-0.132468
0.584107
0.454546
0.65575
-1.59683
1.26129
-0.15728
1.8132
-0.29371
0.49725
0.453664
1.41206
-1.19597
-0.900885
-0.519285
0.639102
-0.747459
-0.134352
1.02285
0.620487
-0.698176
-0.326444
-0.678065
0.506183
0.729424
-1.24993
0.409077
-0.0426579
-0.512682
0.0824388
0.605654
-0.0951911
-0.50986
0.178229
-0.595927
0.646185
-0.0630566
0.759162
-0.51696
-0.778427
0.566385
-0.126192
0.328117
-0.474468
-0.320786
-0.148234
-0.513267
0.812026
-0.981851
-0.700617
0.325139
-0.922116
0.2405
-0.671357
-0.657118
-0.549232
-0.0773888
0.307077
0.0571017
-1.03879
-0.312313
0.453885
1.41442
0.316222
0.846114
0.371183
-0.282024
0.965349
-0.593929
-0.0955012
-0.715533
-1.212
0.897841
-0.95388
-1.23743
-0.24818
-0.209025
0.127915
0.252107
0.178804
-1.51911
-0.857233
-0.12278
0.501282
-0.255017
-0.27289
0.341539
1.92423
-0.180961
0.425492
0.214636
0.403872
-1.36025
-0.742004
-0.186637
-0.76845
-0.349878
0.377577
0.253939
-0.805937
0.594002
0.504325
-0.176287
0.654717
0.501289
0.376453
-0.162248
-0.837158
-1.25823
-0.0154597
-0.260632
-0.233842
-1.31837
0.773737
-1.47689
-0.335626
-0.27036
-0.128301
0.162796
-0.594501
1.81364
-0.0239128
-1.21205
0.929292
-0.535116
-0.836438
-1.1191
1.10752
0.062269
0.186484
0.18511
-0.223651
-0.00285407
0.781762
0.637885
1.15719
-0.00382503
0.556552
-0.852265
0.299977
0.827735
1.61432
-0.315854
-0.742429
-0.00955113
1.48469
1.20937
-0.600756
0.216617
0.615482
-1.29187
-0.041208
0.135018
0.121839
1.04633
0.360382
-0.182241
-0.511926
-0.896253
0.474392
-1.86383
-0.805643
0.0521635
0.852086
1.2449
-0.139612
0.0981266
-0.141813
0.11507
0.651317
-0.816626
0.733196
0.896516
-0.378092
-1.37998
0.590635
0.30776
-0.0423347
-1.53038
-0.259689
-0.34333
0.000538162
0.519596
0.817625
0.736246
0.848013
0.612866
-0.0629348
0.162143
-0.257595
-0.316595
-1.30185
0.578539
1.27283
0.941965
-1.0485
-0.474154
0.518581
0.43953
-0.00721322
0.764043
0.721144
-0.817539
-0.915177
0.357015
0.404623
-0.366217
-0.0793681
0.357492
-0.423736
0.200605
0.682946
-0.735101
0.711374
-0.0313073
0.256887
0.855711
-0.678657
-0.442459
0.0137081
-0.310673
-1.31051
0.87126
-0.346165
-0.790946
-0.0185229
0.279237
0.884142
0.0954382
0.349233
0.496471
-0.450835
-0.571842
0.147814
-0.392955
0.348086
-0.367595
0.5933
0.6677
0.653389
-0.277678
-0.297237
0.526324
-1.48149
-0.441689
0.398545
0.788719
1.1913
1.30304
-1.26413
-1.66241
0.528104
0.788158
-0.375029
0.325839
-0.111049
-0.00801416
0.884735
1.40634
0.89943
-0.655774
0.659201
0.211788
-0.290302
-0.142524
-0.346448
0.862726
-0.829555
0.656688
0.94427
-0.569301
-0.333604
0.277658
-0.301066
-0.365473
-0.364589
0.654768
-0.951173
-0.311645
-0.2948
1.53564
0.168074
0.595206
-0.138165
-0.508975
-0.0652015
0.207543
-0.399739
-0.314071
0.254022
1.02753
0.0840832
-0.28665
-0.787762
-0.345015
1.22705
0.047576
-0.17181
0.883726
0.230446
-0.0705384
0.773535
-0.327554
-0.0399052
0.0358596
-0.367187
-0.48444
-0.339047
0.0376804
-0.227243
1.34337
0.272321
0.859023
-0.0103003
0.000261265
0.0476984
0.531147
0.362103
-0.15732
-1.58644
-1.3395
-0.212398
-0.0560798
-0.612682
0.705717
-0.835851
-0.0543019
0.291636
-0.0416398
-0.103146
1.38518
1.00334
1.0806
-0.646818
-0.475828
-0.195258
0.190196
-0.907123
0.186316
1.01877
-0.396586
0.194959
-0.169789
-0.762694
0.599626
-0.374269
0.488692
-0.783022
-1.41408
0.639009
0.370108
0.811079
0.818259
-0.706027
-0.284506
-0.696498
0.751931
-0.462755
-0.313534
0.151676
0.0165923
1.35411
-1.9444
-2.18518
0.993309
-0.0271815
1.06506
0.428324
0.104562
-1.54312
0.64919
0.568842
1.06282
0.407681
0.114202
-0.601845
0.12085
0.829855
1.77583
-0.156242
0.67946
0.356476
-0.0199309
0.45076
0.791551
0.260782
-0.617701
-0.134741
0.342402
0.149306
-0.78044
0.736726
-0.638932
0.027338
0.126996
-0.209305
-0.214344
0.351805
-0.744993
-0.264461
-0.643411
0.96078
-0.140634
0.821892
0.236691
-0.0561611
-0.115283
-0.662129
0.681461
0.0975762
-0.668744
0.127295
-0.00155082
0.355201
-0.699284
0.689442
-0.230723
-0.0616461
0.340424
-0.366706
-0.510219
0.171586
0.347701
-0.553178
-0.0270026
-0.0773888
-1.21098
-0.45127
-0.702051
0.296712
-0.369257
0.921596
-0.670271
0.518983
0.143658
0.55473
0.899293
-0.376814
1.34438
-0.705528
-0.222108
-0.177424
-0.381565
0.320809
0.248963
0.278604
-0.109234
0.470962
-0.279872
1.85864
-1.44661
-0.845437
1.26827
0.0314922
0.25356
-0.335319
0.846733
-0.123027
0.332186
0.293467
0.499438
2.0751
-0.372966
0.330736
-1.65504
0.428602
-0.174713
0.0183493
0.0858796
2.27915
0.587949
-0.830393
-0.807812
-0.328993
0.445238
-0.593619
0.74222
-0.974279
0.101293
0.128235
-1.09959
1.64921
-0.402305
0.135838
-1.81166
-0.250897
0.689597
0.83376
-0.880384
0.968353
-0.333616
0.330506
0.348766
0.189764
-0.182902
-0.157174
0.568262
-1.11791
0.640362
-0.53169
-0.314931
-0.494694
-0.0194563
-0.489833
0.207728
1.19324
-0.195241
-1.20999
0.387602
0.303311
-1.36371
0.439037
-0.444909
-0.400747
-0.710121
0.727788
-0.157939
-0.188924
0.566933
-1.46387
-0.182227
-0.100503
-0.652282
-0.803028
0.172674
-0.746108
-0.0148396
1.39156
0.100969
0.0826867
-0.845243
-0.480648
-0.455793
0.339507
0.628334
0.417831
-0.821165
0.354204
-0.34475
-0.120123
0.662173
-0.0255778
-0.192381
0.252024
0.185615
-0.201359
-0.748139
-0.655905
0.691301
-1.27113
0.0839177
0.271159
0.011486
-0.991933
0.901274
0.888165
-0.0592081
0.470284
-1.091
-0.274383
0.260073
-1.08164
-0.729676
0.860526
0.242303
-1.27173
0.579179
0.516213
1.14696
-0.364197
0.72905
-0.0870054
1.31424
0.247295
0.393056
-0.267942
0.200065
0.52356
0.0478351
0.238098
-0.927343
0.901566
0.0406856
-0.138475
0.28022
-0.650622
0.169753
-0.0426304
0.30801
0.50565
-1.40912
-0.515886
0.149234
-1.01016
-3.12037
-0.666963
-0.642354
0.762145
1.43317
-0.585429
-0.78742
-1.55553
0.120681
-0.154563
0.42303
-0.236013
-0.56845
-1.70711
0.0139583
0.401178
-0.694255
0.430751
-1.30519
0.487443
0.314549
1.01919
-0.797995
0.150628
0.00387209
-0.718567
1.41143
-1.97402
-1.43158
1.01744
0.576678
0.400213
-0.356936
0.103422
0.415856
0.514543
0.469401
-0.0380135
-1.26274
0.274479
-0.0367521
-0.0311096
0.060151
-0.656038
-1.30309
0.168162
-1.17927
-0.666418
-0.781494
0.929784
-0.477888
0.41116
0.540366
-0.466329
1.00055
0.121215
0.337735
-0.148868
-0.163979
0.37635
0.225247
0.37845
-0.665532
0.697669
-1.26874
0.853135
0.702211
-0.252349
1.11281
0.897045
0.813
0.544558
-0.245282
-0.854925
-0.447484
-0.236282
0.354249
-0.404803
-0.369366
-0.333103
0.123122
1.12832
-0.204941
-1.03715
0.349327
1.41524
0.545862
0.452209
0.779425
-0.284849
-0.404612
1.44476
-0.549944
-0.484176
0.109967
-0.363696
-0.466269
-0.670481
0.935429
-0.656503
1.81244
-0.255376
0.0517378
-0.477365
-0.699631
-0.589473
0.165459
-1.25195
0.814157
0.262128
0.506685
-0.1474
0.702721
0.10778
0.182766
1.03662
0.359069
0.177413
-0.121681
0.320648
-0.367543
0.251868
-1.55679
-0.870703
0.771909
0.270721
0.193398
-0.335814
0.460828
1.07673
0.869035
-0.268413
-0.144738
-0.412378
0.149188
0.256125
0.125207
0.388126
-0.292027
0.068637
0.554125
1.78078
0.841182
-0.371597
0.314552
0.558436
0.135759
1.40032
-0.026189
1.79256
0.171651
0.52233
-0.465729
0.33061
-0.546213
-0.399004
-0.973179
-1.65997
-0.657083
-0.30844
0.225259
1.48789
0.00294711
-0.421057
0.883196
-0.331298
0.636312
0.62286
0.0815683
-0.297174
1.44922
-0.772857
-0.9926
-1.08689
0.350781
-0.275687
0.340168
0.551581
1.58879
0.879731
0.437067
-0.888092
-0.958803
-0.234802
1.67262
-0.751499
0.937296
0.980817
-1.37406
0.227044
1.19073
-0.216539
-1.01207
1.36599
0.0685288
-0.802769
-1.00382
-0.50967
-0.539431
-0.510678
-0.509534
-0.379113
-0.222025
0.974294
-0.149599
0.426507
0.566311
0.50635
0.159305
0.580749
-0.0447559
-0.889728
1.79176
-0.1237
-0.0374544
-0.24397
0.475992
0.288813
-1.15397
0.229306
-0.700964
0.0323683
-0.714992
-0.846948
0.0139397
-1.8799
-1.62675
1.53083
0.967665
0.0759996
0.868641
0.642184
-0.674215
-0.391631
-0.301815
-0.142301
-0.244453
-1.02089
0.0194088
0.485145
-0.0489365
0.0680677
1.08499
0.433714
1.01071
-0.208789
-0.114139
-0.191576
-0.465836
-1.95893
-0.293881
-0.55003
0.127073
-0.91421
0.332447
-0.254569
0.0016998
-0.231813
0.142337
-0.916662
-0.0505891
0.381824
-0.123441
0.253259
0.112906
-0.7223
0.429153
0.388213
-0.375776
1.53908
0.193994
-0.591893
-0.0150381
-1.23018
0.41117
-1.09943
-0.727971
0.694246
0.450276
0.602857
-0.118767
-0.8092
-0.304045
1.28622
0.568271
0.154825
0.286151
-0.16999
-0.0387513
0.155956
0.512458
-0.812819
-0.237818
-0.507426
-0.175076
0.32805
0.395228
1.83577
0.105256
-0.33733
-0.250957
1.12182
-0.367944
-0.344631
-0.28012
0.0664533
0.514864
-1.02037
-0.396769
-0.463165
-0.47011
0.00293982
-0.0813659
0.606267
0.95168
1.08783
1.33465
-0.494433
-0.476793
0.523683
1.1075
-1.2403
0.20404
-0.875345
-0.323853
-0.734536
0.856268
0.0743388
-0.478999
-1.13512
0.582148
-1.14603
0.38037
-0.380462
-0.683138
-0.128083
0.937234
0.894297
0.570829
-0.112523
1.16061
1.48332
0.160067
0.0258093
0.369285
-0.221646
0.114836
0.795666
0.00391345
0.00272237
0.241017
-0.388427
0.120036
0.641962
-1.64823
0.362161
-0.197173
-0.296943
-0.0806154
-1.72368
0.515292
-0.0597646
0.877242
-0.758838
-0.45332
0.255265
0.210167
0.0270922
0.339628
-0.811266
-0.732059
0.553517
0.53581
-1.32777
-0.0459501
0.321545
0.604479
0.41962
0.51639
-0.430721
0.153777
-0.1099
0.158528
-0.852928
0.945105
-0.308458
-0.957001
-0.296462
1.55571
-0.283448
1.9426
-1.2448
-0.0329944
-0.206585
1.05984
-0.0725934
-0.107281
0.600743
-1.16047
-0.149842
0.133028
-0.527181
0.61531
-0.569524
-0.340639
0.961442
-0.104867
-0.373513
-0.937079
-0.387748
0.0924904
-0.645068
0.168666
-0.583627
-1.4123
0.491662
0.604214
-0.72759
0.444391
0.155952
-0.251422
1.47767
-0.284702
-0.0817392
0.155938
-1.563
-0.0161621
0.853205
-1.46951
0.230041
-0.427858
0.550748
0.023717
-0.0432644
0.790291
0.726771
-0.413624
-0.440751
0.463103
1.20452
-2.37049
0.195234
-0.0676603
-0.62134
0.108178
-0.83718
0.334273
0.759887
-0.0563132
-0.120479
0.129181
0.362792
0.698166
0.555336
-0.302624
-1.37073
-0.271473
0.0454613
0.161631
0.458889
0.311038
1.11714
-0.708408
0.783209
-0.246494
-0.980521
0.122354
-0.859464
-0.589831
-0.474566
-0.173175
-0.20924
-0.438561
-0.103806
-0.747892
1.94141
-1.25332
-0.298981
-0.70368
1.18927
-0.0100005
0.293866
0.63716
-0.415308
-0.450237
0.0883815
0.146872
-0.292084
-0.314288
-0.502416
-0.994218
-1.32025
0.660664
0.583396
-1.66577
-0.0681953
-0.373213
0.142029
-0.0913306
-0.527463
-0.363994
-1.14603
0.237244
0.389503
0.255817
0.705429
-1.60756
-0.0257475
0.870153
1.03345
-0.381073
1.77681
0.334493
0.00538373
-0.480781
0.964559
-0.989056
-0.780542
-0.0107865
-0.267752
-1.53172
0.229225
0.632102
-0.0620272
0.540871
0.441397
-0.57855
1.79489
0.293982
-0.670839
-0.0764533
-0.0307264
-0.0460694
-1.32683
-0.460399
-0.248872
0.0765409
-0.664358
0.295412
0.207578
1.07916
-0.692478
0.163717
-0.694991
0.311717
-0.69107
0.157665
2.22868
0.217849
-0.176416
0.292748
-0.645333
-0.274175
-0.244909
-0.0724539
-0.380068
0.114272
0.00177636
0.97597
-0.229813
1.02586
0.201884
-0.415146
-0.00137158
-0.291966
-0.665398
0.221872
-0.071486
0.211537
-0.65098
-0.681293
-0.315762
-1.55272
0.155291
0.198279
-0.0146614
-1.13334
0.195773
-1.37077
1.10674
-0.294053
0.414667
-0.0230779
0.756523
-0.185373
-1.00072
0.539436
0.391957
-0.923203
-0.480762
0.426103
-0.938044
0.14062
0.663778
0.583609
-0.00505054
-0.545332
-0.895323
-1.15651
-0.952088
0.0411312
0.509295
-0.737481
-1.47595
-1.08908
-0.507537
1.39484
0.284053
-0.930781
0.383948
0.391573
1.01567
0.482526
-0.0768839
-0.282464
0.00445042
0.0367232
1.70405
-0.747364
-1.097
-0.890211
-0.756272
0.602904
-0.70966
-0.132878
-0.82335
-0.340153
-0.281048
-0.254669
0.000453891
0.505806
-0.518096
0.316028
0.212664
0.277205
0.669966
0.679344
0.232629
0.0824183
-0.780583
-1.62996
0.317655
-1.1189
0.461783
0.453414
0.384637
-0.204031
-0.098916
-0.417215
0.330834
0.64525
0.740359
0.967993
0.732076
-0.394702
-0.556057
-0.693118
-0.371922
0.173454
-0.573649
0.355025
-0.615144
-0.728677
0.253606
-0.689914
-1.34632
0.500887
0.90176
-0.886944
-1.27133
0.292968
-0.466595
-0.671168
-0.506402
-0.228885
-0.29564
-0.583807
-0.242773
-0.353762
-0.41686
0.0246689
-1.04152
-0.302545
-0.722745
0.993425
-1.12866
-0.115479
-0.307193
-0.572503
-1.05079
-0.935111
-0.739144
-0.420077
-0.885719
0.821632
-0.00462896
0.125985
-0.517307
-0.715342
0.562691
-0.322145
0.0160744
0.514666
-0.18244
0.399481
-0.542943
0.510057
0.248015
0.195082
0.279884
-0.972241
0.924303
0.327625
-0.0439538
-0.191998
-0.250368
0.903781
0.816551
0.365597
-0.929712
-0.812162
-0.328113
-1.08124
0.746517
1.54614
-0.682247
-0.122793
0.27853
-0.965613
-0.986704
-0.304893
-0.375043
0.574461
0.238321
0.0393434
1.09444
1.06582
-0.902984
0.293062
1.34954
-0.837379
0.283286
0.669838
-0.143339
0.103264
0.757006
0.393326
0.234491
0.125599
1.11234
-0.819932
0.220688
-0.342014
0.602484
-0.0641092
0.466648
0.802254
-0.149482
1.02302
-0.92138
-0.484129
0.369726
-0.100569
-1.23023
0.164439
0.692594
0.736627
0.250861
0.350299
-0.261221
0.138816
1.56809
1.50721
1.65305
0.302256
-0.197733
1.05169
-0.132852
-0.331787
-0.385376
-0.0725132
0.237221
-0.684687
0.361968
-0.0369592
1.33401
-0.786915
-0.8632
-0.26848
-0.170373
-1.17166
-0.0425715
-0.16917
0.796151
0.0627167
-0.406605
0.899153
0.276071
0.12573
0.431466
-0.0518256
0.47921
-0.636786
-0.192945
-1.32098
-1.00986
0.419164
0.107059
0.753389
-1.32144
-1.6269
1.43027
-0.130459
0.326849
1.28919
0.164969
0.751915
-0.244162
-0.322427
0.419908
-0.156834
-0.10847
-0.359909
-0.825695
-2.02085
-0.223104
1.11197
-0.537372
-1.51036
0.620629
1.75956
-0.461227
0.116258
1.05772
1.27853
-0.531775
0.00361936
1.27304
1.14513
0.0681994
-0.469163
-0.662445
-0.0797238
0.560166
0.102914
1.11477
0.606837
-0.0411041
-0.0677464
1.60378
0.189799
-1.11668
0.42345
-0.8387
1.58251
0.939612
0.308721
-0.346626
0.404634
0.562807
0.896651
-0.16442
-0.569229
-0.496633
0.558079
-1.19233
-0.695866
0.384827
-0.691189
-0.00542384
0.535532
-0.244597
-0.50342
-0.0146497
-0.275706
0.489867
-1.32775
0.0195836
-0.708966
0.863394
-0.0315535
-0.373434
-0.587411
-0.574439
1.09322
0.47648
-0.307494
-0.443189
0.0268313
0.119099
0.65496
0.181057
0.549777
-0.851221
-0.301512
-0.795147
-0.235698
0.614536
-0.836176
-0.539481
0.203331
0.219504
0.147828
-0.728533
-0.757431
0.471496
0.708829
-1.12312
-0.673145
0.463083
0.0379311
0.86281
0.680081
-0.649174
1.63912
-0.783043
0.715121
1.4399
0.138839
-0.458976
-0.884046
0.31203
-0.0926164
-1.60959
0.0759735
0.051067
-0.49971
-0.335317
-0.414417
0.153616
-0.445618
-0.0763306
0.446439
0.437416
0.430856
-1.57386
-0.590486
-0.127078
0.187688
-0.739973
-0.320585
-0.738008
0.441835
-0.540919
0.451523
-1.78781
0.652812
1.0485
-0.579478
1.86878
0.159422
-0.030627
0.291666
0.0726982
0.0364629
0.918579
-0.79716
-0.028973
0.737279
-0.111502
0.735826
-1.08466
-0.726573
1.04206
1.17095
-0.823137
-0.737393
0.217769
0.646242
-0.976244
0.195547
-0.832677
0.87568
0.0266805
-0.887906
0.089016
0.0771313
-0.789187
-0.100502
0.532909
-0.956971
0.47895
0.0994542
-0.64331
-0.34252
0.0828396
-0.259487
-1.03142
0.242613
0.818381
-0.282273
-0.187441
-1.56272
1.61703
0.582652
0.0814413
-1.06778
0.62061
-0.602264
-0.401252
-0.0861397
-0.308856
1.21124
0.0397089
0.274867
0.508013
-0.414852
0.532968
1.14451
0.673745
-1.12214
0.54252
-0.0148919
0.754736
0.170254
0.884175
-0.465047
1.38123
-1.15016
0.406127
1.18625
0.01764
-0.124284
-0.0449506
-1.88391
-0.210822
-0.332053
-0.09289
-0.658955
-0.030449
1.30268
0.0677765
-0.30605
0.437311
0.217356
0.757945
0.596042
-0.0483011
0.820331
-0.524586
-1.1035
-0.184803
1.72556
0.185986
1.19792
0.843783
0.417845
-0.189564
-0.403262
0.919489
-0.398552
-0.526392
-0.532329
-0.860465
-0.224148
1.41547
0.0157
-0.562499
-0.769191
0.345222
0.0460725
-0.906815
0.449293
0.300926
-0.789534
0.94475
-0.66842
0.398521
0.776923
0.17806
0.10688
-0.479754
-0.212322
-1.11557
-0.404917
-1.47406
1.34893
0.34147
0.235188
-0.034712
0.808347
1.23668
0.577755
-0.421436
0.771437
-0.270487
0.752061
0.524335
-0.69678
0.107688
-0.300449
0.485065
0.555353
-1.2592
-0.337765
0.552839
-0.788429
1.4261
-0.877572
0.426379
0.00120343
1.49768
0.579366
0.158856
-0.375213
-0.595222
0.349391
-0.43604
0.765822
0.0969984
0.609552
-0.844904
0.999183
0.00531644
-0.313735
-0.209855
0.332089
0.379319
0.120774
-0.7799
0.262586
0.547773
0.176987
-0.744867
0.459041
0.717945
-0.610915
0.0646335
-0.923907
0.113041
0.116029
0.179955
0.914597
-1.04103
-0.09946
-0.148686
0.177095
-0.444836
-0.244912
-0.00190455
-0.842454
0.399179
-0.785399
0.100862
-0.433963
1.35857
0.724544
-0.578972
1.4435
-1.13268
0.532387
0.394542
-1.05984
-0.0616595
0.852193
-0.227128
1.17963
-0.195938
0.245486
1.06894
-0.245139
0.223555
-0.303095
-0.872338
-0.185285
-0.924967
-0.707204
0.52514
-0.28341
1.19599
0.190561
0.0396301
-0.743199
-0.216341
0.0761496
0.536086
-1.87213
-1.17175
1.38668
-0.358232
-0.0688211
0.227385
0.825366
0.422857
-0.996431
-0.906561
-0.906803
-1.45523
0.830722
0.54203
1.12829
0.867994
-1.30956
1.2045
1.22057
-0.339719
-0.783969
0.436302
-0.0616468
0.653785
-0.270884
-0.73562
1.06866
0.0171554
-0.693264
-0.687765
0.439902
-0.69638
-0.041559
-1.52416
0.636074
-0.72452
0.651349
0.982895
-0.44724
0.65429
0.471051
-0.417514
0.484467
-0.194988
0.325962
0.91871
0.0437336
0.713638
1.17681
-0.118654
0.129055
-0.328744
-0.459481
0.125924
0.340376
0.756372
0.177405
-0.565305
-0.296138
0.6359
0.0363232
0.786975
-0.753076
-0.495407
0.0862661
0.389141
-0.260181
0.138424
1.14671
-0.616919
0.148862
0.425747
0.106409
-0.403354
0.15459
1.20191
-0.916124
-0.330132
-0.56012
0.304298
1.77449
-0.306688
-0.656357
-0.145964
0.095918
1.18475
-1.03478
-0.432674
-0.16363
-0.469116
-0.477632
0.0905274
0.602238
0.202368
-0.969104
0.147613
-0.836207
-0.321277
0.769619
0.222493
-0.424657
-0.46253
0.975947
0.339314
0.909219
1.06762
-0.134449
0.823302
-0.244342
-0.704888
0.52044
-0.253105
0.907365
0.836254
-0.213344
-1.17489
0.00375329
-0.307259
-0.751627
0.701119
0.283418
-0.865424
0.51856
-0.446064
-0.599953
0.323068
0.169889
0.264499
0.284522
1.29116
1.05663
0.806487
0.139029
0.10056
1.03956
1.09189
-0.14997
-1.00899
0.444173
-0.140017
0.39156
-0.427744
-0.755715
-0.230975
0.0987155
-0.285549
0.0742971
-0.393787
-0.621695
-0.726155
0.214869
-0.0277466
0.0176482
-0.422659
0.284505
0.193109
-0.258886
1.05517
0.21137
0.320832
-0.95183
0.280637
-0.132127
-1.43029
-0.723191
0.184958
-0.0456166
-0.58033
0.351508
-0.137285
-0.198948
0.385274
-1.05143
0.0908052
-0.493574
-0.40544
-0.0507549
0.437779
0.642489
0.0246623
0.984119
0.359738
0.997684
-0.247761
0.997295
0.33959
0.270379
0.587322
-1.45722
-0.631008
-0.710374
-0.667507
-0.069556
-0.205185
0.421259
1.22672
1.15207
-0.281322
-0.683062
0.264444
0.31702
-0.93618
0.136629
1.29972
0.163189
-0.347861
0.0543469
-0.472118
-0.625196
0.1313
0.283347
-0.0981997
0.664479
0.119474
-0.867814
-0.221831
0.321451
-0.599607
1.64637
1.00962
-0.596102
0.749909
-1.19204
-1.07463
0.76455
-0.562004
-1.01635
-0.212316
-0.331519
0.127397
-0.496664
0.109091
-1.4544
1.0485
0.410888
-0.00112725
1.59672
0.904535
0.0907296
0.0641538
1.23823
-1.31338
0.576413
0.503602
-0.0595353
-0.238543
-1.42722
-0.681533
0.114312
-0.736591
0.840681
-1.46384
-0.614365
-0.264952
-0.916926
-1.97366
-0.198331
-0.173363
0.108939
-0.252732
0.921275
-0.613052
2.02825
-0.838726
-0.16388
0.00329531
-0.749283
-1.00456
0.399947
0.589069
-0.810771
0.077782
0.242956
-0.51631
0.843277
-0.202272
0.0515812
-0.411066
0.569841
-0.963855
-0.518338
-0.15869
0.421226
0.0832967
-0.0110267
0.436379
-0.572768
-0.0657967
0.100786
-0.375836
0.860833
-0.148148
0.916362
0.557149
0.0927171
-0.325193
1.18237
-0.109645
-0.301333
1.50432
-1.00324
0.739518
-0.476895
0.125723
1.59801
0.293408
0.225744
-0.515946
0.154074
0.458398
-0.694696
0.384127
0.711641
-0.134266
-0.0425357
-1.93369
-0.94008
0.202004
0.313727
-0.333516
0.90986
-0.0907207
0.546722
-0.332383
0.160836
-0.684111
-0.347134
0.245415
-0.599421
-0.186195
-1.09235
-0.124633
-0.425682
-0.770787
0.382905
-0.0891194
-0.047331
-1.16152
0.38237
0.132691
-0.813984
0.83534
-0.703643
0.344987
0.0799481
-1.90527
-1.23003
-0.269789
0.491809
1.40599
-0.422857
-0.750412
-0.321582
-0.199789
0.303026
0.106904
-0.0689821
-0.287527
0.466847
-0.352532
0.143553
0.360711
0.380068
0.296057
-0.704375
-0.979636
-0.274909
0.662473
0.108705
-0.494461
-0.496487
-0.581271
-0.538237
0.594071
-0.502021
-0.344207
-0.429853
-0.142852
-0.98827
-0.923901
0.0808303
-0.185766
1.02448
0.945011
0.434199
1.04525
0.386856
-0.788139
-0.388555
1.4689
-0.0624694
0.127848
-0.291249
-0.105515
1.02933
0.0145472
0.638286
-1.33617
-0.0348928
0.244844
0.433928
1.80576
0.33495
0.818828
-0.578466
0.923018
-1.34493
-0.0197055
0.0267426
0.0559366
0.971262
0.256553
-0.516975
0.912313
-2.45339
-0.339711
-1.52344
-0.972364
-0.402084
0.559076
-0.150168
-0.271574
1.12946
0.0437369
-0.09187
-1.25739
-0.478062
-1.23447
-0.344446
1.30318
-0.118966
-0.439778
0.727995
-0.163603
0.387341
0.205658
0.0800134
-0.330995
0.530641
-0.15937
-1.09468
-0.610441
0.098134
-0.229656
-0.523726
-0.256807
0.308028
0.652019
-1.00568
0.0828847
-0.543209
1.08545
0.652062
-0.482368
0.569987
-0.142868
-0.287651
0.885756
0.318383
0.957893
1.02925
-0.745785
1.15608
-0.518734
-1.34423
0.108089
-0.521012
0.310332
1.03222
1.41825
-0.272145
-0.379437
1.2251
-0.971193
-0.0103984
0.0519898
1.05875
-0.475784
0.623295
1.06858
0.696158
2.09198
1.26412
0.144702
0.376628
0.452528
1.51939
0.606888
-0.726995
0.0812576
0.634878
0.225223
0.55618
-0.0512705
0.299409
-0.0976552
-0.0957717
-0.225325
0.0122898
0.176819
0.183427
-1.16318
1.1001
-0.361653
0.212423
-0.376958
1.25296
0.693568
1.27283
-0.236528
-1.47469
-1.88804
-0.196043
-0.2938
-0.895311
-0.22035
1.7334
0.772496
-0.344462
-0.641351
0.0816587
0.148583
-1.28138
0.906695
0.610658
-0.465307
0.153986
0.348487
-0.859976
-0.51719
-0.0368777
-2.11514
-0.367143
1.5358
-1.35734
0.214813
-0.00481205
0.34325
-0.230073
-1.58297
-0.494177
1.19841
-0.14663
1.33043
-1.06506
-0.389586
0.732651
1.02463
-1.02696
0.311512
0.921109
-0.500264
1.40464
0.808091
0.122667
-1.11055
-1.31525
-0.737526
0.13759
-0.1673
-0.345839
1.13246
0.18218
0.188858
-0.599902
0.671381
1.67056
0.700282
1.5349
0.0898591
1.13904
0.866371
0.521224
0.737293
-0.441266
0.00532301
0.329089
1.11885
1.32425
0.754292
-0.158133
0.783011
0.513101
0.736186
-0.84556
-0.645883
-1.93016
-1.30807
0.588267
0.245651
-1.68411
0.941869
0.162141
-0.144323
0.600445
0.114039
1.37546
-0.279912
-0.816149
1.61298
0.756375
1.0672
0.0498962
0.179828
-0.685768
-0.721362
-0.320483
0.710271
0.236557
-0.409959
-0.150301
0.57199
0.560373
-0.829097
0.176005
-0.672019
0.235304
-0.419246
-1.91389
-0.0836634
-0.56854
0.360527
0.734226
0.946472
-0.820769
-0.500251
0.573096
-1.24306
0.712584
-1.14248
0.0852216
-0.394928
0.24353
0.140611
0.138173
-0.216111
-0.13739
-0.935232
0.0033627
0.286393
0.0080067
-0.19871
0.133706
-1.31604
0.323768
-1.67438
-1.383
-0.323762
0.391959
0.466794
-0.836459
-1.00152
1.01635
0.103118
-0.134531
0.0209901
1.02965
0.486407
0.413759
0.0235029
-0.373379
0.176997
0.989712
0.64921
-0.981651
-0.581086
1.10117
-0.352175
0.248349
-0.0387249
0.704438
0.428711
0.580131
-0.798797
-0.265909
-0.373274
-0.00274801
-1.0752
-0.771037
0.507635
0.093687
1.17778
0.0944255
0.264024
-0.0553891
-0.456761
0.439932
-0.179281
0.721759
-0.0834999
0.0174238
-1.0003
-0.743148
-0.143255
0.91304
-0.68326
-0.257458
-0.262408
1.10556
-0.685505
-0.317546
-0.330875
-0.398132
-0.229196
0.765054
0.0341552
-0.0546356
0.789727
-0.549919
-0.273112
-0.600312
0.335612
0.00623778
-0.13115
-0.0844906
0.162507
-0.828497
-0.412352
-0.345504
1.57589
-0.121923
-0.830193
-0.263256
-0.0511347
0.0227966
-0.528599
0.350832
0.804492
-0.453615
0.86308
0.136974
1.53016
-0.101229
0.260414
-0.510816
0.373587
-1.17332
-0.296236
-0.0965223
0.884839
1.29623
0.516905
-0.915625
0.543922
1.1101
0.424924
0.18719
-0.588579
0.381091
1.02495
0.336543
-0.00974288
0.267739
-0.709532
-1.81708
-1.46395
-0.670863
-0.950608
0.469812
1.01832
1.54753
-0.669201
-0.685075
0.443826
-0.0667866
0.633249
-0.274674
-0.358691
0.117543
-0.102835
-0.518741
0.261486
-0.857879
-1.12102
0.766948
0.447198
-1.35271
-0.222848
0.473193
-1.16931
-0.0940877
1.07519
-0.511656
-0.0574804
0.163114
-0.792321
0.0637222
1.30709
-0.112181
0.613673
-0.406818
0.496068
-1.33373
0.157087
-1.16224
0.794797
0.945643
-0.0758308
1.02177
0.505292
-1.05619
-0.137375
0.538834
0.119424
-0.121118
0.244887
-0.278108
0.531793
1.06357
-1.03188
0.472895
0.102409
1.23112
-0.274979
-0.209296
1.94531
0.136781
-0.74492
-0.256322
1.25917
1.29418
-0.241737
2.32431
1.78465
0.303372
-0.311078
-0.747983
-0.583849
0.406684
0.378276
-0.178065
-0.519776
1.0956
0.909735
-0.342007
0.358481
-0.454736
1.55423
-0.39151
0.472229
-1.19109
0.361876
-0.701714
-0.301895
0.457208
0.0528133
1.38113
1.24056
-1.3708
0.15359
0.397171
0.353347
-0.585871
0.788922
-0.651125
-0.558693
1.31375
0.127498
-0.140419
-0.0249763
0.100076
-1.03375
-0.92095
0.0508599
0.345017
0.171123
-0.1786
-0.458818
0.687235
-0.0249813
0.551603
-0.315967
0.00579422
0.287072
0.73375
0.714547
-1.24845
0.0250101
-1.08885
0.00425696
-0.651924
-0.171378
-0.380663
-0.675304
0.810021
-0.136013
-0.53057
-0.412863
-0.698185
-0.624294
-0.346269
-1.29839
-0.22056
0.240028
-0.853147
0.213367
-0.258713
-1.02231
-0.557723
0.403724
0.0852727
-0.523617
0.0528536
0.668109
0.00513178
-0.857531
-0.26644
-1.05175
0.282288
0.745624
0.606374
1.13779
0.951491
-0.495048
1.17378
1.12196
0.518155
0.775098
-0.825315
0.000918468
0.643298
-0.381727
0.15754
-0.261188
-1.26726
-1.34348
-0.0343093
-0.750197
-0.408693
-0.581728
-0.360245
-0.0182378
0.555879
0.0687702
-0.293924
-0.0758211
0.348844
-0.00403665
0.331241
-0.541043
-0.943551
-0.40642
-0.846068
-0.089242
-0.0839473
0.499822
0.387047
-1.51631
0.747012
0.438833
0.504992
-0.320849
1.21526
0.677965
-0.208176
0.604736
0.904955
0.0892337
-0.391106
0.270471
0.0424581
-0.544632
-0.967457
0.917548
-0.812878
-0.893946
0.703246
-0.485251
-0.276882
-0.383911
-0.712035
0.817003
0.0948378
1.14736
-0.542231
1.07435
-1.13682
1.56969
0.975146
0.16347
0.790429
0.2255
0.238511
0.5662
-1.22917
-0.0807366
0.33504
-0.362306
1.62148
-0.639134
-0.47323
1.03221
0.600813
-0.386706
-0.0244632
0.0913322
-0.385021
0.97108
0.174578
-0.431392
0.225722
0.0720187
-0.469152
0.236538
0.865194
0.867886
1.04568
1.56289
0.806795
0.642058
-0.579752
-0.563953
0.709168
-0.905132
0.549755
0.0764778
-1.11853
-0.769048
0.568511
0.043626
-0.225074
0.823147
-0.652752
-0.217084
-0.355133
0.74857
-1.00707
-0.770426
-0.180314
0.658983
-0.10978
0.386252
1.29331
1.63635
0.299489
1.19415
0.338771
-0.0912635
-0.927179
0.313736
1.11893
-0.02772
1.51301
0.811564
-0.0180219
0.0724551
-0.790313
1.18152
-0.293297
0.07904
0.548145
1.08407
0.703952
0.30717
0.668407
-0.149548
-0.081326
0.232541
0.787996
0.21152
-0.380367
0.654383
-0.30111
-1.65594
-1.05444
0.755256
-0.704996
-1.05775
-0.371796
0.628789
0.920804
-0.215066
1.26478
-0.898788
-1.64305
-1.30324
-0.165331
-0.281232
0.298962
-0.242232
0.305699
-0.23068
0.811549
-0.325155
-1.20837
-0.859083
-0.00582033
-1.39259
0.365034
-1.72612
0.0396445
-0.861721
0.447887
0.770885
-0.121353
-0.237348
-0.564823
-1.08479
-0.501698
0.00356495
0.0581252
-0.586866
-0.441579
-0.0199656
-0.286769
-0.877463
0.106932
1.14764
-0.327012
0.199001
0.0641577
-0.245043
0.191114
0.152624
0.702581
-0.498521
-0.65529
1.18965
0.339578
0.17965
-0.0860841
-0.051103
0.38773
0.880879
-0.781403
0.113973
-0.941111
0.236193
0.498693
-0.152766
-0.0241596
0.642997
-0.766675
-0.658706
-0.504736
-1.18412
-0.621023
-0.155411
0.406782
-0.968795
1.01089
-0.0306343
0.687871
0.0838453
1.21856
0.0110878
1.67134
-0.10259
0.376517
0.181405
0.288506
0.361011
-0.00929927
0.606036
-0.10741
0.435893
-0.121008
-0.368455
0.483253
0.786903
0.849366
0.394616
-0.114762
-1.89423
0.76849
-0.60979
-0.314999
0.0285248
0.782791
-0.171238
-0.577923
-0.521981
0.670958
0.129925
-0.0980887
1.05014
-0.0756785
0.65205
0.889952
1.09723
-0.907055
-0.745366
-1.30278
0.0309291
1.303
-0.326985
0.757561
0.0683369
-0.184549
-0.170132
0.19492
-0.498269
-0.938701
0.253876
0.240343
-0.456531
0.0659572
0.0927874
0.266836
0.355161
0.586968
-0.0887931
0.287174
0.698799
-0.340845
-0.170964
0.544746
0.0207211
-0.240469
-0.0822537
-0.533584
-0.372288
-0.886058
0.796334
0.634975
-0.69937
0.774338
-0.567614
0.222484
0.103055
-0.823985
-0.439234
-0.396076
0.482796
-0.889453
0.954859
-0.270279
-0.922932
-0.0221733
-1.67742
0.755092
0.413449
0.374967
-0.128958
0.0367013
-0.356918
-0.325002
-0.481679
-0.511282
0.0308187
0.586832
-0.160054
0.170495
-0.366599
0.245058
-0.396848
0.689917
-1.01276
-0.644478
0.267455
0.759043
0.664776
-0.799321
-0.297133
0.418791
0.24085
0.0990603
0.632461
1.69033
1.25202
-0.0735364
-1.19035
-0.216156
-0.480414
0.365952
0.228916
0.0758784
0.635931
1.74355
0.915726
0.458943
0.594035
0.0170004
-1.30539
0.298719
-2.11273
0.666194
0.922151
0.714012
-0.499203
0.310046
-0.0424824
-0.987635
1.24615
-0.842099
0.25956
1.10272
-0.335788
-0.231028
0.270883
-0.0341618
-0.110511
0.727961
-1.17226
0.253207
-0.549134
0.00243308
-0.553221
-0.343539
-0.347147
0.771314
-0.0746224
-0.110484
1.5746
-0.462749
1.70412
-2.16373
-0.294915
0.955855
1.18372
-0.882591
-1.20792
0.0301104
-0.321978
-0.520285
0.43798
-0.435054
-0.174124
-1.04939
0.903427
1.38364
0.500969
0.476806
-1.62198
0.670363
-1.61844
-0.891734
-0.223222
0.394373
1.25221
-0.231003
-0.612929
-1.0058
0.309294
0.556581
0.434936
-0.364032
-0.436566
1.60855
0.181299
0.117406
-0.80308
0.13167
-0.33008
-0.22311
0.0712245
0.133415
1.04778
-0.110392
-0.441433
1.71935
0.193519
-0.129533
0.422873
0.250595
0.362134
0.820097
0.947629
-0.102016
-0.516382
-0.348905
-0.301247
1.18419
-0.51235
-1.31168
-0.562273
0.828666
-0.513155
0.00242029
-0.698041
-0.580862
-0.504526
-0.434456
0.186015
0.331744
0.517232
0.0898908
1.53751
1.41642
-0.851845
0.604403
0.560122
0.374337
0.713903
1.02908
-0.137185
-0.49437
-0.896241
0.125714
-0.867947
0.928292
0.869422
1.29169
-0.702032
-0.437201
0.833605
-0.71692
1.18542
1.25412
-0.85562
-0.281392
0.340503
0.624921
0.558772
0.668502
0.620315
0.0549246
-1.17124
-0.707516
0.204511
-0.646499
0.556313
-1.69566
-0.418871
-0.128746
-0.235328
2.02924
-0.725275
-0.337897
0.406196
-0.410656
-0.172658
0.0785678
0.670704
0.473345
-0.0882179
0.359872
-0.175168
-0.0563838
-0.0875942
0.959706
-1.17194
-0.628907
-0.424682
0.0914055
-0.320014
-0.440729
-0.299313
-0.154673
0.469586
-1.23885
0.126772
0.161248
-0.0825163
-0.00510799
0.963366
-0.889988
0.680309
-0.905238
-0.404955
0.28991
0.935353
-0.586844
0.456442
-0.346398
1.09692
-0.713082
-0.372013
0.489988
-0.994204
0.955271
0.580637
-1.25145
0.2339
-0.105242
0.365853
0.800366
0.810986
-0.149527
-0.0472709
0.246989
1.6006
-0.249173
-0.499847
-0.183714
-1.34442
0.498977
1.37775
0.923035
-0.866561
0.348289
-0.356835
0.85005
-0.21688
0.921242
-0.542259
-0.846117
-0.251678
-0.309537
0.815139
-1.09402
-0.136392
-0.46218
0.229995
-0.251672
0.595126
0.99062
-0.28481
1.27843
0.447844
0.428624
0.701052
0.0952029
-0.145896
-1.51285
-0.473601
-0.46904
-0.624905
-0.236625
-0.52843
-0.0602301
-0.291852
0.0401524
0.545847
-0.142591
1.02601
0.171409
0.519143
-0.763427
-0.503503
0.09301
1.34126
-0.80435
-0.640092
0.349803
-0.981428
0.349004
-0.118462
1.81848
-0.36032
1.05849
-0.15979
-0.540916
-0.310697
1.18293
-0.402267
-0.132584
-0.723554
0.605078
-0.32209
-0.808319
0.0848986
0.168604
-0.430266
-0.436891
-1.03083
0.00990102
-0.285181
0.444197
-0.491639
0.10069
0.549477
-0.00947753
0.475873
1.13226
-0.472689
-0.290594
-0.504893
-1.20919
-1.05855
-1.23341
0.264545
0.684109
-1.327
0.70286
0.477947
0.0867667
0.732532
-0.525823
-0.206738
-0.756014
0.310833
0.44419
0.15659
0.250727
0.49179
0.172886
-0.612403
0.760872
0.823208
-1.52894
1.2039
-0.186357
-0.489544
-0.670844
-0.944726
0.296555
-0.292059
0.28509
-0.695527
-0.622965
-0.524912
1.12983
1.36132
0.410599
-0.227175
-0.541359
0.082257
-0.908887
-0.64689
0.135248
0.388105
-0.917047
-0.733332
-0.136313
-0.956984
-0.152005
1.12296
-0.913142
0.337723
-0.440747
0.490397
0.313054
-0.358773
-1.98187
-0.653408
-0.0211373
-0.124879
1.34256
-0.368325
0.132887
-1.40023
1.27952
-0.773519
0.277924
-0.85353
-0.714728
0.524108
-0.846243
-1.3314
0.82192
0.0611672
-0.72491
1.71086
0.15107
1.47276
-1.20644
0.048002
-0.317007
0.629634
-0.728472
0.420148
0.0454248
0.0155495
-0.596003
0.0567626
-0.371465
-0.933022
-0.43272
0.877001
0.600169
-1.56234
0.100256
-0.0807569
0.302281
-0.335281
-0.993079
-0.440935
-0.488558
-0.265233
-0.861413
-0.578833
0.243072
0.349885
-0.368427
0.600474
0.974932
1.16769
-0.674217
-0.200134
0.309642
0.67324
0.449339
-0.195297
0.126542
0.280172
-0.510615
1.33338
0.274576
1.16961
0.207143
-0.777212
-0.660356
0.309246
-1.23489
1.27249
0.309976
0.32739
-1.19704
0.145535
0.161743
0.0518212
0.0824198
-0.325398
0.497734
0.575019
1.3538
-0.689465
1.7202
0.0789866
-0.326463
-0.00815517
0.0871823
-0.517218
0.00735521
-0.48458
-0.966251
-0.115248
-0.816862
0.314851
-0.566117
-0.0835688
1.35909
0.816489
0.931476
-0.915582
-0.836314
0.329085
-0.0665916
0.890705
-0.0406991
-1.45779
0.522008
-0.724324
-1.34826
-0.246648
0.742838
-0.842318
-0.202662
0.254572
0.204144
0.383748
0.106751
1.01832
0.0821983
-0.0308336
-0.0309757
-0.16907
-0.238251
0.969041
0.0818296
-0.276333
-0.220014
0.710502
0.0592326
0.728452
1.35903
-0.0624119
-0.995583
-0.275032
-0.562806
1.11599
0.36517
-1.1378
1.18618
-0.786043
0.618551
1.13155
0.236578
0.99433
-0.144107
-1.16601
0.0066495
-0.679293
0.0730655
-1.16304
0.654613
2.68232
-1.68399
0.50744
1.01555
0.0340113
0.969268
-0.177238
0.713373
-0.167754
-0.131254
0.0404346
0.424485
-0.203771
-0.113557
-0.369872
0.286137
0.612968
-0.257787
0.0259155
0.437503
0.216287
0.350891
0.461742
0.638088
0.268576
0.354102
-0.0445768
0.48918
0.420879
-0.841873
0.787209
-0.33912
-1.1709
0.56075
0.523166
0.601762
1.00231
1.19344
-0.0513717
1.08218
0.0933413
-0.852011
0.582379
-0.350155
0.189252
0.279397
-0.805863
-0.0335024
1.09141
-1.46742
0.559832
-0.182461
-1.11116
0.0463218
0.248123
-1.07799
0.185551
-1.45399
1.71582
0.542224
-0.336119
-1.6534
-0.65076
0.373416
-0.413367
-0.136549
0.0955958
0.250003
0.613472
0.557568
-0.294931
0.411849
-0.609947
0.10329
0.669131
0.121228
0.0719231
-0.978916
-0.379635
0.0421934
-0.0698662
0.177893
-0.554517
-0.735195
0.12541
0.204439
0.155682
0.0202998
-0.800631
-0.206879
-0.56847
-1.70278
-1.23608
-0.830559
-0.650968
-0.152981
0.350057
1.20719
-0.617148
0.0284888
0.540517
0.31311
-2.18635
-1.10959
-0.216105
0.416684
0.733971
-0.0505858
1.34452
0.446852
0.307645
-0.629688
-0.422324
1.17724
0.993805
-0.256201
-0.384185
0.410242
-0.681858
0.954103
-0.00695989
0.696717
-0.0572259
-1.30464
0.635378
-0.720672
0.879445
0.18115
0.0484544
0.115745
0.595759
1.0047
0.815181
0.541833
-0.212368
-0.525993
0.952331
1.13219
-0.232966
0.612944
0.648447
-0.297795
0.0411483
-0.762935
0.602407
0.480451
0.451261
0.0791404
0.507867
-0.465237
-0.440255
0.0789608
-0.496816
-0.379775
-0.819449
-0.771979
-0.716241
-0.544188
-0.0280166
-0.16785
0.191118
-0.29489
0.502244
0.0551449
1.10184
0.127242
0.644707
0.891009
-0.327155
0.80915
0.372663
-0.582196
-0.0519381
0.23613
-1.24948
0.682092
-0.659879
1.0123
0.189075
0.147107
0.201378
0.273264
-0.166344
1.15855
-0.221557
1.09561
-0.777616
0.493926
0.559174
-0.565125
0.372411
0.62739
0.40951
1.76924
0.193038
0.348915
-0.327413
0.55191
-1.52123
0.595605
-0.185435
-1.22805
-0.892989
0.839571
-0.973178
0.0993696
-0.306519
-0.828563
0.345122
-0.990663
0.352145
-0.106866
1.7404
0.387828
0.657246
1.03101
0.218873
0.65499
1.27027
0.524925
0.899124
-0.921282
0.172677
-0.315062
-0.422267
-0.688058
-0.567518
0.0769431
0.260285
0.00620105
0.15287
-0.864926
0.516307
-0.179933
-0.486431
0.500776
-0.414664
0.0626153
0.376246
-0.204854
-1.72504
-1.63947
-0.0250847
-0.192567
-0.437463
-0.407782
-0.548657
-0.989957
-0.487088
0.434118
0.34449
0.843012
0.754966
0.0639952
0.850066
0.66521
-0.504864
-0.183748
-0.562637
0.120363
-0.861524
-0.404576
0.132421
0.391318
-0.822403
-0.266949
-0.598545
-0.0500019
0.0805024
-0.430195
0.840466
1.40685
-0.407886
1.14444
0.0607992
-1.74267
-0.274202
1.30184
0.530591
-2.009
0.529302
-0.23481
0.634359
-0.220926
-1.80225
-0.035104
-0.0414282
-1.13534
0.402481
0.68008
0.669878
-0.446412
0.280277
-0.263873
0.653329
0.243529
-1.85992
-1.24722
0.971368
0.390722
-0.145613
-0.496532
-1.03042
-0.117583
0.179086
-0.0180355
-0.141473
0.782744
-0.882296
0.421336
0.204489
-0.962033
-0.372761
-1.1434
-0.790069
0.241004
1.26454
-0.691269
0.617124
-0.26489
0.701022
-0.900208
0.875361
-1.13192
-0.455868
-0.605319
-0.807547
0.299439
-0.595187
0.611759
-0.0606791
-0.134697
-0.0743086
0.0768218
0.851702
0.257214
0.484
0.4933
0.773444
0.590772
-0.481345
0.0541522
-1.14287
-0.880887
-0.280508
-0.288044
0.051307
0.914728
-0.0902844
-1.1087
-0.0965557
0.908668
-0.222619
0.0132357
-0.102642
-0.158611
-1.10761
-0.978352
0.32758
-0.473441
0.848779
-1.33908
-1.87051
-0.761925
-0.865307
1.32414
1.1468
0.96949
-0.0132656
1.19092
-0.047804
1.30035
0.390663
0.6287
-0.363919
-0.48984
-1.17315
-0.217146
-0.939981
0.613754
-0.759644
-0.0981712
0.0240913
0.50605
0.347696
1.24295
-0.366157
-0.46758
-0.451089
0.134651
0.813327
-0.0448151
-0.494011
0.034913
0.409186
1.25122
0.103102
0.343856
0.526113
0.681558
-0.90197
0.329301
0.0235193
1.288
0.495807
-0.842434
-0.158997
-0.0728221
0.425864
-0.644714
-0.796262
-0.348273
0.340098
-0.35697
0.0840512
-0.215209
-0.371755
-0.0387393
0.0417007
-0.409883
0.306907
0.685553
0.517993
-0.222604
-0.0948955
0.670243
0.18938
0.286725
0.191973
-1.14364
0.0489417
-0.805203
0.133815
-0.0853867
-0.0322976
-0.190362
-0.0789981
1.38443
-0.533135
-0.834884
1.48041
-0.101286
1.08545
0.258503
1.35782
-0.598553
1.24006
0.0950471
0.407115
0.389148
0.903855
0.292257
0.0720542
0.407548
-1.22262
-1.46079
-0.569407
0.0958227
0.0140382
1.0944
0.531865
0.135443
-1.24771
-0.630849
0.229163
1.29627
0.112674
0.450803
-0.0952357
0.562804
-0.428762
-0.547111
-0.581241
0.320487
-0.395159
-1.0389
0.08786
-0.955868
1.09046
1.83684
-0.0135014
0.317961
0.788384
0.416709
0.656641
-0.560026
-0.343354
-0.725823
-1.16146
-0.985973
0.345424
-1.26775
0.322666
-0.88983
-1.34132
-0.42368
1.01531
-0.0994695
-0.90467
-0.186244
1.16716
0.164355
-0.184665
1.15724
0.884434
-1.11723
1.1751
-0.777368
0.244403
-1.35396
0.744013
0.14872
-0.0656942
-0.159681
-0.0150774
-0.174072
-1.40925
-1.41523
-0.107909
0.0502965
0.0177342
-0.707588
0.465369
-0.500004
1.09353
-0.11598
-0.357616
0.0473687
-0.236609
-0.556569
0.463924
0.44957
-0.224465
-1.46426
0.390392
-1.0102
-0.37413
0.324732
-0.918111
0.801362
-0.417787
-0.170578
-0.492241
-0.0272001
0.0839804
-0.296896
-1.30646
0.235275
-0.0204018
-0.88751
-0.774105
-0.6605
0.370454
-0.609241
1.57425
0.819472
-0.330722
0.388508
0.543722
-0.296444
0.505913
0.988767
0.265612
0.288351
-0.209004
0.501833
0.439981
-0.91369
0.0858093
-0.145566
-0.92531
-0.33642
-0.660495
-0.463069
0.329125
0.0837924
-1.25623
-1.79547
0.0958714
-0.187912
-0.213392
0.0778482
1.42628
0.698499
0.0790553
-0.329741
-0.244422
-0.943074
-1.15771
-0.491286
0.497723
1.33016
1.13696
-0.224081
-1.20518
0.375641
-0.0402184
-0.176369
1.50938
0.294872
0.628021
-0.159296
-0.333201
0.0221564
-0.749731
0.777639
0.0140491
1.28878
-1.17951
-0.289128
0.243968
-0.957042
1.68865
0.201378
-0.66418
0.490369
0.797858
-1.83191
-0.227421
0.30299
0.977707
-0.178109
-1.0461
-1.55982
1.37959
-0.42215
0.139745
0.536573
-1.19865
1.45391
-0.0817163
0.883669
0.741233
0.41399
-0.0695521
-0.570493
0.0855699
0.169164
-0.741996
-0.198293
0.304649
-0.134989
-0.344515
-0.277324
-0.677101
0.614864
-0.281982
0.0977656
0.532376
-0.61556
0.616964
-0.924605
0.332977
0.932352
-0.577281
-1.00446
-0.603069
0.45967
0.428236
0.622068
0.513806
0.0162259
-0.444025
1.13903
-1.18475
-0.206522
-0.832278
-0.990545
0.621581
-0.500892
-0.422684
-0.544476
-0.470239
0.301102
-0.0884577
0.217236
-1.12572
0.551857
0.0260787
0.648724
-0.348636
0.194115
0.593379
1.85718
-0.375137
0.338316
0.00305673
1.10878
-0.572675
1.04678
-0.200748
0.910238
0.55421
1.04309
-0.474298
-0.105303
-1.13347
0.49498
0.261519
0.116028
0.773782
-0.38384
1.06123
-1.25962
0.700874
-0.302205
-1.0107
-0.890998
-0.791001
0.68134
-0.306792
-0.792209
-0.49977
-0.0429769
1.52053
1.26735
0.0515223
-0.74108
0.665444
0.573339
0.431581
0.922337
0.679171
-0.369997
-1.46714
0.405086
1.7335
0.543587
-0.29791
0.475954
-0.694648
-0.172199
-1.21182
0.0222635
0.275693
0.219144
0.0343526
-0.250733
0.345972
0.130616
-0.318033
-0.719838
0.0136743
0.923536
-1.70487
0.399386
-1.09445
-1.00565
-0.418281
0.586954
0.733295
-0.705179
1.30367
0.212427
-1.60011
-0.617962
-0.441778
0.19215
-0.293726
-1.07103
1.48733
0.715006
0.386431
-0.21589
0.866885
0.997513
0.0499157
1.10961
0.641797
0.470988
-0.554121
-0.733775
0.958812
0.45807
0.797615
-0.379354
0.0754779
-0.120863
-0.588698
-0.361477
0.890076
-0.689103
-0.206276
-0.131323
-0.828024
-0.708838
-0.0993498
0.623111
-0.670836
0.0870878
-1.27242
0.605624
0.29712
-0.308996
-1.27857
-0.460533
-0.301973
-0.194272
1.29424
1.22804
0.76797
-0.647358
1.57281
0.939935
0.216608
-0.813583
0.605457
-0.634718
0.288378
-0.0494596
-0.140083
-0.649617
-0.135936
0.224949
-0.786381
0.0784828
0.477333
0.98804
1.101
0.0503983
-0.214561
-0.89205
-0.157217
-1.6927
0.222206
-0.357453
-0.59893
1.19949
0.295731
0.461941
0.165732
-1.26228
0.552703
-0.623728
-0.257758
0.223992
-0.101314
-0.515451
0.274078
0.328789
-0.183204
0.0978511
-0.538528
0.497343
1.26151
0.216419
0.262231
0.440861
0.00907931
0.713817
-0.330545
-0.178189
-0.46856
-0.926407
-0.373981
-0.300358
1.03759
0.476687
1.25391
-0.0547881
-0.583564
0.70322
0.216384
-0.238558
0.566442
0.601165
0.557123
-0.916511
-1.02138
-0.0569048
0.0939284
0.0860892
0.365865
-1.64482
0.0374044
0.155337
-0.204505
-1.21673
-0.44716
0.626182
1.11278
0.236805
0.66234
-0.311281
-0.494498
0.228397
0.0983145
-0.457877
-0.0143412
-0.146444
0.879144
-0.426869
0.862477
-0.156807
0.485343
-0.0908764
-0.18499
-0.397179
-1.35341
-0.505897
0.331091
0.5039
-0.487195
-0.211662
0.995105
-1.35236
1.4292
0.975865
0.618342
-0.104693
-0.366959
0.233582
-0.858473
-0.020608
0.291272
1.00328
0.0413127
0.596301
0.0143549
-0.595277
0.396354
0.395426
0.394502
-0.558528
1.54387
-0.0161802
0.554511
0.777334
-0.804115
0.554907
0.3036
0.21615
-0.96284
-1.43972
-0.810621
-0.519007
-1.01587
0.698355
0.574686
-0.968104
0.469638
-1.02088
-0.134141
1.69667
-0.341823
0.395003
-1.2762
0.774165
-0.756347
0.715245
-0.581055
0.695551
0.56948
0.681257
0.720459
0.775997
-0.231582
0.00775355
1.57613
1.58338
-0.521847
-0.442785
-0.641147
-0.835806
-0.3745
-0.431241
-0.462134
0.493372
1.14246
0.994502
-0.0784259
-0.0665052
0.75773
0.201371
-0.118722
0.185263
1.18926
-1.00313
0.0696193
-0.306966
-0.647243
0.399628
0.593647
-1.60905
1.98102
0.131961
0.25941
0.344674
0.377246
1.1256
-0.822064
-0.676348
0.175185
0.916737
-0.329447
-0.171584
0.120836
1.0059
-0.594595
0.41528
0.26571
-0.186762
0.190403
0.142569
-1.74962
-0.451697
-0.0638799
0.704992
0.347824
0.154478
0.258641
0.104632
0.411659
-0.309693
-0.507874
-0.603782
0.44182
-0.826691
0.159991
0.379629
0.256085
0.0566111
-0.63917
-0.147364
0.131849
0.269501
-0.00818185
-0.499661
-0.180229
-0.00824414
0.444929
-0.394966
0.673556
-1.095
0.322129
-1.19937
-0.964216
0.181331
0.419072
-0.0201371
-0.296361
-0.0208984
0.704248
0.965944
-0.405326
0.206625
-0.623936
0.934278
0.16037
-0.133264
-0.10995
0.285211
1.07828
0.270172
2.32908
-0.280136
-0.975112
-0.835561
-0.153555
0.13829
-1.13493
-0.454761
-0.840557
0.343882
0.503757
-0.548323
0.217775
-1.27344
1.1664
0.0454214
-0.320432
1.73116
-0.838953
0.214767
0.0194184
0.226043
-0.380835
-1.45191
-1.13592
0.652683
-1.15739
0.156939
-1.04408
1.58901
-1.37972
-0.259623
-0.0730487
-0.76858
-0.162537
-0.875235
0.997826
-0.199068
-0.903454
-0.0637775
-0.0913546
1.42404
0.408743
-1.48031
-0.161134
-0.69783
-0.201199
-0.0109906
0.368942
-0.164329
-0.255846
-1.93596
-1.00906
-0.167969
1.04005
-0.681057
0.390979
0.999312
-0.00886699
-0.246819
0.570044
-0.20723
-0.666107
-0.153844
0.440539
-0.33268
0.590852
0.0497802
1.50821
0.616888
1.01873
-0.662214
-0.109194
0.793692
-0.71748
-0.359753
1.20937
0.353268
0.855351
-0.129412
0.584275
-0.474558
-0.0449989
0.495697
0.431326
-0.662894
0.338613
0.386685
-0.759402
1.26876
0.930888
-0.790608
-0.52847
0.606186
0.389937
0.265665
-0.0402262
-0.419393
-0.537289
0.785243
-0.0488328
0.619149
1.15142
0.822841
-0.383461
0.154319
-0.646781
-0.119086
-0.852215
0.874332
0.0574042
-0.747329
0.354508
-0.675549
0.80716
-0.845175
0.203485
0.373806
1.20028
-0.0962584
-0.563921
0.374546
1.4154
0.123719
1.04219
0.996145
1.13418
-0.303465
-0.466793
-0.401884
0.190992
0.073574
-0.221938
0.183885
0.430362
-0.54612
-0.217204
0.733995
1.68034
-0.847903
0.253233
1.01401
-0.50201
0.700508
0.756916
-0.018355
-0.882239
0.69437
1.14701
-0.00345975
-0.303958
0.399335
-0.364213
0.0290177
0.178654
0.370737
0.0824671
0.630854
0.208965
-0.350669
-0.796601
-1.37919
0.419446
-0.237328
0.388927
0.443029
1.23167
-0.828423
0.0565405
-0.711228
-0.553119
0.0806115
-0.761653
0.749838
0.416803
0.46617
-0.371991
-0.460092
-0.0386145
-0.347702
-0.268484
-0.561481
0.740693
0.892502
0.107417
0.418605
0.737851
0.442185
0.510664
-0.0308054
-1.15095
-0.0985175
0.344142
0.342585
-0.909386
0.48748
0.0273034
1.15125
0.840046
-0.991164
0.724127
-0.918164
-0.316743
0.49997
0.375715
-1.01367
-0.204727
0.418272
-0.222276
-1.09438
1.62368
0.942674
1.10213
-0.454932
-0.114346
0.509
0.401261
0.557568
-0.184472
-1.36436
-0.205172
-0.784511
0.322811
0.806464
0.824016
0.73789
0.932378
0.53539
-0.209661
-0.948768
1.32167
-0.632075
0.318805
1.21537
-0.666285
-0.157707
-0.335128
-0.339419
0.991264
0.473841
0.0873044
-1.10269
0.62194
-0.72352
0.370825
0.082755
0.056618
0.242381
-0.863465
-0.001491
0.465236
1.08776
0.0597871
1.00321
-0.412887
0.0892511
0.397464
0.587513
0.249769
0.917814
0.560735
0.967212
0.870947
1.33004
0.095726
-0.296959
0.442763
0.693444
-0.474342
-0.955584
-0.260651
0.718253
-0.37081
1.064
-0.08996
0.16733
0.532805
-0.173109
1.06589
0.325248
-0.062319
-0.0226176
0.540841
-0.913952
0.331373
-0.283331
-0.0286105
0.721648
-0.0564165
-0.974793
0.48308
0.71351
-0.12832
1.34593
0.000191089
0.180183
0.473273
-0.184062
0.080381
-0.311893
-0.793258
-0.702351
0.177163
0.189206
0.102052
0.473605
0.0807571
0.477327
-0.579193
0.087355
-0.980734
0.344231
-0.344476
-0.0224213
0.629741
0.454698
-0.716403
-0.277902
-0.499331
-0.163375
-0.348758
0.594791
0.379165
1.13256
0.0350291
-0.302601
-0.0119614
0.633603
0.889516
0.144077
-1.01707
1.53074
-0.7327
-0.397049
0.581513
-0.448981
0.0632716
-0.378053
-0.0785521
-0.295158
-1.03228
0.514643
1.25689
0.767732
-0.428664
-0.183734
-1.13676
0.239209
0.998541
0.504112
1.10811
-0.126254
-0.112912
0.943931
-1.17049
0.361176
0.406359
0.0975495
0.18467
-0.0474637
-0.79993
1.07079
0.0207367
-0.0273278
-0.40439
0.297928
-1.02272
-0.508562
1.15551
0.0721652
0.50631
-0.910266
0.0687187
-0.555996
0.151813
-0.0862383
0.01999
-0.288741
-0.220689
1.49999
-0.564384
-0.0353075
-0.730286
-0.833506
-1.31235
-0.564303
-1.05703
1.7518
-0.0611314
0.0668522
-0.342543
0.305158
0.651636
0.482954
-0.364128
-0.322492
-1.15577
-0.906916
0.103333
-0.288233
0.701137
0.165626
-0.220408
0.00845679
-0.764951
-0.743546
-0.429345
1.33416
-0.287061
-0.278587
-1.19966
-0.320175
-1.0541
0.385467
-0.578627
-1.40481
0.120479
-0.360263
0.054865
0.91423
-1.16512
0.367884
0.00871956
-0.439261
0.0573519
-0.984417
0.34613
0.304936
-0.246682
-0.099293
0.142357
0.693164
0.385876
0.842367
-0.207834
-0.0112638
1.48586
0.343043
0.103849
-0.772951
0.349497
-0.753652
-0.983876
-0.273278
-1.09484
0.521678
-1.0057
0.155837
0.310279
-0.296101
0.126493
0.119788
-0.627028
0.193832
0.0718012
0.0766517
0.668272
0.127466
0.25436
0.888795
-0.00396147
-0.110268
0.883249
-0.157828
0.0781847
-0.218814
-0.416163
0.756645
0.741626
-1.36216
-1.1213
0.424818
-0.143628
-1.49962
-1.31516
0.0844181
2.02907
-1.55648
-0.346145
-1.06744
0.363333
-0.0471553
0.756861
-0.592332
0.0685044
-0.490499
-0.478433
-0.272901
-0.240559
-1.05034
0.81882
0.0891267
-0.0373339
0.678757
-1.29109
1.15666
-0.745376
0.447326
-1.11106
-0.483327
-0.306466
-0.398085
-0.110297
-0.480199
0.560924
0.5998
-0.121447
0.112945
0.900374
0.209741
-0.109319
0.0863868
-0.979188
0.145973
0.48685
0.00807712
0.929607
0.387655
0.13303
0.86945
0.0714042
-0.124479
-0.584744
1.14935
0.119935
0.60615
-0.426924
-0.276537
0.78216
0.110644
0.344104
-0.330593
0.0184845
0.528547
0.957634
0.35142
0.120907
-0.186257
1.70937
0.990574
-0.401281
-0.690493
0.602038
0.0473365
-1.44
-0.908878
0.212895
-1.09386
-0.709319
1.03036
1.17822
0.175116
-0.378234
0.461755
-0.0274992
-0.868987
-0.433465
0.211616
-0.149082
0.401151
-0.790316
0.113146
0.432002
0.0350071
0.849522
0.252944
1.2111
0.352161
-1.34839
0.578214
-0.540753
0.453716
0.461327
0.694846
0.638534
-0.876693
0.371246
-0.350462
1.58525
-0.0525009
1.15257
0.824026
0.27359
-0.295935
-0.354809
0.0518378
0.198483
-0.0321386
-0.545811
-0.126005
-0.346808
0.545157
-0.652153
0.382416
1.70073
0.344594
0.362698
-0.48236
-0.187724
-0.0407605
0.900437
-0.21531
0.200562
0.473245
-0.883195
1.18255
0.492667
0.462618
-1.23194
-1.09232
0.744474
0.49263
-0.00475515
-0.0433578
-0.483819
0.403707
1.75928
-0.650182
0.504129
-0.308489
0.650345
0.159236
-1.19401
0.0179057
-0.674957
-1.02466
0.692186
-0.171582
-0.883841
0.623007
0.0555034
-0.385494
1.55953
0.300118
-0.797639
1.33449
0.00544754
1.30556
0.0697332
-0.0614472
0.245655
1.72785
-0.0241712
-0.60468
0.526187
1.4794
0.747679
1.82304
0.414036
-0.435089
0.977644
-0.00449785
0.33986
0.5602
1.54368
-1.37982
-0.059863
-0.689765
-0.16861
0.529857
1.13661
-0.584135
0.28285
0.0722049
-0.385311
0.210241
0.573291
0.191045
0.598803
-0.604982
-0.435269
0.99445
-0.29654
0.627561
-0.9752
-0.192692
-1.67118
0.499077
0.987281
-0.814625
0.686781
-0.149644
-0.721493
0.110053
0.0748979
-0.120609
-0.00272319
-1.48483
-0.250045
0.200308
0.127111
1.54151
-0.511757
-0.347907
1.23219
0.260162
0.180521
-0.387823
1.34167
-0.919745
0.238065
-0.311302
-0.739607
-0.238383
-0.471357
-0.148936
-0.634267
0.949036
-0.764316
0.181454
-0.0038693
0.487799
0.321872
-0.405774
0.399935
-0.405022
0.689015
-1.31605
0.66112
-0.202138
1.00202
-0.555863
0.420327
0.254829
0.34161
1.00047
-0.946967
1.80119
0.0737834
-0.280685
0.136891
1.12883
0.89637
0.44232
-0.0163525
-1.38149
-0.2274
0.494136
-1.08045
-0.518292
-0.154011
-0.598119
-0.71624
-0.122962
-0.164764
-0.334909
0.468477
-0.0865412
0.0365047
0.461966
0.800491
0.455807
0.0582639
0.449285
-0.0360129
0.246436
0.708172
1.10647
-0.307217
1.49387
0.343718
-1.42855
-0.55296
-0.703713
0.474518
-0.986994
-0.343523
-0.186897
-0.854938
-0.954913
0.0432515
0.295331
1.3788
-1.20633
-0.777719
-1.31163
-0.415317
0.463166
-0.268699
1.17575
1.27391
-0.0750246
-0.0381729
0.0168389
1.35828
0.30726
-0.326672
0.0206887
-0.392555
-0.514597
-0.0650934
-0.492663
-0.575205
0.837955
-0.161558
-0.541836
0.378532
-0.124339
0.259207
0.993466
-0.224174
-0.0913808
0.551658
0.317679
-0.793539
0.456688
-1.0414
0.442224
0.279163
-0.0823132
-0.0419849
0.193544
0.0163533
0.281778
0.287718
0.897393
0.871672
0.269759
-0.522804
-0.884293
1.61703
-0.0684101
-0.0721069
-0.594857
-0.766792
0.688153
-0.775046
-0.406585
0.466591
0.127964
0.0416249
-0.958003
-0.0915229
-0.388681
-0.647255
0.348275
-0.199287
0.0602343
0.0123782
-0.0340127
-0.588003
0.55506
1.07642
0.50478
-1.10651
-0.515634
1.22075
0.653606
0.717184
-0.901396
0.255978
-0.17881
-0.0139397
-0.6891
0.138314
-0.173885
0.305216
-0.0389259
1.28118
0.201816
0.458978
0.00972221
-0.115459
0.955225
0.234933
0.429341
-0.620635
-0.351415
-0.531546
-1.61995
-1.09893
0.608582
-0.0132013
0.407029
-0.614426
-0.653241
0.0340023
1.03147
0.346602
-0.51251
-0.307381
0.387633
0.37689
0.443103
-0.944981
0.845547
-0.319992
0.849785
0.701877
-0.707827
-1.10389
0.475545
0.188851
0.369777
-0.144644
0.348912
0.0606549
-0.13471
-1.68529
-0.657799
-0.468097
-0.295765
0.301331
-0.170282
-0.894408
-0.398636
-0.539243
-0.659736
0.851928
1.06796
0.043656
-0.196176
-1.26644
1.43036
0.256156
0.694477
-0.367976
0.0284114
-1.35242
-0.422592
-0.677047
1.11642
0.469998
-0.497844
-0.580624
0.406146
0.25934
-0.0483487
1.42119
0.0966307
0.562689
0.0472948
-0.379836
-0.329328
-0.015272
0.622627
0.814351
0.586045
0.624618
-0.895895
0.286123
1.19812
-0.228042
0.389156
-0.29354
-0.846415
-1.33951
-0.462189
-0.611038
-0.47411
0.554855
-1.40674
-0.566964
-1.0155
1.33727
0.960055
-0.0348477
0.87703
0.100637
-1.06857
-0.214441
-0.270907
-0.173543
0.478001
-0.171723
-0.147958
-0.320972
0.76409
0.0390416
0.471266
0.392974
-1.0296
-0.725145
-0.094243
1.59872
-0.434292
0.414626
0.0345408
-0.508823
-1.19446
-1.00867
0.0663832
1.07767
0.377837
-0.571167
0.818351
0.865224
-0.575934
0.627635
0.0627223
-0.113704
0.552869
-1.74987
0.452372
-0.52026
1.12062
-0.505795
0.556142
0.131731
0.302931
0.855209
-0.151173
0.390534
1.09966
-1.02866
0.0402634
-0.945925
-1.11682
0.574976
-0.135128
0.2709
0.917986
-0.0551454
-0.175406
0.487545
-0.190168
0.300083
0.313061
-0.692447
0.730509
-0.244768
-0.550546
0.501486
-0.128923
0.070997
-0.704251
0.522883
-0.570577
-0.0290561
-0.841544
0.162235
-0.63673
0.446197
-0.359045
-0.574272
0.187939
-0.226572
-0.749966
0.149915
0.130466
-0.145195
-0.761162
-0.331663
-1.20954
0.442962
-0.509899
0.309549
-0.582044
-0.565403
-0.945733
-0.22682
-1.11329
0.683793
0.574638
0.0484796
-0.0266931
0.0600497
0.766337
0.378127
1.00815
-0.410653
-1.11006
-0.563031
-0.400881
-0.728544
-0.770256
0.0551288
0.00246222
-0.106133
-0.188516
0.105231
-0.542198
-0.295532
0.338661
-0.340801
0.209649
-0.326099
-0.918381
1.11971
-0.525177
-0.474927
0.2716
0.377469
-0.191469
0.00505927
-0.0993743
-0.176353
-0.0259485
0.423073
-0.120292
0.616659
0.0134447
0.367548
-0.242991
0.176526
0.0952002
0.529276
-0.0613994
-1.37177
1.25425
1.22163
-0.166142
-0.84519
0.320171
-0.797757
0.758656
1.13527
-0.103836
0.351466
-0.221706
0.800511
0.780813
-0.241328
-0.0335631
-2.40593
0.825429
0.629321
-0.0049141
-0.321807
0.209941
0.376906
-0.31067
0.998422
2.12635
0.0101062
-0.154641
0.0301163
-0.362632
-1.29636
-0.483882
0.381954
-0.662549
1.05526
-0.373758
-0.600669
-0.0604348
-0.225986
-0.0149803
-0.906695
-0.399118
-0.320878
-0.342023
1.53616
0.387868
-0.716248
-0.492723
0.813151
-0.701692
-0.817572
-0.190909
0.156144
-0.218478
-0.307784
-1.51531
0.928882
-0.0532769
0.86678
1.88874
0.597291
-1.71801
-0.0763514
-0.135371
0.863817
-0.198078
0.440733
-0.0948932
-0.0370058
-0.224799
0.780883
-1.52623
1.10119
0.958038
-0.193871
-1.13627
-0.615757
0.763476
-0.128587
0.287726
0.521294
0.0431425
-0.960945
-0.94591
-0.765453
-0.552374
0.805277
-0.175232
-0.633207
0.18309
-0.137229
0.730138
0.0119813
0.667529
0.371617
-0.657353
-0.769134
-0.242211
0.37761
0.964324
0.747943
-0.0191324
1.13874
0.815544
-0.828201
-0.887527
-1.07305
0.68548
-0.0780145
0.956131
1.05787
0.836627
0.971881
1.16058
0.485256
-0.144227
1.54849
0.0768683
-0.48736
-0.414342
-0.598403
0.32868
0.145736
0.751015
0.495024
0.583267
-0.169599
-0.694663
-1.19564
-0.294055
0.470224
0.766326
-0.197161
0.73394
-0.247099
-1.67911
0.505354
-0.110177
0.173422
-0.445188
0.136698
0.353823
-0.66554
-0.355244
0.336876
-0.926857
-0.868417
1.13217
0.355429
-0.0922809
0.449921
0.796998
-0.560462
-0.18474
-0.188635
0.485911
-0.987522
0.984953
0.863413
-0.284007
-1.05264
-0.812749
-0.522512
0.828343
-0.0827003
-0.183468
-0.0043171
-0.648651
-0.348535
-0.599552
0.0961492
0.448844
-0.375485
0.120289
0.223785
-1.32689
0.669926
-0.352437
-0.486339
-0.666023
-0.198778
-0.789682
-0.351453
-0.438451
0.583229
0.363557
0.444343
0.499755
1.05092
-0.0977803
0.958862
0.0242601
-0.880941
-1.1168
0.37107
-0.802749
0.509488
1.31405
-0.139226
-0.463692
-1.06957
-0.491968
-0.117915
0.714993
0.967314
0.497007
-0.435109
-0.097015
-0.354334
0.374489
0.804276
-0.847036
0.7014
-0.459328
-1.76735
1.23806
-0.52096
-0.264996
-0.0816332
0.449462
0.197976
0.538666
-0.494085
1.00086
0.166324
0.149106
0.471935
0.575069
-0.709374
1.04146
-0.225813
0.36452
-0.702053
0.30248
-0.162728
1.11293
1.00333
-0.162713
-0.71009
0.243625
1.17955
-0.878841
0.391969
0.38531
-0.270309
-0.369397
-0.944622
-0.2859
1.25629
1.18253
0.254789
-0.482483
-0.782315
-0.508024
-0.129016
0.261035
0.989345
0.0306586
0.35518
0.928427
0.435927
0.0411533
-0.345687
0.00214272
-1.28989
-0.43207
0.0447798
0.632371
1.78431
-0.202398
0.00115946
-0.346058
0.515234
0.0761741
-0.956886
0.858915
1.18324
-0.786607
-1.21172
-0.201097
-0.670698
1.1389
-1.90356
-0.749866
0.519781
-0.584546
-0.296179
-1.36534
-0.480606
-0.463552
-0.308056
0.242502
0.824225
0.868692
-0.626184
-0.989032
1.525
0.414495
0.920134
-0.644292
-0.134663
-0.44832
-0.515151
0.408871
0.735695
0.264415
-0.0596541
-0.0358113
0.605575
0.0343691
0.759489
0.816414
-0.247041
-0.784297
0.217897
0.708174
-0.914819
-0.961371
-0.179079
-0.287244
-0.538084
-1.6069
0.358818
0.402111
-0.0499658
0.0466773
1.36103
-1.15579
1.19193
0.521185
1.22316
-0.745549
-0.689292
0.549345
-1.09407
0.349959
-0.547567
0.390987
-0.817638
0.142815
-0.343247
0.301335
0.797358
-0.876102
-1.47621
-0.259112
-0.193865
0.147895
-0.310221
1.26487
0.862384
0.0384531
-0.059211
-0.647191
-0.00220175
0.54367
0.679576
-0.0125197
0.168997
0.0715327
-0.603869
0.749464
-0.534993
0.627927
-0.00741869
-1.76046
0.11429
0.263309
-0.0453357
0.497937
-0.0722319
0.279229
-0.785982
-0.123274
-1.24594
-0.523161
-0.999867
-0.499151
0.0188097
-0.400476
-0.257947
-0.658124
0.176917
-0.727543
-1.0088
-0.73817
0.336673
0.987266
-0.599953
0.31998
0.447292
0.819534
0.246944
-0.129945
0.978455
-0.366094
-0.0018529
-0.476066
1.36621
0.64706
1.08262
-0.0947324
-0.455921
-0.895923
0.926479
-0.607983
0.149885
0.30661
1.1293
-0.547539
1.35095
-0.661887
-0.356644
-0.949072
1.28513
0.965937
0.519425
-0.0662918
-0.294533
-0.772837
-1.33687
0.214396
0.0806964
1.80653
0.451717
-0.512242
0.193701
-0.448597
-0.7301
-0.320565
0.0215407
-0.0632788
-0.610943
0.0167669
-0.0934904
-0.0810205
1.27606
0.0035038
0.170167
-0.631509
0.123563
-0.154115
-0.114214
0.888578
-0.1887
0.170936
0.0307801
0.1633
0.124347
-1.68615
-0.333524
-0.488909
0.34094
-0.891416
-0.44093
-0.108478
0.456468
-0.156681
0.319089
-0.287219
-0.41327
-0.054431
-1.57149
0.707704
-0.143971
0.212845
0.591163
0.0699485
-0.437893
-0.0846461
1.15471
-0.690172
0.663433
0.387762
-2.34217
-0.959174
0.0451976
0.923058
-0.689707
0.517173
1.12545
1.70659
0.82537
-0.800681
-0.383493
1.06089
-0.557387
0.454638
-0.0507278
0.543351
1.29925
-0.873695
0.420309
1.65774
0.256054
-0.536033
0.244342
0.534614
-0.0587847
-0.0767003
2.10356
-0.741411
0.717777
-0.604332
-0.993234
-0.587645
1.24216
-0.534226
0.505553
0.633793
1.41511
1.83301
-0.826015
0.902279
0.428732
-1.86772
-0.275482
-0.944383
0.368672
0.487299
0.563696
-0.0924021
-1.41007
0.0234373
-0.896648
0.711385
0.729494
0.986326
0.37155
-1.16646
0.608536
0.578708
-0.535678
0.0789743
-0.820739
-0.398486
-0.425793
-0.306503
-0.126671
-0.0325266
0.914357
0.563917
0.665359
-0.473853
0.797831
0.653388
-0.494743
0.825299
1.15906
-1.43322
0.300373
0.0907003
-0.555978
-0.655957
1.15779
1.15693
-0.889255
0.753318
0.538407
0.250671
0.532896
-0.265921
-0.530885
0.667066
-0.0195267
0.662378
-0.321997
0.600058
-0.15784
1.11471
0.109728
0.143926
-0.977809
1.08125
-0.402794
-0.168628
1.33293
0.633239
-0.175306
0.401974
-0.767809
0.043683
1.42513
-0.118651
0.431021
-0.526536
0.481652
-0.248067
-0.77907
0.406286
0.393414
0.634321
-0.905867
0.0501407
0.673228
1.17802
-0.0827466
-0.829524
-0.526073
0.873807
-0.0511997
-1.37894
0.0730898
1.44855
-0.386787
-0.74022
-1.75664
0.22958
-0.380532
0.135531
-0.98235
-0.31602
-0.069715
-0.144655
0.462389
-1.0486
-0.982624
-0.741196
-1.20753
1.09228
-1.04595
0.271828
-0.281221
0.178463
1.44343
-0.54315
0.221437
0.958296
-0.0373055
-0.430142
-0.601184
-0.75457
-0.260262
0.562095
-1.01709
0.000769389
-0.143781
-0.0445123
0.682682
-0.590176
0.616043
0.139609
-0.524453
-0.494539
0.921644
-0.194287
1.1042
0.735878
-0.932797
0.605005
-1.17159
1.28443
0.416724
-1.12712
0.0631444
-0.906177
-0.510743
-0.832329
-0.216759
-1.66302
-0.36158
-0.486082
0.417434
1.36461
-0.577418
0.623313
0.590726
0.219918
-1.03199
-0.320952
0.59337
-0.71263
0.521869
0.34647
-0.602186
-0.0716443
0.526645
-0.293729
-0.178783
0.813007
-0.746247
-0.85183
0.237661
0.654105
-0.501163
1.2486
-0.723215
-0.0157692
0.0417697
1.36031
0.252219
0.508236
-0.705812
-0.184875
-1.66243
0.039885
-0.176743
0.110425
-0.00300022
-0.474712
-0.455575
-0.949889
-0.871246
0.391594
-0.746509
1.33982
-1.10944
-0.473825
0.248429
0.895816
-0.148535
-1.00137
-0.112109
-0.574958
0.77074
-0.132848
0.433646
0.395378
-0.79624
-0.896386
1.2108
0.629393
-0.40662
0.977904
-0.253538
0.176133
-1.55
0.450768
0.71674
-0.29636
-1.23731
-0.233061
-0.0710983
0.340268
-0.509693
0.238261
0.213851
-0.795938
-0.407162
-0.0903962
1.22251
-0.240376
-0.105835
-0.155088
-0.592632
0.27437
-0.205608
0.413092
-1.30069
1.10488
-1.44124
0.23978
0.857796
-1.47789
-0.139722
-0.743267
0.505135
-0.274222
0.475858
0.429403
0.525254
1.20298
-0.127998
-0.125204
0.471028
-0.402679
0.298013
-1.37457
1.56106
0.494422
-0.487959
0.545254
0.0705596
-0.459882
0.379168
0.53388
0.0625389
0.369742
-2.13021
0.261994
0.460047
0.579291
0.33201
-0.280333
-0.422344
1.58008
-0.987073
0.379372
-0.576265
1.02043
0.266872
-1.30051
-0.751091
-0.148802
-0.383595
0.78827
0.739859
1.17951
-0.621705
-0.0424149
-0.503072
-0.184797
0.813778
-0.388552
-0.741227
-1.34471
1.18599
0.0555922
-0.69656
1.47971
-0.384974
0.721445
-1.23919
-0.109252
0.301135
-0.120075
-0.7065
-0.306971
0.079191
-0.259534
-1.80278
0.889535
-0.182838
0.57977
1.13264
-1.18084
-0.381838
0.0704966
-0.724285
-0.663057
-0.311984
-0.777125
0.343604
0.365707
0.574035
-0.588203
0.678965
-0.700904
0.0754743
-0.620755
0.139691
0.0450327
0.189267
0.360215
-1.28292
-0.238216
0.035893
-0.814702
-0.141392
-0.163114
-0.070597
0.215642
-1.44138
0.0393794
0.990873
0.470702
-0.73537
0.232803
-0.187062
0.205406
-0.0718489
0.827508
1.39304
0.972455
1.2902
0.618594
1.2344
1.03347
-0.374157
-1.10072
0.33644
-0.355404
1.28214
1.13664
-1.03962
0.367783
-0.534035
0.471426
-0.822024
-0.236525
0.096738
-0.871894
-0.653221
0.181422
-0.00361851
-0.273388
0.0751965
-0.874325
1.09735
0.570445
1.45164
-0.828754
-0.171562
1.31671
0.169228
-0.877704
1.1235
0.66907
0.320884
2.03402
0.139708
0.456263
-0.403878
-0.0857658
-0.675485
0.0168152
0.347103
0.0822798
-0.0616073
-0.444354
0.374816
-0.167841
1.50344
0.439279
-1.85922
0.0311502
0.392638
-0.166186
-0.777453
-0.115257
-0.964178
1.16714
-0.26225
0.0398167
0.424739
0.369038
0.974578
-1.42713
-0.292724
-0.215123
-0.48461
0.496019
-0.287114
0.810259
-0.765664
-0.72073
0.111459
-0.122492
0.672928
0.385236
-0.923499
0.447
0.259637
0.135974
0.298393
-0.159413
-0.11047
-0.37041
0.101349
0.00535924
-0.637225
0.154417
-0.0225806
0.0918061
0.286386
0.279317
0.539783
0.0632735
0.991293
-0.360502
-0.310358
0.652924
0.965122
-0.208309
-0.627512
0.356629
-0.880493
-0.125702
0.425451
0.327108
0.780832
1.19125
-0.749463
0.611966
0.782058
0.0107651
0.659141
-0.650734
0.758477
-0.0942566
-0.74452
-0.588782
0.704851
0.71803
0.703952
-0.53195
-0.444676
1.08519
0.244018
-0.840961
0.711036
-0.0839869
0.0305213
0.351119
1.28608
0.504284
-0.0838278
-1.24558
-0.239923
0.0356247
0.453145
-0.680822
0.796966
-0.700137
0.521752
0.927654
0.124178
-0.122613
0.952795
0.977315
0.772765
-0.290904
-0.0510016
1.06469
-0.434174
0.633192
0.212796
-0.145486
0.462013
0.538897
-1.14514
0.0491778
0.331381
0.957394
-0.373124
0.318402
0.524993
-0.353777
0.211572
-0.487634
0.881119
1.07007
-0.317629
0.0353583
0.0224336
-0.550239
-0.150173
-0.153735
0.0298861
0.0504047
-0.532763
0.32627
0.865342
-0.289953
0.556616
0.737275
0.226149
-0.855536
1.02643
-0.102495
-0.165126
-1.61117
-0.297991
-0.24877
1.05787
-0.371668
0.788634
0.823526
0.190694
0.981672
-2.12934
0.49338
-0.223789
0.357836
-0.501435
0.617218
-1.41502
0.576061
-0.270517
0.280271
0.184354
0.84902
0.703707
0.258436
1.70837
-1.32682
0.544308
-1.5808
0.527454
-0.647098
-0.260975
-0.240312
-0.454453
-0.671833
-0.407946
-0.303457
-0.802843
0.0917252
0.567785
-0.0116923
-0.928983
-0.280348
0.891648
0.992726
0.28776
0.244512
-0.746164
-0.223246
-0.00695533
-0.641496
0.0266176
0.329666
-0.196013
0.561016
-0.112752
1.56658
0.678674
-0.0120615
-0.616969
-0.0426091
0.650489
-1.07823
-0.743002
-0.46649
0.0526594
-0.352911
-0.693673
0.0192201
-0.390212
-0.144896
-0.403895
-0.128764
-0.805578
0.44581
0.3702
0.0243163
-0.288278
-1.34432
0.533095
-0.261993
1.18339
-1.342
0.0196667
-0.319492
1.48208
-0.733056
0.57244
-0.704291
0.018124
-1.46896
-1.33785
-0.0803254
-1.18945
1.78816
-0.70342
-0.540387
-0.220607
0.563102
-0.307561
-0.678808
0.341689
-1.1875
-0.498782
-0.903298
1.3507
0.260826
-0.456958
0.293991
0.27285
-0.370027
-1.00446
-0.106943
0.283983
0.100708
1.1242
1.46215
-0.29814
0.742122
-0.249273
0.181431
0.685956
0.240272
-0.267054
1.42279
-0.257806
-0.151493
0.680188
0.386573
0.257039
0.288885
-0.5659
0.490507
-0.129164
0.102444
-0.200251
-0.245252
-0.918823
-0.586642
0.320628
-0.676509
0.0771842
0.801421
0.141847
0.454658
-1.20086
-1.05306
0.493451
-0.607359
0.715565
0.399929
0.427482
-0.509015
0.170223
0.241347
-0.424907
0.338832
1.0485
-0.731286
0.193727
-0.341535
0.885899
-0.569301
-0.714145
0.479651
0.587018
0.450284
-0.771235
1.05762
1.61799
-0.430086
1.0677
0.400252
-0.475317
0.430264
-0.809516
-0.924129
0.175821
0.721394
0.774006
-0.816168
-0.100309
-0.903676
-0.642691
0.203038
0.471372
-0.141303
-0.131968
-0.298016
-0.580841
-0.18318
-0.685905
0.192602
1.82639
1.294
0.541446
-0.225836
-0.17011
-0.846711
-0.700267
0.530724
-0.12074
0.313452
-0.689187
0.276373
0.159748
-0.268867
-0.363594
0.82543
0.248331
0.440689
0.155303
1.04045
-0.648435
-0.118505
-0.338913
-0.595021
0.340913
0.980748
0.254639
-0.527228
-1.03903
0.446129
0.62657
-0.00149736
-0.116416
-1.14167
0.655226
0.870615
-0.723209
0.812546
-1.29779
0.586598
-0.0375973
0.0657643
0.601982
0.570724
0.721646
1.29874
0.603911
0.728935
0.866258
1.01581
0.435004
-0.225781
-1.13015
-0.428002
0.602915
2.21451
1.07722
-0.671382
-0.662609
-0.0844639
0.108125
-0.0735843
0.906213
0.044728
-0.317736
0.628075
-0.451085
-0.451119
0.50002
0.243729
-0.175454
-0.2163
-0.282528
0.996946
0.909814
-0.460146
-0.259568
-0.0339659
0.732657
0.65801
-0.300405
0.920535
0.461122
-1.01122
0.77394
0.0904512
-0.531994
-0.190229
-0.377282
-0.313926
0.191328
0.468639
1.69645
0.831375
-0.548622
-0.703491
-0.883946
0.262963
-0.05923
0.920389
-0.78611
-0.0450378
-0.109983
-0.0655859
-0.18115
-0.762841
0.455934
-1.06958
0.518865
0.770369
-0.159968
-0.82958
-0.212691
-1.17696
-0.313282
-0.838867
0.645495
-0.175129
0.669149
0.282134
-0.639442
-1.02257
-0.292155
0.00824356
0.9079
2.62672
0.347706
-0.935661
-1.13073
0.158205
-1.81724
-0.657234
0.525449
0.721501
-0.35716
-0.655312
0.171269
-0.20058
0.195394
-0.111393
0.509375
-0.275097
-0.6553
0.265536
0.5314
0.770949
-0.292669
-0.332996
-0.562228
-0.98081
0.0392426
-0.570566
-0.601114
0.492944
0.0352104
0.553023
0.806782
-0.142109
0.479441
0.187519
-0.524732
-0.637271
-0.118215
-0.491481
0.685584
0.221821
-0.160727
0.683919
-0.978824
0.269676
0.16858
0.0812367
0.517462
0.379841
0.145597
0.274707
-0.0501058
-0.943621
-0.204545
2.00599
-0.618386
-0.0283235
-0.250056
0.436625
-0.869717
-0.678318
0.910288
-0.524868
0.0431166
-1.62117
-1.39387
0.713963
0.174848
0.529286
0.86358
-0.564306
-0.715617
0.913381
0.58595
-0.571752
-0.430205
0.105087
-0.590291
-0.0547308
-0.043329
0.175772
0.574422
-0.558559
-0.677783
-0.511482
-0.0919915
0.493407
-0.400307
0.623484
0.0627518
0.573807
-0.0868876
-1.04312
-0.0483294
-0.211257
-0.0567362
0.391532
-0.51278
0.569122
-0.589133
1.15357
-1.75516
-0.443777
0.657146
0.518006
0.0845633
0.255507
-0.583098
0.0816455
-0.152382
0.424729
0.049149
-0.0280554
-0.118742
-0.418025
0.776857
0.199099
-0.934053
-0.720691
1.25862
0.432364
-1.03915
-0.529072
0.607552
0.675511
0.645555
-0.749552
-0.290259
-0.608042
-0.342943
-0.742461
1.69827
0.72178
0.702192
-0.205129
1.1891
-0.178369
0.132293
0.143096
0.292647
-0.00084887
-0.00536864
0.903493
-0.253729
1.40464
0.896878
-1.1568
0.324357
0.189559
0.159508
0.75813
0.761542
-0.196766
-0.439653
0.544024
0.388923
-0.380546
0.272283
0.698202
-0.968557
0.328499
1.1144
-0.271516
-0.165483
0.299704
-0.580022
-0.187823
1.44687
-0.38739
-0.400443
-0.48498
1.72732
1.81786
-0.0413896
-0.183538
-0.435962
0.14648
0.821246
0.404416
-0.779038
-0.0766307
-0.305475
0.470884
-0.983308
-0.844992
0.904131
-0.581189
0.020767
0.279569
0.140594
-0.299725
0.00294145
-0.664783
0.74813
0.155168
-0.341399
-0.533453
0.280637
0.474089
1.79797
-1.07578
0.947957
0.321836
0.258341
-1.15862
0.205957
0.461926
0.23433
1.23808
0.507273
0.0182548
0.521746
-0.249257
-0.226221
-0.329392
0.021882
0.0652103
0.314248
0.825881
1.27461
0.537177
0.523979
-1.18077
0.51116
0.851707
0.136215
-0.740906
0.150453
0.373049
-0.138472
0.900807
-0.109618
-0.972168
0.498141
-0.773966
-0.544958
-0.547333
0.334102
0.144001
0.460905
0.104268
0.015802
0.376687
0.112622
1.25823
0.50753
0.131308
0.444972
1.19058
-0.0307416
0.631643
0.353852
-0.142228
-2.07756
-0.241367
-0.367336
-0.0404597
0.904228
-0.280018
1.32165
-0.324861
0.170294
-0.353493
0.960713
-0.372034
-0.391627
0.84977
-0.51875
-0.0434022
0.131823
0.908419
0.506369
-0.772265
0.731279
0.0503223
1.27429
-0.40348
-0.587473
-0.734364
-0.391915
-0.0847847
-0.269791
-0.706073
1.07027
-0.120035
-0.674595
0.303145
-0.338558
-0.497385
-0.294243
-0.0518715
0.610858
0.624148
-1.2211
0.0400534
-1.17524
-0.220212
-0.10392
0.458718
-0.312209
0.653341
-0.0351201
-0.0919398
-0.129542
0.0431246
-0.50743
0.949769
0.905222
0.186117
0.190667
0.0345799
-0.304369
0.216398
-0.00404915
-0.0798234
0.976282
-0.631633
-2.2067
1.29223
0.109461
0.402628
-0.527008
-0.297418
-0.0395979
-0.34702
0.323109
-0.448767
-0.404755
1.41581
0.691056
0.275837
0.665291
-0.748894
-0.0187853
-0.18851
-1.1104
-0.788051
-0.380188
-0.248154
0.364149
-0.542837
-0.579176
0.471939
0.216245
0.454
0.0162027
-0.224492
0.401272
0.476173
-0.604687
0.661251
0.594915
0.235373
-0.332785
0.670322
-0.551642
-0.144295
0.0725666
-1.4446
1.07076
0.480006
1.23495
-2.57033
-0.254814
0.822404
0.255223
-0.903867
-0.293003
-0.116106
0.0427594
0.355433
-1.0911
-0.623693
-0.973143
-0.510035
-0.390744
0.198911
-0.313692
0.212422
-0.167367
-0.000854819
0.218143
-1.26023
-0.445176
0.560083
-0.643188
0.47035
1.22479
0.126059
-0.270779
0.274934
0.111259
-0.203455
-0.08134
-0.958681
-0.358024
-0.507484
0.183578
-0.83311
-0.94642
0.761344
-0.545223
-0.150445
0.277347
-0.497591
0.903827
1.14492
0.928695
-0.504381
-0.947083
0.023114
0.555271
-0.277699
0.828835
-0.229873
0.636517
-1.21631
0.0191218
1.07107
-0.599379
-0.533718
0.637553
1.29991
-0.437364
0.307997
-0.453242
1.00931
-0.0675611
-0.501738
0.141416
-0.369444
1.17831
0.159392
-1.09801
-0.0746741
-0.00949934
0.993859
-0.124281
-0.615541
-0.850195
-0.844169
0.0794522
0.397044
-0.0708224
0.267991
0.177467
-1.05628
-0.104763
0.220812
-0.373442
-1.71001
-0.866008
0.0941503
-0.0704522
0.966545
-1.25432
-0.0327051
0.228203
0.634783
0.27827
-1.9479
0.426453
0.657644
-0.350273
-0.873386
-0.4957
0.309928
0.0299143
0.640212
0.455721
0.391095
0.452014
0.140409
0.000649481
-0.299675
0.409174
0.056813
-0.422603
-0.409689
-0.391375
2.13468
-0.931192
-0.320262
1.0701
0.319048
0.0708369
-0.801287
0.12093
0.13778
1.98479
-0.0530968
-0.634014
-0.118714
-0.190928
-0.154129
-1.75922
1.325
-0.576195
0.198924
0.681494
-1.11353
-0.903752
-1.36859
-0.436412
0.289424
-0.944176
-0.386124
0.201049
-0.740914
0.0487349
0.00929368
0.640019
1.91301
-0.662912
0.779806
-0.374366
0.962825
0.261688
-0.783034
-0.953439
0.0826712
0.978132
1.05766
0.410107
-0.398303
-0.209791
0.372357
0.852863
0.630753
0.311458
-0.734796
-0.885121
-0.622974
0.358238
1.0001
-0.263429
0.96854
-1.1742
-0.467848
-0.288412
0.43123
-0.747276
-0.442628
-0.321267
-1.44571
0.525999
0.652155
-0.859349
0.141914
-1.03244
0.484005
-0.0858115
-0.183302
0.290047
1.09316
-1.2428
-1.30154
-0.404765
0.0790584
-1.23843
0.2441
-0.389238
-0.0615011
-0.529534
-0.824381
-1.58807
0.304009
1.15121
0.461391
1.00433
1.18471
-0.0683881
0.624402
-0.0166764
0.514199
0.216458
-0.265393
0.123452
-0.25363
0.283109
-0.04399
0.691522
-0.721834
0.134888
0.710252
0.050615
0.509125
-0.154901
-1.46945
-1.32017
-0.765304
0.619141
-0.208594
0.185251
-0.812081
-0.136336
0.00623748
0.784115
0.265841
-0.580631
0.859318
0.117107
0.0954981
-1.40929
-0.233276
-0.436797
-1.06818
-0.170895
0.671345
0.811598
-0.669879
-0.619647
-0.610897
-0.0404974
1.10879
0.490705
-0.866933
1.21223
-1.17413
-0.784821
0.0773177
1.08995
-1.61522
-0.219354
1.03969
0.243582
0.665785
0.856307
-0.0856736
-0.591745
-0.225152
-0.35125
-0.654579
0.160867
0.31713
-0.14581
0.620266
-0.637011
0.351226
1.15935
-1.46173
-0.05378
-0.0403219
-0.556884
-0.0745933
0.333052
-1.01562
-0.720617
0.629512
-0.938745
0.0248699
-0.738059
0.845183
0.623515
0.0523993
-0.0136416
-0.780299
-0.375607
-0.43789
1.03373
0.487256
0.172991
-0.136846
0.172719
-0.086071
-0.117441
-0.353594
-0.82823
-1.00517
0.151594
1.13113
-0.392627
0.149542
1.46003
0.376981
1.44712
1.46696
1.11948
0.570355
1.39335
0.167592
-0.42041
-0.320968
0.327159
-0.954747
-0.0915838
0.0532014
-0.64303
-0.495892
0.0427165
-0.350312
1.38435
0.767662
-0.377508
1.40505
0.964764
-0.874991
-1.07708
-0.64665
-1.00228
-0.154107
-0.76368
0.142506
-0.600585
0.0977597
-0.971024
1.00285
-0.307995
0.217449
0.0376996
-0.329555
-1.10435
0.422255
-1.0292
0.131217
-0.458486
-1.47738
0.576387
1.31476
0.555248
1.17471
-0.439859
0.167964
1.13459
-1.25914
-0.289428
0.951884
0.830514
0.128525
0.255209
0.744217
-0.903749
0.0987314
-0.68599
-0.33993
-0.479773
-1.05701
0.037749
-0.671812
1.09893
-0.305387
-0.0363515
0.152004
0.430318
0.292166
-0.47935
-0.5886
-0.545044
-0.363937
-0.278818
-0.407666
-0.145414
1.73463
0.414615
-0.187259
-0.68405
-0.314694
1.64333
0.548215
0.182789
-0.755606
-0.351699
2.03638
0.364143
-1.01874
-0.231103
1.08476
-0.794958
0.974414
-0.484021
-0.952558
1.55805
1.8617
0.42561
-0.223338
-0.435032
0.807878
0.607646
-1.18541
1.41453
-0.653586
0.636807
0.0406603
-0.40225
