-0.27915
1.87262
1.85537
-1.17467
1.76016
-0.630398
-1.61351
1.96305
-1.25283
0.749584
-1.14725
1.40311
-1.2784
-0.708341
-0.78113
1.09397
-0.382615
0.961613
-2.18308
0.708669
0.983674
-1.06911
0.0627341
-1.3206
-0.227776
-1.0314
0.78219
-0.244017
-1.88867
1.01127
0.40911
-1.81646
1.03053
1.10106
-0.948867
-0.953813
1.56255
-1.11864
0.579209
-0.549583
-1.31597
0.639641
-0.335374
0.24064
-2.71262
0.168468
-0.851009
-1.28103
-0.7827
0.135305
-0.910881
-1.01548
-2.23593
-0.970703
-0.614893
1.95747
1.56634
3.59895
-0.741535
0.57387
2.23364
1.53589
1.34648
2.14535
-0.43244
0.672256
-0.888508
1.66412
-0.383154
-0.632498
-2.04445
-0.315879
1.68053
0.708288
-1.94999
-2.60971
-1.80867
1.26063
-0.0207835
0.36722
-0.491026
1.81282
-0.336025
1.01883
-0.157795
-0.693993
0.295625
1.92387
-1.61323
-1.48966
-0.680942
0.785383
0.344457
-2.53224
1.4867
1.60362
-0.0556924
0.952685
1.64615
1.7932
-0.739948
-1.8687
-0.341312
1.48695
-1.02402
-0.701451
0.996591
-1.96655
0.543178
-0.150546
-1.8387
0.589377
1.93837
1.14311
-0.550741
-3.34314
1.33011
-0.108426
0.0117655
1.60976
-1.19118
-0.148051
-0.045635
-0.379914
1.88435
3.17512
1.06724
1.58752
-0.742331
-0.211493
-2.01337
0.240684
-0.397757
0.0197138
-2.20483
-2.0965
-0.160249
1.81461
1.42271
0.0755833
0.0362335
0.990108
-1.53489
-2.61515
1.97627
-0.840891
1.64974
-0.624109
-0.377025
1.69871
-0.327645
-0.00440128
0.219193
1.03897
1.2413
0.930305
2.15912
-0.488083
0.066815
-0.314898
-0.372544
-1.56189
0.618391
-0.416456
0.775566
-2.08922
-0.243955
0.813899
-2.41778
-1.64363
0.257265
-0.317127
-0.276871
0.411573
1.90329
-1.26704
-1.10381
2.02009
-2.47278
-0.633425
0.528201
0.269793
-1.51202
1.68476
-1.26986
1.87363
-0.999344
1.50927
-1.66702
0.57507
1.53857
-0.705147
-0.962331
-1.00771
1.28792
0.367192
-0.742241
-0.649864
-0.580404
0.296684
0.908073
2.49402
0.371058
-0.529819
3.56066
0.938704
-1.63989
-0.99403
-1.45434
-1.46496
-0.431744
-0.811035
1.18974
1.81103
0.242505
-0.105716
-2.23603
-0.237919
-0.649639
0.870257
0.103296
0.291381
0.876958
-0.607933
0.689679
0.844753
-0.52272
-1.53706
-1.91553
-2.54988
2.28217
0.899274
-0.872022
2.08526
-1.44955
0.804457
0.801642
2.72576
0.178901
1.51963
0.561374
0.176039
0.344304
0.24773
1.04506
0.0789226
-0.189344
-0.385839
-0.366628
-0.386883
0.74277
0.579666
-0.170551
-0.651163
0.144399
-2.10979
-1.39788
1.37229
-1.65014
0.591573
0.703223
0.035261
0.51077
-2.38196
1.02368
-2.03457
-2.17744
1.26845
-0.115874
0.718103
-0.539071
0.294457
-1.30986
-0.632157
2.53671
-2.34243
-0.313291
-0.493924
-0.101196
-0.228235
0.99429
1.72704
0.63798
0.15183
-0.22219
0.279447
-2.47822
0.396452
1.55983
-0.50474
0.469994
0.15637
-0.839541
0.292178
-2.08286
0.151625
-1.55568
-0.485815
2.23591
-0.124837
0.104812
-0.574547
0.781095
-2.06499
-1.03445
2.55724
0.635618
0.515259
1.19656
-1.42705
0.777905
-0.729326
1.29933
-1.2164
1.00995
0.437011
0.748185
-0.714244
0.751811
-0.829186
1.19392
-0.614627
0.567884
0.244051
2.09569
-1.4981
-0.539906
0.358956
0.810449
-0.710879
1.99624
-0.533692
0.862356
1.26574
-0.270874
-0.46655
-1.10921
0.654919
1.23478
0.71248
-0.841267
-2.43747
-0.432086
1.64967
1.17383
-1.40725
0.894441
1.68919
-0.793999
-0.929867
1.41449
-0.528255
0.458034
-2.46788
-0.705592
1.11468
-1.26046
1.06957
-1.30436
2.5907
0.0803145
0.817854
-0.430041
-1.2021
0.865246
-0.0917148
-0.571917
-1.29163
-1.42407
1.23175
-0.722185
0.312043
0.162718
1.92759
1.48978
0.831748
-0.995162
1.67152
-1.37211
-2.33248
-0.696438
-1.09886
-0.465461
0.442534
0.518778
0.414848
0.904434
0.725642
-0.291369
0.238934
0.295649
-3.27428
-0.07985
0.121711
-1.13352
1.13005
-1.73236
0.778568
0.775038
-0.784011
0.528478
2.31721
-1.14163
0.0703984
2.32728
-1.04827
-0.695575
-3.63826
-0.266514
-0.170651
1.36478
-0.779238
0.793756
-0.703044
0.034345
0.561146
1.00457
-0.312294
-0.872845
-1.35058
0.953169
0.855216
-2.13153
0.546697
0.89389
-2.24846
-0.572794
-0.25505
-1.2015
-0.631692
1.90022
2.16841
-0.018033
1.3028
0.0763447
0.144953
-1.14165
0.441995
2.84149
-0.76573
0.43184
0.79946
0.714237
0.669416
-0.155383
2.04402
0.93267
0.971587
2.49266
1.62669
1.80583
0.00161352
-2.07061
0.164157
-1.49046
1.88548
1.717
0.962929
2.23569
-0.232807
-0.81112
-0.331913
-0.441447
2.4966
0.906472
1.2695
-1.25853
-2.99445
-0.672598
-1.39148
-0.00611369
2.01956
-1.30998
-0.429129
0.910541
1.37233
-0.0560783
-0.436323
0.563516
0.0784274
1.03388
-0.362098
-0.83471
-0.0919002
-0.433934
0.895941
-0.26704
-2.25202
-0.518516
1.05615
-1.40289
-0.307782
0.772547
-0.550708
-1.24627
0.147766
-1.30973
1.58411
-0.0174061
0.069754
0.40378
-0.0119358
-0.10941
2.08931
-0.529415
-0.0248345
-0.280142
-1.11706
-0.717644
1.44413
-0.596055
-0.336728
-0.529542
0.434696
1.03491
-0.448989
0.758362
-0.241048
-1.20436
-0.902831
-0.993077
-1.4789
0.765904
2.44305
3.092
0.566752
0.128316
-2.36536
0.93933
1.4943
0.450525
-1.28276
-2.21521
1.12701
-0.385262
-0.0555703
-1.35202
0.804012
-0.712504
0.294145
0.589133
0.654028
0.517929
-0.554485
0.909519
-0.353661
-0.153957
-1.02954
1.37239
-0.280614
0.663295
1.72992
-2.59859
3.35283
1.6376
-0.44497
-0.636759
1.55257
-1.19275
1.52945
0.591236
-1.65855
-0.412466
0.539192
0.0381242
1.75091
1.57653
1.02471
0.7323
-0.327483
0.915245
0.222302
-1.64337
-0.816139
0.452567
2.19377
0.42136
0.125903
-0.134011
-1.10405
0.19317
-1.01365
-1.05652
1.58327
0.00381312
0.35157
-1.846
-0.154974
-0.0154252
0.95975
0.307602
-1.46943
0.693411
-1.92617
1.87421
-0.356701
2.46653
-1.58992
1.45171
-0.643481
0.521294
-0.606492
0.334247
-0.201247
1.13801
1.55033
0.0583884
-1.6051
-1.08891
-0.589657
-0.380012
0.131134
0.103668
0.684503
0.544853
0.115335
-0.864488
1.483
-1.75574
0.0706506
-1.54973
0.853703
0.171145
0.320914
-0.616835
-1.73605
0.561708
1.62378
-1.33902
-0.588138
0.677922
2.25199
-1.46767
-1.24646
1.35737
-0.701148
0.980395
0.906005
-4.03479
1.77858
0.974486
0.748921
1.14625
-1.37505
0.680589
-0.463418
-0.131636
-0.477297
0.418456
-0.613299
0.447951
-1.18371
-1.86457
1.3809
0.42707
0.521502
-1.28919
-2.07699
-0.0568859
-0.392805
0.927916
-0.613962
-0.309125
-0.695406
1.10147
0.132666
-0.14609
0.0826832
0.0965941
0.842447
-1.06176
0.696022
-0.486287
0.383996
-1.93425
0.587756
1.04271
-1.46939
1.11728
-1.16024
-0.0409922
1.0494
0.0846219
-1.53769
-0.597649
0.46073
-1.51315
-0.433518
-1.51017
-0.595546
1.57539
1.43172
0.571706
2.00396
0.0276899
-0.19604
0.327239
-0.0407045
0.322819
0.65815
0.587362
0.126981
0.179818
-0.681275
-0.9894
-0.695392
0.589419
-0.357791
0.185034
1.77465
0.405417
0.6753
-1.49183
1.71183
0.692401
0.15584
0.879852
0.118389
0.568614
-0.100438
0.379138
-1.23043
0.831986
-0.601212
-0.249863
1.88312
1.40825
-0.405196
0.685332
0.222427
0.517401
1.77511
-0.45616
0.300662
-0.383741
0.442967
-0.274606
-1.11839
1.36091
-1.75964
0.268492
1.64679
1.34809
1.88876
-0.443342
-0.319542
0.192396
0.139508
0.843552
-0.214325
-1.93909
1.67803
-2.82764
-0.464091
-1.46023
-0.379776
1.02926
-0.282572
-1.99441
-0.425857
-1.4266
1.26287
-0.366451
1.20405
-0.374024
-1.44673
-1.48434
0.285177
1.39677
1.32246
-0.0455089
0.345027
0.126089
0.0228641
1.15971
3.19283
-0.646629
0.0917883
-0.168587
0.303492
1.30901
0.251486
-1.24699
-0.816705
0.539545
-0.249116
-3.73494
0.376346
0.604647
-0.67144
-1.1683
0.588465
-2.77154
-0.736073
0.471374
-0.432117
0.122768
-0.0436177
2.59566
-2.18228
1.13584
0.425435
1.99009
0.453221
1.53402
-1.39057
2.26503
-0.943963
-2.35264
0.650361
-1.94961
1.74116
0.273571
0.964776
0.489818
1.85384
0.195804
-0.619791
0.628748
1.36586
-1.64089
-0.228557
-1.13785
0.892135
-0.0961497
0.683647
-1.14793
1.35429
0.754732
1.51241
-2.18863
-1.1011
-0.285607
-0.489477
-2.15969
0.949946
1.66951
1.31076
1.75156
-1.06442
0.328032
0.0132615
-1.98528
-1.10588
-0.385715
-0.0302059
1.13443
-0.37638
-1.75043
2.07422
1.15141
1.50878
1.0816
-0.959621
1.1963
0.551741
1.16246
2.9078
-1.71014
-1.19285
-1.10017
-1.14928
-1.44137
-1.42731
-0.200379
-0.598519
1.03393
0.496163
-0.337201
1.62043
1.03419
1.66168
-1.1266
1.58191
1.08807
-0.774808
0.869974
-0.308856
0.156948
1.86974
-0.2841
0.451822
-1.86664
2.11282
-0.0121912
1.30803
1.23721
0.379826
1.11734
-1.00733
-0.414473
1.1546
-1.90551
-0.491491
-0.442477
0.370281
1.06576
0.944914
-0.898902
-2.78142
0.0587285
-1.11065
-1.5189
-1.22282
1.93815
-1.57886
-0.823566
1.08203
-2.06176
-1.29001
0.882053
1.39032
0.03832
-0.882856
-0.600714
0.670867
-0.449603
0.965365
-1.60863
0.814121
-0.211467
-0.307163
0.212694
1.16648
0.475734
-1.62442
0.302573
-0.673339
-0.0415037
-0.56159
-2.08098
0.2873
0.996997
-0.0245668
0.852384
1.95157
1.22101
-1.45252
0.470722
-0.0537396
-0.00453022
-0.391066
0.475656
-0.259958
0.111956
-1.43639
-1.49661
0.401868
1.68968
-0.189558
0.298544
-0.0110031
1.51551
-1.42056
-0.852321
0.151976
0.284448
-0.53497
-0.538606
0.698188
1.43792
1.68239
1.1436
-2.18309
2.29962
-1.50249
-2.38775
-2.01404
-0.698361
0.585481
0.703679
-1.84548
1.53638
1.59328
-2.38117
2.12022
-1.06454
1.72502
-0.246797
-1.2126
0.509572
1.86274
0.0369372
-0.436394
-0.392746
-0.92994
-0.635482
0.995853
1.10652
0.872724
-1.15297
-2.65583
-1.37634
-0.366332
-0.465498
-1.09717
-2.45859
-0.197776
0.387024
-0.218395
-1.43471
-0.670985
1.05341
-1.83694
-0.0271312
0.212265
0.492456
0.123563
1.06468
-1.61038
1.40059
-1.916
-1.31043
1.61532
-1.54154
-0.0903957
2.73198
1.54534
0.972352
-0.884511
-0.310486
1.28821
1.73969
-0.324758
0.281128
1.62291
-0.166128
1.03819
2.7859
0.406378
-0.857021
-0.609978
-0.868911
-0.312923
-0.792727
-1.65084
1.39877
0.720169
-1.5607
-1.27956
-1.87003
-1.51067
0.628835
-0.931972
-1.78183
0.0163208
0.695986
0.834684
-0.227332
-1.53116
-0.0592714
-1.65083
-2.81865
1.75385
1.43799
-0.489012
-0.183082
0.415387
1.85148
1.3267
0.627259
-0.612661
-1.73095
-0.115735
-0.51041
0.0139224
0.804116
-0.142762
0.264445
-0.127431
0.0926547
-1.34695
0.564238
0.0935313
-1.11219
1.44188
-0.795907
-1.60733
1.02671
0.897173
-0.495241
-0.180447
1.75256
1.31898
-0.178181
1.36592
0.216808
0.315611
-2.1044
-1.53667
-0.596516
2.81633
-0.0594605
1.37389
-2.19715
0.824828
1.98402
-0.761097
1.76267
-0.389583
0.982724
-1.14538
0.610094
0.265953
1.34571
1.29376
-1.07578
0.879324
3.68207
1.02862
1.57311
0.298911
-1.75387
-0.405823
0.934344
-0.377241
0.600508
-0.585312
-0.894657
0.589108
1.95095
-2.98434
0.58634
-0.843931
1.16411
-0.368788
-2.24916
0.117472
-1.42561
0.858254
0.972673
-0.938743
-0.660145
-1.92991
-1.01501
-0.0716259
-0.858168
0.0181036
0.867541
0.905785
0.237199
0.312923
0.10773
-1.25286
-0.726396
1.51897
-2.90551
-0.837681
-0.0941609
0.729875
0.691256
-0.3244
-0.80774
0.33706
-2.33923
-2.22168
-0.921048
1.82835
-0.315222
0.343843
0.820359
-0.574303
-0.158727
-0.969794
-0.946344
-0.531764
1.20065
-0.104472
2.07695
1.38013
0.593867
-0.471878
2.41632
0.175799
1.01963
-0.770222
1.5372
0.714282
0.847851
0.0579159
0.528653
0.520388
-0.0143869
0.610158
1.11491
-0.248187
1.21958
0.72456
0.125993
0.478086
0.180923
0.0229955
0.768108
0.711163
3.09963
0.214193
0.0523201
-1.7303
1.12028
-0.0767571
-0.197333
0.978672
1.29517
-1.12181
-0.258213
0.592374
0.0289014
1.8561
0.152095
0.297141
-2.62237
-0.755351
0.352429
-1.89141
0.448941
-1.60585
-0.444901
-0.0457235
-0.150311
-1.29109
-0.560684
1.03095
-2.78142
0.681167
-0.955959
1.82404
1.5644
0.429469
1.73566
1.07141
-0.433648
-0.679666
0.204058
-0.272731
-0.195071
-0.719462
-1.64137
-0.173899
0.518421
1.02498
-1.79559
0.759445
1.4729
1.3024
-0.579007
0.822834
1.29737
0.955495
-0.662297
0.650577
0.178429
0.595534
2.1495
-0.811129
-1.60163
-1.69476
-1.71724
-0.00727943
-1.10093
-1.1959
0.99587
0.621577
1.84057
-0.220159
1.003
1.06401
-1.46855
-0.415556
-1.6011
-2.15432
1.27424
-0.890835
1.27951
-0.238742
2.04973
0.107451
-0.164519
0.481661
0.0373149
-0.374671
-1.39143
0.409222
-1.29348
1.93814
-1.17575
-0.35755
0.288883
-1.34525
1.17498
-3.19729
0.529754
0.400574
-1.4968
1.48167
-1.21868
2.21742
0.962066
1.16539
2.07398
-0.293764
-0.5635
-1.98989
-0.847384
-1.56898
1.65116
0.556861
-0.825751
0.398148
0.334477
-1.67508
1.33376
-0.806322
-0.853622
-0.352013
-0.639833
0.232015
-0.0915395
0.00202913
-0.542182
0.15881
0.753982
1.88775
1.91947
1.41648
-2.98361
0.815492
-0.151029
0.343873
0.253461
1.61231
0.37505
0.293457
-0.0865864
0.336031
0.858001
-0.72783
1.29398
-1.23179
0.639264
-1.00349
1.10627
0.220013
-0.0127103
0.0525063
-1.84834
0.223037
0.881397
2.31781
1.22609
0.468889
3.73298
0.53098
-3.09082
-0.244803
1.22248
-0.31602
0.234605
1.33137
0.448178
1.76782
0.515576
-0.333447
0.37646
1.3453
0.696825
1.04527
0.338765
-0.268944
0.68465
0.12142
-2.7736
0.455041
-0.930206
-1.62738
0.473655
1.1753
-1.05759
1.106
0.716156
-1.64595
-0.251412
-0.786031
1.6356
0.758993
2.30542
0.778942
0.870047
0.42769
-1.41854
1.91623
-0.422424
-2.08683
-1.73144
1.64714
2.35458
0.142664
1.0103
1.2009
-1.67877
0.75491
-0.7457
1.03479
-1.65121
-0.824677
-0.745881
0.0726374
-1.11973
1.57109
1.11409
-0.0928705
-1.73485
-1.85769
0.643645
-1.07114
-0.332955
-2.12977
2.37371
-0.507597
0.229508
0.542211
-0.780711
-1.33532
-1.15226
0.927917
-0.588487
-0.871162
1.15232
-1.06594
1.39391
0.526136
-1.37651
0.250494
0.661372
-2.46336
2.49701
-0.963395
2.02869
-2.24329
0.0154622
1.34146
1.91993
-1.73771
0.716555
1.75083
-0.13978
-1.41527
0.964037
1.86939
0.23341
0.0984484
0.353292
-0.63757
0.400281
-1.15631
-0.495606
-0.0529183
-0.748207
1.18155
-0.384657
0.735121
-0.152785
1.3353
-0.656488
0.814386
-0.941778
-1.37494
-2.31987
-0.290698
1.12132
0.426622
-1.97156
0.622224
-1.12937
1.32614
1.03688
-0.663898
0.267205
-1.60299
2.06428
0.0283917
-0.571426
-0.218586
-1.6717
0.00244715
0.0754221
0.305512
0.356173
-0.737293
-2.83945
-2.15297
-0.190353
1.66885
1.99356
-1.12197
-0.166832
-1.02276
0.330188
0.0261711
0.241552
-0.330045
-2.7044
0.413515
0.056164
1.01714
1.01692
-0.0286028
-1.75765
-0.0102155
-0.58929
-0.328542
0.995881
1.73686
-1.32325
1.03967
1.23893
-0.778365
-0.210572
-1.57453
2.7488
0.324516
-1.40918
0.934495
0.528255
0.542434
0.746825
0.967535
1.19972
-2.01012
0.0866174
1.3342
0.39568
0.453755
-2.00899
1.16864
1.76473
-0.94046
1.95182
1.52214
-1.28665
1.84255
-0.62621
2.47481
-2.77513
-1.16076
-0.0653589
2.66728
1.27912
-0.454769
1.2819
-0.613073
1.38812
-0.865077
0.0615544
-1.78259
2.1793
0.928664
0.355924
-0.0495616
2.12928
0.792172
-0.220138
1.60774
-0.632793
0.492746
0.457227
1.75183
0.395428
0.169427
-0.264865
0.174943
0.0963062
-2.52914
-0.585442
1.11213
1.4582
1.87969
-0.314039
1.0885
-1.28309
-0.734963
-2.1562
-1.68914
1.10989
1.89055
-2.27931
0.840888
1.41577
0.0641834
0.475371
-2.24163
1.12756
-2.46405
0.0222714
-1.52738
-1.01862
-0.344346
2.62232
-1.41787
0.901404
2.49267
0.750347
0.0278827
0.662316
0.459394
2.51306
-1.36691
-0.141777
-0.523124
0.891731
-1.50249
1.9049
-0.716397
-0.202662
-0.435196
-0.949964
2.40296
-1.81972
0.446452
-0.681351
0.731421
-0.772949
-0.164249
0.597836
1.89351
0.690613
2.62642
-0.896916
0.200137
0.901591
0.300988
-2.16593
1.89359
-0.477846
-3.83326
0.497655
-0.0774354
1.60414
-0.330369
-0.394885
-1.47337
0.873185
-0.159555
0.338564
-1.18065
-0.903711
0.277672
2.06932
-0.591341
-0.0292376
0.853556
-0.167591
-1.37602
1.8757
0.74849
-0.271803
-2.60553
-0.394224
-0.98341
-1.07492
1.63146
-1.8068
1.96292
-1.53018
0.370801
-1.02073
-1.21838
-0.739608
0.434685
-2.05419
0.186482
-1.30829
-0.210908
0.362998
-2.16785
-1.97227
2.16948
0.77212
0.653446
-1.72225
1.86862
0.848159
-0.547986
-0.20105
-0.181849
-0.0208062
-2.86903
1.26403
-1.53031
-0.690889
-0.661646
1.52113
0.946858
-0.101069
2.34844
1.08026
-0.165645
0.71038
-1.14681
-1.70165
1.25909
-1.54326
-0.875776
-3.30563
-0.311029
1.76719
0.352229
-0.836109
0.67103
-0.627494
1.21015
0.62126
-0.264438
1.18587
0.493596
-0.0272209
1.62608
0.549426
0.656772
0.493904
-1.61141
0.208539
0.824101
0.16262
0.546823
-0.974816
-0.0164612
-2.88372
-0.212108
-1.58329
0.285608
-0.83156
0.253643
0.127223
-0.959559
0.828385
0.196323
-2.32594
-1.34797
-0.96003
-1.26704
-0.706973
-0.572783
1.79421
-1.68226
-0.586162
-0.551256
0.530309
-1.71576
0.15729
-0.372974
-1.34786
-1.22229
-2.03621
-0.940766
1.88114
-1.03149
1.30487
1.7352
1.37784
1.99825
0.03036
-1.15119
0.480296
-1.06661
2.30225
1.64943
-2.1612
-0.132722
1.05377
0.0070087
1.6175
-0.0182792
0.892058
-0.666392
-1.34872
0.985348
-0.130799
0.226532
1.24185
2.01956
-0.0340392
-1.29146
0.821181
2.8704
1.78143
-0.895874
-1.72768
0.252167
0.647485
1.59307
2.1421
0.680065
-0.258197
0.281578
0.40767
2.12582
0.639434
-0.57583
-0.304482
-1.0836
0.733579
0.329795
0.953101
2.85049
1.77708
-0.491307
0.433406
1.01807
0.00622903
-1.62457
-0.450838
1.31315
-0.685891
3.22442
-1.18874
-1.61346
-1.10452
1.94218
-0.688376
1.1624
-1.01824
2.27863
-0.408763
1.21837
-0.962328
1.27895
0.167492
-0.409885
1.12033
2.52241
-1.5413
-1.91735
0.404962
-2.0611
0.250188
-0.755956
0.570572
-0.841216
-0.786029
-0.73874
0.257652
1.42478
0.16825
0.240232
2.02039
0.184021
1.91625
-0.205402
-0.656354
-0.49384
-0.095468
0.344504
-1.26009
-0.409728
-1.39974
-1.58811
-0.340048
0.686324
-1.29553
0.950613
-0.192892
0.246808
0.871802
-0.186913
1.24554
1.05768
0.767315
-2.26286
0.220288
-1.24632
0.231032
1.60167
-0.376482
-3.32187
0.719834
-0.450445
0.131647
0.386069
-0.960465
-0.474803
0.283577
0.206032
-0.691509
1.53309
1.8055
-0.223184
2.21864
-1.88274
-0.226208
0.345604
0.377102
1.87057
-0.0655122
1.37686
0.214276
-1.93946
0.575606
-0.968836
-0.54369
1.18989
-0.683229
-1.00276
0.199503
0.291404
2.10539
-0.345015
-2.04487
3.0537
-1.20694
-0.977122
2.18612
-0.106894
-1.52894
0.608492
0.0694839
0.617622
0.999435
0.63195
-1.20493
-0.83166
-0.244045
-0.290437
-2.63368
1.34225
-0.485348
2.57165
1.25692
0.759477
-1.80563
-1.98886
-0.439446
-0.170344
0.148931
0.549291
-1.55325
1.75464
0.0633427
0.320811
-1.11285
1.47824
0.318512
-0.322919
1.73805
-0.782762
-1.94911
-1.43413
-1.56835
1.82808
1.24668
1.46223
1.96755
2.21255
-0.357307
1.30336
0.582827
-0.190814
-0.956195
-0.0439293
-1.76367
-1.70086
-1.55059
0.118448
1.14716
-1.2556
0.405567
-0.573124
-0.601806
1.74983
-0.650625
0.626708
2.03292
0.94766
-0.328287
-1.64501
-0.8442
1.58706
-0.937289
1.3487
0.588144
0.798598
0.526844
-0.320012
0.596741
-1.92166
3.8056
1.09047
-1.08642
-0.42431
0.305683
-0.594663
0.101189
-1.80078
0.290817
0.704417
-2.36705
-1.41289
-0.178946
2.1247
2.27086
-0.0375595
-1.63557
1.3868
-0.315144
0.781491
1.65493
-0.0147292
0.381495
-1.45499
-1.23435
-0.606504
0.94044
1.712
0.157237
0.248008
0.53593
0.701698
0.518473
0.381049
-0.85857
0.58803
-0.276611
-0.808447
-0.0287508
-0.433772
2.34367
-0.99466
-0.0586911
0.619706
1.56442
2.32161
-0.760366
0.406474
-0.222942
0.219065
-2.00731
1.64447
-0.162764
2.17635
2.18371
-0.771672
2.78635
-0.268029
0.608588
-1.08207
-1.06055
-1.64136
1.09857
3.69854
-1.29136
-1.67339
1.25325
-0.254438
0.488254
1.04139
0.479987
-2.09753
0.611448
-0.690736
-0.133488
0.259496
-0.271597
1.92082
-1.75851
0.93992
-0.41743
1.19644
-0.84263
-1.17737
-1.66757
0.176267
1.64855
0.373518
0.577563
1.01493
0.783802
0.130251
-0.599269
2.24696
0.898149
0.998096
-0.25274
1.49724
0.0117952
-1.7634
-0.286154
-0.0568956
-0.843912
1.31748
-0.976009
-0.498804
-0.60098
-0.368283
-0.653213
-1.3419
0.192999
-1.28263
-1.60103
-2.39692
-0.095084
1.00091
0.672523
3.28188
-1.5775
-0.135784
-2.07869
-0.216088
-1.7924
-2.51402
-0.205818
-0.846446
1.18512
0.951465
0.360866
0.0581319
0.723641
1.02449
-0.855171
-1.23231
1.06727
0.505934
1.2841
1.41627
0.0347497
-0.474239
-1.80165
0.761642
0.029002
-0.197719
1.44485
-0.472207
1.29815
0.85214
0.824746
1.38727
1.21979
1.54395
0.685415
0.32772
-1.62828
-0.715608
0.60946
0.213619
0.191411
-1.12398
-1.97226
-1.21612
1.11314
-1.52804
1.23903
-1.40404
1.49473
2.33318
0.427837
-0.442444
-0.512663
0.257956
-1.96234
1.54176
-1.71145
0.793606
-0.377427
-0.398766
0.711907
-1.19765
-0.327364
-0.465193
-0.1264
-0.709988
-1.03749
-0.0352845
1.45271
-0.819332
-0.34277
0.883818
-2.29311
0.289329
-0.699224
-0.49149
-0.189479
2.02492
-0.237754
-0.543391
-2.3059
-1.61597
2.56619
1.45085
0.602914
0.887519
0.315585
1.61589
-2.57832
-1.20013
-1.23556
1.48262
2.81276
0.477725
-0.59362
-1.2899
0.691737
0.206999
1.78886
-2.94561
2.9416
1.74456
-1.78762
0.658248
0.110166
0.575007
0.154649
-0.119017
0.726391
0.896914
-0.0126391
-0.408647
1.78486
1.86235
-1.01808
1.29789
0.737959
-0.543359
0.495694
2.15262
0.559627
0.0274399
0.75257
0.204131
-1.27629
1.57752
0.180251
1.33204
0.980753
0.868883
-1.59981
0.605424
-1.92657
0.352385
0.58353
1.85234
1.58104
-0.357746
0.0698626
1.43934
-0.072027
-1.18269
-0.34305
0.502824
-2.4427
-0.511928
0.223911
-1.32889
-0.749214
0.889737
2.43028
0.421364
0.841394
-0.765576
1.50134
-0.50169
0.440064
-0.590058
0.650316
1.36147
-0.0590479
0.465108
-0.625643
0.38165
0.687398
-0.907459
-2.08511
-1.51801
-1.11481
-1.50533
0.663155
1.8686
-2.25969
-2.33084
-1.61969
-0.410099
0.256503
0.60634
0.138547
0.38889
0.907215
-0.132971
0.304653
1.15194
-1.54094
-1.51314
0.545424
-0.895848
-0.438057
-0.518576
0.0924041
-1.36695
0.00300574
-0.139629
-0.877421
0.872134
-1.51934
-0.42682
1.77435
1.69382
2.96891
0.273591
0.440552
-0.623041
-1.22112
-0.741817
1.69662
-3.48996
-0.446517
-0.695094
0.483094
1.23406
-0.138838
-1.2053
0.826295
1.67838
-1.59656
-0.0248024
0.454998
0.840407
-2.06246
0.780203
1.66241
-0.696608
0.568464
0.929926
-0.287096
-0.799731
-0.566548
-0.997633
0.336712
-1.34695
-0.531932
-0.52959
2.10831
0.583534
1.46751
-0.575876
1.83223
-0.063946
1.47089
-1.74952
-0.0025774
1.76236
2.04549
0.249568
1.07737
0.11801
0.0235183
0.655474
-0.540072
0.818516
0.208076
-1.63116
0.415704
-1.44514
-1.03993
-0.0965592
-2.32655
-1.17393
1.42288
-0.17131
-0.585607
-0.304732
-1.11369
-0.0837809
-1.72938
0.59633
-0.771432
-0.332952
-2.73568
-1.34857
1.1485
1.11222
2.6295
0.0525943
-0.402233
-0.814127
-1.16605
-0.7517
-1.2315
0.151761
-0.131086
-2.134
2.25918
-0.233858
0.294903
0.592151
-3.30608
-0.310667
-1.85953
1.00012
-0.296929
-0.835103
-1.03578
1.76909
-2.01955
2.3282
0.838801
-0.236773
-2.16202
0.323986
-0.470892
0.241936
1.01276
0.0271512
0.171814
-2.12906
1.22129
-1.48475
1.50075
1.45192
0.0229628
1.33439
0.997214
-0.308957
0.370597
-0.311303
0.903245
1.13583
-1.03557
-2.05338
0.994941
-0.221843
-0.1245
-0.921388
0.324484
-0.902778
0.765144
-0.702998
1.20151
-0.646904
-0.508814
-3.00749
1.08486
2.1146
0.429801
0.699425
-1.63252
0.28791
-0.542151
0.942811
-1.32859
0.830348
-0.858903
-2.46804
-0.688877
0.230647
-2.26779
1.15779
-0.204417
-1.46608
-1.49354
-0.269654
-1.63437
-0.0618132
-0.519846
-3.05607
-0.735648
-0.380263
-0.164732
0.296609
0.617016
1.19101
0.223402
2.46376
-1.60926
-1.92416
0.0272972
-0.571429
0.818282
-1.07079
0.257205
-0.61072
-0.217806
1.6136
0.526351
-0.0956615
-0.548591
-1.52532
-1.29869
1.27606
-1.06924
2.31545
-1.10877
-1.01922
-1.45229
0.428796
0.756323
0.708704
1.44247
1.20186
-1.10607
-0.266339
-0.803696
2.11752
2.00607
-2.01607
0.836549
1.52945
1.21616
1.06665
0.823057
-0.23559
2.73932
1.38435
-1.11625
-1.06219
1.51709
-1.47927
-0.920847
0.484822
1.92628
0.373405
0.628591
-1.74532
1.05306
-1.38923
-1.01756
-0.895035
0.399713
-1.62477
2.36305
-1.82262
0.434911
0.706307
-0.240207
0.691597
0.408148
-0.0420648
0.929397
1.18018
-0.0747334
1.85608
1.06536
-1.07868
2.14295
-0.43291
2.12274
-0.33475
-0.153082
-0.277115
0.155843
-0.961469
-1.81642
1.15124
-2.54738
-1.73696
-2.29069
-1.30697
0.454278
-0.242414
-0.146227
0.174921
-0.257319
-0.338949
0.465977
1.92159
-0.0963269
1.05973
-0.514866
0.536931
-1.66679
-1.31028
-0.103417
0.158792
1.40998
0.51606
-0.66705
-2.806
-1.632
-0.250271
1.39826
-0.92786
-1.52848
-0.673901
-0.915773
-0.185748
0.565493
-0.971131
1.6313
1.1397
0.557377
-1.75616
-0.141944
3.07524
1.26099
-0.509646
-2.1811
-0.103249
-0.492162
-0.111966
0.804654
-2.23051
0.0241684
-0.03747
-0.700815
-0.0457377
0.16375
0.0910712
1.22079
0.931408
0.102762
0.387094
-0.913088
-0.636154
-0.735387
-3.26659
-0.427971
0.328866
-0.589597
-0.840949
0.122643
-1.83298
0.408467
-0.495023
2.1607
2.4136
1.13556
2.21877
0.170712
-1.30352
-0.647659
0.396236
0.123729
-0.910951
2.40856
-0.718965
1.21979
-0.610612
-0.77744
0.440564
0.880566
1.48929
0.259718
-0.014112
1.81966
-0.98724
0.292627
-0.683857
1.2147
-1.59135
-0.80899
-1.65615
0.721113
-0.644521
1.96425
0.117854
-0.886268
2.08863
0.969938
-0.273601
0.156127
-1.12911
-2.50277
1.58754
1.5434
1.98586
1.04063
0.506435
1.74817
0.168899
1.57642
0.150702
-0.68687
-0.737683
1.6966
-0.188557
2.41369
0.0126506
0.245098
2.69735
-0.470634
2.87202
1.6552
1.42028
0.83706
0.166338
0.0868191
-0.189097
1.07135
-0.157454
0.685856
-0.493951
-1.22842
-0.0894853
-1.00162
1.39646
-0.822096
1.0974
0.118142
1.18301
-0.320115
1.40754
-1.05127
0.578924
-2.00443
0.138619
0.0369546
0.204179
0.18249
-1.28547
0.779361
-0.0554425
0.986049
0.685952
-0.0330107
-0.479461
-0.66801
-0.334083
-0.50837
-0.179167
-0.0568426
1.04063
0.207651
1.80053
0.95177
2.02699
0.543087
-0.0916899
1.49961
0.565605
0.938295
0.364008
0.399472
0.263536
0.239052
-0.724195
1.44351
0.70622
-0.0510487
2.86881
1.73531
0.15479
0.754942
-1.40863
-1.04554
2.30314
-2.07284
0.332472
-0.445302
-0.944118
0.766418
2.17495
-0.251791
-0.696872
0.103521
0.290616
-1.30912
-0.106603
-0.31919
-2.17261
1.489
1.44245
0.486111
0.689485
1.66726
-0.353584
-0.154144
-0.424684
2.32078
0.53576
-1.16833
-0.870801
0.139483
0.830373
-0.364302
-0.220385
-2.21861
-0.0301582
2.03178
-1.38359
2.79413
-0.127147
0.227922
-1.75606
0.649244
-1.3169
-1.10821
-0.541902
-2.3358
-0.0495726
0.129242
1.48731
-0.587881
-1.40215
-0.255649
1.22971
0.744303
0.0470877
0.604815
-0.342981
-0.984595
-0.758765
1.08091
1.03084
-0.580883
0.555489
-1.18481
1.37515
0.535315
-0.28554
-0.747329
0.255204
0.498568
-0.661018
-1.25467
1.04764
-0.206047
1.13147
0.0185454
1.31545
-1.15706
-0.223404
0.42674
0.385515
1.34803
0.615486
-0.228408
-1.04595
1.55644
0.169132
-0.780927
-0.0707513
2.04458
-1.17364
-0.469259
-1.69585
-2.15585
-1.2941
-0.989624
0.152256
-0.272359
2.27054
-2.17113
-1.3894
-2.1078
-0.28611
1.25431
0.658273
1.05576
1.26846
-0.371094
0.143367
-0.385447
-0.787031
0.110098
0.845189
-0.329046
-0.111297
0.849356
-0.247998
-1.38223
1.63725
-0.199088
-2.67725
-0.648144
-0.197297
1.12467
-0.153721
-1.92712
2.34901
-2.5294
0.795533
0.994567
1.38953
-1.82477
-1.08725
-0.430541
1.66502
-1.05412
1.00331
1.00121
-1.00103
1.80091
-0.815173
-1.28616
1.73433
1.49341
-0.388037
-0.373747
-0.479046
0.551015
1.49416
-0.272904
2.0096
0.0674738
1.8799
0.148179
-2.15876
-1.32459
-0.971215
0.0471723
0.632181
0.909652
1.13429
-0.483592
-0.60075
1.2307
0.593838
-0.326408
0.894728
-1.18464
0.930641
-0.975608
1.94697
-0.317676
3.33378
-1.70003
-0.722198
0.104463
-2.57857
-1.18748
0.890568
1.02822
0.514634
-1.56372
-0.291174
-0.884891
1.25623
1.48909
-2.55566
0.703887
1.24612
-1.54633
-2.44683
-0.229167
-0.692693
0.0829627
1.61078
-0.154211
-0.772653
-1.35392
-2.19161
-0.444356
0.426158
2.94335
-0.113652
-1.30364
-1.07079
0.0982353
-1.76041
0.304094
-1.32227
0.365334
0.945197
-1.28497
1.4378
1.65711
0.041308
-1.03225
-0.838737
0.811
1.07888
-1.84794
1.81771
-2.34007
0.0930238
-0.497902
1.09925
0.521387
-1.06449
0.555687
1.10195
-0.580946
-1.32109
-2.93725
-1.38682
-1.83604
-0.677116
-1.42048
0.432028
0.983761
2.20198
-0.630634
1.70552
-0.54358
-1.58918
-0.186761
-0.889327
-2.18479
-0.666954
-1.5795
0.712815
-0.645831
1.71541
1.3763
0.383803
-0.0643029
0.43978
1.91255
-1.64257
0.0162199
0.128385
2.17511
-1.03961
-0.882424
-1.05485
-0.0488862
-0.728436
-1.28739
0.487322
1.0339
1.79938
0.233473
-0.714385
-0.302859
1.35341
-0.234781
-2.01801
-0.731535
0.479492
1.78173
-1.89651
0.122063
0.590424
-0.272447
1.08127
0.442269
-0.492024
0.955835
1.8968
-0.165788
-3.78406
0.209165
0.876512
1.80946
-0.827827
-2.01891
-0.0518283
0.246968
-0.73464
1.41935
0.420312
-1.59045
1.5269
0.0674155
1.16146
-0.442463
1.05953
0.747475
0.301511
-2.10198
2.43428
-0.97869
0.227998
-0.0304798
-0.738237
1.36235
0.610727
0.408401
-1.04972
1.19684
-1.07973
1.367
-0.302865
-1.11903
-1.59012
-1.75938
0.658424
1.18099
0.557095
-2.00014
4.10649
1.27866
-0.29106
0.288859
-0.9345
-0.554515
1.23513
-0.981793
-1.11954
1.47589
-1.24056
0.122206
-0.224393
0.865619
0.555637
1.44285
-0.284592
-3.82588
1.27661
1.4826
0.918943
0.0800511
-1.0781
-0.775875
-0.283122
-1.03787
0.634615
-0.3413
0.745215
-0.93005
-0.319616
-0.247554
1.4057
0.996005
-0.942153
1.56511
1.42125
-1.87131
-1.80725
-1.79225
-0.35816
0.0213977
-0.200977
-0.468662
-0.7257
0.54418
0.437777
-0.788185
1.13212
0.168066
-1.10128
-0.437681
-0.259724
0.579543
0.952196
-0.797463
-1.87992
0.643446
0.46063
0.545392
0.88262
0.872258
1.19592
-1.60775
1.41629
-2.06165
-0.425354
0.782493
-1.8194
-0.609459
-0.21585
1.39593
-2.26247
-0.427172
-1.67487
-2.4268
-1.3975
-0.834161
-2.19909
0.543272
-0.421958
-0.061966
-2.34895
-2.11325
3.49439
-0.602941
-2.55671
-0.175755
-1.03959
0.00863202
0.190983
-1.58859
-0.0841705
2.99603
-0.490015
-1.95474
-1.01325
-1.10775
-2.35232
0.47602
0.515011
-2.57296
-0.0938062
-0.650199
0.286822
1.59504
-1.22975
1.38139
1.3471
-0.556838
-1.33309
0.301445
-0.208924
1.83929
0.897775
-0.160361
0.164347
-1.16847
0.226887
-0.0921807
0.448185
0.436704
1.05461
0.585213
1.76167
-0.248014
1.78594
-0.721559
0.268542
0.276309
-1.29705
-1.73455
0.702387
0.99861
0.245146
-2.17212
-1.46292
-0.118516
0.332209
-0.916798
-0.273506
0.873688
0.779495
-1.81784
-1.75513
-0.992454
-2.52794
-0.721588
0.158767
-0.732124
2.15688
-1.32774
1.59141
0.202285
1.41818
-1.98353
0.0942922
0.359976
0.947905
-1.28423
-0.0209489
1.81755
-0.556316
-1.11462
0.0935083
-0.495267
-0.502569
1.4674
-2.26798
1.07925
-2.65679
1.32113
0.346404
-3.15075
0.346768
0.291357
0.484029
-0.777583
0.899973
-0.922784
0.540428
1.10164
-2.35666
-0.390269
-1.0231
0.412497
-1.87344
0.200931
0.168718
-0.390535
2.21978
-1.19755
0.90399
0.202179
0.0250777
0.590937
0.392865
0.262457
0.210367
0.518604
0.798888
0.58733
-1.2673
-1.3234
0.946042
0.369024
0.416026
0.543703
-1.22815
-1.34042
-0.380005
-1.69121
0.467552
-1.32895
0.350111
0.916163
0.539095
0.707978
0.884199
3.14309
1.56126
-1.39899
0.832154
0.898085
0.31491
1.53481
0.815366
2.06124
-0.585932
-0.465902
-1.74773
-1.70137
1.30248
-0.450886
-1.39745
1.47672
0.135924
-1.03515
-0.930408
-0.303613
1.17076
-2.14186
1.23606
0.202134
-0.121174
-1.04114
1.31956
-1.12493
1.23727
-0.273132
2.26245
0.0488516
0.577818
-0.308209
1.57548
-0.103733
-0.837594
-0.00357599
-2.93374
-0.551297
-1.00083
0.129727
1.0072
-1.13581
-1.48109
0.110009
-0.66333
3.50106
1.92793
0.26303
-0.427924
-0.261774
0.659664
-0.291536
-1.65075
1.37177
2.04216
-0.397891
-0.270337
0.531061
0.339484
-1.09317
0.322418
0.866578
0.154301
-0.653715
0.600286
1.35063
-1.09199
2.67394
-0.25865
0.90023
-0.886055
1.58259
1.27088
-0.520509
2.16725
0.391883
-0.937099
-0.418533
-0.488957
2.29951
0.103526
1.27532
-1.00531
1.21762
-0.132601
-0.334563
-0.21683
-0.460318
-1.51241
-1.88788
-0.250674
-1.09262
-2.17101
1.47247
1.24143
-1.2801
-1.19622
1.12051
1.92202
-0.639319
0.650359
0.193702
-1.44319
2.60585
0.9621
-0.850546
0.935283
-0.922067
0.286359
-0.75344
-1.26029
2.39438
-1.0325
-2.3667
-0.820664
1.33721
-1.14558
-1.2523
0.458167
0.143969
-0.95555
1.60091
-0.216836
2.71844
-0.604841
0.55318
1.21079
-2.63531
-0.203542
0.190612
0.112013
-0.835977
0.139579
-0.154988
1.73423
-1.20396
0.0427827
-0.188032
-2.87137
0.944937
-0.994531
-1.53523
0.768014
-0.216109
-1.04993
-2.84373
1.02686
-0.269473
-1.10451
-0.0884198
-0.395628
-1.73468
-0.377926
-0.1243
1.19823
-1.39135
0.429041
-0.982142
-1.07701
1.57273
0.887939
0.417966
0.29884
-2.19022
-0.342283
0.961073
1.8232
-1.07649
3.09776
2.09806
0.624734
0.496827
0.498783
-1.50687
2.67394
-0.698181
0.07016
0.0537029
-1.46907
0.0228761
-0.0816386
0.280026
0.347098
2.44958
-1.47894
0.0499048
-0.0928676
-0.596897
-1.71698
-0.48784
0.165797
-0.00640593
0.986304
1.15492
0.587093
-0.317062
-1.05633
0.0678977
0.492088
-2.63697
-1.51069
-0.953226
-1.66945
-0.43899
0.649746
-0.680181
1.40558
-1.05942
-1.35028
-0.699839
0.800761
0.0197458
1.9481
-0.3552
1.90943
-0.0710349
-1.12595
1.85943
-1.04251
-1.33195
-0.460774
0.557488
0.303202
-0.0296044
-0.729767
0.166623
-0.548436
-0.308597
-1.09972
1.23345
0.169517
-1.64167
-0.847559
0.392638
2.51366
-0.490196
-0.0163243
-0.1644
-1.035
1.4533
-0.777921
-0.368911
-1.01893
-0.823441
1.45102
-0.348137
0.388022
-0.944014
1.14327
0.474851
0.485639
3.01274
-1.41153
-0.475104
2.65591
0.526013
-0.0804329
1.29759
0.207321
-2.91513
-2.75785
0.628566
0.169648
-0.378473
0.869376
-1.246
1.96312
1.39678
0.522037
0.520418
-1.42503
0.165389
0.927078
0.624626
0.134896
-0.965948
0.616581
1.80016
0.298964
-0.334809
0.554046
-0.974403
-1.25023
0.145417
1.21094
1.02037
0.0321492
1.93443
0.0898844
1.11342
-0.154667
-1.40873
0.0405758
2.22739
2.68296
1.47036
1.21227
0.0164819
1.85054
-2.3076
1.26037
-0.266601
1.27235
-2.1114
-0.7676
1.36459
-1.05463
0.845359
-0.825156
-1.16791
-2.21298
0.376643
-1.2966
-2.22748
-1.4944
0.209296
0.931324
2.18144
0.0498012
1.04837
-1.32941
-1.90328
-0.341077
-0.152658
1.39838
0.548644
-0.297147
0.0734383
1.96311
-0.857552
1.05462
-0.450332
0.125256
-1.11478
0.711165
-1.60171
-2.05289
-1.23404
-0.109454
-2.35039
1.00016
-0.658213
0.840678
-0.747107
-1.62687
0.282641
-1.1744
0.544764
0.119536
-0.100975
-0.30739
1.13074
1.59423
-0.927804
-0.141593
1.91484
-1.38294
-0.952726
0.204318
0.0968222
-1.26673
-0.0739522
-0.0391168
1.1114
-0.4722
1.10765
1.69047
-1.52335
0.391571
0.241136
-0.924202
0.351531
-0.731307
-0.142244
0.163807
-0.587902
-1.47798
-3.05524
-1.70898
-0.0581443
1.23312
-0.311989
1.35703
-0.6653
-1.47785
0.674779
1.66448
2.87375
0.151497
-0.666149
-0.157923
-0.610442
-0.320102
-1.36273
2.15945
0.633415
-0.205764
-0.00267534
1.46243
0.103181
-1.45645
0.363144
-1.02521
-0.496853
-1.28077
-0.487627
-1.25253
-0.621617
0.361126
-0.739284
-0.347518
-1.7674
1.58756
-0.70314
-1.55426
1.01418
-0.83132
1.24752
0.12226
-1.19076
-0.604378
-1.87868
-0.380358
1.00657
0.269848
1.21674
-0.0401203
-0.566014
1.20784
1.06857
-1.12125
-2.36006
-1.79425
-1.79028
0.6106
0.218152
0.65435
0.537562
0.973022
-0.469139
1.19408
0.622185
-1.47796
-0.850561
-0.394466
-0.0244353
-0.16029
1.0087
0.425231
0.434005
0.107613
2.17006
-1.43973
-1.26067
-0.946782
-0.972868
1.86519
0.24662
0.630974
2.00018
0.304698
-0.768963
0.161837
1.85335
0.603484
1.26057
0.987697
0.725335
-0.916866
-0.275818
1.42148
-0.949392
2.1859
-0.611485
0.967976
-0.0897095
-1.24257
-0.3663
0.428487
3.07761
0.632248
-0.0907723
0.195524
-0.216767
2.50722
0.677973
-0.576826
-0.342283
-3.80657
2.87815
-0.803122
0.637475
0.705715
0.239389
1.37474
-0.931259
1.21243
1.25737
-0.19921
-0.780742
0.365543
0.0370155
-1.45119
0.609825
-1.47345
-1.13241
0.687235
-0.365318
-0.108358
-0.280068
-1.04258
-0.859716
-1.00428
0.0901187
-0.441669
-0.179977
-0.848624
0.242579
1.43929
-1.94419
0.647359
-1.07202
-1.76975
-2.6953
-0.168303
1.06335
0.631
0.245466
-0.645481
-0.41184
0.236863
-0.312515
0.393097
-1.57436
0.680776
-0.911674
-2.18807
-1.49455
0.633574
1.00943
-0.520074
1.01359
1.05008
-0.57777
-0.396559
-1.89672
-0.508441
2.02239
-1.3824
0.0535568
-3.1028
-0.318565
-0.242599
-0.601798
-1.61912
-0.442224
0.102892
-0.670065
0.782053
-1.19258
0.115303
-0.477219
1.03282
0.628492
0.393514
-0.165421
-3.05707
-0.80583
2.84411
0.0549423
-0.128515
1.21675
0.576709
1.34468
0.0631225
1.96194
-0.294838
-0.263561
-1.32084
1.34545
3.41851
1.70352
-2.5255
-0.987526
-0.859604
-0.479164
-2.45052
-1.64052
-0.77191
-0.352169
0.421218
0.757779
0.233527
-1.21998
0.897472
-0.115097
-1.24939
1.84109
0.407039
1.42645
-1.86293
-0.855131
0.848353
2.36951
1.22898
-0.944298
-0.740959
-0.209325
2.24506
0.990304
-0.161231
-0.334711
-1.75071
0.373857
-0.128789
1.7232
-0.472266
-0.388376
-0.957096
-1.84176
2.06211
0.202853
1.90227
0.770443
0.584029
0.759953
-2.13151
-0.155722
-1.41253
0.445179
-0.317962
-0.35428
-0.303869
-0.469238
-0.626183
-0.0144786
-0.322955
-0.277694
-0.902087
0.789491
-3.02659
-1.26696
2.03875
-0.690526
-1.27604
-0.554184
-0.50149
0.0585886
-0.517977
-0.734785
-1.28868
-0.999986
-0.363502
-0.887802
0.650714
0.780514
0.434427
1.39935
1.01122
0.82346
1.034
0.573215
1.7226
1.31453
-2.18003
-1.95706
-0.748345
0.492747
0.620863
0.935487
1.23974
-0.0212605
-0.0799946
-0.695738
0.323209
-0.22215
-0.584795
0.238393
3.07806
-0.656951
-0.967217
-0.190157
0.366394
-0.203544
-0.789889
-2.02676
-1.35896
-1.63649
0.0907044
0.585267
-0.507355
0.458158
-0.883419
-0.266679
-0.246084
0.488626
0.389751
-0.770432
-0.274833
2.61364
1.72113
-1.32776
-0.528715
-0.0834905
-0.706709
-0.777226
1.04414
0.576794
1.44827
0.126082
0.401933
-2.14981
0.430493
1.50196
-0.931037
0.47858
0.817804
-0.064138
0.737192
-1.12934
-0.872428
-0.82374
-0.722735
0.415764
-1.64111
0.69197
-0.771968
-1.98343
0.272937
-0.158506
0.814569
0.578072
-1.83397
0.32164
0.757577
0.369396
-2.5849
0.171167
-0.375477
-1.24859
0.582404
1.97392
-1.40762
-0.568247
-0.972516
-0.668964
-0.685589
0.628201
1.84335
0.712562
0.313675
-0.130559
0.535988
1.01226
-1.2035
1.12688
-1.2869
0.528052
-0.628216
-1.09387
2.56403
-1.86589
0.751932
-0.77632
-1.47165
1.63282
0.0262683
1.14034
-0.192276
1.22853
1.85836
-1.14663
0.400232
1.38858
-0.375003
0.439451
1.23362
0.0365123
-0.888964
-1.04908
-0.875477
-1.5179
-0.870447
0.106871
0.89344
0.119771
-1.08645
-1.82908
0.736806
1.00957
2.50066
1.72445
1.55062
-0.992764
0.828906
0.0339662
1.21885
-0.160569
-0.379249
1.90477
0.383814
-1.1259
-0.956906
2.52184
-1.15362
2.09355
-1.85765
-0.388964
0.560946
0.952493
-0.289209
0.0838941
0.89911
1.79685
2.07672
-0.852642
-0.729162
-0.990903
2.0597
3.04905
1.14874
-2.55007
-1.169
-0.204705
-1.0308
-1.4802
1.83667
-0.98535
-0.225342
-1.2987
-0.297506
0.655357
-1.53736
-0.396048
0.835161
-0.0587204
3.20864
1.62688
-0.111907
-1.37035
0.362554
0.158382
-0.726279
0.35542
-0.366419
1.14628
-0.653774
0.631438
-1.53338
-0.601737
1.56527
2.50651
0.707963
-0.644197
-0.366218
0.569858
-2.14744
0.269526
0.167689
2.37682
0.228267
1.64915
1.04069
-1.47317
-1.5543
-0.528787
1.71091
-0.868691
2.79388
2.79334
1.3347
-2.02127
0.54448
1.42602
2.07796
-1.51779
-0.953948
0.776254
-1.0285
-0.563671
-0.81474
2.06771
-1.88263
-1.30331
1.61833
2.09443
0.786621
3.44082
-0.404871
1.11973
0.372258
0.0396575
-0.00275203
0.381733
-0.125385
1.05599
-0.146418
-0.590359
-3.21179
-0.289374
0.0531158
2.4592
1.57776
-1.25023
0.0104399
-0.349209
-0.537116
-2.06543
-1.64361
0.0186451
0.324078
-0.338694
2.16264
2.53904
-0.123277
2.62126
1.09247
-0.435358
2.13789
-0.551167
-0.113828
1.39106
-0.618886
-2.4524
0.703807
0.928551
-0.338592
0.606356
-0.650133
0.48601
1.74193
-0.0460863
0.216937
0.417912
0.233438
-0.450479
0.676271
-0.0122924
0.00605193
0.0309439
1.55158
0.849001
-1.36334
0.947416
-0.680922
1.25382
0.187994
-0.615779
1.35448
0.604739
2.47118
-0.190408
-2.03463
-0.641533
1.98808
2.81686
0.599273
0.816191
-0.0680509
1.18015
-1.07703
0.480463
0.262773
2.36553
1.80273
0.410984
0.165267
-0.624423
-0.0119061
1.04833
0.855667
-0.641962
-1.01159
0.787207
-0.765711
0.831523
1.62208
0.0517583
-0.790813
-0.398996
-1.3161
-1.04096
1.43121
0.594917
0.484225
0.576723
1.31306
-1.0332
-0.390506
0.432937
0.365538
-0.0670789
0.450695
0.406946
-1.65635
-0.634732
-1.76514
1.94934
0.472868
0.409419
-1.61942
1.43154
-1.94799
0.831287
-0.808671
-2.90467
1.24859
-2.19437
-1.58767
0.319699
-1.69335
-0.236399
2.13068
-1.01441
-1.31741
0.92969
-1.19811
-0.680785
0.921348
-2.49242
0.658869
-0.700456
1.45986
-1.23947
-1.25561
-2.34249
1.13358
1.49855
-0.669284
-1.44153
-0.889795
0.361391
-1.90585
-1.816
0.567468
-0.610327
0.160436
0.370886
-1.03619
-0.341153
-1.26771
-0.607059
-1.9693
-1.83474
1.06353
1.23973
-0.886317
0.141492
-1.66379
-0.0324424
-1.16681
0.529058
0.269449
-2.45049
1.31515
-0.608247
1.86245
-0.927212
-0.466505
-0.406127
-0.563813
1.33994
0.284834
0.311081
-0.730065
-0.876113
-0.369997
1.29903
0.539505
1.37929
-0.435474
1.46022
-2.43823
-0.477447
-1.24544
1.92664
0.0415727
0.707034
0.801535
0.431533
0.242619
-1.12798
-1.29557
-1.98981
1.45452
-2.94244
1.28804
-1.67842
-0.735595
2.64657
-0.803603
1.38438
0.803131
3.64365
-0.127717
1.95478
0.899345
-1.84191
-0.00472202
0.543231
-1.36563
0.347372
-1.76571
-0.547335
0.622886
0.900354
1.35966
0.157557
1.66671
2.58725e-05
0.659221
-2.40133
-0.287203
1.3552
0.0503639
-0.320136
-0.102244
-0.97305
-1.65415
0.682243
2.54796
0.484115
-1.03949
2.16824
1.69006
-1.45094
2.37393
1.73929
0.0683533
-2.3418
-0.347868
1.61481
-0.677653
1.04089
0.605583
-0.590846
1.04284
-0.129252
0.450198
1.02877
0.627836
-1.37179
-0.571404
-1.81925
-0.222295
0.270623
1.43453
1.39144
0.886247
0.583489
-0.369993
0.518784
0.110657
0.474936
1.06244
0.665994
-1.86607
-2.59602
-0.806485
0.547324
0.605863
-1.51566
-0.673818
-1.5442
-1.70415
0.71477
-1.82016
1.04591
1.50592
-0.727096
-1.43351
1.59514
-0.745902
-0.28471
-0.327539
1.81672
-0.357034
-0.561782
1.08825
-0.384115
0.138442
-2.28675
0.78413
-1.13762
1.0207
-1.90359
-0.0186425
-0.854172
-0.208894
-0.861471
1.38889
0.755149
-1.93657
0.800903
-0.62399
2.68798
-0.125336
1.23363
2.07522
0.110832
-0.307057
0.642367
0.277607
-1.7278
0.624559
0.414459
0.759485
-0.572604
-3.13809
2.44666
-0.192905
1.1685
0.137916
0.511793
0.382498
-1.64207
0.566389
-0.791011
-0.914819
-0.107394
0.577832
0.264832
0.306845
-0.252891
1.05117
-0.568847
0.410258
-0.805075
-0.401903
0.101003
-0.653987
1.41766
-0.0789886
0.526482
0.698067
0.728218
-1.17271
-0.20139
4.34788
1.28723
-0.966604
1.31152
-1.02325
-0.995649
3.87338
1.31649
2.29773
-0.371045
-1.48051
-0.502548
-0.341653
-0.456279
0.706807
-1.22139
0.725525
-1.12844
-0.626134
-0.602337
-2.54454
-0.246041
-1.34901
-0.0118897
-2.31985
0.993348
1.74864
1.29351
-1.28727
0.95941
-2.08476
-0.793202
1.43214
1.5703
-0.301729
-2.24407
-2.5781
-0.933991
2.29846
-1.252
-0.394882
0.433002
-0.260565
-0.400339
-0.491938
-1.73309
-0.0319269
0.813619
-1.91024
-0.460497
1.29031
-0.00416216
-2.92137
-0.157171
0.235803
-1.50379
-0.378557
-0.690424
-0.0791876
-0.0724962
0.328555
-0.919938
0.414336
0.447034
-0.0155423
2.11011
-1.03604
2.41343
-0.0797703
0.755953
-0.87865
-0.0837569
0.793676
-0.959993
-1.67147
-1.35581
-1.76374
0.698299
-1.24791
-0.403137
0.248221
-0.843121
0.334594
0.775381
1.25554
-0.255988
0.393039
1.26419
1.92225
0.137661
1.28935
-1.31842
-0.0963548
0.586802
0.827022
-0.0364809
1.25351
3.03966
0.0398112
-0.792563
0.718242
-0.976691
3.08679
1.2092
1.75589
0.303219
-2.08211
1.6766
-0.897325
1.45375
-0.100551
1.29459
-1.26861
2.16369
0.596007
-2.06365
-1.49752
-0.796621
-0.187262
0.53114
2.05457
0.721394
-1.43775
1.86618
-1.66648
-1.77376
-1.6519
1.7683
0.253069
1.29433
-1.89602
-0.126877
0.50737
1.5425
0.228219
-1.79167
-1.15435
0.0309257
-0.574685
0.994574
1.71409
1.17328
1.0547
-1.35061
0.998944
0.719221
0.506442
2.31185
2.00682
3.23886
-0.551948
-0.556276
-0.143697
1.44645
-0.869526
-0.610793
-0.779916
-0.335004
0.181085
-0.956175
-1.09858
1.56607
2.08878
0.197031
-0.671425
0.0685491
2.49509
-1.3231
0.877238
0.920525
0.9217
0.57369
0.557355
-1.89292
3.65816
0.115049
-2.23608
0.317379
0.542866
2.52455
-1.99511
0.975505
1.06285
2.73734
1.41395
0.994938
-1.24976
2.84666
0.689438
-0.641249
0.585851
-0.786291
-1.87184
-0.519681
-0.390109
-1.46941
1.5667
0.519866
-1.36141
-0.666588
0.0859471
-1.55564
0.88497
-1.13531
-0.482373
0.697245
-3.14098
2.6361
0.0463576
0.294042
-0.360342
-1.4029
0.476498
0.639136
-0.609386
-0.998333
-1.99966
0.478747
2.00318
-0.0699947
-0.551563
-0.883505
0.296057
-1.61097
-1.48125
1.08818
0.507369
0.347444
1.72509
0.734721
1.06774
0.57589
0.161101
-0.0336635
0.358272
-0.447776
-1.37112
0.285036
0.671488
2.14925
0.223301
-0.673963
-0.714011
0.300018
-1.75167
1.47289
-1.59729
0.0646656
-0.219146
-0.966062
2.08359
0.884602
-0.49026
2.33959
-0.891716
-2.41433
-0.231963
0.389601
0.137392
0.497088
-0.172935
-0.556838
1.14418
1.46121
-1.59342
1.93948
1.66022
1.69444
1.41325
-1.47985
-2.2723
-0.622539
0.305866
-0.0152057
-0.138224
-3.03412
-1.30037
-0.252877
-3.21136
-0.0992809
0.233473
0.603446
-0.776804
0.0108298
1.29702
-0.888932
-2.12674
0.751218
-1.59916
0.637415
0.334213
0.336249
1.56789
-0.442617
-0.52172
-0.518103
2.40927
0.712114
0.654889
-1.29907
0.749544
-0.723262
1.79983
0.452534
0.626802
-0.212433
-0.766957
-1.65956
-0.381171
-0.560441
-1.03068
0.551983
-1.81909
0.476262
-2.74731
-1.63494
-0.873127
-0.308292
2.55235
0.367651
0.434581
-1.10071
1.13609
1.2693
-0.33306
1.4966
2.42062
-0.879413
-0.848475
-0.7654
1.2459
0.54061
0.701187
2.96327
-1.5
0.195043
1.34972
-1.03716
0.852974
0.79499
-0.0478978
-0.81859
-0.372552
0.116406
1.44795
2.03736
0.322042
-1.80021
3.045
0.585209
0.970366
0.310893
-0.314993
0.24249
-0.0437423
-0.193513
-1.03989
-0.455361
0.697944
-0.944712
1.12055
-1.58762
-1.33317
-0.57711
1.49288
0.507385
0.0558188
0.876469
1.07091
-0.117502
-1.21665
1.08939
-0.637986
-0.547165
1.47778
1.69488
2.20655
-1.72876
0.849789
0.503574
1.9686
-0.611377
-2.17612
-2.51262
-2.9974
-0.714827
-1.44961
0.788149
2.5071
1.56688
-0.23839
0.440178
1.00892
2.80741
0.683478
-0.581584
0.608122
-2.65274
-0.931602
-0.463259
-3.3479
0.354376
-0.986431
-1.51004
0.18029
-0.344541
-1.45715
-0.935174
2.36652
-0.686003
1.11807
-0.148722
-1.04448
0.293317
-0.0941561
-1.19575
0.333709
1.87973
1.42214
-0.528118
-0.375592
-0.338158
0.73132
-0.550122
3.13455
-0.752522
-0.0531364
-2.1073
1.32846
0.130895
-0.311962
1.80463
-0.0103983
-0.11273
-1.34978
-1.78311
1.83447
1.03435
-1.19351
-2.86121
1.44616
1.42918
-0.131541
-1.18651
0.0332025
0.149537
0.711264
-0.010237
0.822161
0.631411
0.239457
1.23453
1.09201
0.746831
-0.946783
-1.22277
-0.371831
0.348332
-0.285755
-3.02654
0.447567
-1.50407
-0.179821
1.64799
0.940067
1.81853
2.82061
2.18059
1.13843
-0.194195
-0.124347
0.312444
1.46507
-0.760308
-0.981809
-1.63814
-0.837492
-0.312001
0.695826
-0.71589
-0.531961
0.561644
-1.24732
-0.679632
-0.0346691
-0.897301
-0.171226
0.892366
2.26097
-2.08928
-1.53783
0.76601
1.33654
1.89521
-0.991833
1.02834
-0.318134
0.322616
0.92733
-0.191805
0.54669
-1.87113
-1.09438
2.68195
-2.57997
0.440923
0.0726933
1.19875
-0.551413
0.550557
-0.63177
-0.697339
-0.0571298
-0.123249
-0.960251
1.06793
-0.118678
0.987488
0.886273
-1.09168
-0.618805
2.30018
-0.51731
0.821204
2.26992
0.0661932
0.329914
3.1977
-2.42761
0.028274
0.460082
-2.94467
-3.56317
0.548257
0.0259703
0.525727
-0.46879
-0.0255231
2.56591
-1.06048
1.38699
-1.16456
0.0377653
1.30088
1.46612
-1.47184
1.55613
-2.49772
0.0766961
0.483054
-0.267811
0.837298
0.668392
-0.218649
-0.61332
0.689789
-0.884639
-0.429732
0.294497
-0.192343
-2.77538
-0.296297
-0.41555
-1.50015
-0.743723
0.727873
-0.979469
-0.69881
2.10612
-0.0395632
0.83032
-0.385505
-2.06781
-0.386081
0.822965
-0.744129
0.645884
0.871775
1.48023
-0.618533
-1.85513
0.172057
-0.583836
-0.491744
0.843604
-2.32693
-1.44792
0.160254
0.444746
0.654984
-0.870055
0.0760657
1.50078
-0.881055
0.814439
-0.569107
-1.69939
0.0332033
-1.76425
0.13257
0.870119
0.00078827
-1.08062
1.48778
1.18651
1.59632
0.44218
0.771335
-0.311362
0.202044
-0.577694
-2.31607
3.08296
-0.490255
0.0197117
0.244863
2.17797
2.22964
0.335361
-0.128386
-0.0502163
0.36791
-1.00173
0.437752
-1.63744
0.757776
0.125154
-0.96064
-0.572387
1.47024
-1.27364
-0.579309
-1.56374
-0.378796
-0.316757
-0.0292364
-2.71305
-0.173128
-0.540432
0.791531
0.188125
-1.34904
-0.0165893
-1.97967
-1.26998
0.160335
0.91172
-1.52458
-0.942605
0.0596682
-0.580774
0.927695
1.4218
1.11127
1.85525
-1.74525
0.965346
0.426723
1.03929
3.48175
0.124939
0.38317
1.93008
-1.55186
-0.737315
-1.00973
1.56388
0.733404
0.261267
-0.167248
2.50146
-1.35474
-1.07213
-1.05726
0.883786
0.997694
2.15741
-1.65869
1.1064
0.0167752
0.130059
1.68304
-0.19652
-0.277777
-1.38346
0.762975
1.54563
2.34816
0.0961279
-1.70626
-0.578853
0.294523
0.68936
-0.33435
-0.384842
0.580149
0.104782
0.86854
0.329682
0.932874
-0.352284
-0.17935
0.514211
0.535929
-0.0144029
-1.79976
-1.73366
-1.30298
-0.0130447
0.215282
0.419578
-2.89847
1.21245
0.731752
1.68773
-0.375506
1.35454
0.686466
-3.12212
-0.983003
0.425506
0.799027
0.810915
-0.445667
1.1846
-0.113685
1.21045
0.729602
0.291626
1.21122
0.449539
0.813443
-1.95127
-1.273
1.50409
1.8854
0.0510294
1.23361
0.794335
1.98075
0.163441
-0.216438
-1.33979
1.87253
2.28761
-0.546834
1.17511
3.06801
-1.67503
1.95063
0.982309
1.9133
0.635139
0.525117
1.99595
1.98653
-0.194156
-1.17931
-1.09993
0.890314
-1.99132
1.91754
0.629618
0.828207
-0.589078
0.322747
-0.508559
1.36199
1.67722
0.0358807
-0.406142
-0.542477
0.323119
1.72969
-0.320236
1.3011
-1.38581
0.673995
0.11413
-1.61506
-1.43081
-1.51888
0.322577
0.950265
1.53761
0.261202
-0.583038
-1.71066
-0.00318029
1.29092
-1.36816
0.896205
-0.276444
-0.481082
-0.0671426
1.14601
0.634511
-0.596436
0.967275
1.0549
3.40505
0.527492
0.53139
0.259742
2.79255
-1.12475
-0.696672
-0.810498
-2.27188
-0.824464
-0.952199
-0.372062
-1.02124
2.21585
1.21593
-0.776186
1.10628
-1.84592
-0.639541
-0.467389
1.83753
0.543225
-0.279229
-1.53682
0.430048
1.1143
0.0594763
-0.418677
0.308352
0.503691
0.90518
1.19377
1.75432
1.52209
-0.390396
0.176924
-0.553728
0.0653526
-0.144515
2.17093
0.0960476
0.190373
-1.64122
-0.0654821
-0.0104667
-0.305832
0.554896
0.946325
-0.251739
1.65589
-1.87613
-0.687788
2.32227
-2.31396
1.0044
0.893249
0.76641
-0.891418
1.29831
-0.0839651
2.72619
1.23639
0.00975219
-1.85678
-0.286419
0.823726
-0.170922
0.690052
-1.70433
-0.546666
0.92609
0.611879
-1.83517
-1.9767
-0.799698
-2.52662
-2.27545
-0.496895
1.65863
1.65621
1.05747
-1.30206
0.447076
-0.621198
0.186578
-0.479921
0.27824
-0.671737
-0.0219152
0.581271
0.745958
1.11616
-1.44907
0.726495
-1.95214
-1.79847
-0.768821
-0.122489
0.921514
-0.308116
-0.666198
0.980061
0.219369
1.19867
1.40448
-1.13865
2.11727
0.65483
-0.983708
-2.18295
-1.87534
-1.4749
-0.463068
1.5098
0.222973
-0.513785
-0.605505
2.34639
0.917068
0.134155
-1.03889
-0.608049
0.35499
-0.500056
-0.582895
3.71964
0.00934038
-1.3799
0.270208
-0.747507
-0.684351
0.0347657
-1.88613
2.22311
-0.737066
-0.000236499
0.146092
1.75526
1.40471
0.631055
1.80782
-0.47452
-0.978554
0.586089
-1.97135
-0.154032
-0.99313
-2.8153
-2.69659
-1.77195
-1.20613
-0.948103
0.200168
-1.68598
-1.14059
0.361406
0.111086
-0.919533
3.01114
-1.11025
-0.486971
1.99018
0.516957
0.0328829
-0.62342
-1.75213
-1.6729
1.13445
1.13236
-0.890973
1.0179
1.27803
-0.229273
-1.99263
0.365757
1.11751
-0.955512
-0.559534
0.504566
1.58334
-1.52679
0.751503
-0.463617
-2.90356
-0.997519
1.63869
-0.180178
0.672657
0.780204
1.34182
-0.984104
-1.0945
-3.49845
-1.01829
0.520138
-3.07589
1.56549
1.12064
0.531389
-0.488106
-2.72711
-1.81883
-0.965543
-0.999653
0.14126
2.85077
1.6546
0.6694
-1.63169
-2.09165
2.36022
0.204676
-0.315448
0.627084
1.4482
1.07278
-0.975253
-0.716419
0.102569
-0.289786
0.958638
0.0589743
-0.876654
-0.0324634
0.247879
0.659726
-0.211818
-1.49376
0.0480524
3.3743
0.846557
0.140503
0.923709
0.670262
0.428723
0.0452894
0.952137
-1.90166
-0.526184
-0.0659801
-0.273998
1.38543
-1.40604
-2.3791
-0.81769
-0.912252
0.989577
0.277659
-0.468329
-0.278873
-1.28629
-0.577021
-1.24569
1.11234
-0.528844
-0.290687
-0.525379
1.55804
-0.789091
-0.551425
0.513634
1.21407
-0.836157
-0.284853
1.38187
0.169868
0.500282
0.269869
0.961305
-0.219499
-0.550163
0.990587
-0.590239
-0.543989
-1.20844
0.470809
0.256253
0.991015
1.82527
1.31923
0.789538
1.24025
-0.451698
0.368291
0.0718788
1.86063
-2.46814
1.07319
0.0352152
-0.442184
-0.0459875
-0.28127
0.102703
-1.05858
-1.86391
0.713795
-2.2783
-0.264444
0.524892
0.547473
0.29101
2.60506
0.61165
-0.662659
0.845444
-1.779
-1.86724
-0.78124
1.22185
0.0999434
0.113647
-1.22853
1.08479
1.34257
-0.0524344
-0.11829
1.78702
-1.90551
1.23982
-1.47075
-0.834123
1.2252
0.331603
-0.84537
0.540228
-2.36039
0.444653
0.219542
1.70939
0.753686
-1.06973
-0.56916
-0.0290993
-0.184749
-0.0871223
-1.30189
-1.21918
1.23064
0.673863
0.96402
-0.693918
0.59568
-0.47719
1.83421
-1.67659
0.481512
-0.607869
0.678776
-0.612087
1.81985
-0.199515
0.482443
1.71956
-1.13585
0.10758
0.538231
0.587832
-0.662479
0.895795
0.87469
-0.426645
-0.572339
-0.506392
-0.835012
2.2003
1.75625
-1.27111
-1.15849
-0.241455
-1.72709
-0.906716
0.179073
-0.511752
-0.332927
-0.516127
-0.930561
-1.79561
0.784336
0.413773
0.541342
1.07898
0.114788
-0.606178
0.877344
-1.56262
-0.064539
3.01503
0.950022
-0.776957
0.247811
2.17119
0.464337
-1.0775
2.21658
-1.33981
-1.50943
-1.45003
-1.09218
-0.628741
0.751308
0.0171403
0.909174
1.55986
0.679625
0.68712
0.0782771
0.208669
0.176997
-1.50596
-0.195127
1.02538
-0.146198
-0.311327
0.83002
-1.03103
0.173849
0.537891
-0.832714
-1.15922
-0.136982
0.906207
1.9151
0.879579
-0.0950953
0.063927
-1.05938
-1.4987
-0.383085
0.182408
0.398353
0.979136
-0.299341
1.30073
-2.86926
2.02125
-0.714254
2.35215
-0.774556
-1.75778
1.32775
1.62678
1.26124
-0.15382
0.573063
-1.39701
0.483965
1.00807
-0.531912
0.993673
0.775741
1.05663
-0.368599
-0.142435
2.38773
0.351585
1.75246
-0.132901
0.169536
-0.296102
0.336478
1.27749
0.578249
0.236785
0.528528
0.947665
1.61791
-1.37609
-0.7135
-1.08819
0.306745
-0.151468
-1.73002
-0.739732
0.308455
1.116
-1.37768
-1.60057
1.58304
2.05657
2.51175
-1.76553
-0.570553
-1.09636
0.897344
-0.247726
0.765226
-0.107071
2.41733
-0.626451
-1.00476
-1.41685
1.71694
0.84051
-0.169041
-0.824335
0.383526
-0.517547
-1.1943
-1.34883
0.0841131
-1.72268
0.133355
2.32139
-0.169839
-0.465896
1.5551
1.83272
-2.14743
2.41268
-0.397281
-2.36566
0.625747
0.476076
0.453288
0.928519
1.18291
1.31602
0.9344
-0.00503115
0.350043
0.623811
-0.786072
0.452887
2.64347
1.00353
-2.43336
1.33438
2.51215
1.09708
-0.252189
-0.520219
0.220416
0.816197
0.656884
1.56982
-0.430864
-1.04644
-0.46458
0.17714
-0.998439
0.976443
-1.20988
-2.26714
0.387055
0.572841
0.137938
0.951031
1.47396
0.781744
1.72796
2.80717
0.529817
-2.08934
2.15349
-0.178684
0.33099
0.935554
-1.48395
-0.0250652
0.276328
0.0798477
1.09396
-2.53995
-2.07505
0.379532
-1.38711
-1.65252
0.226937
1.70886
1.83708
-0.326615
0.0884921
-1.70064
1.46067
-0.328074
-0.241308
1.01299
-0.520703
-2.06038
-1.23802
-1.39788
-0.409972
-1.11099
-0.564326
0.489867
0.731363
0.866564
-1.22927
0.249136
3.66325
-0.93992
0.517782
-2.00801
0.407885
1.44316
-1.32791
-0.630054
-0.696149
2.23935
-0.188641
-2.6147
1.40773
-0.370877
0.102192
-1.72034
-2.35467
0.789418
0.203866
-1.09734
-0.82182
1.4538
2.24392
1.60795
-0.208605
-0.570108
2.43185
0.508298
-0.824563
0.173073
-0.673434
0.40908
-0.0334061
0.256342
0.781134
-2.2639
0.422785
1.59215
-0.267121
-0.450738
-1.52405
2.12669
0.0315443
1.51619
-2.65664
0.0481733
0.275463
-0.513607
-0.0891328
0.677912
-0.267635
-0.962024
-0.479506
0.727111
1.5437
-1.18536
0.657789
-0.0204438
-1.43161
-1.40593
0.576176
0.0461569
-2.24621
1.08765
-1.32044
-1.95346
0.279059
1.12286
0.304924
-2.26835
-0.878744
0.525713
2.58366
-0.467301
-1.2008
-0.985071
1.45493
-1.14702
-0.892642
-1.83529
1.77445
3.45824
1.31251
-1.70378
-0.339391
-0.811133
-1.37196
-1.04133
-0.0361464
-2.83318
-0.367523
-0.226071
0.453995
-0.476848
1.90315
-0.979264
2.99817
-0.438897
-1.33546
1.39147
1.34682
0.771668
-3.68587
-2.68775
0.592426
0.391346
1.28124
1.2815
-1.8516
-0.844882
0.771774
0.996247
0.651221
1.29743
0.627937
0.192959
-0.327972
-1.89494
0.611283
-0.649272
-2.62859
1.21418
2.35549
1.60179
-1.9711
1.47379
-0.00032417
-1.1662
0.115543
-0.789271
0.767763
-1.41072
1.12811
1.82221
0.505329
-5.9544e-06
0.156083
1.43873
0.964376
-1.49404
-0.782364
1.88358
1.10951
-1.40327
1.7678
2.06782
-0.851803
-2.03956
1.50896
-1.4281
0.563116
0.515468
-0.529503
-0.462087
-1.64829
0.775171
0.31734
2.60147
0.490789
1.19929
-0.327644
-0.47386
-0.572727
0.132835
-0.425866
-0.145424
-0.34186
-0.0575133
-0.0622998
-0.353784
0.284229
0.0746883
-1.09971
-1.33947
-0.657127
-2.60576
0.361591
-1.75098
-2.67076
-0.595923
1.56619
-0.0944617
2.23609
1.15132
-1.6947
-0.0191134
-0.690419
-1.75815
-0.360661
-0.144307
0.845014
1.19199
-0.520241
0.728427
0.661487
2.06015
1.51704
-0.69246
-0.371676
-2.10788
1.59824
1.02621
0.30527
1.14293
-0.987702
2.18061
2.13985
-1.54827
-2.29315
-1.0249
-2.04191
0.819608
-0.12596
-1.51743
0.155218
1.03294
1.42753
-2.28073
1.34202
-2.45955
-0.695649
0.0931446
-2.48781
0.376268
0.774583
0.322289
-0.988908
-1.39907
0.733005
-0.745237
-0.968739
-1.11142
-0.998344
-1.06093
-1.22706
1.77497
-0.580961
-1.98149
-0.677774
-0.566643
-0.933022
0.218336
-0.105028
-0.936422
-0.369162
-1.56148
-0.754546
2.63863
-0.391016
0.0354669
0.555645
2.055
1.59579
0.0371694
1.13358
0.116504
0.717646
0.663529
0.827571
-0.633998
-0.61917
2.4611
-1.61673
-2.00766
-0.0508513
-2.22905
0.616723
0.163848
-1.91739
1.14687
-0.923013
0.49722
-0.950619
-1.79981
-0.889274
-1.02521
-0.114844
1.50646
1.40453
-1.26057
2.4451
0.747316
1.59323
0.560467
-0.443497
-0.627108
1.75716
-1.02725
2.76475
-0.262203
0.296329
-0.856453
-1.72256
0.373407
0.486347
1.02339
0.827839
2.196
-0.164588
2.61754
1.9473
-0.171641
-1.36153
-1.13307
-0.13878
-0.0507937
0.690348
-2.03394
2.54246
-0.988782
2.24106
-0.0550209
1.49743
0.509929
-0.518295
-0.243658
-1.12236
-0.288766
0.705886
-0.0563824
0.122256
-0.300609
1.72827
-1.02882
0.173209
-0.363628
-2.12211
-1.76034
-0.311819
0.00369381
-0.978587
1.79875
-0.574849
0.645333
-0.388371
2.02474
0.705674
1.9414
-0.30156
0.742407
0.950612
1.90193
0.851318
0.503759
-0.889079
0.97282
-0.562585
-0.481903
-2.41234
-0.389834
0.285523
-0.317671
1.65077
-0.700938
0.387435
-1.53467
-2.51901
-1.45893
0.89719
1.28865
-1.15713
0.03071
-1.35982
2.2543
-1.8364
0.199052
0.112161
-0.52822
0.511159
0.434272
-0.163894
-2.63803
0.722845
0.987907
-0.423983
2.38718
0.374986
1.00622
-0.424126
0.573895
-1.28582
-1.11871
-1.36843
-0.660126
0.751621
0.0834438
1.58417
0.139063
-0.315034
-1.16254
1.16959
-2.13079
2.07095
-0.238846
0.127986
-1.00508
-1.78306
-0.165074
-0.580672
0.330544
-0.569049
0.829577
0.212894
-0.880367
-0.375216
-0.30514
0.226514
-1.2419
0.562328
0.557551
-0.858577
1.32348
0.69499
-1.99931
0.414177
1.32816
1.92927
-1.83156
0.626627
-0.117345
1.64197
0.894628
-0.463842
-2.07385
-0.176978
0.29274
-1.33514
0.477799
1.19106
-1.69142
2.17891
-0.0665512
1.78815
-1.2033
-0.0177606
0.324724
1.42114
1.31416
-0.48188
1.45994
0.533716
0.69832
-1.10631
0.416268
-1.40247
0.833759
1.62326
1.01436
1.43681
0.494944
0.200069
0.0901603
1.64541
1.41845
-1.63544
-0.117876
0.0163198
-3.16491
-1.35892
-0.357419
2.26577
1.1431
0.0101446
0.0472813
-0.713447
-0.275563
-0.492439
0.466547
1.28295
-3.33469
-0.714964
-0.415404
-0.186015
1.31947
0.0421653
3.52113
1.06162
0.730134
0.782073
-1.1463
0.331512
-0.3764
-0.759131
-0.696226
0.0208824
0.559199
-0.119987
-0.427929
0.341126
0.547872
-0.839991
0.053768
-0.411873
-1.77084
-1.45804
0.969558
0.769877
1.29182
-0.411778
1.21424
-0.736748
0.666987
-0.591684
-1.02942
-1.01928
-1.84334
-0.232388
-2.99379
0.512961
0.57542
0.0270981
0.553057
-0.608228
3.12445
0.643878
0.673169
1.18505
0.555136
-1.35329
-1.09006
-0.675889
-0.638293
1.08596
1.06604
0.0883938
0.0524324
-0.322458
-0.08615
-0.0130835
0.615186
0.746306
-1.70475
-0.0313963
-0.873913
0.970416
1.40473
-2.26124
3.30133
-0.901906
2.67442
0.234713
0.0269523
-2.42705
0.0764713
0.979641
-3.35477
0.796568
0.0853617
-0.214791
0.389322
-3.52498
-0.502213
0.850707
-0.960501
0.621252
-0.526624
0.745557
0.374932
0.100731
-0.374389
-3.05378
-0.986554
-1.10335
0.0661042
1.11797
-0.801344
-0.40343
1.66293
2.11882
-0.843176
0.732387
-1.05926
1.80423
2.11312
-0.71809
3.40058
1.45881
-0.510785
-0.656044
0.959841
-1.69851
-0.0817194
-0.783889
-0.187187
-0.907483
-1.05975
-0.870014
0.0685109
0.0171745
0.631639
-1.27177
-0.33843
0.27121
-0.66919
0.749867
-1.14917
0.310139
1.36727
0.843843
0.807773
-1.3261
1.76448
-0.600732
0.687714
-0.991969
-1.08467
-1.29365
4.13456
0.581509
0.920783
-1.06566
1.18705
-0.695023
0.527527
-0.329487
0.336378
1.33272
-0.305636
-0.0585376
1.11284
0.75801
2.19885
0.409405
-0.39243
-1.06459
0.644721
-0.530926
0.518756
0.0237916
-1.49263
-0.54075
-0.0492214
0.669733
0.719296
-0.836493
-1.2074
0.385878
1.34111
-1.08408
0.0507068
0.431345
-2.88503
1.01004
0.917257
-1.49176
1.70539
0.54237
0.165943
0.900548
-0.151996
-0.469759
1.42824
-0.914134
0.331251
1.18941
0.284004
1.01832
-2.28681
-0.0698997
-0.127884
-0.294552
-0.376882
0.512485
1.31219
-2.13828
-1.24779
0.604516
-1.06711
0.204722
-1.98188
0.118014
-0.709487
1.06841
-1.66932
1.70795
0.998105
0.882258
-0.161076
-1.1275
0.782759
-1.20839
1.48519
0.864979
1.64505
1.70388
-1.38489
2.90667
2.32881
0.776021
-0.20298
0.146115
0.261403
0.197517
-0.98772
-2.24995
0.762544
0.791559
0.576046
-0.370439
0.436684
-0.174701
0.0360654
-0.131187
-0.475142
-1.10975
-1.23213
-1.04412
0.829423
0.11558
1.18364
-0.0323272
0.193063
-0.419855
-2.47044
-1.15881
0.615086
0.0840585
1.41767
-0.815559
-2.59993
0.0754035
0.33987
2.28431
-1.8123
-1.45742
0.758653
-1.12336
1.56268
1.14731
-0.157653
1.14552
2.49739
-0.659119
-0.41886
-0.766663
-0.438595
-0.58355
0.789087
-1.03498
-0.339883
2.25723
0.462482
-2.16949
0.289696
-0.20127
0.0571478
-0.102921
0.398171
-0.932324
2.04166
-0.0296987
-0.713696
0.824395
-2.35405
-0.149423
0.456325
-2.41004
-1.16875
-1.12994
2.62735
-0.268297
0.609162
0.100031
-0.0903374
2.7398
0.656333
-1.37465
-1.75557
0.383238
-0.266732
-0.894496
1.82883
-0.862733
-1.27293
-0.0462725
-0.377173
-1.55012
-1.61471
-2.34037
0.0484149
0.998802
-0.472984
0.394237
-0.416745
0.518817
1.66573
0.551694
-0.233916
-1.04118
0.146442
0.224367
-2.10271
-1.58864
0.500505
-0.99763
0.21625
-0.601505
-0.321797
-1.60906
-0.976767
-1.6551
-0.949283
-0.383441
-1.31174
-2.19603
-2.76521
-2.33556
-0.759139
0.121906
0.62584
-0.563549
-0.623504
0.329148
-1.63742
-1.08401
-0.367667
1.9482
0.204069
1.30722
2.93218
0.726901
0.454531
0.24534
-0.797244
0.301469
0.308001
-0.792369
0.245168
-0.127039
0.157852
1.32384
-1.1303
0.369171
-1.38939
0.134715
1.69515
0.291032
-1.12991
0.888447
1.04949
1.49199
-0.886332
-0.68577
1.28721
0.654794
-0.0624703
2.49345
1.9931
-0.981131
1.5641
-0.0215254
0.413788
-1.04315
0.400653
0.236859
1.24505
-0.708687
-0.173369
-0.0397298
1.1614
-0.289662
0.306068
-0.454264
0.92643
0.77404
-0.489156
-0.458742
-0.986166
-0.255528
2.06309
-0.207811
-1.13804
0.736909
0.20485
-1.48538
0.210328
-1.88667
-0.248451
0.0455482
1.31491
0.356805
0.465247
-0.0176589
-0.722112
-0.531491
-0.982475
-0.400871
1.16986
-2.32548
1.52937
1.33598
-0.524699
-0.0457459
0.408842
0.492112
0.960857
-1.10923
-1.34743
-0.00439049
-1.15383
-1.01732
2.0476
-0.431494
-1.33053
0.574143
0.0139454
0.697749
0.99275
-0.103159
1.10106
-1.99224
0.493477
0.331377
0.138123
0.382567
0.727173
0.324256
-0.00139795
0.879822
-1.24805
0.0400726
0.105213
-1.44021
-1.81076
0.105092
2.27437
0.853364
-0.584699
0.946587
-1.45533
2.37542
-0.946838
-0.499932
-0.697043
0.493302
-0.156737
0.0714945
-1.07501
-0.223747
-2.13727
-1.69143
3.32043
0.897331
1.09064
0.539348
1.76838
0.335094
-1.99205
0.800921
0.321018
-1.27832
-0.313717
-0.82107
1.26109
-0.883258
-0.847801
-0.712504
-0.34987
-0.396627
-1.10167
1.26751
-0.782993
-0.159959
0.920855
-1.88869
-1.58053
1.17055
0.583857
1.39735
-0.950702
-0.0559842
0.839417
2.23648
0.436017
0.882403
1.00798
-0.548815
-0.758147
-0.0657855
0.426481
-0.140904
1.01301
-0.549058
-1.36121
0.783003
1.2058
0.273668
-2.04851
-0.119955
-0.0779534
1.69551
-1.18663
0.808906
-1.20594
-2.57377
-1.26982
-0.6159
0.237257
-2.97333
-0.833981
0.636961
0.989016
-1.85534
0.449722
0.956095
0.229294
-0.318162
1.36295
1.11942
-2.24539
-0.743177
0.85438
-2.89379
-1.61329
-0.0250493
-0.957281
-1.48092
1.0973
1.54774
0.164064
-0.559965
1.92803
0.84627
-2.63484
-0.747215
-0.403115
0.988362
0.12126
1.26372
1.2102
0.66604
-0.507271
-0.651968
-1.31477
1.29083
0.516761
-0.0887344
-2.69424
-0.524353
0.94267
-1.00903
-0.509235
-0.313199
0.118055
-0.0861032
-0.109932
-1.45212
-0.429575
0.669586
-1.63891
0.64213
-0.58006
-3.97748
-0.257529
0.581251
1.33523
0.0354492
-1.90079
0.547031
1.52349
0.525655
0.0141825
-0.578426
-0.990392
-1.24621
-0.475236
-0.636821
2.08783
0.0902377
1.67637
-0.593905
-3.80411
-1.64477
0.646686
1.32526
1.45149
0.624577
0.0364416
0.123611
1.25323
-1.03923
-2.69918
1.61132
1.76002
-0.627692
1.56151
-0.330538
-1.46371
-1.81785
0.997418
-3.47808
-0.323131
-2.12253
-1.4292
0.952526
-1.23595
2.36958
-0.068391
0.205737
0.351867
0.172371
1.77675
1.68153
-2.10122
-0.772498
-0.691247
-0.498205
1.07539
0.774577
0.988933
1.48433
1.98353
-2.93691
-0.550403
-1.84805
-1.56588
-0.763092
-0.461576
-1.00169
1.74067
1.2112
-0.1017
-0.918178
1.4354
-1.0235
-0.905989
1.52014
-0.103291
-1.56647
-0.675392
-2.63067
1.7287
-0.98921
-0.455401
-1.64167
0.88285
2.00123
0.772508
2.00919
-0.0638979
-1.11128
0.665916
-1.04444
-0.791911
-0.00215092
1.44057
-0.277523
2.3985
0.153768
0.756304
0.609143
0.0563449
0.530799
-0.0455817
0.603351
-1.68721
0.992981
-0.812936
-0.729742
-1.23448
-0.263818
-0.719205
1.43767
0.285235
-0.670004
1.22007
-1.14127
-2.13616
-0.473067
1.03714
1.74476
-1.68777
-0.12616
0.0665605
-0.630543
0.172264
-0.42175
0.252246
2.31832
0.358009
-0.238257
1.65011
-0.770548
-0.274607
-2.41675
-1.40081
-0.0330137
-0.242
-0.305483
-1.08261
-0.816576
1.34196
-0.33341
-1.43591
-0.601801
2.07613
2.48025
-1.02789
-0.0783489
0.250903
0.0829511
0.999187
0.0914087
-0.483307
1.41146
2.51049
0.85251
-1.43798
-1.85814
0.998187
-0.925496
0.17493
-2.22712
2.87663
0.668712
-0.264218
2.72015
-1.05858
2.28133
0.367379
-0.60916
2.60035
-1.60414
-0.444107
-0.829553
-0.707541
-0.291075
-0.337533
-1.97155
-0.193626
0.393967
1.16233
1.52857
2.24842
-2.12376
0.184263
1.18079
-0.344731
0.639649
2.41786
0.70088
1.10304
0.238232
0.499578
2.3439
0.649705
-2.30636
0.00797959
1.34073
-0.18864
-0.655427
0.476629
-2.76317
-2.62496
-1.58668
0.395316
-0.246086
1.11984
0.757754
0.0451896
-1.03043
-0.683508
-1.05827
-0.551274
-1.32501
-0.000527578
-0.760214
0.360391
0.564583
1.61165
0.714372
1.63845
-0.512193
-1.662
0.225219
-0.834805
-1.5335
2.19793
-0.443827
1.92153
0.387424
-0.660012
2.40129
0.412147
-1.3537
-2.67748
-1.67733
-0.242215
-0.849178
-0.183027
1.85691
1.23537
0.112469
-0.327895
0.549707
1.169
-1.18393
0.755471
-1.76208
-0.930839
-2.19759
-0.51159
-0.114982
0.409822
0.331464
2.55827
-1.0418
-0.695665
2.031
-2.86027
0.0231424
1.00278
0.0797561
-2.41589
-0.238928
-0.00360971
0.577625
-0.859314
2.2461
0.0315511
0.109945
0.439286
0.915973
0.344792
-2.86227
2.23696
-0.190407
-0.859112
0.248699
-0.176471
0.739286
-2.04628
1.2242
-0.579697
-1.022
0.311511
-0.0626199
-1.05191
0.3426
0.903789
-0.3191
2.27815
0.19852
2.34474
-0.198486
0.826596
0.800657
-0.00249609
0.898415
-0.836101
-1.73934
-0.423078
1.63707
1.26226
-3.49183
0.141849
-0.320939
-0.11332
0.568604
-0.228973
2.63804
-0.337993
0.616786
0.576083
0.463928
-1.96266
-2.16918
-1.4023
0.622878
-1.66891
2.01104
-1.10182
0.467793
-0.549979
-1.70854
-0.0135111
2.26987
-0.0942932
-0.992205
-0.656019
-1.15226
0.295087
1.78516
-0.0289253
1.14617
-0.391473
-0.90365
2.19263
-0.342895
1.08245
-1.09188
-0.919941
0.214842
-0.136411
-2.51439
0.722371
-1.85428
-1.29796
-0.821306
-1.43492
3.02153
-1.33034
2.24601
0.914034
1.54579
2.6307
0.841678
0.405916
-0.948538
1.13975
-1.53555
-0.826297
-0.796396
1.76438
-0.682522
0.942952
-2.26252
1.65943
1.1306
0.869235
0.544596
0.279184
1.12968
0.258291
0.694974
0.178868
1.3193
0.573434
-0.349302
-2.69831
0.600394
-0.627322
1.76165
0.541502
0.780062
2.62648
-0.727274
1.72424
3.8804
1.24966
0.715438
0.77574
2.42376
-1.09637
-0.860112
-1.15333
-0.341614
1.92062
-2.16967
1.2273
0.646546
-1.22295
-0.940003
0.407693
-0.567746
-0.520145
0.653125
-1.88174
-0.330634
-1.22924
0.0680156
0.442858
1.17254
-0.749687
0.6242
1.54454
-0.970195
0.000216226
-0.19739
1.02177
-0.27278
-0.291604
-0.225152
-1.33679
-1.03977
-0.669629
-1.54957
0.758973
-0.391578
0.235234
-0.00750651
0.868984
-0.825631
-0.626223
1.29093
-0.0109318
-1.72458
-0.653483
1.0728
0.908968
-0.0949254
-1.13524
-0.931925
-2.53016
3.9316
-0.00380528
0.523964
0.758689
0.204545
-1.23538
-0.846481
-1.19789
-0.13069
0.096349
-2.94332
-0.967199
0.663138
0.279737
-2.01114
-0.972534
-2.06403
-1.26294
-0.49051
0.992275
0.133904
-0.634081
1.60532
-0.180126
0.908561
-0.980021
0.304551
-1.7766
1.78141
1.25383
0.270242
-2.05124
-0.99024
-0.503889
-2.22362
2.25613
-0.500061
1.7484
1.37187
0.485886
-1.73427
1.31367
-0.774551
-1.46804
-0.3153
1.37545
-0.407429
0.979911
2.35068
2.29087
-0.316205
-1.1535
-1.13722
-2.38967
-0.527739
-1.1211
0.279809
-1.01284
1.05119
-2.44799
0.557952
1.62573
-0.0828474
-0.320649
0.0528851
0.206818
1.03876
-0.644757
0.136222
-1.01048
-2.11819
-0.606454
0.0837006
0.580609
1.11161
-0.344814
-0.568352
1.12639
2.56205
1.15585
0.0322607
-1.02365
-1.19769
-1.00481
3.09164
-0.324504
0.894159
-0.956359
0.116158
-2.14101
0.799631
-0.553346
-2.2269
1.56836
-1.51607
1.39194
2.10485
-0.496091
1.1773
-0.113595
-2.13068
1.55911
-0.317759
-0.681094
-0.442559
-0.671951
-0.0516847
0.472236
-0.592875
-1.55698
-1.11395
-0.0912934
1.10073
1.69135
0.738405
2.33027
-1.06327
-0.0747891
-0.33594
-0.789282
0.0373017
-1.93225
-0.489811
-1.02207
1.98439
0.677045
0.52429
1.66905
0.461118
0.729077
0.268232
-0.548975
1.60359
0.914169
2.07269
-0.659973
-0.246673
1.23767
0.0400511
2.53605
1.76965
0.515838
-0.795187
0.176578
0.856534
2.18633
2.0059
-1.50026
0.352065
-1.22958
-0.620463
1.02091
0.104427
-0.962381
-0.520201
-0.233399
0.810678
0.739676
-0.808912
-0.659529
1.27741
-0.813661
-2.77532
-1.5282
-0.641865
0.580704
0.0896693
-1.48046
-1.66245
0.206592
-0.488984
-1.04641
-0.806301
1.27085
2.07344
2.33983
0.546883
0.153712
-1.73391
0.97666
-0.115938
0.757612
-0.135322
-2.26854
-1.27229
0.245612
-1.46801
-0.82259
1.68395
-0.703159
0.287788
-0.313706
0.619819
-1.03704
0.336404
-1.62249
0.630883
1.7961
0.14549
3.22817
1.84748
0.150896
-0.817049
0.744111
0.699781
-1.77091
-0.475914
0.260498
1.68938
0.570161
-0.855021
0.679724
-1.05704
-0.378911
1.87256
0.317883
-0.320039
1.8886
0.84375
-1.80765
1.29561
1.5989
-1.77053
-0.233328
-1.14513
0.179127
0.728801
-0.369445
-1.98788
1.02542
2.21143
-0.362861
1.65351
-1.4842
-0.231505
2.16754
-0.968358
0.602147
2.61753
-1.30366
0.0457138
-1.53353
0.369819
-1.03649
-1.00456
-1.6298
0.277111
-0.231562
-0.882266
0.73446
0.21005
-0.19114
-2.20206
1.38216
-0.819677
-1.14737
-0.149863
0.684239
-0.151161
-0.451623
-0.0393352
1.01566
-1.16414
0.838222
-0.106292
0.673538
1.02126
2.21281
0.328772
-1.93952
0.967655
0.0280489
-0.178992
0.0994907
0.511579
0.425732
-0.400367
0.432314
-1.12265
1.64925
1.54409
0.135053
0.449429
-0.850776
-0.881001
0.189786
-1.17055
0.00457734
0.759447
0.0422859
-1.82639
-0.621443
-0.68413
1.05003
0.402401
-0.402578
-0.280189
2.16667
0.832806
0.134962
1.06107
-0.294648
-0.0939719
0.796182
1.44619
-0.729967
2.09357
1.83178
3.52025
-0.601968
-1.21321
-2.90586
-0.686961
-1.06188
-0.203172
2.34559
-0.807204
-0.955694
0.151381
0.504272
0.154852
0.919941
3.0566
0.986709
-0.969977
0.548425
-2.00472
-0.487169
-0.0835286
0.85859
-0.967628
-0.165888
-0.116928
1.88704
0.583386
-1.39062
-1.02388
-0.118493
-0.327771
-0.716194
1.20389
-0.971893
-1.73068
-1.56866
2.99721
0.562304
-0.127744
0.112573
0.256865
-1.99798
-2.29148
-1.69826
-1.24213
-2.92443
3.15836
-2.36416
0.569119
-1.25385
-1.06947
1.86157
-0.154692
-1.33616
-0.137174
0.453113
-0.45774
0.933127
-0.874401
-3.49952
2.10449
1.19903
0.0761816
-0.132624
-0.101848
-1.3483
0.26451
-2.35478
-1.04759
1.17345
-0.473367
-0.545243
2.28342
-1.47659
0.102709
1.39852
0.675915
0.854912
-1.2276
-1.91987
-0.304385
0.525294
1.36048
-0.0519141
-0.679235
-0.489252
0.704353
0.848023
-1.4588
0.534068
0.00971879
0.715563
-0.322551
0.193589
-0.166113
0.985493
0.825541
2.46321
0.983449
0.347249
-0.885075
1.53006
-0.252842
-1.28748
0.729702
0.212632
0.604204
-1.06187
0.630504
-0.478561
1.5574
0.851224
-1.51931
-0.0160604
0.120253
0.112997
-0.526637
1.0824
1.13685
-1.19817
-2.81759
-1.14841
1.58732
0.0031968
-0.139719
1.36406
0.347524
0.816487
-0.448804
0.81896
-1.3362
0.237278
0.812159
0.505764
1.39172
0.685381
-0.433991
-1.21016
0.0767221
0.152577
0.0804369
1.20351
1.41127
0.245681
-1.06264
0.823884
0.0510945
-1.37003
-0.76786
-0.565615
-1.99952
-0.773828
-1.1135
-1.12206
-0.269166
-0.718859
-0.560151
0.11738
-0.250112
-1.94087
-0.372657
-1.02083
1.03445
-0.657292
-0.584207
0.0849929
-0.392257
1.31221
-0.4787
-1.25042
1.85107
2.16483
2.26207
0.721665
1.66583
-0.661289
1.28112
-2.10558
-0.674895
0.0602707
-0.617647
2.64973
0.826149
-0.702576
-0.36988
1.44427
-1.64537
0.598084
-0.0110128
-1.11347
-0.642515
-1.53208
1.18066
-0.608862
2.93387
-2.60371
-1.96624
-0.810581
-0.202575
-2.15003
-1.82307
0.515551
-1.12762
0.252331
-2.72683
2.46353
1.17834
0.202411
-0.468871
1.9714
2.13099
2.10047
-0.276985
1.57513
0.670894
0.301601
0.692422
-1.04253
-0.882178
1.38534
0.14794
-2.54621
-1.53589
0.226524
0.0875375
0.107652
1.0481
0.765135
0.508306
-0.484959
-0.94579
-2.309
-0.115671
3.10965
0.385403
-0.0446204
0.0806158
-1.4347
-0.700162
2.16731
-0.352767
-0.664002
-0.422862
-0.210682
2.8026
1.7551
1.24587
-0.711987
-1.70484
0.648298
2.38353
-1.92194
1.05265
-1.3767
-1.13361
3.47847
0.48396
-0.314216
-0.401814
0.715932
-0.158981
-1.52685
0.551105
1.03717
-1.70807
-0.787726
-0.365404
0.607689
-1.23831
-0.629348
0.117636
1.94651
1.64129
0.322924
0.654859
-1.65518
-1.37794
0.487716
0.532019
-0.171323
-0.243495
2.64758
1.03518
-2.65992
1.97344
0.312255
0.153586
-0.649519
1.681
-0.389003
-0.413213
-1.60949
0.295105
-1.01614
0.480509
-0.637404
0.0887154
0.456284
-0.115345
-0.286902
-1.01247
-3.35105
1.20708
-1.56651
1.17618
-0.367082
0.757652
-1.86069
1.01491
0.856965
1.70562
-3.38101
-0.912352
-0.0141073
0.629766
2.99257
-0.301143
-0.294747
-1.51036
-1.66472
-0.0523981
-1.80168
0.875354
2.36954
1.23056
2.54686
3.24811
1.19097
1.39517
2.03715
0.729716
0.525248
0.218304
0.407357
1.77213
0.482477
-0.115537
-0.110628
1.99779
0.887052
-0.685628
0.0788409
-1.02684
-2.4432
1.08162
-0.883296
-0.384776
-1.70286
0.98088
0.0393358
-2.37712
2.04608
0.0394045
-1.82759
0.293075
1.98208
-2.14353
-1.00734
-1.88975
-1.0336
0.178167
1.40226
-0.723762
-0.516745
-0.189472
0.133839
-0.383847
-0.203419
-0.595573
-0.351785
-2.07777
-0.18186
-2.20369
0.607177
0.735751
-1.64354
-1.55352
-0.611371
-1.56086
0.625557
0.872136
-0.173291
-0.694673
-2.7344
-0.591783
0.0877668
-0.591697
0.141273
2.7813
-0.282795
-0.0283899
-0.288169
0.109892
-3.30146
-1.5718
1.29839
0.923925
-0.939225
-0.459246
-0.49598
-0.668385
0.687387
-0.401622
-0.903866
1.82319
2.76875
-1.2453
0.749773
1.41017
1.2511
2.19818
0.0370822
-1.12928
0.64193
-0.39239
-0.755349
-0.456502
0.632113
-1.05563
-0.0720316
-1.54946
-1.26923
0.412082
0.553243
-1.11403
-0.0122099
1.44863
-0.917514
-0.980341
-1.13308
1.32515
-0.974593
0.131592
1.09439
0.484265
-1.05771
-1.77459
0.938507
2.78576
0.821589
0.791355
0.519639
-0.656061
-0.330086
1.09038
0.376725
-0.867279
-0.510914
0.0540491
-1.68313
-0.881465
2.67819
-0.665461
2.31993
0.946803
-0.227524
-0.455806
-0.0293343
2.47402
0.695514
1.63067
-0.236674
1.65717
-0.834473
0.112113
2.1697
-2.71485
1.17978
-0.635835
0.874496
-1.23898
-0.328962
0.282006
-0.397989
-1.28922
1.47156
0.854579
0.871254
-1.24958
0.977066
0.282327
0.46046
-1.8196
0.219461
0.602873
0.674421
-0.223661
-0.972894
-0.893768
1.28852
-2.12516
-1.31405
-0.255317
-0.653508
0.410839
1.48161
0.110534
-0.10196
-1.76493
0.196538
-2.44412
0.85697
-0.158442
-1.71344
-0.7856
-1.25847
1.86591
0.144628
-1.61289
0.633258
-0.0184664
1.48153
-0.130544
-1.48464
-0.308143
-2.21952
2.91805
1.82028
-0.0725759
-0.0989099
-0.0200728
2.00616
1.04295
0.859399
-0.333736
-1.43642
1.57183
0.675372
-2.087
-1.06975
0.568793
0.89058
1.29383
-2.38964
0.0812647
1.13041
0.0497545
-0.633314
1.03784
0.483447
-1.28668
2.18671
1.7937
0.390649
-0.928408
2.15158
-0.179762
-1.37172
-0.00662799
0.31057
-1.17263
-0.961662
1.38202
2.74584
-3.35869
-0.407767
-1.19084
-1.04404
0.786241
-1.10864
-0.178321
0.690085
-0.280058
0.288553
1.44871
1.63854
0.949487
-1.1156
1.30783
0.264611
-0.00381624
-0.331424
-0.117384
-1.16412
2.08682
-1.21602
0.628398
-1.44034
-1.15376
1.86246
0.842415
0.58307
-0.957559
-0.575785
0.532076
-0.412075
0.760017
-0.425887
-0.632344
-0.129052
1.14758
0.336621
2.7375
-2.65613
1.55752
-0.487941
-0.438505
-0.11371
0.38184
-2.23256
-0.989553
-1.22163
-0.00890045
0.887073
-1.18438
-0.420966
-0.499154
0.234805
-2.82299
-1.0606
-1.32437
1.52295
-0.834801
0.0121346
0.52308
1.05973
-2.97047
-0.70604
0.124763
1.45194
-1.32735
-0.141764
0.0125651
-1.74158
-1.93365
0.929955
0.965492
-1.09706
0.792037
1.00626
0.150893
-0.72449
-0.640386
1.06662
0.775455
-2.30416
0.417738
0.954946
-2.64694
-1.3462
-0.270669
1.39862
-1.72119
-1.46457
0.196698
-0.193869
-0.946865
-0.364256
-0.127664
-0.414605
-1.4481
-1.80268
0.00197952
-0.198987
0.0072654
0.287061
1.56506
1.10876
-0.894744
0.311079
0.768824
0.477965
1.25907
1.69233
-0.606531
1.81402
-1.0617
-0.807388
0.358068
-2.03799
0.950436
-1.11016
-0.662194
0.425267
-0.239697
-1.46174
-2.01417
0.689789
-0.451783
1.00026
1.05092
-0.6337
-0.440003
0.882186
0.423773
-0.770327
0.446051
-2.04827
-0.201973
0.303953
0.207719
-0.77158
1.45375
1.86104
0.331371
-0.868824
-0.77926
1.82283
-0.0476747
1.6796
-1.66596
1.29446
1.24007
0.938008
0.838585
-0.34665
-0.60697
0.785403
0.2262
-1.64126
-1.13122
-0.398063
0.636301
-1.10782
0.235711
2.35233
1.78794
0.297909
0.852807
-0.0726568
1.92121
0.0536659
-0.738431
-0.319096
-1.21018
-1.23409
-0.523894
1.19716
0.332172
-1.77386
0.022166
0.176895
-1.70423
-0.663748
-0.357678
-0.163337
-1.26338
0.0275823
0.795679
0.21348
1.61601
0.386533
0.593106
0.731082
0.891464
-0.0797056
0.599675
-0.99038
-1.40317
-2.47729
0.453863
0.108478
-0.397279
-0.696674
-0.543829
-0.497979
-1.17906
-0.172158
-1.02319
0.751728
0.536248
1.85898
-1.20568
-0.69412
0.324716
0.154666
2.69832
-1.32632
-1.83735
-0.0364502
-0.0900394
0.695791
-0.179706
-0.165903
0.500797
-0.99824
-0.503632
1.51996
0.677712
1.59944
0.0453512
-0.726192
0.355039
0.834782
-0.419306
-1.36253
0.546095
1.05651
-0.1958
-1.55843
0.33254
0.782746
0.783744
-0.891871
-2.80229
3.14112
-0.266721
0.649153
0.715835
0.462082
1.54048
0.436902
1.80249
-0.91025
-1.00612
-0.215484
-0.115414
0.955486
0.0719561
-1.89349
-1.4523
-1.09088
0.167386
-0.648475
0.489506
0.731733
-0.0416514
0.133811
-1.95182
1.00775
2.08563
1.60093
1.66381
-0.274532
2.91869
-0.572553
-2.70496
-0.802865
-0.990301
-0.228431
0.444332
-2.29551
-0.0591336
1.30671
-0.289155
-0.531709
0.483915
-2.10963
1.10883
-0.500494
-0.210996
-1.27293
0.474151
-2.04083
-1.80138
-1.72073
0.556981
1.13488
-1.57527
-0.989891
1.06692
-1.10861
0.310936
4.03162
-1.41967
-0.252133
-0.925195
0.044346
-0.315043
0.0805344
-0.809506
-0.316792
0.401163
-0.0982111
0.39406
0.4374
-1.45782
-2.70135
0.0116783
0.911732
2.36714
1.7537
1.53082
-2.28714
1.50893
1.19675
0.252477
1.11459
0.790688
-0.096152
-0.674589
-2.64954
1.3097
1.2958
-0.00238147
0.896836
-0.656976
-1.62944
-0.0311595
0.446777
-0.861386
-0.092742
0.61654
0.922933
-1.54609
0.0595669
0.839565
-1.98098
-0.557132
-0.953039
-0.786432
2.09989
-2.93801
-0.238512
0.685688
-0.311287
1.625
2.43524
-1.45605
-0.910499
-1.40753
-0.559693
0.472655
0.956286
1.63185
-0.899845
-1.1859
0.525408
-0.611783
0.458025
0.496654
-1.53504
-1.01371
-0.222728
-1.3769
0.816117
-0.447178
-1.16978
0.00876396
-1.86508
-2.1629
-2.20059
-0.693476
-0.893717
0.121922
-1.12793
0.194564
-0.116093
-1.36493
0.198879
1.01507
-0.862624
-0.0489784
1.75184
1.79594
1.66091
1.76339
-1.26803
-0.207736
-2.24937
-0.329659
-0.179196
1.5166
0.847504
0.118914
-0.569106
1.7036
1.45593
-1.05039
0.217321
-0.965125
0.855214
1.528
0.140029
0.672475
1.91066
-0.775192
-1.12874
-3.12791
-2.4291
0.396335
-0.856777
1.05648
1.38649
-0.597109
0.405586
0.313898
2.23703
-0.70009
-0.384879
0.420172
0.331445
-0.852594
-1.99051
-0.957956
2.27526
0.0889838
0.207973
2.33012
0.900937
0.489231
1.87503
1.12741
1.74254
-0.743133
0.513765
3.02143
3.46296
2.62638
2.79398
1.04707
0.433356
1.82435
-1.72764
0.425526
-2.11475
2.46559
-0.746663
1.22802
-0.0245812
1.73669
0.566621
0.122945
-3.20465
1.78586
-1.47097
1.58173
-0.0975105
1.36313
0.908505
-0.701969
1.63229
1.19453
-0.94527
-1.26271
-1.61236
0.194176
3.03574
2.01469
0.217024
-0.562166
-0.375903
2.66463
2.41456
-0.661717
0.669646
3.43787
1.58819
3.07533
-0.383353
-1.18075
1.36908
-1.32047
-0.113663
-0.806328
-0.833703
1.6483
0.535855
-2.08415
-0.96014
0.538756
-0.286462
-1.18806
0.274762
-0.385833
-1.05377
1.13074
0.119875
-1.76987
0.51804
-2.17543
1.20314
1.01201
1.16508
-0.462494
-0.546012
-0.165583
1.31598
0.168586
0.683528
3.97071
-1.72041
-0.191374
1.68277
-0.719628
-0.957246
-0.624191
-0.190518
0.443639
0.754876
-1.42207
-0.693074
-0.875965
-0.86763
1.25902
-1.54324
-2.91241
0.197149
-0.480267
2.56301
-0.528694
0.0771852
0.627871
-1.34258
0.332802
1.78465
-0.169505
0.963811
-0.758054
-1.09024
-0.751533
0.0820208
0.943018
0.601439
-0.914321
3.3729
0.0547128
0.609275
-1.62619
-0.183641
-1.04748
0.774546
0.20694
0.913423
-2.09033
1.38478
-1.01601
1.48428
-0.231322
0.565102
1.22578
-2.55977
2.11911
-0.773868
0.538516
-0.613145
-0.446119
0.619818
1.82611
1.50915
0.130564
1.53547
-0.636859
-2.09267
-3.39561
1.9917
0.111832
-0.948874
-0.043485
-2.34069
-0.242567
-0.951599
-0.467242
0.147845
0.293164
0.561793
-0.355656
0.0230862
0.925618
-0.554416
-0.0747116
3.89774
0.720993
-0.278096
0.389982
-0.00630955
2.09947
0.697512
-0.0121034
-0.652173
0.0723103
2.34003
-0.614109
1.06141
-0.146361
1.44416
-0.10577
-2.23806
0.0681929
-0.659776
0.643793
-0.506899
0.458428
1.12485
0.236922
2.18125
-0.0174646
1.77852
-1.70081
-0.164547
1.88641
0.83582
-1.24647
1.02929
2.12973
-0.289933
-0.82065
-0.0171911
-0.935752
1.24941
0.321179
-1.10208
0.0210328
1.1955
-0.537135
-1.02268
-0.330869
0.0241095
0.39874
-0.121284
-0.146781
2.50031
1.26015
-1.12614
1.45059
0.290014
-0.347964
-0.248099
-0.602704
-0.673354
0.726227
-1.3834
-0.415173
-0.975461
-0.150156
-0.335174
0.884301
1.09566
-0.504799
1.6579
0.197847
0.204657
1.37733
-1.02647
1.91973
-0.629053
-1.99363
-1.34003
-2.03093
-2.03224
0.43127
-0.956795
1.43916
3.22427
-0.28212
-1.10922
-0.285427
0.370935
-0.186472
0.230024
1.19012
0.606964
0.485477
0.367359
-0.879219
0.255052
-0.0304988
-1.91313
0.905658
1.11479
-1.16636
0.380437
1.18736
0.724687
1.07504
-1.58659
-0.827903
-0.208594
-2.4921
2.67554
1.1719
-1.50241
-2.13119
1.11716
-0.649244
-0.823315
-0.283094
1.10911
0.231721
-1.33682
0.571583
-0.667062
1.22313
1.07148
0.0597588
0.821042
0.046591
-1.42592
-1.49
1.54732
-1.69618
-1.93769
-0.321829
-0.773375
-0.163497
1.51046
0.901552
0.291672
2.05572
-1.38159
-0.505659
-0.497105
-1.11008
-1.21867
-1.05096
-1.78201
1.24067
-0.286074
0.444078
-1.22908
-1.08799
-0.325264
0.0634581
-0.887006
1.49959
2.30304
0.328977
2.38124
-0.518969
1.14137
2.45477
-2.88114
0.265441
0.731961
1.6534
-1.60453
-0.579496
1.22825
1.47244
-0.402618
-0.199317
-2.36284
-1.22786
-0.302022
1.08194
-0.540949
-0.422693
-0.121761
-0.524643
0.96697
0.692137
0.27386
-0.945295
0.798812
1.29846
1.09438
-2.71933
-0.147697
1.67666
-0.524454
-0.351219
-0.676816
1.07612
-0.850021
0.0953274
-0.566109
3.29569
-0.30367
-1.18383
-2.45386
-0.637025
0.199497
0.280115
0.154183
1.14506
2.40001
0.174062
-1.42528
-0.156589
2.55207
0.987909
-1.57218
-0.965165
-0.791109
1.48353
-2.99754
-0.251578
-0.0283894
1.12479
1.95873
1.61789
0.302097
1.10172
-1.47079
-0.251973
-0.740629
1.34707
-0.0448829
-0.559304
-0.854397
-0.807041
0.896302
0.956582
-1.23933
0.205658
-0.293393
-0.535439
-0.394003
-0.223547
-1.49629
-1.39731
-1.5449
-1.64697
-1.56661
-0.478752
-0.479204
-0.498171
0.701817
1.29714
0.438672
-0.24708
1.08942
0.218957
-0.315677
1.54595
-1.02857
-0.731664
1.45674
-0.342191
2.41638
-0.665894
1.70458
0.90845
-0.293006
-0.705908
1.49784
-0.232464
-0.240248
0.436867
0.469531
0.22998
-1.25836
-1.55097
1.1288
1.98343
-0.211982
-0.232495
1.14864
0.835112
-0.0793886
0.496782
-1.79279
1.00595
1.98952
-0.0479873
-0.239611
-3.10321
-0.778981
-0.371967
-0.484642
-0.226914
-1.23791
-1.81278
1.47752
-1.60531
-0.858448
2.15172
-1.3942
-2.49293
-1.28987
0.260939
2.33173
1.92328
-1.89849
-0.946167
-2.14343
-1.12018
-0.0482413
0.643814
0.611824
0.193309
-0.329908
-0.647955
0.635069
0.437636
-0.490152
2.11134
0.80222
-0.579294
0.162494
-1.27845
-1.54697
1.04917
1.79682
-0.907614
-1.62494
1.74076
0.776896
-0.80797
0.873362
-1.36247
-1.5155
-1.70181
-0.591448
-0.781581
0.83396
1.50261
-2.10584
-0.66672
2.08834
1.627
0.390399
-1.21474
-0.907812
0.0884149
2.36596
0.00826566
-1.34734
0.10453
-1.95856
-0.809906
2.5743
-1.50771
1.12118
-0.243023
0.200488
1.34986
-1.33096
-0.571683
0.238622
0.00546643
-0.570611
-0.763786
0.447938
4.09181
-0.473857
2.19833
1.56932
1.29678
-1.41211
-0.148972
0.0242426
0.13511
2.21615
0.0670567
-0.399071
-0.182785
2.00478
-1.67948
0.372463
-0.325567
0.549754
0.553094
0.211133
2.12186
0.0877078
-1.87902
-1.13053
-0.918198
0.850873
-1.57077
1.59709
-0.45806
2.01808
-0.187271
-0.543876
-0.570112
-1.54002
-0.150638
-1.86867
1.80311
0.895256
-0.338721
0.535733
0.0488492
-0.634297
1.36296
-2.43771
0.815029
-0.535983
-1.99996
0.728422
1.00675
-2.18921
1.34394
0.771012
0.388377
0.0660794
0.272619
0.687762
3.41917
0.413839
0.817403
-2.97123
0.923327
0.618649
1.55208
-0.482212
-0.116395
0.345167
-1.39499
1.63775
0.826017
-0.156918
0.790671
-2.46978
-1.03791
0.0523379
0.734497
0.0789335
-0.115249
-0.0609801
0.893207
0.721574
-2.67815
-0.927212
1.5557
-0.131402
-0.700933
-2.44149
-0.830063
0.188032
-1.30438
0.219762
-0.536785
-0.6954
-1.08978
-0.607242
-2.17617
1.65229
1.31886
-0.26622
-0.154517
0.786244
0.287005
-1.0946
-0.493467
-0.506554
0.754434
0.765725
-1.14981
1.20654
0.805777
-0.537447
2.73258
-1.24998
0.0297756
0.43824
-0.417817
3.26109
-0.393482
0.657606
-2.25612
0.0627937
0.0827164
1.05976
2.07363
-0.28714
0.325222
1.23397
0.239596
-1.90644
-2.6966
-0.369778
0.265212
-0.917605
2.71172
0.0663467
-1.36922
1.34124
0.412835
1.67524
0.8073
-0.0447105
0.148193
-0.822527
-0.997918
0.242969
-2.13093
-0.934613
0.433706
-0.10022
-0.819322
0.0350875
0.0546509
-1.62382
-0.725973
-0.508035
0.600172
-1.35913
0.696803
1.36218
-3.53862
-0.322212
-1.84473
0.594182
0.743878
-1.78182
2.27963
0.108228
1.68885
0.357406
-0.529531
2.50646
1.11445
0.50736
-0.231023
1.13071
1.5767
-0.951404
-0.814155
0.976383
2.88713
0.519487
0.96824
-0.702188
-0.550391
0.422877
-1.71479
1.25068
-0.00371188
-1.04885
-1.05594
-0.820547
-0.458058
0.170979
0.701874
-0.0696025
0.665302
1.2104
-0.966899
-2.44219
-1.35561
-0.344843
1.53251
0.664632
-0.00613407
1.07881
-0.336996
0.923253
-0.708149
-2.21431
-0.800134
1.52332
-0.14094
0.893293
0.884966
0.0531265
1.69184
-0.571585
-2.42797
-1.72365
2.78295
1.0055
-0.357857
2.28868
2.35597
0.530353
0.57115
0.619406
-0.982313
-1.04438
0.0490714
-0.308355
-0.601884
0.109737
2.30923
-0.564092
1.03769
1.40454
0.357976
-0.985271
0.532905
0.520053
0.669755
-1.47255
-2.06739
0.366832
1.2861
0.91583
-1.63422
-1.21318
0.603535
2.11093
0.384093
-1.40525
-0.0460182
-0.420604
0.288137
-0.851994
1.28906
0.606751
1.26793
-0.197962
1.42463
0.422651
2.33032
0.424347
1.0362
-2.88997
-0.223794
-0.398023
0.84281
0.0459561
-1.26863
-0.270844
-0.823192
-1.03117
-3.48511
-1.16569
0.100835
-1.1511
0.505689
-0.556208
1.27357
0.225124
0.00738829
1.58683
-0.204202
-1.20717
-1.34357
-1.07057
-0.513164
-0.553201
0.371216
-0.293327
-0.590946
0.0586557
2.04949
-0.763012
0.959673
0.326632
-1.29586
0.105153
-0.0991788
-0.528991
-1.66471
0.462361
1.42419
-1.41877
0.332561
-0.724733
-0.698926
1.30055
-0.171117
-0.586222
-2.36908
-0.722265
-1.50495
-1.18573
-0.733195
1.08002
0.552768
0.935521
-2.042
-1.38741
-0.678834
0.286855
-1.47416
0.844184
-0.675145
1.97045
0.672765
-0.0718903
-1.88338
0.431761
1.30971
0.646265
1.1096
-0.221757
1.49805
0.521132
-2.6333
-1.43246
2.13825
0.211016
-0.824242
0.395711
0.663031
-0.295006
0.936686
2.02714
1.38639
0.470792
0.710844
-1.10197
1.91161
0.291858
-0.787151
-0.175822
1.80657
0.516415
-0.426794
0.588936
1.44963
-1.22868
-0.300929
-2.04558
-1.33335
0.0339662
-2.4342
-1.7231
1.84598
0.449734
-1.04994
-1.034
-0.96945
-0.781229
1.59717
1.30624
2.05104
0.44251
2.79782
-0.38013
-2.92781
-0.796523
1.48116
-1.40703
-0.336741
0.192706
-0.949022
-0.0732807
-0.406631
-0.785657
1.47241
0.606796
0.510434
1.3772
-1.37547
-1.20285
0.27955
2.13055
-0.991552
-0.456065
-0.580053
2.48614
-1.02024
-1.44438
1.15479
1.95208
1.3641
0.307179
0.707899
-1.30865
0.514246
-1.65147
-0.897889
1.07162
-1.89963
-0.837347
-2.20218
-0.066471
0.347602
-0.13362
-0.0935702
0.720928
2.85756
1.13902
-2.18932
0.484831
0.347769
-2.02638
1.23128
-0.00692791
0.354108
-0.372824
-0.734938
-0.73048
-0.0143907
0.440751
-1.43706
1.41063
2.34963
-1.88015
0.265159
-2.8033
-0.501772
0.783149
-0.291699
-1.2133
1.36231
-0.467368
-1.18492
-0.358919
0.264905
1.2359
-1.08414
-0.727315
0.151812
-0.687723
-0.119841
-0.85523
-1.34639
0.975583
0.569742
2.19328
0.586257
2.35222
-0.207536
-2.56643
2.35631
0.0825185
-2.25041
-0.598547
-0.899584
-2.75577
1.53775
-0.664314
0.164022
0.723233
-1.33299
0.907814
0.611004
0.900341
-0.0965968
-0.660358
0.625912
0.997424
1.20422
0.00477324
2.22007
0.314199
1.68413
0.488239
0.647992
-1.45797
2.20848
-0.396344
-0.180566
-0.275927
-0.252234
1.67184
-0.342017
0.800971
-0.948982
1.51541
-2.19888
-1.73319
1.3294
0.689116
-1.74623
1.7578
-0.92858
-0.251332
-0.946789
-0.712388
-0.0637311
0.723587
0.127289
-0.0151421
-0.766479
-1.94056
-1.58349
-1.71936
0.0299033
-0.0808995
-0.0909952
-0.801544
-0.450097
0.490621
-0.255922
1.1139
-2.37619
-0.385523
-0.90546
0.114307
0.424433
0.160265
1.05843
-0.798603
-1.92512
0.172895
2.0459
-0.0114688
0.0130188
-0.116023
1.20709
-1.47316
-0.629246
-1.0417
0.596545
1.23334
-0.852518
0.938436
-1.17615
1.32559
-0.386234
-1.39983
1.55923
0.189188
-0.700526
-0.840721
-0.0611058
2.1573
-0.79469
-1.3573
-0.635711
1.16439
-0.238599
-0.172312
-0.446076
0.179365
0.285986
0.435421
-0.622199
0.66198
-2.78308
0.391894
1.04823
0.895708
-1.49459
-0.349719
1.92277
0.622266
1.09193
-2.03858
1.87731
1.60417
1.19998
1.21719
0.231985
0.343526
0.62044
-1.35246
2.09525
0.0349364
-0.908008
2.09382
-0.555368
0.466228
-1.28139
-0.103878
0.179683
-0.98165
1.32109
-1.30032
-1.04248
-0.144884
1.43051
-1.93349
1.45151
-0.363906
0.962398
1.22113
-0.637695
1.0955
-0.743957
0.699912
1.16271
-0.0303422
-0.295877
0.107356
-0.732266
-0.588782
1.03263
0.370857
-0.493334
0.0666028
-0.862834
0.70778
-1.38285
-0.404627
0.279432
-0.370356
-0.246898
0.594971
-1.276
-1.13333
-2.61248
-0.101998
1.03134
1.36952
0.0533821
-0.73786
-1.01927
-1.90753
-0.907254
-0.195453
-1.3595
2.27466
2.15548
0.712436
-0.296093
0.27057
0.34613
-0.615812
-0.22029
0.494432
1.70888
0.774098
-1.11096
-0.07438
2.09086
0.506401
-1.80967
0.721788
-0.38177
-0.63053
0.706638
-0.28576
-3.02001
1.13441
-0.923724
-0.471242
-0.232658
-1.49303
0.926571
-1.65087
0.211298
1.43238
1.21592
-0.429147
-0.701588
1.00911
-1.13396
0.21526
1.95749
-0.263097
-0.793285
0.36208
0.146647
0.0654543
0.0578026
-0.713702
-1.30105
0.979759
-1.35724
-1.23183
-1.00707
-0.408222
1.14855
0.00186803
-2.23768
1.18093
-2.82949
-1.01856
0.306747
-1.56683
0.222893
-0.489597
0.0052964
0.237162
1.21477
0.0541538
-1.2377
-0.28178
-1.50841
0.465088
-3.49611
1.77983
-0.0150299
1.00334
2.13744
0.788247
-1.48762
0.0656952
1.12034
0.362096
0.97542
-1.33706
1.00922
1.28367
-0.595214
-0.165994
-0.349484
3.14255
-0.792899
0.739419
-0.5112
-1.16407
-0.825873
2.26952
1.34656
0.559009
0.041914
-0.697646
1.19985
0.589812
-0.908595
-0.887874
-3.36953
2.44882
0.556812
0.089935
1.47107
-0.744055
-0.430342
0.678152
-0.52326
-1.16552
-1.22213
0.0765521
1.10575
-0.238552
2.47801
1.9642
1.80087
0.81029
0.232648
-1.39978
0.454852
0.813627
0.176347
-1.18738
