-0.496305
-0.386336
0.300989
-1.07099
-0.425037
-0.781047
0.12565
-0.474401
0.0725518
-0.577311
-0.419521
0.649917
0.418733
-0.0172146
-0.113262
-0.031219
0.281655
-0.228927
0.541987
0.614013
0.250885
0.499959
-0.304965
1.19254
0.43405
-0.319311
-0.836005
-0.7414
-0.790741
-0.173154
0.0649407
-0.409805
0.114984
0.142838
-0.125559
-0.436548
-0.235961
-0.509393
-0.631096
-0.963692
0.754973
-0.150859
0.0454572
-0.92065
-1.4332
-0.263197
0.0681969
-0.757234
-0.235254
-0.619732
0.662669
-0.0825654
0.415466
-0.203241
-0.639102
0.169872
0.429626
0.257519
0.566859
-0.0355749
0.040189
-0.1327
-0.473848
-0.634623
0.164797
0.408986
0.36345
0.275337
0.287995
0.496031
-1.37908
-0.525437
-0.00221817
0.157348
-0.191104
-0.0970342
-0.00866745
0.186917
-0.550581
-0.624984
0.202484
0.0438754
-0.526243
-0.0431218
0.366499
1.77024
1.17974
0.18752
-0.0137836
0.649285
-0.0932108
-1.32385
-0.729888
-0.00315681
-0.623632
-0.951995
0.600824
0.18178
-0.378154
0.872405
-0.1759
0.053355
0.23356
-0.847631
0.43987
0.502567
0.528657
0.433154
-0.0204929
-0.270899
-0.720438
-0.679141
-0.141288
0.0670606
-0.876509
-0.311589
-0.797219
0.689067
0.957281
0.22004
0.727022
-0.177547
-1.42679
0.385017
0.223748
-0.205666
0.48522
0.604228
-1.23966
0.605964
-0.434577
-0.939813
-0.394378
-0.452215
-0.305873
-0.4282
0.183412
0.0609414
0.0968347
-0.0974998
-0.693109
0.109989
0.539195
0.444299
0.315153
0.60427
-0.0825583
-0.0105484
-0.544814
-1.02859
-0.141428
-0.288658
0.538916
-0.369466
0.11467
0.43422
0.62052
-0.221482
-0.0871508
-0.67718
-0.208172
1.09607
0.256019
0.0848367
-0.806713
0.853631
0.0694234
0.849349
0.191274
-0.35924
-0.506867
0.546143
0.885365
0.699376
0.292484
-0.158319
0.394187
-1.341
0.301553
1.54134
-0.220447
0.381729
0.398759
-0.598238
0.431317
0.0755809
0.793413
0.00264692
-0.517178
-0.288884
0.0630515
-0.515287
-1.67478
1.19178
0.295709
-0.0955666
0.609718
0.378689
0.42987
-0.326302
0.642945
-0.599542
-0.967143
0.146075
0.233004
0.125588
0.751582
0.110125
0.567453
0.17669
0.494275
0.234517
-0.472207
0.0695321
-1.10709
0.441326
0.346351
0.188845
-1.32938
0.0129314
0.524043
0.433862
0.14638
-0.430172
0.861045
-0.869204
-1.56243
0.0285598
-0.290716
-0.736922
0.579954
-0.397431
-0.0831274
0.818826
0.400571
0.270717
0.41682
-0.904197
-1.15918
0.201237
-0.147679
-0.499764
0.376604
-0.0706452
-0.184727
0.0942644
0.678169
0.0730029
-0.559107
0.79685
-0.15509
-0.736074
-0.333663
-0.760475
0.420676
0.331449
0.648734
-0.0601825
-0.967391
0.773559
-0.353497
-0.152261
-0.302693
0.542255
0.564548
-0.205707
-1.10912
1.19652
-0.271379
-0.484003
-1.36125
-0.283369
0.521074
-0.176755
0.33511
-1.29145
-0.220073
-0.74318
-0.611715
-1.21219
-0.218543
-0.62775
-0.182788
0.378972
-0.26751
-0.362611
0.418774
0.758891
0.500742
0.208729
0.355189
-0.497873
0.141894
-0.0626291
0.503017
0.403849
-0.251668
0.99682
0.948186
-0.796853
0.71046
-0.178983
-0.518908
0.615156
-0.129291
-0.939811
-0.0397277
0.416052
-0.492419
-0.272906
-1.3772
0.52796
-0.401684
1.39263
0.282955
-0.884873
0.673082
0.066649
0.11406
-0.768688
-0.664144
-0.849046
-0.664456
0.664386
-0.673748
-0.179212
0.835613
-0.318415
-0.0859897
0.214919
0.0674402
0.188207
-1.30604
-0.0271458
0.031184
2.40158
-0.544325
0.617887
-0.125168
-0.407684
0.0289915
0.348249
-0.364687
0.2365
0.296081
-0.424519
0.528796
0.949025
0.471186
-0.270006
-0.41084
-0.536396
0.0886735
-0.490454
-0.125543
0.445338
-0.0924353
-0.141478
0.927538
-0.659575
0.303475
0.0187837
-0.718991
0.492146
-1.32511
1.22309
-1.37322
-0.580538
-1.02672
-0.67024
0.161191
-0.581649
-0.199184
0.224187
0.423486
0.0496966
-0.699081
0.66101
-0.88176
-0.800828
-1.05381
-0.777143
0.0527224
0.834304
-0.0368981
-0.381028
0.178075
0.436196
0.174098
0.0973344
-0.657404
-0.830245
0.113714
-0.308211
-0.504571
0.223668
-0.323796
0.642357
-0.330159
0.128489
-0.0515964
-1.14185
-0.0814159
-0.171836
0.236163
-0.885602
0.553434
0.203151
1.21892
-0.284892
0.0514787
-0.618488
0.619162
-1.24697
-0.105719
-0.357573
0.145169
-0.170391
0.534829
0.156092
0.92146
0.397109
0.576429
-0.510747
0.348332
-0.314405
0.343213
-0.60137
0.289193
0.504194
0.899247
-0.332985
0.656319
0.385592
0.152587
0.45972
0.100257
-0.632452
0.0189315
0.351899
0.111156
0.7875
0.212957
-0.693043
0.0977406
0.823032
0.635133
0.063995
0.316969
0.199027
0.31365
-0.550777
-0.896359
-1.7482
0.536084
-0.0176697
-0.779793
0.375083
0.114737
-0.200112
-0.308618
0.743926
0.026242
-0.116598
0.190316
-0.0486491
0.250969
-0.170645
0.180312
0.313246
-0.0300927
0.539653
0.489619
-0.986557
-0.360855
-0.3935
0.42913
-0.861773
0.138349
-0.878353
-0.506938
-0.0419334
-0.0812325
-0.896581
-0.296688
0.134236
0.739426
0.699999
0.10293
0.0255459
-0.990813
-0.303332
-1.90177
0.858315
-1.80913
0.103825
0.292805
0.355016
-0.689484
-1.07522
0.852687
0.383693
0.389685
-0.145221
-0.807998
0.550167
0.650282
0.218739
-0.45258
0.108206
-1.35142
0.123922
0.20237
-0.555359
-0.636929
0.0483618
0.314657
-0.00181769
0.00122193
-0.331483
-0.185775
-1.11445
0.273795
0.154888
1.47534
0.306535
-0.588407
-0.463123
-0.35811
-0.201611
0.945798
0.0536175
-1.1799
-0.58229
-0.507706
-0.35156
0.102082
0.920689
0.0300858
0.0475771
-0.362017
0.442251
0.303322
-0.908448
0.574865
0.661421
0.0533154
0.678162
-0.0479859
-0.0224602
-0.311864
0.832839
-0.38238
1.91605
0.52878
-0.932518
0.730838
0.105432
0.510925
-1.32967
-0.294644
0.395754
-0.0656649
0.517866
-0.776237
0.149883
0.118249
0.152494
-0.401151
-0.114629
-0.0281021
0.412626
1.14428
0.268179
-0.113334
0.713181
0.551216
-0.497083
0.278188
-0.388953
-0.936096
-0.389293
-0.549572
0.100956
-0.518914
-0.278788
0.619646
0.268135
0.510901
0.416905
-0.214767
0.489919
0.419264
0.216329
0.263832
-0.364723
0.539339
0.335569
-0.382588
-0.389093
-0.406692
-0.0855093
0.115594
-0.315309
0.0350875
-0.1997
-0.00996942
-0.0165856
-0.0691725
-0.352837
-0.179135
-0.0100178
-0.665226
0.695131
0.127865
-0.165169
-0.307101
0.21746
0.335453
1.47028
0.578833
-0.981275
0.540394
-0.399672
-0.589122
-0.118495
0.0559897
0.936838
-0.536539
-1.06679
0.0328739
-0.598722
-0.638878
-1.09067
0.359718
-0.777891
-1.25287
-0.0350707
-0.313204
-0.318131
0.434648
0.738645
0.740209
-0.0761727
-0.200226
-0.314454
0.122719
-0.617997
-0.260463
0.322199
-0.502803
0.8185
-0.6111
-1.05862
0.209264
-0.714973
0.774917
2.15621
-1.19012
1.012
-0.742092
1.36759
0.353215
-0.238901
0.454264
-0.603766
0.370291
-1.14107
-0.129112
0.557672
-0.653456
-0.0881162
0.788793
-0.91025
-0.456888
0.638978
1.19162
-0.518013
0.933853
0.93355
0.147294
0.354343
-0.366279
-0.910346
0.125776
0.140864
-1.00684
-0.676523
-0.07111
-0.437278
-0.463627
-0.228228
0.199425
-0.219425
0.00260001
0.233308
-0.471459
0.169313
-0.306513
0.415922
-0.176836
0.553012
-0.431104
-0.423615
0.326993
0.232026
0.551251
1.07893
-0.691747
-0.305226
0.182046
0.200843
-0.625594
0.101723
-1.10422
0.950272
-0.0457556
-0.606306
-0.213618
0.579524
0.224423
-0.629608
0.0499438
0.60603
0.0108328
0.354449
0.433221
-0.29453
-0.378186
-0.241505
-0.385004
0.154593
1.02362
-0.805449
-0.528603
-0.238206
0.107834
0.0467645
-0.224993
1.18104
0.839174
0.412779
0.00176975
0.140202
0.756353
0.140557
1.13411
-0.0395482
-0.415984
-0.26985
0.755458
0.268046
-0.448589
0.34557
0.00860447
-0.32146
0.973764
0.118998
0.199186
0.0429699
-0.392955
-0.313784
0.352973
0.36059
-0.683509
0.438787
0.871739
0.227574
-0.475427
-0.0179125
0.261149
-0.431866
-0.249832
-0.564269
-0.163749
-0.574505
0.819219
1.27055
0.851622
-0.111656
0.282589
-0.474636
-0.270752
-1.10798
0.214208
0.166681
0.341204
-0.255604
-0.574568
-0.609666
-0.343458
0.104286
0.110759
0.490999
0.324472
-0.16932
-1.05154
-0.139374
0.376718
0.203207
-1.43416
0.449003
-0.284135
-1.00573
-0.284847
0.0269836
-1.37515
0.502711
0.656467
-0.126416
0.966903
-0.270624
-0.227246
0.327635
0.213609
0.245361
0.44886
-0.0179652
0.0211372
-0.0393442
0.0783805
-0.215704
0.294599
0.204399
-0.385049
0.355568
0.067129
-0.886212
0.0316827
-0.416326
0.347733
0.0236214
-0.679887
-0.419467
0.0837537
0.116897
0.0342076
0.493126
0.157967
-0.0668474
-0.556629
-0.764248
0.857034
-0.0235833
0.804211
0.834143
0.742229
0.323105
0.595696
0.305468
-0.575126
0.412468
-0.128816
-0.37653
0.815298
0.409915
1.78626
0.652232
-0.015152
-0.376786
0.686737
-0.171194
0.703127
0.48987
-0.154667
0.217411
-0.363677
0.0545277
0.423174
1.16433
0.173587
1.26289
0.455294
0.215559
0.000272905
0.50936
0.39554
-0.255793
0.266862
0.198683
-0.656603
-0.334994
0.124175
-0.565672
0.483374
0.0164478
-0.231954
0.0747629
0.253299
-0.82067
-0.410864
-0.390119
0.321831
-0.0784866
-0.315402
0.527372
-0.672243
-0.238443
0.324291
1.40023
-0.971832
-0.468542
0.320155
0.18546
-1.02284
0.308323
0.72562
0.458361
-0.210087
-0.0394171
-0.276197
-0.0394259
0.686045
-0.778108
0.161454
-0.0581684
-0.222466
-0.564919
0.729292
-0.247037
0.577737
0.516496
-0.371343
0.930086
0.969141
-0.447723
0.129177
-0.497317
-0.544803
0.947475
-1.0518
0.165654
-0.457857
0.736212
0.472312
-0.607955
0.411463
-1.31888
0.541573
-0.574362
-0.819352
0.154789
0.409252
0.590001
-0.354225
-0.0815371
0.523478
0.332875
-0.957177
0.223021
-0.455417
-0.180761
0.44093
0.249333
0.855947
-0.727833
1.02969
0.11309
0.00405777
-0.518385
0.44301
0.0863009
0.277894
0.504493
-0.186801
0.439591
-0.189376
1.57423
-1.04669
-0.268336
-0.374377
0.371587
-0.499612
-0.87386
-1.51974
-0.484637
0.742514
0.0394302
0.0833861
0.216558
-0.0886062
-0.113371
0.362698
-0.744284
1.0057
-0.166072
-0.328479
-0.0580234
-0.347868
0.00991833
1.01785
0.384506
-0.601289
-0.122307
-0.709354
0.497599
-0.0317703
-0.559451
0.434297
0.0653605
0.860411
-0.00347065
0.0714621
0.43353
0.133382
0.236507
-1.51167
0.923974
-0.243998
0.206477
-0.0937262
-0.515536
-0.482121
0.458334
-0.382366
0.781876
-1.02439
-0.662066
-0.0586039
-1.21157
-0.449094
-0.095774
-0.0742917
0.171871
0.602327
-0.505859
0.63837
-0.286825
-0.0748134
0.885861
0.154055
-0.120942
-0.238766
0.361984
-0.50187
0.240066
0.0961807
-0.0759655
-0.497973
0.488131
-0.853441
0.410005
0.957686
-0.709387
-0.507544
-0.302038
0.0336331
0.575709
0.801008
0.224104
0.855567
0.483884
-0.985654
-0.497102
0.109035
0.0775905
0.681437
-0.636679
-0.823858
0.536796
0.307332
-0.195761
-0.93683
0.383595
-0.123448
-0.27721
-0.0977125
0.213529
0.824541
0.211358
0.538977
0.986922
-0.204187
0.398838
-0.111624
-0.96644
-0.583376
-0.554392
0.592749
0.164721
0.526526
-0.588571
0.805988
-0.178577
-0.132396
0.302441
-0.387104
0.20913
-0.935509
0.167568
-0.156348
-0.956328
-0.0168839
-0.620519
0.564187
-0.156457
-0.142824
0.0835523
0.285348
-0.647342
1.01834
0.30208
0.300152
-0.0739762
-0.367313
-0.884814
1.51786
0.65838
1.13685
0.238015
1.2921
0.351543
0.949673
-0.432443
-0.160672
0.211745
0.137455
0.17588
0.196296
-0.705922
0.484356
1.07486
1.08312
-0.194135
0.956024
-0.849953
0.481559
0.256681
-0.381588
-0.612822
0.43501
-0.198334
-0.582651
0.0059019
1.56447
0.450126
1.01248
0.748116
-0.400477
-0.475102
0.724441
-0.855762
-0.270038
0.312095
0.115669
0.318984
0.586849
-0.283922
-0.381418
-0.56066
-0.0717666
0.39475
-0.0321047
-0.367737
0.110155
-0.449239
-0.181635
-0.0946739
0.352525
0.130373
-0.122625
-0.593862
-0.336983
-0.848611
-0.270879
0.276173
-0.636236
-0.856406
-0.32836
0.525855
-0.529126
0.225134
0.447901
0.0145366
-0.336795
-0.300353
0.593686
0.667034
-0.246765
0.936293
-0.387228
-0.429734
-1.61098
0.819643
-0.0242416
0.7451
0.352707
0.450344
-1.46728
0.0924334
0.561735
0.253223
-0.392629
0.0767561
0.387692
0.558869
1.47509
-0.704954
-1.30253
0.557846
-0.242888
-0.983852
-0.0623745
-0.392173
0.218417
0.0226351
0.00535819
-0.44747
-0.873015
-0.971635
0.99832
1.1447
-1.16109
-0.231284
-0.309111
-0.864188
-0.0839478
0.198348
0.390171
0.266346
0.649946
-0.490118
-0.294357
0.318316
0.324815
-0.0563177
0.493504
-0.0480137
-0.189554
-1.08917
0.033178
0.0745705
0.372815
0.611198
0.192137
-0.373888
-0.766572
-0.788141
0.335204
-0.575855
0.425268
-0.216945
1.31646
0.513505
-0.304476
0.247723
-0.888851
-0.0685165
0.270952
-0.678204
0.431441
0.0601007
0.137659
0.581669
0.822282
0.390282
-0.478703
0.518969
0.876413
0.294658
-0.158454
-0.325662
0.364342
-0.889864
0.0478671
0.402445
0.915542
0.50238
0.411618
-0.0822993
-0.522218
-0.177248
0.166699
-2.30078
-0.940732
1.78656
-0.0760863
0.972511
-0.616438
0.598455
-0.486499
0.740279
0.390141
-0.51695
0.0772618
0.530225
0.0371599
-0.0553024
0.302234
0.485833
-0.675527
-0.0924452
0.263981
-0.305287
-0.131612
-0.247885
-0.091694
-0.088555
-0.193885
0.0355669
0.200816
-0.790416
0.494827
-0.0706276
-0.775192
0.0969605
0.611084
-0.320553
-0.424973
-0.188196
-0.996399
-1.02325
-1.78894
1.07794
-0.07924
-0.97077
-0.38451
0.180641
0.94639
0.132522
1.03122
-0.267795
-0.750868
1.00386
-0.845683
-0.428135
0.0534881
0.3312
-0.258011
0.177671
0.00394163
-0.173128
-0.568824
0.583185
-1.26818
-0.268738
-1.18312
0.822434
0.0149189
-0.287348
-0.228807
1.2964
0.559865
-1.12911
-0.350737
0.371462
-0.144466
-0.0755665
-0.421932
-1.06835
0.079064
0.120955
-0.399422
0.412134
0.559465
0.445645
0.0649178
-0.227553
-0.119275
-0.854155
1.04656
-0.48819
1.16526
0.018479
1.0986
0.742447
0.112585
-0.454291
-0.633636
-0.982939
0.625579
-0.301077
0.80409
0.0921915
1.10734
0.419961
-0.314274
0.434114
0.587242
-0.3683
1.32839
-0.865172
0.0178477
-0.611157
-0.204592
-0.735027
0.336358
0.15483
-0.330674
-0.203279
0.135939
-0.405644
-0.338465
-0.144066
0.337208
0.355097
0.0891163
-0.791151
1.40184
0.388705
-0.0250139
-0.193495
-0.371888
0.721259
0.331827
0.463514
0.561723
0.261915
0.0757513
0.289449
0.212905
0.723463
0.0690914
-0.171391
0.410602
-0.35527
0.253307
-0.355103
0.318623
-0.4799
0.739184
0.537482
-0.873406
0.513256
0.442145
0.759273
-0.336592
-0.0328299
-0.770791
-0.129536
0.532453
0.724351
0.157099
0.185037
0.275696
0.117652
-0.179122
-0.607514
0.163726
-0.0843495
0.258346
-0.185646
0.266801
-0.111077
-0.547985
0.702228
-0.354442
-1.03487
0.0731136
-0.168044
0.360653
-0.594023
-0.33097
0.413333
0.384905
-0.33963
0.695773
1.28979
-0.555601
-1.34219
0.823456
-0.457237
0.292728
0.244168
0.188527
0.110109
-0.738549
-0.124566
-0.123303
-0.169955
-0.16253
-1.07176
-0.208464
0.0823515
0.870791
-0.230097
-0.174668
-0.601788
0.614273
0.0668014
-2.03953
-1.85733
0.47691
-0.607965
-0.480279
-0.606114
-0.629821
1.43701
0.663921
0.0496624
-0.162264
-0.299569
0.0760016
-0.14343
-0.73216
-0.0372073
0.116401
1.01994
1.22637
-0.154416
-0.367479
-1.95223
-0.70029
0.0357425
0.530047
0.26847
-0.40858
0.956897
-0.252498
-0.129471
0.582052
-0.733581
-0.190843
0.162294
-0.253784
1.02105
-0.955491
-0.0242792
-0.260581
0.130267
-1.46476
-0.191849
-0.503055
0.314141
-0.355692
-0.284558
-0.0959624
0.273528
0.33379
0.444998
0.0138935
0.481805
-0.951792
0.28096
0.0570195
-0.483326
0.197276
0.406323
-0.832794
-0.298506
-0.351273
0.297475
-0.219649
0.376743
-1.02744
-0.917993
-0.501567
-0.833433
-0.453541
0.773168
-0.481408
0.55241
-0.904768
0.582128
-0.425575
0.278144
-0.236397
0.544566
0.19997
0.239039
-0.430323
0.491028
-0.0862107
-0.437639
-1.26748
0.0942172
0.172576
0.141289
0.136155
-0.175126
-0.398891
-0.359004
-1.16997
-0.429746
-0.697178
-0.394968
0.963616
-0.139334
1.05022
0.506
0.490211
0.0908022
-0.269538
0.189721
-1.31466
0.383955
-0.320279
-0.689628
-0.446413
0.293077
0.0882613
0.604404
0.487253
0.584997
0.242341
0.959155
0.00578301
0.450753
-0.158728
0.612235
-0.25471
-0.991039
0.399955
-0.798112
-1.16064
0.246877
0.0998319
1.25037
-0.426104
-0.120355
0.70016
-0.279254
0.155284
0.416939
0.267206
-0.00322356
-0.454198
-0.0923104
-0.134076
0.0830097
0.800945
-0.293512
0.604374
-0.419189
-0.230402
-0.0337348
-0.17872
-0.280093
-0.455385
0.472544
-0.540037
-1.37868
-0.120987
1.00866
-0.942627
0.517961
0.0575318
0.0545906
0.426188
-0.847489
0.717278
-0.335519
0.418524
0.151832
-0.230555
-0.186944
0.933992
0.528539
1.08442
-0.330868
-0.408143
0.512189
-0.18312
0.497028
0.156663
0.790431
0.0582665
0.331614
-0.201011
-0.712502
-1.73069
-0.330939
-1.32492
-0.610968
0.142118
-0.174069
-1.333
-0.552294
0.202934
-0.0869549
0.502886
0.712258
-0.519474
0.448148
-0.157639
-0.0298803
-1.02371
-0.179977
-0.1294
-0.516321
-0.619782
-0.511311
-0.274901
-0.655109
-1.42311
0.214673
-0.36504
0.386522
-0.961752
-0.6166
-0.888285
0.427469
0.649264
0.0226015
0.196025
-0.380494
0.707654
-0.071765
0.812229
-0.8975
0.604495
0.231572
0.112637
0.242077
0.218266
-0.344566
-0.607154
0.359002
0.617107
-0.804646
-0.0740013
-0.843605
-0.160921
-0.330961
0.141231
0.858955
0.461465
1.01153
0.0259305
0.602041
-0.0116352
-0.914545
-0.270168
-1.6742
1.15997
-1.1838
0.255323
0.155245
1.39634
0.978376
-0.909004
1.54145
-0.914208
-0.783747
-0.0217251
-1.14343
-0.0227568
0.580004
0.547127
-0.650008
-0.442709
0.0443474
0.816154
0.371834
-0.204593
-0.234707
0.843448
-0.886452
0.00807104
-0.305146
0.00196367
0.43888
0.0803688
0.86293
-0.315193
0.495782
-0.660405
-0.256334
0.632685
0.164344
0.00232482
0.865476
1.08695
-0.053804
-1.25766
-0.861365
0.637628
0.10243
-0.220582
0.156819
0.453504
0.898126
-0.266304
0.859223
-0.310138
-0.207462
0.135607
-0.178671
0.270401
0.556887
0.0136809
0.0724943
1.20428
0.37063
-0.378982
-0.0242242
0.721811
0.27076
-0.251822
-0.0714629
-0.252655
0.878897
-1.26809
-0.056968
0.351504
-1.50909
0.569732
1.86103
0.338864
0.110225
0.86586
-0.213523
-0.668843
0.754694
1.17399
0.285276
-0.556804
0.145492
0.125003
0.196691
-0.776963
-1.41715
-0.300984
-0.12609
0.266193
-0.183863
-0.0188531
0.904668
0.803004
1.762
0.0488228
0.923039
0.31286
1.33007
0.937984
0.242981
0.111788
-0.467141
0.0657211
-0.436592
0.0684671
-0.734171
0.521977
0.278992
0.808736
-0.262652
0.293797
0.328795
-1.2669
-0.55396
-0.487624
0.298606
0.12974
1.04169
0.747941
0.178051
0.561551
-0.716607
0.503577
-0.798778
0.059091
-0.787516
-0.569851
1.53882
0.445394
0.0625757
-0.18025
-1.55533
1.33304
-1.16397
-0.193634
0.263793
0.54668
0.989302
-0.0197062
0.339657
-0.0740846
-0.985822
-0.913699
0.327953
0.363304
0.217446
-0.487081
0.588809
0.398397
0.517172
0.417813
0.941369
0.390485
-0.308018
-0.322127
-1.06903
-0.25545
0.60561
-0.00948067
-1.15124
-0.130518
-0.301689
-0.672861
0.426953
-0.92257
0.0668115
-0.0099728
0.316133
0.212261
0.208147
0.261619
0.0888463
0.453493
-0.352031
-0.5237
-1.31908
0.881271
0.912567
-0.222818
0.450989
-0.962627
0.101056
-0.20223
-0.404062
0.541294
-0.982799
0.0771631
0.957845
0.278671
0.0186442
-0.0931232
-0.489726
0.558573
0.296244
0.860642
0.116091
0.0130435
0.867163
0.0241794
0.361029
-1.409
0.412559
-0.365641
-1.06979
-0.532886
-0.387987
0.896945
0.159384
-1.24628
0.20251
0.297994
0.194265
-0.673335
0.46401
0.0577386
0.045067
0.759468
-0.298441
0.196895
-0.204148
0.345902
0.397673
0.241038
0.0975526
0.327639
-0.775355
-0.766047
-0.786091
-0.258514
0.806935
0.45508
-0.188394
0.189103
0.483418
-0.0368764
-0.50946
0.424503
-0.776285
-0.42538
0.32038
0.555423
0.312167
0.500154
0.378874
0.319984
0.116161
0.500341
0.370404
1.01497
-0.0440829
0.908235
-0.670136
-0.457699
0.255833
-0.148496
-0.539657
0.947569
-0.823438
-0.77899
-1.29288
-0.969072
-0.871084
0.190797
0.169472
0.121923
0.308329
0.118204
-0.600573
-0.898393
-0.507093
0.484736
-0.877267
0.551779
-0.860488
-0.509572
-0.472202
-0.136171
0.648591
-0.611633
0.183956
-0.678611
0.594831
-0.911388
-0.34671
0.72744
0.898045
0.0386172
0.506602
0.48416
0.0686001
-0.510372
1.12213
0.214337
1.36458
-0.722271
0.941788
-0.86411
-0.145444
-0.0531457
-0.225776
0.469194
0.144099
-0.378916
-0.482191
0.179239
1.01759
0.717742
0.921655
-0.561163
0.247304
1.38741
-0.129206
-0.933236
-0.261147
0.440743
-0.581127
-0.0580627
-0.291759
-0.242271
0.873124
1.11258
-1.67269
0.642888
0.102001
0.218866
0.0270667
0.273175
0.0458242
-0.564115
0.0269341
0.679155
0.295401
-0.0184305
-0.732867
0.0326613
-0.113073
0.838579
-1.17058
0.872252
0.0190121
0.705566
0.172532
0.258167
-0.00890796
-0.81275
-0.0855257
-0.411715
-1.03843
-0.0990875
-0.560148
0.836893
0.0225239
0.407228
0.161452
-0.683535
-0.842441
-0.710098
-0.359743
-0.294765
0.0995936
-0.135271
0.255821
-0.712441
0.285253
0.544505
-0.466482
-0.219861
-0.318851
-0.351853
0.688418
0.730123
-0.306564
-0.542824
-0.0570183
0.178538
0.0495319
-0.0756631
1.24589
-0.676057
-0.47826
0.174002
0.606034
0.130041
0.711291
-0.152816
-0.289345
-0.834096
-0.0622112
0.0823191
0.322558
-0.253618
-0.537085
-1.00009
0.520883
-0.711381
-0.116351
0.445902
0.857608
0.428508
0.638382
0.795087
0.55406
-0.442087
-0.358581
0.744707
0.620746
0.983747
-0.0577411
0.845962
-0.55901
-0.515444
0.852867
-0.652072
0.146477
0.896444
0.0471035
0.181559
-0.175743
0.309708
-0.194774
0.38163
0.673643
-0.0183055
-0.748023
0.0304593
0.975597
-0.418296
0.653432
-0.224317
-0.748087
0.839987
0.344841
0.664722
-0.0230336
-1.06657
-0.461375
0.346243
-0.481962
-0.085797
0.00210746
-0.0104627
-0.108024
-0.2671
1.09351
-0.554066
0.25985
-0.206822
-0.69223
-0.577742
-0.334731
0.193613
-1.16957
0.518906
0.349429
-1.28533
-0.458671
0.123345
-0.265103
0.101464
-0.0376789
1.11728
-0.322533
0.376808
0.570569
0.205385
-0.744759
-0.289559
0.0946707
-1.19813
-0.577231
0.0149018
0.147253
-0.0577165
0.158972
-0.301593
0.504071
-0.931641
0.572521
1.01355
0.16776
0.688988
0.587417
0.747488
-0.0925995
-0.450132
0.244873
0.898736
-0.978441
0.343887
0.583145
-0.271562
-0.863004
0.0480851
0.518061
0.426163
-0.330853
-0.245876
-0.162568
-0.242269
-0.078779
0.28609
0.744946
0.0280482
-0.133895
-0.492648
-0.216172
-0.464876
0.0696689
-0.755215
0.174526
-0.702221
0.948081
-0.43943
-0.282341
0.568655
0.0377343
0.200733
-0.102898
-0.0404311
-0.281616
-0.552291
0.350391
0.81809
0.453747
1.29094
0.188368
-0.427544
1.04931
-0.860659
-0.299847
0.0389646
0.603583
-0.803681
-0.0784824
0.0155855
1.08659
-0.0497258
-0.994403
0.22201
0.862891
-0.691054
0.151731
-0.495596
0.544586
-0.185532
0.14779
0.503353
-0.000536586
0.810324
0.266859
-0.639312
0.0101262
0.63876
0.746279
0.537478
-0.674688
-0.503499
-1.58176
-0.309101
-1.0758
-0.497349
0.0211782
-0.271121
0.0432929
-0.00392545
-0.389801
-0.307279
0.0958351
-0.143501
-0.372317
-1.33537
-0.14096
-0.110014
0.966375
0.639043
0.174486
-0.403051
0.335482
0.832502
-0.286303
0.023325
0.300967
-0.842193
-0.104595
0.342087
0.673808
-0.0885476
1.27322
-0.319032
-0.593957
-0.468565
0.604478
-0.367963
0.118287
0.346751
0.684609
0.300487
0.307803
0.193468
0.121066
-0.144374
0.178767
-0.000836782
0.385522
-0.96224
-0.262685
0.242808
-0.326061
-0.0813521
0.197627
-0.508907
-0.393161
0.0842446
0.48486
-0.204506
0.77539
-0.0688127
0.0823505
-0.0488739
0.0134347
0.166703
-0.0588851
0.713824
0.265188
0.886806
0.774885
-0.907338
-1.09261
-0.834012
0.697787
-0.00467083
-1.27657
-0.134968
0.193965
-0.517151
-0.0129063
0.45477
0.406397
-0.0539762
0.649425
-1.0722
0.722509
0.0684992
-0.195474
0.0736816
-0.925976
-0.268193
-0.109382
0.802967
-1.04764
-0.709769
0.0837775
-0.251692
0.26601
0.46591
0.742201
1.01109
0.44612
-0.253762
-0.276859
-0.859345
-0.723271
0.571762
0.198122
0.28655
-0.435213
0.272722
-0.228063
-0.240338
-0.656099
0.272723
-0.0802749
0.254299
-0.549022
0.44993
-0.217744
0.0444264
0.721773
-0.429591
-0.321161
-0.813654
0.672244
-0.509429
-0.758702
0.265413
-0.838634
-0.247538
-0.201673
-0.625184
-0.210109
-0.53161
0.247435
0.0718371
0.347301
-0.556945
-0.170204
1.101
0.0289763
-0.447659
-0.981949
-0.0464232
-0.725558
0.14361
-0.772104
0.659036
-0.445436
-0.506596
-0.496717
-0.393284
-0.19676
0.815737
0.292704
0.860599
0.90098
-0.422033
-0.691412
0.491205
0.783317
0.682056
0.685281
0.149536
-0.361076
0.55927
-0.760618
0.779758
-0.764326
0.38616
0.163623
0.8091
0.0147137
-0.958776
-0.116259
-0.34191
-0.2832
0.697736
0.328842
-0.985906
0.224245
1.08982
0.221529
-0.425823
0.619002
-0.59624
-1.15101
-0.128147
-0.237875
0.215687
0.18584
-0.620068
-0.25308
-0.372509
0.436919
-0.627354
-1.11408
-0.0633832
-0.322187
0.668485
-0.817524
1.86489
0.331768
0.870487
0.11691
0.696957
0.513346
0.186312
-0.213005
0.0571048
0.193841
-0.494506
0.492199
0.19959
0.692839
-0.742655
-0.194027
0.662212
0.0357524
0.535753
-0.64378
0.195647
-0.573201
0.356986
0.266008
-0.0678436
0.702109
-0.643579
0.513228
0.534587
0.380187
0.452029
-0.147805
-0.818495
0.978219
0.29208
-0.523561
-0.0706664
-0.246217
0.672763
0.153344
0.250984
0.133097
0.0432712
-0.988215
0.30018
0.763826
-0.574136
0.75947
-0.148807
-0.498227
-0.173919
0.413665
-0.295295
0.481399
0.0734819
-0.608754
-0.0359071
-1.31142
0.412896
0.128359
0.798963
-0.524355
-0.140099
-0.118362
-0.408745
-0.137481
-0.520066
0.186847
-0.404093
0.938137
-0.951875
-0.419108
-0.992412
0.020546
1.24892
-0.091421
-0.851586
-0.148454
-1.4847
-0.483037
0.831873
0.108769
0.758889
0.688406
-0.64311
-0.140178
0.198599
0.361974
-0.777332
1.19931
0.748572
-0.0696921
-0.70936
-0.602407
-0.417786
0.221136
0.719318
-0.214792
-0.349251
0.959657
-0.177952
-0.42893
-0.319989
-0.0567602
-0.195351
0.38092
0.963637
0.811054
0.216113
0.353211
0.231232
0.875226
-0.64302
-0.877277
-1.08911
-0.213767
0.937211
-0.187342
-0.0935662
0.808847
0.862796
0.459297
-0.926578
0.290928
0.659439
-0.120284
-0.258323
-0.124281
-0.553032
-0.194709
-0.89135
0.252922
-0.199488
0.591458
0.595688
-0.185374
0.474291
0.458318
-0.651795
0.424692
0.487194
-0.0595397
0.295771
-0.179499
-0.812652
-0.363474
-0.742569
1.23768
0.14315
-0.699548
0.160712
0.818044
-0.825722
0.933466
0.345921
-0.0793261
-0.220466
-0.0719262
-0.0476977
-0.447262
0.0681576
0.179389
-0.526456
-0.428648
0.434745
-0.421599
1.23919
-1.04358
-0.700674
-1.27544
0.0478947
-0.569632
0.27405
0.176659
0.184502
0.459969
-0.37994
-0.529223
-0.400836
1.01134
0.505833
0.405716
0.850921
1.38244
-0.233058
-0.861505
1.11389
0.474929
-0.531537
0.946802
-0.501867
-0.0177926
0.455629
-0.304055
0.307198
-1.75695
-0.0900024
-0.254331
0.520809
-0.350468
0.805038
-0.119726
0.173075
-0.282664
0.0551918
0.0958794
-0.0649247
0.0382035
0.240024
-0.47275
-0.104559
-1.31949
-1.42756
0.347269
0.165453
-0.347082
0.407494
0.310526
0.0146842
-0.0093675
0.485588
-0.960965
-0.409387
0.185622
0.0526406
-0.988567
0.0787453
-0.108507
0.538826
0.893219
0.0920981
-0.698394
0.0520922
0.211431
-0.546926
0.370979
0.0696136
0.724689
0.253923
1.36202
-0.320824
0.643233
-0.0651273
0.685609
0.568229
0.0962858
-0.272553
0.980529
0.0667164
-0.602327
-0.671474
0.30302
0.181248
0.348127
1.2104
-0.325409
1.15437
0.931609
-0.92676
0.341739
-0.0107329
0.091394
0.259556
0.207357
0.225542
-0.192262
-0.18022
-0.104427
0.149921
-0.409899
-0.774027
-0.163353
-0.371335
0.326002
-0.113261
0.514432
-0.508673
0.334803
-0.865181
-0.265824
-0.436666
-0.520986
-0.349721
-0.136479
-0.410866
0.840274
0.414747
0.0168481
-0.184165
-0.097122
0.682501
-0.0665314
-0.891078
-0.322369
0.266744
0.0845002
-0.167617
0.13997
-0.522311
-1.25041
-0.0817144
-0.661463
-0.597087
0.0749907
0.525182
-0.258474
0.539823
-0.772656
0.445316
-0.348197
0.723889
0.734267
0.694897
0.14002
0.0152814
0.811479
0.183538
-0.326952
-0.148211
0.639321
1.0368
-1.12898
0.627104
-0.174178
0.0183983
0.0311704
1.25489
0.0361078
0.851757
-0.111215
1.13913
-0.579489
-0.36016
0.269454
0.761623
-0.517078
0.485787
1.3425
0.366914
0.488975
-0.00776146
0.166389
-0.0661178
-0.961716
1.16557
0.214435
0.672377
-0.378895
-0.584955
0.0832266
0.195427
0.678991
-1.14968
0.531302
0.98147
-0.572911
-0.568554
-0.865354
-0.974792
-0.0649151
0.369305
0.456164
1.52506
0.89571
0.499689
-0.152354
0.00467911
-1.3263
-0.615163
-0.0324573
-0.0738927
0.199917
0.558805
0.74013
0.112733
0.529344
-0.179497
-1.19914
-1.02677
-0.693708
-0.164171
0.34829
-0.224616
-0.620147
-0.0870199
-0.787652
0.0384291
0.612405
-0.89442
-0.972711
-0.925365
0.00487148
-0.297762
-0.48939
0.87861
1.26121
-0.191691
0.313108
-0.12293
-0.0327191
0.192167
-0.111915
0.230598
0.698142
0.487545
-0.766461
-0.108655
0.871955
-0.0749818
-0.658068
0.73051
-0.167082
0.677452
0.0791933
0.229878
-0.000677571
0.865265
0.209691
-0.88217
-0.0881544
-0.74713
-0.199054
0.378941
-0.413662
0.402213
0.215667
-0.133941
-0.281824
-0.376971
-0.493453
-0.316302
-0.431764
-0.274395
0.302959
-0.0532834
-0.543311
-1.17637
0.848098
-0.599469
-1.12191
-0.260592
-0.0996872
0.179367
0.778733
-0.123958
0.511343
-0.651314
-0.111905
-1.30251
0.138395
-0.768365
0.53709
0.715542
0.342852
-0.191416
0.0291053
-0.747834
0.210424
0.25076
0.287122
0.788453
-0.408129
-0.196253
-0.380244
0.428748
0.937842
0.583575
0.819611
-0.00518651
-0.646677
-0.896935
0.142031
0.299892
0.934624
0.459621
0.540184
-0.36164
0.205413
0.931124
0.106288
-0.563694
-0.215422
0.395933
-0.983406
0.635997
-0.364978
-0.799026
-0.61998
0.643874
0.219952
0.0678771
0.778252
-0.261479
-0.119282
-0.606163
-1.1613
0.947356
-0.210631
0.174387
-0.28819
-0.237739
0.838958
-1.20325
-0.815264
0.411886
-1.53757
0.182352
-0.368926
-0.535264
-0.393984
0.273381
0.298494
1.07415
-0.491461
0.576336
1.04435
-0.637116
0.704293
-0.496909
-0.466434
0.314083
0.0800609
0.736051
-0.97062
-0.529454
0.889932
1.06603
0.231727
-0.103012
-0.626116
-0.241331
-0.760032
-0.63926
-0.606445
-0.191224
-0.902775
-0.12956
0.327113
0.177423
0.578111
-0.138778
1.08612
0.382259
0.627766
0.68179
-0.571624
-0.964311
0.861536
0.480118
-0.354229
1.13591
0.861799
-0.325492
-0.0260833
0.301992
-0.831294
0.0523975
0.441913
-0.189303
0.350092
-0.463091
-0.449192
-0.158289
0.0699386
0.260301
0.0552071
-0.216936
-0.133804
-0.376514
0.125433
-1.30851
-0.334829
-1.49016
0.533539
-0.108521
1.48115
0.592278
0.121138
0.0148757
0.568467
-0.067777
0.612827
0.818333
-1.05554
-0.446342
-0.753293
0.959226
-0.27108
-1.20105
0.197884
0.0923088
-0.640345
-0.0747718
-0.519218
-0.0338396
-0.565432
-0.417712
0.536241
-0.530791
-0.473597
0.691798
-1.36874
-0.340568
1.27972
0.825429
-0.379092
0.969105
-0.492324
0.205979
-0.0641894
0.268116
0.457183
0.416728
0.864302
-1.84273
0.973092
-0.148529
-0.0385459
-0.0516817
0.171136
0.837018
-0.314457
0.589901
0.636908
0.00508172
-0.23336
-0.91757
-0.0461523
0.184059
-0.990198
0.0150688
0.0258382
-0.180787
0.642949
0.47553
-0.0981488
-0.355089
-0.0136117
0.217557
-0.390992
-0.324223
-0.777271
-1.16458
-0.0633629
0.494678
0.0542374
0.32173
-0.592528
0.524847
-0.00544653
-0.809952
0.823297
-0.33847
-0.135202
-1.71583
0.30512
-0.757423
0.00860016
-0.0928672
0.791081
0.535538
0.529366
0.086773
0.106943
0.4013
-0.987874
-0.109132
-0.878477
0.171058
-0.411599
-0.587735
0.0532688
0.139413
-0.0265427
-0.483813
0.511405
-0.53178
0.735553
0.211055
-1.08854
0.435245
0.371642
0.244226
0.750628
-0.144194
0.562274
0.168363
-0.502626
0.2764
0.42552
0.260715
1.69477
1.48654
0.884571
0.218862
0.609988
0.766834
0.0267232
-0.672643
0.145504
-0.353851
-0.157859
-0.153213
-0.278063
0.321312
0.889828
1.28336
0.747459
1.58696
-0.652339
0.598038
0.283552
-1.04642
0.516118
-0.91815
-0.600954
0.113981
0.00181688
1.05618
0.103939
0.015886
0.0828347
-0.0339678
0.519733
-0.798599
-0.612009
-0.705374
0.376003
0.645907
0.712357
0.110968
0.35634
-1.14922
-0.364136
0.613828
-0.0583094
0.0086365
0.267084
0.32505
-0.0279432
0.0966598
0.118041
0.282581
0.575008
-0.131445
1.22246
-0.318039
0.179883
0.328406
0.0201389
0.984844
-0.346202
0.319465
0.745791
0.169566
0.672566
0.447444
-0.954286
0.331718
-0.0657652
0.776913
-0.000638065
0.772448
-0.923214
-0.266361
-0.257893
0.524344
-0.693009
-0.623787
-0.901755
0.0687
-0.311279
0.146523
0.532947
0.51033
-0.0117496
0.594487
-0.310741
-0.0444928
1.16688
0.393415
0.434958
-0.407162
0.156198
-0.367725
-0.144285
0.031768
0.339767
1.46591
-1.11617
-0.721213
-0.783503
0.0913619
0.198482
0.992847
-0.101796
-0.240371
-0.166431
0.95735
0.648356
0.0691451
0.119426
0.481693
0.210983
-0.289021
0.380438
-0.695563
0.259293
0.890911
0.270897
-0.214324
-0.0920248
-0.0588951
-1.42021
-0.616268
-0.235647
-0.837051
0.399351
0.247542
0.686398
0.279874
-1.47741
-1.5808
-0.243811
-1.24891
-0.74627
-0.84272
0.0325615
0.103372
-0.392126
-0.2332
0.0687622
-0.135881
0.884802
-0.328957
-0.17323
0.500651
0.330054
-0.6975
-0.576477
-0.361223
1.34189
-0.637491
0.428834
0.0160425
-0.10722
0.355984
-0.599165
-0.211229
-1.07157
0.834119
-0.759708
-0.622241
0.593386
-0.116277
-0.520143
-1.09028
-0.28005
0.142707
0.920235
0.202001
-0.755497
0.102761
0.534222
0.330885
0.605645
-0.480727
0.226076
0.541573
0.459994
-0.593673
-0.160887
0.139206
-1.17256
1.0783
-0.207241
0.241636
-0.461289
-0.543343
0.147012
0.724337
-0.708271
-0.178831
-0.165713
0.0464659
-0.229765
1.29842
0.0121146
0.270704
-0.00196033
0.837003
0.14141
-0.0354216
0.858557
0.516152
-0.825837
0.160366
0.451683
-0.838405
0.0579512
0.352964
-0.697412
0.405771
-0.320888
0.463975
-0.232114
-0.200254
-1.03603
-0.3362
0.249641
-0.0493353
0.197647
-0.569095
0.405545
-0.47137
0.126113
0.3172
0.0514192
-0.529429
0.282324
0.643726
-0.202859
-0.227869
-0.799471
-0.397809
0.405349
-0.792451
0.12741
-0.624561
-1.06522
0.197153
-0.93464
0.072215
-0.327915
0.352745
0.254603
0.489959
0.232117
0.481302
-0.165222
-0.19241
-0.193094
0.471403
0.37166
1.14928
0.297256
0.378557
0.397005
-0.345117
-0.835575
0.780533
-0.325686
-0.349199
0.259481
-0.235382
-0.241018
-0.316633
0.397709
-0.0769983
-0.477752
0.584711
-0.207318
0.869168
-0.149168
0.308409
0.553513
-0.0870943
0.148864
-0.966961
-0.0773322
0.305954
0.131668
0.223203
0.439687
0.0559348
-0.403267
-0.0952305
-0.294417
0.248264
-0.41998
0.896822
-0.474068
-0.394681
1.30921
0.110431
-0.924754
-0.443306
0.0567863
-0.035989
-0.00916123
-0.212165
0.292869
-0.425413
-0.126863
-0.0808586
0.418738
-0.274855
0.227096
0.313121
-0.0665849
-0.111807
-0.345493
0.245746
-0.0712444
0.799394
-1.01899
0.131399
-0.453942
0.825799
0.0555329
0.138515
0.462652
-0.5518
1.15949
0.194711
-0.117319
0.958712
0.976025
0.0278517
1.26887
0.685899
-0.675397
-0.31467
0.0167664
0.995441
0.117678
0.391655
0.448393
-0.449267
0.40985
-0.575163
-0.464029
1.47744
0.0245086
0.673722
0.653645
-0.0606449
-0.126125
0.632242
-1.27776
-0.80327
0.32583
0.0134764
-0.79278
-0.088747
1.15172
0.547966
1.05973
0.157651
-0.145457
0.767366
0.811379
-1.00915
0.32269
-0.24766
-1.18016
1.22753
-0.405785
0.169404
0.575681
0.33885
-0.477852
-0.368819
-0.845516
-0.297725
0.0585617
-0.0331302
0.480456
-0.593468
-0.489422
-0.382266
-0.973911
0.3891
-1.00194
0.275216
0.00991804
0.148835
-0.641968
-0.428516
0.735398
-0.671152
-0.257617
1.78124
1.3507
-0.338218
0.049901
0.733779
-0.708845
0.0727896
-0.142938
-0.321137
0.892905
-0.0619125
0.533036
-0.191556
0.153096
0.373936
-1.11647
-0.464056
-0.956028
0.107088
1.44687
-0.415601
-0.109704
1.0818
-1.19458
-0.208344
0.314561
-1.31819
0.638245
-0.431029
0.312314
1.08394
0.00345698
0.699446
0.474454
-1.06748
-0.251862
-0.0689991
0.130801
-0.595658
0.437979
0.078907
-0.102258
0.476699
0.115773
0.193091
0.341973
-1.28011
0.720892
-0.37387
-0.181687
-0.128207
-0.204241
-0.215298
-0.2486
-0.297627
-0.434684
-0.243576
0.131927
0.422605
-0.00314071
-0.0814612
0.260718
-1.32871
-0.259232
1.01043
-0.214387
-1.04089
-0.5997
-0.118767
0.8886
-0.0319691
-0.420266
0.129221
0.749988
0.411604
-1.08044
-0.872152
-0.263017
-0.36261
-0.467314
-0.0491024
0.521905
0.598402
-0.533689
0.0978211
-0.549234
0.922404
-0.90777
0.587898
-0.0684919
-1.03144
-0.759719
1.55411
-0.42573
-0.899008
-0.0949512
0.324903
0.127298
0.309836
0.790327
-0.283229
0.475152
-0.451173
-1.39666
-0.860908
0.285726
-0.502876
1.37331
0.677249
0.154618
0.00831667
-0.353538
0.162841
0.0818268
-0.123118
-0.426868
0.00229762
-0.85691
0.34211
-0.678399
-0.100152
0.175008
-0.131606
0.173105
1.36511
0.358689
0.0338866
0.839382
0.0330055
0.0313576
1.12569
-0.437813
1.25122
0.451693
0.317391
-1.7008
-0.227273
0.529845
0.225603
-0.224358
1.0338
-0.398598
-0.336006
0.258626
0.212161
0.7677
0.464387
-0.278695
-0.417023
-0.933058
0.455005
0.0298631
0.338737
0.58851
-0.308706
0.425406
-0.0506104
-0.554773
0.078216
0.291224
0.938078
0.0760317
0.390547
0.443216
-0.352176
0.179213
0.0652425
0.934869
0.437056
0.221882
-0.326074
-0.273707
-0.66513
-0.836831
0.597059
0.183935
0.45531
0.397763
0.0892735
-0.633351
-0.802085
-0.742777
0.639728
0.486028
0.0477953
0.666821
0.341082
0.314742
0.836347
-0.371833
-0.675866
0.470287
0.9547
0.871495
-0.191908
-1.18202
-0.212577
0.72695
0.200873
0.330768
0.425972
0.624583
0.5967
-0.867084
-0.350021
-0.362111
-0.651619
0.112402
0.726532
0.266401
-0.279614
0.081954
0.00134155
0.291865
0.148434
-0.268524
0.154571
0.0672882
-0.0542666
0.328
-0.158411
0.586526
0.660754
0.35911
-0.712383
0.743393
0.424834
-0.626492
-0.456579
-0.283125
0.0613945
0.404601
-1.0712
-0.153491
-1.18786
0.950879
-1.32332
0.628322
0.340017
0.601828
1.44312
-0.862243
0.683909
-0.0703028
-0.623602
0.280513
0.0201528
0.167055
0.403966
0.133158
-0.987724
0.739542
-0.311098
0.476729
0.244175
-0.577488
0.190799
0.085209
0.603509
1.19342
0.473389
0.159912
0.137449
-0.0433064
-0.119367
0.718468
0.0354621
-0.0121487
0.30346
-0.310437
0.055684
0.640641
-0.119592
-0.530849
0.133679
-0.741581
0.9801
1.1907
-1.08014
-0.230437
-0.984867
-0.129433
-0.10179
-0.0601149
1.42952
0.372552
0.103894
-0.176626
-0.0959341
-0.376705
-0.149165
-0.403481
-0.372788
0.484651
0.258976
0.179296
-0.0515154
-1.37744
1.17047
0.436408
0.213325
0.464349
-0.527107
-0.439392
-0.231674
0.144187
-0.0818193
-0.331772
0.0110122
-0.836685
-1.00701
0.0673303
-0.564925
0.310945
0.46018
0.807551
0.492168
0.517878
0.617647
0.0512915
-0.858351
0.354791
-0.789325
-0.96077
0.389668
-0.364763
0.138186
0.419407
0.478239
0.715986
0.804541
0.908557
-0.534176
-0.361065
-0.574462
-0.515538
0.190408
-0.614071
-1.05837
-0.120864
-0.0483064
-0.224726
-0.0179764
0.72959
-0.344663
0.434957
0.833691
-0.351673
-0.028748
0.0351032
0.511322
0.135456
-0.551953
-0.617681
-0.374033
0.0552253
0.364474
0.573402
-0.406585
-0.397171
-0.917715
-0.682418
0.210505
-0.866823
0.452473
0.418363
0.327008
0.415299
-0.892155
0.197356
0.860857
0.676168
0.00305679
0.321814
-0.830993
-1.31951
1.83053
-0.677854
0.807779
0.338747
0.107882
-0.907044
0.05529
-0.297466
0.0151869
0.513201
-0.666807
0.349941
-0.821363
-0.0140917
0.249634
0.424736
0.0241049
-0.543393
-0.206472
-1.15273
0.424039
0.888951
1.24787
-0.020995
-0.934479
0.403804
-0.24148
-0.270731
-0.263049
-0.142198
1.1979
0.533891
-0.180657
-0.182925
0.23929
0.413766
0.354485
-0.0479504
-0.139307
-0.666743
-0.716414
0.811045
0.130518
-0.454879
-0.0119986
0.416161
-0.426151
0.305107
0.449256
0.284562
0.44114
-0.788594
0.0316152
-0.268993
0.627173
0.218515
-0.318032
-1.09733
1.06729
0.0501406
0.704933
0.320279
0.705482
-0.0737531
0.120132
-0.58511
-0.832289
0.255661
0.085136
1.46645
-0.148552
0.27029
-0.253218
-0.0372028
-0.309744
0.0472498
0.456773
-0.541192
-0.929921
0.00270238
-0.347394
0.378709
0.0988423
-0.512868
0.302952
-0.0989594
-0.330479
-0.455412
1.46573
0.00491064
-1.09425
0.671569
1.12456
0.224886
2.12238
-1.48854
0.225774
0.901846
0.376275
-0.588768
1.09801
-0.784171
-0.380757
0.960478
-0.186577
-0.345495
-0.333208
0.846061
0.0907369
-0.303793
0.563488
-0.44195
0.273517
0.639694
0.929647
-0.295896
-0.763139
-0.652358
0.0273606
-0.0998311
-0.754248
-0.62964
-0.682027
-0.576367
0.79575
-0.420944
0.414188
-0.62952
-0.151428
-0.381659
1.10281
-0.00521458
0.300233
0.819101
-0.519088
0.998204
-0.256296
0.716722
0.177439
-0.740839
-0.796457
-0.447681
-0.718278
0.55939
-0.0686364
-0.292721
-0.758807
0.2661
0.259116
-0.348862
-0.322586
0.703657
-0.739271
0.0705989
-0.0291008
-1.39128
-0.167682
-0.259455
-1.45919
-0.425076
0.267907
-0.112062
-0.483949
0.139815
-0.409105
0.139143
-0.607275
-0.791004
0.355139
-0.639831
-0.408234
0.00120754
-0.92615
-0.523245
1.34303
-0.101078
-0.266746
-0.0102829
-0.0853754
0.507385
-0.110466
0.0269714
0.193693
-0.44375
-0.581311
0.606437
1.29667
0.22677
-0.296541
-0.043143
0.861158
-0.57362
-1.01727
-0.114265
0.354948
-0.374025
-1.74194
0.254802
0.383897
-0.56612
0.382339
0.102501
0.585629
-0.0730445
-1.32901
1.2458
1.18323
0.465187
0.287891
-0.560695
0.624596
0.347554
-0.0220325
0.0175756
0.298051
-0.0650161
0.181542
0.282554
0.592221
-0.481423
1.32899
-0.0902935
0.279499
0.6298
-0.188468
-0.106403
-0.173176
-0.344931
-0.109407
-0.208812
0.0509747
-0.0460173
0.552638
0.469381
0.135118
-0.060713
0.40763
-0.22468
-0.850833
-0.698328
0.0963133
0.0464642
-0.17019
0.275921
-0.0498493
1.01263
-0.00866199
-0.78127
-0.193228
0.855655
0.126077
-0.966242
0.16478
0.146043
0.825388
0.515758
-0.86108
-0.403512
-1.16155
0.872058
0.0625084
-0.390203
0.231118
-0.194841
-0.372994
0.789685
-0.351195
-0.0985712
0.452269
-0.402174
-0.50739
0.146974
0.872195
0.484378
-0.562814
-0.685734
-0.217107
-0.623845
-0.0690788
0.0158235
0.0540376
-0.844497
-0.226994
-0.665752
-1.06283
0.743805
0.0562542
-0.163146
0.438347
-0.782414
0.0386088
-0.283317
0.131266
-0.249276
-1.7807
-0.0639335
-0.518765
0.228431
-0.19579
-2.01799
0.654476
0.144216
-1.27303
-0.134068
-0.619827
0.0608159
0.0898262
-1.39047
-0.494097
0.198706
0.776429
-0.304304
0.337806
0.227618
0.579022
0.521911
0.268723
-0.329177
-0.741434
0.200439
0.222927
-0.60765
-0.0907476
0.259746
-0.182702
0.28523
-0.708679
-0.0174483
-0.718482
0.22858
0.0893608
0.399045
0.472731
-0.439047
-0.26521
0.645244
-0.582969
-1.27585
0.122142
-0.224066
0.86804
-0.124895
-0.538563
0.125026
1.42071
0.597762
-0.821672
0.59845
-0.0495876
-0.40918
-0.630405
0.180764
0.0811776
-0.45422
0.558764
-0.103868
0.403909
-0.356202
0.293042
-1.70048
-0.572094
-0.280798
-0.693373
0.429596
1.41263
0.857673
-0.803556
0.819841
0.607163
-0.819273
0.438835
-0.112097
0.955031
0.762824
1.02724
-0.114495
-0.320903
0.761964
0.164108
0.306731
0.705981
0.609081
0.709619
1.10742
-0.0369744
0.0965477
0.580995
-0.611953
-0.185388
0.951816
-0.588691
-1.25256
0.752337
0.451582
-0.758778
1.28911
-0.523609
0.375388
-0.755954
-0.35194
-0.232615
0.858108
-0.393468
-0.161534
0.0879007
0.0133211
0.728719
-0.262635
-0.174893
-0.487343
-0.310943
-0.563517
-0.329161
-0.366104
-0.0837415
-0.150419
-0.497033
-0.0598008
0.201938
-0.0923221
0.186664
0.179269
-0.758988
-0.596931
-0.250141
-0.180526
0.063504
0.718778
0.0794656
0.314457
0.173954
0.60424
0.36828
0.153635
-0.366358
-0.77052
-0.363878
-0.280132
0.0985194
0.292927
0.200474
-1.43747
-0.186889
0.171245
0.566586
0.257725
-0.426186
-0.258116
-0.279296
-0.383257
1.46801
-0.31515
0.306077
-0.587388
-0.841625
-0.50909
-0.670355
0.223711
-0.368668
0.346221
0.529922
-0.194963
-0.383237
-0.775306
-0.196419
-0.424239
0.527021
0.378389
-0.0795726
-1.01562
0.389331
-0.743937
-0.51661
-0.162038
0.242932
0.746189
0.0945733
0.409212
-0.445626
0.865043
-0.0529366
0.300284
1.31643
-0.45604
0.235595
-0.584744
-1.51318
-0.0174384
-0.658678
1.01729
-0.563582
0.445848
-0.177116
0.0477079
-0.516398
-0.553085
0.372627
0.0577979
0.0461253
0.336316
-0.346782
-0.412797
0.157895
-0.215003
0.62092
0.139115
-0.0144506
0.290166
-0.266428
-0.0398436
0.0578892
-0.640059
0.035707
-0.718982
0.104553
-0.979038
-0.0947463
0.0805189
0.328623
0.747272
-0.138891
-0.368394
0.550194
-0.537552
-0.910201
0.319145
-0.105548
-1.00485
-0.120327
-0.792279
0.061096
-1.04226
1.04773
0.742541
0.176628
0.175788
0.188089
0.111106
0.345122
0.213161
-0.242746
0.0578731
1.2216
0.327768
0.192665
-0.446271
0.240778
0.146825
0.0560268
-1.17609
0.324583
0.887068
-0.247022
-0.614281
-1.07032
0.465019
0.428139
-0.073186
-0.417982
0.303225
0.0194485
-0.370063
-0.319499
1.43582
-0.0733465
1.50765
0.0259856
-0.784274
-0.642822
-0.594091
0.4483
-1.05662
-0.523399
-0.731915
-0.438764
-0.326492
-1.01276
0.535811
-0.0497806
0.883584
0.697358
-1.12439
-0.023769
-0.446611
-0.122373
0.340702
0.115366
0.664204
0.383632
-0.881688
0.563876
-0.0714705
0.329658
0.926252
-0.439352
0.395296
0.139517
0.158415
0.148241
-0.501936
0.567733
0.0392459
-1.37876
0.0305817
0.501036
-0.50522
-0.30853
-0.228391
-0.145573
-0.643349
-0.904031
-0.129488
-0.248472
-0.234339
-0.198329
-0.823945
-0.444014
0.904328
0.640933
0.480914
0.303724
0.441966
0.345392
-0.606575
0.729352
-0.268007
-0.529872
-0.152392
-0.00354426
-1.1561
0.0489621
-0.740828
0.483353
0.401268
-0.308227
-0.906382
1.03361
-0.0714374
0.316968
-0.387924
-0.0225065
0.408614
0.640398
-0.121291
0.868166
-0.535441
-0.426695
0.134256
0.254245
-0.53942
-0.548404
-0.796513
0.0977518
0.96605
0.784721
0.526794
0.0304358
-0.670114
-0.296916
-0.455395
-0.179626
0.671209
-0.617286
-0.435219
0.102306
-0.430477
0.129688
1.05817
0.731021
0.425506
-0.796498
-0.112957
0.320624
-0.019494
0.232015
-0.256743
-0.0806143
-0.667781
-0.55816
0.239321
0.205089
-0.268991
1.27629
-0.243331
1.18405
-0.412269
0.481429
0.459242
0.287113
0.638031
1.05735
-0.0319219
0.623281
0.804569
-0.465361
0.624132
-0.755473
1.26728
0.927546
0.135086
0.404459
-0.920277
0.439577
0.72723
-0.229359
1.56283
0.0490481
0.632357
0.635137
-0.307612
-0.272567
0.0155284
0.439862
0.145237
-0.0813237
0.379541
0.0307221
-0.83171
0.242925
0.0606881
-0.624057
0.409706
0.0910365
-0.164954
0.476756
-0.350158
0.173822
0.353908
-1.2015
0.282466
0.168879
0.311127
-0.26253
-1.83078
-0.128922
1.14179
0.314926
-0.183396
-0.213932
-0.0125503
-0.285305
-0.312471
0.743993
0.690466
1.20433
0.0749822
0.342744
0.165826
0.735833
1.34657
0.00439685
-1.19229
-0.0171616
0.125506
-0.332964
0.340172
-0.725237
0.427929
-1.07304
-0.748281
0.16411
0.466433
0.0671282
-0.90066
-0.244255
-0.246109
-0.747538
-0.424655
0.734539
1.97901
0.430655
0.834345
0.611584
0.388118
-0.0106739
-0.525437
0.312245
1.06744
0.13541
-0.187633
-0.354871
-0.0856103
-0.0132206
-0.231917
-0.133087
0.495496
-0.35285
0.293891
-0.00896578
0.116079
-0.0100972
-0.317774
0.779772
0.0374732
-0.619592
0.104685
-0.935966
-0.635462
-0.499635
-0.0835375
0.192209
0.299463
0.482968
-0.180497
0.417778
0.127671
-0.244271
-1.52489
-0.619461
0.780927
0.105011
-0.758047
0.888595
0.199481
1.32986
-0.179479
0.575776
0.319662
0.963118
-1.32072
-1.3024
-0.481185
-0.982925
0.598389
-0.402074
-0.151202
-0.165396
0.843079
-0.266319
0.285427
-0.374797
-0.15495
0.621511
0.807614
0.841383
0.580037
0.221887
1.22992
-0.247321
-0.0909783
-0.523772
0.794609
0.416636
0.236423
1.0887
-0.073782
-0.287055
0.0287824
1.04294
0.641103
-0.177849
1.0682
-0.239859
0.0670287
-0.974443
0.640177
-0.272172
-0.157234
0.667317
0.0491433
0.486771
-0.816855
-0.0138528
0.472221
1.07708
-1.46832
0.272879
-0.102126
0.670895
0.970562
0.603428
-0.807491
-0.255565
0.357233
0.0161224
-0.313626
-0.890588
-0.478201
0.311828
0.671185
0.25531
0.714556
0.415983
0.0045006
0.759607
-0.232832
1.1197
0.272935
-0.106418
0.680253
0.131672
0.690006
-0.2062
-0.523509
0.0280454
0.238097
0.135247
-0.668802
-0.319728
0.438301
0.962157
0.115227
-0.148634
-0.00213524
0.0693179
-0.710868
0.0272688
0.150362
0.995185
-0.589818
-0.351628
-0.47548
0.139247
0.124459
0.107961
0.313998
0.15193
1.13905
-0.503052
-0.660728
0.00800921
-0.0335067
1.75538
-1.06597
0.200899
0.421841
0.0437405
-0.603491
0.481247
-0.642207
-0.929352
-0.494328
-0.863983
0.138787
0.0258642
0.52287
-0.37014
-0.637118
-0.392408
-0.0182852
-0.256126
-0.435281
-0.0148107
0.538619
0.40912
-0.0379675
0.666102
-0.227156
0.575374
-0.559709
0.0492503
0.522972
-0.123134
1.30019
-0.297711
-0.130456
-0.220326
-0.371666
-0.113055
-0.486464
0.142568
-0.471151
0.163327
-0.164467
0.459167
-0.627663
-0.382509
-0.510039
-1.57054
0.520404
0.177345
0.114739
0.334442
0.242205
0.533539
-0.520713
0.409702
0.6579
0.548606
-0.0587126
0.43743
1.04862
0.233234
0.496157
0.0374539
1.17955
-0.279816
-0.203991
0.416388
-0.0265609
-0.310977
0.199175
0.209991
0.366043
1.03816
-0.563076
-0.276314
0.248686
-0.349107
1.02472
-0.106248
0.0373118
0.53224
0.797987
-1.20043
-0.209533
-1.13923
0.292885
0.44724
-0.125072
-0.506777
-0.916991
-0.196886
0.0288063
-0.302757
0.286726
-0.395669
-0.382393
-0.468867
0.64266
-0.568843
-0.413932
-0.560738
0.122109
1.71275
0.245824
0.168204
0.465732
1.39514
-0.188998
-1.0411
-0.404927
-0.485875
-0.404818
-0.149017
0.560363
0.293017
-0.389035
0.374867
0.28263
0.432388
-0.498105
0.543245
0.0424771
-0.103092
-0.911594
-0.0118551
-1.2387
0.109801
-0.247749
0.855887
0.248958
0.205144
0.358976
0.0406017
-1.02865
0.700687
-0.404038
0.797519
-0.256181
0.641705
-0.310307
0.197401
-0.0307335
-0.725158
0.944771
0.194979
0.206555
-0.596238
0.227281
0.993034
0.289248
-0.664488
-0.447827
0.00327616
0.0494712
-0.478952
0.265756
1.06718
0.605973
0.333451
0.318315
-0.833525
-1.17849
0.159953
-0.636317
0.0887015
-0.164694
0.755914
0.109789
-0.662264
-0.454037
0.665849
0.127392
0.418859
0.643144
0.43442
-0.60733
0.0403915
-0.0564866
0.102512
-0.385047
0.120792
0.88988
0.0236707
0.289841
0.629281
1.02302
0.502189
-0.0215853
-0.218713
0.221225
-0.0748625
0.459864
-0.434494
-0.0649761
-0.677628
-0.327996
-0.0597855
-1.07201
-0.0966483
0.723018
-0.158071
-1.05555
0.728412
-0.430103
0.699509
0.403364
-0.582462
0.654459
1.38461
0.418722
0.632263
-1.37174
0.462332
0.0973953
0.25569
-0.481781
-0.103887
-1.29932
0.491822
0.70836
1.52987
-0.0542772
-1.06594
0.681178
-0.618471
-0.860262
-0.597959
-0.0999536
-1.07603
-0.112241
0.269677
0.345242
0.522448
0.369118
-0.528326
-0.182828
-0.0939846
0.0301375
-1.37822
0.317739
-0.347058
1.43065
0.629767
-0.452982
0.427699
0.252072
-1.42286
0.58673
0.0739451
-0.434477
-0.0108428
0.341021
0.914325
-0.150712
-0.00646189
-0.274043
0.152764
-0.126934
-0.179465
1.48709
-0.173085
0.212373
-0.250283
-0.357815
0.581412
-0.0290256
0.399896
-0.0458162
-0.292576
-0.430062
1.0317
-0.287216
-0.171316
1.17227
-0.971203
-0.32518
-0.756943
0.120163
0.0611834
-0.507007
0.0955733
0.09081
0.0944224
-0.459971
1.21624
-1.26292
-0.742427
0.734585
0.604301
0.775143
0.10843
0.765682
-0.141198
-0.927174
0.14163
0.207902
-0.203941
0.134628
-0.189492
0.0165226
0.374055
0.486644
-0.230085
-0.986761
-1.50225
-0.600277
0.407852
0.198727
0.307355
-0.417982
0.214799
0.600316
-0.121342
0.850193
0.268345
-0.0744122
-0.18141
-0.0620176
-0.355282
0.663918
-0.0631415
-0.171644
0.0834562
0.036435
0.0566339
0.793493
0.226477
-0.774909
0.627591
0.208523
0.441511
0.233116
-0.462496
-0.155051
-0.294527
0.262318
-0.187781
-0.662612
0.899034
-0.203878
-0.00291172
0.444567
-0.673999
0.130939
-0.951876
0.426429
-0.580608
-0.0743442
-0.330447
0.244325
0.777125
0.196559
-0.609701
0.567283
0.514552
0.106104
0.022377
0.21663
-0.885824
-1.31093
0.319646
0.321384
-0.422677
-0.424613
0.0151368
-0.328246
0.168284
0.634822
0.236002
-0.242961
0.272579
-0.819764
-0.696871
-0.199124
0.0766042
-0.127179
-0.887694
0.005029
0.567774
0.422973
-0.138042
0.0931408
-0.476897
0.856053
-0.407693
0.290451
-0.343281
0.537897
-0.839005
-0.0682058
0.0571387
-1.46091
-0.512165
-0.404624
0.859593
-0.248457
-0.10574
0.196168
0.196994
0.88373
0.206167
-0.0796515
-0.812636
-1.18721
-0.367088
-0.868583
0.529958
0.228222
-0.0214625
-0.369647
-0.160929
0.694267
-1.03753
0.0692707
-0.33142
0.398602
-0.350029
-0.944695
-0.760659
0.425138
-0.00069042
-1.2579
-0.837751
0.678011
0.461022
0.352568
-0.0734556
0.877048
0.149083
-0.326932
0.880925
0.895644
-0.812712
0.558211
0.312364
-0.294892
0.462366
-0.399635
0.193274
-0.339242
0.278417
0.707786
-0.164107
0.237096
0.446258
0.330461
-0.0330486
0.742956
0.526789
0.13259
0.0184128
0.189769
0.197981
0.0182055
-0.504873
0.0494969
0.0484492
0.585674
-0.469957
0.63257
-0.761926
0.648746
0.517883
-0.0152022
-1.05001
-0.651946
0.340081
-0.532415
0.903177
0.526063
0.168655
0.189411
0.203572
0.150229
0.666458
0.850931
-0.700368
-0.122776
0.227423
0.322601
-0.207122
0.40974
0.337254
-0.993514
0.306217
-0.893853
0.252537
0.326821
0.00280528
-1.36485
-0.466072
-0.497446
0.7845
-0.081455
0.270786
-0.574295
0.122968
0.782959
0.189792
0.298218
0.21918
0.656167
0.47044
-0.284718
-0.880951
0.471408
-0.461978
-0.126262
-0.678688
0.968912
-0.7469
0.733712
-0.355565
0.389777
0.00335597
-0.425152
-0.984359
-0.428374
0.0810368
-0.998776
-0.261418
-0.0991095
0.071217
1.17976
0.682267
-0.148592
-0.230851
-0.4907
0.0742192
0.746163
0.42788
0.888918
-1.3745
-0.253486
0.287368
0.0627359
-1.19784
0.654964
-0.0521959
-1.28107
0.993729
-0.137432
0.00987722
0.324113
1.15118
-0.644652
0.0769428
-0.539767
-0.111863
0.00349767
0.0482162
-0.204269
-0.29986
-0.546139
-0.0840238
-0.0868621
-0.396175
-0.865012
-0.400159
0.0843221
-0.450064
0.625674
-0.484942
0.246726
0.181172
0.497859
-1.362
-0.148559
-0.898835
0.672301
0.120659
-0.740198
-0.68625
-0.182321
0.284096
-0.478717
-0.293405
-0.00212211
-1.24061
0.174121
-0.700368
-0.559669
0.305517
-0.457735
-1.01908
-0.622024
0.599698
0.22765
-0.411676
-0.960048
-0.166896
0.706496
0.824768
-0.449109
0.650024
0.0530283
-0.712446
-0.27998
-1.75102
0.544813
-0.054415
0.10293
0.601721
0.367917
-0.656739
-1.00243
0.44949
0.29255
0.398062
-0.466759
-0.585743
0.183172
0.784122
-0.734218
-0.397336
-0.621536
0.388619
-0.73338
0.204296
0.106986
-0.0775813
-0.0558014
-0.398491
-0.167365
0.38661
0.267826
-0.117211
-0.673397
0.22398
-0.588685
-0.979156
0.96053
0.893175
-0.00368247
0.453844
0.838562
-0.212904
0.0965148
-0.0404504
-0.115233
0.0588569
-0.160853
-0.773351
0.218332
0.856548
0.20609
1.01644
-0.268755
-0.23903
0.409369
0.530577
0.709362
0.320276
-0.426362
-0.694781
-0.362874
0.0874817
0.132324
-0.128404
-0.0645044
0.165864
-0.165841
-0.998807
-0.155152
-0.183669
0.0163853
0.520408
0.377891
-0.638656
0.320122
0.188543
-0.810939
-0.113868
-0.059142
-1.50145
0.777964
-0.278019
0.690597
0.0357747
0.275786
-0.461269
-0.252104
1.07282
-0.264016
0.331851
0.0905859
-0.357915
1.31003
0.0717115
0.274368
-1.5099
-1.30501
-0.350665
-0.416483
-1.19101
0.203017
0.0943605
-0.0472505
-0.0491643
-0.313545
-0.340819
-0.391501
0.0266446
0.0870981
0.721147
0.489181
0.39335
0.361611
1.30201
0.754959
0.831766
0.604169
-0.683656
-0.352052
-1.07549
-0.590274
0.0711533
0.192297
0.260035
-0.0810442
0.00204028
0.320389
-0.815366
0.240536
-0.712705
-0.542332
0.654972
-0.218386
-1.06323
-0.710298
0.419305
-0.0423344
0.388855
0.353435
-0.275833
0.102544
1.00122
-0.977173
0.308366
0.169581
-0.84723
0.0512451
-0.357469
0.553845
0.569852
-0.117005
0.126657
-1.2306
-0.259059
0.814018
-0.115104
0.0988339
-1.16502
0.0399487
-1.3883
-0.518298
-0.207815
0.636991
-0.332313
0.574032
-0.0364489
-0.450335
0.0402
0.321655
0.641432
0.302455
-0.28629
-0.875645
0.608235
-0.282643
0.707195
0.266464
-0.409085
-0.226911
-0.170231
-0.136243
-0.769722
1.06383
-0.00648372
0.880945
0.276741
-0.91071
-0.171172
0.403492
0.964131
-0.423539
-0.398571
-0.264097
0.968811
-0.516272
0.492967
-0.459098
-0.614576
-0.167451
-0.158993
-0.317395
-0.95416
-0.0131065
0.0823839
-0.0719462
-0.0523683
-0.0446471
-0.990313
0.71168
0.062822
-0.106476
0.492012
0.49958
0.0779978
-0.329273
-0.0983913
-0.160371
-0.0067935
1.23055
-0.277401
1.36366
-0.672894
-0.680129
0.564355
-0.345523
1.18305
0.406845
0.364977
-0.576665
-0.745594
-0.189728
1.24954
0.299756
-0.0534805
-0.35281
-1.3043
-1.47548
-0.964099
0.575201
0.0766941
0.270858
-0.99261
0.47847
-0.698202
1.6425
-0.0736585
-0.00913382
0.544915
0.511531
0.558136
-0.274426
0.669626
-1.36766
0.418291
-0.106199
0.525413
0.0954206
-0.470048
0.183697
0.0386969
1.3708
-0.0851337
-0.603638
-1.05447
1.00022
1.73461
-0.159114
-1.26665
-0.0571607
0.304841
1.08059
-0.37071
-0.0859697
-0.97674
0.383703
-0.458679
0.844269
-0.22318
0.79326
-0.284022
0.403759
-0.591363
-0.477983
-0.709162
0.921536
-0.273728
0.453634
-0.0287097
0.0839855
-0.0560948
0.305554
-0.107531
1.41297
-0.660647
0.785282
-0.0568137
-0.787038
0.107077
-0.287776
0.420185
-0.105978
-0.623408
0.348531
0.290064
-0.0827639
0.383171
0.59032
0.382427
-0.938907
-0.80793
-0.644368
-0.582971
-0.430515
-0.663577
0.157261
0.0747619
0.591429
0.570377
-0.454326
-0.621252
-0.100615
-1.2323
-1.42311
-0.590401
-0.168874
-0.419247
-0.74411
0.488671
1.01341
-0.483284
1.46841
1.18168
-1.13431
-0.467779
-0.624782
-0.536177
-0.368048
0.175543
0.0699065
0.0720195
-0.317551
1.02225
0.10495
0.573724
0.58471
0.291434
-0.865076
0.0735804
0.684684
0.367461
1.00263
-0.0954292
1.02999
-0.55175
-0.220099
-0.728098
0.416611
0.128403
-0.178181
-0.343485
0.715006
-0.079178
0.42022
0.202891
-0.355809
-1.53
0.118507
0.247691
-0.909962
-0.825554
-0.594768
0.0684717
-1.2589
0.188084
-0.198087
0.963459
-0.409657
0.763059
-0.139265
1.15094
0.351279
-0.169133
1.06906
-1.14922
-1.68874
-0.604894
-0.0617475
0.435169
-0.754938
0.647134
0.866871
0.105814
0.13763
-0.0536111
-0.0698523
1.84266
-0.154532
0.281213
0.995413
0.481608
0.571005
0.0302176
0.648564
1.00178
-1.05705
-0.00625739
-0.00392789
-1.3701
0.517551
-0.385364
-0.797275
0.174166
-0.145259
-0.382214
0.90513
0.529863
0.540584
-0.306962
-0.0554053
-0.825823
0.453124
0.391208
0.425522
0.561299
0.052672
0.586302
-0.280601
-1.13202
0.475399
-0.135645
0.160376
-0.201275
-0.893884
0.0497956
-0.00205524
0.421479
0.0404011
1.17696
-0.575821
0.149572
1.27249
-0.982389
0.074559
-1.11661
0.31387
-0.741896
0.250084
-0.388854
0.368702
0.64606
-0.607855
0.628398
-0.195764
0.802882
-0.655828
-0.0657099
-0.949477
-0.604794
0.0714743
-0.904208
-0.0143727
0.709236
0.171424
0.0783543
-0.0238294
-1.42214
-0.0208327
0.168231
0.312961
0.518411
0.0669623
-0.648145
-0.959829
-0.953274
-0.117493
-0.00137825
-0.604138
-0.206437
-0.00180952
-1.23311
0.179779
-0.29949
0.573499
0.91237
0.278945
-0.393579
-0.711004
1.07939
-0.0166257
1.80687
-1.2974
-0.10284
-1.41046
0.0467721
0.140083
0.266091
0.0117368
0.158148
0.466638
0.612134
1.13255
0.677178
-0.512905
0.382105
0.654322
-0.545182
0.0758322
0.0250075
-0.532342
-0.00445741
0.0629714
-1.02568
1.00396
-0.133945
-0.387239
-0.26618
0.0472156
-0.232112
-0.727079
0.0146757
-0.601352
0.752596
-0.717508
-0.754861
0.176792
0.456745
0.461622
-0.536037
-0.193242
0.0831859
-0.465804
0.547376
-0.574691
-0.0198188
0.00403543
0.124788
0.901007
0.574547
0.31246
-0.403812
0.0197601
-0.273571
-0.568822
-0.332272
-0.827202
-0.155799
0.190268
0.819817
0.550608
-0.307674
-0.824548
0.196284
0.307966
0.339437
-0.815971
-0.693249
-0.673613
-0.726727
0.15438
0.0398242
1.03302
-0.172544
-0.103532
0.503759
-0.38344
0.152195
-1.17045
0.331681
0.424389
0.446959
0.318068
-0.755586
-1.61162
0.00563497
0.0795956
0.402308
0.428791
0.118193
-0.209182
-0.00466336
-0.921764
-0.124078
-0.717973
-0.0896518
-0.00123044
0.466122
-0.355041
-0.0498743
0.0629095
0.301134
-0.289864
0.225048
-0.225423
0.195137
-0.282875
-0.330837
-0.177869
-0.36407
-0.262985
0.053592
0.239945
0.15188
0.671761
-0.214271
0.659779
-1.07165
0.212066
0.150844
-0.356891
0.472771
0.617634
-1.04055
0.0301279
-0.0762956
0.978941
0.603345
-0.0506549
0.479619
-0.47229
0.877941
-0.511458
0.29804
-0.0232797
-0.234849
-0.0351588
0.474613
-0.390063
1.32221
0.479696
-1.06028
-0.888079
-0.972731
-0.38019
0.122888
-0.163401
-0.270055
0.269438
0.215483
-0.65211
0.767302
0.176591
-0.18621
0.462716
-0.528629
-0.155168
-0.184379
-1.0201
-0.245733
1.01328
0.00207738
0.337137
-0.314789
0.616512
1.20648
0.035758
-1.15076
0.196272
-0.502736
-0.308221
0.465615
0.00481184
-0.086593
0.0421224
0.112021
0.580868
1.04644
0.789481
0.415579
0.207621
1.09992
0.214965
0.137417
0.663055
-0.335088
1.02659
0.382458
-0.196298
-0.758701
-0.37764
0.0281753
0.312201
0.32178
-0.912874
0.0258805
-0.156525
0.773382
-0.960999
0.541811
-1.2208
0.0646651
-0.657022
-0.404259
-0.165974
-0.7643
0.126476
0.599003
0.0632414
-0.353331
0.611353
0.522842
0.124285
-0.176717
-0.33105
-0.464465
0.396061
0.679793
0.130054
0.476555
-0.529669
-0.0944726
-0.720947
1.53973
-0.0499857
-0.393463
-0.165786
-1.04814
0.158017
0.217141
0.165838
0.270365
0.122176
0.0475612
1.01391
0.58259
1.10383
-0.865068
0.924902
-1.06077
-0.377209
0.444397
1.35044
0.193923
-0.404663
0.209323
0.307828
-0.364929
0.606163
0.166064
-0.875464
-0.504593
-1.26921
0.756275
0.300876
-0.446489
-0.340796
-0.0504986
-0.523525
0.926657
-0.282768
-0.328792
0.705594
-0.050562
0.43026
0.426298
-0.572454
0.188323
-0.627845
0.532899
-0.235656
1.03101
-0.52065
0.336789
0.0382328
-0.822817
0.802478
0.512498
0.570122
-0.108237
0.457721
-0.898508
0.617653
1.00261
0.144876
0.639652
-0.26764
-0.550767
-0.279875
-0.450516
0.845659
0.0865591
-0.44396
0.0926417
1.07492
-0.365106
-0.423212
-0.326567
-0.686308
0.797901
-0.759835
0.276359
-0.551962
-0.417742
0.408148
-0.000222962
0.90298
0.022081
-0.716271
-0.386166
-0.0171235
1.04849
0.585586
-1.02845
0.168231
1.12851
0.188993
-0.127773
-0.473973
-1.23305
0.956416
-0.141072
0.517041
-0.751576
1.10662
0.555109
-0.190179
0.151428
0.0670202
0.621723
-0.489303
0.998167
0.609038
-0.781312
0.738325
0.314955
-0.831855
-0.577715
1.21612
0.581034
-0.58527
-0.106511
0.0163522
-0.029859
0.201297
0.98338
0.232675
-0.382127
-0.627334
0.048943
0.74512
-0.321432
0.356283
0.313268
0.354739
0.882078
0.595957
-0.589546
-1.01797
-0.341958
-0.971712
-0.396728
-1.15841
-1.17526
1.46562
-0.104475
0.0357322
-0.628126
-1.11387
-0.0485932
0.583577
0.0993651
-0.771604
0.105561
-0.367367
-0.376279
-0.112808
-0.283712
0.765149
-0.495491
0.0585367
0.594888
-0.671534
-0.534962
0.123474
-1.00275
-0.032839
-0.233126
0.494221
-0.12216
-0.114212
-0.27405
-0.371216
-0.168469
-0.540739
-0.21997
-1.02636
-0.0158548
-0.777956
-0.0659426
-0.162844
0.115974
0.558083
-0.266126
-1.03168
0.127895
-0.0678821
1.08766
0.750085
-0.926826
0.224886
-1.12303
0.589694
-0.339689
-0.0494793
0.642314
0.344877
0.90333
0.111328
-0.411082
-0.687319
-0.987694
-0.0974617
0.914056
0.295375
-0.551039
1.31615
-1.02916
0.81618
0.901996
0.221574
0.15688
-0.0905757
0.0242801
0.210222
-0.393345
-0.50758
-0.00122233
0.0577587
0.799531
0.534962
1.07182
0.551107
-0.562574
0.455595
0.093565
-0.0692714
-0.805011
-0.819552
-1.19654
-0.61048
0.756408
-0.527153
0.197763
0.186698
0.326685
0.465672
-0.11571
-0.337453
-1.12012
-0.665633
-0.134909
0.571947
-0.0656764
0.194664
0.566684
-0.921251
-0.800538
-0.629907
-0.512422
0.536036
0.658919
0.532772
0.00241925
-0.738398
-0.186898
-0.705877
0.464773
0.134523
-1.12086
-0.38784
-0.399743
-0.137384
0.102298
0.640021
0.528863
-0.711224
0.413896
0.29445
-0.778379
0.554347
-0.118523
-1.12066
-0.824868
-0.721535
-0.23535
-0.239287
0.710597
1.3546
-0.0872337
-0.945236
0.595712
0.29739
0.31088
-0.251731
-0.812552
-0.379481
1.4565
0.68644
0.691624
0.120351
0.492572
0.49518
0.97679
0.036196
-0.568298
0.456149
1.00114
0.285698
-0.892893
1.03099
0.908463
0.217567
0.538804
0.0471042
-0.294154
-0.205614
0.128134
-1.2638
-0.110273
-0.0977603
0.276644
-0.235021
-0.182699
-0.186413
0.333297
0.473954
-0.199492
0.16736
-0.457153
-0.461264
0.657595
1.29984
0.0678138
-0.258643
-0.276215
0.919648
0.104251
0.0713075
-0.722325
-0.541989
-1.50318
-0.530064
0.176917
-0.565565
0.170217
-0.261789
0.604771
1.00725
-0.636197
0.285724
0.578846
-0.347643
0.381058
0.738855
0.688739
-0.281897
-0.339416
-0.474434
-0.89162
0.0796251
0.216382
-0.437377
0.885769
0.303678
-0.00969699
-0.49022
0.383543
-0.0168962
-1.03792
1.11929
-0.744157
1.11829
-0.136227
-1.37146
-1.02398
0.900625
0.353052
0.0766788
-1.01356
0.290221
-0.346776
-0.249864
-0.557716
-1.23913
-0.274275
0.306023
0.153532
-0.499094
-0.217172
-0.81477
0.663178
-0.746479
-0.432431
-0.10134
0.188048
-1.34451
0.743621
0.494509
-0.0997111
-0.663681
0.304962
0.023575
0.206499
-0.314988
0.117164
0.263347
-0.282554
0.142011
0.285232
0.0820627
-0.0685946
-0.519683
0.0674825
-0.580851
0.4475
0.360622
-0.77608
1.06353
0.282325
0.177264
0.329754
0.325661
-0.16342
0.388379
-0.101826
0.500048
-0.260393
0.246678
-0.137625
0.679762
-0.502686
-0.521828
0.106863
-0.482386
0.636694
0.0675451
1.18777
0.0799425
0.600307
0.281204
-0.0684945
-0.734157
-1.05682
-0.416715
1.1097
1.16968
-0.00891431
-0.165497
-1.09506
-0.937016
0.299158
0.834132
0.565528
0.696342
0.200919
-0.462017
0.166201
-0.711862
0.0298524
1.0964
-0.756366
-0.145266
-0.479324
0.315815
-0.334194
-0.174558
-0.519007
0.846382
1.17347
-0.114164
-1.13607
0.00166195
0.199471
0.782095
0.527459
0.379665
0.0687363
0.576321
0.645586
1.3765
-0.121111
0.65786
-0.2524
-0.609808
-0.558145
-0.0568411
0.109203
0.663355
-0.00774548
-1.0321
0.922897
-0.135388
1.38112
0.045634
0.158397
0.305246
-0.398278
0.0324744
-0.645622
-0.863033
-1.17379
-0.383316
0.018435
-0.819503
0.346
0.563741
-0.214057
0.0790383
0.459546
0.15253
0.873513
0.00662639
0.847104
0.929823
0.255334
0.42796
0.222933
0.561021
0.306108
-0.603437
-0.0805889
-0.227618
-0.727616
0.045114
-0.84184
-0.125128
0.110874
-0.265215
-0.913176
0.425656
0.401581
1.49331
0.556473
-0.899046
0.30407
0.250026
0.0582105
-0.505307
-0.388165
-0.612094
-0.746328
0.0809386
0.628574
-1.55542
-0.162064
-0.279484
-0.404932
0.0557753
0.424361
-0.116724
-0.0704373
0.823669
-0.618075
-0.449746
-0.100268
0.118919
0.561397
0.48402
0.314124
0.120695
0.329179
-0.227018
1.17504
-0.467995
0.889312
-0.333041
0.112583
0.261005
-0.780776
0.134557
-0.290996
0.556705
-0.969084
-0.752497
1.30384
0.836151
-0.192127
-0.77907
0.326173
-0.0989035
0.594185
-0.525502
0.463159
0.101189
-0.289032
0.833995
0.864031
-0.607825
-0.344289
0.662746
0.179354
-0.626447
0.296414
0.933541
-0.288958
0.0991455
0.428999
0.54951
-0.231576
0.481355
-0.401174
-0.727893
0.0339681
-0.286439
-0.458865
-0.351188
-1.18433
0.0691513
0.565732
0.144205
0.584481
-0.842094
-0.741967
0.728019
0.210638
-0.112989
0.849938
-0.826983
0.0887364
0.0683807
-0.117896
0.211644
-0.652287
0.221212
-0.694921
0.0843765
0.115943
-1.15428
0.816579
-0.193604
0.427137
0.713186
0.667919
-0.332513
-0.237505
-0.0561928
0.088967
0.101686
-0.0306158
-0.475861
0.127236
-0.773454
1.40214
0.0149482
-0.183549
-0.504426
-0.0575983
-1.38228
0.174227
0.523831
-0.100362
-0.588213
0.683814
0.0625352
0.109411
0.195033
-1.03581
0.351449
0.294384
0.0595119
1.07509
-0.239154
0.21013
-0.029135
0.51368
0.200717
-0.759512
-0.250235
0.124728
0.680032
0.844362
0.963968
-1.1134
0.40718
-0.502737
1.1552
-0.539454
-0.253641
-0.289308
-0.152737
-0.346511
0.67239
0.0978382
0.334397
0.519977
0.510492
0.0224973
-0.16302
0.0281227
0.132404
0.234042
-0.226752
0.630718
-0.916921
0.0769141
0.441837
-1.63941
-0.476127
-0.815659
-0.869124
0.630789
-0.508622
-0.519517
-0.66035
0.726547
-0.00259517
0.131215
-1.01564
0.00394449
0.0450663
-1.55346
0.449448
-0.0261481
-0.0795407
-0.125528
-0.29056
-0.0110387
0.540971
-0.228332
0.0658328
0.243827
0.215232
-0.0781009
-0.347957
-0.765655
-0.020812
1.05032
0.186065
-0.658456
-0.673048
-0.280538
1.65287
-0.514451
1.0394
0.718841
-1.10845
-0.4402
0.497101
-0.431704
-0.405534
1.10983
0.327497
0.18465
0.0666449
-0.418831
-0.674455
0.0999454
0.136728
-0.544028
1.04941
0.507
0.00217009
-0.515196
0.213086
0.413987
-0.0113327
0.431002
0.0452617
-0.355338
0.760994
1.01373
0.610713
-0.536561
-0.128386
0.0133873
-0.11527
-0.520153
0.391528
0.145113
0.582951
-0.38542
-0.352058
0.121873
-0.621706
0.0594995
-0.250395
0.0138038
-0.0842223
-0.922726
-0.0827188
0.895011
0.275304
0.7374
0.52214
-0.270966
-1.77401
-0.239409
0.480971
0.245491
-0.318656
-0.798378
0.798863
0.889432
-0.318918
-0.716976
0.0808236
-0.518612
0.536145
-0.834232
-0.850514
-0.597901
0.11142
-1.15891
-0.191525
-0.782874
-0.220131
0.834174
-0.424382
0.759644
-0.0247664
-0.508769
-0.37199
-0.607561
-0.0711832
0.529741
-0.635241
-0.339744
-0.243469
-0.470974
-0.110738
0.263738
-0.390748
0.417821
-0.123907
-0.272879
0.0652557
0.684576
-0.00417484
0.442325
-0.524453
0.819401
0.578715
0.615916
-0.0122735
0.628324
0.125666
-0.475191
-0.608871
-0.207641
-0.242196
-0.0086275
-0.0149185
0.000892162
-0.676874
0.155707
-1.34625
-1.60696
-0.102005
-0.170029
0.194899
-1.03262
-0.305602
-0.0281328
-1.18918
0.121146
0.40082
-0.524645
0.141915
0.0580043
-0.770678
0.985527
-0.184313
-0.0625147
-0.609153
0.522444
0.093405
0.40988
1.03342
-0.301877
-0.154067
0.629956
0.606843
0.33932
-0.292102
0.213943
-0.110076
0.0439046
-0.59838
-0.259506
0.759928
0.368191
-0.0299094
-0.461943
0.61175
0.396952
0.0826342
-0.219713
0.0609534
1.06731
-0.174178
-0.105904
-0.822215
0.69073
1.0622
0.346755
0.522208
1.08577
-0.295481
-0.0905739
0.475426
0.143156
1.20728
-0.518073
-0.0889673
0.311156
-1.7266
-0.641115
0.945749
0.807083
0.325195
-0.0078961
-0.884288
-0.437165
0.0813633
0.810523
0.0929471
-0.411717
-0.474079
0.26085
-0.760872
-1.59774
-0.19539
-0.82332
-0.646086
-0.217154
0.431409
0.0473312
-0.256037
0.299712
-0.31806
-1.00619
-0.135831
0.115802
-0.103881
-0.0243975
0.216357
0.317076
0.878641
0.473463
-0.6481
0.478607
0.140069
0.753917
0.398048
-0.369023
1.07042
-0.429816
0.906313
0.301907
-0.095844
0.200963
-0.561227
0.641946
0.342023
-0.0779852
-0.443458
0.0121911
-0.539612
0.0731721
0.331387
0.33167
-0.398528
-0.0850846
-0.65848
0.388986
-0.242156
0.0999487
-0.752916
-0.988676
1.03216
-0.447267
1.71637
-0.390583
-0.29747
-0.10812
0.129201
0.210266
0.622541
-0.389513
1.21097
-0.778234
-0.332719
0.863409
0.310575
-0.785399
1.08452
0.257184
0.9262
0.429521
0.571419
-0.0478344
-0.725719
0.208248
-0.16372
0.749771
0.510167
0.135864
0.0345301
-0.629041
-0.0633668
-0.122725
0.713098
-0.450575
-0.392776
0.596655
-0.161883
0.559653
-0.475528
0.179963
1.1699
0.688805
0.0621082
0.00257319
-1.25855
0.826713
-1.28563
0.426854
0.612009
-0.346627
-1.24508
-0.0773372
-1.31422
0.0839038
0.370964
0.0455991
-0.824969
0.608632
0.198521
0.33309
0.00409103
-0.657157
1.12476
-0.523513
-0.431081
-0.144776
-0.442988
0.320867
1.40031
-0.365263
0.580151
-0.598181
0.703067
0.799002
0.340471
-0.223041
-0.417816
0.406807
0.729216
-0.242419
-0.0534957
-0.454545
0.310949
-0.348078
0.459857
-0.541757
1.63477
-1.07762
1.04708
0.529865
0.785891
0.2573
0.999001
-0.241759
0.250221
-0.244653
0.314557
0.638838
-0.201286
-0.149567
-0.587186
0.482574
-0.442779
0.674363
0.0284088
1.00543
-0.880729
-1.14536
-0.98321
-0.60607
0.294507
-0.0174753
1.09612
-0.459419
-0.100722
0.406789
0.387115
0.936668
0.350419
0.541393
0.891351
-1.2646
-0.51402
-0.222813
-0.465248
0.167011
-0.596404
0.413765
-0.297121
-0.0444638
-0.139342
1.29627
0.332447
-0.526195
-0.183209
0.0725805
-0.324281
1.0767
-0.47102
1.03619
0.34523
-1.02236
-0.0606503
0.331883
-0.734978
0.564499
0.788335
-0.387393
-0.31925
-0.681222
1.70127
-0.370354
-0.768934
-0.559463
-0.762904
0.363847
-0.623988
-0.290207
-1.30175
-0.484472
0.118143
-1.43924
-0.22478
0.019098
0.310202
-0.216843
0.64899
-1.22865
-0.0637937
-0.304227
-0.232361
-0.180891
-0.75548
0.574037
-0.682497
-0.0256111
-0.605799
-1.01017
0.65189
-0.197261
0.663604
0.83822
-0.583793
-1.17948
-0.395145
-0.536456
0.736209
-0.104445
-1.14781
0.171938
0.0111
-0.0795886
0.383879
-0.137322
0.94359
-0.576215
-0.176102
-0.726362
0.278802
-0.623763
0.406049
0.687612
0.0970713
-0.388499
-0.63423
-0.383352
0.644557
-0.548117
-0.201301
-0.496355
-0.179735
-0.510348
0.724251
0.161106
1.04164
0.713481
-1.38204
0.583589
0.443927
0.645955
0.821721
-0.349463
0.809656
-0.0535228
0.0801276
0.751345
-0.00545015
-0.678539
-0.428831
0.0437965
1.11879
-0.312353
-0.183996
0.372593
0.102472
-0.350757
0.391586
-1.16709
-0.809552
-0.426419
0.00306267
0.265366
0.114599
-0.310483
0.699119
1.07934
-1.05412
0.244688
-1.84132
-0.427441
0.046022
0.801119
0.311816
0.473882
0.00135602
0.162342
-0.400693
-0.0952021
-0.197402
0.725341
0.419654
0.151856
-0.128346
0.195168
0.306951
-0.261439
-1.4937
-0.440911
-0.825241
0.513944
0.375581
0.662209
-0.44425
-0.141839
1.15105
-0.224276
-0.481036
0.402989
-0.221924
-0.666016
-0.496047
0.569295
-0.267647
-0.833152
0.565806
-0.490285
-0.0632469
0.053693
0.482323
-0.0876103
-0.285975
-0.570948
-1.37133
-0.483924
-0.482568
-0.541555
-0.0166747
0.577292
-0.00953397
0.438366
-0.645465
-0.136741
0.551034
-0.0390707
0.654847
0.0919985
-0.333848
0.215076
-0.152562
1.43601
0.18324
-0.0794007
0.370526
0.0358817
0.0100625
-0.0906781
0.469024
-0.0865987
-0.709908
0.785054
0.266999
-0.495383
0.499053
-0.595711
-0.228033
-0.582135
1.2372
0.084647
0.171297
-0.556479
0.342916
0.303269
0.558183
0.443983
0.458801
0.0298978
-0.00285213
0.0166149
-1.48865
-0.283028
-0.644943
-0.952687
0.967894
-0.610561
0.312783
1.20144
-0.62297
-0.63422
0.328749
0.604712
-0.266224
0.0244025
0.78496
-1.1242
0.143272
0.0898689
-0.0204347
-1.22043
0.182292
-0.299105
0.116883
0.174912
-0.96593
-0.111274
-0.371541
0.425306
0.112324
-0.753472
-0.0469108
-1.00522
-0.53922
-0.0598332
1.26335
-0.20012
0.625573
0.133321
-0.617932
-0.0325239
1.0477
-0.311681
0.286116
1.00743
0.27888
-0.373036
-0.524747
0.430677
0.269187
0.231821
-0.0467906
-1.14772
-1.5212
-0.995548
0.0929239
-0.926978
0.802548
0.0691293
0.0427266
1.23933
-0.464931
1.29878
0.66035
0.221325
0.31191
0.61838
-0.501169
-0.200651
-0.202241
0.140452
-1.01377
1.23985
1.32355
1.00843
0.00948646
-0.245054
0.146993
-0.909921
-0.332436
0.315604
0.526701
0.153133
-0.400594
-0.104965
-0.271175
-0.0168472
0.496096
0.627092
1.27867
-0.12681
-0.123207
-0.275567
-0.386769
-0.0586952
-1.85323
-0.367083
0.0202588
-0.579184
0.63577
-0.220043
1.03621
-0.300775
-0.277072
0.377583
0.659773
1.04296
0.0188619
-0.212021
0.205962
-0.636903
0.337662
-0.233539
-0.243563
-0.795175
-0.303615
0.262281
1.088
-0.291875
-0.708993
0.525925
-0.63301
0.274023
-0.233427
-0.581712
0.428447
0.933222
-0.492661
1.21181
-0.79721
-0.175234
0.0316654
-1.31351
-1.29236
-0.110556
-0.191574
0.220416
0.0972521
0.169837
1.0218
-0.41465
0.512114
-0.48849
0.362243
0.040146
-0.402663
-0.562744
0.317819
-0.737392
0.13928
0.105087
0.129429
-0.431694
1.17727
0.59378
-0.401634
-0.418995
-0.265779
0.0856812
0.335886
0.768318
-0.847384
-0.801043
0.161337
-0.191538
0.480641
-0.477459
0.976642
0.280247
-0.702007
0.491913
-1.05475
0.492989
-0.447594
-0.594816
0.260121
-0.476833
-0.198911
0.288986
0.0381061
-0.277116
0.359631
0.819709
-0.908393
-0.033437
0.647948
0.547945
-0.230009
0.171652
0.481667
0.416434
0.931335
1.19809
-0.656726
-0.245711
-0.381751
-1.20683
0.175781
-0.0323848
-0.168706
0.0701324
-0.703557
0.898992
-0.886331
-1.04246
0.349293
0.00790126
0.798589
0.0883083
0.145572
-0.0243384
0.332392
0.354312
-0.595875
0.571288
0.59469
-0.373253
-1.11349
0.267303
0.535908
-0.247141
0.937281
0.204562
-1.09319
-0.114925
-0.82607
-0.399032
0.0381394
1.1502
0.142682
0.453309
1.01137
0.649792
-0.864626
0.495055
1.07303
-0.65352
0.276593
0.0915242
-0.407863
0.248183
-0.33721
0.0285672
-1.15895
0.644481
0.429746
-0.115282
-0.0697769
-0.195602
0.954772
-0.754951
-0.937653
0.155627
0.513947
-0.284801
-0.0438941
0.282371
-0.140153
0.00125469
0.184643
0.37055
0.36744
-0.276642
-0.0633539
1.19179
-0.692963
-0.384307
-0.0664022
-0.49673
-1.22939
-0.629027
0.219355
0.582967
0.0651391
-0.119053
1.22886
-0.676827
-0.160392
0.0665919
-0.128193
-0.526619
-0.268194
0.0294406
0.524137
-0.137762
-1.40417
0.34537
0.517538
-0.0376154
-1.27149
-0.552302
-1.17501
-0.164346
0.502759
-0.592235
-0.421498
-0.00143812
-0.353839
0.264611
0.0438071
0.510436
0.305115
-0.346965
0.684877
0.740469
-0.154866
0.920064
0.15913
0.217422
-0.606248
0.579775
-0.127241
0.0439764
-1.31887
-1.21118
0.108996
-0.157403
-0.774846
1.47965
-0.693263
0.0322284
-0.368748
-0.306149
0.604969
-1.05989
-0.376383
-0.14873
-0.231365
-0.277261
0.161212
0.977861
-0.0806575
-0.933733
0.227628
0.203098
0.87297
0.440224
-0.563338
-0.346839
0.196734
-0.105821
-0.941564
0.728066
-0.505642
0.681945
0.159665
-1.31269
0.851667
-0.736963
-0.243936
-0.412574
0.239011
-0.699957
1.11242
-0.252471
-0.493216
0.566216
0.535002
0.392348
-0.132277
-1.46913
-0.613347
0.957547
-0.783876
0.556604
0.780378
-0.518126
-0.0993404
1.12772
0.0169027
-0.220887
-0.367288
0.702456
-0.0608001
-0.293703
-1.39086
-1.63217
-0.487032
0.301946
0.312845
0.191716
-0.352529
0.536777
-0.262296
0.117183
2.06559
0.367906
-0.33878
0.618963
-0.945415
-0.487088
0.5226
-0.356179
-0.0161163
-0.725288
0.33781
-0.778284
-0.111098
0.221339
-0.770362
0.65362
0.211916
-0.732231
-0.331532
0.356481
-0.507257
0.264875
0.0465735
0.656219
-1.04508
0.10001
0.637417
0.224036
0.0599438
0.577053
0.123658
0.399788
0.217163
-0.0316308
-0.202158
-0.302485
-0.293905
-0.656563
-0.0209942
1.33219
-0.4902
-0.403289
0.470981
0.500396
-0.422923
-0.702814
-0.279176
-0.717822
-0.672777
0.477509
0.447152
0.483255
1.01456
0.51511
-0.277686
0.000696554
0.438715
-0.523263
-1.168
-0.0473689
-0.29188
-0.487803
0.0295509
1.21632
0.809519
-0.000535377
-0.516257
0.239435
-0.103589
-0.866989
-0.743916
0.931193
-0.298489
0.433397
0.267707
-0.413858
-0.524912
0.51344
0.199775
0.377404
1.0077
0.3438
0.37446
1.39961
1.08613
0.965389
0.172417
-0.472415
-0.591184
-0.234428
0.528518
-0.0973038
-0.152254
-0.312315
0.660187
-1.04125
-1.09677
0.270576
-0.100114
-1.29585
0.310354
0.68408
-0.589583
0.240364
-0.635735
-1.37469
0.261136
0.796276
0.74144
-0.489043
-0.0903115
0.133977
0.576641
-0.395066
1.26865
0.469998
-0.219012
-0.958025
-0.842783
-0.556166
-0.147808
-1.57475
-0.870064
-0.0659683
0.131237
-0.413561
0.0282425
0.379801
0.407215
0.695382
0.225005
-0.158697
0.481225
0.432821
-0.27584
0.387389
1.05146
-0.331784
-1.32854
-0.23711
-0.0939916
-0.416047
0.0566094
0.56614
-0.00541803
1.32381
-0.784306
0.520468
-0.381501
-0.46102
-0.473391
-0.471578
0.660378
-0.937376
-0.226865
0.0995165
0.522702
0.433724
0.799849
0.367664
-0.683151
1.17657
0.430372
0.340168
-0.666748
-0.196783
0.849352
0.128079
0.151735
-0.689857
-0.320198
-0.303613
0.646185
0.157103
0.849254
0.953506
0.00572225
0.00581915
0.104261
0.865384
0.314121
-0.0956581
-0.417282
0.189703
0.370157
0.258028
-0.662225
0.45958
-0.345564
-0.0773505
0.494828
0.247833
1.2164
0.682403
0.698311
-0.830707
-0.260358
1.13058
0.56348
-0.410594
0.700081
-0.634405
-0.819418
-0.505675
0.339165
-1.0752
-0.29405
-0.334845
0.592577
0.76351
1.05259
0.337274
-0.455681
-1.21885
1.13591
0.0747941
-0.874685
-0.871356
-0.977104
-0.41463
-0.13067
-0.124051
0.222057
0.268123
0.624691
0.169143
-0.240587
0.494181
0.250214
0.182528
0.0236484
-0.555708
-0.208752
-0.633821
0.732387
0.356709
0.719982
0.0831734
0.710513
0.786185
-0.91872
-0.308589
-0.490581
-0.693817
-0.013411
-1.32735
1.00313
0.32821
0.543935
-0.21629
-0.34298
0.849599
-0.0938516
0.720493
0.067903
-0.444074
-0.597218
-0.102101
-0.147729
0.267626
0.629383
-1.03123
-0.121941
0.246787
-0.770509
0.45567
-1.28319
-0.0521429
-0.359358
-0.721931
-0.19674
-0.661577
0.156669
0.838331
-1.1091
-0.511117
-0.320143
-0.364825
-0.369867
0.732308
-0.810523
0.210508
-0.0175328
-0.792355
-0.793602
0.487503
-0.517552
0.493964
-0.414058
0.143998
-0.699078
0.738457
0.0679861
-0.0494837
0.647234
-0.635445
-0.839437
1.27791
-0.438269
0.247565
0.367102
0.259522
0.241716
0.222792
0.457612
0.725169
0.280722
0.261755
0.0507698
0.191405
0.89781
-0.485162
-1.18642
-0.744101
-0.254186
1.05728
0.433114
-0.294501
-0.181001
-0.142632
0.0799034
-0.930787
0.0708435
-0.568238
-0.237954
1.00701
-0.578309
-0.191966
0.148947
-0.0234211
0.126861
-0.509704
-0.3004
-0.4342
-0.0641759
-0.119046
0.0672805
0.580664
-0.685067
0.721155
-0.0326292
0.269751
0.310467
-0.633192
0.598466
0.680207
-0.0621906
-0.34047
-0.784428
0.0292014
-0.517655
-0.43184
-0.616548
0.687118
0.487265
0.928627
-1.09154
-0.92407
-0.946966
-0.51367
0.288157
0.109498
-0.370111
-0.795158
0.824169
0.461281
0.265346
0.0341757
0.147699
0.402717
-0.931124
0.415255
-0.831464
0.251403
0.565036
0.109871
-0.723271
1.12922
-0.785737
-0.678242
1.18247
-0.72091
1.11633
-0.178595
0.55351
0.383211
0.334701
-0.669266
0.773782
-0.177902
-0.358547
-0.466246
-0.537558
-0.234232
-0.209326
0.00512986
0.401175
-0.00151612
0.586578
1.23416
0.267063
0.254382
-0.256815
-0.701707
-0.52413
-0.148599
-0.416118
-1.02492
-0.401416
0.27632
0.632576
-0.344978
0.440431
-1.36093
1.28557
-0.862242
0.0181783
0.282208
-0.184734
-0.336753
0.0537745
1.38431
-0.480218
-0.360536
-0.839654
0.469923
-0.523875
-0.715053
0.687557
0.434437
0.906184
0.450823
-0.870778
0.269934
0.226389
-0.50214
-1.55126
-0.228465
-0.0265001
0.753371
-0.664182
0.40434
1.19301
0.785337
-0.605237
0.0275389
0.543273
-0.669986
-1.07686
0.221447
0.774949
0.745543
-0.174455
0.182476
0.845447
-0.538854
-0.67568
0.218738
-0.540229
0.0431225
-0.576153
1.11095
0.158848
1.12113
0.595628
-0.189145
-0.0942346
-0.201521
-1.15831
-0.504317
-0.946572
-0.425849
-0.393151
-1.04687
0.543485
0.712909
0.0604651
1.05765
0.239641
0.109329
-0.636489
-0.195563
-0.41824
0.775593
0.480467
-0.481277
-0.131175
0.0531499
-0.317036
-0.268591
0.475314
0.00591207
0.313501
0.276117
-0.328952
0.127316
0.70211
-0.28499
0.360037
0.211774
-0.221198
-0.488471
0.786337
0.190327
1.01995
-0.888823
-0.51584
0.398213
-1.41071
-0.111134
-0.355355
-0.766048
0.27304
-0.48739
0.516153
-0.443476
0.105677
0.328818
-0.874786
0.645272
0.344488
-0.609086
0.755147
0.233102
-0.163384
0.0121341
-0.417236
0.478703
-1.05239
-0.26216
0.355053
-0.0174163
0.307185
0.974878
0.672777
0.316057
0.832735
0.203568
-0.876461
0.390991
-0.535682
-0.0958485
-0.278078
-0.586689
0.0447959
0.319111
-0.843107
-0.163037
0.354381
0.770706
0.72647
0.334099
0.172432
-0.0741792
0.901091
-0.749094
0.234683
-0.884397
-0.0778313
-0.23621
0.896935
-0.333273
-0.564477
0.116063
0.38593
0.840513
0.930219
0.773799
-0.188929
1.16913
-0.110251
-1.03983
-0.389371
0.0426469
0.436944
0.898125
-1.13935
-0.469164
-0.0262347
0.269529
0.629096
-0.162333
-0.168659
0.184538
-0.202492
1.16949
0.962315
0.42635
-0.826254
-0.502077
-0.152848
0.255019
0.35394
0.0324707
-0.0826567
0.0991993
-0.398586
0.371337
-0.295847
-0.339378
-0.542426
0.576664
-0.3697
0.0771282
1.02636
0.19433
-0.173598
0.856929
-0.60476
-0.686424
-0.15663
0.0798442
-0.585205
0.548917
-0.107522
0.445535
0.7776
0.0114856
-0.177413
0.0234256
0.40943
-0.101222
-0.456326
0.105417
0.138334
-0.23988
0.401491
0.21993
0.629936
0.660664
0.561897
-0.152826
0.666096
0.460376
0.678431
0.340862
0.106862
0.13318
-0.197238
-0.014899
-0.840785
0.865175
0.968561
-0.417407
0.148254
-0.479697
-0.617966
-1.04026
0.857941
-0.143631
-0.330871
-0.754308
0.419161
0.207719
-0.0248462
0.0420747
0.28987
1.03353
-0.265675
-0.019254
-0.363725
-0.136409
-0.51227
0.695367
-0.662165
-0.0775892
0.0291574
0.766035
-0.471513
-0.372341
0.430646
0.872019
-0.330062
-0.86365
0.32387
-0.349495
0.0764956
-0.281826
0.0665216
-1.06393
-0.0752966
-0.0534884
-0.431864
-0.20916
-0.0327555
-0.49618
1.38167
0.137407
0.533494
1.03486
-0.253225
0.222785
-0.945831
-1.27276
-0.650198
-1.1214
0.106859
-0.541646
-0.0417797
-0.212601
-0.44016
0.391072
-0.241876
-0.607513
-0.155816
0.197019
-0.331447
0.444284
-0.462113
-0.608479
0.228392
0.909954
-0.108108
-0.706618
-0.650341
-0.0948971
-0.810013
0.0614092
-0.947422
0.828424
0.138807
-0.275744
0.189385
-0.429563
-0.283103
-0.487191
0.750263
0.599308
-0.834107
1.12233
-0.38379
0.527713
0.183553
0.239234
-0.622937
-1.0591
0.826127
0.42027
0.283067
0.146849
-0.628955
-0.348333
-0.64785
-0.214724
0.0889869
0.06298
-0.589254
-0.247467
-0.473958
0.00699735
-0.755333
-0.645147
-0.3199
-0.0129769
-0.641926
-0.684404
-0.188877
-0.679916
-1.41989
1.14446
0.828491
0.836678
-0.770668
0.167904
0.349098
0.245384
0.132266
2.11521
-0.90567
-0.229231
0.647945
0.0356705
-0.188456
-0.315697
0.203033
-0.273478
0.427318
0.117518
-0.0980062
0.345546
0.225849
0.880287
-0.177478
-0.31375
0.300752
0.0291452
1.01269
1.50574
-0.883231
0.315033
0.00749047
-0.878735
0.507792
0.00242211
0.506465
0.0197191
-0.0486628
0.579522
-0.320234
-1.03257
0.550475
-0.283667
-0.128052
0.037661
-0.286823
0.0464129
-0.483532
1.78417
-0.653766
-1.21038
0.259174
0.29247
-0.0724453
-0.470751
-0.913178
-0.0513413
-0.0533897
0.806661
-0.187087
0.760553
-0.848606
-0.717402
-0.667712
0.446358
-0.292154
0.261855
-0.373458
-0.0100948
0.593359
-0.443443
-0.137275
0.0586035
-0.0987042
-0.494249
0.0280949
-0.376888
0.12346
-1.38813
-0.778408
-0.774926
-0.795843
-1.30399
1.0136
0.0242333
0.190077
0.430182
-0.308974
-0.330773
-0.482711
-0.255459
0.760733
0.971008
-0.440523
1.37581
-0.433652
0.836941
0.630212
0.0882739
-0.103882
0.916595
1.58954
-0.567132
-1.32638
-0.245437
-0.0462244
-0.679914
0.0435047
0.351973
-0.669376
-0.227787
0.0967007
-0.803197
-0.993162
0.285243
-0.58125
-0.00526231
1.30374
-0.557911
0.231218
0.716628
0.257539
1.39955
0.320771
1.41077
-0.557932
-0.0264211
-0.904447
1.10098
0.250831
-0.513463
-0.388643
-1.01387
0.646006
-1.05577
-0.556143
-0.0756327
1.70235
0.90176
0.614047
0.455158
-0.10936
-0.689042
-0.887685
-0.0369128
0.647829
0.604608
-0.132888
0.313092
-0.104871
-1.57776
-0.352001
0.870215
1.07441
-0.106153
0.0525013
0.165209
-0.0607011
-0.199146
1.25295
-0.396381
0.8369
1.31651
0.477087
-0.669077
-0.216204
-0.121256
-0.0701136
-0.149109
0.668255
0.607759
-0.584471
0.160176
0.212444
0.534169
0.849583
-0.479391
-0.6005
-0.716529
0.887014
-0.114964
-0.389615
-0.250466
-0.0976301
-0.548002
0.202616
-0.0715508
0.201601
0.525321
-0.568582
0.0133217
0.769342
-0.0769006
-0.0438846
0.142692
0.466142
-0.596975
-0.322614
-0.751024
0.302141
-0.51635
0.791951
0.249564
-0.27199
-0.0278832
-0.343183
-0.941564
-0.330539
-0.164885
0.644735
-0.708511
0.967665
-0.0756615
-0.329291
-0.327122
-0.317968
-0.272344
-1.65944
-0.716104
-0.0921022
-0.0589606
0.376694
-0.9323
-0.758449
0.0136404
0.194486
0.324386
-1.11357
0.0519972
1.04132
0.379314
-0.382756
-0.795007
-0.124269
0.331713
0.0389973
0.195997
0.109829
0.413199
0.810003
0.89972
0.507185
0.690793
-0.596377
0.103242
-0.419006
-0.277835
0.0779265
0.186535
-0.301173
-0.231534
-0.255722
-0.76601
0.0929773
-0.613827
0.42282
-0.339611
-0.562447
0.310893
0.37109
1.00043
0.248669
-0.318822
-0.651333
1.46086
-1.13728
0.724159
0.0217595
-0.325955
-0.682829
0.621705
-0.3053
1.18818
-0.654355
-0.508107
0.394325
-0.770931
0.429581
-0.0943036
-1.33977
-0.88061
0.174901
-0.579656
0.424274
0.103921
0.805901
-0.000576271
0.410545
0.436818
-0.452005
1.041
-0.149684
0.470688
0.129968
0.940128
0.341315
1.03631
-0.87814
0.113
-0.235077
0.273573
-0.0902485
-0.182941
0.273738
0.585894
0.620575
0.0912536
-0.757474
0.850206
0.523679
-0.384512
-0.367157
-0.352308
-0.154766
-0.195375
0.0119
-0.108666
-0.0654321
-0.287296
0.0756417
0.272935
0.779037
-0.321656
-0.547417
0.518299
-0.781315
-0.071671
-0.0437994
-1.04614
-0.407705
0.0196168
-0.70828
0.566253
-0.353337
-0.212349
1.08438
1.05226
-0.597987
0.170339
0.107825
1.14148
-0.325978
-0.310786
0.318551
0.279326
-0.124519
-0.0422573
-0.201846
0.198139
1.29196
-0.340132
-0.0959281
0.345301
-0.30671
-0.0645923
-0.848386
-0.471004
-0.608569
0.528055
-0.0696073
-0.601997
0.956104
0.114185
-0.0843666
-0.168402
-0.181848
-0.420749
-0.0265262
-0.170434
-0.475259
-0.86213
1.04121
-0.431359
0.314183
0.443307
0.182985
0.661086
1.28485
-0.0798541
0.504709
-0.629853
0.0820288
0.00424652
0.78474
0.794388
-0.740021
0.708971
-0.328479
-0.595693
-0.314547
0.0614245
-0.0468948
-0.718299
1.34644
0.243881
0.598991
0.84341
0.801309
0.155468
0.698612
0.749241
-0.389643
1.31995
1.08714
-0.443689
0.171927
0.590944
-0.192498
-0.0404125
0.233745
1.45491
-0.471197
-0.289949
-0.898539
0.214926
-0.058125
-0.715938
-0.576277
-0.85559
1.00043
-0.608324
-0.182604
0.441672
-0.752662
0.749081
-0.0437698
1.26339
0.472102
0.326232
0.752209
-0.852882
0.375892
-1.12119
0.861056
0.750042
0.525492
-0.332442
-0.762481
0.57847
-0.508709
1.00338
-0.0346504
-0.338961
-0.298795
-0.897156
1.49536
0.552379
-0.210538
-0.508538
0.23369
0.39762
0.761991
1.05015
-0.669388
0.0679587
0.338486
-0.188652
-0.241918
0.2736
0.297403
-0.313323
0.649529
1.50088
0.24709
-0.664007
-0.901706
0.364217
0.0903172
0.340314
-0.700928
0.487762
0.356533
0.89281
0.736235
0.727498
-0.35146
-0.446438
1.00362
0.243532
-0.135176
0.512133
-0.799543
0.139234
0.266302
0.382385
0.372515
0.540268
0.521756
0.210964
0.347183
-1.38484
-0.0928713
0.881743
0.0276906
0.535134
0.755995
-0.131172
0.531064
0.181433
1.96729
0.429599
-0.958158
-0.456573
0.921306
-1.1754
0.264612
1.05372
0.361055
0.287557
-0.331638
-0.115301
1.29533
-0.159254
0.535841
-0.928023
0.464909
0.592426
-0.325073
0.169362
0.232626
1.01093
-0.169174
-0.56399
0.0161676
-1.34749
0.374916
-0.587381
-0.397019
0.262547
0.867632
-0.305977
-0.643907
0.255288
-0.0597885
0.583063
-0.425722
-0.488006
-0.0740062
0.839886
0.468351
0.688499
-0.329516
-0.337076
1.05011
0.0212716
-0.643931
0.226308
-0.139524
0.407097
0.448558
0.404627
0.0213268
2.26608
0.745449
0.252679
0.00441845
0.445429
-0.8165
-1.119
-1.07019
0.378729
-0.741167
0.850213
0.235171
-1.09105
0.135805
0.840787
0.167655
0.227708
-0.364299
0.322117
0.276574
0.0577553
-0.359457
-0.633302
1.0724
-0.376728
-0.327677
-0.165572
-0.571188
-0.413682
0.131291
0.273632
1.38991
0.147852
0.00462101
1.65983
0.0733554
0.108832
-0.167407
-0.358445
-0.111823
0.0408405
-1.4126
0.15944
-0.206574
-0.279269
-0.913425
-0.811895
-0.735741
0.335435
-0.999783
0.0272458
-0.104562
0.595486
1.07145
0.184912
-0.00684396
0.426595
1.1298
0.413852
-1.44503
-0.124254
-0.627117
0.12249
0.952846
-0.107999
-0.41827
0.328386
0.434255
0.820483
0.129991
1.03102
0.440299
0.587887
1.11885
0.942634
-0.668158
0.405837
1.78292
-0.190256
-0.780588
-0.536803
0.520097
-0.603526
0.684005
0.199928
-0.349003
-1.78404
-0.69078
-0.480738
0.348542
-0.505252
0.908907
-0.504464
-0.437642
0.79209
-0.261574
-0.206224
-0.503294
-0.131515
-0.673329
0.291229
-0.611428
-1.05986
-0.451749
0.12546
0.623997
-1.23015
-1.1123
0.0612133
-0.0551586
0.761387
-0.177567
-0.760079
-0.00808506
0.207067
-0.941447
-0.0392011
1.47096
0.304306
0.927161
0.106508
-0.0338977
-1.0422
-0.568467
-0.865103
0.167347
0.350617
0.603892
0.278186
0.486286
-0.0618259
-0.750351
0.580885
0.95046
0.465696
0.31151
0.625655
0.709798
-0.0476165
-5.50967e-05
-0.640956
-0.14773
0.239392
-0.00412826
0.0799781
0.105572
-0.179491
0.712839
0.183124
-0.238464
0.366681
0.192302
-0.733601
-0.0790711
-0.0592975
0.757285
-0.526021
-0.512501
-1.01443
-0.32998
-0.190855
1.15243
0.451669
1.16604
-0.748429
-0.294333
0.543539
-0.00854688
0.544212
0.356017
-0.372452
0.118492
-0.244436
-0.473692
0.113369
0.698556
-0.763603
0.506353
-0.4164
0.126863
0.804569
0.902831
0.660309
0.305724
0.160352
-0.283774
0.193413
0.302115
-0.156863
-1.70088
-0.553382
-0.303371
-1.18902
-0.433271
-0.63673
1.02556
0.13625
0.260166
0.136691
0.229163
-0.446501
-0.385631
-0.347033
0.560025
-0.0270071
0.739706
-0.170214
0.820171
0.0376457
0.194542
-0.0234659
0.277339
-1.08325
-0.981891
0.627433
-0.367217
-0.241546
-0.510562
0.196664
-0.553355
-0.0101343
0.20111
-0.538121
-0.554435
-0.212461
0.174554
1.07357
0.410762
-0.158001
-0.104186
0.923054
0.720977
-0.0235678
-1.08849
0.166938
0.308033
-0.0657824
0.827902
0.326941
-0.150861
-0.164745
-0.0037551
0.28203
-0.759829
-0.89986
-1.17435
0.454997
0.0896493
0.734605
-0.0928344
0.185575
0.0767844
-0.87432
-0.965657
0.536318
-0.762582
0.142276
-0.814026
-0.728676
-0.483871
-0.199784
-0.420336
0.444446
-0.551564
-0.00786137
-0.528642
-0.119112
-1.04335
0.12647
-0.608659
-0.398259
-0.00878061
-0.160461
-0.0756594
-0.250099
0.275247
0.321067
0.528768
-0.0774693
0.781536
0.25278
0.800034
0.45622
-0.207052
0.0742502
0.394229
0.276431
-0.652922
0.0280411
-0.0696368
0.510382
0.0517029
-0.0491457
1.00377
0.581239
0.170426
-0.524678
0.357375
0.510596
0.552215
-0.690757
-0.130495
-0.529542
-0.747725
-0.124158
-0.456357
-0.745818
0.221817
0.420014
1.04041
0.803416
0.704668
0.942519
1.14174
-0.691366
-0.223185
0.0398316
0.0819752
-0.979538
-0.383894
0.715135
0.644178
1.22262
-0.728269
0.225008
-0.195488
-0.456931
1.10009
0.236612
-0.223752
0.218072
-0.783732
1.07172
0.230798
-1.30659
-0.554162
0.990819
0.734074
-0.0176467
-1.42625
-0.669442
-0.25655
-0.310986
0.592677
1.0047
-0.620491
-0.0832809
0.332179
-0.426331
-0.739734
0.0300602
0.412239
-0.974604
-0.567789
0.0352824
-0.291093
-0.105682
-0.533181
-0.218794
-0.673991
0.558255
0.447123
-0.480199
0.720573
0.00999144
-0.288995
0.335118
0.15723
0.244754
0.740332
-0.752405
0.150843
0.0540934
0.278452
0.0747824
-0.0652903
-0.419028
-0.140651
0.931791
0.140456
0.451639
0.70778
0.641848
-0.325894
0.902279
0.347574
0.570053
0.159655
-0.411119
0.184402
0.681619
0.0296792
0.481397
-0.355182
0.570723
0.329136
-0.701277
1.20177
-0.747712
0.266894
0.463921
-0.422775
0.525728
-0.157627
-0.217953
1.02049
-0.0728794
0.754549
-0.252923
-0.985568
-0.914629
0.186812
-0.296736
0.278473
-0.917667
-1.39591
-0.585918
0.306887
-0.0350657
0.73629
-0.238585
0.384533
1.30469
-0.833695
0.818912
0.307899
1.37066
0.738942
-0.0957567
-1.622
1.24608
-0.509575
-1.31252
0.0287017
0.539163
-0.79469
0.0986859
0.476256
0.725259
-0.296157
0.155382
-0.641183
-0.842163
0.218894
0.35755
0.690556
-1.24441
0.340085
-0.735138
-0.785059
-0.322102
-0.649463
-0.288028
0.501138
-0.180119
0.0713884
-0.380655
0.588138
-0.181
-0.425496
0.486642
-0.870173
-0.0367718
-0.416617
0.347823
0.0937459
0.103503
-0.377676
0.760097
-0.468039
0.0774828
0.546862
0.00844976
0.476509
-0.276841
0.704371
-0.21497
-0.277573
0.189941
0.171853
0.0592202
0.0576593
-0.398504
0.33415
-0.583628
0.0445444
1.28693
-0.177606
-0.477714
0.671691
-0.650966
0.0846305
-0.518103
-0.359861
0.408504
-0.25765
0.224483
-1.53202
-0.004877
1.18795
-0.0860385
0.114891
-0.50325
-0.0681689
0.263947
-0.52049
-0.633272
-0.40312
-0.75708
-0.127453
0.19071
0.444126
0.577695
0.301218
0.162426
0.794282
-0.855242
-0.256355
0.176291
0.677495
0.130896
0.257832
0.0491108
0.0984884
-0.242042
0.141314
-0.393252
-0.810925
0.344953
0.852741
-0.946536
0.761305
-0.412922
0.631385
-0.431739
-0.0485457
-0.363425
-0.230516
-1.38175
-0.110931
1.08734
-1.65865
0.537206
1.23975
-0.0713356
-0.42137
-0.238821
-1.76379
0.272427
-0.708562
0.669674
0.905394
-0.3092
0.684371
-0.236756
0.299823
1.18783
-0.492787
0.811679
-0.304006
-0.706959
-0.334763
-0.11657
-0.147937
0.337049
0.144143
0.648018
0.610321
-0.583212
0.113977
-0.752048
-0.847214
0.526436
0.757553
-0.243566
-0.49065
-0.462583
0.306452
-0.230306
-0.0489575
-0.251362
-0.0290075
-1.11942
-0.888609
-0.39765
0.0449838
0.394853
0.610991
0.445102
0.446602
0.741749
0.45538
-0.223239
-0.1486
-0.267082
-0.0282024
0.84414
0.274646
-0.893428
0.696456
-0.545968
1.03866
-0.273987
-0.153666
-1.07248
0.0856562
1.11281
0.264287
-0.879887
-0.714051
-0.982011
1.10933
0.00204974
0.980563
0.572059
0.640955
0.615102
0.00457877
0.181896
-0.132697
-0.461712
-0.248335
-0.582127
0.237157
-1.36297
-0.308707
1.22782
-0.707692
-0.519101
1.11746
-0.757261
-0.404711
-0.393692
-0.376088
-0.53276
-0.168453
-0.670153
-0.452374
-0.151766
-0.390648
1.40704
-0.868909
-0.0726226
0.125468
-0.426983
0.534745
0.310303
0.107767
-0.219815
-0.181172
0.136198
-0.472993
-0.141202
0.276497
-0.381577
0.470518
0.144138
0.39595
0.251487
-0.567995
-0.218007
0.858251
-0.493657
-0.244788
0.421485
-1.68311
0.410501
0.433057
-0.532968
0.484208
0.483785
-0.297237
0.422692
-0.405886
-0.0764688
0.427974
-0.0827626
0.711702
0.718178
0.00414625
0.249961
-0.656414
-0.979036
-0.105871
0.157208
-0.166278
-0.616416
0.889258
0.346965
0.162483
-0.0482258
-0.441969
0.146866
-0.607702
0.44834
0.338103
0.616866
-0.0943222
-0.182672
-0.271656
0.505804
-0.0497998
0.357155
1.30709
-0.765472
-0.46027
-0.773477
0.6825
-0.868622
-0.0238124
-0.346226
-0.230008
-0.331768
0.20062
-0.425782
-0.500412
0.565066
-0.0088217
-0.314509
0.331186
-0.285101
-0.884738
1.05986
-0.232953
1.22251
0.84738
-0.576491
-0.445872
0.896729
0.274598
0.0382302
-0.177729
-0.149749
-0.537625
-0.498444
-0.137494
-0.510613
0.313881
-0.393457
1.61581
-0.015968
-0.762143
0.00184564
-0.334191
-0.6029
-0.407624
1.57402
0.448038
0.186781
0.323433
-1.28462
0.70065
-0.472058
0.18834
-0.297159
-0.699132
0.244692
0.39078
0.0501932
0.0488205
0.334963
0.00869907
-0.206421
0.232939
-1.48818
-0.440009
0.597285
0.0237321
0.7162
-0.199301
0.0328793
0.371183
0.155027
-0.0965881
0.41947
0.31362
1.38095
-0.822934
0.723422
0.371343
0.498151
1.06242
0.322541
-1.82622
-0.479463
0.0114813
0.0998717
-0.614785
1.12418
-0.363943
-0.0945193
-0.988331
-0.0717896
0.646162
0.599656
0.217946
0.31073
0.644266
-0.893111
-0.608171
0.0232918
-0.185889
-0.582945
0.199201
-0.48298
-0.187202
-0.177511
-1.28061
-0.0561656
0.0645287
0.257727
-0.264668
0.561018
-0.122556
-0.388465
-0.36021
-0.557546
-0.515127
0.192144
-0.138334
-0.260139
-0.139668
0.747117
0.0544674
-0.127586
1.02709
0.552699
-0.437594
0.0582457
0.0655052
-0.546879
-0.0228462
-0.404406
0.289459
-0.229484
0.347515
0.595918
-0.6604
0.523068
1.77063
