0.0174512
-0.144198
-0.542357
0.0785178
-0.197402
-0.359006
-0.967377
-0.305998
0.164784
-0.0904292
-0.628153
-0.268492
0.24145
-0.851244
-0.115042
-0.673493
0.463775
0.526417
0.0752668
0.359005
0.369104
0.146469
-0.285972
-0.217454
1.08537
-0.649143
-1.17785
-0.810511
-0.699938
-0.43782
0.425229
0.350206
0.359913
-0.0576741
0.522006
0.148208
-0.977701
0.669246
-0.707981
-0.0876872
0.153286
-0.094295
0.119954
-0.230644
-0.246018
-0.765021
0.803967
-1.13695
0.0328596
-0.142494
0.105346
0.568281
1.09863
-0.513346
-0.349597
-1.10679
0.237723
0.653498
0.50509
0.472893
0.178222
-0.263976
0.0676133
-0.143716
0.459557
-0.00769583
0.30463
-1.01759
-0.00956574
-0.696844
-0.248031
0.97864
-0.98324
-0.122448
0.458877
-0.126829
0.138091
1.08062
-0.258202
0.565531
0.544677
-1.3303
1.27976
-0.49693
0.362326
0.133506
0.294565
-0.299555
0.577765
0.564134
-0.244532
-0.181089
0.670566
0.411696
-0.410155
0.620065
-0.712081
0.768727
0.948818
-0.407667
-0.19972
0.737476
-0.284827
0.323742
0.791068
0.298813
-0.825038
0.0112675
-0.982377
0.323024
0.225738
0.683042
0.169642
1.01551
-0.039871
0.41956
-0.275513
0.0688783
0.977963
0.682188
0.198369
0.017475
-0.74521
0.404421
1.03351
-0.487045
-0.453676
0.426364
0.259818
0.817865
-0.138541
-0.100058
-0.352865
-0.0885985
0.456732
0.414662
-0.363273
1.19384
-0.524962
0.561872
-0.428313
-0.646076
-0.177213
-0.471262
-0.610256
-0.886541
-0.521687
0.685284
-0.8912
0.406831
0.860658
0.432864
-0.311779
-0.00386773
-1.34716
-0.745817
-0.0888033
0.335741
0.916227
0.558231
0.237054
0.0893925
0.583708
-0.329529
0.43442
0.312656
0.0618114
-0.356287
1.23854
-1.36765
-0.419225
0.581705
-0.607861
0.518873
0.155876
0.571604
0.599548
1.0304
0.343724
-0.168832
-0.658263
0.676994
-0.649403
-0.0190845
0.156574
0.15108
0.0135737
0.114521
0.325617
0.819955
-0.27182
0.409572
-0.440098
-0.635374
-0.0936655
-0.59922
-0.257879
-0.317799
0.681049
-0.98654
1.34209
-0.243598
-0.144309
0.556489
0.401547
-0.398832
0.145405
-0.00342977
0.764729
0.371449
0.505739
-0.736961
0.568867
0.50916
0.773865
0.61047
0.919529
0.284831
-0.0340966
0.0301314
0.0178682
0.552295
0.974458
-0.317745
-0.830811
-0.738843
-0.79104
0.165602
0.216834
-0.242903
-0.220083
-1.08725
-0.437874
0.162884
-0.107909
-0.126731
0.21559
0.988477
0.862229
-0.314979
-0.370384
0.272817
0.289367
-0.647674
-0.12242
0.553123
-0.143805
-0.182456
1.37407
-0.0881292
-0.457704
-0.487303
0.522656
-0.898347
0.828959
0.217617
0.181966
0.0867748
1.42113
0.20821
0.482408
-0.988683
-0.29975
0.452601
-1.03349
0.691502
0.318338
-0.668559
0.757504
-0.502739
-0.307219
-0.162608
-0.736994
-1.52835
1.22345
0.248369
0.101615
-0.208198
0.75132
0.82444
0.673239
0.74469
-1.45165
-0.326448
-0.833127
-0.0111556
-0.622533
-0.00640686
0.899207
-1.15263
0.202911
1.2557
0.475549
0.762852
0.425803
-0.841805
-0.23564
-0.584211
0.0418168
-0.000434325
1.60469
1.01397
0.329192
0.404567
-0.860678
0.0190836
-0.445425
-0.468027
-0.488062
-0.23276
-0.00349689
-0.298065
0.548779
0.721856
-0.054445
-0.65682
-0.26765
0.26696
0.723334
-1.47957
0.61302
-0.5336
-0.0558038
0.694648
-0.430005
-0.114546
-0.329308
0.787625
-0.760368
1.31184
0.970427
0.476292
-0.223024
0.752236
-0.337932
0.96985
-0.314535
-0.00900232
0.602053
1.20428
-0.0525261
-0.320388
0.877233
-0.0633109
-0.644562
-0.535148
0.408835
-0.107085
0.82414
-0.524414
0.562597
0.390936
0.623734
-0.485197
-0.304171
0.838233
1.08633
1.68714
-0.848295
-0.060508
-0.0143953
0.105193
0.578034
-0.129331
0.052983
-1.1052
-0.0797706
-0.0844735
-0.332975
0.0263016
0.638381
0.477656
-0.67378
-0.00400601
0.0832724
-0.34028
-0.613682
0.448539
0.350069
0.282914
0.33548
0.61283
-0.237792
0.170813
0.536786
-0.0471005
-0.240799
-0.344082
0.251321
-0.355534
-0.402065
-0.295187
1.16086
0.754617
-1.14573
0.644691
-0.745084
-0.346881
-0.380236
0.219201
1.41674
0.864738
0.0590777
-0.380765
-0.0988918
-0.042824
0.828013
0.774184
0.427021
0.236313
0.492532
-0.0326983
-1.262
-0.18534
0.155037
0.615241
0.47476
-0.940838
0.926045
-0.183319
-0.426769
-0.766219
-1.41337
-0.764114
-0.178057
1.53077
0.279921
-0.577372
-0.538552
0.14247
0.195011
0.636984
-0.667386
0.702642
0.506198
-0.578243
-1.31759
-0.987911
0.903873
0.160595
-0.437195
0.33731
-0.250585
1.07887
0.531129
-0.430616
0.402262
-0.0524047
-0.283272
-0.554066
0.155688
0.106348
-0.411008
0.525701
0.659844
1.04081
-0.40519
-0.692621
1.08532
-1.11632
-1.21158
0.790043
-0.179886
-0.934776
-0.523108
0.159333
0.67222
-0.347065
0.635015
1.26035
-0.80687
0.110548
0.310025
1.60837
-0.385452
-0.412452
-0.174552
-0.191887
-0.297932
0.323105
-0.0861538
-0.759363
-0.0153691
-0.310018
0.23271
-0.200617
0.848844
-0.232781
0.356669
0.494102
0.229542
-0.0124757
0.611605
-0.749499
0.596927
0.289502
-0.265791
0.280583
-0.384113
-0.193762
0.162836
-1.13402
-0.463635
0.0923018
1.52347
-0.150989
-0.439475
0.133386
0.33002
-0.592091
0.791184
0.298945
-0.0359025
0.159772
-0.545836
-0.1684
-0.568964
-0.270743
-0.485984
1.17002
-0.197489
0.795078
0.93857
-0.769281
0.0823323
-0.15196
-0.00315713
-0.295411
-0.163935
0.435114
0.609294
0.0725808
0.226334
0.0860681
-0.225211
-0.179721
0.433115
-1.98114
0.507905
0.169457
0.634999
-0.0594707
-0.26839
0.225685
0.678164
-0.0497009
-0.40179
-0.273441
0.620141
-0.44294
-0.032443
-1.55719
0.0193028
-0.929935
0.750226
0.0155434
0.495672
-0.174064
-0.283707
-0.118267
-0.0354588
0.981921
-0.311333
-0.504399
-0.143631
0.44177
0.873402
-0.104917
-0.634189
-0.315176
0.260395
0.0987548
-0.273539
-0.883148
-1.11574
-0.0520657
-0.165796
0.00819013
-0.283854
0.905514
-0.164518
0.260419
0.655714
-0.666517
-0.0347077
0.638151
0.0365991
-0.40446
-0.290431
-0.847065
0.523496
-0.0867067
-0.307298
-0.0167619
-1.23904
1.05023
0.0547981
1.49168
0.552945
-0.500496
0.661042
0.324744
-0.0505903
0.965979
-0.590365
-0.126724
0.526306
-0.711739
-0.282373
-0.379722
-0.381271
0.167336
0.506931
0.0286792
0.45568
-0.314497
0.213721
-1.06611
0.571423
0.66926
0.26667
0.284982
0.320074
0.808464
0.406002
0.564971
0.0394116
0.311424
-1.09931
-0.163971
-0.167091
-0.69199
-1.09885
-0.384176
-0.0246923
-0.446091
-0.689047
-0.239149
0.325125
0.282822
-0.814836
0.383436
-1.25754
-0.418845
-0.693835
-0.810795
0.162843
0.364129
-0.231461
-0.141651
0.316247
0.619576
0.496694
0.575693
-0.0652197
0.719835
0.620092
0.126159
-0.77962
-0.856009
-0.811733
-1.69621
-0.589577
-0.713029
-0.787067
0.630973
0.422453
-0.276007
-0.0740188
-0.198972
0.241351
0.0482312
0.296976
0.294605
0.222566
0.263763
-0.0237086
0.320751
0.147233
0.352774
0.897577
0.235707
0.36285
-0.0363863
-0.917358
0.697424
0.693102
0.28242
0.28206
-0.566983
0.732766
-0.625528
-0.428063
-0.240687
-0.31622
0.441133
-0.731039
-0.0977062
0.676261
-0.198077
0.484425
-0.891497
0.408912
0.150284
-0.44433
-0.602622
0.814829
-0.367799
0.513816
0.45048
1.40707
-0.411625
0.264046
-0.463378
-0.174334
-0.28773
-0.277286
0.229302
0.281602
-0.519819
0.271221
0.999209
0.204492
-0.222536
1.07307
0.233179
0.0504768
-0.743794
0.342723
0.17099
0.950817
0.597608
-0.501115
-0.314849
0.0135661
0.0282814
-0.0128345
0.515803
-0.345397
0.198606
-0.0915124
0.118062
-0.256366
0.0780404
-0.818764
-0.100329
0.38626
-0.420568
-1.13156
0.346368
-0.10912
0.36781
-0.634991
0.696616
1.2398
1.53851
0.416723
-0.182623
0.337255
0.654135
-0.313147
-0.0515146
-0.122001
0.52399
-1.17462
-0.656687
0.065347
-0.0749515
0.155585
0.0484392
0.481782
-0.559854
0.0398183
0.0414256
0.0149691
0.7783
-0.303553
-0.166088
0.621005
0.849609
0.149558
-0.659558
-0.360858
-0.556428
-0.132534
-0.329327
-0.0277307
0.625844
-0.434641
0.945107
0.431246
-0.735832
0.823984
0.240034
-0.4512
-0.335291
1.02816
-0.0940125
0.961033
-0.0606032
-0.828848
-0.198295
-0.365383
1.07587
0.0724904
-0.231954
-0.872994
-0.121886
1.25754
0.284257
-0.522041
0.652265
-0.525834
-0.848095
-0.274969
-0.420905
-0.824726
-0.715697
0.0442865
0.917339
-0.0623367
0.99071
0.702114
1.04064
-0.0581073
0.514224
0.9535
-0.359304
-0.54465
-0.811883
-0.0822599
-0.451361
0.49476
0.0748584
0.790145
-0.0228629
-0.603513
0.491385
0.464558
0.416426
0.0691242
0.167947
-0.412021
-0.418306
1.15355
0.128
0.359271
-0.172222
-0.930127
-0.546724
-0.664806
0.562445
-0.284669
1.16096
0.223449
-0.707905
1.23311
-0.987197
0.136786
-0.45749
-0.389662
-0.669921
0.650397
1.14541
-0.0186703
-0.213824
1.35124
0.598833
1.29665
-0.760454
-1.37155
-0.416806
0.882092
1.02353
0.7862
-0.780632
-0.0646583
-0.433624
0.632143
0.0445529
0.304811
0.751414
-0.180418
-0.322881
0.246968
0.233322
0.152507
-0.0703629
0.705574
-0.0674845
0.357714
-0.443805
0.142616
-0.0605485
-0.540238
0.0779942
0.0291873
0.00530776
0.679231
-0.0732136
0.126275
-1.18457
0.0270895
0.209745
0.535593
0.0322698
0.93957
0.410992
0.493695
0.436681
-0.943403
-0.255862
-0.622236
0.131013
0.804448
-1.22117
0.39688
0.539171
-0.42599
0.680648
-0.451413
-0.47167
0.070681
-1.27963
-0.862882
-0.12081
-0.193347
-0.259214
1.07872
0.521719
-1.26055
0.346025
-0.225869
-0.54353
0.260134
-0.719381
0.154689
-0.233011
-0.789275
-0.524281
-0.0825435
-0.484667
0.490207
-0.453218
0.0398176
-0.473851
-0.370126
-0.199048
-0.0991738
0.0842188
0.943703
-0.122488
-0.130473
-0.202842
0.056808
0.66058
-0.424127
1.2244
1.26159
-0.111551
-0.0437873
-1.11077
0.0808402
0.671568
0.383931
1.20288
0.931203
0.237921
1.31822
0.676367
0.232751
-1.26026
-0.230087
0.396875
0.418482
-0.632103
-0.628317
0.737397
-0.0984244
0.27145
0.445775
0.164899
-0.407435
0.616786
0.293351
0.433111
1.20646
-0.126133
1.18937
0.68881
0.0672523
-0.260164
-0.73697
-0.736522
0.404058
0.171816
0.898827
-0.522067
-1.12695
0.642285
0.326668
0.129435
-0.54033
-0.307339
0.533537
0.69483
0.196934
0.0398961
-0.206201
-0.112217
-0.249462
0.886306
0.442713
0.67443
-0.228385
0.517568
0.426417
0.363841
-0.624803
0.616984
-0.0320199
-0.100293
0.227036
0.309758
-0.226328
-0.771827
0.533485
0.287009
-1.02503
0.608216
0.250834
-1.79835
0.327825
0.0979262
-0.914962
1.30317
-0.114622
1.39278
0.0464656
-0.207998
-0.66187
0.238295
0.171152
0.644193
0.0480423
-0.0904573
0.262373
-0.66817
-0.157606
-1.01209
-0.11378
-0.854351
0.0156724
0.290052
0.666699
0.195296
-0.355638
-0.122802
-0.248062
-0.422383
-0.396046
-0.0892777
-0.664507
-0.0508806
-0.325679
-0.720879
0.095183
-0.354533
0.177094
0.153234
0.475054
0.857191
0.153397
-0.126205
-0.414654
-0.217566
1.38462
-0.185623
0.529933
-0.291492
0.852881
-0.0684478
1.04681
0.0682422
0.543073
0.180306
0.219498
0.128581
0.342194
0.26597
0.77268
-1.25098
-0.683945
0.92213
-0.594212
-0.096036
-1.00495
-0.743848
-0.0333841
-0.723802
0.545863
0.268385
-0.282
0.237452
-0.371939
0.565095
-0.451753
-0.260329
1.26241
-0.519248
0.0767639
-0.531426
-0.0491634
0.54415
0.119298
-0.198472
-0.774692
-0.79115
-0.213593
0.175251
-0.282572
0.283125
0.707602
-0.884277
0.0635602
-0.196458
-0.447127
0.32696
-0.757352
-0.910186
-0.595414
-0.641894
0.362112
-0.935875
-0.129077
0.303833
0.221608
0.019397
-0.0223081
-0.506984
-0.0490765
-0.0871088
1.05002
-0.551626
-0.164923
1.0372
0.345205
0.333978
-0.00227274
-0.556239
-0.368658
-0.937085
-0.0356864
0.493216
0.120969
0.37717
0.74978
-0.204122
-0.186105
0.56914
-0.111159
-0.767037
-0.166597
-0.191221
-0.672745
0.336116
-0.494462
-0.403586
-1.49565
-1.1284
0.506675
0.168347
-0.862226
0.145896
0.318774
0.31801
0.945233
1.04381
0.290229
0.600097
-0.42568
-0.342138
-0.294094
-1.51841
-0.0342803
-0.192957
-0.226919
0.893111
0.0336279
-1.14411
0.349263
-0.436624
0.347471
-0.0651399
0.858853
0.310967
0.548534
0.0235413
-0.889887
0.530734
-0.495228
0.481539
-0.415871
-0.580148
0.188524
0.570092
1.22246
-0.630108
0.520981
0.945805
0.0506204
-1.09502
0.0690722
0.104061
-0.274383
0.625132
0.381584
-0.337803
1.19616
1.41421
-0.375514
-0.911665
-0.995212
-0.111131
-0.287339
-0.123777
-0.752884
-0.524995
-0.222842
0.0838685
-0.522296
-0.128636
0.300416
0.397917
-0.0729458
-0.437882
-0.828678
-0.0338578
0.292653
-0.0830987
-0.335933
0.416693
-0.323404
-0.087348
-0.524679
0.450294
0.321888
-1.05367
0.471382
0.00249445
-0.112713
-0.390625
-0.57306
0.218582
-0.0409579
0.396747
-0.360839
-0.910337
-0.768598
-0.282346
-0.371909
-0.512718
-1.22315
0.157477
0.258266
-0.240599
-0.323343
0.224864
1.38485
-0.284792
0.304538
0.913735
-0.478213
0.219694
-0.490436
0.344792
0.165765
-0.407335
-0.447956
-0.225093
1.13026
0.399046
-0.234509
-0.64577
0.120495
-0.456354
0.00345194
0.0565765
1.02241
0.39692
-0.388929
-0.372079
1.3297
0.0328128
-0.88268
-0.18985
-0.112505
-0.209933
-0.634434
-0.328645
-0.59385
-0.615508
0.844425
-0.778385
0.0821196
1.72784
0.581531
0.496067
0.255483
0.875889
-0.0779365
-0.696727
-0.273433
0.302772
-0.265049
-0.841783
-0.299948
0.347936
-0.521236
0.0767122
-0.72396
0.311777
-0.168883
-0.650558
-0.0749812
-0.128966
0.510462
0.29222
-0.468604
0.709838
-0.688258
-0.202421
1.03629
-0.0843827
0.430749
0.768184
0.109325
0.635842
0.200305
-0.49363
0.735032
1.06468
-0.0549646
-0.325495
-0.580382
0.0273193
-0.704219
-0.0351863
-0.313198
0.314542
-0.373986
-0.700594
-0.327312
-0.883973
0.466489
-0.0330265
-0.582901
-0.155934
-0.536053
-0.447434
-0.0355662
-0.342754
-1.02619
-0.578808
0.641275
-0.577829
-0.196236
-0.728009
-0.6047
1.16575
-0.376005
-0.146622
1.16685
-1.11385
-0.386659
0.166143
0.302028
-0.806733
0.917012
-0.344046
0.652513
-0.553659
-0.645749
-0.263277
-0.499788
-1.20185
0.826962
-0.90582
0.34582
0.745192
0.0743304
-0.298078
0.727596
-0.297718
0.718813
0.22203
0.362673
-0.592298
-0.418531
-0.0179601
0.665428
-0.817844
-0.0418727
-0.528764
0.309157
1.38496
0.120781
1.14651
-0.0674279
-1.29151
0.190363
-0.0434238
0.524072
-0.967348
-0.650021
0.01657
0.701173
0.276837
0.309684
-0.456468
-0.273596
-0.0741393
-0.610315
-0.701137
1.05535
-0.163008
-0.399432
-0.206743
0.400677
0.378893
-0.400653
-0.618029
0.768804
-1.22145
0.667883
0.502559
0.727519
-0.451201
-1.0181
-0.597437
-0.282263
-0.247639
-0.109577
0.218569
-0.703191
0.404223
-0.113898
1.01585
0.833882
-0.261219
0.277556
-1.1509
-1.0455
0.272985
-0.334197
-1.25526
0.753087
-0.474785
-1.28732
0.437011
0.535362
0.0220428
-0.479815
-1.51352
-0.614655
-0.659158
0.304731
0.148938
-0.514262
-0.108197
-0.605835
-0.009166
0.814167
-0.279801
-0.0851331
1.72771
-0.126101
-0.844428
-0.169643
0.0037639
0.0158175
-0.880789
-0.0681478
0.338568
0.224629
0.816162
-0.97236
-0.799057
0.0875877
0.27967
0.211455
-0.170083
-1.23452
0.195929
-0.0484639
0.305379
0.392537
0.405585
-0.326731
0.731213
-1.36086
-0.698381
-0.286191
-0.595119
1.22515
-0.105006
-0.0266139
0.0586925
-0.266259
0.186199
0.111764
0.253229
-0.142564
-0.707856
0.113217
0.0607714
-0.436434
-0.531586
0.510896
-0.0397263
0.540334
-1.21702
-0.0284121
1.22562
-0.203176
-0.932997
-0.0750998
-1.40771
0.00193492
0.0560967
0.13958
-0.26028
-1.09414
0.44073
-0.360184
1.01513
0.214206
0.098306
0.319745
-0.413672
-0.311561
0.191843
0.0844549
1.11867
0.133656
-1.1087
0.831222
0.169256
-0.0346275
0.742322
0.326502
-0.970895
0.369091
0.389368
0.651563
-0.53048
-0.699551
1.36039
0.111261
0.438302
0.0759886
-0.0255384
0.740011
-0.111699
-0.266569
-0.0563214
0.0380297
0.284006
-0.679944
0.692902
-0.119182
0.738305
0.611184
0.867038
-0.0682671
-0.19996
0.0884853
-0.194942
0.686661
-0.260004
-0.279484
-0.329804
0.406522
-0.31496
0.0574401
-0.844344
-0.473221
0.77033
-0.532032
-1.1063
-0.716525
0.230351
-0.300475
-0.167928
0.125688
-0.42156
0.420151
0.439695
0.358595
-0.70268
1.12399
0.595114
0.630918
0.727812
-0.245816
0.534351
0.602052
0.411062
0.258681
0.0779571
-0.278397
0.611125
-0.162111
1.13755
1.34056
0.318016
-0.116432
0.532209
-0.00728413
0.694875
1.22894
0.92832
0.00764779
0.864709
-0.271197
1.04882
-0.751447
0.344337
-0.00993841
-0.340026
1.23162
-0.408538
-0.389934
0.231448
0.672449
-0.0355982
-0.772866
-0.176877
-1.20911
-1.05648
0.281455
-1.59723
-1.19115
-0.625808
0.856827
0.967533
-0.942078
0.447678
-0.363923
0.418948
0.30182
0.539979
0.948825
-0.289914
-0.0571273
0.351515
0.0405962
-0.570028
1.33644
0.430203
-0.63493
1.00014
0.327498
-0.163676
-0.0157987
0.78369
-1.47168
0.182361
-1.12237
-1.09646
-0.881795
-0.831442
-0.848379
-0.245165
-0.0966939
-0.0944956
1.14767
-0.922951
-0.124359
0.0243777
0.844985
0.577348
-0.709358
0.605907
0.17717
0.35424
0.518784
0.543138
0.43631
1.37017
0.931846
-0.774231
0.734959
-0.0817539
0.772056
-0.186389
0.0624106
0.967604
0.268909
-0.239802
-0.654956
-0.304316
-1.06419
-0.487794
0.0355062
-0.32873
-0.255377
-0.402728
0.15932
0.204285
-0.594957
-0.149411
-0.910755
0.588721
0.671369
0.650931
-0.453592
0.0596612
-0.0374655
0.998351
-0.319157
-0.0328758
0.663541
0.167888
-0.551664
0.0716083
-0.709314
0.998846
-0.791589
0.854297
-0.154847
0.328799
0.257184
0.345545
0.473389
-0.310605
0.700686
-0.183708
-0.233865
0.136576
1.00548
0.711908
-0.408717
-0.670822
-0.819238
-0.532265
0.805525
1.653
0.506543
-0.568581
0.278409
0.244913
0.234498
-0.385107
-0.0269889
0.0291659
-0.235729
-0.0340797
0.113548
-0.309235
-1.10515
-0.0345434
0.240235
-0.59477
-0.742643
0.435527
-0.169147
-1.01645
-0.248591
-0.182352
0.691085
-0.17213
-0.0181635
0.28178
-0.0489721
0.6088
0.0521818
-0.976525
-0.1768
0.447064
0.102578
-0.455869
0.59811
-1.08845
0.900044
0.617688
-0.0231516
0.134401
0.604702
0.200524
-0.0552151
-0.141119
0.193202
-0.0924836
0.656551
-0.720657
-0.0980266
-0.0148754
0.598794
0.337299
0.542645
0.640253
0.16748
0.482665
-0.422874
0.325373
0.116782
-0.127683
-0.230201
0.0656147
0.799511
0.619834
0.689908
0.70047
0.288936
-0.238668
0.144742
0.721422
-0.530783
-1.13152
0.536538
-0.582082
0.0983369
-0.202164
-0.796186
0.747408
0.0930679
0.373442
0.0200374
-0.578062
0.596542
-0.174607
0.206365
-0.423444
0.171172
-0.199736
-0.119435
0.767311
1.01018
0.059537
-0.0355987
-0.761615
-0.103337
-0.828881
-0.56897
0.773252
-0.223364
-1.92526
0.42588
0.314003
-0.401698
-0.180248
-0.713068
-0.438729
-0.0281436
0.336667
-0.507385
-0.581172
-0.587867
0.124719
1.00669
0.445219
1.32623
-0.478426
0.74663
-0.312021
0.125577
0.152447
-0.618284
1.2622
-0.172266
-0.185969
0.630852
-0.721008
0.578299
0.121875
0.379887
-0.545829
0.675558
-0.385869
0.390578
0.841923
-0.54972
1.18032
-0.173157
-0.437345
-0.725157
0.341043
1.08975
-0.673987
0.133215
0.0700372
-0.253046
-0.487397
0.718175
-0.252673
-0.183319
0.171116
-0.955034
-0.860654
-0.0292155
-0.553977
-0.00172233
-0.554409
0.5352
-0.247296
0.424587
1.31547
0.416169
0.362908
0.516166
0.505179
0.493828
-0.0715889
0.0800962
0.228867
-0.134858
0.831322
-0.138217
0.0102768
-0.0130067
0.0726322
0.467749
-0.177309
-0.674114
0.106895
-0.167731
-0.202983
-0.00966284
0.529378
-0.215608
-0.512378
-0.50295
0.638684
0.505076
0.632037
-0.0409232
0.3828
0.588279
-1.05963
0.730482
-0.984267
0.162348
-0.180536
0.0673771
0.251576
0.899989
0.345803
-0.342553
0.776519
-0.606044
-0.375621
0.965753
-0.793932
-0.605092
-0.381896
-0.920783
0.392152
0.354509
-1.30931
0.789753
-0.26969
-0.39147
-0.765725
1.45932
-0.204989
-0.734704
-0.605442
-0.511193
-1.02285
0.216734
0.488488
-0.237205
0.119206
0.6261
1.04342
0.468464
-0.33666
0.586992
0.526822
-0.2211
0.218797
0.125356
0.0132497
-0.105312
-0.361978
0.0690946
-0.22869
-0.0688861
-1.05029
-0.164031
-0.566068
0.600715
-0.65217
0.471716
-0.41166
0.80387
0.388274
-0.379595
0.564355
0.912046
0.563846
-1.10938
-0.626605
0.182453
-0.844363
-0.0183263
-1.16744
-0.747073
-0.516656
-0.813101
0.542569
-0.642908
-0.0200656
0.38299
-0.696445
-0.8992
-0.0193953
1.58431
0.662835
0.762872
0.106467
-0.127012
-0.274511
-0.131001
-0.464216
-0.657904
-0.358663
0.911482
0.808518
0.388634
0.233494
0.300002
0.247711
0.229368
0.38075
0.144355
0.219486
-0.573422
1.11494
-0.0533648
0.344635
-0.657475
0.706363
-0.731408
0.527695
-0.456579
-0.076788
0.646106
0.436588
0.0360686
-0.162642
0.158961
0.632118
0.216643
0.48917
-0.0756334
-0.0795472
0.242699
0.165474
0.217191
0.652911
0.408652
0.498006
0.215267
1.16897
-0.469006
-0.42614
0.653912
0.28962
-0.1592
0.0841495
-0.260912
0.0826196
0.11474
-0.157278
-0.331341
0.84386
-0.350835
1.42823
-0.598938
-0.142135
-0.411781
0.760005
-0.505103
0.905952
-0.820472
0.300156
0.457808
-0.0689638
0.175789
0.509338
0.483048
0.514541
-0.629407
-0.230496
-0.510563
0.0360983
0.430296
-0.415804
0.233083
0.203839
0.706362
0.0126842
-0.347708
0.0782331
-0.612764
-0.850484
0.0359793
1.00832
-0.643154
-1.00178
-0.294007
-0.367445
0.400971
0.299688
0.0485294
-0.628831
-0.692851
-0.695407
0.852271
0.237623
-0.798668
-0.297375
0.611907
-1.04983
0.257411
0.290945
0.0265168
0.0285759
0.288434
-1.404
0.414244
0.150231
-0.573733
-0.90463
-0.140213
0.318754
1.30964
-0.207506
-0.260345
-0.946876
0.162371
-0.304675
-0.158699
0.217651
0.96426
0.0906257
-0.197235
0.296826
0.322992
0.67195
0.0658867
1.26213
0.334188
-0.287942
0.198618
0.333611
0.137043
-0.299239
1.00447
0.435031
-0.0913856
0.135824
0.635337
-0.847544
0.569933
1.06993
-1.3854
0.19597
-1.07619
-0.233468
1.29914
0.610593
-0.944123
-0.332737
-0.351036
0.753539
-0.733774
-1.80766
0.457002
0.300088
1.04693
0.590347
-0.21651
-0.610251
0.13951
-0.607959
0.718198
0.176932
-0.708494
0.253034
-0.409115
0.317013
-0.621855
-0.0795052
-1.37871
-0.405308
0.315336
0.345257
0.803348
-0.0352091
0.465254
-0.219865
-0.692071
-0.137716
0.286842
-0.140313
0.28742
0.886673
1.04902
-0.963659
-1.01426
-0.187671
-1.46937
-0.736548
-0.652841
0.910668
0.486409
0.256039
0.181421
0.206465
0.459616
0.422453
0.333075
-0.0673734
0.177563
-0.185515
0.146139
-0.123649
-0.352717
-0.635861
0.102387
0.135453
0.210155
0.45547
0.197934
-1.42603
-0.580393
-0.660648
-0.173773
-0.0434336
0.327533
-0.174154
-0.607014
-0.177834
0.511872
-0.182986
-0.000856729
-0.204549
0.508055
-0.752755
0.584908
0.915753
1.7219
0.761841
0.84505
-0.175311
0.0904354
-0.262933
0.400982
-0.495323
1.56264
-0.27105
0.0457013
-1.16669
-0.871349
0.647234
-0.0711745
-0.635623
0.66183
-0.567032
-0.717959
-0.0856952
0.258668
0.749251
0.0540911
-1.01614
0.0889216
0.168302
-0.301622
-0.262017
-0.52262
0.97734
0.521864
-0.407257
0.711071
0.628267
0.187463
-0.351895
0.462297
-0.54777
-1.23434
0.567516
-0.346979
-0.69161
0.0187088
-1.0621
0.836165
0.26078
0.389158
0.819786
-0.281652
-0.233682
-0.152781
-0.403811
-0.97638
-0.738064
0.0241729
0.156973
0.356244
0.479289
-0.176551
-0.583354
-0.805733
-0.737781
-0.822514
1.07598
-0.196628
-0.357184
-0.806316
0.739643
-0.330284
0.645682
0.743337
0.73353
0.136055
0.108396
-1.18282
0.029331
0.860721
-0.190399
-0.253347
-0.320157
0.260554
-0.258356
0.669562
0.120794
-0.51746
-0.14697
0.629497
0.758838
-0.938194
0.81631
-1.04845
-0.21067
0.509497
0.668412
0.106806
0.45311
-0.067316
-0.445704
0.617671
-0.450657
-0.0166702
0.862714
0.265821
0.14431
0.431728
1.15809
0.245009
0.217659
0.138497
-0.0729298
0.709568
-0.333605
-0.244527
-0.587318
-0.409112
-1.05563
0.705986
-0.336741
0.137402
0.0789581
-1.05185
-0.738671
-0.647908
-0.122581
0.249351
0.10838
-0.0160007
0.576536
-0.259495
0.519889
0.958449
-0.355608
-0.829337
0.0568423
-0.0962951
0.28403
0.582099
-1.0264
0.661855
0.0431586
-0.708877
0.529925
-0.571789
-0.853297
0.434264
-0.0654345
0.252434
-0.374147
0.319497
-0.0704923
-0.511407
-0.622497
0.0863082
-0.307682
0.219616
-0.347653
-0.303539
0.050824
0.471672
0.0531059
0.0545377
-0.062104
0.139001
-0.311127
0.252262
0.152107
-0.0142241
0.0928221
-1.00259
-0.13509
-0.0850621
0.490112
0.453856
0.588443
-0.332359
0.318119
0.311119
0.290846
1.05906
-0.356915
0.0207386
-0.166487
-1.02235
0.024319
-0.138603
-0.526991
-0.294071
0.495136
-0.115487
-1.21445
-1.06019
-0.471502
-0.182943
0.205809
-1.46181
0.573909
0.722766
0.381262
0.373307
-0.65648
0.0668742
0.176265
0.138822
0.867359
-0.856763
0.554632
0.779354
0.176855
-0.520177
-0.529225
-0.728531
0.156266
-0.222852
0.0393331
-0.529453
0.365493
-0.285347
0.553966
-0.317816
-0.46037
-0.147297
0.130482
-0.866769
0.320022
-0.745968
0.575785
-0.0634676
0.929579
-0.280112
0.0555312
-1.00207
-0.29034
0.620939
0.0229547
-0.346857
0.16721
0.129477
0.863099
-0.2466
-0.569653
-0.451746
0.246779
0.810131
0.221063
-0.873843
0.399232
-0.593249
0.387374
0.997809
-0.334672
-0.21172
0.769195
0.201169
-0.452654
-0.0531656
-0.250905
-0.320991
0.28259
0.177201
0.554337
0.0328202
0.121673
-0.201723
-0.224336
-0.0907873
-0.187694
0.219745
0.403052
0.750904
-0.870516
-0.896649
-0.0243342
-1.0869
0.196151
0.830324
0.125846
0.587423
-0.473576
0.266286
0.348949
0.00266013
-1.05139
-0.880711
0.318712
-0.393753
0.165759
0.231976
-0.218372
-1.01945
-0.321752
-1.33753
-0.540065
-0.710599
-0.477531
-0.184524
-0.484541
0.263014
0.589362
-0.000982373
0.0441832
0.272498
0.384035
0.498491
-0.170706
0.0615407
-0.976053
-0.0894507
-0.667589
0.667542
-0.167942
-0.00297628
0.449457
-0.141652
0.284491
-1.07364
0.29459
0.429028
-0.086247
0.252351
-0.168387
-0.642648
0.270299
-0.318098
0.150485
-0.444977
-0.0260645
-0.354413
1.38318
0.548492
0.261974
-1.13225
-0.501041
0.256741
0.743616
0.0447498
-0.509875
0.335736
0.49501
-0.249116
0.296086
-0.641349
-0.473863
-0.43278
-0.538129
-0.752995
0.00944617
0.660334
0.0736457
0.908676
0.089671
-0.0473493
0.323079
0.195338
-0.0281276
0.240384
1.02699
0.719472
0.0970267
0.0557313
-0.448168
-0.506252
-0.603206
-1.25993
0.233381
0.493772
-0.550643
-0.607211
-0.172837
-1.12203
0.068994
1.19205
-0.182383
0.0968577
-0.433544
-0.426144
-0.607594
-0.052194
-0.261476
-0.276615
0.74055
-0.0748596
0.540545
-0.0191278
-0.0702323
0.406704
-0.764898
-0.34794
0.2247
0.534946
-0.320988
1.02985
0.118937
-0.404947
-0.147963
-0.624136
-0.718892
0.186806
-0.286565
0.244173
0.233324
1.27069
-0.462092
0.422662
-0.683629
-0.673852
-1.22801
0.429827
0.521734
0.936541
-0.444564
0.655773
0.116192
0.334051
-0.490455
0.46492
-0.0836098
-0.800474
0.503932
-0.604601
0.0326841
-0.871304
-0.810068
0.260673
-0.564659
0.229471
0.869389
0.449354
-0.411687
0.901282
0.219448
-0.408388
-0.0406524
-0.332218
-0.693101
0.474832
-0.614519
0.243225
0.592867
-1.57746
0.232536
-0.375765
-0.304236
-0.622178
-0.439178
-0.601174
-1.1522
0.146637
-1.05677
1.28406
-1.14323
-0.489467
0.170102
0.689974
-0.112018
-0.678243
-0.255805
-1.25213
0.306379
0.0825695
0.202216
0.0619722
-0.0182756
0.30483
-0.410941
-0.282019
0.201912
0.267347
0.498025
0.130191
-0.904288
-0.442665
0.504392
-0.587881
-0.0889273
0.235511
0.251837
0.381842
0.066953
-0.143635
-0.0715117
-0.216978
0.977128
-0.628978
0.291439
0.270966
0.821187
0.535931
0.31106
0.0287437
0.417639
0.576894
0.293659
0.907942
0.9022
-0.497471
0.283669
0.0690479
0.634167
1.12268
0.311007
-0.172437
0.270158
-0.652195
0.429937
0.657245
0.204186
0.31513
-0.117396
0.557806
-0.779915
-0.0189311
0.0355713
0.281896
0.534784
-1.15039
-0.0550369
0.268847
-0.677792
0.482805
0.479965
1.03668
0.215015
-0.0669051
0.0346192
-0.455974
-0.759051
0.0971336
0.197386
-0.296718
-1.14125
0.183436
-0.374594
0.754858
-0.601579
0.929417
0.393439
0.17084
0.197118
-1.30953
-0.438982
-0.207147
-0.773221
-1.71931
-0.405863
0.377658
1.05126
-0.896223
0.514671
-0.12037
0.243638
0.523003
0.0838035
0.134325
-1.00882
0.370755
-0.99764
1.31834
-0.264169
0.284079
-0.521883
-0.467083
0.543524
-0.42951
1.05278
1.13116
-0.706252
0.390024
1.0219
-0.356999
0.168153
0.77737
0.417311
0.00408162
0.0709911
0.0912979
0.308042
0.377882
-0.139418
0.0134432
0.784934
-0.619745
-0.168567
-0.340831
-0.570707
0.024138
0.100523
-0.191969
-0.340908
0.099709
0.287679
0.296143
-0.367202
-0.731847
-1.07605
-0.0551707
0.685148
-0.465564
0.0974479
-0.722552
0.0626084
-0.167135
-0.264624
0.778789
-0.673196
0.330126
-0.413921
0.106549
-0.352077
-0.686926
0.759545
-1.32351
-0.07759
-1.28646
-0.0826797
-0.393267
0.826847
0.190801
0.688672
-0.365767
0.155054
0.109518
0.170451
-0.0386772
-1.04632
0.34428
0.122715
0.378422
-0.159084
-0.831982
-0.212675
0.443058
0.743422
-0.689638
0.757081
-0.192602
0.465602
0.937091
-0.8235
0.161798
1.1706
0.337949
-0.186579
-0.160436
-1.46129
0.166129
-0.223579
-0.208093
-0.50185
0.41836
-1.46459
-0.757351
0.981377
-0.791485
-0.181726
0.572843
0.554707
-0.406619
0.310249
-0.159849
0.0979733
-0.488304
-0.0271665
-0.19015
-0.535523
-0.410661
1.48663
-0.550712
-0.245504
-0.403285
0.00818635
-0.2208
-0.342571
-0.230427
-0.226747
0.462259
0.42799
1.09836
0.385001
-0.39143
0.581334
-0.122922
-0.481386
-0.227256
-0.809364
0.10476
-0.362319
0.313226
-0.191507
-0.460148
-0.26393
0.201819
0.238455
-0.345312
0.118477
0.241814
-0.13672
1.54379
1.0857
0.714031
0.396927
0.247256
-0.355358
-0.0960476
-0.345912
-0.294532
0.486291
0.14105
0.729724
-0.520087
0.127425
-0.310109
0.37988
0.261278
-0.102604
0.324164
0.753101
0.461784
-0.279664
0.443966
-0.778724
0.273825
-1.2673
0.289022
0.658753
-0.380678
-0.294308
0.500391
-1.06139
-0.110816
-0.476892
-0.358755
-0.248328
-0.889634
-0.154849
-0.16776
-0.367771
1.00622
-0.395366
-0.329831
0.625022
0.955849
-0.841557
-0.858401
-0.949037
-0.20815
0.539476
0.187127
0.273795
0.225787
-0.331073
0.374023
-0.87645
-0.112469
-0.27348
0.469519
0.56969
0.170178
-0.13621
0.546423
0.132499
0.0590711
0.499336
-0.126429
-0.783977
0.810347
0.832447
-0.434804
-0.4972
0.177038
0.126106
-0.0683035
0.663183
0.527629
0.912601
0.158952
0.837081
-0.141975
0.37068
-0.279318
0.928437
-0.557925
-0.25574
0.769742
0.599096
1.01444
-0.542978
0.389366
0.56746
-0.709375
-0.881526
0.147623
0.310565
0.365888
0.0415531
-0.796682
0.20172
-0.810875
0.249168
-0.178693
-0.106938
-0.952972
0.817549
-0.101057
0.263906
-0.101466
0.221448
0.576734
-0.120553
0.946492
1.28108
-1.413
-0.978234
0.378169
1.38856
-1.23445
0.55481
0.680137
0.202456
0.132357
-0.513756
-0.533417
0.157388
0.0393717
0.355554
-1.19081
0.0041329
0.603991
-0.299834
0.632686
-0.411591
-0.388083
-0.0878409
0.836488
1.10178
-0.530807
-0.729443
-0.263697
0.441012
0.656379
-1.14133
0.276911
-0.699703
0.747304
0.294344
-0.0919817
0.616965
1.20578
-0.317834
-0.240667
0.689712
-1.32564
-0.331725
0.714001
-0.107731
-0.368647
0.726381
0.284734
1.01431
0.391854
-0.386761
-0.809687
0.11696
-0.0223002
0.53474
-0.30913
-0.847769
0.48507
0.225035
0.286922
-1.03896
-0.0913698
0.789371
-1.29753
-0.230263
-0.381595
-0.0108601
-0.384251
-0.123241
-1.31294
0.41211
0.286435
-1.53967
0.965482
-0.308464
0.469094
-0.601951
0.0802719
-1.1873
-0.309999
1.13874
0.329152
0.247554
0.801536
-0.117434
0.0722822
0.0811344
-0.102603
-1.39925
-0.795372
0.0568673
-0.0242263
-0.328276
-0.807767
0.167017
-0.344966
-0.470996
0.15495
0.600204
-1.35194
0.0604352
-0.959404
0.27403
0.450292
-0.302088
-0.4984
0.859568
0.00866107
1.00879
-0.160892
0.318461
0.194225
-0.099659
0.0622897
-0.441653
0.656693
-0.723305
0.072482
-0.765222
0.939386
0.408535
-0.430919
0.622329
-0.145074
0.265401
-0.200182
0.918341
0.576449
0.571529
1.25108
-0.443639
-0.450308
-0.608391
0.169488
0.886997
-0.694354
-0.7649
0.71018
0.257389
-0.87717
0.00618946
-0.237122
0.673544
-0.527042
-0.390208
0.678733
0.637612
-0.373982
0.686365
-0.989577
-0.472118
0.572277
-0.627117
1.29094
0.93661
0.494124
0.920988
-0.0557841
-0.810975
0.695886
0.697747
-0.710618
-0.23516
-0.00601644
-0.251083
-0.119307
0.242513
0.895978
-0.456457
-0.470558
0.00893826
0.519043
-0.423889
0.398594
0.585799
0.247597
0.310287
0.696299
1.66092
-0.533542
-0.461049
0.126252
-0.343796
-0.106278
-0.478871
0.00204999
-0.917876
-0.0786167
0.107413
-0.320188
0.357584
-0.841718
-0.261548
-1.62994
-0.578889
0.0282163
1.31078
0.929347
-0.2312
-0.615151
0.520003
0.517772
0.57166
0.956494
-0.216843
0.690578
0.156746
-0.226031
0.0570164
0.109591
-0.97301
-0.10441
0.267272
-0.509558
-0.700718
0.301444
0.289533
-0.603076
-0.065498
0.978182
-0.945358
-0.914297
0.8541
0.00270858
0.429097
0.172368
0.296791
-0.201644
0.0716796
0.634862
0.116944
-0.0331279
-1.37469
0.383655
0.0584672
0.0818266
0.0975342
-0.407474
-0.505338
1.01837
0.167068
-0.488353
-1.43989
-1.28646
0.251391
-0.148998
0.0535156
-0.197148
0.0656881
-1.10269
-0.674626
0.127888
0.494897
0.252856
-0.523315
0.655518
0.0591727
0.721901
0.957772
-0.633348
0.430509
-0.841845
-0.588851
-0.577734
0.0719425
0.212567
0.833375
0.0923993
0.27223
0.919269
0.29016
-0.124339
0.496465
-0.146491
0.138203
0.300153
-0.0959911
-1.00423
0.933282
-0.401374
0.643337
0.27166
-0.0893548
0.442157
-0.0788612
-0.287418
-0.405049
0.0850262
0.0898749
-0.467873
-0.137406
-0.389174
0.414168
0.0429286
0.930298
-1.1311
-0.392215
-0.908604
0.834927
-0.829629
-0.968317
0.568546
0.386952
1.1023
-0.576754
0.205548
0.000461451
0.196361
-0.0164343
-0.270274
0.70774
0.165202
-0.422578
0.827037
0.566284
-0.171186
-1.05003
0.78859
0.196782
0.167991
-0.892612
0.0288087
0.527396
0.362956
0.0026144
0.06266
-0.324523
-0.0829318
0.0434028
0.174456
0.95444
-0.32337
0.737694
0.851174
-0.632755
-0.565398
-0.293798
-0.116112
0.36734
0.481608
-0.133897
-0.540272
0.050249
1.30875
-0.488154
-0.219017
-0.454226
0.201048
0.986744
-0.76086
0.156216
-0.197145
0.302102
1.08774
0.0746055
0.699111
0.597438
-0.245925
-0.111507
0.0814914
-0.666645
-0.674651
0.362457
0.59616
-0.46862
-0.517568
0.680527
0.593065
-0.990026
0.0214604
-0.156134
1.04455
-0.125175
-0.730884
-0.552686
0.290175
0.718733
0.68207
-0.00645022
0.498967
-0.523193
0.170665
-0.254822
-0.0984838
-1.02986
0.214078
0.125885
0.245288
0.492512
0.834766
0.337279
0.176482
0.583257
-0.589762
0.440412
0.701277
1.50964
0.0522317
0.453768
-0.204517
0.0111919
0.417704
-0.525841
-0.729938
-0.415062
-0.0569251
-1.37183
0.524872
0.439328
0.339984
0.981594
-0.316788
-0.0378706
-0.495629
0.837812
0.346435
0.130251
-0.932522
-1.313
0.175294
-0.468252
0.0527262
0.0163999
-0.0815122
0.0940053
-0.586995
0.418831
0.150262
-0.231371
-0.712343
-0.35679
0.0510554
1.04196
-0.676966
0.511033
0.482016
-1.15512
0.309697
-0.260654
0.400658
0.360458
-0.663464
0.355127
0.0221384
-0.601969
1.05565
-0.229185
0.579922
-0.412473
0.120077
-0.343861
0.0522739
-0.295278
-0.478402
0.443034
0.145259
-0.560233
-0.146554
-0.16534
-0.596528
-0.0199837
1.10694
-0.0254904
-0.26588
0.381124
0.0404376
0.695551
0.583104
0.219671
1.53574
-0.451079
-0.0212499
0.0348456
-0.840483
-0.0861876
0.810806
-0.306934
-0.185642
-0.34158
0.089186
-0.298405
0.381783
0.0273775
0.103035
0.215876
-0.320029
0.428116
-1.65001
-0.148071
-0.446621
0.351139
0.0431826
0.793257
-1.17674
-0.209927
0.611236
-0.162071
0.292945
0.444558
-0.78368
-0.795615
0.834116
-0.375821
-0.161395
-0.722427
0.302531
-1.5417
0.122046
-0.223416
-0.763143
-0.175045
-0.135351
0.853897
0.388944
-0.367867
0.0602521
0.700006
-0.485849
-0.00765653
-0.856353
0.163237
0.402755
0.278338
0.650514
-0.352383
-0.486451
0.228954
-0.717322
0.0609886
0.0963307
-0.238681
1.44258
-0.0393382
0.198871
0.224186
-0.422315
0.298128
0.333689
-1.23154
0.213019
-0.605338
0.607199
0.533342
0.58965
-0.948145
0.10364
-0.0747699
1.09705
-0.616777
0.294891
-0.499661
-0.576931
-0.287304
0.939338
-0.589909
1.39445
-0.358053
-1.51729
-0.183319
-0.366763
0.0264439
0.406736
-0.372197
-0.277782
1.28859
0.560195
0.345551
0.287725
-0.88421
0.70091
0.14205
-0.194925
0.375457
-0.541798
-0.17073
0.272779
0.332456
0.646473
0.776519
1.27178
-0.841976
-0.0836879
-0.344496
-0.0945735
1.17146
-0.182879
-0.26206
-0.840822
0.0260813
-0.496425
0.665443
-0.533686
0.0956736
0.149006
0.449345
-0.205812
0.586931
0.246738
-0.473099
-0.395555
-1.02974
0.75335
-0.13672
-1.1256
-0.449969
-0.315685
0.898629
-0.826351
-0.421498
-0.771836
0.731625
1.0763
0.496732
-0.211039
-0.393342
-0.313602
-1.15737
0.712917
-0.018466
0.282444
0.92621
-0.102059
1.43337
-0.416926
0.678335
0.134974
-0.493591
0.418693
-0.234415
-0.0601184
0.544436
0.449875
0.169456
-0.098224
-0.529503
-0.384878
0.665308
0.177286
0.0532091
-0.95193
0.930233
-0.0104147
0.194401
-0.123093
-0.417046
-0.126011
0.139005
-0.237757
0.352909
-0.416124
0.686586
0.27568
0.820669
-0.627524
0.649634
0.119344
-0.686516
-0.367745
0.82722
-0.10282
0.680924
-0.154594
-0.252812
0.183741
0.105588
-0.0297258
-0.535664
-0.620981
0.746288
-0.844108
-0.335153
-1.72108
0.112323
-0.888705
-0.275826
-1.01115
-0.362591
-1.03235
-0.100186
-0.678326
-0.211438
0.974359
-0.265938
0.0927422
0.512922
-0.959912
-0.381669
0.168226
0.94965
0.237417
0.0850772
-0.752661
0.0937414
0.593276
-0.511476
0.45241
0.0907697
-0.81747
-0.993148
0.678592
0.301458
-0.297028
-0.37549
0.138699
0.762944
-0.451966
0.134447
-0.00248453
-0.841066
-0.205426
0.483489
0.249252
0.127866
-0.913803
0.0939414
0.536249
0.0737975
0.158974
0.0303299
0.848957
0.0719058
0.542479
0.592983
-0.021466
0.277005
0.35667
-0.249427
1.13244
-0.535012
-0.864412
-0.247778
-0.555868
0.798165
-0.034181
-0.0529051
0.284137
-0.38103
-0.354005
0.675079
-0.940391
0.354241
0.818866
-1.37243
0.954529
-0.486995
0.261188
-0.303326
0.45431
0.107776
0.342683
-0.581644
0.0769599
-0.822198
-0.064034
1.26936
-2.18389
1.00763
-1.61241
-0.959612
0.00431236
0.27474
0.236461
-0.00864202
-0.34663
0.445117
-0.253024
-0.0588712
0.267066
-0.235095
-0.601455
0.0539326
-0.963909
-0.348876
-1.02143
-0.750183
-0.00458594
-0.204167
-0.745526
0.555639
-0.228318
-0.286377
-0.391638
-0.74664
0.022519
-0.469911
-0.5104
0.55113
0.590249
-0.579577
0.300288
-0.40081
0.239276
-0.412009
0.844244
-0.0296944
0.188493
-0.260598
-0.25761
0.442697
0.818608
-0.145354
-0.121929
-0.328876
0.441945
-0.787374
-1.08586
0.116563
0.329513
-0.377981
0.174843
1.06967
-0.158325
0.195515
-0.317284
-0.577017
0.772379
0.353885
0.517093
-0.177924
-0.367979
-0.554724
0.85293
0.373619
-1.23485
0.873082
0.0830475
0.431711
0.114996
-0.160027
-0.179549
0.254504
-0.295367
-0.219944
0.268141
-0.403333
0.403219
0.112402
1.08499
1.43854
0.109568
0.532261
0.483768
-1.04686
-0.0758061
-1.25963
0.196294
0.0467881
-0.131108
-0.37489
0.403237
0.823488
0.413346
-0.351101
0.330134
0.06138
1.31295
0.153393
-0.401813
0.480582
0.917256
0.873273
-0.223518
0.166325
-0.28182
0.0898002
-0.134151
0.264396
0.0183378
-1.07979
0.411432
-0.403501
0.65369
-0.260038
0.0150183
0.0208648
0.771385
1.00535
0.421599
0.58964
0.411798
0.317532
-0.196734
-0.191104
-0.538141
-1.61877
-0.059591
-0.257084
-0.648562
-0.397751
0.111009
-0.697285
-0.120244
-0.449644
-0.404068
0.697297
0.948442
-0.291588
-0.138173
-0.20982
-0.508632
1.00765
0.578601
0.201996
-0.454596
-0.346489
-0.510802
0.244964
0.79802
-0.0916847
0.636516
-0.699197
-0.316903
0.355093
0.149056
1.33347
-0.838211
-0.33214
-0.646229
0.529054
0.320002
-0.0976653
0.302108
-0.704372
-0.339455
-0.0757088
0.502186
0.599505
-1.72238
-0.114901
-1.27572
0.121756
0.268127
2.13794
-0.445188
-0.586128
0.15026
0.287665
0.859307
-0.489964
-0.062116
-0.0977034
0.992279
-1.36073
-0.0180089
-0.654027
0.0265681
0.764975
-0.0522258
1.31248
0.781802
-0.112126
0.343804
-0.141118
0.263994
0.505662
0.38493
-0.163126
-1.3359
0.983567
-1.456
0.218821
0.085307
-0.950485
-0.323643
-0.0058326
0.158135
-0.998799
0.894567
-0.0206916
0.220469
0.952367
-0.445533
0.114067
0.247807
0.808832
0.579419
0.277651
0.139361
0.0840008
-0.352833
-0.00203052
-0.159865
-0.43364
1.05953
0.338134
-0.390915
0.326054
-1.11471
0.103347
0.484783
0.0588972
-0.645757
0.685196
0.30676
0.502709
-0.853169
-0.805339
0.363872
0.435273
0.0407971
-0.383993
-0.922077
0.683911
-0.132463
1.09762
-0.827897
-0.516799
0.740045
0.504123
0.643379
0.954334
-0.573145
-0.118309
0.846735
0.265976
0.406201
0.730414
-0.59047
0.0748678
-0.919195
-0.24524
0.817787
-0.309766
-1.42689
-0.391645
-0.162439
0.296762
0.353549
-0.391256
-0.847364
0.499661
-0.18595
-0.238214
0.523988
0.173846
0.356774
0.615323
0.311157
-0.0624526
-0.534007
-0.486661
-0.174511
-0.368577
1.04937
0.222313
-0.179501
-0.843613
-1.27067
-0.627677
-0.0887431
0.455056
0.210979
-0.614227
0.459592
-0.363348
-0.954571
-0.387437
-0.370487
-0.411276
0.306024
0.809395
-0.918802
-1.32588
-0.214806
0.0505155
0.346227
0.741232
-0.493423
-0.772297
0.757072
-0.806205
0.729581
-0.297876
0.499061
0.938234
-0.299949
0.0843888
-1.08086
-0.167665
0.89474
0.19075
0.606773
0.530346
0.11118
1.71367
0.385628
0.130351
-0.483544
0.418413
0.245887
-0.463679
0.0493438
-0.104626
-0.730041
0.0359574
-1.12295
-0.93036
0.892444
0.787256
-0.0841412
0.0192912
-1.11847
0.527431
-0.0778869
-0.389543
-0.717178
0.210654
-0.219731
-0.751848
0.187316
-0.972515
0.210137
-0.270442
0.0120136
-1.24218
-0.177108
-0.0290058
0.069747
0.884014
-0.578924
-0.199327
-0.07977
-0.405315
1.00158
0.502362
0.936809
-0.0163985
-0.254438
0.814286
0.468736
-1.10924
-0.497591
-0.223762
0.784325
0.598728
0.991374
0.738628
0.287108
-0.651112
-0.201066
0.497111
-0.982689
0.574594
0.42805
-0.171015
0.5188
-0.137237
1.17127
-0.293722
0.153333
-0.217982
-0.0764097
-0.148927
0.604339
0.155648
-0.130047
-1.09828
-0.860507
0.13848
0.363076
0.297947
-0.350642
-1.22934
-0.043441
0.763039
0.0218084
0.243283
0.374354
0.368247
-0.82143
-0.106605
0.836553
-0.79868
-0.184673
-0.591319
-0.138255
0.311748
0.0910026
-1.16576
0.252245
0.664811
0.5825
0.239987
0.694874
0.360739
-0.497125
-0.0229591
-1.05729
-0.0569707
1.14959
-0.433629
0.213227
0.266515
0.124094
0.13704
0.392237
-0.365714
-1.98651
0.733662
1.14637
0.146509
-0.248948
0.199375
-1.05541
-0.769204
0.392896
-1.25724
0.0655007
-0.447889
-0.0112587
-0.225644
-0.840901
-0.300286
0.503339
0.600728
-0.726355
0.46397
-0.324653
0.914365
0.0818175
-0.284817
-1.03147
-0.7493
0.999551
0.0341165
0.135029
0.461861
-0.237521
0.519436
0.645287
-0.278706
0.277172
-0.140307
1.05026
-0.401674
0.976653
-0.289644
-0.674719
-0.668641
-0.137228
0.609397
0.800287
-0.293336
0.502888
-0.638602
-0.52789
-0.152702
0.0587148
0.136834
-0.85262
-0.139799
-0.205029
-0.923541
-0.107137
0.673533
0.124655
-0.493813
-1.16471
0.0547489
0.228969
0.524817
-0.330787
-0.432758
-0.0656359
-0.35604
-0.792148
-0.438466
-0.112289
-0.338155
-0.544816
-0.137175
0.368172
0.904646
-0.756458
-0.0763153
-0.545656
-0.19056
0.199988
0.141597
-0.207401
-0.152224
-0.738365
-0.100285
0.357688
0.790114
-0.4235
0.61991
-0.680494
0.183506
-0.38494
-0.690015
-0.646946
-0.14442
-0.199004
0.461118
-0.275266
-0.124417
-0.403334
-0.381311
0.707151
-0.650441
-0.940934
-0.367649
-0.649437
0.425347
-0.120091
-0.265532
-0.0858792
-0.181889
0.284421
0.276674
0.230125
0.235002
1.24629
-0.667489
0.219878
-0.218556
0.148675
0.263656
0.922914
-1.30397
0.105632
-0.899241
0.155125
0.417581
-1.07693
0.0863744
-0.127712
0.196439
-1.59474
-0.140319
0.123394
-0.129955
0.275888
0.0857976
0.0540564
0.703805
0.580577
-0.112304
0.870083
-0.338141
0.631561
-0.0239235
0.420162
1.31983
-0.0843638
0.0125508
0.32895
-0.485433
0.456111
-0.134894
0.123793
0.0939214
-0.941811
-0.886819
-0.14001
-0.468942
0.458849
0.116223
0.299833
-0.0327907
0.473087
0.451996
-0.633343
-0.120103
-0.277686
0.957981
-0.436398
0.281014
0.128017
-0.192798
0.402424
0.135068
0.459247
0.201394
0.211242
0.410344
-0.429665
0.0744838
0.143765
0.0991139
-0.219617
-1.12166
-0.497176
0.0699306
0.229745
0.425547
-0.184577
-0.786345
-0.632536
-0.526952
-0.867408
-0.253728
0.229492
0.306549
-0.79585
0.297438
-0.845394
0.114121
0.135098
0.0155175
-0.606211
0.836054
-0.233261
-1.33009
-0.388527
0.851562
-0.231435
0.408385
0.364944
-0.116609
-0.106999
-0.644985
-0.109013
-0.350884
-0.0408783
-0.384821
-0.038137
-0.397798
-0.324899
0.770789
1.07781
1.16976
0.359871
0.612754
0.846246
-0.223313
0.538979
-0.0895121
-0.062976
1.42205
-0.378141
-0.533041
0.645812
0.487859
0.13785
0.433998
-0.18564
-0.0929198
0.0453152
0.580419
-0.811763
-0.447205
0.345284
-0.461323
0.0822204
-1.07293
0.491324
0.314385
0.565236
-0.79849
-0.852576
-0.140211
0.0492567
-1.36832
-1.163
-0.427589
0.628815
-0.425988
0.546688
-0.316379
1.02131
0.0231156
0.686464
-0.663992
0.438199
0.280534
0.994966
0.127305
0.392087
0.284368
1.32197
-0.134342
0.613764
0.00155431
-0.548845
0.699006
-0.139502
-0.588516
0.522381
0.488434
-0.00117504
0.198358
-0.401711
0.678569
0.07964
0.122201
-0.52505
-0.0151892
-0.438308
-0.294186
-0.264796
-0.382614
-1.06677
-0.547991
-0.670277
-0.0229129
0.547177
0.545018
-0.960384
-0.460691
0.073509
-0.83069
1.31032
-0.00284946
-0.0147476
0.228931
0.490408
-0.0679372
0.0743178
-0.789503
0.415783
0.219121
1.06369
-0.167719
0.1517
1.03923
-0.461194
0.182263
0.536608
0.242897
0.497682
-0.0297866
0.15851
-0.137181
-0.0499921
-0.158935
0.557781
0.00997439
-0.546394
0.334095
-0.276981
0.395531
-0.194605
0.0847165
-0.0484288
0.038627
0.654141
0.983253
-0.687383
-0.54081
0.439537
0.447563
-0.267395
-0.828621
0.62013
-0.812546
-0.0560421
-0.571573
0.639001
-0.553866
1.11226
-0.646246
0.622225
0.371126
1.15337
0.251305
0.252438
0.810715
0.66723
-0.0720731
-0.445362
-0.0761301
0.117689
-0.652162
-0.610049
-1.15616
-0.360938
0.0682257
0.500696
-0.183146
0.57998
-0.0709634
0.35113
-0.552291
0.112418
-0.0863989
0.517593
-0.174357
-0.313493
-0.792831
0.251127
0.392796
-0.184204
-0.408623
-0.638775
-1.07048
-0.703856
-0.750686
-0.770692
0.57474
0.200367
0.0739399
0.626305
0.827014
-0.496736
0.147139
-0.844575
0.56975
0.410278
-0.95133
0.212453
-1.0323
-0.82506
0.521281
0.267048
0.362362
-0.664559
-0.57539
-0.471363
0.275104
0.42841
0.0250676
-0.359596
0.67483
-1.7843
-0.571808
-0.519197
-0.150073
0.350843
0.108789
0.21577
-0.470075
-0.158068
0.188342
-0.600281
-0.133375
-0.523466
-0.719195
-0.684667
-0.465877
0.230748
-0.0314267
-0.810979
-0.519272
-0.00460887
0.122391
-0.156477
0.439303
0.709996
0.231379
-1.07291
-0.488466
0.208556
1.19288
0.189399
-0.807768
-0.016223
0.383379
-0.90727
-0.0963072
1.24436
-0.323744
-1.26153
-0.498581
1.27473
0.486171
0.901218
-0.253329
0.612089
0.555778
-0.464085
0.529066
0.285305
0.31652
-0.17653
-0.349569
0.180177
-0.234526
1.16735
0.0957856
0.978015
0.360264
-0.0298971
-0.561006
0.691384
0.211706
0.218538
-0.112574
0.0856132
-0.569032
-0.307792
-0.132236
-0.77555
-0.789777
-0.0627896
0.651486
-0.482611
0.578789
0.203298
-0.278102
0.309128
0.0527169
1.08623
-0.536684
0.621972
1.90094
0.268123
0.242324
-0.0873675
0.84921
-0.203398
0.411525
0.722861
-0.674065
-0.0512278
-0.651417
-0.0761721
0.856753
-0.585145
0.592735
-0.715103
-0.371843
-0.348437
0.0291771
-0.656208
-0.6756
-0.557689
0.320737
0.346408
0.190875
-1.11181
-0.492351
0.0987406
0.613876
-0.259141
-0.0802425
0.131965
-0.339071
1.34439
1.6136
0.64532
-0.587665
-1.17614
-0.326279
-0.074596
-0.41719
0.741833
-0.491235
-0.0759504
0.126266
-0.160514
0.7308
1.00232
-0.854283
-0.283505
-0.658167
-0.863339
-0.252817
0.125064
0.216634
-1.17013
-1.00769
-0.257316
0.433265
0.825165
0.0974405
-0.0397611
-0.159051
0.186541
0.474228
-0.237726
0.0958836
0.146601
0.0608508
-0.597313
0.00945974
-0.369572
0.804784
0.380176
-0.454774
0.863935
0.59769
-0.20332
0.0325204
0.317356
-0.500815
-0.0934377
1.13333
0.602193
0.364177
-0.410989
0.416509
-0.548974
1.46991
-0.543421
-0.144395
0.567159
0.446863
0.887073
0.142067
0.658096
0.5585
0.451947
-0.112622
-0.463202
-0.246636
-1.49653
-0.52336
0.320183
0.244195
0.551203
-0.668486
0.16436
0.157785
-0.190474
-0.104822
1.20723
-1.17884
-0.746232
0.132176
-0.262946
-0.0247354
-0.459196
0.425552
0.778725
0.333515
0.357751
0.0566388
1.10388
0.0518198
-0.141324
0.448129
0.443721
-0.528364
-0.480801
-0.0450268
1.17182
0.855318
-0.246819
-0.815753
0.124723
0.581071
0.710658
0.608563
-0.717727
1.14872
-1.23991
0.18997
-0.185479
0.853668
0.437357
-0.25571
-0.720707
0.797215
0.526147
0.869809
-1.01397
-0.438514
0.600002
0.357762
0.713787
0.804543
-0.541593
-0.650841
0.0392252
0.36307
0.625753
1.03626
0.510606
0.264704
0.63191
-0.527134
0.23674
-0.358875
-0.0882712
-0.148048
-0.0325619
0.355332
1.15815
-0.563802
-0.317716
0.638716
-0.645188
0.517677
-0.419648
0.107805
1.26762
0.759661
0.174493
-0.0105947
-0.606507
0.887234
0.230948
0.0481689
0.51497
0.337467
-0.76906
-0.904599
-0.204502
-0.231024
0.677825
-0.373195
0.230822
0.24329
-0.73918
0.33534
1.07884
0.0702826
-0.181529
-0.30327
-0.613591
0.326468
0.381364
-0.281691
0.279322
-0.266811
0.658427
0.957466
-0.355612
-0.321357
0.588981
-0.899517
1.08415
-0.718368
0.242534
-1.30021
0.319418
-0.844686
-0.353648
0.164654
0.0123984
0.793844
0.248635
0.872414
-0.00679333
-0.298726
-1.04167
-0.175776
0.770232
-0.53158
0.32096
-0.660923
0.206535
-0.0801298
0.197732
0.259546
-0.137546
1.13365
0.818533
0.0289837
-0.166483
-1.24161
0.845572
0.321652
0.363796
-0.0996511
0.180082
0.431954
0.672462
-0.763295
0.318738
-0.122965
0.165802
-0.10872
1.73906
-0.198265
0.182914
-0.210373
-0.269016
0.048905
0.59319
-0.502289
0.135876
0.512575
-0.658975
1.08018
0.261845
0.106423
0.113926
0.23307
0.604869
0.0646712
0.569733
0.481956
-0.483487
-0.219941
-0.887569
-0.118929
0.442531
0.804568
0.0492699
0.565681
0.288176
0.0180518
0.427042
-0.154077
-0.0854264
0.199756
0.412074
-0.37742
-0.37118
-0.0500813
-0.180996
-0.43848
-0.856763
-0.326295
-0.379168
-0.18517
-1.02247
-0.753596
-0.175531
0.670592
0.580401
-0.717352
-0.320515
-0.801235
0.280148
0.103569
1.33009
-0.556421
-0.537613
0.150032
0.39197
-0.76053
-0.153033
0.0345685
0.1087
0.48823
0.11368
-0.243085
-0.0458124
-1.28181
0.170963
0.654496
-0.366603
0.037166
-0.562128
0.371529
-0.315057
0.243008
0.133075
-0.196946
-0.0370321
-0.532021
-1.03052
-0.629424
-0.313404
0.49926
-1.01596
-0.210853
-0.416487
0.452569
0.328309
-0.221653
-0.301772
-0.267186
-0.00229301
0.174625
0.190908
0.695777
0.629118
1.09903
-0.423839
0.342047
0.284554
0.905356
0.585326
-0.0627517
0.785273
-0.249873
0.220361
0.495491
0.266799
0.0458823
-0.266827
0.102666
0.809439
1.46783
-0.0813407
-0.217295
0.511844
0.878806
-0.126758
-0.0426251
-0.600151
0.00185341
-1.30484
0.207191
-0.170136
-0.119901
-0.472345
0.398606
-0.574764
0.175626
0.495851
-0.21418
0.520392
0.645403
-0.13235
0.745166
1.08421
-0.0179406
-0.395081
0.345105
-0.626654
0.190139
0.751797
0.571588
-0.000173123
-0.918318
-0.0596221
0.843169
-0.0202819
-0.160132
0.581065
0.388702
-0.598982
0.496884
0.532031
-0.914762
0.0785994
-0.0652542
0.255697
-0.129519
0.0360741
0.402139
0.377904
-0.41377
-0.185066
0.0335344
-0.798076
0.468362
0.121153
1.51123
0.345606
0.0263406
-0.0973298
0.481837
-0.0355195
0.414706
-0.229068
-0.846227
0.103425
-0.325053
-0.467129
-0.195356
0.556141
1.81546
-0.464461
-0.821986
-0.483951
1.90613
-0.503793
-0.199418
-0.0967387
-0.190669
-2.00758
-0.910596
0.151807
-0.323442
-0.184979
0.487671
-0.0683029
0.525109
-0.114778
0.31114
0.349686
0.574523
-0.471796
0.882393
0.514703
0.490562
0.982331
1.33257
-0.279107
0.545529
-0.350823
0.697396
-0.195596
-0.58151
0.4287
-0.585225
-0.32156
0.338674
0.301213
-0.222334
-0.26401
-0.0563954
-0.265573
0.0131528
-0.424295
-0.854625
0.464603
-0.697522
-0.939355
0.397517
-0.460193
-0.154746
0.187522
0.430755
0.673087
-0.108746
0.866737
-0.899436
0.595427
0.152031
-0.963699
0.136784
-0.0947297
0.17223
0.282052
0.0474208
0.594801
-0.536486
-0.0900816
-0.313464
-0.735051
-0.0413555
-0.387759
-0.139135
-0.663264
1.22587
-0.453556
0.855667
0.967892
0.0672885
0.281546
0.784105
0.553873
0.0797007
0.590733
-0.833231
-0.0826713
-0.344786
-0.191783
-0.120076
-0.327749
-0.0142979
0.176983
-0.551478
-0.186083
-0.29423
-0.830696
-0.570441
0.956868
-0.9033
-1.11987
0.266914
-0.167804
0.595094
0.951461
0.353328
0.350931
-0.268445
1.27805
-0.910007
-1.19361
0.242994
0.41372
-0.673349
-0.480218
1.00565
0.186837
-0.608054
0.0489743
-0.113298
-0.916044
0.0169233
-0.0978635
-0.166272
0.455115
-0.758181
0.00241899
0.151368
-0.140589
0.300596
1.43375
-0.315967
-0.565671
-0.136718
0.0774947
-0.339465
0.351596
0.107426
-0.0680883
0.827929
-0.724867
-0.680346
0.234424
0.00278496
0.0267484
-0.215082
-0.838505
-0.816559
-1.24593
0.0382389
-0.142728
-1.65627
0.526989
0.620186
-0.00370629
0.176845
-0.946571
0.0425066
0.771234
0.258367
-0.87741
0.672045
-0.153816
0.19341
0.186763
-0.190842
0.147974
0.274664
0.244825
-0.34153
-0.140144
0.511779
0.65306
-0.197492
0.21087
-0.262357
-0.140241
-0.491143
0.245782
-0.512103
0.606999
0.450652
-0.0180177
0.853679
0.279117
-0.462754
-0.81391
-0.551603
0.409802
0.740154
-0.976864
-0.364337
-0.699795
0.397757
0.723282
0.409554
1.06037
0.143521
0.148818
-0.536485
0.348846
-0.0419098
-0.315278
0.462584
1.78153
0.389692
-1.24436
0.935232
0.309516
-0.224081
0.116202
-0.0860884
0.153464
0.528494
-0.704408
0.356585
-1.03453
-0.611212
-0.245688
0.538701
-0.0470741
-0.188941
0.0905163
1.0191
-0.554818
-0.148289
-0.189583
-0.593129
-0.714944
1.26749
-0.851508
-0.642907
-0.565059
1.07703
-0.607024
-0.149697
1.00171
-0.640001
-0.175955
-0.235468
-0.610634
-0.285602
-0.23797
-0.319925
0.253558
-0.153485
0.288256
-1.07329
-0.470119
0.581248
-0.258204
-0.266373
0.366265
0.047931
-1.11682
0.603736
0.311308
0.700984
1.05344
-0.630628
-0.428235
-0.188818
-0.518343
0.583747
0.336848
-0.240229
0.638544
0.498049
-0.115008
0.255959
0.870791
0.179559
0.232328
-1.04933
0.338323
-0.0567107
-1.25695
0.12628
0.813412
-0.394143
-0.0189386
-0.498833
0.604353
-0.512442
0.161512
0.453082
0.0532743
0.561109
0.204583
-0.134435
0.886509
-0.069318
-0.417788
-0.236609
-0.461002
-0.712055
-0.471795
-0.880854
0.421405
0.531366
0.402442
0.0318805
-0.766732
0.811692
-1.02802
-0.249316
-0.339301
0.294617
-0.400338
0.188306
0.251555
0.171801
-0.427401
0.660018
0.184895
0.395848
-0.557725
-0.860658
-1.30676
0.312376
-0.536096
-0.290705
-0.422316
0.99119
-0.322016
-0.156503
0.349682
0.165611
-1.12022
-0.684109
0.691951
-0.795972
-0.22897
0.165873
-0.334064
0.42643
-0.612106
-0.132089
-0.281961
0.6141
0.240422
-0.00575768
0.0573382
0.241719
-0.251125
0.19861
0.586337
0.709851
0.942115
0.169327
0.526773
0.286409
-0.926772
-0.147295
0.300094
0.34466
0.468906
-0.655346
-0.080535
1.59998
1.15922
0.427093
-0.445939
-0.90669
0.864311
0.231087
0.485928
0.0714685
-0.33746
-0.220071
0.818707
0.287949
-0.252937
-0.262676
-0.370484
-0.509105
0.943396
0.841266
1.12198
0.676638
-0.0451113
0.0382598
-0.554583
-0.226071
-0.347832
-0.489792
-0.477383
0.330088
-0.0975151
-0.325262
1.33375
0.687669
-0.766349
-0.45966
0.551969
-0.753762
-0.777779
-0.34747
-1.39563
0.886238
-0.729752
0.253929
0.00504202
-0.62122
1.83879
0.243049
1.18767
0.213951
-0.204888
-1.05422
0.276142
0.57205
-0.0194224
-0.333219
0.964179
0.877085
0.843627
-0.0181833
0.286558
0.12833
2.08626
0.455717
0.395286
-1.53531
-0.251783
0.812225
0.385077
0.599879
1.1142
-0.00788361
1.22639
0.513429
1.18125
-0.926948
0.626885
0.0420512
-0.599373
-0.596398
-0.725815
-0.262992
0.789986
-0.0319322
0.000411333
0.0511822
-0.353898
-0.154629
0.570862
0.756326
-0.0866555
0.409098
-0.534573
1.6386
0.889751
1.51478
-0.208133
-0.4014
0.284842
0.921629
0.102292
0.783831
1.1998
0.378455
-0.00700548
-0.590811
1.18589
-0.00871602
0.740705
-0.379787
0.221961
-0.33758
-0.171845
0.63908
0.988989
0.0927636
-0.921038
0.545802
-0.479051
0.185098
0.0939409
-1.34833
0.671972
0.223794
0.281397
0.256096
1.59304
-0.115824
0.505282
-0.319195
-0.706644
-0.651151
-0.030464
0.997501
1.83722
0.759584
-0.826724
-0.284022
-0.267378
0.331938
-0.740632
-0.47153
-1.05861
0.377881
0.532136
0.568837
0.0580747
1.40241
0.414721
-0.326042
0.120225
1.20589
0.98211
0.944836
0.408677
0.994941
-0.352536
-0.446938
-0.75549
-0.0217085
-0.645057
-0.431453
-0.102633
0.518001
-0.437834
-0.436988
0.111315
0.0879308
-0.234081
-0.309827
-0.519407
-0.299082
0.337774
0.0905233
-0.32194
-0.259239
0.292256
0.113006
-0.0680454
-0.891735
-0.922308
0.718385
0.386331
0.279337
-0.039696
-0.395494
-0.798023
0.0395395
0.349059
-0.80703
-0.172533
-0.497355
0.0929492
-1.24694
0.206859
-0.0212529
-0.0900518
0.422601
0.304766
-0.766265
-0.165805
-0.0639815
1.20311
0.313632
0.0359125
0.930238
0.19218
-0.551226
-0.763859
0.752979
-0.170465
0.558379
-0.460996
0.0746967
1.40496
-0.653141
1.25418
-0.176915
-0.969698
-0.285838
-0.500733
0.299928
0.6787
-0.785298
0.840408
0.774817
-0.305895
-0.0915958
0.239378
0.38639
-0.905263
0.742674
-0.109021
0.389336
-0.941491
0.728579
0.120299
-0.504463
0.775668
0.298319
-0.429656
-0.479466
0.173141
-1.23589
-0.103269
0.0302205
-0.499489
-0.650526
-0.102157
0.281168
0.437224
-0.253496
-0.529611
-0.108989
0.53282
-1.08882
0.748102
-0.614254
-0.820883
-0.934129
-0.359883
-0.149475
0.256761
-0.341889
-0.44096
-0.0931179
0.163741
-0.618585
-0.452806
0.618957
1.02914
-0.454913
-0.386524
0.582645
-0.30419
-0.0727354
0.375297
-0.0432631
-0.361702
1.13519
-0.235802
-0.224689
0.32489
-0.426823
-0.687581
0.339715
-0.171385
0.887568
0.686809
0.783855
-0.306956
-0.647498
-0.995082
-1.12774
-0.186709
0.289659
0.470335
0.725035
0.0106908
-1.33291
-0.547888
0.0205698
0.384364
-0.723505
-0.637967
1.11286
-0.617674
-0.10087
-0.371586
0.0463988
-0.165718
-1.37184
0.998792
-0.523177
-0.182523
0.366748
-0.434477
0.34028
0.964741
0.0143473
1.12458
0.515693
0.0439373
-0.331402
-0.0678163
-0.43555
-0.056862
0.133507
0.688188
0.574308
0.675181
0.381857
0.979575
0.860794
0.509284
0.943754
-0.431024
1.08812
0.464239
-0.219758
-0.438397
0.444275
-0.239771
-1.18302
1.37409
-0.288463
1.39234
0.730393
0.380235
0.753912
0.523583
-0.0083048
0.029996
0.184191
0.438832
-0.220612
-0.58706
-1.29763
0.622487
-0.0629589
-0.247826
-0.409207
-0.27641
0.470954
0.317033
0.115645
-0.00723636
-0.340851
0.521631
-0.502663
-0.59486
-0.448986
0.445538
-0.091552
0.410061
0.366158
-0.126204
0.380421
0.745773
0.807575
0.348423
0.0183065
-0.536445
-0.101764
-0.381801
0.235654
-0.351723
0.651389
0.297951
0.179251
0.621805
0.511645
0.367306
-0.447492
-0.813806
0.624584
-0.274316
-0.0591723
-1.1244
0.88153
-0.312164
-0.616233
0.901087
1.031
-0.324143
0.385619
-0.0277003
-0.177547
0.462558
0.115022
-1.17702
0.0849038
-0.533697
-0.333893
0.00790286
0.874824
1.68804
0.761655
-0.360878
0.88215
1.41457
0.819179
-0.652366
0.255466
0.285863
0.214023
-1.32963
-0.11875
-0.104634
-0.637432
-0.155461
1.02471
-0.0279383
-0.456376
0.0555038
-0.0362419
0.320043
-0.998507
-0.0632285
-1.157
-0.415088
0.410743
-0.0730227
-0.241304
0.358506
-0.325398
-0.268454
0.490291
-0.393024
0.515934
0.453836
0.287976
1.22351
0.244766
0.312968
0.26245
0.52249
-0.471887
0.542872
0.109861
0.765983
-1.20232
-0.141514
1.46707
-0.66772
0.659791
0.280896
0.164865
-0.588313
0.0504703
0.323807
-0.543313
-0.773583
-0.21625
0.0892574
0.107357
0.664727
-0.410095
-0.663343
0.921463
-0.689124
0.372239
0.395659
0.102774
-0.578796
0.637987
0.411918
0.692802
-0.216016
0.057664
-0.220818
-0.365717
0.192487
0.0147553
0.109845
-1.09403
0.537729
0.16731
-0.332568
0.383174
0.228038
-0.34349
0.944543
-0.385339
-0.797185
-1.04811
1.6291
0.0875876
-0.309385
-0.0874018
0.37532
-0.171795
-0.469196
-0.0768206
0.31586
-0.965285
-0.695976
0.555526
0.285892
-0.121744
0.0321618
1.34301
1.51692
0.934967
0.408302
0.303744
0.152356
-0.197911
-0.333202
0.58209
0.265851
0.43656
-0.957701
0.652799
-0.294223
-0.380818
0.552884
0.627335
-0.629092
-0.396549
0.52304
0.11963
-0.362022
0.572356
0.825793
1.03954
0.0187449
0.512465
-0.098437
0.0228939
-0.378699
-0.133918
0.515838
0.229922
1.11393
-0.246188
0.670666
-0.684028
-0.00439679
-0.100877
-0.118766
-0.274921
-0.232509
-0.434693
-0.741565
0.331608
-0.458151
0.25142
0.522178
0.232643
-0.796374
-0.365289
0.411439
1.25073
0.613078
-0.851368
-0.314177
1.6032
0.0620734
-0.220134
0.71239
0.0461032
0.642486
0.217318
0.361953
0.670818
0.65423
-0.0288171
-0.922908
-0.0438809
-0.80339
-1.05659
0.866009
-0.41034
-0.169786
0.191225
0.138932
0.256127
0.03961
-0.780633
0.55822
0.159687
0.0925883
-0.860098
-0.643378
-0.594585
0.228972
0.580932
0.904422
0.436381
1.65491
0.234884
1.00838
0.0393623
1.02761
-0.386881
0.25135
1.64364
0.0925751
1.2925
-0.694302
-0.624212
0.295298
-0.0167293
-0.7225
0.158043
-0.682809
-0.743024
-0.188783
0.140389
0.187133
-0.131554
-0.850397
0.0634111
0.39545
-0.322788
0.12441
-0.245193
-1.07633
-1.00186
0.116959
-0.319927
-0.309734
-0.324881
-0.9757
0.930543
0.874264
-0.52632
-0.584226
0.522046
-0.165214
-1.5033
-0.66139
-0.493528
-0.993819
0.717337
-0.568679
-0.36908
-0.0869912
-0.0192254
0.0835559
0.58237
-0.945817
0.429912
0.245941
0.827517
-0.149273
0.853399
-0.124595
0.251794
-0.348234
0.76417
0.141268
-0.84627
0.579988
-0.770445
0.187265
-0.285949
0.355109
0.450134
-0.166562
-0.487464
0.170063
0.0222725
-0.229168
0.187775
-0.594405
-0.00133476
-0.249735
-0.275114
-0.316494
-1.48606
0.720614
-0.943916
0.147924
-0.763965
0.612811
-0.0453331
0.135715
0.553433
0.159426
0.730842
0.147226
-0.608203
0.716221
0.682879
0.302135
0.965266
-0.133457
0.0385004
0.186153
0.534628
0.155127
0.129167
0.678111
-0.179543
-0.354441
0.178682
-0.568534
0.974324
-0.298678
-0.0596762
-0.399744
0.574864
-0.3688
0.508118
-0.328683
-0.733074
0.523551
-0.461746
0.270492
-0.288084
0.126051
0.410448
0.0998153
1.00854
-0.56966
0.0192444
0.272251
-1.10299
-0.418056
-0.616681
-0.608113
-0.501725
-0.961233
0.453215
-0.816723
-0.0190668
0.207419
-0.160262
-0.342165
0.0108062
1.10893
-0.15572
-0.379937
0.413703
1.19513
-0.900623
-0.629126
-0.0924439
-0.29232
0.0178731
-0.659076
-0.232636
0.447966
-0.25772
-0.386557
0.0667685
1.25443
0.118168
0.0860524
0.493299
0.3289
0.153656
-0.29695
0.370562
0.119471
-0.745106
-0.627369
-0.509587
0.259101
0.212421
-0.489445
0.861603
0.320887
0.150873
-0.0258952
0.118211
0.504726
0.918408
0.62609
-0.805533
0.0471264
0.306166
0.138839
0.616289
-0.812107
0.772991
0.333028
0.444992
0.362366
-0.378941
-0.122721
0.504411
-0.141518
-0.125298
1.93196
-0.0553954
0.136459
-0.44322
0.0864616
-0.27074
0.391169
-0.200753
1.2546
-0.575239
-0.866905
0.247605
0.0904547
0.0982719
0.190274
0.92383
0.265315
-0.733896
-0.133471
-0.219228
0.338665
0.586809
-0.258755
0.0227549
0.130958
-0.485881
0.451308
-0.559509
-0.783108
0.525696
0.173195
-0.0881336
-0.219158
0.211661
0.11266
-0.136494
0.119959
0.67285
0.279993
-0.478371
-0.234405
0.0329649
1.31199
-0.00917889
0.395215
0.715396
-0.973499
-0.489039
0.274051
-0.42972
0.256514
0.433052
-0.321231
-0.438223
-0.484891
0.0137325
-1.1083
-0.390836
-0.19112
-0.494919
-0.602346
-0.0309771
0.841217
-0.563093
-0.835055
0.513956
-0.425932
-0.838736
-0.588781
0.268413
0.262083
0.0668552
-0.525457
-0.4583
-1.00228
-0.874792
0.1821
0.279384
-0.303944
-0.638255
-0.320116
0.063184
-0.21343
-0.857673
-0.294501
0.212735
-0.0290309
1.92842
-0.41293
0.463187
0.89965
0.993869
0.389113
-0.938966
0.0426299
-0.517542
-0.491044
0.800537
-0.791374
0.643705
0.737218
0.0947531
0.218817
-0.289367
-0.678208
0.951069
-0.40673
0.695919
0.17743
-0.222742
1.72137
-0.15348
-0.23942
-0.801245
-0.339114
0.945671
0.0351401
-0.43246
0.806644
0.122061
-0.0982715
-0.155599
0.697968
0.115641
-0.850809
-0.360361
-0.558036
-0.150056
0.16021
0.765813
-0.304394
0.318467
0.576034
-1.50403
0.390622
0.17629
0.554021
0.592925
-0.205471
-0.320671
0.197523
0.781721
1.05092
0.0394319
-0.251926
1.0887
-0.936185
-0.926132
0.519195
-1.18426
-0.309165
-0.132604
0.0204415
-0.26329
0.46647
0.121743
-0.973578
-0.437947
0.49768
-0.165321
0.864731
0.511517
0.470643
-0.739017
0.0687311
1.01463
-0.131163
0.0676898
0.978554
-0.562778
-0.266824
-0.416907
0.107241
-0.185595
-0.777998
0.0469099
-0.720152
-0.923568
-0.635675
-0.544473
-0.492273
0.810743
-0.179986
-0.584535
0.52038
0.155081
0.196953
-0.0889553
-0.526325
0.131179
-0.542711
1.22541
0.126124
0.122274
0.650894
-0.950347
0.0936783
-0.713973
0.278912
-0.52474
-0.0090547
-0.545292
-1.10211
-0.180201
-0.183537
-0.336389
0.279948
1.06677
0.670957
0.312776
-0.300061
-0.689642
-1.13217
-0.365547
-0.331325
-0.741945
-0.409975
0.0231907
0.437
-0.103969
1.11827
-0.294367
-0.470185
-0.0268119
1.02471
0.291366
-0.666055
0.480296
0.101142
-0.932281
0.444039
0.00934938
0.523561
0.799538
0.527377
0.315678
0.0106436
-0.331878
0.454688
0.0492456
0.0261984
0.680008
0.0068544
-0.865553
0.167905
1.1645
-0.106146
-0.563327
-0.460605
-0.5026
0.920371
0.0710597
-0.89303
0.206849
-0.0292063
0.676353
1.40588
-0.420828
-0.232117
0.95278
0.150321
0.388923
0.315736
0.525533
-0.308318
-0.60142
-0.207016
1.1422
0.813337
0.314342
0.636966
-0.770437
0.587229
-1.37669
0.389101
1.20317
-0.505318
-0.691443
0.694063
0.285573
-0.51896
0.312167
0.721006
0.417907
-0.226921
0.413423
0.613991
0.564045
-0.443405
1.77807
-0.918215
0.110044
0.89819
0.0160515
0.59064
0.0173715
0.0952033
0.552038
0.0567354
-0.583601
0.298495
0.522516
1.61799
-0.00851051
0.0800226
-0.0598022
-0.00307931
-0.40522
0.0716112
0.307899
0.450939
0.0350302
-0.0453999
0.297045
0.0372942
-0.159253
-0.109943
-0.50403
0.384586
0.848433
-0.43745
-1.21544
-0.101273
-0.125942
-0.151493
-0.200544
0.628381
0.394877
-0.416467
0.517731
1.05177
0.598298
-0.287049
0.5292
0.0333537
0.171115
0.0710807
0.547877
-0.397527
1.39913
-0.0470309
0.68197
0.740632
-0.341481
-0.929499
0.564602
0.254376
-0.659942
1.09923
0.485442
-0.618938
-0.157354
0.246824
0.0481835
0.872796
0.0964289
0.0089577
0.781297
0.321775
-0.313194
-0.5257
0.405513
-1.0986
0.850331
0.218417
-0.156353
-0.575131
-0.715241
-0.113154
-0.189248
-0.841202
0.216984
0.0887158
-0.439949
-0.175723
-0.755595
0.743269
0.45909
0.944226
0.851633
0.554622
1.60407
-0.470363
0.284735
-0.943798
-0.459716
0.418878
1.24826
0.230468
0.119604
0.360366
0.255315
-0.506971
0.959901
0.12087
-0.821491
-0.0365711
0.612484
0.143289
0.964125
0.218765
-0.403513
0.492886
-0.160434
1.05978
-0.0594974
-0.0893849
-0.388654
-0.0823681
-0.254638
-0.898524
0.314659
0.336762
0.0796751
-0.94282
-0.709122
0.512871
0.971455
0.408852
-0.728394
-0.281853
0.279594
0.347347
0.338847
-0.0317183
0.224525
0.797283
-0.409292
-0.12775
-0.724982
-0.899486
-1.34117
-0.57573
-0.404178
0.57589
-0.517703
-0.034819
-0.397288
-1.02696
0.48616
0.485327
0.504041
0.573915
1.19322
-0.447781
-0.275326
0.111992
0.16791
-0.660632
0.306511
1.07613
-0.280632
-0.124244
0.0844343
0.416851
-0.324238
-0.810241
-0.0413923
0.0662758
-0.118712
-0.808337
0.130439
-0.289521
0.0761777
0.250422
0.791865
1.25888
0.286278
-0.170128
0.119
-1.21875
0.604123
0.677203
0.887463
0.673303
0.396311
-0.454027
0.0955918
-0.287923
-0.318832
0.521216
-0.14412
-0.350707
0.514307
-0.989367
-0.0443199
-0.12049
0.937597
0.574902
-0.840013
-0.295275
1.00512
-0.159481
0.572159
-0.240789
-0.174278
0.782656
-0.119665
0.279278
1.44946
-0.251393
0.0714195
-0.159534
-0.541714
-0.293128
0.101342
-0.255364
0.461668
-0.279609
0.756698
0.508502
-0.269713
0.0660453
0.22633
0.388055
0.244461
0.375186
1.1471
0.0235606
0.656981
0.809182
-0.245839
0.460296
0.272934
0.565193
-0.504362
-0.396944
0.123411
0.637645
-0.0331831
0.0923187
-0.331561
0.491732
-0.995559
-1.32394
-0.0612989
0.67177
-0.277552
-0.702375
1.19005
-0.76485
0.340268
0.894473
-0.64617
0.0484827
0.598553
-0.121314
1.07987
-0.156771
0.0394202
0.136625
0.014674
0.00144305
-0.305599
0.293534
-0.487125
0.300056
-0.0160991
0.801655
-0.443947
-0.591518
-0.234749
-0.547277
0.118623
0.419969
0.0751481
0.189948
0.545127
0.676997
0.802032
-0.157475
0.278441
0.755357
0.48056
0.472042
0.0552851
0.78199
0.81237
0.941888
-0.691034
0.367023
-0.320242
0.667618
0.121244
-0.68858
0.41146
0.393885
-1.0753
-0.0563351
-1.64877
-0.750267
0.861169
0.363253
0.0820368
-0.247242
-0.61465
-0.458093
-0.226371
0.76881
0.680163
-0.744717
1.26916
1.0105
0.752071
-0.126042
-0.464054
-0.702851
-0.185194
0.00656317
-0.730558
0.0144143
0.0224527
-0.591788
0.953977
0.129683
0.432739
1.01853
0.335372
0.836457
-0.950995
-0.731237
1.07512
0.407293
0.707624
1.47738
0.338016
1.05217
0.636724
-0.193796
-0.898801
-0.00237419
-0.368612
0.402593
0.794564
0.442966
0.523869
0.763716
-0.43925
-0.778501
0.847571
0.498916
0.0884109
-0.123232
-0.541808
0.683663
0.410167
0.0951684
0.373344
-0.499516
1.12761
0.527417
0.672515
-0.796222
-0.662294
0.45018
0.567108
0.346036
-0.236828
1.08373
-0.37891
-0.326954
0.143752
0.276875
0.399049
0.032283
-0.516537
-0.112536
-0.0997686
-0.60217
-0.514516
0.279933
0.0744311
0.257025
-0.463482
-0.810463
-0.295741
0.407069
0.699125
1.03806
-0.587148
0.467917
-0.444699
-0.137137
-0.0690998
0.25281
-0.641843
0.932268
0.504904
-0.0890626
-0.24061
0.539883
0.366923
-0.100786
-0.402964
-0.256033
-0.24834
0.223954
-0.130142
-0.131943
0.407132
0.497947
0.813205
0.195927
0.202355
0.759171
0.300946
-0.213271
-0.558529
0.33934
-0.0903155
-0.547946
0.709295
0.0212449
-0.123123
-1.06798
0.599964
0.171224
-0.0259332
0.601547
-0.330009
0.645942
-0.504807
-0.562377
-1.08876
0.438259
-0.209244
0.370647
-0.305149
0.433637
0.362178
-0.985212
-0.540528
0.464251
-0.0454716
0.539322
-0.501778
-0.569701
0.0604362
0.0967533
0.61484
0.846008
-1.0042
-0.290572
-0.204042
-0.0817582
0.307068
0.714343
-0.621593
-0.650868
0.292212
0.439364
0.166914
-0.428323
-0.602073
-0.650542
-0.169259
0.622162
-0.984425
-0.0297814
0.785966
-1.13449
0.0519
-0.12648
-0.814115
-0.354583
-0.922486
0.874629
0.297984
-0.125164
0.466913
-0.104738
-0.605478
0.856743
-0.146087
-0.674825
0.289068
-1.0024
0.0602019
-0.256782
-1.52232
0.0862015
0.920274
-0.360618
0.599846
-0.200774
0.203225
0.939023
0.838347
0.160529
0.558758
0.940612
-1.21331
1.06569
0.167958
-0.18209
0.562926
0.634801
-0.0490897
-0.111494
-0.589726
-0.439598
0.680646
0.400297
-0.678272
-0.342309
-0.327242
0.152824
-0.58121
0.0839225
-0.328078
-0.398631
0.174001
0.667718
0.679339
0.277299
0.598974
0.45964
0.178549
0.401447
0.525104
0.0723004
-0.141957
1.0509
-0.851367
0.149652
0.921726
0.121217
-0.289272
-0.946486
0.406888
-0.417127
0.136921
0.895466
-0.0385511
1.22901
-0.528956
0.721095
-0.191951
0.237275
-0.299238
1.36946
-0.452426
1.25481
-0.86652
0.237619
0.378471
0.377741
0.532724
0.00306364
-0.970883
-0.400109
-0.876793
0.235361
-0.501615
1.48964
0.298945
-0.153724
-0.734693
-0.220565
0.252558
0.664261
-0.268509
1.1185
-0.118478
1.24355
0.282748
-1.25471
0.141673
0.0873854
0.198836
0.941615
0.3462
-0.256783
-0.351865
-0.790568
-0.648854
-0.154391
0.465341
0.224094
0.650992
-0.468184
0.653212
0.634032
-0.286725
0.0548996
0.553152
0.297933
0.124634
-0.276658
-0.224603
-0.659384
-0.660545
0.877941
-0.267799
1.1899
-0.424145
0.560794
-0.469145
-0.257396
-0.105861
-0.158849
-0.206103
-0.0287292
0.0127268
0.0954878
0.62462
-0.695094
0.266789
0.145878
0.501926
-0.125001
-0.00733996
-1.32203
-0.212637
0.843503
0.661808
0.0228124
-0.156354
-0.220207
0.760136
-0.274434
-0.092105
0.0809537
0.0972934
0.584532
0.271121
-0.853625
-0.128634
-0.466483
0.619108
-0.319969
-0.454325
0.867147
-0.607288
-0.602417
-0.523742
0.0849807
-0.0280342
-2.07517
0.918925
-0.0458736
1.13644
0.272121
0.515432
-0.421862
0.195127
-0.985115
0.299869
-0.730099
-1.08287
1.13969
-0.623237
0.964478
-0.29964
-1.19513
-0.636369
-0.0726061
-0.517731
-0.252825
0.126269
0.0855536
0.426552
0.408926
0.038902
0.263294
-0.364744
0.73484
1.41878
-0.779064
0.528723
-0.661013
-0.154851
-1.39173
0.668971
1.11015
0.486438
0.309941
0.828999
-0.161262
0.396231
-0.0163519
-0.635302
-1.1996
-0.0575585
-0.405523
-0.221182
0.31384
0.338649
-0.287728
-0.59079
-0.400196
-0.270856
-0.688022
-0.112243
-0.363686
-0.345224
-0.615769
0.137927
0.396701
-0.484439
0.180413
-0.118519
1.11387
-0.217768
-0.992463
-0.176582
-0.0117824
0.0791908
-0.0416826
0.473683
0.196499
-0.69089
1.7802
-0.804226
-0.372705
0.837109
-0.0521762
0.529385
-0.0327677
-0.654814
0.230953
-0.0641988
-0.566088
-0.401597
-0.840376
-0.732397
-0.0252472
0.249232
0.559338
0.00564351
0.0708716
0.745363
0.0765133
-0.540248
0.525285
-1.13549
0.076305
-0.00541919
1.35917
0.157356
0.190448
-0.174597
-1.16603
-0.428945
0.674851
-0.947687
-0.0119618
0.191219
0.368221
-0.362804
-0.173649
-0.186323
0.24018
-0.153499
-0.94705
0.253947
-0.52682
0.481591
-0.0848905
-0.998652
-0.0453707
0.245726
0.359812
0.250976
-0.714275
0.405885
0.0761856
0.221662
0.290622
-0.877949
0.186545
0.371197
0.642442
0.919507
-1.18297
-0.344687
0.333804
-0.671333
-0.839921
0.430719
0.142294
-0.780709
0.719702
-0.334226
-0.677852
0.428634
-0.574225
-0.920281
0.710364
-0.266664
0.425341
-0.338411
0.300411
-0.0111626
0.0912023
0.535069
-0.401695
-1.79763
-0.0910061
0.551044
-0.611766
-0.0955558
-0.315679
0.625194
-0.0891669
-0.147286
0.240168
1.38299
-0.962927
-0.780192
-0.283181
-1.01566
0.213135
0.368155
0.974325
-0.83402
0.601592
-0.192968
-0.833842
0.0197368
0.0468148
-0.948684
0.434715
1.08901
0.904146
-0.951574
0.0844094
-0.188045
-0.778701
-0.396792
-0.341022
-0.273299
-0.767038
0.50444
0.315237
-0.121953
0.32837
1.21511
-0.0106655
-0.363516
1.34402
-0.13715
0.283792
0.150033
-0.327328
0.414468
-0.85374
1.51249
-0.707241
-0.160807
0.890228
-0.0904402
-0.145603
0.410998
-0.940191
1.2311
-0.288891
0.418717
0.535043
-0.08352
-0.476562
-0.0341672
-0.0679465
0.0530489
-0.269477
-0.611212
0.706661
-0.113
0.432522
0.196471
0.109206
0.896951
-0.764813
0.0516757
0.524383
0.18353
-1.40696
-0.543785
-0.803302
0.553662
0.407202
0.467924
-0.682622
0.259964
-0.404397
-0.188331
0.0214651
0.0433525
-1.17673
0.300621
0.542993
-0.846238
-0.115267
-1.18005
-0.0792988
0.0118798
-0.671084
-0.318989
1.12546
0.340389
0.829573
-1.22065
-0.281276
0.840983
0.0060517
0.948793
-0.0762567
-0.06878
-0.135422
-0.0500135
0.627438
0.870993
-0.0177237
-0.560443
0.274109
0.743476
-0.57294
0.00658288
-0.353026
0.202524
0.598041
0.109664
-0.532985
0.587375
-1.59087
0.506169
-1.01026
0.630224
-0.240262
-0.181136
-0.00738215
0.154453
0.133425
0.397763
-0.281732
-0.0857669
0.660969
-1.11751
1.04646
-0.063329
0.0949323
0.049426
1.07968
0.33181
-0.382866
0.312061
-0.192596
0.510219
0.606685
0.313228
-0.104454
-0.849661
-0.345986
0.753122
-1.47387
-0.779418
0.654307
0.268579
-0.00418005
-0.0191394
0.420052
-0.0300783
0.0917832
0.287634
0.73256
-0.978876
0.113519
-0.364249
-0.905353
0.592744
-0.486038
0.0557186
0.457782
-0.502617
0.00335705
0.375326
0.642115
0.980583
0.302523
-0.238855
-0.635501
0.12089
0.389647
-0.194299
-0.731386
0.975406
0.0292644
0.738422
0.609873
0.134833
0.326167
-0.168907
1.5528
-0.229386
0.689299
1.17126
0.869952
-0.261831
0.116492
0.37902
-0.503864
-0.405704
-0.0550475
0.180455
-0.0714687
0.362256
0.151191
1.26883
0.00826231
-0.552938
-0.070627
-0.459287
-0.994036
-0.117995
1.33139
0.36344
-0.677335
-0.114895
0.0359737
0.203102
-0.275541
-0.254824
0.443828
0.302236
-0.950422
0.908194
1.00222
-0.029772
0.437028
-0.457055
-0.284836
0.542897
0.331321
0.45936
-0.79134
0.0552524
-0.616725
0.541641
-0.412482
0.331644
-0.226985
-0.653641
0.568554
0.683158
-0.270934
-0.137869
-1.81772
-0.221557
-1.01439
0.538394
0.270869
-0.220733
-0.414303
-0.301527
-0.466314
0.464626
0.380983
-0.285503
-0.0967932
-0.960623
-0.734384
0.218683
-0.0846656
-0.163396
-0.681367
0.42595
-0.51856
-0.0916591
0.167525
0.560584
0.785282
0.504545
-0.599148
-0.612434
0.595657
-0.108584
-0.718582
-0.356239
-0.13991
-1.07323
0.280624
0.608523
0.444848
0.199709
0.0425365
0.0282703
0.0596446
0.158065
-0.0954526
0.498349
-0.338425
-1.10815
0.301678
-0.12164
-0.237049
-0.242103
0.421006
-0.387025
0.12525
0.0474802
-0.163756
0.223008
0.566089
-0.522749
-0.111197
-0.295487
9.91309e-05
1.49974
-0.469355
0.186154
-0.922703
0.427263
2.27929
0.334188
-0.744092
0.35552
0.0365198
-0.37544
-0.130712
0.726479
-0.00830348
-0.810721
-0.104983
-0.332646
0.781381
0.0596697
-1.422
0.117751
-0.337852
-0.810959
1.15395
-0.359207
0.0853187
-1.04746
-0.823706
-0.337933
-0.0274262
-0.0386369
0.371416
0.387848
0.145157
-0.901189
0.0441908
0.318639
0.142246
-0.136205
-0.118436
0.0484689
-0.206394
0.192774
0.365111
0.0132268
0.674565
-0.18229
0.226806
0.164013
-0.63232
-0.114071
0.362294
0.477867
-1.11005
0.976256
1.13318
-0.470886
-1.34069
0.673383
-0.921799
0.849729
0.720848
-0.404926
0.803966
0.580948
0.48399
1.04462
0.0552988
-0.216484
-0.279818
-0.710938
-0.863591
0.234611
0.00830482
-0.755561
1.09796
0.948226
0.291285
0.378172
0.501147
-0.662615
0.0450934
-0.921674
0.340786
0.744665
0.495349
0.185108
0.0281779
-0.152276
1.09075
0.172577
-0.609585
0.941767
-0.355277
0.0640918
0.376695
-0.327349
-0.167567
-0.025069
-0.595241
-0.177676
0.118778
1.08184
1.48724
0.545748
-0.883251
-0.15635
0.411193
1.16686
-0.982067
0.121789
-0.111437
-0.0285695
0.980004
-0.296667
0.336347
-0.349198
-0.387681
-0.17714
-0.212799
0.669328
-0.54386
-0.733333
0.448062
-0.511473
0.325696
0.180945
0.141007
-0.0385361
-1.53382
-0.045303
-1.24783
0.683502
-0.576139
0.231675
0.812807
0.524119
0.0355089
-0.0960691
0.0202671
-0.403556
-0.259156
0.983379
-0.909801
-0.632862
0.794115
-0.522721
-0.784378
0.583841
0.847536
-0.154797
0.633958
0.413849
0.958184
-0.664636
0.899548
0.205223
1.03053
-0.40621
0.183318
-0.110496
1.14156
-1.194
0.0430722
-0.198646
-0.069212
-0.196723
-0.154672
-0.139147
-0.51577
0.688469
-0.0971725
-0.413539
0.552371
0.382187
0.0435903
-0.319196
1.04566
0.0913802
0.10374
0.479175
-0.524743
0.0317712
-0.0515059
-0.0106606
0.184647
-0.0489136
0.408537
-0.00924422
-0.0677941
-0.370164
-0.201858
-1.60413
-0.486655
0.694057
0.495597
-0.846835
0.0990995
-0.0343451
0.145045
-0.76368
-0.470558
-0.109935
0.349979
0.318212
-0.269236
-0.386412
0.179601
0.138235
0.828073
-0.368872
0.327499
0.848932
-0.265892
-0.126357
0.249597
0.0197039
0.407885
0.0119576
0.0293104
-0.892601
-0.284496
-1.39447
0.345228
0.138311
0.512439
-0.767588
-0.616417
0.00810763
0.175717
0.773282
1.18845
0.232686
0.980897
0.578698
-0.388566
-1.27456
0.531619
-0.675935
0.244219
0.141925
0.012685
-0.12991
-0.156136
0.0888497
0.118111
-0.810156
0.195008
-0.273644
-0.146153
-0.0615865
1.18463
0.232142
-1.04227
-0.219694
-0.379335
-0.184358
0.263844
-0.0747992
0.31641
-0.14286
-0.999907
0.191547
-0.310793
1.23099
0.0508908
0.176605
0.145492
-0.391278
0.0163906
-0.0230975
-0.961576
-0.178428
-1.18972
-0.304306
-0.0868285
0.295123
-0.959313
0.20512
1.42826
1.38524
0.734418
-0.56925
-0.45385
1.02615
0.969363
-0.597361
0.443674
-0.216676
-1.30505
0.76817
0.153045
0.531314
1.66112
0.389994
1.13442
-1.11095
1.64304
0.772096
-0.0197391
-0.905734
0.335698
1.08044
-0.650834
-0.267179
0.105201
0.332939
-0.0844209
0.509148
-0.836616
0.790355
0.218345
-0.816703
-0.564914
-0.037512
0.206557
-0.126747
0.183863
-0.808643
-0.388633
0.244651
-0.420852
0.207292
0.28762
-0.121732
-0.744199
-0.67784
-0.0672318
0.898173
0.352361
0.315024
0.400191
0.271301
0.182036
-0.197199
0.0900791
-0.49702
0.364309
-0.331324
-0.514452
-0.354559
-0.146397
-0.169918
0.149431
-0.107407
0.47545
0.312201
-0.358291
-0.261278
-0.519836
0.00807563
-0.0751096
0.574874
1.02794
0.291454
0.218754
-0.988914
-0.259538
0.68184
-0.411889
-0.035998
0.190396
-0.690108
0.0190822
-0.370936
0.0948876
-0.700033
0.290096
0.102488
0.327883
0.0484883
-0.102894
0.626196
-0.120973
-0.0177084
0.194026
-0.00940477
0.271655
0.46822
-0.650642
-0.589608
-0.271057
-0.424535
0.78365
0.651317
0.212574
0.206633
0.560878
0.929248
-0.25505
-0.257449
0.304707
-0.085455
0.315773
0.439392
-0.300757
-0.0693211
-0.616936
-1.07544
0.126867
0.322339
0.555206
0.222877
-0.658434
-0.12926
-0.175818
0.893396
-0.674297
-0.194936
-0.702439
-1.01533
0.296619
1.26646
0.360951
0.413518
0.472662
0.404849
1.20486
0.68713
0.133045
0.252621
0.649946
-0.68132
-0.980649
0.524924
-0.184028
-0.322612
-0.634
0.864487
-0.285807
-0.276336
0.115875
0.1647
-0.130582
-0.145494
0.942033
-0.25122
0.452865
0.218232
0.71114
-0.437782
0.054484
0.660178
0.616724
0.453311
1.30446
-0.645244
-0.181787
1.00844
0.698255
-1.3278
0.257327
0.138961
-0.798679
-0.843214
0.550235
1.00304
0.370184
-0.715127
1.06761
-0.171197
-0.229178
-0.883157
0.497358
-0.294515
-0.379091
0.505363
-0.38661
0.27369
0.0504261
-0.000785325
-0.568102
-0.515569
-0.459017
0.455431
0.00939683
1.14327
-0.211322
-0.383982
0.572226
-0.40187
0.251207
0.395497
-0.0140232
0.4855
-0.513008
-0.869093
-0.180376
0.803459
-0.0965718
0.823083
-0.822298
1.02814
-0.36509
0.534148
0.0572979
-0.297785
-0.5648
-1.1858
0.493533
0.922912
-0.484542
1.55613
0.450233
0.430456
-0.954017
0.463061
-1.204
-0.529079
-0.537135
0.12568
0.17245
-0.875776
0.029717
-0.0698622
-0.544526
-0.0355313
0.37506
-0.390538
-0.544731
-0.747478
0.186989
-0.562141
-0.153497
0.822372
-0.689678
-0.14896
-0.505247
0.00123786
-0.833784
0.188401
-0.0600459
-0.386433
0.846488
0.140788
0.113586
0.254404
0.476945
-0.18136
-1.30083
-1.14607
-0.860264
0.678656
-0.184282
0.271067
-0.65546
-0.212663
-0.372659
-0.401613
-0.0288493
-0.652476
0.955053
0.0187188
0.436253
-0.0273341
0.550587
-0.361912
-0.237703
-0.0381761
-1.11623
-0.653152
-0.0199917
1.04621
-0.254913
-0.464299
-0.679702
0.0835595
-0.787694
-0.675368
-0.550063
1.12521
-0.211156
-1.02578
0.0991101
0.919944
0.151507
-0.661463
-0.123541
-0.46166
-0.170406
0.699354
-0.490464
-0.240756
0.0131131
-0.606273
-0.120677
-0.501638
0.220597
0.187716
0.427387
-0.0862851
-0.221651
-0.240532
0.0715645
0.816868
-0.664936
-0.207297
0.254989
0.718485
-0.821833
-0.604775
0.844484
-0.173688
0.0803564
0.377681
-0.219473
0.0429798
-0.0906684
-0.276517
0.188494
0.310597
0.0194402
1.05368
0.199159
0.497579
0.334578
-0.595856
0.442523
-0.307372
0.500978
0.067731
0.6241
0.312418
0.125079
-0.172701
0.0269353
0.487018
0.18772
0.187539
0.282921
-0.717207
-0.0549057
-0.479497
-0.545479
-0.436771
-0.226839
0.22875
1.07053
0.209439
0.717071
0.454052
-0.440659
0.181689
-0.472911
0.412714
-0.93967
0.208282
-0.103254
-0.0650862
0.0227828
0.084301
0.679672
0.915522
0.374116
-0.364803
-0.635087
-0.535274
-0.0207192
0.597591
0.799685
0.132068
-0.841005
-0.207138
0.282479
-0.0632574
0.0506879
-0.686158
-0.21076
0.00120132
-0.121163
-0.370327
0.543076
-0.120772
0.211595
0.0459905
-0.536122
1.33038
0.106797
-0.149263
0.0833488
-0.355898
-0.492552
0.080722
1.26087
0.173469
1.15862
-0.525744
-0.600476
-0.460611
0.16895
-0.0978462
-0.582198
-0.313058
0.26479
1.32697
-0.215575
-0.453443
-0.428158
0.726022
0.276751
0.643151
-0.566629
0.602363
0.900883
-0.527051
-0.935002
0.239672
-0.117532
-0.453659
-0.102063
0.693398
0.432125
0.259055
-0.228218
1.16753
-0.0487387
-0.130901
-0.247762
0.362263
-0.661489
-1.11474
-0.0242759
-0.02175
-0.545317
-0.2914
0.160534
0.0272499
0.330794
0.413666
0.231216
-0.404495
1.79968
0.474932
0.0345033
-0.677821
-0.611119
1.09882
1.14951
-0.965357
-0.135798
0.0732176
0.613178
0.118143
0.168837
-0.721709
-0.264334
0.644934
0.0703507
-0.0660822
0.457777
-0.0800745
-0.16336
1.06006
0.158888
0.200837
-0.399224
0.148025
0.92174
-0.457654
0.0361732
-1.44142
-0.28353
-0.126147
-0.257379
-0.471114
-0.671649
-0.825086
-0.071843
-0.613908
1.25148
-0.188048
0.85556
0.803313
-0.253558
0.670028
-0.00468408
-0.0435854
-1.08972
1.05644
-0.156662
-0.818025
-0.0291623
0.558507
0.816344
-0.254359
0.539926
-1.0183
-0.677651
0.230768
0.107572
-0.0231533
0.174964
-0.274972
0.240169
0.440331
-0.0628147
0.0889615
-0.108872
-0.846942
0.108497
1.05566
-0.74499
0.701232
-0.0555027
-1.54188
-1.08974
-0.448723
0.415389
-0.616987
-0.0280821
-0.15792
-0.662552
0.425804
-0.89839
0.0929039
-0.979857
0.187286
0.262347
-0.978814
0.102863
0.885392
-0.213651
0.984849
0.495262
0.176654
0.330204
0.54874
-0.308786
-0.0474226
0.617236
0.183222
-0.459087
0.944771
0.131193
-0.313335
-0.072402
0.0405875
0.526364
-0.776054
0.208477
-0.701351
-0.125148
-0.72369
-1.08588
0.90116
-0.429591
0.0365872
-0.370851
-0.844626
0.135112
1.64809
-0.0654149
0.232197
-0.788676
0.353246
-0.125834
0.719651
0.0256584
1.20233
0.201877
0.464278
-0.30138
-0.921209
-0.249562
-0.365187
-0.283977
-0.381297
-0.607845
1.0516
0.0461434
-0.213771
0.767128
0.50932
-0.562622
0.101486
0.569874
-0.542474
-0.760229
0.578765
1.28869
0.484043
0.631739
0.683152
0.772284
0.311551
0.759611
0.0623133
-0.216203
0.695614
0.425995
0.678261
-0.527226
0.0750431
0.108407
0.0745156
-0.376136
0.703748
-0.260964
0.0171032
-0.341924
-0.370603
-0.242436
0.335809
-0.203091
0.569118
0.151617
-0.236127
-0.114818
-0.86012
0.496858
0.177644
-1.05851
0.24123
-0.294842
-0.377171
-1.38894
-0.632181
0.146452
-0.440117
-1.2031
1.42077
0.8857
-0.467612
-0.0127167
0.396034
-0.0393521
-0.291146
-0.813435
-1.07983
0.410528
0.605489
0.866575
1.48434
0.648952
0.413143
0.03661
-0.65837
-0.344765
0.457004
0.178089
0.760323
-0.0547504
-0.198125
-0.145107
0.814349
-0.269743
-0.0361641
0.748624
-0.988868
0.127637
0.845201
0.382095
0.138546
0.299978
0.0634722
0.116883
0.19162
0.129126
0.245521
-0.102401
0.251095
0.139416
-0.615051
0.146534
-0.620247
-0.00749681
0.0554711
0.741182
-0.227627
-0.201147
0.48429
0.102384
0.405723
0.1218
0.331744
0.385389
0.0755232
-0.798605
0.0506926
-0.775996
-0.692284
0.448836
0.751263
0.317694
-0.220749
0.52294
0.661791
-0.484476
0.407605
-0.0134666
0.100689
-0.508799
-0.998291
-0.589293
0.236716
0.0213239
0.023489
0.710585
-0.419438
-0.739306
-0.568439
-0.725103
-0.206832
0.919475
0.383895
-0.450898
-0.30737
-0.337267
-0.205354
0.402151
0.175644
-0.0804463
-0.838927
-0.762466
0.358551
-0.451343
0.30591
-1.19104
0.0601225
0.154927
0.520306
0.432728
0.876895
0.691172
0.248015
0.0906539
-0.212855
0.25964
0.052455
0.538023
0.25261
-1.15082
0.909393
-0.207862
0.0506091
0.691446
-1.01274
0.164078
-0.79886
-0.337398
-0.123642
0.351158
1.21581
-0.450958
0.159979
0.0917073
-0.505296
-0.682457
-0.771563
-0.877519
-0.425198
0.05293
0.241647
0.0258821
-0.380968
0.139722
0.762288
1.18066
-0.00705086
0.436428
-0.303298
-0.232695
-0.877348
0.022725
0.843395
0.246853
0.530892
1.07209
-0.0451748
-0.61193
-0.315668
0.0256726
0.862444
0.520571
0.636065
-0.815011
-0.190803
-0.040095
0.518936
-0.0469685
-0.426517
-0.0254276
0.390087
0.824618
-0.0715903
-0.373566
-0.858327
0.0401592
0.977164
0.445596
-0.858683
-1.34395
0.13184
-0.572283
0.147219
0.99885
0.208325
-0.420095
-0.635144
-0.326392
-0.274728
0.211082
0.246813
-0.167976
1.33095
0.956229
0.141798
-0.590328
0.116981
-0.0157266
-0.889751
-0.327397
-0.57768
-0.982079
1.09903
-0.303495
0.862459
0.264532
-0.329874
0.853963
0.915111
0.284596
-0.230248
-0.333145
-0.344536
-0.579872
-0.133046
-0.386933
-0.649834
0.908776
-0.917859
0.781686
0.540873
-0.0823808
0.144368
0.495723
-0.182765
-0.189826
-0.649584
-0.466504
-0.0406354
0.638067
-0.132174
-0.772741
0.777028
-0.914083
0.429135
0.58824
0.137492
-0.501342
-0.0829961
-0.261286
0.549129
0.103217
-0.362435
-1.54616
0.55889
-0.135129
1.57516
0.481195
-0.532626
-1.35007
-0.84021
-0.141138
0.325618
0.295577
-0.291537
0.797705
-0.311062
0.394278
0.537958
0.0990851
-0.672858
-1.17416
1.00288
0.155102
0.298048
-0.305214
-0.131614
-0.830016
-1.03168
0.817615
0.520711
0.245913
-0.118272
-0.223891
0.898081
-0.410373
-1.09012
0.0794158
-0.0485531
0.762469
0.456651
-0.758412
1.17761
-0.248656
-0.302815
0.382225
0.428293
0.0567531
0.339591
0.219161
-1.06891
0.158989
0.259351
0.205362
-0.450792
0.147568
1.0638
-0.726661
0.00629496
0.363714
-0.00289344
-0.317518
-0.023748
0.0656059
-0.677654
-0.00335272
-0.873057
-0.483612
0.222329
-0.45274
-1.03032
0.332821
-0.1364
0.439745
0.641133
0.394297
0.56059
0.259259
0.188019
-0.0803146
-1.05931
-0.484803
0.111745
1.22866
-0.999609
0.639253
0.077985
-0.50489
0.441555
-0.834825
0.480947
1.36789
0.549416
0.0784997
0.0504039
-0.35698
0.365275
0.141187
-0.0603496
0.516685
-0.729825
0.398292
0.601854
0.257123
0.744639
0.514939
0.700325
0.842137
-0.0767094
0.207641
-0.554056
-0.325312
-0.311996
-0.0404937
0.498584
0.104898
0.418139
0.850804
0.611833
-0.885987
-0.159702
0.0381096
0.545998
0.996923
-0.667292
1.00798
-0.358582
0.0485675
1.13047
1.20026
0.142141
-0.306069
-0.317857
0.230909
-0.805892
-1.05967
0.0507447
0.353835
0.157101
-1.52634
-0.0378412
0.524627
-0.166254
-0.245426
0.356916
0.287726
0.179295
-0.104134
-0.816585
0.11738
0.0248546
0.712277
0.76826
-0.224032
0.376581
1.06459
0.521451
-0.346979
-0.560643
-0.0518139
0.698111
0.641735
-0.84948
0.324092
0.285344
0.123945
0.371179
-0.962298
-0.565754
-1.13351
-0.677489
-0.850901
-0.166053
0.340977
-0.0796137
0.646708
-1.12772
0.127162
0.274832
0.986318
0.429822
0.746521
0.612233
-0.430624
0.347538
-0.549899
-0.586193
-0.661922
-0.215716
-0.0902459
-0.495284
0.325693
-1.46573
-0.896567
0.0458307
-1.30308
-0.487876
-0.102252
-0.210868
-1.16196
-0.254175
0.13916
-0.809996
0.838988
-0.379304
0.261909
0.147907
0.339658
1.08413
1.38884
-0.85945
-0.290417
1.447
1.37303
0.847776
-0.169427
-1.06394
-0.0475084
-0.628193
0.796132
-0.351592
-0.729438
0.722285
0.303864
0.147428
1.12728
0.224806
0.0399908
0.121446
-1.81517
-0.231061
-0.401121
-0.440799
0.287438
-0.686364
0.400515
-0.416017
-0.475436
0.0584207
-0.92593
0.17304
-0.0781054
1.44008
-0.716226
1.46286
-0.482322
0.129991
-0.0158469
-0.78141
-0.21837
-0.684558
-1.16162
0.290933
-0.134134
0.324974
0.120742
-0.437303
0.0895446
-0.113301
0.428558
0.265115
-1.26961
-0.131097
-0.348861
0.462889
-0.294147
0.0788901
1.34847
1.58285
0.696723
0.132145
0.432339
0.228113
0.616135
0.188577
-0.933188
0.224334
-0.392144
-0.0227395
-0.202425
-0.0148225
-0.463283
-0.83131
-0.0537882
0.225922
-0.673814
0.327794
0.236935
0.0645812
-0.0227162
0.593323
0.0536245
0.478101
-1.59711
0.383983
0.396882
0.387025
-0.580532
0.22126
-0.520671
-0.566488
0.819525
-0.195872
-0.361549
0.0638454
0.970734
0.989901
-0.611667
-0.281765
-0.240408
-0.230897
0.410325
0.0273505
0.897112
-0.314571
0.62764
-0.439616
-1.22344
-1.49128
-0.489269
-0.283776
-0.175019
-1.16659
-1.10345
0.340701
-0.277744
-0.0902578
0.249772
-0.477759
0.273743
0.333789
0.632234
-0.862516
0.293598
0.434363
1.49449
-0.147597
0.703101
0.361368
0.453659
-0.307309
-0.234917
0.352536
-0.670092
-0.913644
-0.394829
0.863074
-0.609652
-0.0899474
-0.330292
-0.65964
0.183465
0.919264
-0.303708
0.0958755
-0.810801
0.944117
-0.11485
-1.12256
-1.09285
1.11135
1.25428
-0.718368
0.184967
0.850251
1.21585
0.474666
0.00950885
0.432558
-0.752702
-0.071312
1.13118
0.386501
-0.978515
0.318461
0.148414
0.386
0.255313
-0.0156077
-0.192328
-0.567849
-1.0528
-0.137129
-0.14754
-0.285081
-0.159453
-0.60649
0.175473
0.028283
0.347608
0.377836
-0.328754
0.671991
-0.164724
0.047291
-0.514125
0.64876
-0.972622
-0.632583
-0.185062
0.793347
0.0271687
0.0217494
1.00467
1.08845
-0.0453995
-0.734198
-0.309581
0.0978924
0.109095
-0.0141009
-0.0463843
0.278692
-0.0132232
1.41865
-0.628375
0.198107
-0.223435
-0.121071
0.219026
0.0798536
-0.420979
-0.459428
-0.589208
-0.734082
-0.884189
0.369438
-0.00679973
-0.570528
1.5041
-0.580403
-0.758361
-1.56219
0.212708
1.51407
0.0448131
-0.147607
0.052215
0.876026
-1.07376
-0.584045
0.33083
-0.0101996
-0.0579545
0.672851
-0.107581
-0.471237
0.327184
-0.929894
0.135273
-0.160356
0.531419
0.387214
0.803702
0.0548298
-0.769249
0.299934
0.563735
-0.196992
0.419624
0.650763
0.0721656
0.280221
-1.1563
-0.202239
0.00213199
0.188739
-1.02725
-0.298251
0.248217
0.622232
-0.204196
0.207594
0.21199
-1.07179
-0.139425
1.14483
-0.0846656
-0.103289
-0.14716
0.21834
0.0575919
0.25842
1.0466
1.22715
0.122301
-0.0455494
-1.68642
1.33561
-0.163661
0.542594
-0.453567
-0.411039
-0.38379
-0.212561
0.946265
0.232567
-0.0460743
0.576117
-0.410176
0.509136
0.941905
0.234859
-0.0120615
-0.281735
0.603941
-0.332977
-0.514539
0.00792242
-1.00613
0.324276
0.196524
0.161601
-0.0156607
0.136325
-0.238107
-0.346195
0.916437
0.551543
-0.27519
-0.714201
-0.787749
-0.0157511
-0.0127963
-0.616131
-0.166624
-1.5225
0.0639077
0.795811
-1.17179
-0.323505
-0.11599
0.645002
-0.444889
-0.392585
1.21115
0.133958
-0.88592
-0.595585
-1.31981
1.67665
-0.0185531
-0.198893
0.588029
-0.0451506
0.816789
0.217738
0.315952
-1.29908
0.102061
-0.994529
0.536363
-1.01863
-0.23517
-0.408942
0.236866
-0.206575
0.0785922
-0.304285
-0.319337
-0.971608
0.371695
0.175909
-0.122022
-0.75439
-1.07306
-1.29819
-0.213589
0.939202
-0.897796
0.542023
0.797937
-0.624468
0.186967
-0.332411
0.214932
2.17473
0.37751
0.522404
0.386659
0.577763
-0.915519
0.0608031
-0.993968
-0.472068
0.0381672
0.212449
0.356313
-0.0966377
-0.931962
-0.27238
0.0363904
-0.752937
0.134379
-0.0467268
1.10945
0.693954
0.237541
0.488744
-0.528015
-0.375991
-0.615602
-0.31233
-0.593457
-0.726823
0.112515
-0.0155863
-0.339987
-0.420898
0.512522
-0.305221
0.039061
-0.0287872
-1.02232
-0.190166
0.121085
1.36628
-1.10455
-0.104028
-0.499896
-0.410091
0.258382
-0.318441
-0.504912
0.459017
-0.424632
0.187651
-1.05171
-0.86241
1.10141
0.158949
1.01187
-0.585785
0.306302
-0.0852904
1.08591
0.794559
-0.35709
0.751981
-0.765547
0.469989
0.437658
-0.377409
-0.638433
0.491457
0.356509
0.150613
1.17938
0.11204
0.410736
-0.498977
0.0217453
0.544814
-0.032797
-0.248234
0.500971
-0.21366
0.135037
0.0651805
0.52375
0.433386
-0.459007
-1.14882
-0.228083
-0.241554
-0.417961
0.525849
0.0151235
-0.439533
0.84902
0.536283
0.226889
-0.353016
-0.630852
-0.0454527
-0.0265469
1.01234
0.0607943
0.122128
0.790081
0.480472
0.232681
-1.52977
0.206642
0.310817
-0.232519
0.0915581
0.0577333
0.307142
-1.6377
-0.222325
-0.253789
0.842361
0.0789102
0.500832
-0.841513
-0.672179
-0.245563
-0.376885
-0.21561
-0.142335
0.274241
-0.593574
1.15602
-1.16799
-0.196268
-0.430748
0.327732
-0.19249
0.140282
-0.673643
0.208069
-0.119292
-0.342492
0.936019
0.554113
0.360684
0.327795
-0.441135
0.0731928
-0.201205
-0.734822
-0.342425
-0.409767
0.0197766
0.456935
0.534073
0.380917
-0.186374
0.337354
-1.23341
0.00794411
0.222891
0.747728
0.297586
-1.13052
-1.02325
0.235542
0.118048
1.11414
-0.0304027
0.299032
-0.803853
-0.0181603
0.254253
0.00229361
-0.94734
-0.424189
-0.214469
0.925968
-0.249516
0.0868939
0.896032
-0.645793
-0.406211
0.253669
0.241506
0.738811
0.269784
1.30121
0.51755
0.238866
0.670204
1.66022
0.615664
0.034791
-0.129573
0.0978184
0.51513
-0.170557
0.280884
-0.836855
0.312349
0.748646
0.473005
-0.0161032
0.0756633
0.9398
-0.21894
-1.03303
0.191185
-0.775728
-0.391888
-0.966646
-0.322175
0.0290682
-0.47782
-0.197841
0.0152705
0.878522
0.133202
0.566875
-0.202065
0.0770224
0.911798
-0.545016
-0.669109
1.08348
-0.161311
1.08347
-0.19364
0.257716
-1.54035
0.2753
0.678971
0.589239
0.184722
-0.740014
-0.253145
-0.607992
-0.194675
0.23271
0.227759
-0.103699
0.484356
1.36866
-0.396052
-0.634536
-0.492895
0.128586
-0.0777618
0.162422
-0.033823
-0.899312
-0.295835
-0.123461
0.360273
0.441414
-0.506124
-0.322122
-0.675646
-0.0328946
-0.34368
0.872886
-0.263982
0.939494
1.28309
-0.817964
0.211254
0.00387338
0.532487
-1.08422
-0.428531
-0.44796
0.222232
-0.472714
0.0793081
0.46282
-0.570323
-0.187035
0.887623
0.77365
0.417564
-0.481522
0.922459
-0.401864
-0.400344
-0.0614135
0.033864
-0.423149
0.482096
0.140946
-0.234212
0.594513
0.327771
-0.117556
-0.695002
1.25618
0.0151346
0.79253
0.526101
-0.765628
0.757502
0.200661
-1.11049
0.238605
0.287555
0.290829
0.00498869
0.892102
-0.00259809
-0.0558185
0.226864
0.237027
0.33866
-0.612006
0.182671
-0.611058
0.628063
1.30884
1.20139
-0.596843
-0.173493
0.865633
0.687094
0.0909383
0.120186
-0.0684184
0.0260036
-0.21753
-0.878994
-0.53244
0.476387
-0.0893091
-0.0269057
0.555993
0.473188
0.500188
-0.414312
0.916657
-0.169798
0.329147
-0.0546125
0.249219
0.349558
-0.301389
0.672351
-0.773555
-0.737097
0.120343
0.749908
0.412135
-0.613836
-0.103739
0.335676
-0.578424
0.540685
0.292243
-0.69904
-0.0414427
-0.796383
1.30927
1.09699
-0.676331
0.483428
-1.04886
-0.0612383
0.80481
1.33473
-0.281997
-0.207292
0.589385
1.13074
0.544175
0.986081
-0.0524086
0.241058
-1.06678
0.583368
0.512096
0.212967
0.821787
-0.129406
-0.177916
0.386185
-0.175337
-0.235381
-0.54311
-0.488878
-0.280635
0.875722
0.32854
0.543772
-0.0280885
-0.447265
0.183621
0.161804
-0.369559
0.318907
0.189269
-1.35531
0.617296
1.04052
-0.000930175
-0.462058
0.349367
-0.170642
-0.549718
0.00603946
-1.32347
-0.499988
0.685432
0.47369
0.0574443
0.176277
-0.856218
-0.810519
-0.983403
0.329057
-1.022
-0.137188
0.790031
0.177432
-0.239342
0.461505
0.215365
0.0943791
1.39871
0.40685
0.19682
-0.076981
-0.540898
0.607871
0.0578295
0.459229
-0.982321
1.89825
-0.299549
-0.360007
0.00948593
-0.340424
-0.0104214
-0.335434
0.24115
-0.346157
1.76285
0.237101
-0.226051
-0.195722
-0.198473
0.465712
0.592625
0.306294
0.472725
-0.508222
0.0930898
0.234399
0.466269
-1.06326
0.240367
-0.936167
0.763141
-0.935892
-1.02827
-0.0777895
-0.297733
0.0603544
0.258462
-0.0572876
-0.436802
0.0808581
1.093
-0.611311
-0.683825
-0.121094
0.338296
-0.444283
-0.403492
0.408072
-0.248194
0.361472
0.312453
-0.331978
-1.2075
0.336923
-0.551393
-0.37044
-0.0987347
1.02591
-0.435307
0.855227
-1.20026
0.605061
0.988278
-0.131771
-0.547949
-0.223799
0.370223
-0.894849
-0.637502
-0.794881
0.140938
0.372106
0.922194
-0.77715
-0.769293
0.303445
