-0.0942356
-1.20617
-0.339335
0.818118
1.25586
0.968683
0.587179
0.0378559
0.308268
-0.488428
0.299131
-0.422273
-0.751323
-0.0866382
0.058832
-0.17243
0.114443
1.03409
0.528656
0.261461
-0.478738
-0.513591
1.14924
0.133752
-0.479281
-0.287627
-0.014546
-0.115679
-1.0158
0.142326
0.419886
-0.209792
-0.947417
0.514021
-0.123678
0.350401
0.01476
-0.729886
-0.657289
0.133866
1.02835
1.00256
0.831815
0.202471
-1.1571
0.105909
-0.0516366
-0.0884383
0.708679
0.514224
0.358019
-0.497419
-0.184255
0.143885
0.0427408
0.424672
-0.0966694
-0.309465
0.647895
-1.32448
-0.0722734
-0.481257
0.890297
1.05223
-0.735979
1.46919
-1.48587
-0.613445
-0.941056
0.544997
0.0556882
-0.642909
-0.261591
-1.46663
0.946553
-1.3363
-0.403112
-0.920361
-0.357296
-0.525008
-0.50082
-0.150522
-0.030522
-0.812582
0.688349
1.11336
0.449179
0.773993
-0.493421
-1.5497
0.30621
0.795627
-0.142343
0.0124267
-0.227793
-0.00408993
0.113056
0.393284
0.596562
-0.306169
0.205037
-0.13961
-0.181951
-0.276118
0.596094
-0.368977
-0.0822533
-0.30419
-0.777189
-1.671
-0.25429
-0.669689
-0.512623
0.119651
-0.535302
-0.121787
-0.643575
-0.819377
-0.135142
0.530923
0.239299
-0.450093
1.01482
-0.221519
0.469599
-0.371733
1.13525
0.193062
1.13203
0.396607
0.194093
0.834023
0.234125
0.159586
-0.212306
-0.207817
0.332015
0.883445
0.715377
0.111493
0.157353
0.558119
1.74239
-1.0917
-1.50187
0.942991
-1.49876
0.59125
-0.568435
0.39753
1.05642
-0.70653
-1.26263
0.747144
-1.48623
-0.321593
-1.32882
0.645917
0.925375
0.358307
-0.305283
-0.114878
-0.538822
-0.00608186
0.377646
-0.438635
0.731147
0.569044
0.530561
-0.0909624
0.0417032
-0.0477476
1.15605
-1.93895
0.652216
0.283908
0.138192
0.509846
0.898434
0.767555
0.279263
0.171533
0.0537806
-1.3357
-0.733149
-0.972333
-0.522817
-0.261999
-0.651631
-1.40724
-0.0938985
-0.760017
0.789387
-0.0236526
1.23771
0.354954
0.314703
-0.0493785
0.825717
-0.173557
-0.179006
0.683319
0.817999
-0.0277798
0.684723
-0.357541
-0.767308
-0.349766
0.18735
0.473931
-0.0733764
-0.351443
0.353972
0.244312
0.857018
0.31624
-0.0338903
0.510324
-0.459769
0.178833
1.99437
-0.337653
-0.35348
0.227744
-0.63194
-0.198943
-1.01774
0.0662704
-0.385394
0.408057
0.469425
0.45125
0.578687
-0.165416
-0.456363
0.150371
0.452077
0.611153
0.731716
-1.8611
-0.777909
0.670056
0.445003
-0.490954
-1.12298
-0.429611
-0.317338
0.646817
0.924683
-0.126323
-0.531783
-0.141008
0.802946
-1.37001
0.426615
0.570322
0.141478
-0.262149
0.333543
-0.542801
0.0305498
0.345746
-0.100398
0.788227
0.692373
0.832279
0.332094
-1.06996
0.304623
-1.24516
0.399431
-0.693707
-1.4214
0.250749
-0.133658
-0.144552
0.46322
-0.145366
0.0876419
0.437729
-0.291022
0.0362597
-0.54282
0.0957731
-1.01764
-0.145863
1.29389
0.708567
0.767141
0.971313
0.0395893
0.37484
0.245132
-1.33094
-0.167324
0.568853
0.202793
-1.1152
-0.0025862
-0.0186623
0.0247307
0.0538526
0.0885053
-0.0282964
0.980835
-0.579028
-0.549406
-1.00847
-0.923388
0.129044
-0.91821
-0.488553
0.199163
-0.0315315
0.619431
-0.0604223
0.264565
-1.05692
0.293305
0.147909
0.638713
0.391587
-0.513308
0.915802
-1.62055
0.0126954
-0.607025
-0.25853
-0.191672
-0.24246
0.385655
0.168745
-0.00627254
-0.404475
0.332691
0.970034
0.747199
0.330206
0.341307
0.364838
-0.257985
0.563448
-1.30079
0.858742
-0.183345
0.692101
-0.68596
0.838033
0.689828
1.3467
0.130118
0.020813
0.84934
2.18523
-0.462694
1.04537
1.77592
-0.080686
0.550197
-0.115861
-0.188385
0.5421
1.16057
-0.0235612
0.328604
-0.268295
2.01186
1.10366
0.125762
-1.25944
-0.0862983
0.523041
-0.928492
0.0704628
-0.0433943
-0.673143
0.702161
0.714647
-0.403235
1.03827
-0.00377046
-0.955806
-0.775022
0.308256
0.217675
-0.641133
-0.746677
-0.0313242
-0.925682
-0.315853
-0.382354
-0.450482
0.287179
-0.173882
0.514946
-1.15111
0.0430709
-1.11027
0.579361
-0.157841
0.927695
0.0975065
-0.317229
-0.054734
0.919212
-0.589
0.187719
-2.61479
0.520435
-1.09345
0.255971
0.484966
0.933439
-0.483429
-0.0699673
0.839475
0.0991813
-0.628495
-1.007
-0.142424
-0.493727
0.787025
1.00973
1.11227
-0.227682
0.691548
0.0611467
0.444648
0.78261
-1.43451
0.0426993
-0.293869
-0.630613
0.191179
0.194572
0.183697
1.03536
0.225795
0.374079
0.290414
-0.538797
-0.626012
-1.44052
0.162913
-0.167147
-1.44668
1.24313
-0.710727
0.278536
-0.224896
-0.368271
-0.318079
0.552034
-0.013632
-0.556581
1.66394
0.17848
-1.56188
0.0180095
1.09094
-0.307224
-0.386627
-0.939411
-1.82043
0.804985
0.170763
-0.42021
0.336128
-1.10536
-0.0825796
0.0728442
0.502787
0.161158
-0.116251
-0.119578
-0.383758
-0.219663
-0.10076
1.24886
-0.0637868
0.198903
0.795403
0.265234
1.54476
0.445489
0.73133
0.378109
0.0929423
-0.0145673
-0.308079
-0.627389
-0.0223012
-0.114262
-0.674239
1.03986
0.286358
0.278164
1.45519
0.715846
-0.279203
0.0560234
0.236251
-0.378459
-0.404146
0.00861208
-0.170413
-0.319187
1.70338
-1.91002
-0.511358
0.259141
0.53061
0.00140851
0.0840653
0.0712387
-0.2948
0.374959
-1.00875
-1.45614
1.52121
-0.35033
-0.184315
0.138022
-0.077537
0.207255
0.138448
-0.10145
0.955787
-1.01188
1.07672
-0.870437
0.0716432
0.352342
-0.141517
-0.136752
-0.488199
1.10498
-1.12164
-0.273255
-1.34048
0.496205
0.345431
-0.548584
0.49784
1.329
0.917089
-0.264641
0.329392
1.34951
-0.119624
0.187066
0.676731
0.250843
-0.4671
0.0656851
0.53779
-0.0355103
0.479781
-1.30545
0.49979
-0.0622546
0.520388
0.957038
0.130766
-1.3156
-0.47171
0.899784
-0.0799208
0.130452
0.325123
1.03338
1.10898
-0.688803
-0.374732
0.93689
0.948425
1.07087
-0.0365368
0.0896617
-0.92048
-0.558559
-0.25264
1.27599
-0.282968
0.597759
0.691061
0.183787
0.577009
0.31245
0.963781
0.0398292
-0.729117
0.104033
-0.654557
-0.766433
0.406808
0.0137742
-0.564232
-0.338664
0.0378434
0.772842
0.474051
0.638238
0.595466
-0.602175
-0.0587371
-0.415249
-0.0196428
-0.1338
0.592131
-0.538092
-0.808993
-1.11327
0.555435
0.163367
0.272843
-0.611193
1.30748
-1.09949
1.89845
0.920515
-0.29002
-0.701151
1.46454
-0.23662
1.05349
-0.883504
0.66412
0.0483235
0.302267
0.687421
0.351053
-0.71678
-0.411171
-0.0351133
-0.340569
-0.990425
1.34312
-0.296056
1.02017
-0.294143
0.738035
0.843569
-0.783965
0.7184
-0.587635
-0.532735
0.272185
-0.294911
-0.548585
-0.71036
-0.0755169
-1.13364
0.537993
0.446307
0.0656881
-0.662973
0.104825
-0.309002
0.144576
0.292571
0.117778
0.614471
1.00657
0.461461
1.14716
0.164485
-1.31841
-0.616656
-0.40575
0.106254
0.629082
-0.466729
0.769344
-0.628831
-0.364749
-0.273567
0.164654
0.374184
0.0314363
0.283362
-0.185936
1.7129
-0.0262897
-0.434116
-1.03018
-0.743272
0.125143
0.552203
0.230658
0.325466
0.53034
-0.649062
0.415123
-0.542102
-0.262086
-0.41602
-0.527966
-1.42513
0.80389
0.791089
0.172585
1.64165
0.665855
1.37438
0.441627
-0.322471
-0.449751
0.810149
-0.592046
-1.10296
0.339493
-0.384157
-0.010454
1.01563
-0.0549874
-0.498478
-0.653581
0.259327
-1.10161
0.738051
0.568461
-1.35046
0.0432358
0.443081
0.484894
0.529371
0.273684
0.675616
0.218358
-1.92091
-0.276996
1.07521
0.141645
0.141715
-0.333471
0.902572
-0.770915
0.310189
1.86016
0.518887
-1.11946
0.310322
-0.818655
0.766007
0.498438
-0.962852
0.287246
-1.08986
-0.36029
0.226655
0.0642415
0.279123
0.677481
0.331728
1.29414
-0.18226
-0.972057
0.829105
0.30028
-1.04227
-0.00543542
0.481896
1.023
0.294533
-0.259223
0.00320095
-0.0860777
-0.756431
-0.600717
0.585462
-0.379227
-1.18479
0.304573
-0.635432
0.761452
1.27038
0.395627
0.733649
0.468757
-1.27171
-0.878669
0.563361
-1.38967
-1.46033
0.643248
-0.121176
-0.739105
-0.502441
0.12859
-0.377557
-0.0821811
-1.34554
-0.33165
0.455933
-0.0458677
-0.426304
1.05412
-0.183282
-0.432681
-0.153014
-1.22833
-0.885512
-0.18248
-0.0278638
-0.30358
-0.894895
-1.17067
0.355593
0.022078
-0.791986
0.551634
-0.143161
-1.85068
-0.284504
-0.325339
-1.38323
0.402366
0.316262
-0.440872
0.663776
0.535209
-0.388599
-0.752304
0.531977
-0.253738
-0.0891023
-0.208731
-0.0574806
1.01114
-0.872532
-0.55252
1.53016
1.07432
-0.436715
0.572297
-0.339517
0.361628
-0.253162
0.529333
-0.66096
-0.749293
-1.09626
-0.999116
0.347858
-1.04345
-0.0878219
0.62809
-0.504458
0.957419
0.017685
1.05193
-0.75019
-0.494746
-0.427642
0.0741392
0.699453
-0.544065
1.02493
0.861082
-1.31864
-0.331291
-1.09598
1.00651
0.348273
0.323976
-0.0306539
-0.452471
-0.238095
1.00453
0.520515
-0.00435316
0.339078
0.883308
0.0159402
-0.924996
0.053537
-0.582779
0.299414
0.87464
-0.528335
0.550949
-0.486298
-0.710472
0.209474
0.455257
-0.506289
-0.330815
0.542226
-0.944039
0.621189
0.49897
1.09153
-1.54192
-0.350343
0.358257
-0.0930681
0.383585
0.333992
-0.949037
-0.639681
0.341419
-0.145052
0.806128
-0.0864546
0.554639
0.582821
-0.761639
0.0102127
0.0792596
-0.851553
-0.544582
-0.168635
-0.427633
0.916184
-0.1964
0.151556
1.40426
0.262077
-0.0489009
-0.302802
-0.844883
0.485953
1.3975
-0.420381
-0.0384087
0.605893
0.0278866
0.985936
0.464572
0.261483
0.931019
-0.461999
0.753972
-0.0374241
0.63013
0.453319
-0.237455
0.878888
-0.716619
-0.729552
0.545542
1.05167
0.781028
1.28964
-1.3083
0.572751
1.21805
0.317639
0.577117
0.367148
0.231156
0.488639
0.239064
0.29095
-1.513
0.571894
0.0452828
-0.121416
-0.734233
0.0938606
-0.468373
-0.318198
0.510297
-0.00137509
0.495259
-1.27112
1.75999
0.609649
-0.697755
-1.04977
0.444639
0.000399093
0.925622
0.129471
-0.191984
0.222743
-0.234584
1.51149
0.496818
0.783115
-0.385373
-0.0230815
-0.883496
-0.943356
-1.19799
-0.958851
-0.276245
0.350224
0.903178
-0.785037
0.67126
0.867511
-1.44201
-0.755354
-1.12155
-0.776574
-0.0212893
1.29868
0.599455
0.71761
0.0227829
-0.269917
-0.202106
-0.274603
-0.983395
-0.585025
-1.45921
1.35725
0.858732
1.10859
-1.64253
-0.91131
1.45894
0.152185
0.733482
-1.30845
0.396929
0.524809
-0.185134
-1.14662
-0.481396
0.0425135
-0.397051
-0.172863
0.402491
-0.605551
0.488227
-0.0719397
1.06374
0.282225
0.342438
0.11443
1.34335
-0.499136
-1.10758
1.28541
-1.42153
0.49551
0.699629
1.17951
0.243673
-0.232759
0.64887
-0.0929834
0.218958
0.726338
0.351396
0.36045
0.11091
-0.761003
-0.006074
0.134533
0.671964
-0.511629
-0.477001
0.135911
0.66357
0.840001
-0.223968
0.296693
-0.0180891
0.0926629
-0.427567
0.733429
0.093726
-0.00387614
-0.441231
0.85003
0.0270795
-1.06408
0.678252
0.664555
0.00185761
-0.286405
0.564641
-0.164825
0.122837
0.152462
0.944157
1.15989
-0.125996
0.893099
1.16725
0.0700741
0.212998
0.115533
-1.29624
0.344961
0.113533
0.0203339
-0.255125
-0.535007
1.04002
-0.340842
0.165292
-0.615999
-0.123115
-0.468817
-0.506271
0.443015
-0.301437
-0.246805
0.933367
0.200389
0.545083
0.428488
0.218971
-0.401448
0.81381
-0.0658594
0.175027
1.45639
0.239191
0.30463
-0.526251
0.0680978
-0.259126
0.105105
-0.287785
-0.700618
0.0205089
-1.01395
-1.00755
0.668699
-0.272321
-0.86438
-0.0206278
-0.337745
0.236965
0.622954
-0.162748
0.00237291
0.579013
-0.579818
0.157062
0.147642
-0.636466
-0.809408
0.233691
0.892127
-0.0716684
-0.569226
1.03348
0.198802
1.36672
0.31103
1.0377
0.438814
-0.282253
0.304477
0.726848
1.2372
1.29998
0.33119
0.222453
0.291202
-0.58864
0.527164
0.722391
0.413904
0.258482
0.714684
0.314324
-0.0355129
-0.395012
-0.0444544
-1.69815
1.11569
-0.500064
-1.03199
0.408258
-0.0565147
-1.183
0.353665
-0.0215967
-0.0446732
-1.12662
-0.819196
-0.610555
-1.24083
0.128138
0.723013
0.257853
-0.93791
-0.815694
-1.51237
-0.511566
0.535622
1.51856
-0.757589
0.0437997
0.661663
0.661803
-1.00533
0.478479
-0.254705
0.0690084
1.45359
0.122389
-0.277064
-0.926602
0.70377
1.12272
0.435047
1.66411
-0.804524
-0.341351
-0.94322
0.899521
-1.24436
-0.336204
0.658034
-0.549532
0.582306
0.174821
-1.23802
0.216766
0.302489
-0.366656
-1.65942
-0.232252
-0.00902723
0.183207
-1.10378
0.879735
-0.174571
-0.174719
-1.30821
1.12787
-1.03428
-0.368853
1.0002
0.393806
1.83249
0.793382
-0.936359
-1.29555
0.0133154
-0.176628
0.359948
-1.37465
-0.137609
0.410883
0.667185
0.291481
-0.277027
-0.848644
-0.0853339
-0.12684
1.25375
-1.15738
0.0489847
0.282201
1.40902
1.54066
0.522645
1.29874
-0.180535
0.602001
-0.049347
1.10673
0.832751
0.160233
-0.370233
-0.229297
-0.184343
1.64424
1.03079
0.291709
-0.439716
0.480381
1.37515
1.71397
0.571054
0.299422
-0.573585
-0.765485
-0.170776
0.30279
0.279683
0.740785
0.607271
-0.297359
0.47236
0.775557
-0.451784
-1.22719
0.419514
-1.8521
-0.549448
-0.100949
0.204606
-0.126496
-0.385054
0.864969
-0.260573
0.211166
-0.039003
-0.923852
0.372061
0.187837
0.229283
0.676501
-0.240537
0.336832
-0.316488
-0.0241435
0.750311
0.664322
0.0794213
-0.804395
0.263634
-0.522594
-1.20472
-0.670906
-0.830366
0.079712
-0.130273
0.23627
-0.449698
-1.78171
-1.89822
0.31695
-0.91914
-0.126315
-0.191207
0.397503
-0.798961
-0.622268
0.331581
0.194166
-0.46333
-1.34419
-0.581122
0.386601
1.00017
1.11666
1.18364
-0.877351
-0.789739
0.18122
-0.643133
1.26442
0.747908
-0.642538
-0.688096
1.43722
-0.567276
-0.0972684
0.30041
-1.67081
0.164692
-0.297409
0.668348
-1.7764
-1.08137
0.00838403
-0.509297
-0.695776
0.673092
-0.635278
0.229806
0.652061
-0.0739827
-2.02227
-0.133665
-0.00660357
-0.0979864
0.726824
0.416953
-0.32159
-0.30984
0.607833
0.63379
0.380831
0.0818658
0.44605
0.831778
-0.728583
-0.606984
-1.05122
-0.166542
0.69469
1.25709
-0.255665
0.67524
0.783498
1.21703
0.0551959
-0.111914
0.112346
1.21846
-0.250944
-0.0257976
0.434071
0.862941
0.764038
0.147742
1.07792
0.381603
0.501426
1.25171
0.675705
0.678623
0.705655
-1.9989
-1.44366
0.180623
-0.71481
0.200242
-1.18829
-0.482289
0.504166
-1.13396
0.626285
0.158365
-0.365775
0.388183
1.48358
-0.380422
1.3818
0.780624
-1.02809
0.641089
-0.554603
-0.348061
-0.336473
0.713114
0.212403
-0.920109
0.599142
-0.44763
-0.949931
0.121158
-0.541348
0.482841
-0.0275454
-0.150785
0.101239
-0.305938
0.222419
0.41744
-0.186544
-0.477791
-1.06171
-0.041237
0.172025
1.10505
-0.319844
0.0436932
0.396761
0.148137
0.205522
0.0378286
-0.190211
-0.508841
-0.396101
0.914303
-0.631177
0.0559461
0.483906
-0.112889
-0.035265
-0.158468
-0.484516
0.673826
0.0821973
0.0945681
-0.656537
-0.323803
-0.171607
-0.640965
-0.0562374
2.10255
-0.100974
-0.0115491
-0.0454183
0.449528
-0.840657
0.176087
0.0823582
0.0259542
-0.191798
-1.6471
0.641928
0.607837
1.29885
0.480216
0.566988
-0.111654
0.29119
-0.62097
-0.330401
1.0517
-0.332579
0.361573
-0.687593
-0.797511
-0.495876
-1.88218
0.0293137
-0.192791
0.00448958
0.298215
-0.924333
-0.987474
0.648541
-0.719497
-0.145402
0.151127
0.383061
-0.891211
-0.32479
0.966728
-0.276423
-0.441496
1.24343
0.184781
-0.38416
0.788919
0.171583
0.884373
0.0216599
-0.0713918
0.149148
-1.08923
-1.31244
-0.493562
0.489031
0.86461
0.308829
-0.498964
-0.364571
-1.07557
0.491177
-0.852286
0.874876
-0.652373
0.107636
0.0629756
0.225511
-0.425057
0.182565
-0.916889
0.585375
-1.60567
-0.130099
-0.776565
-0.36679
0.330421
-0.873166
-1.46265
-0.280254
0.189759
-0.274982
-0.0111299
-0.50358
-0.141731
0.617165
-0.203697
1.02402
-1.06374
-0.276944
0.030524
1.11064
-0.772509
0.0420803
0.0303551
0.226887
-0.432521
0.585303
0.176446
0.360278
-1.00155
-0.0626495
0.396502
-0.545373
0.568744
0.235681
0.402826
-0.300662
-1.38994
-0.919376
1.1715
1.01448
-0.374381
0.287576
-0.160044
-0.367002
0.769109
-0.669702
-1.06105
0.540713
1.47808
0.681214
0.769616
-1.06959
-1.93649
-0.376974
0.810202
0.968061
-0.0697406
-0.725428
0.869305
0.151949
-0.112931
-0.569906
-0.841622
-0.274417
-0.400925
-0.0752938
-0.0250663
1.08094
1.42945
-0.813793
-0.0227146
0.926983
0.432205
-0.813954
0.691274
-0.7033
-0.924205
1.05429
-0.843504
0.714333
1.57159
-0.21904
-0.302244
0.154085
-0.123847
-1.21724
-1.15064
-0.491708
0.60019
0.468936
0.236722
0.769381
-0.653437
-0.442195
-1.72997
-0.357783
-0.345254
0.536466
-0.141502
-0.0243644
-0.0848754
0.968764
-0.341882
0.146335
-1.36364
-0.478358
-0.147614
0.680339
-1.98962
-1.69975
-0.298026
-0.318562
0.686851
1.19217
-0.956928
-0.31036
0.699156
-0.0924715
0.178023
-0.154513
-0.626944
-0.828402
0.0336352
0.986168
-0.0575049
0.302132
-1.22891
-0.198165
0.0144388
-0.395189
-0.310312
0.861822
-0.102176
0.621246
-0.314514
-0.780255
0.895889
-0.388289
-0.63224
-0.776719
1.72448
-0.452474
-0.820146
-0.658031
-0.990671
-1.26737
0.0679104
0.9727
-1.29489
-0.523277
0.578726
0.225513
0.198532
0.162294
-0.616009
-0.118792
0.410751
-0.747217
-0.130086
0.686773
-0.870649
-0.0196814
-0.257432
-0.340233
0.803254
-0.450651
-0.408295
-1.5885
-1.17886
-0.822807
0.363117
0.0554297
-0.749789
0.572892
-0.880728
0.477237
-0.888685
-0.604482
-0.891274
0.196039
-1.07104
-0.345955
1.05272
-0.288337
0.611246
0.679805
1.15606
0.357236
-1.43158
-0.507646
-0.257049
-1.28893
0.755366
0.20875
0.612076
0.309451
-1.15336
0.158155
1.70341
1.13439
0.546724
-0.304213
-0.613222
0.251711
-0.829989
-0.175391
0.239118
-0.686875
-1.17137
0.812042
-0.389417
0.62788
0.311714
-0.96098
0.100004
0.622402
-0.601843
-0.913804
-1.44285
-0.329059
0.124908
-0.589079
-0.369035
0.166402
0.878667
-0.915117
-0.179185
0.561912
0.356595
0.033779
0.872407
0.368539
-0.712673
-0.125123
-0.0649523
0.979401
-1.49061
-0.261959
0.268536
-0.194112
1.74025
-0.227736
0.620021
-1.01624
-0.852154
0.417281
0.186994
0.309612
-0.254408
2.14334
0.473902
0.582569
-0.95395
-0.106028
0.104875
0.286281
0.511208
0.297134
-1.5863
-1.64054
-0.446716
0.873813
0.519452
-0.482417
-0.119035
0.0127013
1.47705
-1.16789
-0.208047
0.895015
-0.585573
0.359476
-0.123887
0.054297
-1.12705
0.537155
-0.96467
-0.916046
0.50581
0.287463
-0.372778
-0.20227
0.748472
1.10538
0.116564
1.18009
-0.0830481
-0.479337
-0.368695
-0.77014
0.107064
-1.34518
-0.110866
-0.174481
0.417116
-0.153728
-0.866206
-0.10304
-0.212456
-0.190175
-0.0729613
0.527708
-0.171683
-0.557521
-0.216544
-1.15275
0.057931
-0.555315
-0.706432
0.569408
-0.402946
1.05953
1.1464
0.285722
0.179345
0.369869
0.31183
-0.441944
-0.674218
1.28448
0.983172
-0.265503
0.916905
0.333562
0.81084
-0.194856
-1.1101
-0.276616
-0.759263
-0.394232
0.254814
-1.15316
-1.14937
-0.185639
-1.11884
-0.474689
2.09071
-0.610626
-0.901991
0.269126
0.189764
1.34226
0.248345
-0.263604
-0.430128
0.0446823
-0.497991
-0.250803
-1.76487
-0.52401
-0.714991
1.18053
-0.846554
1.08042
-0.418929
-0.361143
-0.184457
0.735905
0.431441
0.700272
-0.233714
-0.624383
-0.183989
0.836978
0.421047
-0.134546
-1.24416
0.297214
-0.77565
1.03865
-0.839562
-0.542185
-0.052021
-0.623959
0.146539
-1.77691
0.554466
-0.883309
0.311198
-0.0835864
0.245572
-0.427362
-1.11917
-0.122596
0.470595
-0.107569
0.814508
-0.0897064
0.279891
1.04685
0.813972
0.0768148
-0.91834
-0.261368
-0.0408449
0.933041
-0.178473
0.567605
-0.456722
-0.133967
0.537425
-1.81481
0.292868
0.646827
-0.343715
1.11983
0.149939
-0.0773887
0.42316
-1.0484
0.524539
1.59934
0.550927
-0.831903
0.303697
-0.274358
-1.24885
-0.417867
0.389426
-0.927859
0.474516
0.652202
-0.591497
0.121311
0.492203
1.34238
-0.438942
0.273555
-0.954951
-0.126822
-0.262383
-1.08532
-1.11804
0.263943
-0.165379
-0.530054
0.969546
-0.423905
0.239772
0.851698
-0.969274
-0.0080403
-0.841245
-0.430732
0.352204
-0.554632
-0.0250921
-0.415685
2.55724
0.138409
-0.925417
0.229213
0.248059
1.86653
0.502169
-0.944473
1.43456
0.026416
1.02229
0.549913
-0.767557
-0.113511
-1.35617
0.216239
-1.72474
-0.29903
-1.64016
0.0756111
-1.49477
-0.222033
-0.460906
0.125908
-1.03211
-1.0787
-0.278381
0.925661
0.236032
0.388148
0.707056
-0.354993
-0.23741
-1.44759
-0.707673
-0.675245
0.109183
0.275571
0.433595
-0.1693
0.796193
0.847121
0.271435
0.106283
-0.126578
0.747824
0.0805871
0.330218
0.937991
0.376848
-0.537991
-0.980344
-0.252344
0.315662
-0.544813
0.497667
-1.11924
-0.168106
-0.509635
0.264785
1.04441
1.09683
-0.0098886
-0.226807
0.830924
-0.247733
-0.258874
1.43895
-1.47037
-0.732605
-2.05266
-0.0166781
0.0886554
-0.50232
-0.16625
0.434294
-0.604857
0.958636
-0.556209
-1.33248
-0.305574
0.52409
-0.575187
-0.553815
0.440196
-1.07864
-0.293627
-0.690789
-0.898519
0.82055
0.157214
-0.0823872
-0.00530593
-0.191107
-0.0277078
-0.0032932
1.64825
-0.989131
-0.563965
1.29709
1.19164
-0.140152
0.404113
1.08158
1.3112
-0.86944
0.594929
-0.739667
-0.489854
-0.872157
-0.845213
-0.487099
-1.22137
0.806812
1.0791
-0.931132
-0.632168
1.04611
-0.0940172
-0.0475848
0.059914
-0.260438
0.0680578
-0.16591
0.0632888
0.956218
-0.144348
-1.09018
0.440788
0.41841
1.25795
1.17581
1.08354
0.563448
-1.57868
-0.202806
-0.780408
-0.510018
-0.220252
0.449616
-2.10781
-0.590636
0.591861
-0.0875127
-0.413247
-0.174192
0.178319
0.263158
1.0277
0.661985
-0.167538
-0.5373
-0.150466
1.43034
-0.624545
0.206322
0.566203
-1.03133
-0.357761
-0.886695
0.582221
0.885395
-0.0197966
0.354067
-0.598963
0.607073
-0.103895
0.584884
0.0616024
-0.304567
-0.555711
0.261066
-0.624446
-0.530028
0.531162
0.144573
-0.691274
0.623925
-1.47598
0.986586
0.0777957
-0.300234
-0.20089
0.0814524
-0.7419
-0.935978
-0.369673
0.97427
-0.128884
0.0183709
-0.460517
-0.52697
0.0585516
-0.171722
0.414334
-0.461511
-1.49026
-0.265937
0.194672
-0.0479515
1.21177
1.19422
0.186065
-0.614497
0.313072
-0.11168
-0.843392
0.577259
-0.503219
-0.294501
-0.514292
0.0873717
0.372134
-0.0378816
-0.24561
0.282148
0.596219
-0.243185
1.00558
0.526313
-0.598478
0.318403
0.76772
0.109844
0.0436483
-0.327729
-0.575409
0.114577
-0.0433698
-0.610222
0.555127
-0.738224
-1.07381
0.11854
-0.597996
-0.95244
0.254753
-1.55532
0.532403
-0.457547
0.442311
0.028854
-0.18077
-0.166649
-0.341453
-0.734311
-0.0942366
0.0552184
-1.08382
-0.0574879
-0.267941
1.2913
0.180385
-0.314077
0.199131
0.0481849
0.00739248
0.886937
0.0212028
-0.222131
0.330403
-0.404847
-1.19967
0.523261
-0.232248
-0.350252
-0.846219
1.17288
-0.45364
-0.920322
-0.319479
-0.494709
-0.115583
0.503237
-0.814687
0.472303
-0.28958
0.588655
2.40163
-0.90915
0.732736
-1.18879
-0.348078
-0.533369
-0.608482
0.474879
1.11161
-0.600356
0.197914
1.0358
-0.55026
-0.952592
-0.211961
0.135827
-0.196411
-0.330961
-0.052571
-0.466095
-0.044868
-0.784647
0.129325
-0.347989
-0.216089
-0.563019
-0.434811
0.225521
0.221974
-0.632339
0.2283
0.539178
-0.53653
-1.0673
0.257693
0.793606
0.379044
0.206296
-0.751496
0.499083
0.620543
0.145654
0.55174
0.502684
-0.957015
0.328711
0.279979
-0.683301
-0.951508
0.444087
0.282363
0.31768
-0.40349
0.438387
0.00992962
-0.724085
-0.853721
1.02711
-1.43282
-0.435239
-0.641354
1.15752
-0.532707
-0.671413
0.71729
0.708658
0.15831
-0.113731
-0.23664
-0.128688
0.000353062
-0.0538008
1.3132
0.344166
0.141476
-0.204981
0.133365
-0.0118097
-0.96845
0.00666037
0.210599
0.883865
0.328877
-0.297502
0.50426
-0.64438
-0.462117
0.860921
-0.704373
0.934766
0.529179
-0.0277691
-0.641943
0.787215
-0.917423
0.413187
0.214779
-0.0771304
0.0672691
0.587532
-0.0410378
0.586635
-1.45898
-0.187541
0.0351815
0.8555
0.136341
-0.934472
0.539773
-0.318461
-0.225364
-0.55843
0.111702
1.00363
-0.799746
-0.829624
-0.109022
-0.616312
1.20769
-1.05691
0.834165
0.553921
0.0887996
-0.703163
-0.594796
0.514821
-0.201537
0.301793
-0.288497
-0.73968
0.42116
-0.717349
1.06848
-0.729567
0.800607
0.20402
0.170271
0.0322875
0.468228
0.178708
0.557036
-0.440002
0.240235
-1.02293
1.64327
0.772227
-0.544989
-0.335671
0.437235
-0.560782
0.415611
0.130821
0.462776
-0.742224
-0.477714
0.702311
-0.777175
0.178748
-0.791059
-0.0411102
-0.0850506
0.325879
0.0308113
-0.492808
-0.578059
-0.312031
0.957504
0.249266
0.122171
-0.402162
0.649253
-1.37262
0.200425
0.370534
-0.728979
0.933918
0.224052
-0.237091
-1.07408
-0.563319
0.796236
1.18081
0.115045
0.036839
1.64562
0.32323
0.390775
1.43983
-0.651361
1.09995
-0.342513
0.647783
0.776069
0.0944957
0.0556503
-0.802303
0.937573
0.760643
-0.335571
0.443434
-0.963244
0.305778
1.46626
-0.522676
-0.751133
0.0592537
0.258195
0.0800015
-0.7781
1.34446
-0.834138
0.380088
-0.49692
-0.850754
-0.322117
0.931073
-0.461097
1.07916
-0.343757
1.04823
0.978662
-0.13581
-1.01195
-1.30729
-0.631127
0.562373
0.400011
-0.22299
-0.578031
0.427729
-0.0556077
1.50699
-0.0955448
-0.140569
0.366068
-0.119927
0.982927
-0.430355
-0.34016
0.19064
-0.211556
0.163904
-0.501369
-0.698235
0.48793
0.728927
-0.534217
0.653446
0.631
0.96921
0.298018
-0.0319543
-1.08538
-0.246385
-1.27461
0.289004
0.0154609
-0.34508
0.146922
0.674024
1.28917
-0.367973
-0.411198
-1.47354
0.575913
-0.0574511
-0.0265255
-1.68288
-0.0368433
-0.521216
0.183023
0.547089
0.0112767
-0.699458
-0.934505
-0.0160825
0.0764734
0.436788
-1.3267
-0.904406
-0.504613
0.461482
-0.0881653
0.88106
-0.552808
-0.0542375
1.43929
-0.946605
-1.05668
0.545551
-0.99711
-0.58856
-0.985076
-1.13402
1.5044
0.885699
0.300713
-0.272404
0.0394845
0.968641
-0.196152
1.08893
0.809325
0.455454
-0.630229
1.42508
-0.313066
-0.335836
0.240323
0.029615
-0.571576
-0.202936
0.845263
0.336434
0.194609
0.486989
0.0253325
-0.635071
1.45934
-0.587453
-0.918534
-0.403446
-0.357621
0.315939
1.56819
1.04546
-0.0674097
-0.264535
-1.09406
-0.196687
-0.19514
-1.03056
1.34966
1.24406
-0.283596
0.302173
-0.208983
-0.414936
0.187694
-0.0904661
0.331484
-0.41644
-0.334423
-0.964654
0.399831
-0.0819381
1.20863
-0.637644
0.120773
-0.72518
-0.284372
-0.873648
-0.673104
-0.751884
-0.177987
1.05852
0.0283441
0.167471
0.488036
-0.144874
0.257198
0.100169
0.123889
0.559169
-0.657457
-0.447735
-0.206653
0.302407
0.541113
-0.217553
-0.214657
-0.00736686
-0.551731
0.601309
-1.0344
0.796661
0.396454
-0.497778
0.311837
0.317675
-0.21179
0.15028
-0.411406
0.0362515
0.648237
-0.0212145
-0.147597
-0.647603
-1.1426
1.6114
0.242577
0.0864766
-0.28623
-0.0473958
0.65892
-0.33083
0.625727
-0.867859
-0.0740011
0.392525
0.0346234
-0.494345
0.864405
-0.228011
-0.687292
-1.3732
0.31999
0.480412
0.926741
0.21019
0.510774
0.367574
-0.541677
-0.241342
1.56998
0.273564
0.0432265
1.14592
-1.00703
-0.793116
0.686166
0.940937
-0.292086
1.08547
0.239397
-1.84026
-1.00583
0.692939
0.103019
0.723059
1.0839
-0.120054
-0.109073
-0.0328997
0.954915
-1.11615
0.470537
1.11232
-0.0431032
-0.228908
-0.218302
-0.549996
0.269857
1.05194
0.143038
0.192557
0.131417
0.450571
0.152233
-0.213921
-0.0502735
-0.800094
0.0463455
0.840563
0.869554
-0.780302
-0.953577
0.25033
0.734838
-0.270647
-0.237562
-0.693064
-1.29325
-0.251816
0.752583
1.2355
-0.36142
-0.885611
1.14611
-0.639202
0.317357
-0.419532
-0.332794
-1.3373
-0.00502325
-0.579987
0.163821
0.015914
0.597939
-1.50733
0.497203
0.496805
1.34604
-0.294561
0.913314
-0.580087
0.152198
-1.11658
0.389473
0.748982
-0.179852
-0.140684
0.454256
-0.0910513
-1.28806
-0.340288
0.37106
0.582849
-0.298551
0.515195
-0.0661395
-0.154319
-0.833719
-1.02474
-0.28045
0.613361
-0.758754
-0.472965
-0.36347
-0.411637
0.805708
0.472988
0.592826
-0.997901
-0.632126
-0.3508
0.249556
1.84844
-1.36294
1.3785
0.0734373
-0.372003
-0.017308
-0.77772
1.26033
0.285365
-0.0525471
0.718667
0.528146
-0.154415
0.843166
-0.351666
0.503358
-0.182066
-0.329481
0.992611
0.289653
-1.21074
0.80774
-0.279655
-0.422515
-0.339544
0.617941
-0.817024
0.531932
0.789669
0.614817
1.28023
0.210176
0.231259
0.348189
-0.255238
-0.000700781
0.755589
0.149852
-0.253418
-0.593378
-1.53944
-1.0191
-0.303152
-0.169908
0.297375
-0.940687
0.769972
-1.49236
-0.838573
0.0491609
0.030578
-0.323877
-0.0464358
-0.475042
-0.144433
1.31989
-0.114122
0.686948
-0.836518
0.36436
-1.40014
-0.085839
-0.844165
0.113634
0.68899
1.49631
0.767205
0.35366
-0.686155
-0.518013
0.769938
0.37149
0.614738
0.721054
-0.738717
-0.261324
0.167359
0.282395
0.0935492
-0.635002
-0.751207
-0.841644
0.0442185
0.486512
0.463911
-0.18839
-0.0885119
-0.921312
0.548927
0.34873
0.191696
0.0906447
-0.889312
-0.823845
0.815645
1.11096
-0.75683
0.69547
-0.716495
0.171203
0.983912
0.80174
-0.172845
-0.0705867
-0.0141752
-0.360514
-0.866522
-1.05494
-0.305619
0.0132388
-0.123214
0.0640061
-0.152085
-0.567966
-0.717507
1.22349
-0.0548247
-1.32104
-1.08821
-1.02227
1.0771
-0.178846
0.762616
0.367853
0.368311
-0.372863
-0.0561457
0.308117
-0.73283
0.45064
-0.212162
0.218249
-0.0295905
0.40784
-0.629257
-0.712464
0.927241
0.861876
1.36205
1.0177
0.161353
0.861015
0.68408
1.25737
0.842544
0.962348
0.588409
0.857047
-0.566379
-0.140627
-0.0884481
0.0458831
1.34064
-0.411467
-0.0175413
-1.0037
0.497378
-0.0450973
-1.33303
0.859968
0.473955
-0.669694
0.0572491
0.0014247
-0.0897111
0.808712
0.488347
-0.197911
0.0726775
0.907527
0.140474
-0.955952
-0.414225
-0.246895
-0.744642
-1.93972
0.676611
-0.805819
-0.377825
0.0856871
0.532605
-0.201458
-0.0903325
-0.780091
-0.435112
0.537526
-0.0678395
0.161538
-0.00100938
-0.451119
-1.77689
0.65166
-0.666053
-0.13868
-0.214913
0.793073
0.160307
-0.454099
0.451234
0.300092
-0.20165
0.814872
1.20783
0.133075
-0.01534
-0.732222
0.542052
0.381604
-0.936484
0.284027
-0.31898
0.916713
-1.2168
-0.460186
1.20301
-0.0573649
-1.53073
0.615403
-2.05162
-0.908987
1.03989
0.0725705
-0.380159
0.132433
1.10251
-0.677525
-0.331053
0.859778
-0.565766
-0.537417
-0.682078
-0.38725
-1.24263
0.5533
-0.366802
0.330528
-0.578132
1.47761
0.733618
-0.267113
-0.824052
1.31032
1.0351
0.758298
1.10635
-0.620879
1.07506
0.451855
1.90307
1.33248
0.982556
0.667527
-0.577763
-0.620772
-0.335802
-0.530259
1.82065
-0.561172
1.50046
-0.137305
-0.707865
-0.659398
0.786411
0.808919
-0.716607
1.27271
-0.21067
0.129042
0.388828
0.0443567
-0.0463083
0.239102
-0.67107
0.645909
-0.0673863
-0.106394
-0.422767
-0.0638454
0.870533
1.18169
0.117748
-1.36791
-0.405879
0.913021
0.8519
-0.333179
0.242472
-0.241391
-0.436856
-0.563954
-0.0643273
-0.247477
0.444574
1.07106
-0.29974
0.161011
0.869551
-0.281388
0.954873
0.92722
0.115305
-0.63779
-0.253817
-0.579605
-0.347894
0.157969
0.0686502
0.0325578
-0.207462
0.696315
-0.846524
-1.10829
1.84186
-0.575044
-0.250786
0.224517
1.18832
0.253851
0.485022
0.398494
-0.826951
-1.40492
0.394953
0.615935
-1.21506
0.85237
-0.397991
1.30517
0.260793
0.202722
-0.190241
0.60426
-0.422473
-0.763069
0.0362396
-0.67509
0.943961
0.373103
0.006673
0.325179
-0.756724
-0.631844
0.449205
0.36611
-0.214042
0.131986
0.169477
-0.754256
0.101959
0.785131
1.13639
-0.682064
-1.17419
-0.0811019
0.303245
0.1469
-0.117837
-0.840782
0.476584
1.57414
-0.461102
-0.032398
-0.107291
0.724829
0.428635
-0.308471
0.121314
-0.391678
0.357476
-0.15396
0.853647
0.354311
0.513614
0.261333
0.715581
-0.68447
-1.09371
0.665227
-1.45452
0.948535
0.0706298
-0.743514
-2.43697
0.80629
-0.387737
1.0912
-1.03208
-0.36272
-0.978585
0.95583
-0.153726
0.428828
0.140797
0.665976
1.29625
-0.603883
-0.254542
0.715708
-0.633292
-0.432807
0.535734
-0.766436
0.0310395
-0.321424
0.518334
0.334253
-0.814216
0.958242
-0.492827
-0.544015
0.709131
0.103698
0.708322
-0.753927
0.13272
0.167492
-0.762203
0.630888
0.0627195
1.7233
-0.611217
1.58616
-1.24022
1.16016
0.137375
0.840454
0.596845
0.421731
-0.840098
0.81761
0.609059
0.543399
-0.238008
0.85021
-1.69168
0.522458
-0.558775
1.13603
0.22425
-0.510784
0.580496
0.676682
0.440639
-0.289062
-0.57104
0.529253
-0.837659
-0.504926
-0.535159
-0.613511
0.678249
-0.262515
-0.18683
-0.133945
-0.72064
-0.199751
0.0404676
-0.165729
0.02374
-0.436474
1.27723
-0.623653
-1.08254
-1.00782
-0.140946
-0.6553
0.185995
-0.0982944
-1.88527
-0.635436
0.123494
0.486559
0.541099
0.97432
0.890055
0.011594
1.6999
0.618722
0.391434
-1.34854
-0.26703
0.543988
0.0365219
0.670991
0.99629
-0.486871
-0.945637
0.761369
0.4673
-0.528528
-1.43234
-0.379733
0.989985
-0.745375
-0.228059
0.580018
-0.0343912
0.220891
-1.18904
-0.872404
0.250919
0.931363
-1.67871
0.280107
-0.768568
-0.762166
0.348438
-0.0361829
1.03969
0.233922
-0.994701
-0.448377
-0.0269251
0.532462
0.0725753
1.21031
0.0701859
1.1468
-0.176253
-1.57404
-0.734292
-0.658291
0.726013
1.21979
0.625999
-0.168171
0.702789
0.649059
-0.527182
-0.368113
0.676691
-0.376789
-0.598084
-0.400773
-0.229102
0.157692
0.0477583
-0.0879998
-0.40528
-1.63797
-0.441866
0.169633
-1.10559
0.347985
0.173219
-0.141883
1.10427
1.71843
0.774654
1.23217
0.72506
-0.366923
0.0964999
-0.71635
-0.0469382
0.44216
-0.766508
0.0868175
0.826858
0.541116
-0.433086
-0.24733
1.26247
0.577066
-0.574766
-1.10536
0.439243
0.470656
-0.103447
0.360295
0.966158
0.60436
-0.43944
0.370447
1.4113
0.225387
0.266475
0.786314
0.542997
0.506938
0.70085
-1.47543
0.796738
-0.341862
-0.188248
0.564453
-0.735976
-0.939785
0.607949
-0.510431
-1.11222
-0.888368
0.542839
-0.28088
-0.718344
0.0337621
1.69084
-1.34416
0.17343
0.227592
0.279246
0.294434
-0.330237
0.247858
-0.472407
0.0588861
0.0682652
0.241428
0.353442
0.754609
-0.0513498
1.77953
-1.91553
0.319512
-1.22868
-0.360169
-0.743666
-0.515917
-0.597766
-0.585038
-0.376258
-0.142419
-0.22799
-0.388226
0.927157
-0.29633
0.396776
0.00303067
0.0175529
-0.692526
0.254636
-0.968084
0.314403
-0.191109
0.666347
-0.472009
0.894129
-0.311687
0.266567
0.212834
0.398748
0.836803
1.42929
-0.723718
0.158879
0.226983
-0.54939
-1.64666
1.24294
-0.503621
0.834585
-0.320944
0.322428
-0.143697
0.191462
-0.697381
0.809491
0.238364
1.1747
0.30438
-0.376919
0.681681
-0.19668
0.0476289
-0.373921
-0.19889
-0.532451
0.160777
0.0703858
-1.36209
-0.479539
0.382705
0.913138
-0.393794
-1.31666
1.1891
-0.315086
-0.698278
-0.612249
-0.185984
-0.0271144
-0.888442
-0.921911
-0.0822395
0.0503204
1.59422
-1.13246
-1.47055
1.29095
1.32092
0.664262
0.295779
-0.158644
-0.516792
-0.00513971
1.13401
-0.827504
0.398634
0.0857903
-0.810236
0.448502
-0.197329
0.253116
0.264765
1.03825
-0.777519
0.797376
-0.64486
1.13405
-0.70248
0.253025
-0.154094
-0.429025
0.84521
0.418812
-0.335674
-0.322095
0.563573
0.943806
0.0217419
-0.767843
0.912157
-0.675936
0.0615465
1.5812
0.556875
0.129899
-0.647243
0.74532
-1.39564
1.74668
-0.930417
-0.0771667
-0.832485
-1.03661
0.750267
-0.545735
-0.527004
-0.887519
-0.146246
-1.64201
-0.358706
-0.177429
0.104748
-1.22229
-0.380812
0.719022
-0.195471
0.449569
0.786421
-0.143229
0.102642
0.0288898
-0.614577
0.536868
-0.138222
0.27026
-0.968395
-0.957872
-0.239445
-0.207564
-0.828803
0.750024
0.0923367
-0.261383
-0.393652
0.617647
-1.35129
-0.991442
0.323953
1.17354
-0.336815
-0.497278
-0.131253
-0.0946972
0.374624
-0.901047
0.622622
0.0475106
1.02111
0.870352
-0.495222
0.515787
1.16696
-0.396285
1.31074
-0.516476
-0.28453
-0.94286
-0.409216
0.0736442
-0.715694
-0.911181
-0.921485
1.02422
0.792541
-0.0440458
-1.15725
0.622202
0.69348
-0.349156
1.16761
-0.188301
0.705129
0.971784
-0.473189
0.151676
-1.18318
0.96815
-0.188243
0.506616
0.0399333
0.260641
-0.370385
0.395932
-0.369145
-0.470113
-0.249907
-0.642124
-0.601463
0.0660584
1.01819
-0.663873
-0.354731
0.41686
-0.850511
0.30973
-0.554531
0.330036
0.203227
0.0966809
0.743033
0.412023
-0.1474
0.765559
0.350094
0.620742
1.04083
-1.99402
1.48592
0.170473
-0.407724
0.143846
0.294604
-0.320885
0.656065
-0.457066
-0.577981
-0.197872
-0.303768
-0.771102
0.30045
0.251019
-0.419376
0.534099
-1.1597
0.141946
-0.0354559
1.00744
-0.507901
0.263443
0.101374
0.633477
0.15746
-1.40281
1.78958
0.0714715
-0.266091
0.894403
1.08862
-0.487872
0.645487
0.426456
-0.232885
0.756316
0.313215
0.343523
-0.304215
-0.391342
-0.404881
0.0578126
0.0508821
0.0412523
0.473646
0.532512
0.766841
1.41483
0.192603
0.0234767
-0.60401
0.888322
-1.39983
0.351405
-0.854107
0.850522
1.01285
0.223589
-0.349611
0.158002
1.20332
-0.018906
0.825002
-1.10399
1.21451
0.836706
0.469875
0.555301
0.605704
0.3514
0.0171543
0.167642
-0.588293
-0.234516
1.18538
0.611743
-1.06897
-0.24072
0.808397
0.768103
1.1868
0.170864
-1.03271
0.172007
0.537715
-1.02778
0.0951538
0.560094
-0.662202
-0.179003
0.254724
0.460455
0.464294
-1.88791
-1.05712
0.95311
-0.144733
1.43241
0.0223995
0.802141
-0.407032
-1.27969
0.128341
0.402135
0.793755
-1.31697
-0.146941
0.666047
-0.499845
0.472128
-0.403834
1.096
-0.242374
-0.577522
0.824542
-0.362742
0.197523
-0.437972
0.0882142
0.890772
0.801096
0.201955
-0.443936
0.496608
0.77049
-0.224167
-0.0973767
0.8097
0.481679
0.834992
1.23342
-0.200353
-0.231868
-0.652446
0.0107118
-1.16755
-0.725001
-1.20636
0.0251818
-0.727259
0.962123
0.246219
0.0380204
0.165146
0.28021
0.68134
0.59963
-0.106518
-0.754495
-0.942813
0.0719892
0.0765669
0.347815
0.284686
0.56504
-1.31004
0.933555
0.165357
-0.497691
0.329339
0.18614
0.0173643
-0.0922911
-0.0330396
-0.203307
-1.15492
0.193872
-0.609652
0.0067465
0.343055
1.2269
0.252734
-0.856338
-0.726387
-0.391368
-0.541427
-0.31689
1.0301
-1.23635
-0.868605
1.07728
-1.03726
-0.191084
1.00012
0.309434
-0.00153695
0.812984
0.631902
0.239529
0.67306
1.2067
-0.611238
-0.327946
0.0166509
-0.731834
0.0818593
0.422381
-0.291621
0.223911
0.383282
-0.136936
0.637736
0.202893
1.2105
1.62244
0.322743
0.0637744
-0.464835
-0.638389
0.0579709
1.87155
-1.47748
-0.462335
0.855505
0.905788
-0.387541
-0.277981
1.52158
-0.635771
-0.0221782
-0.327682
-0.216887
-0.0401089
0.25498
1.10751
0.346359
-0.237339
0.406715
0.705125
1.06367
0.194523
-0.572792
0.273215
-0.796396
1.47221
-1.72071
0.158667
0.275644
-1.04616
0.134545
-0.0572999
0.719245
0.103941
0.83386
0.219589
-1.0621
0.869898
0.572867
-0.965874
0.817703
-1.03863
0.275354
-0.346979
-0.517098
-0.409482
0.199841
1.31733
-0.932579
0.0455731
-0.536493
0.255043
0.428183
-0.575605
0.140816
-1.16846
0.00824931
-0.690089
0.892714
-1.44795
1.35489
0.422512
-0.151552
0.457044
-0.473828
-1.03722
-0.0949234
0.0804332
-0.222989
0.494135
0.110103
-0.663871
0.956981
-0.0313519
-0.931711
0.556312
0.176453
-0.215823
-0.389478
-0.0178263
-1.19457
-0.490718
0.201652
0.310118
0.105558
-0.243333
-0.0562004
0.441499
-0.191112
-1.82473
-1.6918
-0.103416
-0.0943011
1.24704
-0.809888
0.426588
-0.117828
0.225303
-0.409524
0.357764
-0.879897
0.884406
0.56895
0.0689689
-0.303223
-0.61053
0.454033
-0.509886
0.324698
-0.0172398
0.543782
-1.09825
-0.330736
0.542816
-0.481169
0.87955
0.461813
-0.444896
1.28541
-0.922346
-0.145652
0.672955
-1.01737
-0.562581
0.355416
1.82631
-1.63671
0.0920506
1.12365
-0.104734
-0.443077
-0.954252
0.210482
0.177586
1.47674
-0.527818
-0.090546
-0.382509
-0.413599
0.921076
0.581918
-1.46086
-0.329039
0.859257
-0.823191
-0.0132249
-0.0747435
0.392003
0.672052
0.390581
0.885731
1.9988
-0.253335
-0.660544
-0.0143855
-1.78145
1.10001
0.216371
-0.686355
-0.228065
0.846565
0.166577
-0.606464
0.688371
-0.1603
-0.58014
-0.0964674
0.160484
-0.408516
-0.103334
0.591659
0.785993
0.224708
-0.388738
-0.351666
-0.523221
-0.651969
-1.09764
0.710705
0.589017
-0.79745
-0.551553
-1.25234
0.283537
0.855411
-0.529079
-0.164186
-0.144981
-0.403092
1.31693
0.912369
-0.182159
-0.39771
-0.589107
1.04677
0.227297
-2.04031
-0.908914
-0.59862
0.555079
-0.818792
0.104037
0.738105
-0.26127
-0.114067
-0.268747
-0.196048
0.0867324
-0.941044
-0.923752
-0.285658
-0.217231
0.900404
0.0305758
1.38022
0.57868
-0.184982
-0.172528
-0.399165
1.08307
-0.557382
-0.0176146
-0.366676
0.523123
0.0162978
0.778052
1.02672
-0.33442
0.874087
0.100733
-0.452774
-0.422131
-0.197275
-1.04927
-0.297086
0.758353
0.289509
-0.631404
1.63384
-0.207017
-0.0362159
0.892543
0.780025
0.17415
0.639066
-0.232674
0.706596
-0.0266996
0.822908
0.645595
-0.262173
-0.71473
0.11344
0.184358
0.462364
-0.916355
0.582402
-0.587577
0.932044
0.743685
-0.822711
-0.620358
-1.39674
0.657396
1.85995
0.549202
-1.24605
-0.726616
-1.30651
1.16594
1.18988
1.23402
0.450989
0.572187
-0.0281219
1.32351
0.329485
0.846712
0.108361
-0.508638
-1.45193
-0.23863
-0.122605
0.164767
1.5643
0.17426
-1.00602
-0.538485
0.383137
-1.32424
0.952352
0.0828528
-0.493222
0.0219849
0.10933
-0.523963
-0.802741
0.143099
-0.93586
0.705928
-0.88689
0.576035
0.584847
-0.369745
-1.14067
0.154317
-0.124177
-0.871537
0.313715
0.512309
0.444274
1.17508
0.0304127
-0.648247
-1.48462
0.182843
0.192858
-0.306163
0.0500602
-0.665177
0.109773
-0.3913
1.1268
0.706947
-0.470034
-0.676127
1.1396
-0.871736
1.29596
-0.321875
0.397755
-1.73244
-0.691054
-0.952808
-0.438261
0.908598
-1.48097
0.870637
0.860638
-0.498647
-0.395567
-0.878767
-0.252814
0.00765192
0.621386
-0.137932
-0.673528
-1.76302
0.765683
0.797148
0.391812
0.191361
0.622365
-0.261056
1.15864
-0.207558
-0.0635858
0.0719369
-0.448525
0.752754
0.532174
-1.78821
0.368187
-0.708038
-0.191037
-1.02789
0.0403359
-0.147477
0.422213
0.738651
0.759247
-0.900334
1.40827
-0.19803
-0.673306
-0.134649
-0.0638199
0.557655
-0.19107
0.333941
1.59292
-0.266666
0.112105
-1.55935
0.369251
-0.494101
1.06495
-0.967194
-1.31008
-0.569265
-0.29933
-0.0509176
-0.639937
0.521913
0.292809
0.966322
-0.755143
-0.0244414
-0.194873
1.1852
-0.789994
-0.435404
-0.0790816
-1.15706
-1.50674
0.504313
0.356094
-0.739348
-0.118455
-1.05993
-0.898962
-0.506314
-0.155638
-0.119403
-0.0694173
-0.451969
0.204892
0.358895
1.4174
-0.784986
-0.894299
-0.124716
1.17853
0.719636
0.985115
-0.930676
1.14335
-0.502449
0.218421
-0.749555
-1.5474
-0.532588
0.494694
-0.319336
0.766964
1.65529
-0.312643
1.25853
0.814381
-0.0835945
-1.50498
0.293549
-0.402883
-1.32187
-0.607883
0.07324
-0.447626
-0.00711362
0.15217
-0.487998
0.207828
0.437105
-0.13441
0.0210014
1.1945
0.316808
-0.235058
0.962943
-0.264078
0.477759
-1.14219
-0.333183
0.852293
0.773607
-0.319323
0.542577
-1.13052
1.04192
-0.57247
-0.207509
1.52865
0.0369777
-0.252426
0.222561
0.607829
-0.0350143
1.14665
0.469341
0.485846
-0.390495
1.93112
-0.0342543
1.19535
0.713221
-0.247949
-0.460618
-0.651289
0.529676
0.145323
-0.236258
-0.153489
-1.12517
0.730049
0.395941
0.635555
-0.263776
-1.68572
-0.018572
-0.794722
-1.14163
1.31737
-0.446914
0.208802
0.134969
1.11759
-0.919729
0.627947
0.0730542
-0.468523
-0.0541923
0.265957
-0.171616
-0.0748334
-0.903942
-1.56668
-0.747989
0.885939
0.276775
-0.237024
1.20607
-0.920462
-0.47148
0.947152
-0.212859
-1.17904
-0.123642
-0.160625
-0.0380547
-0.312485
-0.893854
1.19787
-0.133751
-0.656156
-0.329943
-1.13867
0.353776
-0.321393
1.46441
-0.477768
0.0871243
-0.182054
-1.62679
-0.468925
0.582554
-0.0770748
-0.216727
1.1538
-0.273309
-0.137024
-0.324975
1.45243
-0.419395
-0.191208
-0.191385
-0.177087
-0.303883
-2.16288
-0.205924
0.105951
0.38255
-1.88054
-0.426518
1.34834
0.729953
0.176414
-0.540183
-0.321373
0.00999576
-0.714349
0.143954
-0.549308
-0.883644
1.1444
0.397579
0.332318
-0.500402
-0.128782
-0.404476
0.125717
0.359346
0.202273
0.716868
0.538734
0.575506
-0.178355
0.531483
-0.356314
-0.16792
-0.118421
0.695581
-0.820561
-0.171897
0.665925
0.865397
0.0834251
0.558423
0.379234
-0.466976
-0.341921
-0.520132
-0.522428
-1.11392
0.0746703
-0.975056
0.749677
-0.143564
-0.391912
0.893556
-0.459573
-0.396743
0.185248
-0.348564
0.320375
1.06472
-0.804858
0.112308
0.721976
-0.409949
-0.6656
-0.143435
0.341318
-0.37536
0.893729
-1.45063
1.36913
-0.961017
1.23625
-0.34053
-0.305736
0.686987
1.02925
0.185014
1.13826
-0.712592
0.164372
-0.0926504
-1.87361
0.245423
0.707333
0.640093
-0.384845
-0.503765
0.592241
0.733745
-0.758075
-0.0488564
-0.159843
0.437809
-0.105068
0.37713
0.457348
0.367016
-0.220613
-0.440616
1.27526
-0.107965
0.871167
0.640128
-0.759993
-1.24441
-0.268307
0.403024
-1.09584
-0.774404
0.293147
-1.01852
0.897645
-0.8496
-0.408257
1.31028
0.134732
-0.299557
0.0800015
0.729947
0.250922
0.469418
0.287637
1.76348
0.577929
0.97568
-0.588829
-0.430652
-0.520473
0.050102
-0.249613
0.892386
0.353707
-0.115145
0.424407
-0.0630135
-1.48704
-0.154289
0.688479
-0.188485
-1.40908
0.321103
-1.25806
-0.138803
1.23107
1.28352
-0.667259
0.638532
0.79488
0.220506
-0.169946
-0.818751
-0.805148
-0.405989
-0.589325
-0.119859
-0.517643
0.768032
0.701627
-0.228263
-0.0299855
-0.188024
0.11702
-0.433706
0.150521
0.257059
-1.13251
-0.247359
-0.878959
-0.834386
-1.10659
-0.794148
0.522366
0.431973
-0.623221
1.63136
0.909354
0.112226
-0.270784
-0.120641
-0.154142
0.324473
0.808238
-0.48395
-0.230077
-0.402314
0.322197
0.176775
-0.0893931
1.03771
-0.0526375
-0.873334
0.635926
-0.771232
-0.934926
0.498876
-1.3659
0.507829
-0.24718
1.13213
-0.0642029
-0.971349
-0.643451
2.25394
-0.83042
0.773663
-0.10569
0.131505
0.400426
-0.35145
-0.402176
-0.922566
-0.171437
0.383188
1.23079
-0.602887
-0.22219
-0.145353
0.841994
-1.37477
-0.811722
0.204329
-0.685645
0.245586
-0.685907
0.0337389
-0.190871
0.595334
-0.0928279
-0.314451
-1.42494
-0.273362
0.941347
0.303041
0.542524
-0.392543
-0.0713447
0.293356
1.11433
0.498043
-1.42514
2.43638
-0.705766
0.192276
0.331236
-0.530205
-1.44721
0.667754
0.691837
0.000270103
-0.777616
-0.683702
0.224336
0.538143
-0.284218
-1.61136
-0.174992
0.450664
-0.193057
-0.0818399
0.248548
1.49127
0.692397
0.613675
0.498097
0.510398
-0.217839
-0.341813
0.132707
0.00737351
0.22187
-0.508526
0.625046
-0.118527
0.0351097
-0.540543
-0.090003
-0.301367
-0.848049
0.126771
-0.00247175
0.333235
0.505384
-0.772215
0.540978
-0.969476
-1.0418
-0.523263
0.134595
2.2064
0.212202
-0.426951
-0.577275
-0.239856
-0.733805
0.49482
2.1771
0.987011
0.776401
-0.919848
-0.0434604
0.183591
-0.885435
0.0786382
-0.0695583
-0.539333
-0.964402
-0.0112228
0.183609
-0.590474
0.115135
-0.512861
-0.11469
-1.00056
-0.781431
-0.60286
1.4096
0.161171
0.350946
-0.686005
-0.45516
-0.455525
0.00935253
-1.45108
-0.00680588
-0.315968
1.58202
-1.09369
0.995628
0.62907
-0.835448
-0.705286
-0.258604
0.234902
-0.0205278
1.12471
-0.234653
1.29393
-0.393293
0.496619
-0.311261
-0.668462
1.78071
-0.372435
1.21539
-0.783041
0.238962
0.449344
0.884903
0.859049
-0.143899
-0.288748
-0.175111
0.046848
0.631864
-1.98618
0.663377
0.782745
-0.558772
0.129191
1.35729
-0.497097
-1.58441
-0.0723082
0.168144
0.669722
0.105101
-1.19876
-1.56205
-0.866324
-0.378606
-0.703412
-0.228465
0.287003
-0.895379
-0.162096
0.348504
-0.0725559
0.192591
-0.866636
-0.104967
-0.11343
0.918737
-0.226119
0.638526
0.668423
-0.18133
1.32148
-2.35249
1.13148
1.11924
1.08302
-0.434027
-0.851988
-0.866055
-0.590621
0.69904
0.513692
0.905881
0.739889
0.547795
-0.98881
0.427657
-0.552804
-1.35908
0.427563
-0.368466
-0.640378
0.178987
-0.885166
0.0260494
-0.369236
-0.989623
-0.161198
-0.14547
0.291929
-0.723916
0.158889
0.0618907
0.428536
-0.0896318
0.786064
0.748142
0.416965
0.498067
-0.464326
1.26904
0.1838
0.648601
-0.555061
-0.0467094
-0.0720115
0.731756
0.709732
-1.23318
0.201004
0.708872
-0.0169582
-0.588554
0.995495
0.511329
0.0914037
0.580845
0.261676
-0.641261
-0.476473
-0.217669
1.46642
1.26408
-0.581652
0.0553333
0.146306
0.694936
-0.135103
-0.110695
0.0932281
0.70093
-1.20467
-0.702515
-0.11571
0.798165
-0.253021
-0.546307
0.563974
-0.213999
-0.486214
-0.00713703
-0.425283
0.964554
0.873262
0.878495
-0.303619
-0.351769
0.61139
0.482584
-0.310141
0.682562
-0.12809
-0.303542
0.574825
0.330856
-0.803007
0.53732
-0.125804
-0.620446
0.921959
0.864539
0.343889
1.98703
1.06632
0.0448451
0.16215
-0.202703
-0.395901
1.09099
-0.970735
0.787291
-0.87943
1.54061
-0.51772
-1.02487
0.954045
0.596168
-0.833532
0.0248307
-0.0932092
-0.244713
-0.230786
0.271305
-0.743854
0.526494
0.509179
0.460374
0.744247
0.5987
-0.0840025
0.804464
0.657915
0.324942
1.3153
0.526194
0.259071
0.145532
1.1957
1.09323
-0.565633
1.27535
0.192357
-0.140309
0.340947
-0.0955504
-0.866193
-0.217379
-0.68796
-0.523894
0.48703
-0.140026
-0.879404
-0.442239
-0.054794
-0.57248
0.148567
0.596713
0.731443
0.530412
-0.0574435
0.284422
0.66604
-0.260084
0.970592
0.798001
1.86064
1.76175
0.0644909
0.930842
-0.469831
1.48319
0.0312945
-1.69332
0.370842
-0.589667
0.192561
-0.442265
-0.242618
1.69946
-0.285547
-0.428764
0.532103
-0.383399
-0.540456
0.290638
0.532805
0.986323
0.196028
-0.353547
-0.198754
0.623587
0.867838
0.469853
0.921979
0.286556
-0.427769
0.648512
0.710283
0.432279
0.639873
-0.64167
-0.241769
-0.664036
0.195804
0.307697
-0.516955
-0.525161
0.715114
-0.590944
0.351263
-0.566313
-0.454276
0.0214439
-0.077797
0.828673
-0.307164
0.202796
-0.596653
0.73288
0.868797
0.514203
-2.7915
0.314254
0.194283
0.54551
-0.0857152
0.0684696
0.583984
-0.952949
-0.257216
-0.906819
-0.0940464
0.809705
0.448101
-0.636184
-1.08482
0.0996612
-0.0925065
0.460983
-0.314755
1.13501
0.210365
0.3832
-0.750957
0.220385
-1.27308
1.58596
-0.296425
-0.404496
-0.457807
0.485894
-0.0395874
-0.633676
-0.817736
0.972076
-0.387729
0.149557
0.364954
0.361246
0.0400876
0.193521
0.175938
0.860597
0.858454
1.18247
-0.140329
0.200098
0.668137
0.00873268
0.211479
-0.404602
-0.837173
0.713114
1.03727
1.14252
-0.236464
0.105871
-1.10245
-0.81144
0.0325187
0.226477
0.349783
-0.147122
0.444956
-0.581636
-0.00372313
0.323575
-1.42481
0.422947
0.577196
-0.681083
0.329438
0.645547
0.0641575
-0.946514
0.602186
0.718068
-0.314796
-0.918239
0.146427
0.958692
0.549844
0.636816
-0.343867
-0.410617
0.39356
0.172558
0.84697
0.931132
-0.59474
-0.706858
-0.484661
0.555778
-0.264057
1.7248
-0.963708
0.421776
0.170462
-0.230476
0.384628
-0.119901
0.511791
1.12371
-0.200462
0.0841453
-0.244198
0.639307
-0.561494
0.00140641
0.0107079
1.01788
0.294182
-0.534953
-0.141142
-0.079571
0.43519
0.383857
-0.249543
0.579219
0.00621808
-0.257744
-0.551058
-0.958888
-0.554148
0.966347
-0.085676
-0.984918
0.145792
1.95419
-0.311025
0.0957844
0.138247
-1.0405
-2.2428
-0.64898
0.93315
0.544709
0.466633
-0.0160546
-0.513874
-0.561347
-0.908705
-0.218346
-0.677168
-0.966563
0.982169
0.738856
0.46037
-0.225163
-0.94024
0.157589
-0.303086
0.678464
0.339206
0.106346
1.26261
-0.433461
1.37078
1.50208
-0.0894273
-0.504059
-0.829285
0.185405
-0.90141
-0.0480061
0.0365363
0.780851
-0.761472
-0.566226
-0.439618
-0.228088
0.0215165
-1.21159
-0.55695
0.490425
0.0461065
-0.526408
-0.344653
-0.100408
-0.536096
-0.0351292
1.62057
0.611169
0.676755
-0.159657
-0.0445296
0.165499
0.636829
-1.39522
-0.640751
-0.433908
-0.945232
-0.166912
1.24353
-0.448487
0.456761
-0.532522
-1.08281
0.110825
-0.012643
-0.307891
0.213959
-0.0183313
-0.136489
0.716829
0.956698
-0.621168
-0.603559
-0.268456
-0.0931038
0.396913
0.494031
-0.529577
-0.388875
-0.0853095
0.130583
0.275554
0.400671
0.081645
0.0529074
0.286128
0.129974
-0.223247
0.834939
-0.750474
1.0623
-0.65429
-1.02831
0.780198
-0.771646
0.360586
0.522618
0.654543
-0.366235
-0.306158
-0.706164
-1.37693
-0.916267
-0.348341
-0.439737
-0.730311
-1.05441
-1.21057
-0.237177
0.0228127
-0.390255
-0.0137624
0.0042534
0.849247
0.587701
0.0226371
0.859247
0.384529
-0.601604
0.494389
-1.78011
-0.771512
-0.654635
-0.497757
-0.197759
-0.252452
-0.570714
0.698879
-1.20916
0.401354
-0.127591
-0.194785
-0.188558
-0.533359
-1.50503
1.059
0.392119
0.361451
0.259437
-1.08
0.167063
-0.0088905
0.430238
-1.08419
-0.107092
0.579563
-0.0909696
0.900888
0.758674
-0.356096
0.820249
-0.337965
-0.519755
-0.853665
0.276918
-0.790097
0.124708
1.27547
0.205835
-0.395734
-0.329391
-0.990322
-0.900272
-0.58103
-1.06292
0.333755
-0.548575
0.524053
-0.105324
-0.719835
0.772493
0.412801
0.759881
-0.399796
1.26546
-0.795078
0.347771
0.0764708
-0.843258
0.229295
1.56713
0.464566
0.203027
-0.494683
-1.32378
-0.252322
0.0270427
-0.0911387
0.467488
-0.233671
1.00066
0.699165
-0.310042
-0.140821
-0.239917
0.257405
0.215023
-0.233798
-0.532168
-0.299623
0.709458
0.949629
-0.342965
0.0481005
0.597824
-0.0224143
-0.528066
-0.902942
1.3716
-0.139199
0.340349
-0.572748
-0.380702
-0.139381
0.599462
0.222399
-0.685839
-0.0555169
-1.75747
1.49145
0.725825
-0.491688
-1.29883
0.991568
-0.0258417
-0.136437
1.05841
-0.628461
-1.57508
-0.216491
0.739784
-0.207934
-0.0354331
-0.235793
-0.33138
1.04529
1.15226
-0.79779
-0.452043
0.439037
0.86408
1.87885
1.00918
0.83775
0.146584
0.750309
0.848199
0.531499
0.160656
-0.0915288
-0.413209
-0.458189
0.311807
0.0791844
0.403933
-0.180069
0.409327
0.0300984
0.127533
0.425887
0.396122
-0.446633
1.30897
-0.359607
0.469866
-1.05059
1.13408
0.716758
0.614159
-0.121863
-0.476282
0.548874
0.296608
0.00428478
0.104581
-1.27009
-0.846381
0.308093
0.830845
1.3349
0.591705
0.17559
-1.42498
0.739524
-0.56476
-0.173279
0.169828
0.392452
1.26015
-0.349064
-0.361338
-1.88095
-0.00977359
0.575113
-0.93239
0.870603
-0.0657471
1.23171
-1.04495
0.804975
-1.45427
0.00242092
-0.329181
0.34091
-1.15709
0.528719
-0.213138
-0.077239
-0.245658
-0.378797
-0.564909
0.137859
-1.95224
0.211107
0.11907
-0.127518
-0.571656
1.3761
-1.49095
-0.526206
-0.51166
-0.262887
0.166697
-0.997012
-0.564153
-0.0628548
1.16134
0.539162
0.377103
0.0404788
-0.204573
-1.40657
-0.183531
-0.467649
0.210521
-1.35535
0.289567
0.351916
-0.867058
-0.408382
0.280023
0.821573
1.35329
1.52408
1.15551
0.675157
0.410426
-0.400173
-0.902666
0.249198
-0.256024
-0.526759
-0.0864272
-0.0608323
-0.448033
-0.716078
1.03518
-0.467534
1.65219
-0.328862
0.462837
-1.24373
0.601898
-0.564361
0.00410353
0.269495
-0.298039
-0.0558655
-0.208583
0.273603
0.639482
-0.295094
-0.476246
0.561841
-0.32879
0.554701
-0.247498
0.512102
0.428012
-0.295125
-0.638666
0.751891
0.394805
0.0964586
-0.488875
0.485253
1.48326
0.543289
-0.186367
-0.197064
-1.0226
0.271852
0.488302
-0.802539
-0.10555
0.124756
0.939041
0.447788
-0.291436
-0.719988
0.354751
-0.445683
-0.338556
0.122573
-0.600757
-0.31971
0.711415
-1.0638
0.0930104
0.0230615
-1.02054
0.013309
0.719022
-0.89454
-0.234075
-0.806841
-0.510045
-0.770971
-0.0598929
0.09622
0.727058
0.428233
1.14528
0.0341176
-0.100896
0.107832
-0.372211
0.406519
0.737718
-0.157423
0.244909
-0.80717
0.271053
-1.01012
0.513943
0.922964
0.621074
-0.172542
0.0111997
-0.121754
0.199069
-0.76274
0.259817
-0.247025
0.712404
0.233236
-0.672766
1.58773
-0.465171
0.0345418
-0.46555
0.688257
0.450385
0.228162
0.022339
-1.93445
-0.788472
0.587747
0.590747
-1.33615
0.0455604
-0.756005
-1.1586
1.14167
0.575853
1.10364
-1.2243
0.613181
-0.499256
0.119735
-0.287799
-0.284617
-1.11588
0.244825
-0.189697
0.176525
-0.101632
-0.0633802
-0.224549
-0.753225
0.256848
-1.21334
0.466038
-0.455661
-1.57924
0.506252
0.652065
0.22671
-0.184696
-0.611843
-0.404174
-0.534971
0.22687
-0.590742
0.236369
-1.04027
-0.127043
-0.918573
0.515849
-0.641433
-0.0495485
-0.787271
1.21255
-0.542823
0.47158
0.68783
-0.993017
-0.75815
0.263635
0.995549
-1.07034
1.37927
0.425121
-0.570292
0.601676
-0.557554
0.806279
-0.134673
0.0629687
0.117916
-0.922285
-0.902642
0.975401
0.745084
0.75019
-0.114364
-0.875765
-0.583602
-0.0916109
-0.0506178
0.339093
0.00932831
-1.20992
0.608814
-1.53899
0.154386
-1.06417
-0.397166
0.140428
-0.893622
0.392126
-0.0426738
0.768236
0.398906
1.01639
-0.485612
-1.25823
-0.00362071
-1.15751
-0.578618
-0.498454
0.871314
-0.747929
1.84199
-0.522425
-0.776635
-1.65176
-0.475056
-0.0512319
-0.424572
0.365911
-0.652755
0.398731
-0.432803
-0.246996
-0.551573
0.508087
1.65108
-1.27114
-1.27355
0.616763
0.0366216
-0.403462
-0.1642
1.0894
0.11593
-1.09525
-1.28436
1.09504
-0.183389
-0.594975
-1.22863
0.445236
0.206881
0.462301
1.1017
-0.232136
-0.365229
-0.0719133
-1.69715
-1.19099
0.201513
-0.985091
-0.13771
0.687258
-0.0574833
-0.635352
0.559456
-0.533151
0.177116
-0.622267
-0.026307
1.09352
-0.302577
0.886089
-0.305901
0.641173
-0.403353
-0.857813
0.243845
-0.68377
-0.117166
0.144108
-0.15294
0.146507
0.630165
0.243197
-0.373583
0.566779
-1.17063
0.115878
-0.37317
0.608606
-1.07786
0.810796
-1.70477
0.204702
-0.912117
0.989089
-0.3458
0.108135
-0.460096
0.178861
-0.752616
0.149054
-0.0779445
-0.897743
-1.0231
-0.273268
0.400906
-0.811441
-0.373936
-0.24396
-0.310409
-0.640892
0.1254
0.186952
-0.133831
-0.546499
-0.315663
-0.441323
-1.08236
0.0269139
-0.151963
-0.137766
1.63928
-0.543435
-0.882254
0.974555
-0.0248024
0.138854
-0.0860497
-0.603976
0.800957
0.364404
-0.622615
-0.898095
0.547864
-0.0875104
-0.724253
-0.327767
0.223843
-0.0448659
0.288241
-0.943226
-1.96106
0.750195
-0.706345
0.507868
-0.216284
-0.249748
0.76403
0.0413376
0.136821
0.651711
1.186
0.882474
-0.227131
-0.776786
0.548847
0.509199
0.822184
0.595935
0.331724
0.953908
0.156189
0.71016
-0.292841
0.395609
0.875456
0.300846
0.521667
1.07513
0.113679
-1.13575
-0.432086
-0.547281
-0.109176
-0.19011
-1.60929
-0.552935
0.0147121
-0.689359
1.64083
0.325153
-0.0497397
-0.546131
1.13871
0.330127
0.75484
-0.435174
0.563352
-0.298226
-0.729909
0.504822
-0.350329
0.14681
-0.864401
1.23349
0.424677
-2.08212
0.345907
-0.455217
1.43772
-1.49026
-0.19757
-1.09265
0.0588313
-0.613527
0.379444
-1.4941
0.0445839
-0.36919
0.160053
-0.687028
1.31772
0.25626
0.207181
0.620768
-0.460963
0.424848
-1.45973
0.940171
0.563717
0.0660429
-1.21567
-0.712154
-1.54907
0.00148052
1.4506
0.13388
1.12565
-0.658676
-0.0570933
-0.810129
0.284604
0.406698
-0.210414
0.0282333
-0.0774772
-1.0646
0.0855954
0.689936
0.334731
1.48211
-0.186296
-1.90141
-0.523024
-0.0918097
0.076874
0.452046
-0.420612
-0.873281
0.119472
-0.418042
0.466876
0.588866
-0.805429
-0.379784
-0.974769
-1.56244
0.297372
-0.195366
-0.435339
0.037493
-0.0842039
-0.611722
0.0390332
-0.993054
-0.590138
-0.875931
0.280524
-0.704068
-0.495885
0.703248
0.501597
-0.608162
1.6108
-0.174221
-0.314731
-0.246734
0.832316
-0.719425
0.19756
0.531987
0.0398938
0.754874
-0.294945
0.918897
0.598277
-0.254684
-0.840498
-0.123549
0.232935
-1.23098
-1.1422
-0.609878
-0.279586
-0.41306
-0.48932
0.498927
-0.315195
-1.19341
-0.434571
1.375
-0.281272
-0.950767
0.249641
-1.03418
0.443653
0.16581
-1.41084
-0.264505
-0.875743
-0.331549
0.0228941
-0.330564
0.107074
-0.103634
0.020696
1.26006
-0.331112
1.57787
-0.165279
0.500526
-0.309395
-0.139604
-0.728721
0.307819
0.377863
0.52753
-1.17478
0.0896881
0.44662
-0.0818878
0.612735
-0.304282
0.058217
0.412215
0.864022
0.778121
-1.19788
0.366425
-0.194511
1.27169
-1.02955
-0.145744
-0.043762
-0.590704
0.256626
-0.830559
-0.178972
1.04579
-0.411966
0.719935
-1.01601
0.320052
0.446615
0.652888
0.813177
0.394951
-0.707466
-0.738874
0.390132
0.362481
-1.12125
-1.23217
-0.359582
0.330228
0.498519
-0.720042
-1.57816
-0.686457
-0.597152
-0.729429
0.402678
0.072797
-0.990702
0.08541
-0.106371
0.697294
0.170443
1.17479
-0.160771
-1.10763
-0.212284
0.648351
1.30387
0.956495
0.408873
0.908068
0.0493136
-0.0835185
0.504426
0.0557347
0.0374663
0.868988
0.957134
-0.452308
0.360349
0.61313
-0.0803727
-1.06135
-0.251158
1.10228
-1.28611
-0.250103
-0.122681
-1.03169
-1.18124
-0.384975
0.297628
-0.883814
0.697111
1.02712
-0.273776
-0.015364
0.129016
-0.0697414
0.925832
1.47107
-0.204177
-0.345723
-0.544971
-1.35523
1.1902
0.548506
-2.04863
-0.57959
0.511208
-0.315647
-0.46675
0.518883
0.309831
-0.718075
-0.0936975
-0.5424
0.909111
0.680027
0.569087
0.136499
0.980845
-0.0725287
0.156158
-0.167275
-0.0890085
-0.137081
0.535041
-0.156107
-0.0179882
-0.543973
0.718131
0.303974
-0.343318
-0.375723
0.629371
-0.298238
0.0900412
-0.095636
0.472077
-0.760486
-0.831197
-1.39073
0.40884
-0.303826
-1.27183
-0.22493
0.799595
-0.104854
-0.659454
-0.321687
-1.8091
1.10819
-0.251175
0.623287
0.702472
-0.356612
0.0374462
-1.55529
-0.866317
-0.228091
0.542056
-1.17142
-0.0235119
0.706009
0.488401
-0.960818
0.929473
0.152572
-0.814799
-1.33507
-0.537915
1.28474
0.182006
1.05591
-1.59826
-0.0993295
-0.606744
1.57989
0.0545726
0.321892
0.00410313
-0.984739
-0.753524
-0.241756
-0.197097
0.402686
0.828668
-0.969901
-0.0266193
0.736792
0.626867
-0.63072
0.584516
-0.443167
0.880607
0.938319
0.872137
0.524647
0.0224542
1.35944
0.680601
-1.92917
-1.03233
-1.34204
0.532586
-0.161674
0.865642
-1.62064
0.866334
0.41619
-1.3082
-0.27945
0.5874
-0.352721
-0.0303599
1.28103
0.58227
0.38552
0.318022
0.777401
0.427693
-0.740259
-1.42664
0.0426218
1.33918
-0.869637
0.777778
-0.0102971
-0.286995
-0.245854
1.24486
0.262937
0.0126849
-0.0423463
-1.95671
0.632379
-0.133263
-0.968267
0.0915655
1.05225
0.921481
-0.702806
0.802897
0.75058
0.00583501
1.03481
0.369283
-0.0962487
-0.256247
0.532003
-0.0735704
0.375111
-0.377503
0.903789
-0.876853
0.316411
0.489124
0.319431
0.88484
-0.13455
1.35904
-0.868237
1.44553
-0.375744
-0.216739
0.0619752
1.77769
-0.524223
1.67397
0.992486
0.421774
-0.847223
0.180293
0.113277
0.213525
0.435694
-1.87624
0.0802075
-0.837844
-0.643148
-0.149192
0.483879
-0.596965
0.282614
-0.436158
0.476644
1.08922
-0.42043
0.0966728
-1.44911
-0.570438
-0.497259
0.864976
1.77202
0.71962
-0.555661
0.55486
0.33865
1.30085
-0.671289
-0.43447
-0.770085
-0.690891
-0.763917
-0.386961
-1.90495
-0.235112
0.840242
-0.0817929
0.153556
-0.393048
0.513261
1.49926
-0.671635
1.0279
-0.180286
0.762076
-1.08433
-0.59783
0.462979
-0.123446
0.906645
0.291765
-0.43248
0.120537
0.571667
0.634135
0.110696
-0.548916
0.0152911
0.616815
0.470277
0.380666
0.371431
1.69829
0.507813
0.649542
0.519854
-1.69578
-0.181017
-0.857139
0.153962
1.49976
0.574326
0.768182
-0.243411
2.16657
0.155941
-1.1479
-1.44087
-0.652465
0.0142338
0.0878256
-0.642596
0.243032
0.618841
-0.0667742
0.416587
-0.887977
1.06012
0.243376
0.481234
0.862971
0.136401
-1.03363
-0.539043
-0.114687
-0.914235
-0.157351
0.72322
-1.3893
-0.193104
-0.258464
-0.923668
-0.222931
-1.55368
0.663241
0.00237601
0.973135
0.572822
0.804614
-1.82675
0.342866
0.0103958
0.949516
-0.424385
0.573484
0.862346
0.49209
0.517233
0.0378135
-1.2375
-1.22169
0.691858
1.57221
0.270625
0.040578
-0.541175
0.980173
0.706457
0.824857
-0.755992
-0.25722
-0.86481
-0.660126
0.156308
0.617887
-0.0444303
0.472656
-0.394409
-0.477808
-1.47824
0.202332
-1.20174
1.24831
-0.821081
0.953329
1.09829
-0.49933
1.31047
1.0186
-0.128418
0.833456
-0.779372
-0.434679
-0.983471
-1.01348
-0.191842
0.260274
0.373425
1.11115
0.0657343
-0.55281
1.45746
0.160117
-0.663796
-1.37377
-0.820739
-0.181382
-0.522974
-1.04556
1.0516
1.45313
1.23318
-0.245877
0.0498229
-0.257324
-0.785962
-0.10657
-0.233623
0.852209
-1.05786
-0.523995
-0.25176
0.194793
1.43162
0.668075
-0.708789
0.597981
-0.230518
-0.323918
-0.437448
-1.02008
1.32891
-0.597426
0.428532
0.262021
-0.483315
-0.00346002
0.129469
-1.42604
0.00262688
-0.238394
-0.860021
-0.290731
1.02537
0.25602
0.1346
-0.0406624
0.372724
1.32719
-0.377954
-0.551602
0.554634
0.732638
0.908956
0.57633
-0.968068
-1.30754
0.486308
0.972981
0.604161
0.757832
0.0561536
-1.45606
-0.519843
-0.0179978
-0.599285
-0.450368
0.413051
0.60971
0.0184267
-0.482043
-0.782071
0.333358
-0.623328
-0.655847
0.0836292
0.830116
-0.883747
1.40246
1.24951
-1.68869
-0.538568
-1.66344
0.263022
-0.378268
0.564761
-1.12102
-0.0986002
-1.22474
0.581847
0.965709
-0.0668663
0.701646
-0.148702
-1.59112
-0.00464206
0.410283
0.405868
-0.332264
1.18901
0.555096
1.01616
-0.564003
1.17137
-1.02164
1.1383
0.273754
0.980957
0.413503
0.858126
-0.0534199
-0.0438216
0.281564
-0.00889507
0.130859
-0.165848
0.42503
-0.506444
-1.39884
-0.482404
0.179394
0.285415
0.0661165
-0.0782287
0.6162
-0.761305
-0.182622
0.462826
-1.01982
0.0606449
0.304232
-0.460249
-0.00857761
-0.872727
-0.863921
-0.643703
-0.347231
-1.04331
0.0651617
0.336285
-0.605525
0.981665
0.423384
0.562491
1.44108
-0.444332
-0.95039
-0.66878
0.240697
-0.476249
-0.368601
1.54787
-0.885914
0.180855
-0.36852
-0.0761875
-0.631565
-0.587914
0.307307
-1.04385
-0.618519
0.944579
-0.458359
0.0566819
-0.846165
0.862968
-0.312756
-0.245304
0.439733
0.684373
-0.124472
-0.167635
-0.0987913
0.436584
1.15193
0.646725
-0.14975
-0.981253
-0.30223
0.275447
-0.26274
-1.00617
0.0969985
-0.441463
0.361
1.42205
-1.07169
-0.240804
0.530093
0.62488
-0.104389
1.23479
-0.107164
-0.822772
-1.36024
-0.244291
-0.538728
-0.0267987
0.412514
-0.0370718
-0.236629
0.31091
1.00833
0.934882
-0.353748
-0.312518
0.715624
0.199692
-0.362142
0.210882
-0.155025
0.549162
-0.237871
0.463326
0.730917
-0.253727
-0.582269
0.408851
0.338452
0.741578
0.480765
-0.124654
0.343383
1.14885
0.099077
-0.937892
0.200213
-0.993208
-0.248216
0.785741
0.986729
0.127561
0.990773
0.501627
-0.419439
-0.713595
-0.688751
0.626067
-1.06058
1.10674
0.0358858
0.184657
-0.825537
-0.587683
0.88267
-0.401736
-0.0800913
-0.829569
0.325636
0.228359
0.0803738
0.625752
0.297087
-1.18168
1.02153
1.19949
-0.742452
1.18289
-1.96906
-1.04765
-1.27234
0.0265276
1.63001
-0.796135
1.12024
0.322824
-0.497874
0.280963
-1.73074
-0.279423
-0.185822
0.437232
0.525625
1.11801
-1.6566
-0.58924
-0.674329
0.260564
-0.757232
-0.748917
-0.714345
-0.401085
-1.02849
-0.562361
-0.0206719
-0.343453
0.261628
-0.566031
-0.0108635
0.942834
0.128582
-0.953154
-1.57233
-0.0139378
-0.72027
-0.319053
-0.0993185
1.01923
-0.653157
-0.983094
0.721149
0.859398
1.05753
1.0109
-0.373103
0.96162
0.753955
-0.0451986
-0.00515143
-0.45939
0.315035
-0.240331
0.0174946
1.45167
1.40579
-0.432531
0.688541
0.117743
-1.24077
0.70544
0.528751
0.50886
0.55137
0.12196
0.149112
1.10422
0.824374
-1.52473
0.73219
0.720108
0.587431
-0.147923
-0.413434
0.513403
-0.239786
0.413482
-0.0846239
0.198082
-0.452192
0.236669
0.164644
1.454
0.179466
0.302962
0.823332
-0.464654
0.825059
-0.403366
-0.325037
0.499736
-0.32184
1.61069
-0.228081
1.36726
0.76196
0.944224
-0.26352
-0.809756
0.757553
0.2086
0.268032
-0.176532
0.611417
-0.995059
-0.191579
0.54847
0.849762
0.0136453
-1.22996
1.16937
0.0518414
0.422
-1.19425
-0.255727
-0.753973
0.75256
0.849963
-0.372546
-0.530654
0.439696
-0.56249
-0.813385
-0.369166
-0.909296
1.61193
0.636241
-1.13577
0.0320578
0.381695
-0.636227
0.197942
-1.50011
0.180272
-0.108529
-0.296574
-0.135506
0.127513
-0.122901
-1.08679
0.365857
-0.442091
-1.44043
-0.0198286
0.55287
0.217692
0.527552
-0.867116
0.388334
0.177275
0.713191
1.361
1.14377
-0.190666
-0.308782
-0.124644
0.0929129
0.0925749
-1.82637
0.420632
0.633091
0.663979
0.607572
-0.762683
-0.928155
-0.153646
0.0372785
-0.717659
0.702056
0.931159
-0.0655456
0.419717
0.620091
0.0493356
0.594788
0.282886
-0.37028
0.298307
-0.0340728
0.243163
1.112
-0.124846
-0.140446
0.495874
0.801297
0.857077
0.595467
-0.142299
0.795216
-0.616571
-0.152956
-0.601773
0.489083
-0.584307
0.214388
-0.180277
0.645214
0.292189
-0.691852
-0.863037
0.667027
-0.810883
-0.397329
0.260067
-0.483674
0.605729
-0.152383
0.0492295
0.886811
0.658662
-1.2274
0.150498
-0.496156
-1.29039
0.372012
-0.247855
1.32478
0.566195
0.937995
0.125545
-0.228379
0.212934
-0.48611
0.199715
-0.397631
0.0677423
-0.193945
-0.543134
0.22009
0.667316
-1.53124
0.322076
-0.322361
-0.419609
-1.07652
0.749199
-0.474486
-0.955859
0.45472
-0.224031
-0.468747
0.490299
-1.11375
-1.09054
0.20342
-0.613241
0.151187
-0.281076
0.148918
-0.202592
0.124031
0.772944
0.387942
0.0514458
-0.509097
0.271015
-0.302664
-1.02065
-0.86073
1.47984
0.049187
-0.642141
-1.19687
-0.666074
-0.458009
0.352208
-0.914577
-0.728895
-0.022655
-0.20706
1.35595
0.863882
1.04529
0.0278707
1.5598
-0.0333377
1.78208
0.291026
0.561013
-0.18387
1.23321
-0.899895
-0.822321
1.15699
-0.803284
0.86342
0.907146
1.18725
0.0742275
-0.635476
-0.361691
-0.70028
0.440034
0.612008
-0.445853
0.383947
1.55561
-0.695138
-0.395684
1.56757
-0.485192
1.91675
1.03529
-1.89538
-0.0972134
0.482722
0.591715
-0.40442
0.551465
1.28053
-0.21388
1.04761
0.306958
-0.813882
-0.350014
-0.636894
-0.389805
-0.230779
0.9248
-0.695557
0.0778763
0.351229
1.16215
1.37348
0.46827
1.19909
0.543063
0.624582
0.546744
-0.508626
0.53584
-0.119193
0.445269
0.691929
1.31462
-0.0225946
-0.514159
-0.811458
0.545593
-0.289338
-0.711497
1.12862
-1.67221
0.0408494
0.381192
-1.08461
0.16333
0.758703
-0.496025
-0.0299253
0.644654
-1.12604
-0.788601
0.775957
-0.299236
0.58327
-1.01761
0.123189
0.0945938
-0.0349857
-0.498183
0.881738
0.34607
0.0519792
-0.0237231
-0.00817639
0.0996012
0.870106
1.00803
-0.356918
0.806965
-0.506726
1.77949
0.387161
0.183706
0.931705
-0.155089
-0.0210281
-0.977626
-0.236265
0.715466
0.121495
-0.129834
0.177685
0.165768
0.260252
-1.08058
0.0720155
-0.10255
-0.818182
0.340801
-0.00664963
0.846
1.28381
0.715841
0.769661
-0.106734
1.74763
0.128347
0.8846
0.229748
1.51696
1.16835
-0.205262
1.19202
0.907394
-0.520719
0.384115
-0.93472
0.437372
0.533583
-0.206753
0.641992
-1.52506
0.528548
-0.0511542
-0.33598
1.08056
0.0728287
1.47273
-1.30074
-1.67608
-0.516325
-0.139634
-1.29209
-1.51547
0.896601
1.8909
-0.055151
-0.313689
-0.156825
-1.08432
0.668208
-0.629655
-0.271468
0.843568
-0.459339
-0.281074
0.033887
0.238382
-0.49344
0.236504
-0.253442
0.156848
-0.573166
-1.18615
0.0303496
1.56229
1.67192
-0.0184012
0.103129
-0.0668157
0.284972
-0.00995665
1.56842
1.24297
0.146455
0.130402
-0.401409
-0.170403
-0.0986494
0.545791
-0.0946409
-0.541757
0.496083
-0.247653
-0.221777
1.70066
0.853812
0.600339
-0.381281
-0.60025
0.704187
0.0920094
0.578804
-0.140304
-0.904028
-1.35351
-0.634621
-1.11464
-1.10673
0.514569
0.759857
-0.568288
0.964763
0.13797
0.051881
-0.992727
0.508543
-0.206889
0.761931
-0.153331
0.0804342
0.00116904
-0.178929
-0.428468
0.141863
0.577336
0.38471
0.461642
0.528543
0.119697
0.803567
0.535924
0.368377
0.187009
-0.263612
1.07153
-0.431886
0.926505
0.183179
0.0150084
-0.101317
-0.0853674
0.470553
-0.341382
-1.25881
-0.868956
-0.395616
-0.409804
-0.800935
0.489377
-0.173373
0.804207
-0.661423
-0.935817
-0.402059
1.19787
-0.922949
-0.545521
0.369914
-1.35881
-0.353886
-1.17499
-0.236099
0.979243
0.118594
0.688778
1.38632
0.852959
-0.782624
-0.851891
0.813068
-0.442003
-1.37445
0.214115
-0.620884
-0.612214
0.875578
-0.885579
0.538349
0.270272
-0.473179
0.459539
-0.103961
-0.0776909
0.0475874
0.353883
-0.243471
0.645599
0.70682
-0.395506
-0.320017
-0.0776619
-0.621787
0.228238
0.0768096
-0.347796
0.855468
0.703387
1.00312
0.413075
-0.440272
-0.463431
0.995114
-0.059331
-0.698635
0.383988
-0.3216
0.445316
0.838612
-0.875828
-0.0656684
0.0643461
0.708327
0.264499
-0.358592
0.16178
0.410436
-0.992183
0.243708
-1.05778
-0.0773789
0.130491
0.272508
0.137666
0.64074
0.27563
0.486198
0.642229
0.482265
-0.264378
-0.989014
0.282819
1.38812
0.15721
0.22038
1.78856
-1.61095
-1.10423
0.10958
-0.887873
1.32084
-0.121368
0.275653
-0.247146
-0.540407
0.309732
0.14199
0.691542
0.185051
0.850773
-0.00131262
-0.309625
0.0440521
0.913219
-0.00712192
-0.975821
0.249739
1.20624
-1.05565
0.563638
0.287842
1.35062
0.585854
0.531154
0.690822
0.981307
-0.498806
-0.752397
-0.453953
-0.956195
-0.219339
0.396113
0.205476
-0.822448
1.12778
-1.05472
0.741243
0.386741
-1.17458
-0.325085
-0.195524
0.0643678
-0.53054
-0.326321
0.463812
-1.07794
2.06583
-1.028
-0.705532
0.369723
1.09395
0.318984
-1.08628
0.027076
-0.901941
2.09501
0.529949
0.801033
0.320384
-0.89644
-0.347602
-0.115133
0.529888
-0.295264
0.0291448
-0.774293
-0.312879
0.129336
0.320344
0.198528
-0.824236
-0.299565
-1.31299
0.503143
1.56747
-1.09663
1.08339
-0.353277
-0.0916244
0.194963
-0.543836
-0.223381
-0.453625
0.131065
0.299414
0.266464
0.532391
0.388244
0.376537
-0.962342
0.010392
-0.498505
-0.233346
0.0373241
-0.566064
-0.845062
0.11115
-0.00918331
-0.145335
-0.066073
0.286019
1.23019
0.0500446
0.644127
-0.353596
-0.499962
0.884513
-1.05015
0.0850628
0.058456
0.41364
-1.11841
1.04047
-0.00955723
-0.0523152
0.407483
0.388804
0.45808
-0.460477
1.30455
0.573246
1.07345
-1.04833
-0.509159
1.63325
-0.972086
0.196929
-0.110494
1.06363
0.583902
-0.0313374
0.438115
-0.334755
-0.686818
-1.27889
-0.315417
-0.405657
-0.848183
1.44755
-0.0769556
-0.642375
-0.090876
0.570303
-0.517633
0.918805
-0.493421
1.32182
0.0741312
-1.44372
-0.22398
-0.588764
0.405045
-0.562992
0.987638
0.816686
-0.112019
1.6314
0.694248
0.417275
0.624457
0.468454
0.634909
0.700682
1.01097
-0.328215
0.00386549
0.120659
0.260002
-0.0359343
0.344253
0.787421
0.863986
-1.91779
0.239042
-0.269718
0.473499
0.402067
-1.64916
0.139346
-0.284174
0.157274
0.0755821
-0.0157734
0.111347
-0.116846
0.0626622
-0.286879
-0.495265
-0.0789733
0.356203
-0.0735247
-0.481764
-0.483994
0.853254
0.552466
-0.435378
-0.677811
-0.587485
0.759415
0.0711647
0.13671
-0.64754
-0.258394
0.510632
0.0162739
0.529706
0.970507
0.658504
-1.85108
0.222848
-0.168171
0.0031201
-0.399405
0.556161
-1.06118
1.51021
-1.37678
0.373455
-0.89973
0.950863
-0.613513
0.664028
0.862306
0.204187
-0.157127
-0.511766
0.670544
0.248777
-1.42836
-1.05833
-0.229503
0.122806
1.26668
-1.41676
-0.129033
0.301398
-1.09867
-0.525591
-2.19395
0.75011
0.0697492
-0.467698
0.279156
-0.373058
0.33771
-0.710057
-0.897361
-0.421872
-0.656563
0.843136
-0.175902
0.982047
0.296851
-0.577884
-0.121721
0.175293
-0.815033
-0.237191
0.605879
0.14303
0.920923
-0.626013
0.136336
0.382979
0.931991
1.24278
0.629936
-0.533371
-0.824627
0.961405
-0.359651
-0.26867
-0.0837006
-0.477708
0.545207
-1.22741
-0.60858
0.319718
-0.924767
-0.756097
0.711792
-0.190174
0.24035
-1.27296
0.606475
0.19691
0.692381
-0.409653
0.347011
0.096637
0.549279
0.981344
-1.27434
-0.508154
0.0296662
1.1901
-0.613664
2.29257
-0.934926
0.408653
0.640503
0.0763442
-0.370503
-1.20555
-0.265738
1.30247
0.25988
0.6182
-2.04504
0.744085
-0.491991
-1.00551
0.00343391
0.828842
-0.533837
-1.07849
-0.652147
-0.275018
-0.593474
-0.624386
0.954396
-0.145595
-0.780778
-0.12213
1.94595
-0.388802
0.991487
-0.235204
-0.219533
0.621948
0.153352
0.679589
0.926034
0.497229
-0.707131
0.441566
-0.841469
0.101707
1.02579
0.561314
0.344066
1.35679
0.84173
-0.0721968
0.70895
-0.815968
-0.0662035
0.138979
-0.85109
-0.78794
0.263201
-0.649083
0.163036
-0.629587
-0.00646327
0.0872669
-0.0467165
1.47795
0.338209
-0.720157
-0.944325
1.1303
0.211925
0.168961
-0.212458
-1.25338
0.13564
0.634565
-1.00413
-0.742669
-0.0413068
-0.466003
-0.350068
0.558121
0.229522
0.212262
1.21913
0.568782
-1.41777
1.32696
-1.84804
-0.860158
0.358427
-0.147853
-0.0965194
0.522664
-1.17148
-0.0138745
0.899917
-0.874334
0.98225
0.579022
-0.328534
-0.447881
-0.276846
-0.11863
1.13421
-0.145748
-1.11369
-0.223935
0.579268
-0.457493
-0.480404
-0.764625
0.797548
0.135963
-0.925032
-0.0400954
-0.201583
-1.11433
-0.432945
0.0735168
-2.02897
0.621247
0.434525
0.533255
0.750779
-0.400703
0.269154
1.04845
-0.416475
1.16429
-0.0393579
0.34238
0.621979
-0.0445685
0.0871596
-0.196533
-0.333323
-0.23584
-1.02846
0.329018
0.51195
-0.795709
-0.118865
-0.64218
0.00438389
-0.720785
1.33543
0.567291
0.931079
-0.365176
0.162231
0.474891
-0.624213
-1.37786
-0.0148213
-0.754948
-0.49434
-0.258631
0.290513
-1.07375
0.442785
-0.229363
0.398317
-0.25381
-0.660452
0.228357
-0.977212
-0.352163
0.95561
-0.682374
0.328499
0.828169
0.758216
-0.606764
0.401695
-0.0331113
0.489809
-0.449525
1.21383
-0.0604786
-0.991204
-0.464629
-0.427072
-0.315665
1.26842
-0.426952
0.648703
0.679929
-0.406643
-0.0953253
-1.03105
-0.516414
0.85196
0.298846
0.0835423
-0.440024
-0.0445545
0.221987
-0.436727
-0.969059
-0.0800585
0.39991
-0.0852345
0.238641
-0.425915
0.476249
1.08007
-1.43142
-0.32192
-0.142627
0.789631
-0.784323
0.101432
0.394181
1.02255
0.424408
0.383519
0.120254
-0.218924
-0.220653
-0.0933145
0.249482
0.206889
0.670361
1.13286
-0.647788
-0.0934571
-0.736587
0.346043
-0.825629
-0.167568
-0.154662
0.461151
-2.22577
0.374915
1.22742
-0.099301
1.74536
-0.301098
-0.721541
0.449274
-0.670072
-0.936204
-0.496409
-1.53316
1.1603
0.65236
0.276659
0.49868
0.787752
-0.209564
-0.925959
0.852647
0.599337
-0.655335
-0.0536401
0.00982885
-0.421406
0.350518
-0.396361
-0.457902
0.892392
-0.313178
-0.609178
-0.3024
-0.126649
-1.77531
-0.939556
0.294807
-0.405386
-0.334049
-0.0205694
0.241985
-1.46921
-1.2283
0.804718
-0.19614
0.0327828
-0.27556
0.287837
0.597534
0.239768
-0.664586
0.199164
-0.449272
-0.857856
-0.170803
-0.356398
-0.489456
0.102452
0.380526
0.34417
1.50968
-0.32635
0.614421
-0.350825
-1.09376
-0.671727
0.337924
-0.23916
-0.533124
-0.573647
-0.86175
-0.284194
-0.43598
-0.407135
-0.603334
-0.739677
1.65803
-0.524914
-0.205596
-0.316913
1.37644
-0.870598
-0.0803019
-0.579273
0.0560984
0.250792
0.252034
-1.14951
-0.285442
1.22538
0.457306
-0.0327659
-1.2024
0.633412
0.155579
0.385631
0.150414
0.951593
-0.992464
0.102937
-0.29794
1.96397
-0.738114
-0.940176
1.75681
0.432199
-0.0686125
-0.484815
0.627743
-0.481945
0.745739
-0.222249
-0.144098
1.61419
-1.13492
0.563486
-0.589764
0.208189
0.630206
1.12796
-0.944445
-0.721055
0.463806
0.445079
-0.0555455
-0.00976953
-0.438972
0.084654
0.308261
0.259224
0.558071
-0.119624
-0.529896
0.638727
0.114206
0.341773
-0.42903
0.0562631
-0.528043
0.621316
-1.53116
0.896152
-1.38365
1.38592
-1.00432
-0.575881
0.142817
-0.316861
0.192432
-0.166718
0.253901
-0.331627
0.829557
0.14295
-0.133796
0.325274
-1.22929
0.638306
0.384399
0.201221
0.0281858
1.73843
-0.284521
0.739058
1.15361
0.055517
0.804947
0.566086
-1.35346
-0.920966
-0.505453
1.65953
-0.255109
-0.498847
0.353629
0.922084
1.06541
0.657117
-0.0473763
1.43304
0.20565
-0.248313
-0.644344
0.325914
-0.609369
1.64953
-0.674826
-0.0575057
-0.408683
-0.370361
1.08453
0.23243
0.312763
-1.26388
-0.651338
1.1147
-1.20951
0.208746
-1.71835
-0.757434
-1.59485
-0.938357
0.773415
-2.00896
-0.481117
-0.601934
-1.06502
0.504441
-0.825518
0.457802
0.346861
-2.13529
-0.0683139
0.946179
-1.14505
0.439417
-0.656447
-0.277485
-0.02994
-0.692634
2.06722
0.569301
-0.0745009
0.43593
-0.0251965
0.737423
0.218539
0.674571
-0.274656
-0.556292
1.14124
0.747721
0.185917
-0.160286
-1.0923
0.967243
1.62404
-0.224011
0.445897
-0.144735
0.619516
-0.372946
0.625198
-0.280236
0.978079
0.417085
-0.366364
-1.17725
0.615722
1.00169
1.00745
-0.0788991
-0.495079
-0.203714
-1.09538
-0.241742
0.191952
-0.405978
1.09037
-0.152113
0.318966
-0.558296
0.0716474
0.0702411
0.263247
0.282344
0.144733
-0.0355562
0.829938
-1.21794
0.0324832
0.222535
-0.158447
0.0906488
0.590834
-0.0619243
-0.314062
0.0426214
-0.244418
0.189968
-0.548351
-0.790376
1.1663
1.03072
0.725956
0.307118
0.887349
0.993028
0.245068
0.121536
0.922722
-0.202319
-0.0827871
-0.824181
-1.25044
0.549205
1.72437
1.89293
-0.877285
0.0178336
-0.0533725
0.134484
-0.303829
0.550313
0.955465
0.0478338
1.41832
-0.40585
0.392593
-0.164815
0.581231
-0.835044
-1.17376
-0.814091
0.290889
-0.66378
0.195134
-0.409922
0.943415
-0.324888
-0.925736
1.05067
0.075231
0.776148
-0.46952
0.392239
0.556328
0.64672
-1.47429
0.757043
-0.600654
0.155843
0.549308
-0.0376686
-0.538207
1.35085
-0.238956
0.953487
-1.00534
-0.836957
0.0886719
0.903845
-0.556294
0.212039
0.255092
0.525464
-0.293403
0.848712
-0.0561027
-0.106866
-0.982021
0.0998127
0.00758166
0.596056
0.165554
0.648454
-0.27341
-0.207088
0.710359
-0.318279
0.547058
-0.0200395
1.14896
0.0315369
-0.0517527
0.498791
-1.0038
0.501213
0.676282
-0.937939
0.598612
-0.684793
0.311864
1.04006
-0.117
0.583613
-0.0279748
1.77885
-0.202134
0.997468
-0.468003
-1.20904
-0.817134
-0.591919
-0.332721
-0.705614
-1.06363
-0.778565
-0.879122
0.102753
-0.310797
-0.629643
0.0100556
-0.901169
0.0821158
-0.0762824
-0.241035
-0.449846
-0.0446053
0.173206
-0.59234
-1.01226
0.439177
-0.148292
0.497487
0.366925
0.142748
-0.723319
-0.631936
0.949702
0.292459
0.477017
0.171352
-0.101085
-1.348
-1.47718
0.0485259
0.527181
0.182249
-0.239617
-0.112845
-0.999804
0.573074
-0.827105
0.309328
-0.505955
0.414402
-1.61044
0.542017
0.480743
-0.112694
0.174674
0.684494
-0.362168
-1.03041
0.844264
0.850325
0.36729
-1.63
1.32527
-0.934726
0.218446
0.444785
-0.0210133
-0.27469
-0.0683961
-0.701865
-0.232381
-0.628641
-0.781348
-0.482463
-0.165055
0.338089
-1.0639
0.60185
-0.290353
0.314132
-0.263169
0.800794
-0.193019
-0.385402
0.135919
0.629853
-1.02388
1.40104
0.70606
-0.87434
0.98764
-0.680473
-0.725228
-1.55337
0.113535
-0.30292
-0.172068
-0.535337
-0.939851
-0.204453
-0.580028
0.129802
-1.00456
0.74112
0.0124737
-0.311512
0.696299
-0.697555
-0.0131063
-0.160339
0.252172
-0.292537
-0.0893297
0.294336
-0.566807
0.493355
-1.12893
0.183123
0.245884
0.719764
-0.532038
-1.09924
0.44999
-0.438338
0.770802
-0.249819
0.567222
0.365231
0.380527
0.727739
0.221787
0.0567328
0.861064
-0.159612
0.139853
0.507201
0.069944
-0.845691
1.16055
-0.214224
-0.254905
-0.0783954
0.0337555
-0.325416
-1.35418
-0.446794
0.286885
0.337006
-0.986075
1.29806
-0.0244885
-0.394188
-0.906959
-0.619726
0.653014
0.0916308
0.614847
0.409621
1.2716
0.211541
-1.26122
1.36724
-0.924273
-0.602803
-0.43198
-0.0190853
-0.589986
2.04446
0.0430745
-0.285226
0.211441
1.20691
1.21793
0.280204
1.47256
0.285542
-0.149674
-0.0641173
-0.0815371
0.309682
-1.14119
1.36343
-0.354827
0.0847139
-0.427351
-0.106583
-0.483976
-1.56475
-0.16844
1.42389
-1.12713
-1.24475
-0.0496317
-0.442387
-1.58181
-0.529626
-0.57157
0.702475
-0.401298
-0.0165499
-0.124673
-0.513124
1.39105
0.583709
-0.597549
1.1402
0.408197
-0.164326
-0.10803
-1.29631
-0.428888
-0.897276
0.888786
0.381219
0.116613
-0.447335
-1.09786
0.765802
-0.245748
1.84104
-0.248452
1.07444
0.47863
-0.774444
0.673873
-1.28876
-0.310311
1.05354
1.28671
0.0783482
0.917571
-0.0519265
-0.163626
-0.49502
1.00055
-0.341378
0.665454
-1.06408
0.757785
0.776845
-1.39156
-1.28748
0.290799
-1.08746
0.782477
-0.211333
0.403379
-0.0835653
-0.219941
1.65682
0.0362548
1.38534
0.558308
-1.12655
0.504242
-1.70984
0.25752
-1.25277
-0.0373461
0.713791
-0.370363
0.835914
-1.37107
0.529681
0.632546
-0.342819
0.680222
-0.175723
1.40101
-1.60073
0.316569
1.64919
-0.571929
-0.0731905
0.176491
-0.588417
0.179454
-0.365914
-1.47672
1.05973
1.00881
-0.10833
-0.925036
-0.360443
-0.0826462
0.0590162
-0.213415
0.725755
-0.491667
1.03337
1.44047
-0.0410767
-0.604321
-1.2571
-0.422715
1.18393
-0.648617
-0.567682
0.128781
0.436206
0.064223
-0.0332679
-1.17112
0.160927
-0.506483
-1.19918
-0.018075
0.477989
-0.769651
-0.195109
0.24715
-0.832279
-0.903369
-1.26454
0.200999
-1.09782
0.0114065
0.521158
-0.5144
0.0498967
-0.798479
1.65597
-0.917252
-0.156269
-0.411008
-0.0362276
-0.525015
-0.837667
0.606983
0.684185
-0.201903
-0.109952
0.20675
-0.212851
-0.0940806
-0.252902
0.300967
0.456542
-0.171035
0.0349414
-0.496442
0.523004
-0.880208
-0.403344
-0.0347709
0.0339612
0.218855
0.77944
0.847961
-0.145033
0.0176206
0.992813
-0.241718
-1.1606
0.214197
-1.27793
0.233061
-0.379723
0.30144
0.730939
0.583719
-0.630489
-0.251681
0.161991
0.529779
0.162495
1.48194
0.0846143
-0.0622258
-0.409033
-0.0948023
-0.246253
-0.78942
0.0226141
-0.86934
1.31292
-0.860598
-0.819578
0.282811
0.80182
-0.692207
-1.04102
0.053046
0.110356
0.120463
0.827591
-0.553343
-0.357867
0.512475
1.28671
0.800222
-0.578585
-0.340108
0.0403037
-0.595977
1.33248
0.0814598
-0.335015
0.489183
0.150493
0.327538
0.0992699
-1.51554
1.52896
-1.04539
-0.232638
0.699501
0.0625114
0.283481
-0.492863
0.00179579
-1.10503
0.792437
0.374557
0.0382903
-0.920368
-2.36635
-0.82295
-0.295906
-0.143496
0.132823
-0.703676
0.241469
0.206912
-0.563303
-0.421792
-0.664557
0.145096
-0.500826
-2.26504
-0.220448
0.140623
-0.135278
-0.464218
0.750661
0.319739
0.60724
-0.820133
0.0577628
-0.0162635
-0.806271
1.57721
-0.291043
-0.665147
0.699361
-0.994209
-0.268187
0.764375
0.608764
0.666653
-0.544705
-0.329463
0.917335
0.225981
-0.228653
-0.384436
0.156717
0.0845012
-0.182865
1.08485
0.0623651
-0.850109
0.0975823
0.181986
1.16996
-0.176374
0.202283
0.251532
0.0367391
1.22334
1.0522
0.432053
-0.595934
0.792873
0.560943
-0.0136362
0.200796
1.50322
1.32377
-0.330039
-1.12866
0.188499
0.673108
0.155267
-1.38197
0.241765
1.29308
1.01986
0.532669
0.226534
-0.151836
0.1762
-0.0472593
-0.639553
0.628535
0.232957
-0.194783
-0.084663
0.122102
-0.240477
-0.248654
0.238842
0.117162
-1.21369
0.884205
-1.02749
-0.18475
0.71494
-0.213063
-1.39352
1.16432
-0.167873
-0.750359
0.497055
0.38962
-0.0301467
-0.370453
1.00587
0.378977
0.976935
-0.702685
0.646386
0.478228
-0.850986
-1.03852
0.777684
0.0754953
0.153862
1.28268
-0.857675
0.325099
1.69845
1.75953
-0.0244636
0.727315
-0.258781
-0.0326656
1.58061
0.30085
-0.169663
-0.745835
0.638924
1.38055
-0.513982
0.369165
-0.0499271
1.38492
-0.456965
0.0577378
-0.389052
-0.0300333
-0.0311752
0.356859
-0.925502
0.82227
-0.224324
1.7719
0.966916
0.367476
0.511431
-1.04501
-0.530615
0.131388
-1.92118
0.96273
0.331486
0.23019
-0.972487
-2.05007
0.365643
-0.678748
-0.959202
-0.517199
0.741586
-0.138837
-0.78874
-0.709132
0.184855
-1.06707
-0.322735
-1.27724
0.261242
0.167251
-0.104966
-0.579451
0.394049
0.0258601
-0.124026
-0.383199
-1.01685
-0.488341
-0.667978
-0.183846
-0.658807
-0.155852
0.0962759
0.981946
0.301763
-0.765906
-0.0627958
-0.559085
-0.588256
-0.0318861
0.383371
-0.694829
-1.88316
1.11665
0.710563
-0.00419979
0.117533
0.877182
0.38422
0.188079
-0.98719
-0.372809
0.157367
0.557238
-0.814986
-1.47534
0.649482
0.439838
-1.86465
0.0242809
0.151747
0.587684
-0.0297721
0.2292
0.265095
0.0913446
0.220367
1.16072
-0.0600333
1.51311
-0.0403893
-1.30886
-1.57757
0.0961048
-0.827484
-0.216265
0.240301
1.10809
0.73879
-0.383543
0.363529
0.252347
0.991924
-1.0374
-0.117778
1.13393
-0.936495
0.499042
0.416124
0.0389032
-0.787189
0.508492
1.28331
-0.452596
0.791208
0.525734
-0.347986
0.482482
0.39912
-0.740463
0.177956
-0.953722
0.69438
0.98675
0.886258
-0.0294889
0.890031
-0.04935
-0.542795
0.139551
-0.607227
-0.243376
0.138493
-0.472165
-0.786734
-1.34221
0.104591
-0.802294
-0.288882
0.0226492
0.464
1.58415
-0.911158
0.716171
-1.01047
-0.476813
-0.357486
-0.643322
0.767171
-0.215232
0.656227
0.242524
0.349247
-1.57701
-1.37427
0.316982
-0.249069
-0.264233
-0.532887
-0.133585
0.0353548
0.17989
-0.124129
-1.32316
1.1733
-0.261424
-0.494245
-0.0464607
-0.616182
1.25739
0.339095
1.53975
-0.266235
1.37392
-0.392723
0.139652
0.0743965
-0.502028
1.46531
-0.368393
-0.264531
0.996243
0.273628
0.335699
1.90346
0.825963
0.0602964
1.09837
-0.892671
-0.594246
-0.534178
-0.337578
-0.820687
0.145144
0.452932
0.760861
0.151365
-0.0969204
-0.03532
0.434273
-0.0281635
0.749655
0.784286
0.924462
0.406023
-0.837164
-0.640512
1.78198
-0.635998
-0.625062
-0.688263
0.713745
-0.525762
0.0211144
0.073384
0.303008
-0.830235
1.5496
-0.0246209
0.542353
-1.41343
-1.64214
1.10022
0.895528
0.589944
-1.10807
0.345895
0.710956
0.584786
1.00762
0.485471
-0.161944
0.109979
-0.0496968
-0.0503571
1.453
0.704922
-0.712665
-0.200291
0.41593
1.28399
-0.965504
0.272915
-1.53798
0.854069
0.162418
0.224523
-0.284211
-0.414761
-0.679746
0.58124
-1.72539
-0.297337
0.339756
-0.128318
-0.0217334
0.0323272
0.256598
-1.3484
0.543784
-1.74278
0.228541
0.246318
-0.736088
-0.869218
-1.55131
0.438737
-1.55133
0.0866092
0.307524
0.675514
-0.33313
-0.458597
1.80617
1.57702
0.546016
0.364255
-0.313751
1.18561
-0.428418
-0.00235075
0.505146
0.411779
-0.740878
0.408716
-0.926943
-0.0198932
-0.177679
-0.0475845
0.757572
-0.37412
-0.686457
-0.312806
-0.242464
-0.000140903
0.0452404
-0.609969
-0.304029
-0.0292277
-0.1288
0.111378
0.967855
-1.00814
0.736855
0.831271
-0.611092
-0.412199
-0.526009
-0.762176
-0.330528
-0.521793
-0.75827
-0.808479
0.812764
1.50992
-0.472488
0.267626
0.356391
-0.751114
-0.644828
0.446771
-0.86582
0.417184
-1.10827
-0.0443349
-0.560353
-1.92951
0.349151
-0.434674
0.543487
-0.238977
-0.201789
0.187406
0.637735
0.744191
0.300698
0.228142
-0.36253
-0.472771
0.279344
-0.0014829
0.168031
0.708269
-0.95148
0.642594
-0.739486
1.56241
0.879563
0.0818788
0.0743352
0.109752
0.440361
-0.74641
0.232583
-1.41924
-1.57152
0.139412
-0.160241
-0.853821
0.478219
-0.193854
-1.05426
0.826829
-0.737904
0.138954
-0.460888
0.26847
-1.4753
-0.680688
-0.799571
0.255554
0.591948
-0.0280246
1.04079
-0.765548
-1.27471
0.206342
0.194124
0.520446
1.2082
-0.427014
0.675144
1.72471
0.00661607
-0.267595
0.890547
0.835768
1.19248
-0.199788
1.31668
0.0924241
-0.555153
0.450516
-0.630693
-0.301935
-0.243984
1.46294
-1.00527
1.16005
-0.141815
0.796385
-0.480241
0.157844
-0.342164
-0.689123
-0.975595
-1.8689
-0.536788
0.462723
-1.32413
-0.171305
-0.814119
-0.362665
0.431525
-0.852345
-0.874889
-0.189629
0.774923
-1.0098
-0.697715
0.123375
-0.370312
-0.0815972
-0.692836
0.433961
-0.302793
0.239698
-0.820745
-1.12861
0.687032
-0.140296
0.672767
0.101466
0.714403
-0.345026
-1.28514
-0.0916338
0.0480001
-0.182332
0.166077
-0.185245
-0.658753
-0.258984
0.169791
-0.689701
-0.71352
0.494644
-0.00240688
-0.323142
-0.572279
1.49156
-1.63756
0.452952
0.10089
-0.461836
0.404232
-0.0879317
-0.283975
-2.44252
0.614495
0.382288
0.246632
-0.275831
0.221956
-0.614655
0.287855
-0.561858
0.695539
0.467877
-1.25553
-0.198167
-0.608592
1.19214
0.39411
-0.701615
0.00645251
-0.451193
0.910195
0.0424254
0.308286
0.148263
-0.0700753
0.241441
0.538006
-0.632438
0.824958
0.226121
-0.615572
0.689367
-0.566018
1.18768
0.188638
-0.0179957
-1.15238
-0.675319
-0.846579
-0.0802899
0.397897
0.327052
-0.616489
-0.43989
-0.305833
-0.362328
-0.453126
0.31969
-0.294678
-0.510202
0.271862
-1.43021
-0.0154494
0.0757379
-0.610745
0.574604
-0.511039
-1.21669
-0.945916
-0.714502
0.69223
-0.0423365
-0.375365
0.0319368
0.384576
-0.312849
-1.18857
1.07545
0.169603
0.224234
0.0952051
0.564717
-0.491135
-0.0116626
-0.336754
-0.68974
-1.11581
-1.35694
0.196346
-0.318154
-0.361938
-0.213091
-0.402712
1.57648
-1.84814
1.65899
-1.26669
-0.313909
0.693772
0.930694
0.101313
0.240211
0.87848
0.418614
0.567502
0.139591
-0.746088
0.347486
-0.0561177
-0.0166388
1.58526
-0.693355
0.252444
0.385996
-0.359955
1.06781
0.379478
-0.147387
0.228471
-0.0491942
1.17182
-0.225341
-0.16267
-0.76696
-0.81065
0.866999
-1.11183
-1.0451
-1.16895
-1.5034
-0.447786
0.778021
-0.910074
0.0178923
0.688474
-0.997072
0.531079
-0.381853
1.07977
-0.60645
-0.627492
-1.53501
-0.205023
0.474027
-0.645879
-2.0254
-0.463355
0.248349
1.13897
-0.0655096
0.633121
0.570517
0.456632
0.154363
-0.505009
-0.217362
-0.37445
0.202848
-0.217541
-0.259158
-0.958434
0.591345
0.57451
-0.713843
-0.686
0.308834
0.245611
-0.0958644
0.607406
-0.535904
-0.257033
1.04158
-1.62577
0.27057
-0.604654
-0.6749
0.57473
-0.104594
-1.67727
0.501098
0.223362
-1.43838
0.472171
-0.108829
0.874327
-0.741811
1.25259
-0.713018
-0.18894
-0.517667
-0.878775
-0.665161
0.750539
-0.136629
-0.201289
0.459359
0.00683829
0.34355
-0.839107
0.488965
-0.750367
-0.808596
0.938332
-0.710664
-0.204003
0.614782
-0.698297
-1.90074
0.885573
0.649436
0.229863
0.319663
-1.05453
-0.479448
0.0489163
-0.443054
0.282052
-0.466735
-0.312149
-0.384241
0.836761
0.205492
-0.327337
0.104447
0.889448
-0.673206
-0.371896
0.669164
-1.03564
-0.845441
-0.159635
-1.33726
0.178212
0.0173569
0.246033
0.196001
-0.00875743
-1.17575
0.247325
-0.0654614
1.69609
-0.712921
0.0981401
-0.130118
1.06149
-0.13092
-0.70345
-0.206915
0.984411
-0.752801
0.327509
-0.168872
0.76717
-0.336214
0.189237
-0.483795
0.980464
0.446038
-0.0633091
-0.0602978
0.282764
-0.787586
0.720307
0.559574
-0.831358
0.543898
0.865373
-0.320646
0.260187
-0.894962
-0.555285
-0.238051
0.00823882
0.547023
-0.467367
-1.21685
-0.308699
0.57409
-1.09724
0.0813131
0.104473
0.428052
-1.17142
0.0281734
0.840736
0.0252916
-0.136914
0.300649
0.137265
0.429309
1.20178
-0.406922
-0.929187
0.826728
0.080828
-0.840452
-0.0192805
-0.950303
0.16062
0.249472
-0.500263
0.491994
-0.727728
0.299195
-0.782933
-0.0562315
1.08252
0.521479
0.712587
0.503482
0.0666043
0.83608
-1.31557
0.310915
-0.684507
0.129033
0.508956
-0.226308
0.323149
0.00776533
-1.02412
-0.822724
0.481444
0.395815
-0.619674
0.216593
-0.853906
0.519437
-0.404577
0.342246
-0.918244
-0.792242
-0.572725
-0.472482
-0.00362473
-0.530504
-0.697937
0.451608
-0.9145
-0.140123
1.1527
-0.0968314
-0.0843545
0.692745
-0.227271
0.68617
-0.265902
1.40474
-0.0189671
-0.208359
1.31014
-0.312879
0.29434
-0.866526
0.808817
0.644623
-0.572592
-0.314677
-0.353037
1.22221
-1.05973
1.02997
-0.195495
-0.172308
-0.0169072
0.514025
0.0860905
0.246801
0.306567
0.100026
-0.353375
0.510001
-0.0613654
-0.212083
0.0916322
-0.790343
-0.456542
0.180933
-0.0609703
0.83337
0.222827
-0.118587
-0.731574
-0.897306
-0.158886
0.836264
-0.133847
-0.00471986
-0.568319
0.706553
0.253197
-0.4971
-0.0298024
0.78658
-0.0803675
0.416791
-0.568942
-1.10913
1.618
0.0631855
0.733857
0.0378292
-0.388101
-0.107037
-0.30744
0.927553
0.178008
-0.514245
0.214815
-0.226673
-0.546573
0.559312
0.709765
0.0544245
0.945935
-0.643334
-1.12685
-0.460634
0.0947381
-0.0429189
0.232055
0.675516
-0.476997
-0.114226
0.986839
-0.192001
0.124401
1.11013
-0.421076
0.223621
-0.0410669
0.156266
-0.132063
0.278363
0.387213
0.145559
-1.38668
0.55996
-0.455024
-0.0420431
0.399585
0.269741
-1.22143
-0.516289
-0.980835
0.0460746
0.313202
-0.279588
0.583852
0.120382
0.690647
0.502648
0.628717
0.364947
-0.0670874
0.861641
-0.188218
0.018858
-0.659888
-0.468375
0.545718
-0.643855
0.00673846
-0.380161
0.773472
0.68808
-1.37771
-0.0962265
0.0947777
-0.896413
-1.03218
-0.418885
0.236117
-0.981074
-0.46275
1.43509
-0.634241
1.30818
0.674984
0.196121
-0.812029
-1.78342
0.40984
-0.319526
-0.174506
0.254061
0.160112
-1.67292
-0.0684973
0.328002
0.309442
0.70737
1.26841
0.501001
-0.0950739
-1.26112
-0.822644
0.98385
0.815607
0.823485
0.0294619
0.0403629
-0.146599
-0.280232
0.082209
-0.00776309
0.0244661
-0.383188
-0.329739
1.00686
-0.0396032
-0.213111
0.0549229
-1.07112
0.436608
-0.209495
0.0086511
-0.295095
0.505013
1.34518
-0.117113
0.543739
-0.0122662
-0.744856
0.482163
-0.412299
0.50116
-0.831927
0.842772
0.339019
-0.724607
1.43288
-0.250731
-0.099593
0.205444
-1.64648
-0.125239
0.101186
-0.990492
-0.437954
0.383165
-0.450785
-0.491575
-0.0448817
-0.0823155
0.0635581
0.221225
0.352124
0.329423
0.429666
-0.139168
0.318882
-0.972953
-0.201277
0.157154
0.696099
0.517918
-0.652666
0.918432
0.0597589
-0.472712
-0.552091
0.157575
-0.992432
-0.304249
-0.105383
-0.995155
-0.424652
-0.450226
-0.0872752
-0.30906
0.0926514
0.539455
0.797148
0.771754
0.608908
0.294481
-0.574889
0.706761
-0.483079
0.0978017
0.180453
0.285877
-0.0134467
-0.773398
-0.182085
0.968987
1.61049
1.14993
0.378741
-0.407478
-0.256996
0.299424
0.475883
0.819287
0.398456
-0.196105
-1.99755
-0.521826
1.08965
-0.315657
0.28428
-1.2014
0.264585
-0.0668333
0.649683
0.73029
-0.295251
1.24212
0.733424
0.393594
-0.62145
0.958264
0.0706419
-0.793212
0.109423
0.31126
0.277478
-0.729066
-0.512447
-0.253455
1.48019
0.523758
0.115932
0.700273
-1.85327
-0.85119
-0.737916
-0.171501
-0.733117
0.598316
0.103747
0.403076
-0.36069
-0.398523
-0.121784
0.283125
-0.308458
-0.399714
-0.931998
1.09346
-0.308336
0.241341
0.671943
0.727427
-0.262657
0.577779
0.932617
0.277298
-1.10556
0.222945
0.213481
0.103109
-0.827927
0.483104
-0.691449
-0.125615
-1.13745
0.523866
-0.0903248
0.186681
0.0287172
0.0601387
0.236542
0.400423
-0.483699
0.020048
-0.217789
-1.03129
0.690021
-0.697525
-0.700337
0.518337
-0.583814
-0.467819
-0.283642
-1.07206
-0.0385371
-0.289782
-0.773455
1.09597
0.102503
0.342202
0.524438
-0.535638
0.369771
0.286231
-0.0155713
0.359445
1.88223
0.151434
-0.940107
0.662211
-0.194934
0.672994
0.075127
-0.81634
-0.774234
-0.716703
-1.07377
1.25859
1.24877
-0.678671
1.18582
0.471377
-0.758315
-0.301802
-1.21203
-0.998976
-0.255525
0.451298
-1.27212
1.24919
-0.206474
1.32197
0.10155
-0.418169
-0.453754
0.0997258
-0.415456
-0.281224
-0.144704
-0.553383
-0.503591
0.279257
-0.278427
0.859727
2.00245
0.0401902
-0.907253
-0.443452
0.190623
-0.380569
0.020597
0.749516
0.375327
-0.0164659
0.132366
1.89063
-0.284192
0.0950969
0.319177
0.301936
0.084224
0.684847
-0.0951069
-0.873863
0.474001
-0.150202
1.3467
0.881112
0.143467
1.05849
0.391396
-0.833327
1.13911
-0.161187
0.0528213
-0.393536
-0.895032
-0.467388
-1.00696
-0.433029
-0.220011
0.00285713
1.4135
0.0186148
-1.06351
0.015086
-1.43338
-0.917275
-0.412321
-1.05051
0.0688756
0.532778
-0.264379
0.0902166
-1.05109
0.0343927
0.835559
0.523405
-0.37613
0.289094
0.70801
-0.915647
0.0314317
0.215433
-0.712852
1.16181
-1.42939
-0.873062
0.123754
0.574121
-1.01681
1.25089
-0.0659943
0.264511
-0.677442
0.269847
-0.0810794
0.317193
-0.535324
-0.221864
0.88599
-0.218056
-0.322919
-1.26802
-0.0858033
-0.821049
0.787382
-0.361599
0.754853
0.708042
-1.13197
0.24311
1.32435
-0.227715
-0.288787
-0.591282
-0.120521
1.02899
-0.307274
0.126582
