1.71614
0.228151
-1.05733
1.55278
0.153465
0.431729
-0.246721
0.864936
0.58799
1.7901
-0.334466
0.174338
-1.32161
-0.0747936
-0.196966
0.694771
-0.479361
-1.75795
-1.69017
0.608458
-0.216756
-0.567348
-0.172365
-0.49357
0.846162
-1.14816
-0.761086
-2.63559
-0.88657
-2.10524
-0.0567382
-1.78428
0.775759
-0.634939
-1.64686
1.70632
-1.28855
-0.695338
1.73802
0.262644
-0.64099
1.25256
0.44223
0.763333
-0.409457
1.05334
0.967869
-1.7145
1.98871
0.895416
0.306606
1.08595
-0.322601
-0.4939
-2.04162
0.709529
0.0081209
0.989577
0.00139428
-0.7794
-1.10249
2.68813
1.02403
0.553946
0.642368
-0.692141
0.528752
1.5567
0.348128
0.617554
-0.193044
0.793065
-0.15099
1.21412
1.06177
-1.20111
0.778867
-0.896412
2.65827
-1.57336
-0.0605835
-0.936345
1.31501
-2.64678
-1.08525
0.52543
0.328687
0.872809
2.57282
-0.224743
-0.830016
0.203437
-2.14913
-1.31018
0.835521
-0.840692
-2.17518
0.00118279
-0.764915
0.637986
-0.124878
1.48347
0.00815067
-0.722467
0.453228
0.0112875
0.135711
-1.53849
-0.0535481
1.44659
0.372744
2.28182
0.233275
1.20275
0.775248
-0.289314
-0.811553
1.54701
-0.505577
-0.208101
0.249549
-0.223981
0.813989
-0.56391
-0.485613
0.800806
1.4109
2.39038
-0.927769
0.0595189
-1.05257
1.84314
-0.585468
0.192735
1.01754
0.207381
0.790466
0.584876
0.868712
0.0995295
1.43248
-0.474619
0.034208
0.2674
-0.0250333
0.000271314
1.20107
0.931286
0.817507
-0.616773
0.382207
-1.65073
-1.7944
-1.04015
2.29446
-0.786078
1.62429
0.22401
-1.34738
0.654099
1.22065
-0.88355
-0.211762
1.8246
-0.960496
0.87856
-0.517843
-0.0264035
0.85836
1.37202
0.215928
0.629925
0.203563
-0.359911
0.53432
1.15826
0.0315165
1.25197
1.1049
-1.18268
-1.17152
-0.61785
-0.68754
1.05481
-0.371915
0.587366
1.89653
-1.63572
0.438148
-0.258044
-1.5596
0.526627
-0.0590982
0.61036
0.783234
0.51438
1.01418
1.06362
0.228056
0.310957
-0.780476
1.57998
-0.955807
-1.64163
1.98114
0.826705
0.344138
0.0288774
-0.441693
-1.4679
-2.04952
-0.747935
-0.8019
-1.04904
-0.68103
0.510966
0.284552
-1.98081
-1.64863
-1.17639
-0.338707
0.763116
0.0241073
0.807562
0.311668
1.0116
-0.765202
0.738832
-0.541262
-2.59969
-1.03266
-0.816928
-0.732007
0.677806
1.24313
0.434396
0.712774
-1.0452
-1.22015
-0.799023
-1.42702
-0.401374
0.24556
1.48035
-0.134855
0.573794
0.261057
0.762105
-1.25968
0.735311
-1.86834
0.651398
-0.618476
0.159018
1.00866
0.0347837
-0.983007
0.896917
0.602767
-1.25162
1.01985
-0.112327
0.780058
1.91316
0.402265
-0.11581
0.191715
0.124482
0.832812
-0.429787
2.20707
-0.243572
0.808005
0.692885
0.76154
-0.912069
-2.06907
-1.73671
-0.660546
0.329857
-0.226442
-0.632539
-0.00606235
1.17414
0.323278
-1.19438
1.60431
-1.5439
-0.308837
-0.711389
-0.578203
-1.39356
1.42545
-0.166707
0.387803
1.31942
-0.385345
-1.13976
0.879745
0.179045
-0.710338
0.852184
-0.545268
-1.19141
1.16494
-0.0745911
0.146794
0.620261
-0.11658
1.69093
-1.67904
-0.213592
1.46034
0.221591
0.0854278
-0.857894
-0.374756
-0.793098
-1.37697
1.80487
0.89454
0.532612
0.126597
0.508341
1.12131
-0.264421
0.120339
0.326623
-0.914257
1.57337
0.47856
-0.230836
0.205206
0.235452
-0.036647
-2.59332
0.371488
-0.464427
0.346823
1.38675
-0.415673
0.739638
-1.70116
0.303607
0.923357
0.450429
-0.540782
-0.245575
-0.544804
0.807696
-0.682352
0.922155
1.29545
0.455945
-1.19941
-0.221275
-0.0204228
-0.724384
0.315066
1.19782
-1.23978
0.339674
-0.405675
-0.646282
-0.159238
-1.07177
-0.124899
1.76077
-0.0201386
-1.02516
-0.480429
1.20685
-2.00004
-1.29402
1.09962
-1.55984
1.04161
-1.7578
0.75746
0.294608
0.815333
0.0912188
2.04793
0.391668
0.280034
0.793232
0.708934
-0.847972
0.986557
-1.00675
-0.373577
1.26365
2.02345
-0.350443
0.546369
-0.847076
-0.958691
0.782594
0.367825
0.546274
-0.348158
1.19782
0.816764
1.34461
1.72254
0.866994
-1.36074
-0.133926
1.19376
0.375709
-1.91422
-0.683842
1.06637
0.503316
-1.28982
0.491647
-1.32352
-0.337318
-1.45866
0.526682
-1.14877
0.587846
0.788367
-0.270235
-0.334882
0.969924
-0.479991
0.74117
-0.271314
-0.522796
0.730492
-0.0349324
1.00083
-0.507421
1.32779
-2.98588
-0.904184
-1.24557
1.61583
2.70524
0.0873081
-0.223866
1.15538
1.8425
0.917649
-1.47825
0.36735
0.843881
1.16848
0.350161
1.50515
0.380555
-0.945144
0.107762
-1.64485
0.460124
0.83051
-0.297249
-1.18515
-1.64245
-1.14866
-1.48227
0.951453
-0.407037
-0.118652
-1.12705
-0.212706
0.189948
0.694546
-0.19005
0.40745
0.743339
-0.144889
-0.930955
-0.534581
-1.37532
1.1929
1.8363
-0.36356
-0.284226
1.18991
-0.230338
-1.05151
-0.772487
0.935709
-0.0235645
-1.69602
-1.07847
-0.06383
0.717436
-0.153572
-0.208376
-0.643014
-1.11006
0.820306
1.51611
2.32736
-1.05122
-0.0487812
0.156463
1.03352
-0.834609
-0.85081
1.54436
0.243537
1.12529
0.766368
-1.30519
1.55869
0.074137
-0.618752
-1.25092
0.5904
-0.253279
1.58877
-1.15694
0.178268
-0.532186
-0.853158
-0.109337
-0.0481633
1.64296
-0.152815
0.515799
-0.356715
0.966459
0.0825154
0.541741
-2.6025
0.406348
-1.00648
-1.06372
-1.01821
-0.0103757
1.05283
0.85934
-0.102639
-0.510924
1.37802
-0.510358
0.00930662
1.56129
-0.190585
0.933599
0.322101
1.35737
-0.452774
-1.22602
-2.35958
-0.146179
-1.26236
-1.45725
0.199063
-0.950597
1.37928
-0.35035
1.27669
-0.837305
-1.48897
-0.419237
-0.941531
-2.43666
0.160371
1.76266
1.0004
-0.288575
-0.793813
0.476257
0.982464
-0.699976
2.07846
0.137162
1.06307
-0.550777
-1.25662
-1.4358
0.491849
-0.456661
-1.88933
-0.700628
0.52594
-0.766975
1.1674
0.209542
0.0466592
-1.05463
0.195634
-2.11305
0.614678
0.184118
0.952491
-0.522688
0.523666
1.6328
1.05786
0.530908
1.66517
0.0359837
-0.0618017
1.42583
0.590888
-2.74511
0.217978
1.21232
-0.965827
-1.22282
-0.719449
0.673822
0.595166
0.445573
-1.1353
-0.983648
-0.0152953
-0.638479
0.563701
2.48485
2.56187
0.513168
0.750511
-0.0906689
0.487049
-1.68788
0.721289
-0.652965
-0.852808
0.898124
0.100352
0.530489
-0.910241
-0.35743
-0.976358
0.819588
1.53181
0.102373
0.00780549
0.5071
1.15206
1.16254
1.10838
-0.163311
-0.0204693
1.23602
-0.433611
2.12941
2.11817
1.08468
1.53872
0.955045
-1.5901
1.42901
0.948654
-0.19893
1.95889
-1.00679
0.932218
0.823653
1.80676
-0.192855
1.32033
1.05432
-1.2503
-0.26589
0.767061
1.59671
-1.06403
-1.06983
-0.137444
0.850474
-0.927768
-0.188755
-1.01438
-0.891452
-2.52909
-1.27697
-0.718437
-1.5212
0.060014
-0.355843
1.55019
-0.749843
-0.250277
0.580457
1.22638
0.140385
-0.0256065
-0.777915
-0.249114
-0.739336
1.62069
0.722484
0.774075
0.0324267
-0.052349
0.769687
-0.993884
0.465712
0.257737
-0.891233
0.127937
-0.792256
-2.44159
-0.186617
0.908235
0.518174
-0.0950385
0.318905
-0.801082
1.35954
0.384804
1.02304
-1.80902
1.26817
-0.451574
-1.08849
1.23544
1.28946
0.736663
0.626411
2.22357
0.200194
0.69871
1.404
1.69343
0.602477
0.456733
-0.719902
-0.508486
-0.150758
0.162689
1.07676
0.359629
-0.228373
1.04524
0.891495
-0.786868
0.408979
1.81135
-1.28551
0.840258
-0.166893
0.355449
1.12586
-1.26127
-1.45156
-0.681879
-0.923206
-1.11973
-0.617734
0.185966
1.82012
0.0469398
1.72438
0.303946
-0.550968
0.693793
0.923566
0.274849
0.764613
-0.346976
1.60599
-0.583431
0.674612
-0.183527
2.25119
1.60945
-0.510945
-0.327298
0.695378
0.272687
-0.557952
0.479967
0.185442
0.153976
0.362249
0.260463
0.183454
-0.15441
-0.312456
0.172525
-0.451463
-0.402718
-0.0651357
0.114258
0.146233
-1.12201
0.70824
0.636174
1.38398
0.526092
0.151096
-1.1349
0.96265
0.357523
0.573298
0.768734
0.201353
0.446306
0.870207
-0.101049
-2.04926
1.5256
-0.401134
0.82995
-0.38874
1.00663
-0.424971
0.224923
0.368299
2.13842
0.215966
-1.50619
0.47889
0.308408
0.967781
0.363763
-1.65283
-0.0984844
0.930899
0.206584
-0.4048
1.40392
-0.142938
0.77371
-1.56955
-0.944203
-0.562601
0.23664
-0.819932
1.76342
0.0464194
1.80459
1.35297
0.385256
1.36265
-0.897165
-0.598347
1.0013
0.220622
-0.913491
0.787894
-1.10778
1.21312
-1.49868
-1.40933
-0.749829
-0.329629
0.180899
0.379661
-1.66695
0.459131
0.486903
-0.0886026
0.298291
0.106137
-0.994999
1.08385
-0.721572
-0.350633
0.839689
-1.07612
0.630148
0.177959
0.0768435
0.247932
-1.45221
0.216605
-0.146099
0.16066
0.609529
-1.13649
0.176407
-0.351014
-0.691746
0.558411
0.741152
-0.0198968
-2.1625
-0.624583
-0.0727717
1.81158
-0.770057
1.95952
-2.74709
-0.10578
-0.186978
0.580275
1.40801
0.0870336
0.279619
0.749932
0.955554
-1.76729
-1.25173
0.57754
0.258672
-0.266806
0.149105
0.0217
0.79921
-0.632557
-0.473834
-1.20832
0.79987
2.04211
-0.424127
-0.781242
-0.619838
1.05089
-0.0745905
2.14108
1.10254
-0.879586
-0.149221
-0.268773
0.638912
-0.100146
1.12896
-0.294307
-0.895775
-0.659714
-0.356407
-1.46103
-1.23584
0.693794
1.77531
0.210252
0.236074
-1.29129
0.475434
-1.02647
-0.303681
1.16095
0.519392
0.890954
-1.20198
0.0347813
-1.70595
0.252002
-1.40852
-0.0413704
1.62053
1.17211
-0.478799
-1.21348
-0.625988
0.568019
-0.441001
0.574954
-0.207013
-0.779289
0.234256
-0.878019
-0.333451
1.50832
0.453851
1.44566
-0.590099
-0.100739
0.266803
0.126972
-0.650603
-0.991997
0.128756
0.197261
0.408658
0.543384
-0.698816
1.61873
-0.0555417
0.318142
-1.21414
-0.595935
0.460803
0.272613
1.09395
-0.245386
0.820872
0.376409
-0.803594
0.809868
0.28282
0.849055
0.280932
0.361731
-0.0253191
0.643536
-0.706769
-0.296365
1.23984
-0.847603
-0.443725
0.746068
0.898105
1.59816
0.910021
1.12246
1.8204
1.04195
-1.19596
-1.21248
0.420988
-0.257104
-0.141813
1.37707
0.277997
-1.57654
-0.712909
-0.0136775
0.403605
0.150911
0.667477
-0.383957
-0.491443
1.92656
-2.38204
1.14571
0.0357115
0.789582
0.35329
0.708656
0.232727
0.219536
-1.85563
0.492935
0.321698
0.607332
-0.421892
0.383231
-0.0657742
0.124036
-0.534152
1.05252
-0.549171
0.320406
-0.125569
-1.26974
1.60983
0.307184
0.744001
-1.33336
0.343708
-0.849134
0.708974
-2.44357
1.37115
-0.429082
-0.0102483
1.00399
0.527997
0.735191
0.985169
-0.255946
-0.0179556
-0.238194
-1.99917
-0.310834
-0.00545215
0.783148
0.347262
0.61719
0.844088
1.38819
0.663046
-0.584318
0.0509117
1.4452
-0.0264505
-0.648939
-0.323699
-0.39469
-0.486208
1.52691
0.220116
-0.506334
0.177543
-0.252153
-0.668641
-0.953998
-1.41416
-0.643789
-0.989134
-0.269045
0.881485
1.65893
-1.08356
0.37171
0.0796275
0.298049
-1.4083
1.60306
-1.00447
0.942921
-2.38572
-0.721338
0.331235
0.0121135
0.381415
0.843589
-0.820701
-0.184776
-0.220592
2.16003
0.873547
-0.202526
1.70889
-1.024
0.347185
-0.417116
-1.58914
1.34573
-0.036573
1.13093
-0.456663
-1.05801
-1.26671
1.23284
-0.238154
-1.53421
0.0750249
-1.15381
0.755923
-0.844665
0.0475533
-1.20242
0.386697
-0.303029
-0.294889
0.202975
0.579579
-2.29048
0.447155
-0.0998243
1.47211
-1.83552
-2.27322
1.04034
0.671742
0.10696
-1.78009
0.614511
-1.52787
0.0640772
-0.0731492
-0.309267
0.308248
-0.156926
-0.176361
-0.438956
-0.0595847
-0.834833
-1.05378
-0.669796
1.77771
-0.707813
0.0648299
-1.08529
-0.237441
-0.738632
-0.207152
-2.27523
-1.03141
-1.1904
-0.461309
0.254501
-0.188425
-0.666812
0.19401
-1.66093
-0.0940967
0.900226
1.21156
0.948968
-0.374072
0.845926
-1.27481
0.228268
-0.560205
0.830816
-1.39688
-1.03425
0.18024
1.35463
-0.00741278
0.219444
-1.58071
0.941934
0.0392623
0.624565
-1.3299
0.250889
1.03543
-1.35743
-1.27738
0.471497
2.30347
-1.88209
-1.81196
-1.82986
-0.30162
0.336325
0.887601
-0.407857
-0.855338
0.286187
-0.477293
-0.0102291
1.14085
-1.0696
0.615583
-1.08527
0.983776
1.25974
1.1626
-1.58343
0.308945
-0.338166
0.746459
-0.612217
-2.20197
-0.509376
-1.11873
-0.408474
-0.0747697
0.122867
0.330312
-0.884303
-0.0483314
1.24787
-1.2552
1.10326
-0.980442
-1.8539
0.31837
0.21555
-0.653359
1.15598
0.573039
1.40736
-0.998566
-1.04165
-0.566706
1.78026
-0.0721351
-1.8668
0.275947
0.277087
-1.06608
-1.3665
0.558649
0.848346
0.647351
-0.481744
1.08067
1.51801
0.382198
-0.924698
0.392659
1.1875
2.16862
1.9943
0.545581
-0.930028
-2.32596
-0.451534
-0.336801
-0.00133864
0.687699
-0.764209
2.38143
-0.522139
1.89416
0.729093
1.25307
-0.785892
0.906934
-1.21267
-1.01438
0.5287
1.24152
0.14946
0.364262
1.15708
-0.282993
0.540361
0.720527
-0.425218
1.03167
-0.80199
0.841894
-0.0634388
0.301189
-0.0714644
-1.65511
0.0940901
-0.121225
-0.768377
-0.40188
-1.1249
-1.52771
-1.90525
-0.316833
0.700426
-0.809962
-0.930612
-0.432883
-0.48194
-0.0106635
-1.25401
-0.696671
0.311288
-0.0502739
-1.04153
1.03545
-1.372
-1.73653
0.793708
-0.921123
-0.6369
0.582723
-0.654719
-0.252084
-0.623253
0.489858
0.531337
0.105052
0.73438
-0.241419
1.45808
-1.7683
0.0300167
-0.147849
-0.606587
1.16849
0.0640552
-0.947605
0.043972
2.13998
0.572019
-1.09817
1.72235
-2.18868
0.777759
-1.18666
0.0127392
-0.13365
0.221026
-0.278167
-2.20325
-0.717979
1.32284
-1.67984
0.417137
1.38246
0.117431
-0.232185
-0.293548
2.65885
2.08968
-0.432637
0.382747
2.67535
0.977602
-0.674561
-0.30896
0.545922
0.0609786
-2.12466
0.13799
-0.928099
0.393849
2.52964
0.370158
-0.412658
0.325305
-2.09144
1.40961
0.20716
1.84452
0.07959
1.08259
0.597948
-0.860921
-1.27798
0.317881
-1.49627
-0.0230658
0.530546
-1.54138
-1.54375
-1.12658
1.3958
0.295487
0.0205256
0.620367
-0.365532
2.2179
1.25372
-0.654522
-0.217563
1.10989
-0.537326
-1.37346
-1.33641
0.944451
-1.13415
-1.40273
2.22445
-0.57539
0.202136
-0.965853
-1.55614
0.388941
-0.668321
0.560309
-1.82258
1.13199
0.446394
0.182304
0.556404
-0.367665
-0.896062
0.682714
-0.657428
0.724443
0.15541
-1.00162
-0.0334954
0.590279
0.674419
1.2069
-1.18123
0.299375
-0.440251
-0.556957
0.711451
-1.13225
-1.33129
1.19379
0.171247
2.15487
-0.690982
0.0292676
1.42802
1.30458
-0.091769
-0.741474
-0.349193
1.24174
0.0692741
-0.0864356
0.201956
1.28955
0.445852
-1.41718
0.0414931
-0.0020378
2.45121
0.665432
-0.122198
-0.0871002
-0.28658
0.142707
0.377605
-0.793702
-0.341245
-1.76935
-0.260782
0.866597
0.272914
-1.71611
-0.351634
-0.0502398
-0.75854
-0.0731549
-1.66952
-0.167703
1.16277
-1.23868
1.48934
-0.0870903
2.58897
1.61043
0.734793
1.25517
-1.69164
1.85605
-1.33783
-1.59836
-0.0275904
-2.4163
1.46007
-0.629507
-1.79204
-0.679094
-2.24694
-0.933956
-0.476258
1.0885
-0.137466
0.840679
-1.19099
-0.826339
0.0035065
0.272581
0.323933
1.38134
0.630811
-1.88358
-0.981762
0.466594
-1.12076
-0.957417
-1.02843
0.322046
1.3823
0.540492
-0.367667
0.528862
0.524297
-1.28734
1.47856
0.305976
-0.423144
0.389439
0.99773
0.397465
1.12071
0.0179672
-2.25438
-0.782056
0.819778
-1.45835
-1.74739
-0.518753
1.00019
-0.142082
-0.0407303
0.00734606
-0.729769
-2.07115
0.643279
1.25148
0.839187
-0.149139
0.373263
-0.0160136
0.00864542
-1.16327
-0.0606974
-0.967662
-0.559031
0.606005
-0.942856
-1.6272
1.24823
-0.504567
0.0553089
1.43521
-1.38794
-1.79556
0.562647
1.34531
-0.638553
-0.683692
0.109102
1.37877
-0.578296
-1.16326
-0.185992
0.788883
2.01844
-0.769743
0.114954
1.73699
0.671863
-0.8031
1.39284
1.78139
-0.678316
-0.0350636
0.279919
0.672727
-1.26474
1.5973
0.276344
-1.08528
-0.964305
0.316342
-0.0300708
0.90653
0.429764
0.633325
0.742183
0.331888
0.405568
1.79225
0.675669
0.76744
1.14021
1.39737
1.14334
0.163052
1.00558
0.0259324
0.40382
-0.356255
1.41415
0.323768
1.7871
0.195925
-0.353957
0.191553
-0.616852
-0.00836809
-0.549313
0.479437
0.389409
1.9592
-0.577125
-0.485412
-0.218715
-0.552386
-1.52372
-0.300492
1.16768
0.535265
2.55469
-0.735796
0.475916
-2.62825
0.962481
0.918076
-0.553149
-0.929103
0.478248
0.692044
1.32202
0.957155
0.512742
0.480299
-0.134539
0.938392
0.750302
-0.836188
-0.29953
2.52293
0.845048
1.06098
0.946366
-1.29822
-0.404796
0.280673
-0.163325
-0.255669
-1.59643
-0.25735
-0.16587
-2.36171
0.746022
0.139989
0.38734
0.64779
1.16791
-0.644511
0.362157
-0.616209
-0.158351
-0.453026
-1.15771
-0.296294
0.80144
-0.326308
0.55698
0.206134
0.57785
0.704992
0.130594
1.01807
1.30601
0.959939
0.217346
-0.713775
-1.66116
0.924527
1.59644
-1.1173
-1.04393
-0.417587
-0.3881
-0.689073
0.133732
1.28299
-1.79752
0.0218119
-0.270772
0.722002
-0.202755
0.811927
-1.0056
0.0622528
-0.95251
1.11112
0.328727
0.0128915
0.830352
-0.401651
-2.56792
-0.817477
-0.257396
0.342275
0.909996
0.842866
0.481412
0.441381
-0.00640172
2.50762
1.60696
-1.06445
-1.86184
-1.56301
0.717582
-0.839911
-0.960964
0.364747
-0.236121
0.225888
-0.640248
-0.752738
0.850488
0.499635
-1.27323
0.964908
1.84213
0.311021
0.835432
-0.148923
0.775644
-0.960153
-0.515651
-1.15729
2.0852
-0.810797
0.669191
0.13003
0.779136
-1.88263
0.215161
1.13298
-0.972396
0.091894
2.08359
0.827627
-2.94245
0.539917
1.27531
0.317947
0.354999
0.679857
-0.763955
0.17388
-0.674315
-0.886598
0.194383
-1.38653
-0.538571
-0.178064
-2.10954
0.157719
-0.8216
-0.922048
-2.38182
-0.285605
-1.27584
-1.82708
1.73818
0.997785
0.778706
1.69964
-0.783554
-0.831095
0.275446
-0.348046
-0.488139
-2.50133
0.505684
-0.0598159
0.232241
-0.0538305
0.79284
1.09957
-2.14403
-0.0781124
0.488265
-1.26032
-0.102593
-1.05883
-1.38472
0.218057
0.0686852
-0.806703
1.15422
-0.418391
0.0987434
-1.16593
-0.828128
0.234224
-1.28805
1.15011
0.470554
-0.700392
-1.41101
0.239139
0.0992646
0.062347
-1.75098
-0.46978
1.00266
-1.37438
-0.199534
0.0237658
0.411399
-0.530202
0.51543
0.556401
0.493105
-0.899431
0.494793
0.718721
0.197495
1.88196
0.16891
0.993082
0.557285
-1.6443
0.294146
0.569239
0.733365
-0.335182
0.541384
-2.00999
0.0988813
-0.781546
-1.16195
0.750709
-0.79192
-1.84356
0.989238
0.467517
0.801994
0.647887
-0.0400054
-0.0962815
0.37508
0.7561
0.117874
0.641629
1.74463
-2.0462
-2.40545
1.54992
0.738289
-0.755957
1.01161
1.51774
1.9285
0.956026
0.167561
-0.412043
0.57556
-0.314821
0.922144
-1.2161
-0.621358
-0.738699
-1.15956
2.49314
0.67044
1.04345
-2.38829
0.431942
0.0491256
-1.21315
-0.674018
-2.84265
0.978003
1.11327
0.471099
0.468959
1.53574
0.748648
-1.17879
-0.953958
0.552454
-0.927643
-1.39726
0.638072
1.03869
-1.34537
-0.897594
-1.37445
0.576397
1.88542
0.644039
0.528374
1.14191
-0.264904
-0.16225
-0.167727
0.907364
-0.560175
-0.357287
-0.0797292
0.682434
0.0646393
1.53847
-1.05594
-0.581377
0.13285
-0.152552
0.0889994
-1.08492
-0.736152
0.992535
-1.28423
-0.219471
-0.572346
-0.34624
0.100545
-0.476198
0.847878
-0.631302
-1.22438
1.40223
0.252532
-0.455518
-0.477134
-1.37631
-0.993637
0.98638
-0.781816
2.55215
-0.381435
-0.199276
1.15443
0.626727
0.67173
0.747277
1.74784
-0.226426
-1.49928
1.43103
0.566052
-0.992972
-0.378646
-1.20368
0.677098
-0.803234
1.59375
-0.537706
0.14846
1.2505
-1.0649
-1.73767
1.31067
-1.63458
-0.51403
0.0740124
-0.31785
0.579676
-0.132646
1.11967
-1.22019
-0.702876
-0.255316
1.25681
0.628455
-1.60143
0.982455
0.543599
-0.0328307
-0.0378262
1.0295
0.92332
-1.55124
-2.55442
0.923889
-0.554088
0.856389
0.249719
0.0738796
0.442731
0.539397
-0.799763
-0.962568
-1.14312
-0.227955
-1.10692
1.27796
-0.974338
1.40999
0.348965
-0.991663
1.0468
-0.946341
0.533276
-0.187989
-2.61071
-0.674652
0.287981
-0.389562
0.384716
-1.1354
0.722628
-1.1691
0.433773
1.57313
0.82995
-0.225118
-2.91791
-0.797933
0.100297
0.744518
-0.0201092
-0.213736
-0.412492
-0.650621
0.00410332
0.597396
1.45203
-1.66727
0.786066
1.82348
-0.449643
-0.92097
0.0437238
0.0209097
-1.76328
0.560515
1.24271
0.36028
-0.934058
0.668272
-0.715506
0.413825
-1.265
-0.182329
1.50856
-1.45599
-1.24925
-1.3565
2.37451
-0.504839
-0.772656
1.2064
-0.194438
-2.27302
-0.202438
-0.535318
0.875984
0.664521
-0.16782
1.5934
1.13086
1.1286
-0.167719
-1.20079
0.310322
2.12156
0.0548791
1.52141
0.404177
0.629948
-0.595459
-0.48812
0.00882531
-0.0770166
-0.579928
-0.0739539
0.0439525
0.121967
-0.348446
-0.00515231
0.455066
-0.333685
0.323274
1.189
-0.203343
1.01459
0.484359
-0.0363261
-0.744788
-0.254477
2.89597
-3.08245
1.39702
-0.406779
-0.100588
-0.904882
-1.36911
1.00339
-1.53595
1.08561
0.257517
-1.20127
0.313737
1.00844
-1.3778
-1.10252
-0.885345
-1.2398
1.0492
-1.27088
-0.512032
0.315658
0.902917
-0.616827
-0.127997
-0.54095
-0.574132
0.499729
-1.10497
-0.36457
2.39931
-0.395729
1.02177
-0.0452258
0.123832
-1.59825
1.66065
-0.704822
1.46444
0.224608
-0.683066
-0.719481
1.13967
0.0771518
0.586485
1.19867
-0.244136
-0.483136
-0.334089
-0.174902
0.0827117
-0.548461
0.362433
-0.64008
1.19715
-0.168447
-0.694325
-2.07939
-1.22655
0.362479
-0.858651
0.941931
0.845292
1.47786
0.733863
1.48416
-0.122153
0.225083
0.889147
0.351666
-0.27929
0.599386
0.614251
0.847832
-1.22089
1.22323
0.966308
-0.0486726
0.733275
-0.374845
0.327655
-0.432484
1.68049
2.89113
1.13275
-1.21441
1.54748
-0.176483
-0.834814
-0.557062
0.290561
1.11487
0.630293
-0.348714
-1.28113
-0.601845
0.299202
0.0876281
-0.338183
0.61404
0.061929
2.14851
0.288815
-0.359328
-1.07453
-0.933155
2.77413
-0.175926
-1.6085
-0.0773697
-2.22436
-0.0786732
-0.903983
0.751055
0.71733
0.690378
-1.20711
0.412889
-0.0791219
1.53568
-0.180484
-2.79312
0.551916
-0.479226
1.23015
-0.208171
0.528694
-1.81343
0.377967
0.3241
-1.20186
-1.10075
-0.519966
-0.0718067
-2.439
-0.342914
-0.0621989
-0.22944
-1.22724
0.33775
-1.67118
-1.34617
1.135
0.24949
1.3194
-1.58971
-0.944823
-0.564192
-1.70606
-0.435295
0.716698
-0.732794
0.120859
1.30056
0.203147
-0.53991
1.55586
1.65856
-1.00399
0.338666
-0.312529
-2.65279
2.06406
1.15087
-0.0512344
-0.362874
-2.52016
1.01277
0.351857
-1.43089
-0.887791
0.638265
-0.466646
1.18394
-0.640663
-0.122596
0.159817
-0.0440821
0.139297
0.480703
-0.965377
0.773251
2.22099
-0.941423
-1.20672
-0.688569
0.556341
-1.06507
0.132337
-0.644077
1.21502
-0.109213
1.96771
0.896379
0.45984
1.53613
1.13192
0.615159
-0.874565
-1.58199
-0.668534
1.20123
-0.725253
-0.0380478
2.32371
0.858746
2.17075
1.47336
-0.150494
-0.904456
0.0447099
0.46645
-0.319078
-0.205154
-0.471642
-2.04497
2.27621
-0.101597
-0.361798
-0.848779
0.826041
0.326048
2.65919
-0.818611
-0.534998
-0.184854
-0.827013
-1.33879
-0.768088
-1.05322
-0.295143
0.491142
-0.134672
-0.512282
-0.851405
-0.111211
-0.579574
0.821374
0.708677
0.840475
-1.59702
0.671165
1.61406
-0.809145
1.00459
1.58842
0.278965
0.773302
-0.226202
0.676113
0.318476
-1.52418
0.393196
0.682085
-1.21273
0.822728
-0.785358
-1.57397
-1.48096
2.62084
1.38205
-0.789967
0.537082
-0.205348
-0.702714
1.3657
0.613781
1.09259
1.00595
-0.095473
0.5108
0.738017
-0.268296
-1.48857
1.0656
0.94699
-0.773778
0.292076
0.666714
0.901809
0.388064
-1.30462
0.675401
-0.756907
0.899243
1.13713
0.13411
0.276894
0.694278
-0.263787
1.95795
-0.44059
0.651747
0.0684986
-0.48065
-1.20616
-1.38137
0.428641
-0.1938
0.881273
2.77823
-0.615719
-2.69088
0.813541
0.743688
-0.205928
1.17647
0.133651
1.70119
-0.914214
-0.645514
-1.79736
-0.659948
0.134261
0.779965
1.07961
0.191658
-0.464386
0.225586
-1.11632
1.56431
-1.48686
-0.960958
-0.193476
0.696144
-1.3028
-0.170506
0.62642
-1.10554
-1.72712
0.213829
-0.505845
0.12313
-0.567605
0.721515
0.238575
-0.920176
-0.877019
0.0075753
0.0202564
0.844708
1.10769
1.15355
1.37347
0.770467
1.16114
0.419366
1.43954
0.288886
1.59064
1.5368
-0.134055
0.077217
-1.10219
-0.863348
-0.757848
2.09081
0.499887
1.15115
1.22305
0.875409
0.503881
0.604558
-0.93163
-2.08194
0.623566
-0.745599
0.698351
-0.335103
-0.342452
-0.619159
1.04519
0.525233
-0.792212
-0.480979
-0.272171
-0.630795
0.974722
-1.22538
-2.08566
1.53602
0.534676
-1.23673
-0.31218
1.27674
-0.884049
-0.0327295
0.990716
-0.277277
0.0975213
-0.934133
-1.88614
-0.734085
-0.406536
0.211417
-1.20946
-0.223587
1.14894
-1.59809
-0.0015775
-1.9089
1.82687
0.345642
-2.06808
1.59305
1.2136
1.22922
-1.01589
0.263527
0.459616
1.16454
1.30206
-1.75858
1.20744
-0.754304
-0.240813
0.791587
0.00046755
0.188406
0.0868231
0.515046
0.549292
0.516612
0.1781
0.615895
-0.220854
-0.161562
-1.08394
-0.719061
1.85384
0.296354
-0.234695
-1.61421
1.76954
0.394442
-1.14822
0.473953
0.0268557
-0.118013
0.0161943
0.892822
-1.19042
-0.566318
-1.02
-0.291746
-0.655619
0.154557
-0.694549
1.50794
0.645062
-0.0841442
0.727852
1.14109
1.39617
-0.442985
0.466848
-0.00390839
-0.459335
1.35664
0.776434
-0.725174
-0.881867
0.16278
1.03408
-0.00878271
-1.0126
-0.746431
1.15246
-0.489786
0.447289
-0.187669
1.43045
-0.248073
-0.340515
0.921861
-0.826122
0.899766
3.2043
-0.189204
1.63073
-0.189739
0.0554121
-0.278212
-0.176218
0.680406
1.11174
-1.32444
0.202703
-0.0690383
-0.348776
-0.646374
-0.286968
-0.357434
-0.130859
-0.0744978
1.62716
2.16339
-1.29539
2.08596
-1.03189
-0.123577
1.21062
0.567131
0.946438
-0.355087
0.463212
0.72841
0.573519
0.154162
1.58903
-0.0362247
1.45628
-0.706446
-0.604465
-0.0790578
-0.0275583
0.92871
-0.00310143
1.4149
0.0942055
0.427654
1.34616
-0.220668
-1.80179
-0.455957
0.526339
-0.73422
-1.05878
-2.01683
-1.29164
1.1392
0.649805
-1.04316
1.75071
0.765509
-0.602035
0.717647
-1.81546
0.950901
-0.34327
0.184786
-0.0200145
3.00807
1.18953
0.525755
0.122539
0.169237
2.58688
0.134791
-0.885938
0.110953
0.602086
-0.424271
0.133999
-1.59318
-0.794552
0.498304
-1.14257
0.681776
-0.999475
0.747884
0.908915
0.432016
0.971083
-0.715059
0.729367
1.91094
0.681823
-0.577226
2.39085
0.885218
-1.27211
-0.792291
-0.087359
0.785284
0.357882
-0.0379516
0.556639
1.36734
1.00525
0.4376
-2.15218
1.67101
-0.902883
0.874035
-0.185534
1.06053
-0.287759
1.55167
1.52714
-1.5554
-0.937792
-0.178813
0.419253
-1.14303
1.6555
-0.388097
0.932678
0.553378
-0.221446
-2.51998
-0.140639
-1.30085
0.414616
1.70391
0.0332912
-0.281046
1.10953
-0.164431
-0.0939026
0.210345
1.04774
1.14594
0.596379
-0.776449
-0.66451
-0.325762
0.00880274
-1.65361
-1.51391
-0.964947
0.0883917
-0.64587
0.718511
-0.939198
1.11169
1.44948
1.4314
1.52381
-0.59191
-0.0418001
0.632777
-0.932537
0.392943
0.854579
-0.229153
1.75554
-0.786935
0.273342
-0.832911
0.662043
1.19911
1.07977
-0.360158
0.347589
0.616427
-0.184008
-0.681231
-1.68632
1.26798
0.389322
0.286236
0.60209
0.447349
0.173502
-0.382002
0.274493
-0.639076
-0.224478
0.801576
-0.732823
-0.985293
1.16018
-0.914193
0.559699
-0.0407912
-0.572584
1.45832
-0.916764
0.539798
-1.27987
0.425446
-0.223894
2.63828
0.707498
-1.41758
-0.544169
-1.19609
0.498659
-0.467962
0.018591
-0.637938
-0.861106
0.95229
-0.121438
-0.476914
0.614874
-0.486277
-0.669272
2.05585
1.41317
0.471473
0.448639
-0.487555
-0.624489
-1.36559
-1.50056
0.746645
0.935271
1.84674
-0.142424
-0.158242
-0.940063
0.900628
0.833208
0.447799
-0.206154
-0.123437
0.201358
0.492466
0.825975
-0.40946
-0.468443
-0.298871
-2.66207
1.28755
-0.74055
0.392889
-0.397717
-0.00381403
-0.339982
1.23754
-0.976088
0.441845
1.04459
-0.314748
1.30897
-0.674171
0.713336
0.111874
-0.418358
-0.281445
1.28494
0.848433
0.144934
0.91315
0.447968
1.77409
-0.607378
-0.0283009
-0.168007
0.577074
-0.588377
-0.280224
0.854321
-0.798793
-0.744129
0.539858
1.18147
0.555295
-0.392276
0.504456
-0.307901
0.737624
0.167142
-0.180691
1.83083
0.471277
0.665781
0.0613572
-0.320328
-0.242655
-1.42052
0.570409
1.37728
0.82069
1.23823
-0.41014
-0.972037
-0.933544
0.374841
-2.07711
0.877475
-1.14199
-0.474385
1.66837
-0.412207
1.22297
-0.850389
1.01321
0.633209
0.724488
-1.33692
-0.576437
-0.663806
-0.0136264
0.946134
0.135854
-0.368215
0.588098
0.132951
1.49187
-1.42183
0.0880778
-1.42407
-1.15052
0.78777
1.93436
0.404081
0.780392
-0.0623343
0.468567
1.03471
0.111963
-0.409935
-0.0680259
0.920619
-0.740047
-1.46087
0.988641
-0.366742
-0.158993
-0.437175
-0.186138
0.153909
-0.986664
1.28569
-0.640032
-1.24549
-1.0297
0.132877
-0.199818
0.968889
0.671479
0.0802327
0.71997
-2.79963
-2.10534
-2.0681
1.27286
0.367555
1.38988
-0.330198
-0.997242
2.64175
-1.94956
0.109744
-0.405842
-0.90318
0.400963
-0.722865
-1.49438
0.617928
0.225515
1.58766
0.532569
0.716451
0.502089
-0.0386509
-1.42826
-1.383
0.0878734
-1.19897
-0.339695
1.00019
-0.99944
0.878505
0.0212178
0.988202
-0.30016
-1.00296
0.200651
1.51857
-0.431822
0.49163
-1.33943
0.972724
0.301035
-3.25749
-1.84157
-0.661576
1.20595
0.0476126
-1.31475
-0.81825
0.513027
0.262369
-2.5001
1.41006
-0.721238
-1.85031
0.99029
0.742253
-1.45154
0.952216
1.35086
-1.02266
0.18977
-2.43268
-1.3043
-1.32806
-1.17795
0.273658
-0.639058
0.183455
-0.252466
0.579817
0.255098
0.788738
2.18144
-0.757306
-0.100448
0.880904
0.312538
0.281067
0.991468
-0.56363
-0.776678
-0.865659
-2.10399
0.328679
0.86819
-0.563968
0.333321
0.0671226
0.279213
1.17906
0.619084
0.529225
-1.00199
0.882895
2.13232
0.927252
-1.13448
0.383464
0.945888
1.73338
2.0635
0.779281
-1.64043
0.381045
1.43912
-0.614096
0.449904
1.23097
-0.617186
-0.710945
0.164342
-2.93272
-2.03685
-0.339455
0.353476
-0.602245
1.65798
1.50712
0.361445
-0.575597
0.145538
-1.21028
-0.321026
1.14974
0.136357
0.312442
-0.870347
0.182945
1.62881
-1.22487
-0.333306
-0.298017
1.42347
0.911731
-0.130273
-0.949689
0.232148
0.0596004
0.671369
-0.607362
-0.192361
-0.112839
0.950336
1.69236
1.14071
0.247145
0.671142
-0.227951
0.360299
0.801683
-0.820952
1.55606
-0.57389
-1.18487
-0.498875
-0.0348933
0.0229546
1.15629
-1.90975
1.41714
-0.829482
-1.64155
1.69404
1.02529
0.834206
1.53132
-0.191732
0.826889
-1.35797
0.331727
-1.57939
0.850087
-0.494613
0.0413756
0.0518061
-1.27285
-0.476708
-0.375066
1.01291
0.079491
-0.763261
-0.692563
1.81368
1.02309
2.22505
-0.469057
0.637629
-2.38069
0.276806
0.0539263
0.569097
-0.783532
-0.438907
0.502636
1.43065
0.814227
1.14376
-1.24639
-1.60894
-1.38268
-0.152513
-0.575679
0.531536
1.11026
1.77489
-0.667646
-0.919577
0.529126
-1.6024
1.41581
0.762501
0.322938
2.30678
-0.522957
1.36527
0.00441183
0.583007
0.469761
-1.09679
-0.513752
0.201134
2.59696
-0.0989129
0.873835
1.07988
-0.774286
0.210169
-1.03484
0.333552
0.264748
-0.183047
-1.24983
0.921695
1.77806
-0.0869261
-0.223592
0.449646
1.66975
1.45252
-0.00840235
1.27379
-0.422925
1.26267
-0.919903
-0.448992
1.48731
0.073719
-1.73314
-0.526875
-2.22777
-1.03684
0.584189
-0.791683
-0.354634
-0.0299719
-0.381931
-0.80074
-1.31897
0.475309
0.28367
0.749662
-0.681539
0.252535
2.19885
0.832437
-0.538864
1.64044
0.292773
0.305264
0.740628
-0.984496
0.860054
-0.635998
-0.911951
-0.233547
0.0869642
-1.62465
0.865314
0.429143
-0.669197
0.396136
1.8627
-0.4072
-1.53617
-0.714761
0.533449
0.293722
-0.435256
1.64169
1.12843
1.0229
1.23967
0.650872
-0.262656
-0.625042
-0.288785
-1.589
-0.560245
1.89818
0.13156
-0.494603
1.53708
-2.64593
-0.836779
-0.940262
1.36518
0.103037
-1.16594
-0.840375
0.568991
-0.183601
-0.770886
-0.0330251
0.416986
1.84212
-0.82522
0.667068
0.0556625
-0.0875383
-0.514437
1.07186
-0.0937143
-0.467421
1.44068
-0.381531
2.27725
0.0473965
1.88478
-0.821504
2.69286
-0.819588
-1.4757
-0.734683
-0.86641
0.230709
-1.25082
-0.342357
1.96265
0.453456
-0.494191
0.229431
0.591163
0.571454
-0.732868
-1.97556
1.29433
1.33106
1.33074
1.8158
-1.20638
-0.424492
0.569626
-0.635615
0.407119
-0.116943
-1.3252
-0.987597
1.10718
2.02772
1.01728
0.422554
-0.437044
-0.651393
0.386011
-0.662147
0.320504
2.06349
-1.31808
-0.927526
1.65502
-1.09638
1.1402
1.21927
0.342719
0.834498
1.72298
0.189709
-0.776232
1.3672
0.39648
-2.13624
-1.26237
0.178158
0.681086
-0.0936355
-0.436234
0.832392
1.50998
-0.427854
-1.17434
1.10791
-0.816888
1.0418
1.15072
0.69915
0.00304479
-0.108609
1.46557
-1.28484
0.399834
0.0654673
-1.83272
1.57007
1.23219
1.70853
0.698929
-0.342761
0.644952
-0.227788
1.95434
2.45456
0.505414
0.350354
-0.182649
0.273189
1.42127
0.793877
1.08886
-0.114487
0.362014
0.550586
-1.62686
-1.10954
-0.343145
1.55432
1.50128
0.955254
2.51118
-1.98993
1.42178
1.74176
1.12175
-1.39972
-0.806994
1.85129
0.151688
0.873589
0.118843
0.347785
-0.652451
0.464167
0.780506
-2.36943
-0.178431
0.36801
0.115405
-0.244863
-0.478532
0.413427
-0.0338495
-0.820961
-0.491407
-0.0409972
1.34346
-1.63214
-1.71623
1.09268
-0.873763
-0.95081
-0.565686
0.474845
-1.11941
0.92819
1.20242
0.122787
1.37806
0.596855
0.742998
0.0607116
-1.82733
0.516328
-0.162046
1.05478
0.770273
-0.508556
-0.142393
-0.604888
0.685937
1.96558
-0.429979
0.456694
-0.651708
-0.73765
-1.59323
0.222136
0.0483765
2.46603
-1.46138
2.02756
1.43298
0.445067
-0.795381
-0.0302575
-0.656056
0.283537
-0.571436
0.847274
-1.08275
0.681646
-1.04136
1.15301
0.222307
-1.28147
-2.3185
-1.3463
-0.505826
0.922833
-0.325493
1.16319
2.18376
-0.982303
0.157204
-0.327977
-1.26304
1.61484
-0.835593
-1.14934
-0.924409
0.254698
1.1869
0.910189
-0.0266253
-0.948085
0.36994
-0.367071
-0.0596236
0.82286
-0.559529
0.507444
1.21403
1.77841
0.567473
-0.654384
0.860923
0.972125
1.35723
1.18924
-1.0064
0.837796
0.609708
-1.3889
0.856559
0.221865
0.453128
1.25675
-0.0249532
0.259791
-1.16215
-0.650516
-0.550449
-0.0204588
-0.0990312
-2.29768
-0.889997
2.53951
-0.0685377
-0.798027
-1.63445
0.624564
-0.610325
0.305967
0.248349
-0.710576
0.173396
0.261468
-0.733695
0.564836
1.11589
0.362482
0.803053
-0.792106
1.20487
0.331432
0.0249637
1.1968
-0.567914
0.12251
-0.830468
-1.27345
0.780342
-0.844819
-0.045785
1.30327
0.00405337
-1.65799
-0.467009
1.16478
-1.08516
1.35625
-0.298071
0.41185
0.823761
-0.750896
-0.80963
-0.585296
-0.915712
1.35985
0.423173
0.669225
-1.31154
-0.784932
-0.720022
-0.0958891
-1.79863
-0.243396
0.184741
-0.303807
0.0176427
-1.19931
-1.36649
-0.76669
1.00911
0.656039
1.89263
1.15113
-0.280874
0.0902122
-1.26583
1.4974
0.0384742
-1.76728
1.09755
-1.877
0.0885136
0.280234
1.1012
1.25785
1.29055
-0.533522
-0.455708
2.14919
-0.633649
1.55021
1.46048
-0.048737
-0.27587
-1.03463
-0.381086
-0.716933
2.10238
-1.00448
-0.960845
0.883035
2.51814
1.88844
0.157364
1.8506
0.190219
0.296518
0.66902
-0.539515
0.14045
0.0591521
-1.56687
1.43457
-1.67235
1.20194
-0.0233777
-1.41914
-2.03503
-0.243641
2.30439
-0.463986
-0.704828
-0.826037
0.654842
0.18765
-0.669853
-0.301004
-0.514055
1.54801
0.756721
0.729565
1.05095
-1.31027
-0.583664
0.398447
0.450046
0.0341821
0.759038
0.445487
-1.37822
-0.441149
0.836013
0.123744
-2.5829
-0.142073
0.22992
-0.808239
-1.08186
-1.8659
1.34889
0.150861
-0.0641374
0.492358
-0.417446
0.56755
-0.935459
0.331499
1.18859
-0.868163
0.0825708
-0.51544
-1.02562
-0.89547
2.14101
-0.710469
0.11275
0.618395
-0.700231
0.768048
1.50203
-0.33625
0.174784
1.54058
-1.40518
0.663524
-0.740588
-0.368174
0.631407
1.00857
1.93183
-0.0152812
0.938711
1.49486
0.765508
0.802851
-2.87402
-0.138908
-0.339947
1.1771
-1.86472
-0.467007
-1.69985
-0.0407931
-0.766692
-0.592343
0.278567
0.678554
2.3836
0.0581073
-0.372402
-0.0109521
1.86374
-0.81259
0.964297
-1.13221
-0.275188
0.104462
-0.678151
0.92923
-0.728796
1.13597
0.219279
-0.144914
0.582477
0.825569
0.399371
0.147014
-2.52049
-0.521578
-0.609415
1.43327
-1.77414
-1.64753
1.39709
3.43005
-0.961177
0.297483
0.894669
1.09658
-1.4134
-0.434481
-0.220778
-0.364693
1.62389
-0.658682
0.297269
-1.58276
0.394069
-1.08379
-0.318885
-1.28969
-1.87744
-1.54826
-1.72675
0.710708
0.273162
-1.34989
0.8594
-1.74568
0.485542
1.62154
-0.206774
-0.477275
0.295
0.22385
0.510893
0.281061
0.564697
-1.28052
-0.63253
0.213645
-0.465697
0.260989
-0.602935
-1.33461
0.0376521
-1.62676
-0.085819
-1.04209
-1.06022
-0.211411
1.2101
-0.0926326
-1.17262
0.0380944
-0.0540396
-0.0280188
1.30664
-1.15417
-0.465174
-0.624882
0.0420396
-0.393508
1.17771
0.370829
1.6271
0.670085
0.193158
0.739229
-0.441689
-0.84689
1.14241
0.511254
-1.71134
-0.94389
-1.62906
-0.787204
-0.762721
-1.93299
0.241065
0.209129
-1.90374
-1.15355
-2.09103
0.129539
0.829261
0.170234
1.1086
1.23752
1.95476
-0.0460615
0.973381
0.373865
1.17972
-1.00625
0.307484
1.49272
0.597583
-1.41878
0.547495
-0.835149
-1.55976
1.07211
0.0675976
0.808069
0.560234
-1.85532
0.135129
0.150344
-0.254413
-0.115079
0.405485
1.1021
-1.10272
1.17689
-0.592943
-1.81382
1.23054
-0.865823
0.815053
1.22413
0.54904
1.07264
0.62985
-0.947666
0.628928
1.893
-1.1927
1.89001
-0.283908
0.878985
0.391185
1.0658
2.58282
-0.292605
-1.24665
-1.42871
-0.436438
1.30647
1.24149
1.01631
-0.267361
-1.44625
1.57838
-1.55656
-0.456617
-0.0449322
1.02778
-0.318141
0.077613
1.53502
0.203874
-2.22329
-0.211288
-2.28336
1.00069
-0.776361
-0.871965
1.2786
0.197833
-0.377835
-0.026733
-0.118846
-0.200857
0.44426
0.533085
0.571994
-1.28911
-1.59732
-0.582129
0.902128
-0.810769
0.19419
-2.07732
0.789351
-0.0223574
0.529963
-0.533639
-1.32896
-0.300776
1.43316
-1.06346
0.736588
0.181561
0.506705
-0.663737
1.63954
0.512984
0.306444
-0.440318
-2.0743
0.461874
-1.31975
-0.401147
-0.163114
1.42241
-0.914487
0.155505
0.12821
-1.45622
2.72018
-1.14745
0.187798
0.319077
-0.389794
-0.887437
-0.590438
0.154717
-0.392261
2.15
0.580658
-0.537155
0.880867
0.626512
0.73549
-0.675344
1.14626
-0.48626
1.09686
0.646348
-1.44727
0.0477463
1.37572
1.00665
-0.0919839
2.50961
-0.366574
1.12451
0.170072
0.687154
-0.420014
-2.55741
0.344985
0.297258
-1.29297
0.499255
-1.01993
0.0242081
0.648321
-1.40073
0.865261
-1.20542
0.713652
0.100938
-0.27185
-0.684099
-0.924183
-0.696389
0.72532
-0.249183
-0.409889
0.245807
0.00121271
-0.835243
-0.660395
-0.135831
0.321239
-1.62408
1.62742
-0.266816
-0.104289
-0.603412
0.620572
0.0783356
-1.05882
0.304228
-0.153674
-0.72607
0.341624
-0.239052
-1.88385
0.0865649
0.447498
-0.51784
-0.992873
0.601521
-0.0990441
0.867463
0.856036
0.0722381
1.82571
0.119131
-0.572308
0.668838
0.128133
-0.147874
0.579988
0.429338
-0.229922
-0.158474
-0.823769
-1.09307
1.22587
1.02136
1.06261
-0.434578
-0.337657
-0.0738829
2.5039
-0.488803
-1.00974
-0.391047
1.55632
0.306464
1.29631
-0.636378
2.11831
0.148188
-0.574542
1.54612
-1.44883
2.13191
-0.0371051
0.242574
0.749073
-0.661567
0.442142
0.615066
1.82096
-1.34578
1.58325
-2.35445
1.43516
-1.35419
0.209648
-1.5431
-0.0028004
0.405473
1.15791
-0.091906
0.391235
0.737711
1.80087
-1.18245
0.0841724
1.78217
-0.81078
-0.0941006
-0.112814
-0.415992
1.7159
1.05796
-0.252199
-1.30967
-0.678806
-0.00870363
-1.7133
-0.261777
0.0153126
0.714714
1.5572
-1.05112
-1.6088
-1.25122
0.250475
0.0465083
-0.784521
1.13696
-1.06294
0.335875
-1.95163
1.65989
-0.36284
0.757941
0.134686
-0.0631142
0.611146
-0.152109
-0.362893
0.224081
-1.00221
0.672251
1.82515
-2.0736
-0.952383
0.378188
-0.247407
-0.436324
-0.964828
0.168745
-0.556964
-1.94544
-0.905618
0.388492
0.776738
0.162633
-0.267447
0.843476
1.74228
-2.23243
-0.0797642
-0.930363
1.33732
1.48428
-1.12925
-1.00037
-1.55123
1.80362
0.43533
0.460012
-0.901999
1.24883
0.830587
0.591513
-0.0176867
-0.575987
-0.0348842
-0.0361029
0.0143244
-0.525642
0.207457
1.05094
0.208862
-2.41884
0.57113
-0.626418
-0.410077
0.739225
2.05378
0.191143
1.25642
-0.61439
0.00556862
-0.125435
2.91532
0.5085
-0.589259
0.784504
-1.13603
0.745448
1.18965
0.1099
-0.548439
-1.04792
2.87553
-0.910392
1.81874
-0.434015
0.625302
0.283337
-0.0313864
-0.363134
2.2422
-0.00281186
-1.17385
-0.665545
2.62128
1.19892
0.649451
0.816475
-0.165016
-0.816014
2.38292
0.980643
0.953315
0.136694
-0.380902
-0.506465
0.955266
-1.08408
-0.372907
0.0481818
1.19236
-2.45393
-1.26143
0.840334
2.51669
-0.316635
-1.3802
0.280853
0.279955
-0.0953442
-1.14503
0.129112
1.99538
-0.83965
-0.0353547
0.617404
0.380258
-1.73786
-0.360144
-1.14151
-0.53002
0.0973665
0.525202
2.26818
-2.10117
-0.607922
-1.27591
-0.679936
0.631825
-1.19684
-0.243789
-0.55222
-0.260132
0.293699
-1.48461
1.40462
-0.019062
0.797734
0.86234
0.658894
-0.243688
-0.778743
-1.14689
-1.283
-1.36458
0.936951
-0.0536799
-0.38734
-0.0719689
0.111757
-0.876473
-0.221826
-0.302601
2.09147
0.125449
-0.240454
1.43703
-1.6534
-0.399338
-0.110035
0.264441
-0.376916
-0.270367
0.679713
-0.083788
-1.01776
-1.44165
0.10289
0.321548
-0.268074
1.01004
-0.21641
-1.1481
1.345
0.0976395
-0.613109
-0.667601
-1.3384
0.297483
-0.511604
0.685724
0.963555
0.232637
1.28081
0.558388
-0.729549
-0.160734
-0.286837
1.40587
-0.548214
-1.20464
-0.466161
-2.56987
0.341141
0.538724
-1.39175
0.815657
0.0534578
-0.441998
-0.889721
0.4312
-0.477087
0.439843
-0.710231
-0.807845
-1.41011
0.713095
-0.227328
1.39009
0.867733
-1.37459
0.905964
0.43532
-0.102699
0.586342
0.479089
0.780625
-0.540735
0.205776
-0.470271
3.06411
-1.66775
-0.0499484
0.285079
-2.31858
-0.618989
-0.479737
2.04232
-0.0738868
0.587556
-0.295271
-0.0753662
-0.441913
0.475617
-1.20916
0.0924763
0.641542
-1.51883
-1.32314
1.47063
0.474494
1.35688
0.636487
1.11823
0.636602
-0.28487
-0.225769
-0.510302
-0.575307
-0.116645
1.35554
-0.110487
-1.18234
0.898206
-0.436738
0.0357944
1.83854
-0.153767
-0.771152
0.379271
0.992155
0.0785878
0.409916
2.39489
-1.38235
-0.0775078
-0.0976878
-0.801285
1.27252
0.18794
-0.343175
-0.638074
0.786885
-0.718394
0.0958966
2.19688
-0.0404715
-1.47669
0.109488
1.70003
1.56347
1.04261
-0.305033
-0.877969
1.50024
-1.13533
0.308033
0.260971
1.36496
1.05379
0.742964
1.36513
2.06965
-0.237235
0.51015
-0.144353
-1.95222
-0.648314
-0.284664
2.25203
-0.0362954
-1.06573
-0.799803
-1.23015
0.731282
1.17885
0.315669
1.67492
0.905555
0.0365267
2.63862
1.15601
0.861382
1.44728
0.0998674
-1.14319
-0.325198
0.149384
-0.658669
0.747773
1.31655
0.154099
-0.547936
-0.397089
1.12183
-0.135402
0.858765
0.826005
-0.315926
0.92319
-2.75924
-0.339403
0.22047
-1.46303
0.877516
0.297091
-0.633181
0.914141
-0.511539
-1.13713
1.21675
0.575902
-0.735718
-1.96431
1.25694
-0.611897
0.645833
0.234588
0.284663
0.0724394
0.470776
0.265116
-1.42702
0.927733
-0.206998
-1.4556
-0.0504507
-0.717539
2.24735
1.58939
0.777651
-0.250695
-0.100589
-0.881354
-0.302791
-0.825459
0.224955
0.584383
-0.565201
-0.448758
0.123999
-0.653586
-0.346807
0.438292
-0.28031
-0.990813
0.629563
1.34744
0.467585
0.27357
1.47137
-2.70276
-0.0858428
2.38979
-0.660942
1.53479
-0.816529
1.03984
-0.691081
0.874545
0.350649
-0.70165
-0.210932
-0.111332
-1.15282
-1.63716
0.507702
-0.41963
1.87601
0.76493
-0.821682
0.0348916
0.752648
2.06168
-0.527305
-2.65337
-0.606209
0.173644
1.70123
1.04842
-0.243264
-0.829566
0.45335
-1.70885
0.97535
-0.158681
-0.556232
-1.49521
1.10555
0.554115
0.738061
1.35119
-1.16613
-1.99088
-0.926259
-0.610704
0.0179944
0.734757
0.178934
-0.568958
-0.281118
0.632011
-0.89041
0.394077
-0.80366
-0.68594
-0.111122
-0.219406
0.296467
0.635311
-0.910732
-0.0283822
-0.287809
0.697317
-0.38232
1.07674
0.330472
0.96728
-0.386318
-0.216493
1.03817
-0.382452
0.33286
0.129054
-1.62553
0.801242
0.174336
0.846675
-2.23301
-0.390073
-0.590066
-2.05141
1.54239
-0.118257
-1.00459
0.00598168
-1.67713
0.0575354
0.753095
-0.57897
0.395882
0.943236
0.650947
1.03383
-0.764607
0.397248
-0.419312
-0.608037
-0.0114184
1.59042
0.964696
-1.30941
1.83408
1.33388
-1.25493
-0.300931
-2.04569
-0.155692
1.03926
-0.716453
0.18812
0.421888
0.255877
0.240355
0.728067
1.5763
-1.29598
-0.129591
0.961472
1.74546
0.280069
-0.916437
-2.38195
-0.398742
1.33465
0.124015
-0.818582
-0.246721
-0.0311027
-1.50769
0.195779
-0.379071
-0.942424
-1.28724
1.19599
1.05866
2.06088
0.318726
1.18147
-1.21076
-1.19376
-0.899145
0.933051
1.26251
-0.110211
-0.464332
0.790187
1.96685
-0.817644
-0.723017
0.448081
-0.0910448
-0.0226467
-1.42796
0.683454
-1.44748
2.03105
0.366387
-0.616063
-0.131103
-1.4547
-0.828764
-0.18245
-0.667427
-0.667421
0.322687
-0.382845
-0.8781
0.697171
-0.0175796
-0.49241
-0.238952
-0.223695
1.34142
-2.43012
2.0418
-2.11523
2.79261
-1.95282
-0.840184
1.04843
-0.865395
-0.455865
0.189673
-1.28218
1.19998
-0.708859
-1.65321
-2.09326
-0.0759697
-1.35985
0.633279
0.365104
0.143519
-0.0662928
1.4681
-1.20617
0.984528
0.00595289
-0.163743
0.0769479
0.339885
1.45753
-1.49867
-0.627969
-0.154579
0.196744
-0.836675
-0.708378
1.3917
2.12556
2.23104
-0.306231
-0.589883
0.350919
-1.24393
0.33893
0.167609
0.418922
-0.134819
0.344586
0.817332
0.100479
-0.0957152
0.753081
-1.22225
-0.321377
1.51135
0.688378
-1.19255
0.759779
-0.0227739
-0.116167
0.158106
-2.09556
-0.19334
-0.876083
2.22295
-0.952747
-1.01398
-1.20672
-0.459466
-0.182501
-1.8503
-0.00157051
1.20255
0.634392
-0.721251
0.237385
-1.17898
0.667934
-0.19241
-0.151071
-0.825878
0.397406
-2.19568
-1.26619
-0.194447
-0.43605
0.375371
0.309613
2.12913
1.27087
0.356515
0.329464
0.663372
-0.380708
0.175275
-0.129044
-0.12019
0.262511
-1.53015
2.37448
-0.119815
-2.06689
-0.104768
0.269718
0.535506
1.20137
-0.51434
-1.16342
0.566201
1.66805
1.08958
-0.366934
0.95637
-0.567392
0.7398
-1.19956
0.117877
-0.297077
-1.66502
1.0981
-0.882557
-1.44579
0.379346
-0.155876
1.09234
-1.22497
-1.18549
0.849741
1.21622
0.34835
-0.615015
1.46465
1.62002
1.00523
-0.746848
2.2309
-3.40835
0.372272
1.44368
-1.08753
-0.81855
-0.144188
-0.394985
0.312113
-1.02928
0.104953
-0.0421786
0.794257
0.904823
0.368984
-1.07308
-0.474824
1.32508
-0.382388
-1.08726
-1.87548
-0.964477
-1.37023
-1.2622
-1.42297
1.35072
0.685601
-1.52849
0.702738
0.928421
2.62364
-1.215
0.178261
0.155612
-1.08907
0.308622
0.298858
-0.634766
-0.146258
-0.270255
0.186842
-0.519865
0.506254
-0.838773
-1.29996
0.597003
0.247915
-1.70317
-1.82939
0.638289
0.547012
0.885744
0.415342
0.421385
0.410842
-0.3014
0.90817
-1.61152
-0.87365
-1.08357
0.892017
-0.779945
0.428736
-0.0651831
-0.245727
-0.343141
1.31151
-0.473398
-0.606807
0.552772
0.167998
-0.988082
0.00816556
-1.423
0.347808
0.27985
0.978389
-1.94846
-0.65136
-0.423466
-0.0341848
0.543062
-0.954011
0.0346276
0.575264
0.0193327
-3.43758
-0.0666016
-0.0475186
-0.199626
-1.35131
0.45031
-0.505531
0.480238
0.125406
0.190538
-0.782988
0.96457
0.619964
-1.47063
0.798197
0.389399
-0.485017
-0.386847
-0.340839
2.37641
2.5398
-2.58766
-0.15462
-1.34352
-2.1901
1.12673
-0.0767349
0.177904
1.15524
0.474842
0.758077
-0.776367
0.50497
-0.259827
0.635338
1.27303
-0.423864
-0.500467
-2.20537
1.61345
0.111382
0.0758439
0.428623
0.291607
0.354995
-0.612741
0.535604
-2.46729
0.97444
-0.488907
0.481123
0.702132
0.821915
1.24229
-1.33904
-0.605024
-0.782132
0.525286
-2.21393
1.29092
0.368689
0.566167
0.424333
-0.748497
-0.196455
-0.0953502
0.296727
0.234299
-0.334449
0.584926
-0.344589
1.17906
-1.37799
-2.23992
-0.873886
0.29618
-0.584726
1.24101
0.375842
-0.9832
0.568371
1.56895
-1.75895
-0.491109
-0.998327
-1.75222
0.192782
-0.434338
-0.428182
-0.622744
0.772335
0.617909
1.26804
-0.370674
-0.526898
-2.56578
1.94568
-2.01826
2.46895
-0.264838
-0.993953
0.578355
0.0286038
-1.46294
0.618735
0.168358
-0.812057
-0.201318
0.279531
0.6018
-0.707318
-1.13562
1.01439
-1.50645
0.754217
-1.00824
-1.03502
-0.659263
-0.670173
0.863245
0.875474
0.0372217
-0.328255
0.256388
-0.551709
-0.471613
-1.0475
1.43907
0.148586
-1.86561
-2.24955
0.085255
-0.343594
0.809524
0.184246
1.03399
0.720691
-0.385353
-1.85232
2.56947
0.170048
0.394164
1.14353
-0.780193
-0.139905
-0.885418
-0.0944233
0.243863
0.00887847
-0.148072
1.17104
1.77048
1.19066
0.766348
-0.634932
-0.974576
-1.02059
-2.20704
1.01414
0.150604
1.21575
1.74303
0.0121872
2.19437
0.686684
0.238391
-0.44939
0.46207
0.361068
-0.243956
0.893115
-0.335545
-0.486022
1.27685
1.06414
0.0702372
-0.445393
-0.781128
-0.393205
0.16061
0.752124
-0.885313
-0.0674842
-1.48464
-1.98017
-0.0616264
0.557114
-2.11167
-1.59458
0.243676
0.171131
-2.04525
-0.896856
-2.31001
-1.28975
-0.605707
0.87036
0.819986
-0.677856
1.32812
1.69397
-1.33908
-0.314474
-1.13275
1.51266
0.955197
0.04986
0.461675
-0.656581
0.557868
0.284113
-1.27626
0.160675
0.0882987
0.47369
0.89625
-0.657482
0.474314
-1.32067
-1.50293
0.0589075
0.061492
0.132222
-0.657211
-0.727461
0.0337823
-0.979441
-0.306557
2.07723
0.133065
-0.479857
-2.02828
1.6547
0.00832497
-0.83999
-0.313409
0.248808
-0.330423
1.26917
0.0659885
-1.02805
-1.14125
0.70702
-1.46594
-0.72715
-0.853373
0.825231
-0.945656
0.222836
-1.45824
-0.550794
0.433969
-0.152268
0.298394
-0.806368
-0.639518
1.64885
-0.230936
-0.000153402
1.08575
1.23627
-2.56495
0.336085
0.505312
1.49138
0.485463
-0.0387059
-0.965167
1.57812
1.1776
-1.37892
0.426432
-1.16237
0.0367714
1.2086
0.686583
-1.6881
0.183878
1.81424
-1.67334
0.0170122
-1.5427
0.0557286
-0.786103
0.579239
0.133205
-1.39997
0.587816
0.224433
-0.84357
1.8101
1.27122
-1.32424
0.470038
1.09739
-0.550723
2.35528
0.173257
0.959161
-0.0479208
1.32577
1.34794
-1.40065
-0.0465637
1.33457
0.725594
-1.0498
-1.02675
-0.469912
0.372895
1.71458
0.167654
0.904202
0.797083
1.06309
-0.294496
0.36625
-2.03429
-0.0994168
-0.735929
-0.410551
-0.360401
-0.600346
-0.176918
-1.0432
0.176488
-0.0254351
0.393682
-0.124358
1.83093
-2.24626
-0.605554
1.49968
1.06188
-0.99439
-0.48687
-1.28789
-1.07001
0.379042
0.0481429
1.66293
0.161433
0.972177
2.34195
0.617979
-0.114861
-0.837141
0.26991
1.43585
0.355008
0.944579
-1.54788
-1.26893
0.63064
-2.06169
-0.145608
-1.01375
0.908922
-0.405417
0.805508
-1.56836
-1.52067
0.170234
-0.781582
-0.407643
-0.37527
-0.903273
-0.510584
2.49289
0.37929
-0.204759
-0.286167
1.11068
0.500783
1.80632
-1.08317
0.444166
0.962976
0.536439
0.748443
1.78813
1.07023
-1.15572
-1.46287
1.03225
0.0449025
1.08374
1.24243
0.319143
-0.775111
-1.09105
1.34784
-0.446852
1.54203
-0.219187
1.60883
2.37361
2.14253
0.293744
-0.353876
-2.78649
3.9859
1.08289
1.68909
1.88335
-0.96138
0.669243
0.243579
-0.114148
1.64537
-0.185636
1.56249
-0.155272
-2.73469
-3.54405
0.996197
0.937693
-1.22328
-0.480507
-0.083281
-1.47383
0.34017
-1.496
-1.57605
0.635798
-0.708011
0.589008
-0.298767
-0.955873
-0.637324
-0.0842482
0.347794
0.848432
1.33216
-0.977975
-0.469959
-1.97502
-0.399703
-0.973545
1.14273
0.356034
0.0570962
0.858388
-1.56766
0.629279
1.8305
0.627358
0.902992
0.560288
1.02376
0.189841
-2.70156
2.44193
-1.13701
-0.487285
-0.226492
0.00651813
-1.12443
0.454646
0.633868
-0.429818
1.01529
-0.499068
1.37545
0.565008
-0.151368
-2.44729
0.366847
-0.769718
0.400799
-0.958964
-0.934268
-0.885323
0.756903
0.493778
0.623766
0.360524
-1.41386
-0.257088
-0.0760403
0.0777739
-0.0735771
-0.124418
0.612134
1.79005
1.53647
0.184666
-0.15477
2.03305
-1.10273
1.22122
0.448763
0.428264
1.26732
0.539963
0.260229
-0.025476
-1.11568
-1.20315
0.543371
-1.01301
-0.663767
0.0598712
-0.18121
0.529787
-0.100722
0.152884
-1.78425
-1.29371
1.66976
-0.510569
0.859266
-1.26106
-0.198575
1.23399
0.41427
0.173082
0.191322
-0.463587
-0.121442
0.0586129
-0.334209
-1.68938
0.23713
-0.380395
-0.57744
-1.28289
0.812692
-0.726158
0.62104
0.189137
-0.672118
3.17389
-1.53561
1.31779
-0.122637
0.718372
0.438126
0.69938
0.583044
2.90439
-0.235078
-1.16809
1.06494
-1.0916
-1.79256
-0.434608
-1.05417
0.437383
1.26949
1.38969
-0.851749
-1.54546
0.144937
-0.177481
2.18652
-0.788077
-0.998157
1.2766
-0.355516
-1.05241
1.08149
0.740313
2.08448
2.20205
-1.56817
0.675145
1.96002
-0.0795394
-1.93534
-1.58657
-0.163529
1.31217
-1.47767
-1.08501
-0.853023
0.631151
0.894571
0.444209
0.405755
-1.44148
-1.34263
0.733155
0.190942
-0.88525
-0.609074
-1.90856
-0.146603
-2.01684
-0.929032
-1.33601
-0.2346
1.30317
-0.282659
0.59098
0.478886
0.0575863
-0.807864
1.90364
-1.63546
-0.555718
0.024293
-1.30914
-0.738317
0.215578
-0.199802
-0.258249
0.277162
-0.361117
1.64644
-1.00717
1.00432
0.581353
-0.690035
0.895786
-0.867343
-0.129042
-0.344882
-1.92089
0.231074
0.907193
-0.793559
-0.169357
0.0548361
1.1345
0.939718
0.126709
-0.138678
-0.149377
-0.289626
-1.63516
-0.0500303
-0.665597
-1.05781
-1.54306
1.26908
0.966466
-1.39385
-0.233158
0.480718
-0.456008
0.933312
0.700971
-0.700578
-1.04283
-1.16495
-0.680647
0.466792
-0.437942
-0.717522
-0.486873
0.900601
-1.34294
1.479
0.459717
0.247718
-0.782323
-1.8
-0.0202322
1.10999
0.841428
0.161657
-1.09754
-0.388586
0.133269
0.263004
-1.74968
0.101701
-0.662251
0.397161
-0.801392
-0.434482
0.78759
-0.202557
-1.71669
-0.681468
1.19747
1.62932
0.56141
-0.226749
-0.883289
-0.505125
-0.77851
0.590229
-1.55921
0.350207
1.76585
0.0286739
2.48303
-0.335206
-0.659738
1.06434
0.792578
-1.25891
0.31108
-0.16973
0.104222
0.212859
0.0157989
-0.827564
-1.65086
-0.257506
0.974115
-0.568518
-0.522452
0.274344
-1.92711
-0.559817
0.7907
0.00986618
-1.05784
1.13363
1.97904
0.319028
0.971129
-0.0357316
0.274227
1.16895
0.659192
-0.533539
1.70171
1.60612
2.72266
1.74996
1.1705
-1.33732
0.436046
-1.9875
0.842978
-0.535167
0.614498
-0.506999
-1.49096
0.528831
-0.192592
1.87305
0.620729
-1.13621
-0.285464
-2.03962
0.322655
-0.0335258
0.55107
-1.01733
-1.12575
-1.04911
0.276949
-0.408363
-0.310653
-1.35244
0.484553
-0.0777301
-0.710395
1.05144
0.689219
-0.515558
1.34228
-1.1931
2.32996
1.63183
-0.234865
-1.19559
-1.8764
0.654672
-3.31405
-0.406147
-0.776115
0.33583
-0.615293
-1.20367
-0.384665
-0.242821
0.766943
0.323959
-1.60377
-0.362932
0.840415
1.3157
-1.7417
-1.05718
-0.372561
0.705198
0.413253
-0.622831
0.53688
3.35479
0.543932
0.460721
-1.59902
0.617366
-0.335547
0.868182
0.131877
-0.76227
-0.00239955
1.03479
-0.107791
-0.0238784
-0.277362
0.478794
-1.86224
0.344494
0.228876
-1.42381
0.609756
-1.74153
1.00998
1.3585
1.52938
-1.06975
1.1949
1.27692
-0.358146
-0.067133
-0.0186907
-1.21152
-2.1886
2.20674
1.01334
-0.30534
-0.181547
-1.27764
1.46378
1.34586
-0.493338
0.748527
-1.0149
1.11216
-1.31248
-0.711542
0.595611
-0.907298
-1.31647
0.404028
0.481728
0.579636
-0.663469
-0.298465
0.581359
-0.0875538
0.343052
0.181333
0.0324635
-0.720956
-2.45043
0.984053
-1.15002
-0.486758
-0.711987
-1.20702
-1.05101
1.17931
0.380656
-0.316773
0.996345
0.568344
-1.34496
-0.386547
-1.03389
0.792052
1.30416
-1.59759
1.14687
-0.885303
0.898537
-0.276967
1.20869
0.606893
1.7277
1.5342
-1.69153
1.90291
-0.827189
0.37994
-1.58045
0.0727819
0.506007
-0.510179
-0.693783
0.618859
-1.1626
-0.346945
2.2545
0.863668
0.699489
-0.0587329
-1.03722
-2.11015
-0.366525
0.314992
2.34368
1.56244
-1.41782
0.732518
-1.66799
-0.908394
1.55097
-0.826411
-0.826568
1.78537
-1.17127
-0.166322
1.63517
-0.196271
0.234856
-0.0264794
-0.012223
-1.38252
-0.591248
0.338759
-1.17904
-0.343902
-0.322816
-1.26634
0.119983
-0.26177
0.764135
0.411974
0.117908
-0.823151
0.664718
-0.260312
0.878601
0.2684
-0.614371
1.56961
-0.3995
-0.72671
1.15931
0.881532
1.20719
0.513833
0.492306
0.238262
-0.532923
-1.09355
-1.07032
1.43416
-0.199953
-1.00233
-0.45339
-1.09061
0.478832
-0.687107
0.169165
-0.802168
-0.592326
-0.340503
1.78677
0.39841
0.183189
-0.430972
-0.567955
-0.253827
-1.24146
1.15998
1.41967
-0.790721
-1.25491
0.246999
-0.48962
0.0864102
-1.42462
-0.150582
1.71779
-2.45263
0.0325766
0.956256
0.18157
-0.565863
-0.813394
-1.33388
-0.220694
-0.586535
-0.918993
0.890938
-1.85215
2.25089
1.40975
-0.917373
-2.35914
2.15814
-0.955277
-0.758389
-0.282029
0.775766
-0.320191
0.263388
0.173137
0.292173
-0.541966
-1.33755
-0.347794
-0.917334
-0.863563
-1.83677
-0.526546
-0.768838
0.178181
-0.646909
-0.864577
0.565354
-0.018588
-1.09296
-1.52711
0.702906
-0.800076
1.07393
-0.858721
1.0927
-0.944324
-0.274868
-0.948999
1.71677
-0.0775622
-1.34162
0.601859
0.310763
-1.71336
1.95364
0.261958
-0.48483
0.906733
0.484189
1.31949
0.0931628
-0.758712
0.889941
-1.05424
0.921423
0.583125
-0.0714632
0.0194277
1.92001
1.45861
-1.11371
-0.319174
-1.90658
0.562447
1.20339
1.05562
0.338881
-0.0952655
-1.08112
-1.0942
-0.449044
0.789097
0.156745
0.9205
1.0705
0.812111
-0.102183
-0.207109
-0.623577
-0.818675
-0.916643
-0.26542
0.102021
0.534965
0.218897
0.478843
0.10081
0.799596
0.511377
0.390524
0.325517
0.589626
0.27825
-0.638132
0.575662
1.58016
-1.30908
-0.0464264
1.71175
-0.0932321
0.862323
-0.664648
0.102841
-0.654055
-0.877428
1.63846
1.015
-0.0314791
0.764964
-1.06128
0.234507
0.150659
0.692694
0.0220406
0.492757
0.938282
-0.719259
-0.591196
-0.557498
-0.925858
0.427444
-1.38048
1.54446
0.253408
0.316379
-0.628796
-0.879825
0.264811
-0.827001
-0.750835
0.0881198
2.74749
0.0209759
1.46904
0.815542
-0.0557886
-1.68176
0.729363
-0.560796
0.828548
-0.854831
-1.36895
-0.51843
-0.0862861
1.49548
0.493624
-0.152569
-1.17087
-0.0786587
-1.29451
0.507577
-0.129079
0.565384
0.851198
1.49407
-0.76374
-0.79193
-1.18543
0.079174
0.205959
2.22136
0.048307
0.354915
0.134366
0.808447
0.19981
-0.365028
0.155939
1.03754
-1.17224
0.00389554
-0.333828
0.763408
0.369543
0.110728
-1.92925
-0.947947
-2.13542
-0.525936
0.561764
-0.622979
0.996148
-0.414262
0.529987
-0.567108
0.565529
0.887597
0.987296
0.699171
-0.060275
-0.667601
0.372924
0.56874
0.0340375
-1.76304
-0.195487
2.02245
-0.910851
-2.28411
1.40904
0.250897
-0.203116
0.967466
1.72593
-1.21895
0.572512
-0.452528
0.817303
-1.67537
1.28043
0.392974
0.856921
-0.128682
-0.460665
-0.160573
-0.854388
-0.125755
1.63681
-0.787734
1.66037
-0.138057
0.575632
-1.08836
0.77174
0.37873
-0.0802852
0.337154
0.380299
1.67464
-0.0777064
-1.56746
-0.607738
0.0822118
-0.417951
0.890406
1.71547
-0.422042
0.376812
-0.509314
-0.0352453
-0.030833
0.152279
0.166091
0.247631
1.09506
-0.727091
-0.730928
0.105837
1.10951
0.151415
-0.478203
0.589923
0.785377
1.46322
1.34433
-0.0506823
-0.29877
2.01114
-0.135369
1.55523
-1.78529
-1.53969
-0.412017
0.259519
0.379477
-0.132311
0.394272
1.91641
1.34955
-0.217724
-1.5462
1.40853
0.0542606
0.43135
-0.0331643
1.31315
1.37425
1.73413
-0.409563
0.522266
1.58308
-1.48403
0.459392
1.24028
1.31242
0.77723
1.07776
-0.595149
-0.947408
1.36436
-0.365115
0.882856
-1.95992
-1.19644
-1.25703
1.02973
1.77368
1.41181
-1.02847
-0.579729
0.234616
0.689166
-1.60393
1.18275
0.931926
-0.853968
1.15467
0.628801
-0.311248
-0.783321
0.750445
-0.157124
-1.12097
0.173337
1.17892
-0.360126
1.8809
1.57518
0.591454
-0.236706
-0.38132
-0.493059
-0.608018
0.914882
1.77214
-1.70463
0.211882
-1.10794
-1.46768
-0.468775
2.34607
-2.14351
-0.273491
1.53776
-0.0147027
0.362028
0.122068
1.95849
0.320178
-3.13135
-0.383057
-0.0283469
0.133533
-1.79951
-0.0114463
0.861529
1.15179
1.27454
0.937054
-1.23459
0.424027
-0.290734
-0.383318
0.684256
-0.815583
-0.156511
0.251208
-2.23506
-0.693614
-0.283615
-0.648234
1.66162
-2.42111
0.610206
0.843519
0.232999
1.23478
-2.93871
0.569633
-1.16839
-2.32439
0.179937
0.0299485
0.0549732
1.58249
-0.0104536
-0.911843
-0.469476
0.423815
-0.0103843
-1.57119
-0.763465
-1.67932
0.318222
-0.21374
-1.5526
-0.679534
1.40618
-1.69503
0.878766
0.803693
0.0991653
1.18819
-1.78554
0.433891
-3.71514
-1.82038
-0.671243
0.47049
0.631188
2.69633
0.972977
-0.193249
-2.88002
-0.422046
1.27582
-0.650417
-2.11434
-0.0894716
0.887555
0.929755
-1.00689
-1.01565
1.20022
0.653079
-1.47693
0.999976
-0.0726781
-0.329039
-1.24929
-0.346662
2.04321
-0.101075
1.89884
-0.446214
-0.110101
1.19693
1.00949
0.167809
0.133586
1.72971
-0.661724
1.8365
-0.461729
-1.79524
1.12961
0.167181
-0.472708
0.106709
0.575348
-0.533684
0.25966
-0.0541515
-1.43058
0.497662
-0.43337
1.8363
-1.25179
-1.07888
-1.0996
-0.929817
-0.273351
-0.227617
0.116492
0.623655
0.730196
0.745902
0.638496
-0.390871
0.00089257
-0.109161
-1.27032
1.55105
-0.570861
0.565938
1.09061
-0.0508095
0.19964
-0.34725
2.52992
0.468937
0.0911458
0.550843
0.982968
-0.193504
1.48059
-0.364906
-0.394563
-0.273898
0.240289
-1.90004
0.884175
-0.0469116
-0.970013
0.55727
-0.344437
-0.249979
-2.52587
-1.08813
-1.37743
-0.0584569
-0.74641
1.96249
-0.113759
0.745969
0.88647
-0.51539
-0.515649
-1.3583
-0.820102
-2.8677
2.26659
-1.222
-0.256603
-0.437773
-0.315287
-0.528308
-1.56789
0.387459
0.399881
1.92224
0.403352
1.23989
-1.29233
-0.396666
-1.2972
0.259484
-0.559927
-0.592636
3.16554
-1.01391
0.271773
-0.203559
0.480927
-0.285848
-0.483888
-0.572977
0.82924
-0.739879
0.0226007
-0.931017
0.0381938
0.518058
-1.11321
1.33059
1.24545
-0.097866
0.631244
0.383225
0.957064
0.951475
-0.300786
0.364666
1.38351
-1.05184
-0.531531
-0.19053
0.154421
-0.0861202
1.71604
0.838233
1.66004
-0.13022
0.367344
0.22611
-0.540387
0.379691
0.614148
-0.537681
0.673773
1.86503
0.232894
1.30113
-2.33143
-0.540748
-0.606521
-1.05241
-1.54638
-0.528815
-1.11212
-1.38777
-0.139375
0.00136705
0.329518
-0.314257
0.142921
1.08539
1.3705
-1.01574
0.568474
-1.52321
-1.99582
-2.27951
1.51828
-1.1836
0.808523
0.325385
-0.206042
-0.614499
1.15868
-1.41798
-0.960878
0.647164
0.505816
-0.00233784
-0.757447
1.38501
1.64812
0.0847304
-0.327168
0.149323
-0.666189
-1.90465
0.428176
-0.122885
-0.421837
0.194938
0.851214
-0.0998179
-0.665135
2.0784
-0.449591
-0.105678
1.21725
-0.110434
0.177427
-0.00419632
0.739093
-1.65585
-0.127817
-0.11848
-1.19378
1.68973
-0.918776
-0.850009
1.27338
0.321969
-1.38249
1.08527
-0.665381
-0.0475208
-0.0405966
1.22293
0.86583
0.503372
-0.773872
0.887285
-0.985232
-1.16347
-0.20909
-0.624704
-0.260139
0.0167998
1.24624
-0.154007
1.12283
-0.474975
-0.11629
-0.435824
-1.61275
0.0191859
0.374767
-1.52
0.0989546
0.218892
-0.831557
-0.380197
-1.4192
-0.901743
1.12823
-0.315856
-0.792762
-1.11028
1.05812
0.985975
-0.0832617
1.18071
-1.74981
0.481108
-0.187475
-0.972846
0.321469
0.500111
0.596642
-1.33956
0.798088
1.40193
-0.242208
-0.331793
0.382423
-0.864624
0.281933
-0.786027
0.154936
0.373206
0.0633218
0.600671
-0.932986
0.933995
-1.23991
0.374208
1.58921
-1.37451
-0.599574
-0.307428
-1.91897
-0.519547
-0.484969
1.17405
1.21549
0.843111
-0.656333
-1.30324
0.829714
-0.358502
0.433171
-0.465608
1.03734
-1.28444
-0.778375
-1.08899
-0.22453
-1.93991
0.495888
0.627016
-0.0851896
-0.664787
-0.11227
0.3802
-0.110846
-1.81647
-1.03806
-0.0104848
0.5348
-0.455411
-0.215045
-0.633479
-0.672428
0.514764
-1.18156
-1.00992
0.43235
0.489534
-0.721018
-0.256134
1.62268
0.0840173
-0.979191
-0.784357
0.127749
-0.513694
1.37743
-1.36966
-0.27892
0.185691
1.688
1.2622
-1.80374
-0.337942
0.204478
-0.530367
-0.756175
-1.5169
0.0841448
0.272402
0.591401
-1.08382
-0.823557
1.12804
0.731953
-0.502247
-1.18546
-0.349054
1.36964
-1.4269
0.214309
0.517439
-0.0779222
0.0348616
1.484
-0.394533
-0.160393
-1.62737
1.44304
0.489657
-3.30384
-0.261045
0.765869
0.160682
0.371615
1.68754
0.730222
-1.19865
-0.476717
-0.364748
1.21099
0.132794
-1.52148
-1.07231
-1.40266
1.49459
1.41625
-0.970941
1.34129
-1.30537
-0.39525
-3.21809
0.90377
-0.133212
-0.0335103
0.830934
-1.74576
-0.183905
-1.11172
-1.79045
0.95318
-1.97965
0.965554
0.66084
-0.098926
0.971677
-0.499602
1.64115
-0.81724
-0.649828
1.02297
1.4803
-0.228585
0.813036
1.09253
0.557025
-0.136674
-0.459265
0.825185
-0.840823
0.392013
-0.609578
-0.643231
-1.18477
0.255295
-0.896485
1.40203
-0.878882
0.448582
-0.801417
-1.62664
-1.45719
-0.523598
-0.17078
0.69045
-0.154451
1.16965
0.503799
0.0385393
-0.454526
-1.13317
-0.702719
-2.13743
1.16455
0.0248586
1.25458
0.599184
0.271816
-1.75079
-0.67834
1.23848
-2.48997
0.00343848
2.21303
0.190628
0.310212
0.644953
0.678973
-0.758096
-0.900087
0.19407
0.325151
-0.822683
-0.819825
0.259715
0.669506
0.712817
-1.1804
0.750266
-2.1646
-1.40287
-0.130645
0.0118403
-0.128007
1.40425
-0.1396
0.994609
0.768144
-0.644877
-0.154672
1.09259
-1.93871
0.317437
-0.0517167
-0.601463
0.954181
-0.155385
0.646232
0.966765
-0.644758
1.64151
-0.0167177
1.33636
0.457971
-1.08702
0.0761303
1.04793
-0.370415
0.842733
-0.21144
0.213378
0.0298837
-0.954533
-0.14655
0.973892
0.729832
-0.741914
0.496656
-0.784404
1.34696
-0.66223
1.2724
0.331668
0.326767
1.07107
1.78624
0.596107
0.95853
0.682398
-1.12263
-2.29752
-2.10749
-0.658886
0.673295
-0.270647
-0.0326659
-0.631883
0.5185
-1.17535
-0.498943
0.928789
0.112918
0.129244
0.00198629
0.0708021
-0.281869
0.0330319
1.11324
1.25304
-0.0899514
-1.04859
-0.471363
-0.44753
-1.34563
0.5297
0.266641
-1.40602
-0.326755
1.62337
0.923773
-0.870814
0.398677
-0.402609
-3.02241
-0.485701
-0.944636
0.16785
-2.0396
1.1177
0.775873
-0.121425
-0.148402
0.494754
-0.135476
0.270021
0.873893
0.95685
0.609193
-0.0922667
0.833503
0.768626
1.22027
-0.856398
0.62649
0.674554
0.164104
-0.167513
1.64534
-0.257923
-1.68354
-0.684368
-0.949264
0.0870125
-1.76491
-0.538453
-0.576363
-0.570495
0.584155
-2.07426
0.256296
-1.46924
-0.880058
0.368523
0.148291
-0.70431
-1.26639
1.5319
-0.0977102
0.00678604
-1.50782
0.147999
1.4662
-0.379149
0.77783
1.37708
-0.144466
-1.29435
-1.11093
1.13188
0.62334
0.985195
-1.61622
-0.129805
0.954785
0.542054
0.112578
-1.28661
-0.686524
-1.81764
-0.0648476
-0.159675
0.150347
0.99109
1.63425
-0.138341
0.10133
-0.388609
0.19386
-0.0316754
0.750554
-1.60776
1.08799
-2.22963
0.319223
0.963489
0.275686
-1.2267
0.857027
1.67398
1.55938
-0.600821
1.51908
-0.120197
-1.04023
1.71919
-1.88499
-0.598854
-0.994471
0.364207
0.0782941
0.799305
0.668122
-0.331557
0.949175
-0.7445
-0.11061
0.00328169
0.186568
0.945087
-1.52829
0.454831
-0.0426428
-1.75434
0.492732
-1.3271
0.115175
-1.16823
0.611835
1.03798
0.178486
-0.234185
-0.3038
0.125856
0.213375
-0.79614
0.376441
1.09955
1.52361
0.0993824
-0.515412
1.01496
1.91037
2.49443
-0.354606
1.92392
0.574
-1.1267
0.135072
1.12885
0.871302
0.15065
-1.04556
0.680578
1.33025
1.78778
-0.389195
-0.0977601
0.417608
1.10053
-0.313
1.36029
0.85899
0.434574
-1.04499
-0.573956
-0.212619
-1.77996
0.32683
-2.44999
-0.971019
-0.982097
-0.170657
0.469473
0.343116
0.727276
1.18191
0.625812
-0.372461
0.733535
-1.45728
-0.343999
2.5325
1.47559
-0.332958
-0.187285
-1.15956
-0.554525
-0.254038
0.975783
0.411315
-0.990781
0.423906
-3.36146
0.166825
-1.16897
2.3888
-0.665699
0.87693
0.567423
0.500545
-0.40217
-0.357338
1.7242
-1.38207
0.0808318
0.441732
1.10861
0.869082
-0.366553
-0.676814
0.115204
-1.7107
-2.70917
-0.7168
0.796384
0.311208
-0.581244
-0.433818
2.76905
0.881438
-1.35966
0.98154
-0.270147
-0.687566
-0.734644
0.208143
0.945406
-0.801052
-1.17867
-0.182661
0.515618
-0.861012
0.617344
-0.653273
-0.642852
-0.0711392
0.174014
-0.745789
-0.918242
-1.88634
-0.68991
0.241273
0.0612542
1.64782
0.316689
2.26465
0.713794
0.298117
-0.81275
0.241084
-0.869541
0.203727
1.29897
-1.53762
-0.350995
-0.544893
0.0774972
0.100502
-0.786742
-0.170364
1.75988
-0.0772705
3.15195
0.450464
-1.19248
0.204238
-0.711809
-0.590074
0.233187
0.376281
-0.743513
-0.333923
0.798834
1.00963
-0.439127
0.995411
0.698781
-0.0804811
0.365255
-2.67384
0.298916
0.291896
-1.3866
-2.4488
-0.342695
0.142694
1.24515
-0.88148
0.893365
0.870234
1.32962
0.443577
1.22489
0.102129
-0.968226
1.86273
-1.80053
0.885746
0.592614
0.282637
-0.805015
-0.311723
1.1378
-1.24797
1.07793
2.80944
-0.438569
-0.586914
0.0592289
-1.47673
1.45626
1.09121
-3.00443
0.140373
0.748398
-0.233011
-1.03325
0.0958434
0.232138
-0.99612
-0.0976336
-0.602527
0.160852
-0.235513
0.728853
0.0804174
1.57937
0.769834
1.45352
-0.360474
-0.346068
0.800089
-1.21514
-0.184708
-1.29538
-0.47607
2.20494
0.625762
0.527043
0.541722
-1.12615
-0.21949
-0.432152
-0.905269
-0.0642572
0.333922
0.881023
-0.797624
0.196068
1.4049
0.175989
0.709006
-0.748533
2.23963
0.524783
-0.489865
0.760282
1.03554
-0.404566
-1.76448
0.531464
0.303905
1.91157
-0.669767
1.47979
-1.53416
0.832874
-0.805607
-0.0183624
1.24208
0.807418
1.09271
0.651524
-1.34819
0.17101
-2.64486
-0.742706
1.13757
-0.0918879
1.44189
-1.34317
-0.0189183
-1.06503
-1.005
1.07334
-1.32991
-1.02323
0.233321
-2.09105
-0.0464022
0.369509
1.68704
1.09178
0.955351
1.09065
-1.19327
0.185452
0.865077
1.53414
0.232076
0.336497
-1.61217
-1.63658
0.770816
2.35565
-3.32066
0.121824
0.622374
-1.57454
-1.02074
-1.11432
-0.431754
-1.72516
1.38838
-0.594236
-0.403397
-0.886973
-1.6045
0.164938
0.647904
-0.52789
-0.697602
0.125518
-0.0379512
-0.988377
-0.191049
0.54685
-1.00521
-0.957793
0.0993653
0.879039
-0.200711
-1.89952
0.319191
1.0853
-0.0421613
-0.868875
-0.757985
-1.08271
-2.25962
1.18547
-0.112643
-1.04559
-0.399629
-0.925937
1.93126
0.869231
-1.35799
0.225871
-1.69657
-0.124447
0.419648
-0.512932
-0.109723
-1.0442
0.686991
0.0504294
-0.353997
-2.02781
-0.0803031
2.16281
2.32061
-1.14004
-1.28275
0.568048
-1.28383
-0.12162
0.0187985
-1.79037
-0.606279
-1.49675
0.559667
0.362787
-0.486689
-0.739663
0.752829
-1.0034
-0.0325175
-0.526292
-1.22135
0.462708
1.08658
0.422878
-1.11662
-0.313886
0.982347
-0.347095
-0.667911
0.895018
-0.0783253
0.207495
3.0842
0.575712
-0.027116
1.55356
2.60822
0.741101
1.17712
-0.778356
0.177302
0.0744811
0.46317
1.09074
0.261661
-1.16752
-1.83863
-2.67563
-0.107332
1.24485
2.66177
-0.39019
0.169299
0.104289
2.51414
0.940283
0.845712
-1.29331
-0.345044
-0.931248
-0.683628
1.48278
-0.719663
0.190896
0.830748
0.176378
-2.51316
1.58925
-1.44742
0.700735
-1.19709
0.825734
0.766876
0.564873
1.2919
0.0699195
0.0730386
0.749656
0.558309
0.644488
-0.0234775
0.114792
0.474368
-0.608131
-0.552367
0.302044
-0.570173
-0.239377
-0.0644698
-0.135127
1.0974
-0.605972
1.34408
-1.54463
1.16519
-0.153109
-0.998621
-0.612867
-0.984424
-0.158108
-0.531834
1.14657
0.808524
-1.28002
1.07031
-1.14221
-0.378039
-0.818926
-0.601491
0.928739
1.14539
-2.05239
0.0199612
-0.978677
-0.0555179
0.83164
0.645772
-1.4659
1.51149
0.36017
0.196756
0.540195
1.43638
1.38353
0.0493612
-0.311037
1.00371
1.19299
-0.0689803
0.783257
-0.750745
1.49158
-1.80296
-1.03077
0.0183878
-2.2809
-0.000594069
-1.60462
0.834366
-0.217165
-1.82136
2.30426
0.294187
2.07062
0.46335
0.390722
0.352691
0.815089
1.37567
0.195385
-0.440476
-0.440825
-0.0146679
1.91267
0.108532
-0.546749
0.186545
-2.16982
-0.626054
0.0944774
0.606963
1.07136
-1.3721
-0.282527
-1.91015
-1.09399
0.190423
0.990232
-1.84711
2.24486
0.951434
-0.52558
0.213395
1.48244
1.46925
-0.541071
1.06504
-0.44177
-0.436599
-0.0644693
-0.870261
-0.674474
-0.410522
-3.00458
0.538746
-1.1026
-1.17168
-0.216261
0.920191
-0.0808963
1.06064
0.376522
1.07215
0.739863
-2.17549
-0.584426
0.371649
0.362124
0.347433
-0.374405
-0.283334
-0.498266
-1.05951
-0.352418
-1.44248
-1.23098
-0.642116
0.706077
-1.25001
0.495159
-0.308094
-0.338172
1.29858
0.903744
-0.391975
0.322081
-0.852278
1.09936
1.81676
-1.00558
-1.51666
-0.153211
0.767374
1.38267
-2.15878
2.38681
-1.69566
0.927608
2.10547
1.03877
0.0393029
0.868639
-0.770742
2.57007
-0.194739
0.263504
0.0346132
-0.292338
0.109341
1.186
-2.65242
-1.37025
-0.933048
-0.431151
0.511831
0.843083
-2.98071
0.800214
0.0355481
0.634813
-0.890935
0.779377
-1.68433
-1.61344
-1.20131
-0.490577
-0.875986
0.65839
-0.305034
-0.639426
0.435593
-1.17051
0.0874407
0.476481
0.713604
0.986981
0.305462
-1.05913
-0.399749
-0.277987
0.701656
0.18355
0.128068
1.1008
1.90244
-1.7304
0.596199
-1.01343
0.472174
-0.892743
-0.502534
0.523336
1.54999
0.546116
0.638673
-0.748418
1.20895
-0.207688
-0.979272
0.259454
-1.62003
1.47943
1.31845
0.0736012
-0.509612
-0.252918
-1.12522
-1.89662
-0.660799
-2.17216
0.7257
-0.663671
-1.33457
0.892126
2.05259
1.21386
2.09594
-0.557111
0.823003
1.26629
1.0585
-1.93708
0.296664
-0.189999
1.74114
1.29727
-0.761707
1.13566
-1.40323
-1.79938
0.449595
1.31318
-0.279775
0.700896
-0.0520541
1.17275
0.316296
-0.493155
-1.26144
0.26811
-2.01968
-1.42036
-0.249982
-0.923622
-0.161472
0.714873
0.860454
1.34852
0.141695
1.99324
-1.15158
0.358055
1.37288
1.4629
-2.70057
-0.29076
1.00209
1.86671
-0.527549
-0.85048
0.0177728
0.639764
-0.909389
2.25853
1.09216
1.52956
-0.927925
-1.69348
-0.0595554
-1.23346
-1.43147
0.0350418
-0.385931
1.40917
2.31795
2.43674
0.350478
-0.453421
0.45318
0.728081
0.92065
1.61395
-0.0134767
-1.22071
0.625296
0.940228
0.0985712
-0.273004
0.473951
0.190677
-0.365726
0.933383
-0.209623
2.37022
-0.29932
-0.105274
0.391267
-1.31095
1.02887
0.724697
0.065489
1.64016
-0.80367
-1.76855
1.70138
-0.777625
-0.364814
-0.550112
0.267222
1.76364
2.32365
-1.75531
-0.101569
-0.35516
0.065581
-0.0710845
-2.1424
-0.908076
1.49091
-0.672203
1.06824
-1.69615
0.278857
-1.25123
1.35826
-0.995975
-1.26687
-0.677478
-2.77346
-0.833971
-1.04938
-0.61631
1.05901
0.749465
-1.06049
-1.62722
1.49974
-0.385856
0.575371
1.42344
-0.64678
-0.898238
1.0325
0.770889
-0.711149
-0.06235
-1.36214
1.0494
-0.524167
-1.39782
0.177719
0.171468
-0.41606
-0.529588
0.510347
-0.0137585
-0.234394
-0.213002
1.31122
2.33957
-1.90634
1.31735
0.500869
-1.09881
0.282684
-0.138464
-0.0443866
0.926819
-0.109821
1.21719
-2.34284
-1.58741
0.562005
0.913522
0.904078
-0.471194
-0.794868
-1.32372
0.193386
-1.58648
3.00648
-0.402056
1.70287
0.337919
2.02002
0.39756
-1.23907
0.157477
0.521527
0.525307
1.97174
-1.33118
1.94338
-0.177186
-0.127934
-0.326516
0.277694
0.410358
-0.127247
-0.0539153
-0.832005
0.105607
1.46405
-1.17214
1.16128
0.395949
1.59865
-0.482333
0.875444
1.11613
-0.91524
0.625438
-1.18567
0.515362
1.29099
1.42084
-0.143218
-2.66242
0.418255
-1.19025
-1.1172
-0.967254
0.92976
-0.594955
0.560993
1.10964
-0.0427746
-0.169687
1.1744
-0.629497
-0.481917
0.544691
-1.27233
0.152135
1.80387
0.11211
-0.912307
1.29226
-1.28673
-0.519859
-0.113743
-0.294847
0.940456
-0.466353
-0.907783
-1.73129
1.01931
0.722943
1.2137
0.173707
-1.07357
0.242415
1.37147
-0.44258
1.00331
-1.0605
-1.15168
-0.714418
0.666552
0.207099
-0.990314
0.510197
-0.57613
-0.263642
0.52382
1.08619
0.360511
-2.07461
-0.213055
-0.512096
-0.691902
-0.929504
0.962016
0.573396
-1.61814
-1.33743
-0.98739
1.41099
2.08987
-0.17858
1.0003
0.312536
0.130727
-0.768389
-0.959259
0.794119
-0.072574
-0.646756
0.894536
-0.459195
0.176313
0.860891
0.912505
1.31094
0.665165
-0.639985
0.0298477
-0.232992
1.49014
0.120144
-0.23047
0.334624
1.5082
-1.04168
0.146602
-0.156436
1.32303
-1.38099
-2.00319
0.693319
-0.290902
1.11334
0.709971
0.693066
-0.281961
0.983914
0.729836
1.78004
1.94471
-0.494609
-0.940721
1.2625
0.0255745
1.27833
0.0824992
-1.34823
2.03362
0.430329
1.26351
0.963763
-0.223317
0.702154
-0.31384
0.0793317
-0.144903
-0.706875
0.444868
-1.55037
-0.346019
-1.43287
-1.36726
-0.0781424
2.88223
-1.3857
0.685682
1.47242
-0.98462
0.660245
-0.862976
1.3453
-1.83029
-1.19467
-0.590036
0.626841
0.854327
-0.475397
-0.803654
1.46796
-1.18796
0.663841
1.31947
-0.829342
1.00002
-1.97788
0.369513
1.56355
1.70993
0.193811
-0.366245
1.60265
0.582867
-1.55082
-1.1456
0.339194
0.936484
0.142144
0.0394784
-1.85408
-0.198259
-0.465612
-0.474663
-1.39605
1.45672
2.21307
0.139206
0.168594
1.31816
-1.35828
0.818557
-0.925843
-0.716467
0.431294
1.40969
0.286668
-0.957854
-0.65193
-1.49251
1.73754
0.693595
-0.985757
-0.0687956
-1.91203
-1.31531
0.0690041
1.53713
-1.17151
-1.43301
-0.0723947
-0.865059
0.333672
-1.0356
-0.162498
-0.495078
0.516042
-0.807213
-0.784811
-1.34424
0.326034
-0.38894
0.78748
0.0970153
0.409221
0.678546
0.838408
0.609181
-0.987226
-0.756428
-0.840993
-0.930162
0.80317
-1.08233
0.709338
-0.893694
-0.014914
-0.651006
-1.41887
0.423946
-1.51494
-0.904082
0.0861801
0.946724
0.583839
-1.06567
0.586546
-1.17871
0.41802
-0.353376
-0.088754
1.78094
0.0235099
-0.221232
0.689306
-0.704133
0.422318
-0.926562
-0.0235268
-0.73846
0.480703
1.25275
-1.88969
0.184855
0.848678
-0.162757
-0.0229959
-0.64797
2.24677
0.441546
-0.385223
-0.63831
-1.03043
-0.603835
0.0610407
0.0684591
0.293644
0.41532
-0.486887
0.975362
0.0951759
-1.24372
2.0725
0.326145
1.16787
-1.39722
1.68088
-0.476748
-2.05222
-0.828722
1.04873
-0.628265
2.52531
-0.81252
-0.207286
0.94619
-1.02346
-1.12028
0.386585
-0.92549
-1.11353
1.88876
0.414891
-0.143922
0.215138
-1.30973
-1.45907
1.09892
-0.0601795
0.155413
1.692
-0.049894
0.194041
-0.0880348
-1.0232
1.10875
1.28326
0.173113
0.216719
0.436707
-0.648192
0.519681
-1.56325
-0.200064
-0.213468
-0.381238
-0.51764
-1.58622
1.14497
1.37597
-0.203763
-0.814749
-1.43119
1.55869
1.5754
0.402892
0.867619
-1.34127
-0.397382
0.916052
-0.347595
-1.20312
1.41704
0.872272
-0.365999
-0.19513
-1.09828
-0.178321
0.15904
1.64243
-0.118532
0.373617
-1.42217
-1.06814
-1.71296
-0.705249
-0.529156
-1.17485
1.08366
-0.696166
1.53893
-0.124397
1.47846
-0.0625964
0.624196
0.656913
-0.197432
0.606916
-2.00434
-0.65485
1.36477
0.341316
-1.28884
-1.84907
0.992424
-0.470634
-0.889754
-1.82958
-0.109786
0.467456
0.220181
1.4642
-0.600899
-1.12541
-1.38796
-0.774418
0.253524
0.0345135
0.0392369
1.16874
-0.386052
-0.554344
0.293088
0.702221
-0.402124
-0.995876
-0.207654
-1.80563
0.768678
0.825849
2.83969
-0.325425
-0.126348
-0.14172
-2.1429
-0.654726
-1.61942
-0.129801
-1.20917
-0.13704
1.19943
0.747217
0.180043
0.0879987
0.778553
0.0475472
0.142156
0.402282
-1.09026
2.07685
-1.30617
0.240247
0.168915
0.435679
-0.672417
0.0248469
0.473854
0.232053
-0.845486
-0.287499
-1.82243
-0.13801
0.975052
-1.25981
-1.77007
-0.82711
-1.10261
1.11305
0.0516597
0.183218
1.32086
0.988626
1.16729
1.03245
1.51908
0.577892
-0.0246181
-1.56125
-0.384258
-0.558788
-0.200045
-0.369499
1.39086
-0.0994536
-1.54599
0.94171
0.028516
1.86432
-1.46327
-0.0396058
0.279598
0.777083
2.49017
-2.0523
-0.220922
1.91606
-1.60157
1.33707
0.706635
-0.623069
-0.561949
0.872232
0.698588
0.15366
1.6978
-0.528122
-2.16159
0.399485
-0.0537865
0.148204
1.78281
-0.969702
0.0838306
-0.551064
-1.13594
-1.10708
-1.1034
-0.00890012
-0.052402
0.658551
0.596647
-0.0457618
-0.273869
-0.758574
-0.506345
-0.349278
-1.4865
1.36426
0.0535938
0.0399827
-0.217097
0.117063
-1.00099
0.459948
-0.225367
-0.498708
0.637867
0.19958
-1.8312
0.20907
0.0340084
-0.0729899
0.807472
1.55806
-0.666751
0.0573914
-0.840512
-1.40206
0.331587
0.409882
-0.17641
-0.32794
2.1437
2.25466
-1.26428
1.34886
0.74041
0.0460903
1.40495
-0.613087
-0.0258064
0.12692
-0.547924
0.863024
-0.777243
0.318158
1.02343
-1.77864
1.56617
0.525108
-1.43697
-0.407812
1.01205
-0.352715
-0.475436
-0.773635
-0.0492844
0.389677
0.00894278
1.86547
1.55496
-0.224254
-0.0465867
-1.0254
1.00421
-0.511967
-1.45747
1.50856
0.00684698
-1.09512
0.997896
-0.0783134
-1.01897
-0.126016
0.782803
0.692498
0.761167
-0.49674
0.65764
0.194044
0.698642
1.00796
-1.37365
0.429678
-1.05812
1.44747
-1.23418
1.95936
-0.965725
0.786812
0.726056
0.61627
0.217134
-1.2049
0.061575
-0.233377
-0.875592
-0.318354
1.08396
0.119556
-1.93691
1.0459
-0.389415
-1.4169
0.270146
-1.10782
-0.396855
-0.581508
-1.07902
-1.27
1.34632
0.887309
0.0171066
-0.466195
2.10683
-1.01751
-0.58274
-0.818024
-0.22519
-0.260127
0.315807
1.53724
0.195135
1.45656
-0.182581
0.267672
-0.934071
0.309913
1.43051
-0.661563
2.34322
-1.62881
1.0987
-0.481031
-0.94948
-0.82229
-0.269896
-0.340835
-0.362996
-1.28192
1.31925
-0.458342
0.899733
0.5338
-0.763787
-0.138808
1.1755
-1.08507
0.64375
0.663422
0.280566
-0.103656
-0.560313
-0.429945
2.83905
-0.179344
0.197974
-2.24563
-0.559604
0.380248
0.506531
-0.296219
1.10057
-1.15571
0.0593374
-0.0856481
0.46187
1.3488
0.556274
-0.997687
0.704074
-3.0158
-0.157452
0.552084
1.36659
-0.00270788
-0.0536607
0.410578
0.0754778
1.48875
-0.355017
1.97314
1.18903
0.696761
0.860772
0.646015
0.561425
-0.909211
-0.0272461
-1.79442
-1.19605
-1.58456
0.186982
0.123825
1.53265
1.57451
0.733171
-0.16277
0.689666
0.701777
0.263406
-0.409699
-0.199092
1.42962
-0.199141
0.357518
0.528539
-0.150672
0.485759
-0.515038
0.52777
-0.665732
1.19434
1.11927
-0.0671764
-1.85768
0.809036
0.234175
-0.982774
-0.269325
-2.33488
-0.180682
0.88104
-0.251235
3.19866
2.2105
-0.310119
-0.456102
1.1743
0.376368
1.13574
-1.7475
0.615176
-0.894979
-0.381808
-0.446335
2.0698
2.6163
1.40162
-1.45911
-0.0259515
0.253974
1.38306
0.598451
0.514933
-1.89973
1.44066
-0.977423
-1.78369
0.148863
0.694213
-0.822631
-1.21191
-0.358247
2.23626
0.953671
1.6815
-0.775803
-1.04893
1.2318
0.635261
0.134055
-1.15481
-1.25568
-1.23352
-0.887149
-1.1664
-1.00072
0.0207054
-0.949288
-0.0795926
0.0720864
-0.260261
0.0977188
-0.324884
0.0440993
-0.32285
-0.0236187
0.756529
-0.971344
-0.896199
-0.406067
-0.290503
0.0289128
2.6156
0.149421
0.129304
-1.67299
0.544509
0.218072
0.7546
0.256385
0.228013
0.786464
-1.09972
-1.61666
-0.7831
-0.45723
-0.953271
-1.90888
1.24963
-1.13485
-0.798794
-0.208953
0.814537
-0.229594
-0.245371
-1.06035
0.663299
0.653125
-0.594113
0.727251
-0.240165
-0.99982
-0.849704
0.114092
-3.32878
0.396785
-0.808371
-0.991025
0.572965
-0.896599
0.00465652
-1.51038
1.70309
0.134013
1.06319
-0.407255
-1.20225
-0.281014
0.661082
-0.504923
-1.5284
-1.09901
1.39728
0.414493
-1.22038
-1.27095
0.812033
-2.51281
-0.000746814
1.18725
-0.194288
-0.427075
-0.159552
-1.1175
0.604911
-1.15484
-0.204853
0.823777
-0.984832
-0.0843685
-0.0799569
-0.419365
-0.303425
1.07574
0.889115
1.30658
2.19049
-1.04636
1.22121
1.2942
-1.30686
-1.32071
0.954069
0.453925
1.51852
-1.43976
1.03533
0.03812
-0.871695
0.731459
-0.528434
0.845774
-0.212058
-0.243904
0.168952
0.844897
1.10202
0.865722
-0.501535
0.976444
1.92955
0.850583
0.165366
0.290411
-1.18628
-0.748368
0.536146
-0.617604
-0.0306306
2.09397
0.713429
0.626821
-1.19442
0.568852
1.5135
0.211939
0.400124
-0.325054
0.852033
0.861494
-0.259543
-0.69184
-0.0754477
0.5902
-0.605186
0.442637
-0.197529
-0.798597
0.170768
-0.148006
-0.533719
0.651037
-1.27895
0.550626
-1.23683
0.255985
0.762204
-1.47402
0.19036
-2.04272
-0.602333
0.700666
-0.561534
-0.154616
-0.63186
-1.21119
-2.77531
-0.415289
-0.377521
0.413995
-0.29225
-1.16382
1.39768
0.715414
0.82005
-0.80245
-2.08089
1.15414
0.0381691
-0.0924882
0.40598
-0.397177
0.717079
-0.462734
2.09671
0.337759
-1.38854
-0.525303
-0.740893
-0.814821
-0.953231
-0.560643
-1.49928
-1.46702
0.387309
-0.456593
-0.977508
-0.476884
0.948682
0.24469
0.477652
-0.784978
0.933442
-0.498976
0.373104
1.18406
0.160031
-0.303664
0.873703
1.02787
-0.944075
0.168553
-1.58691
-0.287006
-0.201758
-0.130192
1.30166
0.294783
1.19215
-1.38952
0.968995
-1.69689
1.40601
0.445574
-0.113918
-0.0788441
1.50136
0.0246875
0.638011
-0.12061
0.753677
0.0342887
0.546126
-0.11825
0.897216
-0.919513
0.141212
-0.617411
-0.672367
0.779329
-1.02137
1.71437
-0.680204
0.925086
0.370706
-0.264567
-0.390118
-0.492259
0.597193
0.414495
1.03859
0.110364
-1.24439
-0.400854
-0.470403
0.493321
-1.00329
0.691903
1.03901
-0.0826921
-1.05572
0.966401
2.64264
-2.30903
0.686113
0.748195
1.74102
0.206353
-0.245815
2.32161
0.318381
0.552787
0.180432
0.343994
0.20074
2.37711
-0.816993
-1.93868
0.106142
0.256497
2.83854
-0.0888401
-0.771681
0.10008
2.33181
-0.0920199
-1.14069
1.82376
0.267293
-0.838143
0.0180024
-1.43479
-0.0854111
-1.01006
-0.132546
-0.970237
1.80444
-1.98793
0.816096
1.70058
-2.01248
-1.4439
0.0298962
-0.998924
0.432172
0.305788
0.509406
0.0402881
-1.00678
0.303499
2.15464
-1.35506
-0.636848
-0.639757
0.0340718
-0.307522
-0.467854
1.33779
0.802041
-1.49622
-1.96787
0.528922
0.103869
-0.936901
0.871112
0.47974
1.33738
0.437297
0.0981239
-0.40397
0.0504781
0.845797
-1.02761
0.456536
0.0459153
0.284003
1.06677
-0.396351
0.124308
1.00947
-2.32563
0.3052
-1.57363
-0.0371379
-0.14766
-0.06985
1.88707
-0.401594
-2.27842
0.649655
-0.266988
-0.848212
-0.835044
-0.970245
-0.200897
-1.11949
-2.92328
-0.587593
0.0148531
0.711363
-0.108486
-1.31219
-1.3878
-0.0204597
0.0528527
-0.0307868
0.00905898
-0.29415
-0.326622
-2.07429
-0.112411
0.930587
0.97453
-0.542046
0.664254
0.173597
-1.12011
0.1217
0.182921
-0.181818
-1.79023
-1.06807
1.38085
2.36195
1.89959
0.378813
1.02447
1.36825
0.163038
1.48373
0.713839
-0.936573
-1.22541
-0.160646
-0.262162
0.655111
0.649213
-0.390917
-0.675845
-0.842476
-0.247905
1.31132
-1.18529
-1.3469
2.80678
-0.117061
0.793047
0.0281684
0.582997
1.57951
0.377263
0.073648
0.954442
-0.930224
0.777631
-1.40809
0.105722
0.275109
-0.285997
0.0542297
0.208076
-0.0698479
0.694507
-0.737416
0.80958
-0.800914
-0.191463
-0.0945262
-0.000203541
-0.372463
-1.65609
-2.21217
0.763869
-2.04522
-0.392245
-0.553201
-0.258034
1.04695
0.614903
-0.551803
0.492571
0.816439
0.275142
-0.834456
-0.175178
1.52547
1.06831
-0.922499
0.0857014
1.11549
-0.505194
0.233503
-2.06254
0.283106
1.74907
0.125669
-1.38671
0.128949
-1.2771
0.217222
1.14981
0.491637
-1.20873
-0.528952
1.4042
0.373729
0.230927
0.747953
-0.424387
0.212673
0.228767
0.85574
1.04186
-0.57875
0.531501
-0.447571
1.17369
-0.255327
-0.177617
-0.93041
0.685992
0.733954
0.0577192
0.0216766
0.167203
0.624936
-0.711525
0.845637
-0.205357
-0.575338
-0.578938
-1.60313
-0.188464
0.233195
0.0209314
0.207166
-0.769601
0.063514
-0.748569
0.858197
0.0748676
-1.31255
1.388
1.241
1.03183
-0.510703
0.633786
-1.65637
-0.648747
-0.99293
-0.609477
0.0721228
-2.45722
-0.847021
1.16044
-0.857228
-0.320932
0.203284
0.602989
-0.551528
1.24656
0.18596
0.241862
-0.624788
-0.119065
0.491513
-0.0120135
0.0542129
0.538403
-2.00308
0.49078
-2.03154
-1.15348
0.582567
1.35289
-0.896611
0.0345762
1.00506
0.116027
-0.994843
-0.0967633
-1.19938
0.448353
1.30792
-1.44053
-1.35675
-0.733251
-1.20929
-0.678449
-1.05239
-0.604257
0.258323
0.906762
0.418822
-0.202507
0.449033
-0.972902
-1.2557
-0.0534378
1.81674
-1.75473
-1.80508
0.580707
0.146832
-0.771387
0.246227
-0.760897
-0.614848
-0.114009
-0.218937
0.99766
0.904459
2.61574
1.3245
0.298676
-1.87528
0.390921
0.25315
0.322203
-0.256078
0.537606
0.784533
-0.00596502
0.0223128
-0.861886
-1.29685
-0.815021
-0.378608
0.549555
-1.86679
0.951003
-0.609647
-0.345213
-0.329433
1.06394
-0.0415633
0.544126
-2.90837
-0.245787
1.15249
-0.277516
-0.0318949
-0.286325
0.799819
-1.29178
-1.40483
-0.19513
0.186545
0.0512862
0.00185454
0.277065
2.40026
1.09104
1.01719
1.39153
0.35108
-0.584662
0.621793
-1.17232
1.31345
-1.21469
0.802362
-0.728259
0.435433
-0.340294
-0.186633
0.284913
-1.90163
-0.240037
1.15656
-0.0873871
0.389691
0.56366
-1.36995
-1.82991
-0.150064
-1.09153
0.498693
-0.153355
-1.06249
0.0461887
-0.0822918
2.0243
1.81227
-0.365296
0.418972
-1.35447
-0.476195
0.625478
-1.63104
-0.464118
-0.558137
-0.201261
1.43682
-0.428057
0.406139
-1.54739
-1.32747
-0.352165
-0.166792
-0.160123
0.502635
0.0459275
-0.131943
-1.56675
0.673698
-0.234818
0.574697
-0.741129
-0.891736
-0.243176
0.564764
0.130439
0.389912
0.35482
1.27575
1.14726
-0.37669
-1.98582
-0.442058
0.223668
1.48768
-1.26306
0.224995
1.20278
-0.258675
1.38425
0.110646
1.32837
-0.812191
0.958211
0.296892
2.6532
1.60841
0.624527
-1.26814
-1.91109
0.618743
1.6819
0.588551
-1.28042
0.667591
1.28606
-1.47198
0.441566
-0.0114052
-0.258401
0.561458
-0.948396
-0.789778
-1.51358
-0.227462
-1.08988
1.19296
-0.331651
-0.714091
-0.0996687
0.620854
1.29354
-2.2209
-1.16444
-0.178371
1.89818
-0.82025
-0.960724
1.05988
-0.600269
0.181697
0.916847
1.08513
-0.649471
-1.77184
0.143854
-0.111423
-0.0655161
0.162132
-0.346136
0.421623
-1.06744
0.214822
0.2459
1.24947
0.992249
0.374458
0.0637272
0.610802
0.802513
-1.16359
-0.118146
1.19655
-0.847662
-1.81103
-1.31068
0.222312
0.500358
-0.0291591
-1.16886
0.41224
1.4668
1.32434
0.312739
-0.116267
-0.779334
0.551818
0.222457
0.385172
0.845824
-0.243286
0.770244
-2.02216
-0.20174
2.04826
-1.85502
-0.820498
1.19887
2.45692
-0.721535
-0.44326
-0.308263
-1.0493
1.2986
-0.81659
1.74519
-0.598528
-0.0615588
-0.510831
-0.446796
-0.230035
1.00554
-1.0112
-1.57245
0.121079
0.98537
-0.423686
1.08275
-0.769166
0.179532
1.77725
-0.478794
1.73577
0.531527
0.390865
-0.697823
0.190154
-0.150674
0.547885
1.63759
-1.76329
0.705926
-0.535284
-1.44373
-0.994683
-0.340129
0.248301
2.00722
-0.288239
-1.29743
0.498796
-0.69254
-0.977632
0.408333
-0.351212
-1.48239
0.699179
-0.464172
-0.136953
0.528466
-0.586203
0.333737
-0.59524
-0.967012
-0.60888
0.637469
0.352942
-1.04834
-0.5497
0.611381
-0.430273
-0.45108
-0.67765
1.45759
-1.41611
-0.236502
1.41308
1.97414
0.733135
-0.815563
-0.0248211
0.781581
0.851269
-1.94866
0.0323689
-1.51002
1.05637
0.105465
0.585595
-0.307036
1.12693
1.27934
-0.3466
-1.37105
1.09002
-0.672855
-1.5222
0.312352
0.000814367
-0.42011
0.942419
0.509128
-0.0506571
-0.0511724
-0.14251
-0.538757
-0.239488
-0.696886
0.909107
0.823411
0.234028
-0.393338
-0.0121779
-0.547738
-1.52525
0.965858
-0.267561
-0.721817
1.22939
2.55202
-0.865248
-0.103819
1.02316
-1.26689
0.456978
-0.043887
-2.4643
0.118064
0.380594
2.23496
0.844556
-1.49152
-1.42688
-0.589045
0.121188
-1.68305
0.551702
1.49957
1.09482
-1.31877
0.398084
1.34519
0.856028
0.909711
-0.0456535
-1.50646
1.99931
-0.618518
-0.726077
-2.17844
-1.08329
-2.32119
-0.188943
0.348619
-0.0831376
0.457544
-0.175632
-0.95889
-0.925553
-1.69635
-2.68623
0.368477
-1.13372
1.4342
0.169729
-0.100751
-1.13904
0.430462
-0.70765
0.595636
-0.892803
-0.792356
-1.45554
0.699199
0.416239
-1.01844
-1.40959
0.497394
-0.205773
0.257003
1.26355
0.588495
-0.34884
-0.92349
-0.0300695
0.356009
1.07185
1.22685
-1.15504
-0.0634622
-0.61746
-1.19988
0.903068
0.996864
0.0923007
0.272123
1.44327
0.990748
-1.68058
-0.51536
0.464724
-0.324859
-0.400811
-2.80979
1.66129
-0.781151
-0.0187482
-0.639941
-0.32954
2.34601
-1.70074
-2.4021
0.133141
1.31105
-0.41434
0.699024
-0.470648
0.446894
-1.20209
0.930068
1.3172
-0.0410855
-0.72789
-0.741497
1.72321
0.236802
0.967943
1.73887
0.574383
-0.254617
0.495458
-1.72007
1.22684
0.108054
-0.910344
-0.134132
-0.105589
0.041916
0.611378
1.38473
1.32473
-0.920705
1.57265
0.622271
-0.68132
-1.08136
1.10715
-1.01121
0.207373
-0.492212
-1.28559
-1.46045
0.79982
0.879887
-1.34778
1.13745
-0.150867
2.32269
1.54517
-1.24006
-0.178735
-1.21839
-0.458462
-2.82796
2.02515
0.202511
-0.780493
-0.361441
1.69769
-1.20389
-0.360025
2.00431
1.212
-0.187082
0.370825
-0.418853
2.14071
-0.389726
-1.44088
0.139947
-0.384468
0.179048
1.13181
0.444449
0.00518151
0.0563845
-1.62541
0.920861
-0.449475
1.43111
-1.31607
0.216098
0.866387
0.480734
0.666113
-1.65955
-0.560318
0.0055736
-1.41192
-1.48851
-0.581879
0.919583
2.63604
-1.72311
2.2206
2.45728
-0.0125098
-0.847613
0.484415
-1.88924
0.787808
-0.856629
0.651412
-0.257113
-0.378132
1.50913
1.41626
0.626327
0.020848
-0.416261
0.373231
-0.38229
-0.805776
-0.500914
0.509418
-0.372514
0.0888997
1.34885
1.90157
0.26047
-1.52377
0.249214
2.15911
0.078026
-0.590623
1.85927
1.01628
-0.664652
1.82114
-0.833173
-0.708897
0.936503
-0.272466
1.0028
1.57084
-0.523675
-1.91712
1.28542
-0.414613
0.882978
-0.891625
2.17091
-0.671711
-0.166021
0.140622
-1.37783
-0.64816
1.71493
-0.0253537
0.490057
-0.197855
0.161234
-0.774823
-2.14412
-1.36067
1.09311
-0.893397
0.438309
-0.0641133
-0.837417
1.48147
0.876725
0.447412
0.0915215
1.13209
-0.960389
0.183723
-0.159568
0.633377
0.97874
-2.46792
0.129116
-1.55032
1.5916
-1.46709
0.508039
-0.190072
-0.184189
2.51142
0.571976
0.21896
1.08201
-1.21542
-0.587861
0.688427
-0.978837
-0.242446
-0.62389
-0.219513
-0.59633
-0.954226
0.148623
-0.541395
-1.97517
0.260223
0.891526
0.917845
0.172132
1.58507
-1.38959
-0.66502
0.835833
0.490316
-1.64134
0.0833362
-0.179833
-0.0797929
0.415837
0.140925
1.56634
1.09562
-1.03718
-0.419129
-2.57787
0.608132
0.0698739
-0.235558
-0.768643
2.0687
-0.829338
0.271028
-0.64411
0.886273
-0.319294
-0.320683
0.0363581
-0.0784768
-1.17098
-0.708913
-0.952449
-0.00577362
-0.0843319
-1.68555
1.48103
0.604122
-0.372311
0.00146004
-1.49032
-1.16193
1.07729
-0.936799
-1.07883
1.65964
0.690009
0.291384
2.29173
1.09245
-0.83859
1.51069
-0.707877
-0.137267
1.37434
0.123465
1.81655
0.322948
-1.87199
0.659206
0.782566
-0.184941
-0.823223
1.05004
-0.445506
-1.0893
2.51478
0.755984
-0.991256
0.373254
-0.784549
-0.627266
-1.43051
-0.7344
-0.693698
0.60686
-1.83911
-0.35044
-0.425319
2.05837
-1.12103
-0.371607
0.842794
1.95372
-0.297231
-0.177091
0.531896
1.67387
-0.469964
-0.441785
-0.198501
0.0787506
-1.54955
0.680962
0.459498
-0.45334
1.35588
-0.0278892
-0.52385
1.87817
-0.396022
0.190917
-1.136
0.474792
-1.58978
-0.617632
-1.00898
1.25218
1.6757
0.334129
0.718163
0.134263
-1.23097
0.157009
-1.6441
-0.773324
1.14062
0.60254
0.482939
-1.24514
0.305166
-0.628583
0.413027
0.721903
-0.117655
1.27517
-0.23779
-0.164062
0.661516
0.0382324
-0.632707
-0.708442
1.04222
-0.115974
0.337413
-1.10061
-0.879097
1.19205
0.350774
-0.156557
-0.683108
-1.36437
-0.461794
0.284629
0.340668
0.56124
0.956862
-0.671299
-0.839449
-1.05257
1.01457
-0.0777872
-1.38401
-0.150136
0.184029
-0.107156
-2.97076
-1.26491
-1.06112
-0.550502
-0.291021
0.463332
-1.05012
-0.682303
0.972709
-0.520913
0.803439
-0.175328
-1.36792
-0.454047
0.507193
-0.207463
0.393004
-0.135773
-0.674203
-0.402124
0.218903
-0.137483
0.422506
-0.103879
-0.157823
1.58439
1.31058
1.3501
-0.477957
-0.101691
-0.257711
0.172032
-0.370357
-0.729134
0.760541
-1.89501
0.578645
0.241755
-0.494193
1.66112
1.91175
0.364056
0.427764
-1.36701
-2.42107
0.002603
-0.384948
0.398523
-0.0681616
0.388332
-0.272172
0.581618
0.599653
0.319687
1.2366
1.53275
-0.0325299
0.635969
-2.12063
1.11697
0.504909
-0.998729
-0.537365
-1.74626
0.039321
-0.222031
-0.329746
0.365473
0.00382561
2.27612
-0.961827
0.645817
0.129018
1.09868
0.668977
0.366087
-2.10115
0.81089
-0.71744
0.780415
1.98592
0.685693
1.74075
0.223999
0.300137
-0.374909
-0.329593
0.393136
0.0458878
-1.27307
0.980318
1.95026
0.307197
-0.792224
-0.0552232
-0.0949388
-0.825271
0.26747
1.49276
-0.359865
0.620839
-0.608034
0.339684
0.144787
0.00412203
0.600863
0.204917
-0.0238833
0.439701
2.02435
0.451005
-1.86737
-1.21398
0.899564
-1.48022
0.774193
0.603096
-1.22451
0.659679
0.796725
0.983528
-0.413313
0.422435
-1.71536
0.857321
0.63469
-0.808074
-1.22743
0.143557
-1.42116
0.0748001
0.216144
-0.654676
0.332468
-2.95619
1.13939
-0.407479
-1.94709
-0.306572
0.971406
-0.444261
0.86394
-0.205844
0.477102
-0.0247046
0.371803
-0.969079
0.659112
0.648966
-0.348603
-0.415081
0.26846
0.957636
0.689987
-0.530337
0.63822
-0.442274
0.472401
1.95111
1.47817
0.137738
0.1698
-0.398796
0.110099
-1.45024
-0.832897
-0.0546106
0.544121
-0.401742
0.129722
0.803425
0.397055
0.375173
1.26065
-1.64783
-1.12648
-0.696818
-0.0673469
-0.15892
-0.584017
0.588512
1.30154
0.369669
0.567608
1.24095
1.77764
0.41893
-0.829268
0.160132
-2.30523
-0.03679
-0.260847
0.955054
-0.478363
-1.59451
0.502425
-0.0448283
-1.46782
-1.8114
1.44031
1.43862
1.16877
-0.2955
0.584172
0.0152138
0.314509
-1.06079
-0.989897
-0.841821
0.813899
1.45259
-0.534067
1.22704
-0.184789
-2.45573
0.440738
0.228968
-0.090499
-0.815265
-1.28159
0.0350777
0.061257
-0.253453
-2.33527
-1.2984
-0.151864
0.489847
-0.0829172
-0.00218121
-0.386311
0.768288
-0.677328
0.0509006
0.0996311
-1.01607
