-0.696937
0.473071
0.445763
0.224047
0.415077
0.0983283
0.561833
-0.159765
0.378508
0.93198
0.736484
0.496906
0.00739353
0.169371
-0.137837
-1.4984
0.346016
-1.02669
0.775893
0.0381673
-0.100691
-0.315988
-0.104084
-0.443917
0.301458
-0.226388
-0.486305
0.109136
0.61318
-0.206267
-0.560383
0.203667
0.356532
-0.189922
-0.225191
-0.0460769
0.886355
0.219121
-0.180531
0.291686
0.157996
-0.321489
-0.388853
-0.144972
0.611994
-0.141211
-0.281653
0.550587
-1.24259
-0.411966
1.13386
-0.584993
0.494654
1.06702
-0.535519
-0.923938
-1.20337
1.12999
0.592751
0.0770715
-0.626141
0.841748
0.292908
1.53963
0.100755
0.437948
0.936213
-1.21013
0.570648
0.588415
-0.153818
-1.12022
0.980865
-0.673872
-1.4725
-0.0838163
0.431568
0.463434
-0.808941
0.875529
1.04382
-0.443543
0.0987904
0.436441
0.31802
0.044008
0.647321
0.0259917
0.415852
0.750121
-0.75615
0.222254
-0.0671745
0.165027
-0.0117254
0.930805
-0.184116
0.0667871
0.959626
-0.762016
-0.0385941
0.613897
-0.873124
0.502103
-1.63723
-0.411905
-1.22486
-0.157787
0.101446
-0.00184908
0.486432
0.591439
-0.192735
-0.403976
0.386869
1.12247
0.130177
0.50156
0.323968
-0.128913
0.632916
-0.309624
0.20106
-0.620303
-0.171449
0.320188
0.543642
-0.084734
0.247748
-0.772875
0.328303
1.28884
0.215951
0.145946
0.0301322
0.346053
0.129569
-0.0605394
1.49131
-0.12661
-0.34957
-0.230874
-0.10194
1.22695
-0.0397123
0.00809617
1.16879
0.521849
-0.81927
-0.294432
0.642428
-0.301686
-0.686478
0.273946
0.139209
-0.833926
0.986114
-0.0502798
-1.08031
-1.22835
0.525205
0.228534
0.811985
0.281577
-0.429796
-1.04999
0.844326
-0.352681
-1.02074
0.0280599
0.126581
-0.112194
-0.281329
0.560568
0.0296771
0.237345
-0.909159
0.331765
-0.345138
-0.12021
-0.57666
0.180156
-0.823392
0.163744
-0.487629
-0.66653
-0.835923
1.13835
-0.571739
-0.201678
-0.588116
-0.986376
-0.279057
-0.132448
0.741005
-0.337445
-0.105811
0.839441
0.281963
0.262634
0.157527
0.878837
0.430198
0.183747
0.888735
0.236807
0.397431
-0.0583251
-0.22617
-0.548387
-0.352282
0.171904
0.14043
1.14567
-0.29948
0.0163766
-0.125171
-1.65139
0.221219
0.663939
0.369779
0.0670676
-0.832325
-0.227618
-0.15735
0.539433
-0.197887
0.837046
-0.317679
-0.217269
0.0563273
-0.464811
-0.167271
0.111387
-0.162151
0.342981
-0.933296
-0.0863212
1.1276
-0.115949
0.562075
0.517402
-0.259433
1.24605
0.555827
-0.60659
-0.747395
-0.697449
0.884461
0.0144608
0.392166
0.0188332
0.609332
0.141691
1.24591
0.268367
-2.31449
0.584768
0.699924
-0.00579968
0.207869
-0.71081
-0.57674
0.576369
1.1327
-0.536187
-0.143947
0.0708241
-0.568312
0.263424
-0.0632255
-0.0526135
0.368228
1.2592
-0.293076
0.656753
0.378433
-0.478983
1.39421
0.987008
0.309186
0.154107
1.35222
0.195012
0.117153
0.196427
-1.13856
-1.53377
0.820064
-0.00435874
-0.923756
-0.0172571
0.269026
0.677908
-1.21987
0.205111
-0.808369
-1.19484
-0.600247
0.436658
1.02184
-0.444606
0.903341
-0.268807
-0.169354
-0.0809494
0.0234535
-0.899625
-0.663539
-0.0271526
-0.329198
-0.0619583
1.27046
-0.397847
0.319385
-0.223378
-0.638632
0.763475
0.00571266
1.07287
-0.28905
-0.600262
0.0541541
0.0356111
-0.567238
0.245123
0.711728
-0.0862364
0.275514
-0.484439
0.312725
0.411776
-0.196598
0.546485
1.66587
1.17055
-1.35406
0.492034
0.0297124
-0.895547
-0.244287
-0.479618
-0.00877652
-0.884698
-0.244286
0.498207
-0.0798903
-0.548652
-0.0959125
0.827088
-1.03805
0.642663
-0.118743
-0.0537316
-1.31073
-0.218322
0.00776012
0.146496
-0.84522
0.102289
0.0539669
0.296075
0.312799
-1.21413
-0.11873
-1.35108
-0.214213
0.0892697
-0.893948
0.0276259
-0.330653
0.279146
0.600664
-0.897317
-0.171311
-0.66643
-0.582116
-0.424499
-0.707398
1.88549
-0.695966
-0.285303
-0.370884
-1.3834
0.161041
-0.119453
-0.278506
0.501811
0.522309
-0.288758
0.464577
-0.103045
-0.436881
-0.636629
-0.648366
-0.488699
0.83615
0.730831
-1.48341
-1.25345
0.029341
-0.363701
-0.605972
0.357952
-0.226708
0.0360487
0.254421
-0.457401
1.13618
1.32236
0.568723
0.108386
1.0925
-0.462405
0.733556
-0.123603
1.10922
0.0478713
0.295511
-0.854595
-0.175381
0.837854
-0.619254
0.654403
0.0426592
0.100945
-0.230979
-0.699944
-0.444639
0.0166222
-1.01495
-0.363182
-0.230997
1.43739
-1.10563
-1.39469
-0.665218
-0.750656
0.938202
-0.862934
0.168005
0.483502
-0.44029
-0.707405
0.201557
-0.341551
-0.0433192
0.172831
-0.362952
0.684378
-0.784807
0.129755
-0.820911
-0.154966
-0.590063
0.737181
0.12962
0.500531
0.186115
-0.452855
-0.656646
-0.890392
-1.36826
-0.619703
-0.986124
0.399888
0.31533
-0.0717613
-0.639313
1.75766
0.121733
0.732841
0.57623
0.147241
-0.572777
0.204813
0.287614
0.375368
-0.959606
-0.51642
-0.484441
-1.21136
-1.60875
-0.126644
0.445296
0.382282
0.474146
-0.2389
0.266726
-0.731953
0.782521
-0.0561464
-0.294583
-0.187736
0.275341
-0.142457
0.986965
1.05045
-0.571481
-0.731079
0.448076
0.0993996
1.02066
-0.106253
0.321219
1.01676
0.203357
-0.507057
-0.0197322
-0.052909
-0.66617
0.0374161
0.0782198
0.584682
0.863732
0.463529
-0.169325
0.30692
-0.313969
0.233074
-1.03083
-0.153636
-0.994521
0.224639
-0.243694
0.0827436
-0.70399
0.461899
-0.448342
-0.431241
-0.64324
1.39575
0.571378
-1.08315
0.679732
0.805628
-1.08275
0.0373276
0.942294
-0.391275
-0.372772
0.0320898
1.14316
0.987704
0.305629
0.682517
0.752712
-0.338109
-0.182941
0.378683
0.812193
-0.0358595
0.982267
0.197321
-0.800741
0.949873
-0.561454
0.123956
0.137492
0.236038
-0.860639
0.262127
0.608538
-0.386961
-0.19132
-0.602676
0.116002
0.92657
-0.0811836
0.285436
0.879633
0.52946
-0.182714
-0.00670068
0.536186
0.23472
0.182151
0.810431
-0.300518
-0.415175
-0.221433
0.746482
0.660177
1.30462
0.499461
0.557932
-0.50904
-0.871105
-0.545266
0.206414
0.585669
-0.395551
0.191242
0.518066
-1.08634
0.105337
-0.380719
0.650605
1.02007
-0.779133
-0.543533
-0.324419
0.399355
-0.459343
0.634622
-0.0860231
1.46863
-0.357601
-0.0165699
-0.141366
-0.0558218
0.999984
1.02223
-0.802664
-0.923347
0.103617
0.00227336
1.2987
0.00988174
0.753904
-0.428826
-0.159228
0.97227
-0.700151
-0.180306
0.0867914
0.532726
0.0548424
0.262845
0.304226
0.871126
-0.940286
0.0769048
-0.377088
0.663968
0.530289
0.59822
0.272521
0.95892
-0.490875
0.266623
-0.0390938
0.19052
-0.942999
-0.654859
-1.01381
-0.932814
0.0682197
-0.892563
-0.9241
0.909213
0.488763
-1.67977
-0.861603
-0.269928
-1.14108
0.322274
-1.40571
2.10311
0.43117
-0.591091
0.425016
1.48539
0.872167
-0.553823
0.144754
-0.0208517
0.288753
0.347163
0.333923
0.269364
-0.839195
-1.61354
-0.0412244
-0.301336
-0.171767
0.452214
-0.0846613
-0.131549
0.846812
0.379148
-1.20382
-0.233092
-0.146046
0.181711
0.840827
-0.620718
-0.40347
-0.320078
-0.823084
-1.14156
0.837735
0.435944
0.750505
0.078709
-0.345062
-1.20275
-0.110819
-0.259051
-0.485365
-0.249087
0.830215
-1.18944
0.405331
-0.679845
-0.484657
1.15143
-0.629955
0.24607
-0.274073
0.0688877
-0.298398
0.364294
1.52115
-0.212357
-0.635215
0.839372
0.180049
-0.0972067
0.351902
0.117692
0.654305
-0.9983
-0.0675714
0.489921
-0.372741
-0.443891
0.27108
-0.128159
0.384505
-0.0835305
-0.0906477
-0.341231
-0.15585
-0.367762
0.032911
0.716101
1.16266
1.34286
0.10685
0.80268
-0.281298
-0.212324
-0.551979
-1.15418
0.136451
0.395236
0.887159
-0.0253108
-1.14115
0.405351
-0.654125
0.248682
-0.943444
0.490131
-0.967032
-0.184375
-0.0599381
-0.76998
0.352193
-0.551836
-0.0126574
-0.221889
0.0634972
0.549104
1.05158
0.658731
-0.153604
0.593568
0.545063
0.223218
0.609366
-0.421252
0.457788
1.12809
0.304556
-0.274063
-1.11531
-0.355502
0.0244174
-0.48284
-0.370911
-0.853562
-1.1595
-0.119629
0.936063
0.420065
-1.59488
1.78692
-0.170813
-0.2761
-0.709276
-0.746491
-0.658462
-0.155585
-1.11802
0.212547
0.808006
-0.686735
2.02194
-0.461854
0.46866
0.422469
0.438211
0.874044
0.11511
-0.671484
0.698274
-0.156153
0.245884
0.17128
0.542529
1.25825
0.263458
0.431632
-1.23842
0.197552
0.88918
0.0319753
0.695426
-0.260121
0.192197
0.591
-0.851139
-0.090274
0.727573
-0.0933243
0.265461
0.670339
0.0259363
1.97146
-0.999874
0.648422
1.0685
0.0486558
0.955488
0.687798
-0.0482505
0.193129
0.276544
-0.624347
-0.293134
-0.282393
-0.621278
0.167787
0.117321
-0.491139
-0.172564
-0.20447
-0.0644444
0.889325
-0.602084
-0.19272
0.213964
0.341791
0.385595
1.3436
-0.228908
-0.965853
0.487462
0.246323
-0.0883266
-0.604123
0.651494
-1.30697
0.379128
-0.0178949
0.518764
-0.217948
-0.112339
-0.958041
0.583333
0.0306266
-0.654822
0.479409
-0.272222
-0.155547
0.295625
0.555026
-0.0177853
-0.252907
-0.376121
-0.411306
-0.17366
-1.43717
-0.593131
-0.168365
0.129011
0.867793
-0.174335
-0.227727
0.448268
0.99259
0.928526
0.688702
1.0871
0.0723037
0.523801
0.0897698
-1.04553
-0.190137
0.436374
0.607792
-0.175211
1.02575
0.503643
1.96114
-0.169986
0.654473
-1.31939
1.06396
0.511712
0.261658
-0.558218
0.427547
-0.362381
0.455788
0.482583
0.499732
1.24566
-0.544869
1.20341
0.960821
0.287521
-1.07253
0.308913
2.28871
-0.0425315
0.0375841
-0.299132
-0.0380709
-0.596917
-1.03289
-0.829708
-0.0686223
-0.776445
-0.832004
0.739626
-0.00584167
-0.013875
-0.540806
0.0759966
0.27446
0.142555
-1.00226
0.733311
0.266459
0.481652
-0.612122
-0.141425
-0.17539
-0.0685174
0.892661
0.835591
-0.24159
0.862983
-0.701919
0.224094
-0.553762
0.28634
0.474018
-1.0002
-1.48786
-0.377872
0.310309
-0.398899
1.15977
0.717537
0.570965
0.261499
0.0898635
-0.621683
0.433793
-0.2575
0.611778
1.13653
-0.326399
2.29332
0.0285217
-0.34211
0.0922333
-0.723009
-0.19437
0.0970899
-1.30201
0.306521
0.129305
-1.24955
0.813408
0.506581
0.692369
-0.383005
0.693876
-0.366757
-0.584899
1.3306
-1.20284
-0.278252
-0.263613
0.751565
-0.670591
-0.858196
-1.63343
-0.491052
-0.521442
0.896422
-0.0367376
-0.0100924
0.934108
0.38164
0.363454
-0.20976
0.588526
-0.3407
-1.44464
-0.675996
-0.174602
-0.494666
-0.759134
0.0258461
1.00038
0.555769
-0.607973
-0.712735
0.0111637
0.0225789
0.181533
-0.433483
0.827627
0.866975
-0.519169
1.06909
-0.817724
0.0755172
-0.463636
-1.62572
-0.433513
0.49071
0.755806
0.770316
-0.519999
0.0450598
-0.106565
-0.204532
-0.490817
-0.707303
-0.128973
-0.133618
-0.401077
-0.444296
0.640592
1.01581
0.105751
0.57603
0.644141
0.295506
0.329516
-0.22435
-0.110896
0.175954
0.713818
-0.778751
1.05624
0.169701
-0.221644
-1.03555
0.939325
0.714736
-0.597471
-0.475013
-0.2168
0.219686
0.135852
-0.21038
-0.957137
0.366282
0.760674
-0.410322
-0.307275
0.324871
0.264297
0.776616
-0.189847
1.0976
0.391707
-0.859892
-1.27042
1.41722
-0.305157
0.470283
-1.07103
-0.133078
0.867519
-0.261624
-0.291058
0.800584
0.0728077
-0.214838
0.499391
1.019
-0.568473
-0.603875
-0.626889
-0.940841
-0.225789
-0.456634
-0.381063
-0.156997
0.253895
0.341196
0.0881198
0.43112
-0.903475
-1.13115
-0.37673
-1.11127
-0.886007
1.5541
-0.212364
0.69409
0.713949
0.19389
-0.0800966
0.119689
0.232989
-0.526289
-0.738321
0.886722
0.282645
-1.21899
0.352341
0.134372
0.730656
0.442632
0.00733827
-0.160375
-0.339075
0.620726
0.181316
-0.0616233
-1.01731
0.0341071
-0.836061
0.20049
-0.0838031
0.388493
0.393731
-1.05358
1.08241
-1.00905
0.722115
0.00119933
-0.130169
0.772395
-0.958447
0.764645
-0.259322
0.409295
-0.129952
-0.145806
0.408974
0.676925
0.233225
-0.339626
0.162851
-1.2196
-0.454119
-0.0566556
-0.0812624
0.526868
-0.334652
-1.42358
0.126448
-1.19319
-0.440556
0.58449
0.353758
0.176013
0.604398
-0.175892
0.875115
0.781188
0.249489
0.35875
0.371203
0.464552
-0.920694
0.421995
-0.427659
-0.0955014
1.5078
-1.43522
-0.0688911
-0.288837
-0.687751
1.3056
-0.908666
1.03249
-0.319706
-0.0409575
-0.305632
0.996976
-0.262373
0.47783
0.320772
-0.649735
-0.589806
0.284394
0.659463
0.065492
-1.03155
-1.16482
-0.114046
0.699599
0.0593237
0.813997
-0.465218
0.270418
-1.08582
-0.224879
-0.664227
1.11463
0.045963
-0.435442
-0.301511
0.0309548
-0.331934
0.0994767
-0.589301
1.46111
-0.344228
0.939036
0.646906
-0.290809
0.0353231
-0.199775
-0.178257
-0.209994
-0.659656
0.606262
-0.526821
0.187771
1.63112
0.63382
0.894391
-0.767167
-1.00812
0.985882
-0.28251
0.643577
0.496807
0.391701
-0.702552
-1.25093
-0.742784
0.913864
0.787055
-0.010959
-0.26829
-1.23368
-0.160509
0.0859353
-0.3865
-1.19674
-0.202682
0.191407
-0.287393
0.150152
-0.764711
0.641311
0.7068
0.28111
-1.49002
0.534218
0.161514
-0.699216
1.0168
-0.555836
0.13153
-0.0608489
0.195987
-0.22835
0.04081
-0.205941
-0.00332601
0.651591
-0.777839
-0.189804
0.481386
0.290099
-0.686338
-0.202348
0.696406
0.248866
-0.369135
-0.925899
-0.183064
0.582982
-0.198105
0.398445
-0.666301
-1.20719
0.918619
-0.386175
0.51501
-1.1123
0.970086
0.211739
-0.588641
-0.316724
-0.4059
-0.455506
0.131631
-0.725445
0.672356
0.0875215
0.0610738
-0.463072
-1.14744
0.106292
0.403449
0.0699941
-0.0635444
0.32242
-0.304822
-0.0404289
0.479617
0.330818
0.240584
-0.131967
0.157179
-0.494581
-0.64307
0.827844
0.422175
0.406665
-1.0648
0.263811
-1.66365
-0.579963
-0.761768
-0.0973906
-0.681298
-0.041153
-0.842909
-0.328601
0.250036
0.54936
-0.650266
0.661996
1.01049
0.946393
1.30156
-0.62548
0.0234755
-1.66198
0.651616
0.61168
0.54435
-0.329842
-0.503245
0.51109
0.226486
0.0984112
-0.341959
0.497767
-0.278548
-0.199755
0.14901
0.925892
0.466761
0.936934
0.361426
-0.428014
-1.67453
0.878314
-1.32109
-0.471212
0.299371
-0.0825818
-0.355814
-0.864773
-0.0568789
-0.562791
-0.504595
1.26995
0.0904279
0.190738
-0.0146418
-0.635834
1.62174
-0.45104
-0.241913
-0.582405
0.837329
-0.163968
-0.77319
0.401954
-0.0292674
1.69983
-0.00281117
1.25179
0.105211
-0.259372
-0.926175
0.626699
0.322155
0.616761
-0.727887
1.17776
-1.4979
-0.205272
0.909299
0.603238
0.266607
0.0517912
-1.23525
0.616684
-0.21876
-0.416754
1.38997
0.660329
-0.161082
0.749992
0.401949
1.36543
0.256117
0.152044
1.36583
0.171015
1.12627
0.0947965
-0.699234
-0.379193
-0.00626743
1.92702
0.836131
0.741434
-0.119843
-0.480111
-1.3196
0.0676376
-1.08901
-0.868967
-0.719897
-1.19457
-0.879272
-1.33004
0.355638
0.120156
-0.196661
0.567317
-1.12016
0.604904
-0.281105
-0.335445
-0.56644
-0.949449
-0.603331
0.5156
0.734818
-0.00298479
-1.11895
0.563985
-0.611063
-1.13158
-0.280491
0.234471
0.132412
-0.212328
0.0486362
1.40858
-0.468419
0.0355622
0.471947
-0.381068
-0.226456
-0.829392
-0.874596
0.482227
-0.402988
1.19557
1.21838
-0.0593893
0.420773
0.441219
0.469714
0.530431
0.133806
0.813736
0.0665443
-0.138874
-0.562598
0.338788
0.19389
-0.573555
-0.224126
0.464698
0.329722
-0.550874
1.02911
-0.0722629
0.00342205
-0.585192
-0.351552
-0.504133
0.287448
0.759997
-0.380238
-0.805521
0.420355
-1.51301
0.865741
-0.337063
-0.26864
-0.875752
-0.890328
0.806631
-0.445671
0.40022
-0.00443564
-0.142819
-0.0557002
0.793843
0.259206
-0.34566
0.577385
0.625192
-0.0579325
-0.100866
-1.47097
0.083923
1.41236
-0.712061
0.525266
-0.66302
0.651882
0.172512
0.615102
-0.26828
-1.55593
-0.606342
0.0356839
0.294331
-0.876715
0.33372
0.289587
0.0566633
1.00275
0.199306
-0.187468
0.905078
-1.11764
0.00451827
-0.0768726
0.362682
0.639771
1.62596
-0.387263
-0.0606635
-0.064295
-0.0786952
-1.84431
0.556854
-0.689795
1.2514
0.119463
0.629228
-0.87446
-0.0453599
1.00657
0.612208
1.23355
0.812648
0.205348
-1.39991
-0.293705
-0.0362427
0.716408
1.9866
0.39931
0.621596
-0.447549
-0.912467
-0.211832
0.166451
1.03394
0.370384
0.294307
-0.632682
0.333929
-0.920643
-0.101618
0.689174
-0.746079
0.410288
-0.510023
-0.955384
1.14369
-0.401422
-0.704939
-0.515195
-0.0998343
1.01503
0.0852521
-0.582077
0.408219
0.161091
-1.24554
0.299023
-0.211637
-0.0350942
-0.217501
-0.181621
-0.545013
0.117405
-0.776
0.572408
-0.420264
-0.0832805
0.098133
0.641952
0.798767
0.999059
-1.2779
-0.859431
-0.809295
0.168569
0.575616
0.11369
0.466585
-0.260271
0.927742
1.40029
-0.524647
0.453319
0.577032
0.384668
1.14803
0.691278
0.148163
0.233515
1.19488
0.613845
-0.699291
-0.836609
-0.543329
-1.63626
0.0795492
-0.914085
-0.377115
-1.71112
0.444091
-0.531115
1.3033
0.502906
-0.184902
0.260378
-0.637943
-0.0366326
0.834718
-0.267771
0.337495
0.582944
0.446433
0.531095
0.530774
-0.149832
-0.735211
-0.0287144
1.16384
-0.6495
0.913634
0.312197
0.179413
-0.41861
-0.404087
0.110189
-0.725493
0.0642165
-0.7895
0.253917
-0.758427
-0.710317
0.418448
-1.45885
-0.457617
-0.00815847
0.066526
0.469634
-0.739504
0.526695
-0.536524
-0.249824
0.061383
-0.515287
0.932497
0.836348
0.94127
0.847748
-0.530047
-0.216083
-0.0167523
0.171882
-0.239192
-1.16611
-0.993292
-1.09916
-0.352217
1.25171
0.476021
-0.812365
-0.221889
-0.450471
0.793573
-0.948648
-0.62872
0.220607
0.662959
-0.302503
-0.744698
0.369708
-0.371055
-0.504922
-0.356013
0.168375
0.457579
0.0454236
-0.140105
-0.1178
0.0911839
-0.0511384
-1.32382
0.992256
-0.513982
1.2009
1.95318
-1.27416
0.672472
0.105284
0.0026646
0.548685
0.631657
0.294374
0.381273
-0.678513
0.59188
1.58534
0.611886
-0.307517
-0.768717
0.811623
0.553981
0.798382
-0.067458
0.128827
0.0647517
0.910764
-0.293463
0.712177
-0.45722
-0.354895
-0.169514
0.639892
-0.737894
-0.737521
-0.706265
0.143927
-0.743947
-0.00299208
0.621368
-0.520474
-0.467056
0.77969
0.414733
0.495761
0.214917
-0.732255
-0.573767
0.052235
-0.78006
0.535791
-0.934372
-0.309754
0.270339
0.986504
0.144154
-0.607611
-0.19289
0.130057
-1.00096
0.207912
-0.403326
-0.990653
-0.815414
-1.05366
0.0787727
-0.525987
0.0821006
0.386984
0.57537
-0.0194131
0.605496
0.929185
1.05426
0.217218
0.784779
-0.495117
-0.142031
0.219548
0.160743
-0.329737
0.382313
-0.310047
1.13145
-0.284993
0.365731
-0.356159
1.7058
-0.90465
-0.0373918
-0.972395
0.656686
-0.125745
0.167636
-0.422377
-1.04063
-0.0462155
-1.01778
0.550272
-0.184303
-0.958076
-0.155167
-1.09187
-0.457394
0.260216
-0.261478
0.155996
-0.380998
-0.260659
-0.520339
-0.512317
1.05182
1.14562
-1.24032
0.625815
-0.812321
0.104523
-0.391644
-0.220869
-0.136321
0.798781
0.499613
1.13063
0.47324
-0.716272
0.460124
0.241188
-0.938138
-0.542775
1.03565
0.419524
-0.381124
-0.758687
0.645894
-0.705567
0.520628
0.50155
0.370572
-0.488613
0.770324
-1.05446
0.639253
0.120054
-0.176967
0.0752414
-0.438869
-0.399733
-0.0281853
-0.441991
-0.375869
-0.907701
0.0511723
-0.455364
-0.463509
0.371402
-0.476838
0.00386853
-0.548759
0.140113
0.0582281
-0.517828
-0.0760204
0.760687
0.904238
-0.418411
0.688378
0.300782
0.0494426
-1.04126
0.641767
0.959164
-0.884131
-0.347817
-0.0795988
0.705936
-0.97516
-0.101957
-1.7737
-0.122559
0.103508
-0.291651
-0.736234
0.183659
-0.419209
-1.13554
-0.545477
0.693175
0.88046
0.445058
0.631712
0.344281
0.410139
-0.858088
-0.185123
0.564597
-1.41146
0.320538
-0.298905
-0.0722115
-0.665474
-0.135595
-0.438166
0.279033
0.760418
1.24975
-0.229719
-0.471781
0.297189
0.485899
-0.581876
-1.6259
-0.134316
0.661839
-0.939043
0.362261
0.747501
-0.567203
-1.10586
0.602794
0.678738
0.486318
0.263263
-0.475136
0.184827
0.867331
-0.161399
0.184421
1.46291
-0.815405
-0.360599
1.19375
0.144315
-0.655495
0.0182882
-0.471618
-0.0058452
-0.187476
-0.589236
0.0268028
0.612455
-0.516134
0.631118
0.545471
0.244616
-0.216216
-0.235719
-0.0846724
-0.792036
-0.50386
0.668206
-0.0770225
1.36285
0.195488
0.794352
-0.877763
-1.19529
-0.174947
-0.539443
-0.406063
0.360172
0.690994
0.17874
-0.385321
0.46858
-0.23249
-1.05306
1.48809
0.49848
-0.244498
0.321838
0.433876
-1.37483
-0.24315
1.0822
-0.729375
0.547084
0.296863
0.595616
-0.225054
0.137679
0.416936
0.215176
0.0539932
-0.73746
0.15742
-0.432642
-0.768664
-1.13879
0.22431
-0.392358
-0.406312
-0.147819
-0.298295
0.405545
-0.711239
-1.305
0.430171
-0.99743
0.0109379
0.529976
-0.227838
-1.69975
-0.530315
0.0445972
-0.657171
-0.372111
0.549661
0.835528
-0.0142077
-0.782336
0.244764
-0.4941
0.696849
-0.534198
-0.771038
0.314979
0.000829889
-0.827888
1.32551
0.767431
0.373401
0.177744
0.130111
-0.302283
-1.64526
-0.416124
0.0163208
-1.16361
-0.175545
-0.483903
-1.28456
0.26389
-0.0389938
0.0398685
0.11174
0.183039
-0.922512
0.331492
-0.796833
0.886635
-0.114813
0.862544
0.23934
-0.342495
-0.963526
-0.509274
-0.835952
0.0969539
0.999574
0.291671
0.05642
1.0926
0.620121
1.70395
1.08258
1.02457
-0.0424331
-1.44395
-0.981245
0.471237
0.353395
-0.660859
-0.99671
0.896
-0.185232
-0.182928
-0.177396
0.599518
0.443412
-0.204557
-0.585319
-0.88996
-0.183316
-0.335248
-0.951886
0.583116
-1.30758
-0.375887
-1.02748
-0.586273
1.03703
0.402569
0.102713
-0.482344
-0.74813
0.343581
0.24584
0.507911
0.328599
1.37048
0.375471
1.44026
-1.08218
-1.37752
-0.641141
-0.32307
1.4075
0.211288
-0.72984
-0.943608
-0.606577
-0.101819
-0.0244366
0.340671
-0.596356
-2.18409
-0.573376
1.21463
0.196725
0.23381
0.111442
-0.19821
0.340811
-0.462559
-0.959669
-0.432287
-0.491017
-0.42432
-0.219288
0.663245
0.0621593
-0.630641
-0.490361
0.0884253
0.511313
0.140439
-0.950961
-0.99649
0.54812
0.589948
0.944747
0.766435
-0.0748405
0.246718
0.711232
0.443899
0.319931
0.00229862
-0.23263
0.252231
0.648002
-0.373565
-0.049899
0.30934
1.31039
1.78484
-1.02715
-0.379135
0.0908
-0.0246638
0.526718
-0.145116
-0.41758
-0.162642
0.593417
-0.358705
0.807171
-0.596049
-0.207708
-0.546952
-0.00104949
0.533781
0.250821
-0.127042
0.356474
-0.937959
0.984197
0.747688
-0.251044
-0.430691
1.14769
0.656522
0.355651
0.410058
0.398189
0.607531
-0.468722
-0.240386
-0.235264
-0.0400635
0.0373151
-0.688689
0.0168611
0.621724
0.668359
1.06198
0.118703
-0.0419947
0.611543
-0.317521
0.585218
-0.405793
-0.206264
-0.836689
-0.309824
-0.273219
1.09089
0.767825
0.285932
0.525622
0.062273
0.352377
-0.579748
-1.00776
-0.33557
-0.0418133
-0.812744
-0.0566419
0.515876
-0.0541479
0.0169041
0.144476
-0.925612
0.142719
-0.0557661
0.165508
0.830087
-0.679377
-0.0288779
0.509458
-0.236824
0.769555
-0.0665158
0.160499
-0.172692
-0.965912
0.165816
-0.813078
-0.89678
0.0411089
-0.371348
1.1468
0.478313
-0.0244604
0.228206
0.120321
-0.580123
-0.64472
-0.337277
-0.0157892
0.315861
0.198886
0.444593
1.24211
-1.32493
0.363161
-0.123749
-0.0690426
0.384584
-0.697504
0.492044
-0.233855
0.725032
0.403149
-0.308167
0.0521766
0.540197
0.38812
0.711382
-0.385454
0.572736
0.223255
-0.665747
0.799867
-0.68547
-0.682547
0.185413
-0.393135
-0.588498
-1.0722
-0.270807
0.723721
-0.267626
0.0896296
0.430641
-0.241655
-0.459981
-0.827792
-0.373696
-0.441884
0.394403
0.761261
-0.00366619
-1.00301
1.14143
0.482519
0.0769033
-1.65052
-0.679684
-0.18757
-0.267826
-0.347738
0.422206
-0.878692
-0.205316
0.963386
0.03359
0.694271
1.00255
-0.746164
0.40213
0.498917
0.204038
0.439672
-0.613708
-0.209452
0.573131
-1.04893
-0.211889
0.118095
0.744377
-0.930111
-0.594022
-0.239732
0.218643
0.0438898
-1.10627
1.17452
1.84225
-0.529447
0.280373
-0.0586472
0.295511
0.904025
-0.487931
-0.570023
0.613486
0.218863
-0.859267
-0.414833
-0.106154
-0.475642
-0.0459064
0.796356
-0.0421863
-1.04704
1.02155
0.0694156
-1.06026
-0.122727
0.947999
0.481006
-0.204199
0.570783
-0.298375
0.511839
0.586497
0.564514
-0.515771
0.513211
0.214108
0.459675
-1.07871
0.245971
0.401632
-0.184645
-0.563804
0.731757
-1.53965
-0.423498
-1.04493
-0.351037
-0.486347
0.332153
1.02009
-0.52577
-1.01783
0.843885
-0.59558
-0.487579
-0.0680747
-0.238935
0.48165
0.254788
1.45656
0.641463
-2.05736
-0.0670413
-0.0921061
-1.17398
-0.903791
-0.784698
-0.104946
-0.000129353
-0.527757
-0.156596
1.0624
-1.17611
-1.4842
-0.62381
0.103494
0.18147
-0.474165
-0.559417
-1.14835
1.06849
-1.1246
1.25811
-0.826986
-0.290091
-0.703275
0.0421429
-0.245865
-0.22835
-0.103877
-1.2145
0.943822
0.581187
-0.0268885
0.0343315
-0.0462778
-0.495001
-0.395804
0.11826
-0.22555
-1.35625
0.129965
-0.450981
-0.391974
-0.0167447
0.0974572
-0.330131
-0.559531
-0.00432887
-0.345341
0.743021
0.462925
-0.364215
-0.896031
0.431216
1.43435
1.32536
0.462241
0.762852
0.0932327
-0.905842
-0.371305
-0.639453
-0.09216
-0.34513
0.917624
-0.70073
-0.856448
0.121617
0.280319
-0.742553
-0.669842
0.370253
0.681062
-1.24636
-0.519777
-0.214744
0.255176
-0.385429
0.41517
-1.19118
-0.582112
-0.113361
0.406048
0.521171
-0.0330213
-0.392855
-0.844316
0.418802
0.608753
0.805691
-0.979326
0.569366
-0.282472
0.629097
0.512841
0.324264
-0.621049
0.0761771
-0.292243
-0.976302
-0.107983
0.534934
-1.34448
0.0687175
-0.419416
-0.0410973
0.52066
-0.803321
0.698747
-0.533575
0.707979
0.292054
-0.306171
1.13622
-0.116211
0.71305
0.361032
0.158836
1.57188
-1.49532
-0.0162352
-0.173592
0.462858
-0.113482
0.246443
0.156575
-0.709468
0.189395
0.331221
0.645258
0.495151
-0.439312
-0.981238
0.215115
-0.325558
0.386638
0.45207
-0.70666
-0.269378
-0.400283
1.88661
-0.333256
-1.21987
-0.128823
0.830874
0.484455
1.13722
0.738323
0.779426
0.293611
0.916243
-0.0966992
0.223426
0.52384
-0.442959
0.275227
-0.317974
-0.844661
-1.18023
0.841207
-0.337868
-0.0639453
1.09508
-0.219005
0.77435
-0.457017
1.14291
0.713842
0.209345
-0.491962
0.330908
-0.317662
-0.156939
-0.619531
-1.86662
-0.219609
1.45033
-0.827949
0.388644
-0.23834
-0.372293
-0.479748
0.64077
1.50187
0.298967
1.3362
-0.546639
-0.411218
0.00800164
-0.194638
-0.444809
0.877677
-0.34448
0.88801
0.0019985
-2.00062
-0.311051
0.0324015
1.20434
0.679824
0.342417
0.343716
-0.113572
-0.481922
0.518316
0.555425
0.226177
-0.462474
-0.113675
0.50536
0.106204
-0.111249
-1.02518
0.0302321
1.61737
-0.190691
0.475146
-0.732426
-0.668175
0.471699
1.19049
0.808939
-0.0632384
0.758483
0.207602
0.52334
-0.309563
-0.264226
-0.100636
-0.845148
0.198106
-0.196514
-0.575714
0.0223966
0.215457
-0.487902
0.064197
-1.52748
-0.740717
-0.567785
-0.927185
0.585652
-0.221307
0.720869
0.947349
-0.0576647
0.372961
0.273507
0.415214
-0.142458
-0.0927208
-0.688948
-1.09242
0.909107
0.435882
0.325731
1.36529
0.451202
0.529215
-0.720395
-0.0985217
0.48443
0.569443
0.000710697
-1.29967
0.486608
0.195689
-0.496134
-0.0174428
-0.235494
0.571366
0.404873
-0.371781
-0.571255
-0.553939
0.547862
-0.865243
-0.33858
-1.31388
-0.473022
-1.27555
0.459525
1.01386
-0.446961
0.544003
0.0794406
-0.273339
-0.203296
-0.0928415
-0.536791
0.92407
0.124391
-0.529372
-0.69948
1.44275
-0.509903
-0.28225
-0.242548
-0.148833
0.415965
-0.463076
0.0509866
0.652285
0.229626
1.31493
-1.28582
-0.534136
-0.391279
0.0928538
-0.327724
-1.13501
-0.00764535
-0.201004
0.376555
-0.060974
-1.14076
-0.365455
0.115796
-0.0979691
0.114992
-0.111823
-0.246273
-0.201911
-0.520658
1.18346
-0.227129
0.0359086
-0.737276
-0.444451
0.279738
0.00261616
-0.439653
-0.183911
-0.279094
-0.0309011
0.78781
1.34058
-0.548865
1.41238
1.22563
-1.05868
-0.0656619
-0.314854
0.485856
0.179126
0.0473861
0.745014
0.118247
0.421561
-0.671638
-0.935813
0.906375
0.603531
-0.108908
-0.0351116
0.602565
-0.916267
0.0257094
-0.490793
0.589123
1.39044
0.0566303
-0.103145
-1.63179
0.372244
-0.493868
-0.0865746
-0.405247
0.315021
0.381009
0.909027
0.470669
0.0577397
0.342196
-1.18645
0.279653
-0.0142537
-0.214127
-0.715035
0.175354
0.619385
0.396418
-1.19139
0.552133
-0.000643071
-0.496803
-0.370388
0.259797
-0.230143
-0.326037
1.1076
-0.605186
0.625394
-0.229676
0.501643
0.5944
0.0323313
-1.01425
1.06658
0.467119
0.55524
0.956113
-0.992511
0.192471
-1.17324
0.202796
-0.801385
0.758831
-0.683744
0.203392
-0.605913
0.219289
0.461069
-0.562725
-0.17054
-1.05796
0.89566
0.146901
-0.522414
0.794312
-0.840391
0.333125
-0.0244039
0.460709
1.0258
0.944532
-0.24942
-0.435383
0.282536
0.0744536
0.569539
-0.555444
0.131243
-1.07767
-0.756429
-0.716175
0.288918
-0.407036
0.463816
-0.180981
0.392004
-0.413628
-0.596701
-0.211786
-0.249255
-1.01132
0.452241
-0.381601
-0.491904
-0.852028
0.0970081
-0.0620992
-0.74313
-0.630401
0.0298435
-0.261422
0.568328
0.350534
0.147223
-0.235412
0.952865
0.0624377
-0.630118
0.3463
0.688208
0.123727
-0.342675
-0.394415
-0.842632
1.31318
0.464008
0.8891
-1.02474
0.466582
0.328371
-0.323071
0.866764
-1.11125
-0.202221
0.772666
0.215873
1.09985
-1.57593
0.726882
0.374926
-1.77097
-1.18638
0.49934
0.567208
0.339676
0.0420806
-0.729244
1.42033
-0.640074
-0.42474
0.602239
1.06967
-0.811906
-0.136716
-0.422289
-0.120752
0.42038
-0.487631
0.144739
0.501728
0.171498
-0.994542
0.724077
0.382803
0.68888
-0.0954558
-1.41419
0.909196
1.11435
-0.357979
-0.766705
-0.357896
-0.545034
0.997763
0.0678511
0.644263
0.722731
-0.381287
0.0491898
0.586926
0.585485
-0.558187
0.174629
-0.371446
-0.121963
0.742492
1.03066
0.79472
1.06593
-0.0835861
-0.338324
0.442582
-0.236256
-1.64816
0.528715
1.72576
-0.0949428
-0.911216
0.562109
0.356644
1.00724
-1.07568
-0.604996
0.570177
-1.43507
0.133803
-1.17231
0.462397
0.706295
1.70072
0.866348
-0.874296
-1.04039
-0.421176
0.229019
0.122953
-0.828133
0.609089
-0.297488
-0.567984
-0.910118
-0.985795
-0.0572154
0.028476
0.204154
-0.50735
-0.112997
0.207238
1.49214
-0.53362
-0.914972
-0.289252
0.253783
-0.795224
-0.0379933
-0.315475
0.086059
0.628074
-0.0220747
-0.369329
-0.380364
0.757572
1.66562
0.10572
-0.374899
0.538173
-0.366067
-0.0752543
-0.102511
-0.119768
0.623107
0.297435
-0.924069
0.155032
0.038225
-0.56035
1.85744
-0.255839
0.109351
-0.907801
0.382848
-0.72275
0.651333
0.276855
0.328685
-0.0641385
-1.00986
-0.473262
-0.468231
0.389874
0.0809989
1.91607
0.572362
-1.75886
-0.316485
-1.21405
0.176704
0.719634
0.418548
0.254641
0.165954
0.291607
0.573184
-0.613378
-0.493161
-0.486386
1.35906
-1.18879
-1.43115
0.550219
-1.44247
0.776683
0.286384
-0.0587375
0.055574
0.367732
-0.321576
0.00504433
0.151074
-0.196877
0.185153
0.307195
0.129929
1.29475
0.20337
0.865827
0.852251
0.0420926
-0.68589
-0.497897
-0.339258
-0.155127
0.959357
-0.505365
1.06721
0.549734
0.526801
0.276202
-0.366242
-0.448224
0.0944069
1.65666
-0.246974
0.261791
-0.285139
0.396613
-0.235988
-0.42508
-0.519241
0.522367
0.301887
-0.295263
-1.23397
0.968571
0.276786
-0.40973
-0.214171
0.207712
-0.719296
-0.685575
-0.0910517
0.486568
-0.560352
0.672553
-0.686992
-0.179298
-0.250737
0.455737
-0.347803
-0.73023
1.4252
0.730174
0.580431
-0.715499
-0.0681375
0.393957
0.511516
0.771693
0.388502
-0.462633
-0.0547826
-0.0501262
0.34491
0.678063
-0.329355
0.551509
-0.360076
1.31683
1.70974
-0.202146
1.29158
-1.43632
-0.0510805
1.20353
-0.903522
-0.0263843
-0.176418
-0.511217
0.746696
0.69719
-0.496679
-0.0638278
1.21753
0.921795
0.288692
-1.43674
-0.240421
0.107877
1.79538
0.127734
0.74427
-1.78288
-0.851307
0.410435
-0.215242
0.241436
-0.461334
-1.01399
-1.45677
-1.48086
0.605014
-0.502235
-0.57398
-0.979739
-0.756383
0.82659
0.89593
1.10205
0.302128
-0.124837
-0.232061
0.194718
-1.50987
0.391982
-0.292041
-0.581992
-0.351818
-0.818126
-0.851011
1.51585
-1.24182
-0.00948691
0.291597
0.107179
-0.686278
1.67285
-1.32608
0.174702
0.231407
1.04117
-1.04768
0.312038
0.179561
0.387194
0.166606
0.596515
0.824439
0.294124
-0.223745
0.582551
-0.370242
-0.0072133
0.579556
-0.499177
0.751206
-0.0549124
0.479378
-0.19521
0.476208
-0.0405323
-0.152185
0.110882
-1.03558
1.24789
-0.0294862
1.21476
-0.193585
0.268201
0.272081
-0.0771578
0.255356
0.23719
-0.219783
0.467802
-0.976725
0.207765
-0.179144
0.900891
-0.00443068
0.696682
0.362625
-1.45214
1.11957
-0.537808
-0.245035
-0.205199
0.0538042
0.965559
0.948991
-0.196244
0.213317
0.247686
-1.28475
-0.214709
-0.568464
0.757473
0.683013
-0.634494
-1.63778
0.3787
0.399751
-0.739634
-0.525587
-0.259334
-0.303401
-0.477202
-0.801511
0.179059
-1.01268
0.760095
-0.650919
0.752449
-0.701726
-0.929518
-1.03783
-1.14947
-0.593786
-0.0788042
0.109039
-0.768768
0.955837
-0.0759797
0.197402
0.034844
-0.897924
1.38677
0.537447
-0.244545
-0.088153
0.78745
0.166251
-0.00880826
0.34275
0.329218
-0.930331
-1.06733
0.015433
-0.621822
0.0497171
-0.321489
-0.924526
-0.80676
-1.01027
0.501565
0.321319
-0.179867
0.396024
-0.59281
-0.352642
0.0615617
0.477898
0.238775
-0.0103418
-0.131067
-0.183283
0.221082
0.021419
0.382803
0.194746
-0.472378
1.10442
0.598268
-0.945517
-0.168401
0.300394
1.04183
1.23791
-0.345819
-0.229647
-0.0882551
0.442553
-0.226261
0.104884
-0.926213
-0.57689
0.214986
0.72938
0.767577
-0.0886758
-0.185322
-0.399271
-1.66595
-0.124236
-0.606253
-0.427372
0.613771
0.0115663
-0.269189
0.763247
-1.10893
-0.232693
-0.682871
0.264181
0.161596
-0.302997
-0.232124
0.28019
0.172662
-0.1295
-0.427242
-1.22762
-1.38766
-0.0533316
0.0736928
1.01966
-0.688733
0.552113
1.60853
0.648858
-0.774601
0.128678
-0.417736
0.220968
0.296107
0.248066
-0.790219
1.12652
-0.605721
0.839927
1.2289
-0.640122
-0.36408
0.126603
-1.4605
0.116853
0.834373
-0.69814
0.819707
-0.976226
0.342896
0.393309
0.345569
-0.516937
-0.387008
-0.424256
0.06773
-0.148357
0.454198
2.52274
0.384514
-0.687219
0.0596517
-0.670976
-0.866888
1.19385
0.530569
-1.08313
0.400224
0.493884
0.53622
0.408783
0.339163
-0.431678
-1.40919
-0.237112
0.527721
-0.194688
0.166979
-0.294143
-0.66157
0.546013
0.435966
-0.0104418
-0.385073
0.362415
-0.0250416
0.962944
-0.496424
0.800118
0.532142
0.421673
0.456081
-0.881713
-0.900356
-0.135925
-0.387257
1.1734
0.291982
0.558793
-1.12061
-0.196351
-0.32527
-0.506796
0.406108
0.613715
-0.367697
-0.49979
0.0170254
0.0919804
-0.166689
0.538217
0.384922
0.264554
-0.93874
-0.513475
-0.459446
0.309469
-0.874665
0.231681
1.29539
0.290941
-0.382648
-0.59862
0.941921
-0.662218
-0.0914182
0.676635
0.361783
0.405208
-0.187774
-0.634475
0.478683
-0.235486
0.588882
-0.168341
-0.718785
0.628735
0.99337
-1.10685
-1.04765
0.117446
-0.295059
0.660298
-1.34237
-0.287991
-0.518835
-0.613422
-0.178264
-0.371803
0.447804
-0.779504
-0.409821
0.27162
0.0979209
-0.217923
-0.0658797
-0.460065
1.03964
-0.511506
1.03817
-0.0550974
1.15782
0.225901
0.850199
-1.05939
-0.0431232
-0.154879
0.924438
-0.256793
0.296486
0.730039
-0.586432
-1.03115
0.362403
0.0376481
-0.469963
-0.89085
-0.0372864
0.199261
-0.267924
-0.802162
0.0138915
-0.344377
-0.240374
0.565241
0.272843
-0.413607
0.777968
-0.533004
-0.48717
-0.580255
-0.805359
0.410565
-0.7706
0.0643419
0.680816
-0.783734
0.849502
-0.770801
0.162861
-0.149297
-1.52986
0.864166
1.46116
0.406987
-0.177451
0.46419
-0.535503
-1.63002
0.668722
-0.432977
-0.40274
-0.273771
-0.290707
-0.6864
-0.155728
0.654052
0.543411
0.0128036
-0.323161
-0.127305
0.874235
0.851097
-0.964373
-0.452893
-0.5399
-0.0404482
0.452996
-0.951181
-0.369124
-0.0967005
0.3559
-0.13866
-1.31339
0.250237
0.535866
-0.572935
-1.8113
0.811584
-0.605186
-0.102597
0.511922
-0.751977
0.384161
0.115993
-0.336769
0.425366
-0.778293
0.286509
-0.527035
-0.0176216
-0.141842
-0.710724
0.925518
-0.232883
0.0169469
-0.835933
-0.352465
-0.207139
0.889632
0.83865
-1.70241
0.687863
-0.62606
0.0500598
-0.36758
-0.828774
1.58744
-0.662998
-0.0284925
-0.68449
0.281898
0.2984
1.0368
-0.154725
0.940356
0.0401478
1.37943
0.112173
0.0486245
0.821418
-0.8339
-0.646672
0.195619
-0.649304
0.751849
-0.472906
-0.314082
0.0767749
-0.232751
0.935926
-0.300872
-0.201614
1.36393
-0.181038
0.580119
0.408696
0.103105
0.488806
-0.291639
-0.0843122
-0.286151
0.673611
-0.807147
-0.605567
0.203314
1.23694
0.523851
0.534421
-0.326908
-0.188686
-0.0150646
0.814147
0.179069
0.804324
-0.308173
1.07797
0.170324
0.104504
0.479484
0.119031
0.136542
0.327596
0.522318
0.196751
-0.507962
0.759506
-1.91844
-0.833678
0.0874007
-0.510082
0.821507
0.0761931
-0.172011
-0.677173
0.00976501
-0.612663
0.491791
0.116566
-0.313593
-0.594228
-1.61389
0.374267
-0.618815
0.03829
0.0104925
-1.02962
0.229756
-0.712274
-0.155357
0.308649
0.925452
0.265038
0.242109
0.292758
0.757004
0.44356
-0.0689705
0.906489
1.08512
0.233503
0.443973
-0.147924
1.06995
-0.665307
0.213835
-0.146843
0.0255197
0.0182586
-0.387208
-0.00374331
0.829827
0.939953
0.12384
-0.428894
-0.370052
0.284789
-0.0843184
0.922528
0.708353
-0.305376
-0.402982
0.253977
0.783946
0.860018
0.667749
0.420847
1.53063
1.13359
1.28241
-0.379912
0.569339
-0.8977
-0.951861
0.426365
-1.4651
0.761831
1.22502
-0.215255
0.695992
-0.0288135
-0.495937
-0.830862
-0.729447
0.0683658
-1.24051
1.05916
-0.752835
0.837714
0.308327
-0.0862119
-0.0619033
-1.02619
1.00178
-0.566139
0.716584
-0.903685
-1.09511
0.121973
-0.827877
-0.773192
-0.56483
1.18126
0.105109
-0.250583
-0.80676
0.542271
0.802331
-1.67327
0.158578
-1.01573
-1.3114
-0.0577416
-0.275702
-0.623883
-0.108402
0.192541
-1.09365
0.0371589
0.622291
0.106078
1.37731
-1.37079
-1.05995
-1.28137
0.210668
-0.147058
0.0910688
0.63675
-0.256912
0.233352
0.103189
-0.806358
-0.210257
-1.39881
0.197704
0.130716
-0.14232
0.248296
-1.38401
1.22496
0.0759082
0.521902
-0.180783
0.00735497
-0.456897
-1.2627
-0.293268
-0.330731
0.159074
0.112338
-0.314762
0.154223
-0.41149
-0.535233
-0.777605
0.335078
-1.79517
-0.480653
-0.162757
0.0903829
0.347359
1.6159
-0.419812
0.968173
-0.865447
1.09214
-0.996658
1.16316
0.91077
-0.46525
1.20672
-0.314461
0.719717
-0.823581
0.869344
0.68392
0.989967
-0.934619
0.149375
-0.670179
-0.0289472
-0.444063
0.344304
0.516264
0.161732
-1.04334
-0.0394442
-0.0686111
-0.0172227
-0.234614
0.756206
0.702497
-0.821806
0.542295
0.788612
-0.636561
-0.0310513
-0.353201
0.39961
-0.186793
-0.849541
-0.581406
-1.21833
0.111581
-0.565269
1.27641
-0.302128
0.259962
0.50044
0.177862
-0.389961
-0.0462524
-0.944433
0.79918
0.100221
0.535711
-0.582996
0.271926
-0.727483
0.90539
0.391242
1.21356
0.0407568
-0.00628671
-0.163944
0.362474
0.26149
-0.847178
-0.143592
-1.1657
-0.73717
-0.0648334
0.873853
0.757132
0.758483
0.664733
-0.727458
0.198784
0.367947
0.83737
-1.03243
-0.751123
-0.506918
-0.714998
-0.495696
0.0808787
0.609117
0.286267
0.47468
0.873937
-0.5247
-1.59245
-0.210809
-0.63516
-0.100932
-0.703665
-0.521389
0.908127
0.344452
-0.247016
-0.491615
-0.752882
1.04582
-0.845107
0.350136
0.467357
0.804986
0.837166
0.853825
0.308518
-0.622954
0.162627
0.660964
-1.27844
-0.509915
-0.0990281
0.353462
-0.656475
-0.491274
0.600632
1.67217
0.635139
-1.44346
0.706167
-0.101933
0.650187
0.319852
-0.298539
0.670599
0.592731
-0.2244
-0.252601
-1.01454
1.14928
-0.977944
1.49561
0.239383
-0.131541
1.13527
-0.206357
-0.642418
-0.165371
-0.110404
0.129546
-0.17894
0.0530895
0.386945
-0.448965
0.729261
0.165946
-0.40304
-0.699843
0.757231
-0.493445
-0.0838201
0.360569
0.647544
0.0908536
-0.848304
-0.175431
-0.835305
0.400056
-1.11984
0.695144
-0.373541
0.761227
-0.313219
-0.445111
-0.8402
0.506408
-0.413949
0.0620019
-0.274584
-0.26172
0.848003
-0.718258
0.643535
-0.0511692
-0.707442
0.34398
0.31921
0.213439
-0.910907
-0.868375
-1.02487
0.394641
0.584436
0.396581
-0.240305
1.29691
-0.262457
1.09206
0.833157
0.123551
0.437688
0.518769
0.269203
-1.43121
0.203467
0.873877
-0.0455199
-0.150644
-0.7715
-0.262709
0.808808
0.132126
-0.205664
0.606591
1.81838
0.837883
-0.828997
1.06207
0.695913
1.19918
0.839967
0.211359
-0.948853
-0.544074
-0.454144
0.373012
-0.535886
-0.363178
-1.16955
-0.583816
0.0413493
0.101531
0.272125
0.223034
0.156129
0.853547
-0.343312
0.385593
0.231112
-0.520774
0.141093
1.38097
-0.0970302
0.225725
0.0242959
-0.35597
0.0809389
-1.09862
-0.791906
0.822944
-0.932136
0.730786
0.28804
0.2551
-0.772642
-0.617936
0.652627
0.771836
-1.09131
0.030694
1.20632
0.213596
-0.666799
0.507473
-0.0273554
0.455628
-0.200909
-0.54599
-0.655843
0.045962
0.418333
0.761739
-0.189015
0.590094
1.14877
-0.0517253
0.00984534
-0.721817
0.434352
-0.63286
-1.55566
0.634242
-0.693407
0.442446
-0.982279
0.636454
1.05662
0.0375268
-1.73806
0.197618
-0.502788
-0.949638
-0.838143
0.115062
0.787716
-1.36092
0.163077
0.387812
-0.151272
0.679215
-0.224012
-0.0689977
-0.265565
0.486979
0.225377
0.184472
0.0904465
0.146361
-0.332121
1.12087
-0.325564
0.169912
0.511604
-0.0788743
1.20957
0.913618
1.39265
0.494409
-0.0590316
-0.755582
1.87568
-0.448738
-0.128916
-1.12215
0.457243
0.364887
-0.177259
0.0213657
0.144016
1.30646
0.165009
0.259913
1.04881
-0.200351
0.435025
-2.20306
1.68676
-0.0102696
-0.628099
-1.23038
0.400417
0.219769
0.564682
1.01779
-0.344599
-0.130105
0.260868
-0.315589
-0.794691
-0.124469
-0.902636
-0.920276
0.843735
0.404224
-0.105009
0.745329
0.145596
-0.0494559
0.836797
0.59428
-1.72047
0.224894
0.626602
-0.836977
-0.844047
-0.133408
-0.35984
0.363459
-1.6862
-0.106905
0.699381
0.653094
-0.0728907
0.0442115
-1.12753
-0.28915
0.969119
0.908816
-0.335175
0.0241736
0.0551899
-0.745619
-0.253369
0.658015
-1.14479
0.783046
-1.3499
-0.341232
1.03271
0.394278
-0.214753
0.847545
-0.204499
0.211475
-0.294644
-0.433923
-0.246106
0.101546
-0.583042
0.260645
0.0997757
0.895939
-0.673004
0.253473
-1.09596
0.2009
-0.528647
0.538466
0.61796
0.286332
0.0546044
2.03502
-0.323321
-0.292544
0.0232525
0.164786
-0.700816
-0.133714
0.571141
-0.371094
0.881989
-0.272912
1.12473
-0.837244
0.0282906
0.127536
-0.336719
-0.497989
-0.187136
-0.082569
0.218285
1.6468
-0.357346
-0.295174
0.208721
0.111441
-0.459873
0.881384
1.28516
-0.184545
0.959195
-0.399754
-0.898215
0.370998
0.658371
0.138176
0.134291
0.695188
1.10471
0.489813
0.565171
-0.327692
-0.91302
0.343176
-0.234207
0.244936
0.48452
-0.721204
0.0287627
0.56152
0.725326
-0.131346
-0.521308
0.8658
-0.474002
-1.04377
0.510172
-0.0876936
0.229917
-0.0879896
-0.853421
0.490422
0.354725
0.597889
-0.262565
0.306923
-0.194114
-0.492777
0.824191
0.538365
0.62992
-0.356514
-0.420019
0.106643
0.637473
-0.113882
0.609652
-0.0163219
-0.160478
0.881029
0.338243
0.416121
-1.09432
-0.557972
0.739872
0.508473
0.205995
1.27442
0.361278
1.32765
-0.243007
-0.432868
0.65921
0.643181
0.858365
0.376792
-1.22552
0.413439
-0.55039
-0.309609
0.47322
-0.120092
-0.999218
0.00550904
-0.63315
0.666013
-0.342522
0.0559877
0.184513
-1.32039
-0.787021
0.825711
0.768055
-0.254
-0.871601
-0.0577307
-0.258967
0.123566
1.05308
0.997862
-0.551167
1.18439
-0.342751
-0.610252
0.2788
-0.241255
0.486117
-0.555064
0.510485
-0.960197
0.178193
0.4745
-0.307703
-0.420651
-0.73376
0.15262
1.30474
-0.119328
-1.47783
0.401127
-0.580735
-0.574482
0.879386
0.613188
-1.26942
-0.939818
0.14353
-0.488059
-0.465681
-0.727859
-0.759031
1.12994
-0.836102
-0.284553
-0.439578
0.0460593
0.691603
-0.152065
-0.721784
-0.733709
0.647364
-0.626003
0.424041
-0.841056
0.54745
0.125314
0.163896
0.354508
0.761866
0.511562
0.236271
-0.115963
0.55538
-0.697095
0.351693
0.418049
0.070859
-0.153133
-0.376354
0.183957
-0.9212
0.306782
-0.161837
-0.286219
-0.91006
-0.496078
-0.496549
-0.958702
0.677065
-0.301657
-0.0519854
1.18625
-0.459956
0.463235
-0.0852755
0.0749629
0.513102
-1.21014
-1.19035
0.368282
0.28098
0.132937
-0.444581
-0.812472
-0.391382
0.511087
0.531621
1.31013
-0.247923
0.795983
0.0690866
0.0575024
-0.928667
-0.0385549
-0.422158
-0.129461
0.0695692
1.01055
-0.574049
-0.183049
-0.00318878
0.792611
1.03102
0.435264
0.273583
-0.0287467
-0.642606
-0.631627
0.358505
0.194923
-0.92345
-0.824874
0.626625
0.7926
0.400462
-1.38367
-0.140791
0.514441
0.359357
-0.659793
0.921324
0.266715
1.50911
0.251049
-0.479813
0.682304
0.232774
0.0243355
0.906868
-0.225649
0.0559581
-0.62918
0.0338023
0.800858
0.387791
0.516382
0.415307
-0.573776
-0.155588
1.69461
1.33411
1.12638
-0.363691
0.59066
-0.507315
-0.291194
-0.285523
-0.468682
0.554798
-0.124964
-0.00855318
-0.18923
-0.637747
-0.159752
-1.06509
-0.0148163
0.531023
0.160297
-0.105306
-0.626454
-0.000372876
-0.912051
0.0649897
0.16431
0.27129
1.8541
0.183553
-0.0619267
-1.10826
-0.456282
0.256802
-0.218339
-1.58593
-1.47366
-0.300173
1.0128
0.446379
-0.382602
0.23356
-1.04991
1.1941
-0.266697
-0.698104
0.250083
-0.0618482
0.327149
0.315553
-0.0807299
-0.954206
0.161756
-0.547295
-0.311592
0.0954897
0.0155176
0.127411
-0.335182
-1.14733
-0.972225
-0.544001
0.444048
0.556453
0.528809
-0.705665
-0.562386
0.412707
-0.368601
0.327669
-0.271623
1.38312
1.2896
-0.282488
-0.0268358
-0.470609
-0.606879
-0.321845
1.24321
-0.306442
0.703309
0.48036
0.0723443
-0.521216
-0.92653
-0.787761
-0.77777
-0.729974
0.859274
-0.213957
-0.939668
-0.967592
0.0113221
-0.595076
-0.196112
0.1409
0.845267
-1.17042
1.5472
-0.167105
0.0384978
0.2435
0.85842
0.322289
0.453392
1.49135
0.0450242
0.186405
-0.142029
0.60377
0.302918
-0.251047
-0.135637
0.426128
0.375237
-1.0328
-0.11393
-0.492401
-1.19323
0.0448748
-0.812182
-0.203177
0.843858
-0.439842
-0.910047
0.212794
0.491664
-0.112963
0.691764
-0.41457
0.944866
-0.181035
0.17328
-0.499252
0.395244
-0.935767
-0.0131077
1.00666
-0.389017
0.736211
0.0388151
0.604923
0.265628
-0.109608
-0.429037
-1.29502
0.384563
-0.383715
0.989745
-0.975335
0.0219168
-0.847089
-0.108941
0.0436206
0.305673
-0.150952
0.427368
-0.456188
-0.464466
-0.265217
-1.83912
-0.467067
-0.536576
-0.683797
-0.194544
-0.999413
-0.033304
-0.648854
0.317507
1.86931
0.199982
0.0289092
0.419317
0.39955
-0.513511
-0.516115
0.402063
0.0132085
0.582128
0.717981
0.917611
0.106949
0.0674857
1.14307
0.197418
-0.0586331
0.0136391
-0.408764
-0.0355403
0.295802
-0.00973046
1.07053
1.74416
1.18195
0.294198
0.0622325
-1.55805
1.11
-0.250241
-0.403027
-0.453382
-0.167054
0.778508
0.614138
-0.78278
-0.490079
0.406755
-0.495905
0.807638
0.0549398
0.339399
-0.252603
-0.116595
0.313634
0.561735
0.679213
-0.52639
-0.153651
0.197212
0.553263
-1.11523
0.954471
-0.655123
-0.743474
0.286712
0.0753127
-0.238451
-0.356129
-0.885522
-0.0340847
-0.62622
-0.447751
-0.423069
-0.308564
0.364222
0.20226
0.0124389
-1.5246
-0.774356
0.120804
-1.31812
-0.618972
-0.100033
-0.0709101
0.18047
-0.158264
-1.47766
-0.223923
1.01773
-0.365652
-0.739474
-0.394449
-1.24717
0.820631
-0.835736
0.0401341
0.261518
1.66147
-0.467641
-1.10941
0.748359
-0.456458
1.422
1.03414
0.0809667
0.535806
-0.0925106
0.615158
1.20059
-0.0404594
-0.306079
-0.530019
0.216598
0.0828609
-0.201183
1.10717
-0.175924
0.23251
-0.528416
0.591828
0.759853
0.454748
-0.699266
0.725276
0.575512
-1.61367
1.02095
-0.579864
0.48238
-0.702713
-0.959819
0.450371
-1.09386
-0.28773
0.0773754
0.287181
0.313913
-0.768941
0.348613
-0.748046
0.953327
-0.651486
0.634897
-0.577997
-0.00704967
0.755683
0.477272
0.971742
0.800635
-0.748412
0.659376
1.24149
-0.00618061
0.692629
1.08929
-0.312311
-1.08673
-0.334203
-0.833228
0.114466
0.104359
-1.07389
-0.556819
0.878122
0.638011
-0.086454
0.104197
-1.72006
-1.6635
0.0866548
-0.0348612
-0.274782
0.314045
-0.922473
-1.16799
0.395091
-0.261949
-0.628576
-0.972245
0.911231
-0.247802
0.949524
-0.638049
0.108318
0.338329
-0.265336
-1.00437
1.05415
0.0308851
0.507249
0.127652
0.0436589
0.457038
-0.281131
0.278788
0.222005
-0.120873
0.786709
-0.966641
-0.785863
0.81104
-0.127401
1.51617
-0.231857
-1.25091
-0.0797399
-0.331317
0.86346
-0.42481
-0.365319
0.430506
-0.0197381
0.0203736
-0.225331
0.785604
0.103619
1.04322
0.707015
1.40849
0.684564
-0.695726
0.736308
0.0453424
0.431062
0.689157
-0.383053
-1.15501
0.701468
-0.114152
1.46507
0.356439
-0.263134
0.412465
0.643187
-0.0504179
0.574284
-0.225383
-1.59988
0.291318
-0.498536
0.148007
-0.340001
-1.52457
-0.140399
0.0675286
-0.717771
-0.224376
0.105755
0.477591
0.899836
0.455384
0.46127
-1.49501
0.344868
0.341374
0.0227375
-0.00877569
-0.949987
0.760221
0.0520195
-0.531655
-0.435698
0.234295
0.183824
-0.307945
-0.41935
1.38963
1.02424
0.398144
-1.22233
-1.20528
0.256095
-1.00736
-0.380547
0.0895561
-0.596641
-0.0255913
0.0863577
-0.964014
-0.902088
0.679178
0.295978
-1.38635
0.498527
-0.118274
-0.0130706
0.981481
-0.178714
1.09692
-0.366967
0.899776
-0.396724
0.49505
0.231302
0.157809
0.946218
-1.0336
-0.57049
0.307965
-1.60241
-0.365558
0.0261562
-0.201646
-0.827797
-0.685332
-0.149448
-0.426586
-0.301624
0.298277
-1.59265
-0.216779
0.108416
0.0242682
0.607768
0.486151
0.844842
-0.0874661
-1.28861
1.8626
-0.12889
0.650761
0.956773
1.03216
-0.0434611
0.181389
0.968555
-1.53337
0.585238
0.327904
0.163449
-0.101899
-1.17164
-0.277018
0.45925
-0.260994
0.204272
-1.32187
-0.936954
0.0507167
-0.360177
-0.546558
0.414929
0.52409
0.173408
-1.90259
0.165379
-0.502944
0.276097
-0.454499
0.577247
0.83677
0.85432
-0.426341
-0.156882
1.00456
0.246787
-0.52532
0.475986
0.389055
-1.16588
-0.319433
-0.205258
-0.809404
-0.30432
-0.477874
-0.616027
-0.0334272
-0.160299
-0.524691
-0.256181
0.921607
0.751236
0.867623
0.612384
-0.0813448
0.223755
-0.945299
-1.49643
1.12832
-0.923708
0.753068
-0.576091
0.438157
0.963674
-0.158972
-0.456901
-0.6749
0.352911
0.29534
-0.0331401
0.516809
-0.330582
-0.0302404
0.795123
0.623721
0.720597
0.53703
0.461143
0.216785
-0.383709
1.3622
-0.885192
-0.855245
1.53604
-0.455048
-0.532747
-0.791893
0.1424
-0.9885
-0.597147
-0.72559
-0.047127
-0.411892
-0.716824
0.0313376
-0.104091
-0.631266
0.639167
-0.929816
-0.00295212
-0.0876879
-0.411764
0.0702425
0.00812793
1.21591
-0.924917
-0.453809
-0.198728
-1.81966
-0.43573
-0.0904169
-0.654523
0.227634
-0.680921
0.555154
-0.305305
-0.733681
-0.530405
0.445934
-1.06227
0.296671
0.0678446
-0.0361172
-0.795285
0.54425
0.765077
1.30803
0.765694
-0.216266
1.20151
-0.186359
0.37986
-0.017115
-0.411183
-0.938062
-1.42594
0.51423
0.765035
0.536104
0.602407
0.111335
0.416011
0.118838
-0.607904
-0.182753
-0.555743
0.425853
-0.283157
0.170006
0.0226303
0.0657381
0.34963
-0.516638
-0.977612
-0.193987
-0.148026
-0.33282
0.756922
0.348761
-0.632325
0.384079
0.540402
0.0908387
-0.689322
-0.000538231
0.431237
0.105739
-0.0617852
-0.660275
-0.105575
-0.180647
-0.231194
-0.465505
-0.339535
0.265754
-0.374585
-0.84242
-0.729002
-1.16922
-0.182405
0.256738
0.113988
1.31857
-0.106325
-0.0512761
0.943269
-0.738
-0.535447
0.345357
-1.50288
0.791398
0.843336
-0.183913
-0.438392
0.752218
-0.1935
-0.496083
0.346617
0.0651268
-0.154438
0.976044
-0.246034
-0.445149
0.817847
-0.455067
0.239983
-0.685766
0.215548
1.7646
-0.716964
0.780767
-0.216694
-0.562585
0.276083
0.400954
0.620784
-0.36208
0.486722
-0.768538
-1.26321
0.861227
-0.203812
-0.6461
-0.724723
-0.678112
-0.454013
0.609777
-1.06069
-1.31345
-1.70186
0.0509839
-0.394325
-0.813675
-0.0425829
-0.0289468
-0.286553
-1.12473
0.281057
0.466072
-0.78683
1.41426
-0.904969
-1.38379
-1.06488
-0.920461
0.382262
0.443752
-0.528073
-0.266433
0.473366
0.40973
-0.510709
0.516741
-1.71857
-0.239287
-0.264921
0.258975
-0.170025
0.419008
-1.07193
1.20921
0.201939
1.54714
0.143614
2.25862
-0.417701
-1.17724
0.0615767
-0.590548
0.578539
-0.422586
-0.0487075
-0.91898
0.295576
0.590897
0.255629
1.17759
-0.536031
0.253977
0.716396
-1.10163
0.898467
-0.100023
-0.750549
0.132083
1.50456
0.0103633
0.0854301
-0.61851
0.602173
-0.0211503
-0.028458
-0.271821
0.821605
-0.346051
0.136731
-0.724116
-0.285432
-0.605411
-0.352719
-0.0963326
0.151694
-1.02668
0.0446843
-0.15135
-0.331904
1.13832
0.537152
-0.651975
-0.608917
0.102702
-1.23027
-1.42479
-0.0250177
-0.0769928
-0.80328
-0.00105687
-0.53974
-1.24776
-1.72677
0.872968
0.579096
-0.438664
-0.187983
-0.318542
0.788141
-0.771342
1.0615
0.368434
-0.27857
-0.087597
0.0234356
-1.55611
0.0444284
-0.681322
-0.645335
1.5285
0.294379
0.638949
-0.615989
-1.1576
0.804959
0.472773
0.254292
-0.508414
0.307289
0.756184
-1.16919
-0.0668476
0.0599604
-0.620402
-0.805655
-0.469708
0.630125
-0.363072
-1.25597
0.32487
-0.367917
0.439909
0.0461232
-0.595359
-0.0953584
-0.787178
0.767591
-0.797172
-0.833582
0.549044
0.631271
-0.0203141
1.39472
-1.04713
0.0934933
0.0558964
-0.150652
0.665147
-0.0818748
-0.316439
0.122906
0.0591531
0.423873
0.804229
0.537896
0.897254
-0.0790099
0.742254
-0.968843
-0.1482
-0.41311
0.377115
0.883454
-0.0796641
-0.651677
0.278289
0.583359
0.890997
0.68309
0.767586
1.54019
-0.300558
-0.425041
-0.00457029
0.378855
-0.38003
-0.380916
0.575273
1.25498
0.161239
-1.25894
0.519848
0.147828
0.358017
-0.748652
0.22076
-0.142157
-0.403512
0.568919
0.34158
-0.734861
-0.885866
-1.38214
-0.362703
0.807588
-0.18045
0.142133
0.11147
1.01822
-0.405464
-1.07981
-0.891132
-0.335382
0.236196
0.465979
-0.0657762
0.523975
-0.890785
-0.166305
0.709008
-0.676103
-0.0458666
-0.553478
-1.21886
0.733994
1.05093
1.29083
-0.765854
-0.39706
-0.0611663
-0.481027
-0.173045
0.0367127
1.32515
0.659149
-1.4223
0.149446
-1.03426
-0.123437
0.448958
0.523017
0.21718
0.399406
0.445252
-1.30227
0.872982
0.486139
0.14042
-0.562586
-0.0876596
-1.16593
0.864671
1.41406
0.680482
0.0443702
-0.0289128
0.166432
0.283223
-0.887301
0.504156
-0.322406
1.00047
0.708057
-0.224125
0.119723
0.524629
0.26613
0.187893
0.332311
-0.127301
0.108833
-0.308894
0.3376
-1.35814
-0.846816
-0.138691
-0.693049
0.138526
0.0537402
-0.864415
-0.439184
-0.679813
-1.56396
0.132116
-0.53393
1.39792
-0.254163
1.02292
1.66839
1.98357
-1.37995
-0.305667
1.07793
0.595416
-0.920574
-0.132275
-0.831691
1.02023
1.07346
-0.315268
0.0310073
-0.197625
0.305862
-0.235289
-0.63783
1.5208
-0.0959212
0.349435
0.0399805
0.135009
-0.540762
0.222243
0.0434527
-0.172565
0.49089
1.30413
0.0444816
0.0391923
0.308991
0.771106
-0.349851
0.396648
0.0644556
1.8044
0.342463
0.337015
0.885585
0.843568
-1.26384
-0.531337
-0.760616
0.546458
1.34459
0.0115526
1.01551
-0.252402
0.38105
0.415209
0.185317
0.0658494
0.289069
-2.10965
0.242831
1.24276
0.438088
1.07997
0.318642
-0.248125
-0.631651
0.448199
-0.0333896
-0.330029
0.0566902
-0.567399
0.364681
-0.132247
1.12681
-0.69212
-0.50829
-0.141758
0.089616
-0.446262
-0.106914
0.467658
0.803019
0.593358
-0.0945278
-0.579939
0.341086
0.272773
-0.599455
-0.227603
0.0188142
0.880575
-0.317831
-0.220266
0.277035
-0.297104
0.368338
-1.51236
-0.778064
-0.418297
-0.763331
-0.198531
-1.42019
-0.411093
1.50188
-0.0192024
-1.02591
0.561923
0.759071
-0.33203
0.724946
-0.619428
0.368126
0.460627
0.237093
-0.284111
-0.000786613
-0.480845
0.57135
-0.087271
-0.385799
-0.313379
1.25744
0.23581
0.149903
0.0986556
0.713102
-1.39744
0.0542204
0.00511794
-0.237657
-0.277613
0.133313
-0.470646
-0.0635251
0.510159
0.565188
0.6075
-0.136103
0.0163045
2.0127
-0.847816
-1.20517
0.0858105
0.656923
-0.269758
-0.662255
0.0895106
-1.08477
0.783271
-1.13199
-0.334743
-0.434321
-0.0116487
-0.763107
-0.531647
-0.956358
0.714805
1.59898
0.592834
-0.513734
-0.834636
0.107667
-0.670938
1.41584
1.0444
-0.373249
-0.671435
-0.173221
-0.835681
0.104906
-0.183255
0.0504253
0.0346051
-0.620877
0.270087
0.433504
1.25788
-0.4577
1.32087
-0.358781
-1.2522
-1.29058
-1.36621
-0.263448
0.0543869
-0.378179
0.137419
0.26359
-0.965502
0.215727
-0.013951
-0.337377
1.07438
-0.790084
0.614239
-0.372368
0.213615
0.01951
1.47686
-0.7458
-0.302687
-1.40446
0.294542
-1.53277
1.33183
0.0285254
1.01306
-0.270755
-0.567632
0.762588
-0.111858
-0.498346
0.129405
0.517977
0.353922
0.706302
1.0812
1.05732
-0.222236
0.34409
-0.610723
0.131729
-0.0186068
1.03451
-0.505947
0.00210792
-0.179598
-0.0275625
-0.627412
-0.825233
0.974374
-0.87377
0.14065
0.113885
0.831379
0.814358
0.8492
0.769331
0.607391
0.774711
-0.692613
0.0917122
0.930317
0.419588
-0.734565
-1.89187
-0.405496
0.153235
1.25731
0.468777
-0.497084
-0.856354
-0.00864444
0.766434
-0.606407
0.241957
0.179924
-0.327988
-0.305932
0.939835
0.139165
-0.934096
-0.434299
0.484552
-1.06673
0.784194
-0.117075
0.181618
-1.3649
0.269551
-0.430684
-1.09911
-0.983803
-0.442914
0.0965219
0.422814
-0.278549
-1.02129
-0.52735
0.53915
1.0539
-0.201308
0.316336
0.600289
-0.607014
-0.176754
0.963002
0.978468
-0.233258
0.513927
0.303211
0.466566
-0.788778
-0.0177122
0.528039
-1.07087
0.570023
0.497283
-0.392737
-0.364011
0.672301
-0.0035334
1.01841
0.881724
0.039063
-0.794917
-0.0681144
1.75164
1.28995
0.460645
-0.644988
0.0855945
-0.153876
0.0556892
0.6881
-0.238056
0.624002
-1.09174
-0.483022
-0.227639
-1.32357
0.260817
-0.491436
-0.502773
-0.920016
-0.478911
-0.195395
-1.83657
0.742733
-0.729513
0.270266
0.806632
0.371569
-0.434813
-0.0557108
0.758112
0.208646
-1.05026
-0.420696
1.16396
0.83633
-1.63718
-0.582291
-0.193805
0.506081
-0.504792
0.607767
0.865176
-0.553966
-1.02395
-0.361622
-0.354059
-0.670262
0.530498
-0.684505
0.903806
-0.359118
0.192166
-0.457407
0.265869
0.301022
-0.502481
1.0318
0.0450911
-0.369215
0.390006
-0.471809
-0.0203487
-1.06473
0.24458
-1.38865
0.324279
0.614304
0.879153
0.605674
-0.00840724
-0.939528
-0.940789
0.547745
-0.522465
0.636793
0.107149
-0.0720881
-0.709581
-0.145063
0.414113
-0.242562
-0.187126
1.10888
0.898622
-0.520705
-0.635946
0.461834
-0.868332
-0.935629
-0.483379
-0.514826
-0.663668
-1.17835
-0.764379
0.688194
-0.7281
0.388901
-0.797284
0.395574
-0.862353
0.671933
-1.08306
0.195482
0.670702
-0.785546
-0.676934
0.74118
0.0891568
0.243648
0.071062
0.0857805
-0.817348
0.11719
-0.655825
0.517682
0.559654
-0.377413
0.323225
1.39023
-0.664207
-0.907697
0.261836
0.814397
-0.123269
-0.65953
0.511649
-0.674658
-0.145755
-0.119129
0.853217
0.652903
-0.164227
0.613527
-0.402708
0.609195
-0.592623
0.0376188
-0.28423
0.369219
-0.160906
0.465407
0.778125
0.0478686
0.378393
-0.794399
-0.544458
-0.134513
-0.561749
-0.594426
-0.681972
0.208166
-1.34311
0.615765
1.19236
-0.299749
-1.26277
-1.15868
-0.198608
-0.383567
0.51258
-0.35671
1.37516
0.81467
-0.851472
0.644562
-0.423938
-0.545287
0.563087
0.0158805
-0.638631
0.464491
-0.934795
-1.13075
0.407197
0.768691
0.386189
1.08887
0.313513
0.250498
-0.948617
0.607469
0.0451158
0.0996378
-0.152749
0.727316
-0.9276
0.000979826
-1.01958
0.354078
-0.868531
-0.195567
0.299504
-0.790056
1.01283
-0.789365
-0.187878
0.737602
-1.25817
-0.914911
0.46418
-0.155388
0.0860613
-0.1847
0.43045
-0.164623
-1.43959
1.5457
-0.417567
-0.0412459
-0.56127
-0.0434614
-0.325469
0.672254
0.588469
0.818359
-0.230115
0.52521
-0.00639038
-0.0544911
-1.21516
-0.173864
0.172657
-1.43973
-0.0779856
-0.911674
-1.0115
0.895915
-0.314821
-0.885508
1.48912
-0.360348
-0.747905
-0.958857
-0.56966
-0.728622
0.0194376
-0.856717
-0.0301177
-1.63847
-0.233774
0.042918
-0.419848
1.32532
-0.102872
0.191852
0.72958
0.4624
0.357442
-0.875105
0.898066
1.17582
-0.507142
0.0884274
0.0659659
0.122982
0.0815555
-0.433243
0.285913
0.757938
-0.343765
1.54551
-0.675749
1.15774
1.11751
0.835572
0.966438
0.791268
0.244669
0.662371
-0.948733
-0.733326
-0.0348436
0.0622061
1.12717
-0.191222
-0.790245
0.0830905
-0.236618
-0.0600685
-0.789966
-0.980103
1.92107
0.731612
0.061567
-0.0789922
-0.877635
-0.963392
1.26421
0.0704326
0.262557
-0.34942
-0.978447
0.0539524
0.225983
0.941434
0.183535
1.31145
-0.546383
1.21607
1.53451
0.0671326
-1.03989
-0.136634
0.166806
-0.370257
-0.993881
-0.0350913
0.279812
0.120092
0.0324414
0.141172
0.114761
-0.714816
0.662977
-0.939389
0.200446
0.442574
-0.571263
-0.0406859
-1.24605
0.00886953
-0.104373
-0.913443
-0.562057
-1.27735
-0.211871
-0.446471
1.11367
-1.00506
-0.459138
0.998434
-0.584035
-0.751709
-0.371598
0.471039
0.369457
-0.469867
-1.10829
1.31204
-1.1496
0.902918
-0.168233
-0.536644
-0.78618
-0.304106
-0.885409
0.357869
0.844687
-1.12957
-0.844378
0.556094
-0.0166809
-0.562755
0.229669
0.710856
-0.443484
-0.310781
-1.16398
0.0403099
-0.463175
-0.0565933
-0.354114
1.10564
0.114279
-0.202753
-0.179245
0.36464
-0.726661
-0.067886
-0.71683
-0.154584
0.634203
-1.18296
0.396012
1.02983
-0.214509
-0.104603
1.30787
1.11586
0.153355
0.354375
0.294102
0.61411
0.902205
-0.609918
-0.451777
-0.369262
0.0817053
0.57488
-0.138998
0.753982
-0.234291
-0.0230083
-0.0929141
-0.727687
0.426128
-0.0325462
-0.427648
-0.828152
-1.22278
-0.530479
-0.210383
-0.322227
0.615303
-0.0190857
0.447453
-0.677271
0.804583
0.0494946
0.0487274
-0.0118129
1.05439
-0.249969
1.32423
-0.739889
-0.125011
-0.286247
-0.0230415
-0.691687
-0.100418
0.851677
1.31722
1.22835
-0.129191
1.07435
0.596789
0.10931
0.86536
-0.486787
1.4947
0.213014
-0.136385
-0.460182
-0.137447
-0.609919
-0.226018
0.410775
-0.876442
0.422262
0.373822
-1.07119
-0.720994
-0.464158
-0.149352
-0.760179
-0.455596
-1.06657
0.0340525
0.199828
-0.275708
0.58268
0.326471
-0.720135
-0.164554
-0.270942
0.789939
0.427058
1.19821
0.366767
-0.110235
-0.754576
-0.247484
-0.478348
0.182701
0.393084
1.2132
-0.0218955
0.209043
0.672291
0.035241
-0.0345956
-0.557831
0.448416
-0.458594
-0.531069
-0.288656
-0.139159
0.0888742
0.946858
-0.437173
-0.213274
0.677046
0.434061
0.292468
0.224154
0.686319
-1.36536
0.0898096
-0.0195626
0.911264
0.563653
-0.992843
-0.140876
-0.828193
-1.033
0.675953
0.173964
0.166248
1.13893
0.733262
-0.298979
0.693917
0.222953
0.59082
-0.106257
-0.0477003
-0.675059
0.435918
-0.456159
-0.693003
0.120316
0.318872
0.257818
-0.901213
0.146932
-0.509535
-0.0146095
0.632912
-1.05574
-1.01473
-0.641631
1.83409
-0.1817
-0.228899
0.332131
0.647366
-0.13644
0.45401
0.656577
0.299357
-0.741877
0.0828038
1.52346
0.0517068
0.222353
-0.451029
-0.339473
0.779771
0.88098
1.14443
-0.77238
0.24962
-1.10343
1.12473
-0.263025
-0.219199
-0.23836
1.69524
0.00247343
1.32795
-1.26019
-0.91592
-0.622318
-1.90183
-0.410134
0.824136
-0.9253
0.204649
0.383003
1.46667
-0.487535
-0.286893
0.253709
-0.488741
0.0975809
-0.634738
-0.319319
-0.615663
-0.90438
0.343424
-1.21092
-0.71911
-0.258344
0.116561
0.256595
-0.0121982
-0.280735
-1.06001
-0.932791
-0.113064
0.234893
0.124011
-0.458678
0.435566
0.446491
1.05449
-0.0746976
0.0813774
-0.0873384
-0.155549
0.886094
0.109639
1.01972
-0.598344
-0.131276
0.420672
0.495845
0.00765304
0.93693
-1.1971
-0.521593
-0.0640916
-0.257602
0.12793
-0.424197
0.829268
-0.0985505
-0.266278
0.0994876
0.103672
-0.812532
0.355865
0.377842
-0.469297
-0.526447
-0.328008
0.936568
-1.07379
-0.522342
1.05742
0.101514
0.0248674
-0.240236
-0.576532
-0.291566
0.477695
-0.293594
0.0451235
0.145025
-0.0459438
-0.546745
0.242915
0.603094
0.549374
-0.611745
0.468108
-0.930808
0.284314
-0.00142561
0.583279
-0.131031
0.607138
-0.619601
-0.763148
-1.09126
0.075803
0.159295
-0.863751
0.312269
0.0662824
1.08106
-0.762508
0.609788
0.145886
-0.0373708
0.233988
0.715601
0.111743
-0.640851
0.537281
0.508437
0.536642
-0.489256
-0.285776
0.554549
0.316229
-0.565042
1.1862
0.361662
-0.130672
-0.764332
-0.38888
0.0864552
-0.643669
0.890182
0.827657
-0.539911
-0.786484
-0.0931992
-1.4614
-0.044585
0.481756
-0.506963
-0.735004
0.117986
-0.192545
-0.583883
0.669011
0.56355
-0.510556
-0.607177
-0.238711
-0.0887298
0.167192
0.938605
-0.0121179
0.0757725
-0.405311
-0.73551
-0.207918
-0.35217
-0.933806
-0.269138
0.397343
-0.501939
-0.132994
-0.275246
-0.242172
0.175754
-0.27379
0.703137
0.622654
0.244198
0.773829
0.502017
0.426086
-0.00423175
0.0296426
0.195421
0.205263
-0.998961
0.202496
-0.442719
1.37925
-0.0898912
1.65526
0.63335
0.358138
1.18286
-0.885349
-0.778942
1.11274
-1.21347
-0.649834
0.540857
-0.466479
0.578413
0.249801
0.222274
0.412442
0.562375
-0.489268
0.673095
1.50847
-0.700696
-1.00595
1.93013
-0.302185
0.283847
0.193781
1.1345
0.178107
-0.148679
-0.659441
-0.447041
-0.193696
-0.324146
0.498343
0.778957
1.11805
0.19009
-1.073
0.720566
0.00581911
1.52497
0.226743
-0.799017
-0.220039
-0.694874
0.015554
-0.135032
0.210261
-0.131041
0.0571275
-0.400146
0.367601
0.50744
0.160804
0.0984099
-1.25534
0.631799
-0.291154
0.191654
0.435615
-0.594763
1.14896
-0.283639
0.0386195
0.527791
-0.348466
0.231808
-0.305882
-0.578359
-1.0793
0.126831
-0.757553
0.540203
0.727822
-0.249134
-1.38869
-0.345068
0.366341
0.494084
0.745278
1.83192
-0.904002
0.00452336
-0.87143
-0.196404
0.550432
0.293112
-0.270837
-0.61135
-0.370947
-0.735565
-0.257629
-0.431582
0.0983203
-0.24074
0.748649
-0.0969145
0.839684
1.14994
0.714337
0.0259376
-0.71747
-1.07652
0.810024
0.458623
0.460058
0.050122
-0.540461
0.0460821
0.11096
0.324283
0.0251031
0.681184
0.239576
-0.490025
0.299802
1.84279
0.0453416
-0.865564
-0.668387
-0.268071
-0.145386
-1.39498
1.13688
0.381667
-0.101247
1.01763
-0.641859
-0.267903
-0.570889
0.250803
0.355438
0.0995837
0.14674
-0.703242
0.496466
0.578855
0.425478
1.04671
-0.421307
0.515573
0.2907
-0.219161
-0.00720191
-0.0966443
0.178735
0.337451
0.18038
0.285011
0.550919
-1.07154
-0.657785
-0.0802368
0.698526
-0.28909
0.269917
0.595364
0.724712
0.387922
-0.0387915
0.834928
0.0764729
0.917826
-0.30306
-1.56237
-0.296183
0.653444
-0.083169
-0.145751
-0.595691
-0.699305
0.149856
-0.631496
-0.505751
0.583439
-0.120114
0.873491
0.0444177
0.549649
-0.156241
0.0303117
0.0078942
0.342444
0.0268788
-0.00858378
-0.35711
-0.735059
-0.668145
-0.333549
-0.108422
-0.0871955
0.0495086
0.284269
-0.744313
0.400857
1.31486
1.48051
0.70416
-0.478279
0.468556
-0.338276
-0.239619
-0.214246
0.433088
0.858595
0.457688
0.415246
-0.866855
-2.0781
-0.0713854
-1.36544
-1.06729
0.00479597
-0.868843
0.448735
-1.54525
-0.897757
0.258868
-0.45531
0.237269
-0.779979
-0.216162
0.0268117
-0.247866
-0.328875
-0.158498
0.410689
0.570755
0.884357
-0.443598
0.636461
-0.16113
0.281784
0.493353
-0.409549
0.131819
-0.298724
0.268388
-0.333746
-0.480506
0.993722
-0.200674
0.931754
-0.874996
0.60516
0.695373
0.279376
0.434566
-0.38228
0.252506
1.43984
0.387506
-0.0831539
1.00922
0.654925
0.486336
0.489707
0.487109
0.851452
-0.699298
0.360906
0.525025
1.22981
0.436843
0.7985
-0.653794
0.543386
0.70577
-0.0515641
0.862446
0.879284
-0.597285
0.900548
0.439633
-0.608109
0.811461
0.184158
-0.628527
0.805887
0.348637
-0.860641
0.0404329
-0.21776
0.0441433
-0.0198954
-0.431203
0.826724
0.321032
-1.15619
-0.163133
1.11392
-0.103758
0.450669
-0.468206
1.63814
0.579404
0.144854
-1.01894
0.24629
-0.637372
-0.381027
0.978594
0.251101
0.169035
0.0521855
-1.23639
-0.0237933
0.178188
-0.276444
0.60166
-0.377899
-1.1141
-0.227513
-0.945558
0.166543
0.932424
0.0503458
-1.22273
0.521549
-1.40294
-0.246707
0.709555
0.0379693
0.673201
0.883777
-0.973537
0.341243
0.870802
0.231095
-1.21782
-0.905268
-0.278159
-1.43034
0.0375082
-0.791116
1.13472
0.417537
-0.589267
-1.18816
-0.448821
0.337737
-0.142963
0.983422
-0.536293
-0.279763
0.283906
0.666067
0.283241
0.905839
-0.158449
0.516416
-0.398416
0.326602
1.67311
0.0581203
-1.13189
0.00651925
0.51482
-0.908578
-0.536365
1.31989
-0.247022
0.584571
-1.27271
-0.968129
-0.413812
0.268787
-0.0542902
1.1054
-1.20798
-0.430283
0.0319235
1.08228
0.138252
0.233525
-0.395454
0.37981
-0.514827
-1.02945
0.496641
0.286134
-0.424608
0.593437
-0.0198162
0.423503
-0.517609
-0.0745893
0.497893
-1.43145
-0.444184
1.015
-1.99441
0.348376
1.21355
0.442272
-0.367547
0.243521
1.21909
-0.330016
-0.967364
-0.812869
-0.159279
-0.164264
0.480542
-0.0945763
0.311886
-1.18894
0.586254
-0.96272
-0.843752
0.0270454
0.880074
0.789992
1.54675
-0.243087
-0.638376
-0.632317
-0.279152
-0.507479
-0.0467186
-0.610934
-0.317589
0.69059
-1.13899
-0.509007
-0.852098
0.793658
-0.630241
-0.100925
0.0277435
-0.330347
1.06724
0.0315383
-0.299479
0.140584
-0.00778034
-1.19135
0.654045
-0.398842
0.751907
0.254205
1.16952
0.494397
0.0712247
-0.170562
1.01317
1.37623
0.473672
0.530781
0.0879331
0.813018
0.901386
0.534597
0.322383
1.59603
0.575241
0.369428
-0.758758
-1.04161
0.360561
0.252197
-0.113678
0.958043
0.113431
-0.807827
-0.161571
-0.729812
0.543641
0.312498
0.471328
-0.697068
-0.371784
0.497154
-0.770611
-0.360138
-0.71746
-0.383716
0.938331
-0.253872
-0.396611
-0.368935
0.101764
-1.25448
0.88588
0.344969
-0.632402
-0.437283
-0.91476
0.504268
-1.17701
0.260963
0.17014
-0.577683
-0.368813
-0.123662
-0.11657
0.177662
-0.524316
-0.110899
-0.399088
1.09499
-0.132327
0.3209
-1.16201
-0.0793557
0.557729
-0.453908
0.241894
-0.576582
-0.687312
0.187073
0.833384
-1.36375
-0.11752
0.240632
0.146595
-0.86291
-0.121994
0.46739
-0.434842
-0.0671563
-0.321348
-0.525335
-0.0730418
0.78332
1.14713
0.188077
0.188872
-0.866727
-0.416784
0.421207
0.49884
-0.7173
-0.0851344
-0.0102529
-0.606687
0.835627
0.711297
0.364191
0.511855
0.38397
0.481035
0.505325
0.602804
0.639581
-0.246059
0.130369
0.538723
0.0888548
0.536885
0.0823641
0.139755
0.992272
-0.498486
-1.07267
0.29253
1.06824
0.216743
0.155357
-0.387925
-0.0933342
-0.203558
-0.197594
0.983734
-0.279094
0.988874
-0.511632
-0.874384
-0.0355153
-0.224574
1.07948
-0.118521
0.230866
1.30147
-1.25687
0.784422
-0.356799
-0.800356
0.547192
0.656428
-0.0221471
-0.359573
1.01241
-0.977879
0.40426
-0.0877989
0.000147284
0.559123
0.854095
-0.311715
0.202529
0.858902
1.63499
-0.261675
0.948691
0.56148
0.859587
-0.983976
0.165526
-0.272451
0.495472
0.227732
0.183724
-0.675026
-0.0310813
0.791553
-0.0223781
0.265472
-0.268414
-0.913572
0.67723
0.378444
0.664936
-0.0198079
0.107091
0.450068
0.0289086
1.14975
-0.454641
0.264739
-1.3265
0.0970663
-0.255463
0.159278
-1.00966
-0.924536
0.441363
-0.913271
-0.290164
0.265867
0.682851
-0.363369
0.287148
-1.21362
0.189681
-0.119817
0.100641
0.944518
-0.388608
1.24787
-0.231196
-0.0469203
1.19289
0.0647368
0.94636
0.145073
-0.596918
0.1059
0.26722
0.283179
-0.0142751
-0.988201
-0.357921
0.291297
0.633067
-0.232137
-0.534463
0.00370004
-0.816869
-0.872953
-1.48074
0.397974
0.00603403
0.384286
-0.711504
-0.26395
-0.0113977
-0.293439
-0.63063
-0.0916608
1.12395
0.335487
0.807598
-0.0672143
0.72992
-0.540893
-0.482775
-0.471976
0.390328
-0.68399
-0.130921
-0.869235
0.144386
1.16575
-1.75496
1.00731
0.300482
0.746312
-1.19965
-0.583741
-0.220458
-0.113895
-0.310358
-0.138945
0.698963
0.155038
-0.606414
0.324839
-0.119923
-1.91155
0.457016
0.0847542
0.463306
0.0256023
-0.304177
-0.471609
-1.18003
1.5048
0.158851
0.0651013
-0.557413
-0.0249427
-0.234378
-0.148575
-0.908636
0.483652
-0.763086
-0.596717
-0.293186
0.47211
-0.788157
0.111699
0.881593
-0.462103
-0.249198
-0.334343
-0.320489
0.906175
-0.267278
-0.617692
0.83957
0.0858214
0.687688
-0.191141
-0.869454
0.21504
-0.189884
-0.604341
-0.0849295
0.039741
0.164889
-0.144093
0.274526
-0.632564
-0.178884
-0.395404
-1.18883
-1.02722
-1.17571
0.165382
-0.324719
0.72857
0.0762278
-1.02673
-1.49314
0.437493
-0.121434
1.48341
0.201063
0.374684
-0.149355
0.168423
-0.0974036
-0.0432361
0.147549
0.684433
0.468966
-0.366058
0.289438
0.613397
-0.0840399
-0.410657
-0.333085
-0.0231315
0.191006
-0.134021
-0.200777
-0.14625
0.881657
-0.437912
-0.230533
0.322083
0.318876
-1.29421
-0.299819
0.929993
0.0637603
-0.342895
-0.358003
-0.0669897
-1.36295
-0.00344548
0.000860237
0.648381
-0.0216522
0.806577
0.0314169
0.431474
0.0384144
-0.240146
0.113662
0.587885
-0.404213
-1.27749
0.328498
-0.696749
-0.0266768
-0.0214622
-0.614371
0.749877
-0.505325
0.788246
0.671982
-0.113677
0.419953
0.918192
-0.319446
-0.0247915
-0.55743
0.568326
0.55023
-0.0982506
-0.149005
0.0593729
-0.0582771
1.11637
-1.08818
-1.01818
0.417077
0.958667
0.00603357
-0.18845
-0.199873
-0.390237
0.0366284
0.524145
-0.174935
0.797112
-1.10354
-1.31095
0.352516
-0.802982
-0.818541
-1.15943
-0.420975
-0.0585332
0.307832
-0.299119
-0.621262
0.96083
0.601695
-0.462197
0.0582843
-1.05254
-0.069167
-0.222202
-0.576071
-0.218616
-0.201445
1.28355
-1.05387
0.410601
-0.791497
-0.969747
-0.77971
-0.415546
-0.556737
0.068762
-0.181887
0.064264
0.830827
-0.163072
1.2514
0.307101
0.67021
-0.118009
-0.688598
0.705116
-0.912903
-0.458405
-0.106642
0.490242
-0.353607
0.0424594
-0.131509
0.478379
-1.09908
1.24391
-0.0318579
0.0644139
-0.654308
0.362342
-0.470565
0.42727
-0.0726594
0.333726
-0.573311
0.128099
0.578547
-0.186752
-0.22524
-0.729264
-0.331739
-0.454955
0.808882
0.688193
-0.450569
0.263162
-0.373525
0.342736
-0.429523
0.912319
-0.0860263
-0.499333
-0.771467
1.10844
0.0317167
0.0487135
-0.268294
-0.426679
1.16024
0.461231
0.660578
0.690097
-0.689191
0.82524
0.636247
1.59068
0.455787
0.243888
0.40121
-0.658669
0.836448
-0.0860097
-0.498065
0.524277
-0.18081
-0.456141
-0.0279195
0.00740668
0.563698
0.170742
0.13484
0.512209
-0.71129
0.192929
-0.490523
0.550057
-0.8811
0.147732
-0.295684
-0.308366
0.90413
-0.720343
0.297003
0.0828053
-0.249138
0.0193056
-1.17978
-0.208637
-0.161696
0.526964
0.23855
0.111022
-0.218966
-0.113647
-1.56542
0.0749091
-0.831352
0.170513
-0.533629
0.369803
-0.755538
0.430464
0.485086
0.625325
0.361315
0.91382
-0.661732
-1.33446
0.76899
-1.46217
-0.782123
-0.392909
-0.372997
-0.259651
0.978013
-1.27669
-1.22921
-0.374589
-0.848237
0.218443
-0.408799
0.37476
0.0779315
0.341122
1.01401
0.742165
-0.274629
0.0118401
0.0730487
0.757837
-0.603092
-0.400214
0.320528
0.615935
0.472275
1.4462
-0.0867183
-0.922505
0.886457
-1.0881
-0.353047
0.480541
-0.229183
0.105362
0.114732
0.396161
0.0433614
-1.11634
-0.327469
-0.358351
0.425163
-0.227557
0.458607
-0.48871
0.591267
0.239994
0.165589
-0.269427
0.074193
-0.151357
0.77604
0.588641
0.757651
0.201762
0.272539
-0.116106
0.138053
0.0748539
0.0329373
-0.83056
-0.352332
0.477603
0.453159
0.141451
-0.281901
-0.20479
-0.173936
0.144809
-0.162222
-0.61268
0.598209
-0.699688
-0.189687
-1.16702
0.775337
-0.187803
0.131388
-0.561189
0.0929343
-0.433254
-0.103549
-0.918078
-0.282195
0.211752
-0.931947
-0.675903
-0.494297
-0.564815
-0.537568
0.602531
0.094205
-0.0914105
-0.264602
-0.0381129
0.389922
0.411624
-1.11721
-0.17877
0.165531
-1.1249
-0.595019
0.361741
0.0296819
0.286945
0.119897
1.58643
-0.365322
-0.330916
-0.735475
0.688012
-0.537691
-0.140104
0.472809
1.07217
0.032173
-0.371349
-0.0616059
0.081378
-0.10782
0.493374
-1.175
-0.39954
1.20011
-0.694027
1.02215
-0.37744
-0.04531
-0.510043
0.505062
0.522678
-0.53582
0.63071
-0.250616
0.477228
0.292473
-0.535344
-0.975392
-0.877037
-0.996033
-1.01456
-0.20754
-0.0736129
-0.613544
1.36492
-0.865576
-0.337615
2.1431
0.192691
0.065104
0.700876
0.35569
-1.37359
-0.536771
-0.858118
1.52151
0.424861
0.868337
0.345431
0.292829
0.103479
0.645764
0.377319
0.407371
-0.33562
-0.65726
1.80626
-0.299631
-0.771037
0.957631
-0.753031
-1.12985
1.0991
1.23605
-1.29126
0.257078
0.394778
1.36337
0.876909
-0.443846
0.411019
0.716181
0.153196
0.165362
0.336179
1.18648
0.447005
0.610021
-0.479052
0.371831
-0.0652189
0.312437
0.901478
0.346521
-0.620548
0.135607
-0.401574
-0.353255
0.741941
0.558885
0.253782
0.231554
0.125211
0.21827
-0.507205
-0.29518
0.391919
-0.039331
0.682391
-1.4038
0.133056
-0.0721733
0.819809
-0.0784893
-0.590531
0.416279
0.658847
0.919446
0.549686
0.515035
0.0214449
-0.433131
0.64071
0.237117
-1.15305
0.132626
-1.01142
0.405979
-0.326477
-0.987962
-0.0483848
-0.0818452
-0.519815
-0.380187
-0.111301
-0.45263
0.58987
1.75315
-0.253926
0.390459
0.599297
0.33182
-2.04015
0.491347
0.18088
-1.22115
0.0269597
0.724425
0.888539
-1.22629
-0.255508
-0.828844
-0.623151
-1.2174
-1.33521
-1.11119
-0.775667
0.290008
0.632264
-0.887745
-1.22336
0.194475
0.147608
-0.171774
0.635959
-0.627027
0.319308
0.733436
-0.392108
-0.0398976
0.647416
0.11847
-0.250918
0.0881181
0.880668
-0.584055
1.05967
-0.182081
0.190158
-0.676419
0.470162
-0.485909
-0.734422
0.431613
0.904939
-0.196862
0.919496
0.458761
0.558308
-0.731902
0.208058
0.390996
-0.199799
0.210703
0.977966
-0.862415
-0.982778
1.14411
-1.16989
-0.615988
-0.24732
0.0559791
-0.356643
-0.332945
-0.9012
0.328434
0.353657
0.668115
1.05184
-0.375751
-0.143383
-0.922036
0.249443
0.161813
0.571203
-0.208439
-0.255144
0.60455
0.141566
0.195649
0.109374
0.852643
-1.2034
0.605843
-0.353784
-0.386655
0.636795
-0.187446
0.279271
-1.54517
-0.0321156
-0.583265
-0.591537
-0.673586
1.24448
-0.0204962
0.667573
0.599878
0.0104496
0.54576
0.567111
-0.25697
0.603418
-0.812932
0.731102
0.157393
0.934764
0.060297
-0.170743
0.0241271
0.464096
-0.288954
-1.01482
-1.07117
0.101173
0.200253
0.292306
-0.889432
-0.252156
0.353706
-0.652834
0.392135
-0.270473
-0.982917
0.511794
-0.0424819
-0.339319
-0.298578
0.881533
0.493756
-0.0140444
0.0213872
0.0518633
-0.151276
1.02962
0.246571
0.129138
0.402626
-0.478483
0.853974
-0.177407
0.404461
-1.07625
1.12837
-0.0771896
-1.39144
-1.38618
-0.00232501
0.337395
0.41786
1.03374
0.660799
1.11856
-1.0536
-0.750417
0.200596
0.0961584
-0.404037
0.418706
0.853832
1.11484
0.366198
0.1689
0.26878
0.206726
-1.5019
0.095546
-1.13578
1.72379
0.30456
-1.33844
1.35675
0.49009
-0.0435702
1.062
0.769406
0.597926
-0.0159601
-0.954146
0.900335
-0.20269
0.814624
-0.503329
0.826988
-0.465351
0.224542
-0.301552
-0.191791
0.689957
-0.841551
-0.598901
-0.568017
1.26666
-1.38867
-0.23009
-0.0271575
-0.657232
-0.423109
0.958847
-0.768011
-0.0308551
-0.728619
0.325889
-0.840453
-1.53935
0.471133
-0.293462
0.630227
0.100744
1.21422
1.36693
-0.164581
0.46595
-0.34062
-1.19403
0.856595
-0.403508
0.356113
0.855725
0.373408
-0.0381866
-1.08915
-0.556972
-0.489054
-0.687361
0.160824
-0.667681
-0.992467
-0.0779116
-0.276605
0.539483
0.829065
0.482318
-0.26512
0.122987
0.430665
-1.27874
0.175767
-0.224906
-0.563372
-1.0573
-0.502019
-0.659833
0.958103
0.0102461
-0.573799
-0.462909
0.430911
-1.02169
-0.128463
0.0112909
0.546998
0.578374
0.330215
0.045561
-0.370362
-0.149738
0.0961385
0.284669
-1.14076
-0.507557
0.650397
-0.673799
0.329539
-0.760977
-0.888187
0.851078
-0.177831
-0.577018
-0.630452
0.0664365
-0.264999
-0.326083
-0.129271
-0.55574
-0.374316
-0.950088
0.426618
-0.439042
1.00979
-0.653843
0.266932
-0.480718
-0.92015
-0.0261424
0.381477
0.419707
0.858237
1.37781
-0.705811
0.833415
-0.444044
0.797663
0.068682
0.664273
-0.610041
-0.207793
0.931317
-0.611254
-0.582731
-0.612371
0.0961562
0.232931
0.536799
0.592142
-0.101695
0.312342
-0.333079
-0.952965
0.0391957
-1.02456
-0.306677
-1.58025
0.776843
-1.78428
-0.818096
0.501352
0.3317
-1.0575
0.766239
-1.03443
0.669748
-0.262461
0.402695
0.324846
-0.505242
1.02997
1.1828
-1.0426
-0.103821
0.230408
-1.05592
-0.118644
1.09487
0.155505
-0.640273
0.222667
0.754885
0.111481
-1.75082
-0.395955
0.779236
-0.387665
0.984043
0.251727
1.96861
0.104396
0.535243
0.137233
-0.0933616
-0.943175
0.154228
-0.41863
0.309977
1.03355
0.809568
-0.639167
0.276619
0.331613
0.272845
-0.468327
1.10428
-0.715134
-0.549733
0.614611
0.184831
0.0605806
-0.36432
1.2832
-0.316914
-0.249345
0.0569675
-0.0923304
0.508129
-0.190297
1.80074
-0.425648
-0.911297
0.531495
0.671174
0.00356526
0.289608
-0.34943
-1.00577
-0.672647
0.409169
0.64814
-0.433988
0.167204
0.445556
-0.844663
0.691019
-0.0907142
-0.385475
0.376283
0.90966
0.438248
0.763546
-0.165586
0.731708
-0.464703
-0.0285518
-0.68828
1.248
-1.15488
0.610099
0.68804
-0.417885
0.983145
-1.46045
-0.144522
-0.939102
0.175714
-0.790023
0.999081
-0.628475
0.277558
-1.44123
0.392278
1.24935
-1.21566
0.385412
0.44351
0.388795
0.110076
0.209219
0.520665
-0.870423
-0.415039
1.08253
0.565907
-0.270695
0.109769
-0.242744
0.342365
0.425531
-0.908612
-0.780659
-0.422756
-0.359938
-0.80656
1.13705
0.0459213
-0.122029
-0.0264222
0.0303242
-0.663819
-1.19511
-0.739578
0.836857
0.593154
-0.29243
1.08227
-0.361415
-1.07926
-1.76942
-0.603376
0.268996
0.576347
0.0476979
-0.339926
-0.733528
0.255868
-0.989046
-0.0839733
-0.503814
-0.436797
0.68931
0.757468
-1.68371
0.708414
0.910697
-0.494229
0.775248
0.0191207
-0.127552
0.184154
1.21182
-0.605641
-0.284372
0.599332
-0.100379
-0.592089
0.0276812
-0.119908
-0.290758
-0.552749
1.07822
-0.412761
0.39162
-0.358485
-0.10748
0.0121723
0.765179
-0.765799
0.488408
0.828784
0.276249
-0.240314
-0.00707385
0.678588
-0.0246723
-1.33659
-0.112916
0.0259037
0.494591
0.17932
-0.334492
0.134267
-0.787121
0.452547
0.0714581
0.437567
0.0802983
-0.812519
-0.807186
-0.214122
-0.714186
0.12983
0.733459
0.499113
-0.428242
-0.87198
0.243626
0.216116
0.307557
0.630038
0.138522
-0.455759
-1.04898
0.0430264
-0.866385
1.01954
0.279587
0.155386
-0.905252
-1.61898
-0.38089
0.305927
-0.599526
0.127454
0.226382
1.04351
-0.633893
-0.491154
-0.500487
0.412337
0.32781
0.640154
0.601828
0.110482
-0.926231
-0.29785
-0.632097
1.10864
-1.15215
0.246522
0.211885
-0.0908091
-0.677563
1.16221
-0.519065
0.359833
0.345589
0.0243418
1.22437
-0.289835
-0.259642
0.43079
0.0664927
-0.640965
-0.15631
-0.735788
0.416836
0.129368
0.907499
0.138484
-0.866064
0.0630408
-0.202406
0.702334
0.845235
0.315347
0.167206
-0.0371097
-0.528961
-1.1172
-0.22348
0.483112
0.141954
0.684106
-1.18424
-0.0921901
-0.00241268
0.244595
0.355666
-0.942234
0.734863
-1.03541
-0.260234
0.27808
-0.368677
0.126707
-0.10981
-0.873087
0.560529
-0.429532
-0.013786
-1.36895
0.979407
-0.456476
-0.144771
0.872039
0.378404
-0.137318
0.0740579
-0.0688653
-0.602714
1.31445
0.715969
-0.632751
1.7099
0.0434782
0.173828
-0.63158
0.0917047
0.704792
-0.0558394
-0.284434
1.32777
0.359053
0.63994
0.656201
-0.125681
-0.845263
-0.737592
-0.477606
-0.182927
-0.852951
-0.0756732
0.301382
-0.20277
-0.0437987
-1.22493
-0.327015
-0.513752
0.963722
-1.06662
-0.926916
0.0817751
0.492473
-1.44955
0.59462
-1.6212
-0.0791368
-0.665891
-0.660656
-0.294469
-0.346497
0.401295
0.368049
-0.344022
0.596483
-0.784384
0.285103
0.364078
0.105831
-0.287826
0.476285
-0.546435
-0.605679
-0.270803
0.119853
-1.37602
-0.421877
0.654485
0.270029
-0.445123
0.0110178
-0.294614
-1.19978
1.7665
-0.363381
1.26415
0.4646
0.695191
0.00767798
-0.410231
-0.959204
1.74091
-1.24224
-0.86644
-0.738274
0.401197
0.69141
-0.752827
0.697165
-0.0641786
0.794869
-0.140878
0.196095
-0.35803
-0.536804
0.218497
-0.678093
-1.56666
-0.259805
1.01417
0.841636
0.751519
0.0746792
1.30963
0.291261
0.12185
-0.334766
0.0550412
-0.750285
-0.29572
0.584258
-0.377328
-0.613281
0.979966
-0.211131
0.0209685
0.798227
0.0992327
0.359221
-0.45754
-0.104526
0.557683
-0.947764
-0.012918
-0.566469
-0.23268
-0.0991624
0.963005
0.57687
0.424652
0.0657525
0.0672794
-0.840429
-0.320035
-0.909816
-0.263622
-0.599439
0.237397
1.33372
-0.254511
0.150195
0.195397
-0.323396
-0.143448
-0.406093
-0.795654
-0.379275
1.04867
-0.422922
-0.265617
0.709874
0.567406
-0.187437
0.317834
0.047137
-0.265528
-0.335848
0.0738445
1.0352
0.717988
0.196033
0.511599
-0.0210693
-0.741945
-0.252501
-0.276827
-0.0380462
-0.410679
-0.0664846
0.421325
1.09813
0.129752
1.01896
0.409888
0.775122
0.108168
0.478226
-0.450352
-0.85033
-0.107532
-0.0549839
0.0279882
0.0281104
0.381589
0.732473
-0.24902
0.023895
-0.363047
-0.616057
0.0178702
0.117351
0.158602
-0.178823
0.158704
-0.00216322
0.357921
-0.0693477
-0.396068
-0.990761
0.102716
-1.18667
-0.0915984
0.861164
0.00669755
1.36805
0.0188373
0.00825297
0.0330913
-0.0320914
1.15216
-0.367791
-0.41511
0.201255
-0.739074
0.531831
0.0188947
-0.6447
-0.279147
0.155191
0.695726
-0.184859
-0.903726
0.267117
0.055456
-0.93343
0.654437
-0.14477
-1.24191
-0.270496
-0.123801
0.612275
0.452217
-0.515252
0.0257101
0.981613
-0.6407
0.305961
0.412926
-0.268176
-0.399241
-0.374292
-1.0364
0.869067
-0.177457
-0.264264
0.532043
-0.499353
-0.62498
0.354149
0.000717931
0.643564
-0.689066
-0.00500982
1.41179
0.512777
-0.489808
-0.765365
0.719132
0.113726
-0.277602
0.360439
-0.124449
0.26267
-0.310485
0.543949
0.391802
-0.764179
0.138423
-0.380198
0.555329
-0.498568
0.572429
0.222139
0.333382
-0.110837
0.453308
-0.1701
-0.611354
0.516642
-0.774278
-0.560065
-0.55734
-1.12144
-0.92287
-0.381345
-1.4842
0.0708001
-0.754207
-0.236076
0.942926
0.301019
-0.00887063
1.54837
0.218582
0.234052
0.102229
0.975636
1.00043
-0.47937
0.0932438
-0.850576
0.390608
0.0271047
-0.427072
-0.246406
0.434302
0.986347
-0.0444122
0.16602
0.614319
-0.800355
0.900505
0.254321
0.359627
-0.358799
0.388862
-0.272587
0.287721
0.0252044
-0.14062
-0.339589
-0.412854
0.223026
-0.200046
0.21979
-0.527114
-0.586426
-0.391941
-2.093
0.0177615
-0.323774
-0.165709
0.0400182
-0.266062
-0.583619
-1.1133
0.0953909
0.534271
-1.14942
0.64252
-1.08699
-0.624291
-0.753787
-0.647626
-0.076915
0.0775788
0.674393
-1.95393
-0.941088
0.703438
-0.276813
0.600561
-0.444448
-0.102548
0.0407042
-0.305665
-0.633587
-0.439576
0.0345785
-0.282304
-0.751604
-0.066773
0.0900075
-0.239829
0.872896
-0.901501
0.526844
-0.530015
-1.27229
-0.918821
0.656029
-0.724927
0.495621
-0.00997859
0.250145
-0.289521
-0.526722
-1.05863
-0.585163
0.913042
0.291749
0.164426
-0.653115
0.357396
-0.0300878
-0.0185637
0.985521
-0.803029
-0.564447
-1.04921
-0.575481
0.793469
0.0803994
0.348634
-0.115122
-0.10892
0.92666
0.562363
1.04592
-1.68124
1.79846
0.00612483
0.345232
0.135606
0.117113
0.562665
0.657367
-0.797827
-0.735803
0.797301
-0.370727
-0.26947
0.034906
-0.131876
-0.608945
0.234742
0.761283
-0.639456
0.0155232
-0.515057
0.290128
-0.49199
0.445303
-0.722546
-0.756961
0.525282
-1.20476
-0.340352
0.145002
-0.614508
0.806799
-0.36795
-0.729179
0.389129
-0.347992
1.07803
0.0890258
-1.09965
0.0202548
-0.999577
0.0808408
-1.09924
0.46185
0.961034
0.119377
0.137106
-0.162688
0.290382
0.32168
1.0099
0.210094
-0.470043
0.652883
-0.348359
0.132338
-0.67613
-0.77601
0.46866
-0.775304
1.31535
-0.283191
-0.084263
0.796854
-0.138832
-0.567159
-0.827873
0.441958
-1.56994
-0.173632
0.0162443
-0.0301635
0.495078
0.136284
0.117019
0.0192177
0.422804
0.667951
-0.269398
-0.520401
0.680192
-0.536249
0.526728
1.01354
0.0210047
0.416207
-0.0615864
0.677489
0.348424
0.24288
-1.37168
0.854324
-1.05472
-0.0174898
-0.4161
-0.0299166
-0.0408722
-0.267452
-0.513813
-0.367903
-0.0313756
-0.667458
0.706438
1.23091
0.0979463
0.374716
0.682065
0.673144
0.752323
-0.646309
0.91129
-0.302296
0.465863
-0.161578
-0.368488
-0.22249
-1.24882
-0.715516
0.249711
-0.664077
1.18406
-0.237961
-0.216512
-0.0628155
-0.253393
1.06941
1.31633
0.636869
0.887611
-1.28387
1.7063
0.312779
0.191752
0.973673
-0.801209
-0.888193
0.633196
0.388596
-0.556139
0.579701
0.848279
0.317817
0.321671
-1.2728
-0.295036
0.265097
0.493913
0.88051
0.187006
-0.0511611
-0.490772
-0.561131
0.493859
0.451851
-1.15325
-0.0077054
-0.41488
-0.195328
-0.457364
0.87036
-0.362004
-0.431079
-1.44725
0.878608
-0.518923
0.555164
0.317243
-0.287094
0.7317
0.132541
-0.143431
1.01466
0.466157
0.0592486
0.892913
-1.31638
0.416022
-0.737377
-0.73655
-0.228732
-0.840504
0.234943
-0.171401
0.193141
-0.13804
1.7247
-0.560997
-0.189295
1.05305
0.237282
0.251813
0.347341
1.32963
-1.30643
0.918582
0.379478
0.684466
0.277223
0.00877605
-0.12119
0.376188
0.944238
-0.228374
-0.253333
0.118146
-0.756132
0.566435
0.578964
-0.720483
0.126019
-0.187321
-0.767804
-0.807894
-0.570962
0.751446
0.723569
-0.657915
-0.78901
-0.345737
0.933211
-0.638413
-0.94694
-0.227562
-0.113234
0.218228
1.03948
0.318464
-0.429728
0.397637
-0.21335
1.67966
-1.30613
-0.609104
0.439251
-0.361734
-1.0659
-0.32144
-0.440094
0.929534
0.3568
0.44677
-0.73646
-0.253574
-0.416835
-0.771568
-0.392932
1.06462
-0.849639
-0.74406
0.228206
-0.324321
0.18508
0.0173746
0.196972
-0.745864
-1.3583
-0.273598
0.0321392
0.75705
0.291457
1.47377
-1.87581
1.22623
-0.738899
0.605989
0.326032
0.359301
0.345834
-0.378878
0.360527
1.33409
0.375043
1.17297
0.779468
0.79111
1.4814
0.23156
0.113537
0.96269
0.0357345
0.167316
0.0381883
-0.0656133
0.13323
-0.424591
-1.14538
-0.936478
-0.193188
0.404018
-0.761076
0.499837
0.122141
-0.348038
-0.203493
-0.510197
0.217046
-0.404294
1.16655
0.520275
-0.0569803
-0.19337
-0.447888
-0.357021
0.440669
-0.289432
0.385581
0.173412
0.460322
-0.478235
1.16569
0.0442022
-0.648557
-0.0188384
-0.772523
-1.0186
-0.669017
0.337232
0.835182
-1.06226
-0.41478
-0.346269
-0.514323
-1.53367
0.311315
-0.594792
0.777337
-0.104658
0.640326
0.944444
-0.396475
-0.482335
-1.23012
0.632258
-0.193941
0.273376
-0.429183
0.0943385
0.482206
-0.669374
0.0373937
0.455457
0.414979
1.15548
-0.509075
0.184147
0.818094
-0.0812778
0.978131
1.20089
0.0144431
-1.75978
0.0733743
-0.419143
-0.479171
0.69214
-0.685251
-0.921048
1.14535
-0.155166
0.0513275
-0.7441
0.233273
1.88676
0.859948
-0.07137
-0.32535
0.330574
0.462339
0.061206
0.613369
0.163729
1.00997
-0.0462691
0.504115
-0.360665
0.462579
0.194529
1.02368
0.659958
0.0447848
-0.908383
-0.499674
0.266452
-0.397679
1.18061
-0.0917591
-1.1275
0.0867528
-0.631527
-0.446391
0.550503
0.00502446
-0.0580041
0.684455
0.757539
-0.103921
-0.588329
-0.491649
0.238831
-0.144646
0.133641
-0.0184322
0.00165583
0.46678
0.127089
-0.308026
0.559668
-0.108254
-0.275198
-0.879853
-0.263454
-0.476863
-0.524499
0.23244
0.478634
0.27531
0.27587
0.266242
0.246956
-0.845074
1.00781
0.417446
0.686859
0.40583
-0.959366
0.239739
-0.524327
0.228558
-0.826836
-0.582637
-0.216075
0.886133
0.16814
-0.644704
-1.28941
-0.597088
-0.972296
-0.861012
-0.66819
-1.33726
-0.804994
0.502552
-0.448177
0.0090876
-0.521243
1.14368
-0.223039
0.367085
0.0969679
-0.802378
-0.940362
-0.539218
-0.0102061
-1.40849
1.06313
-0.427346
0.373712
-0.637847
0.0266908
0.473065
0.423492
-0.185252
-0.720178
0.339564
0.245637
-0.940377
-0.293034
-0.912079
-0.263319
0.531354
-0.121681
0.624026
-0.179881
-0.149964
0.258239
-0.597106
-0.00114371
-0.088936
-0.538972
0.390935
-0.0443001
-0.231713
0.0907984
0.210022
-0.0178633
0.0460133
0.136273
0.0438546
-0.0863797
0.0796793
-0.262777
0.333611
0.676459
-0.0344539
0.203226
-0.547045
0.196401
-0.0598047
-0.302131
0.714988
-0.517824
0.271001
0.721185
-0.56383
0.0768616
-0.0383483
0.470551
0.156118
-0.449422
-1.01178
-0.337403
-0.0554342
-0.328688
-0.540124
0.770651
-0.296891
0.902468
1.03042
1.49836
0.811004
-0.157079
0.341583
-0.174819
0.167544
0.60524
0.349952
-0.684055
0.0476614
0.137399
0.0584243
-0.169922
0.184095
0.585413
0.264211
-0.0528715
0.127951
-0.0981857
-0.642767
0.269845
-0.443402
0.15523
-0.600818
0.0784133
-0.32467
0.0716546
-0.668963
0.871538
-0.531617
1.73717
-0.187274
-0.523879
0.22161
0.520794
0.147992
1.41774
-1.64255
-0.811427
0.173268
0.624375
-1.27214
-0.197604
-0.168187
0.718265
-0.996713
-0.274335
-0.735245
-0.170092
0.016443
0.96635
-0.136027
0.717459
0.658006
-0.822774
-0.735166
0.470711
0.577546
0.271926
-0.940917
0.372409
0.227516
-0.707733
-1.34124
0.170571
-1.09833
0.421313
1.20663
0.668858
0.317472
0.593824
-0.334099
1.9264
-0.388734
-0.512516
-0.214022
0.725928
0.306604
0.0904612
-0.37932
1.25388
0.0650197
0.399332
-0.77854
-0.222372
0.724922
0.217785
0.538887
0.903749
-0.912515
0.641783
-1.04467
0.134801
-0.341586
0.674045
0.708948
0.225961
0.104755
-0.805881
0.253667
-0.224831
-0.571127
0.913076
0.761428
-0.167404
-1.18742
-0.322027
-0.320176
-0.25213
1.03878
0.502736
0.921749
1.24384
-1.78548
-2.04282
0.382312
0.096958
0.674766
-0.423672
-0.642441
0.176926
-0.50705
-0.217291
-1.45474
-0.83442
0.627622
0.813082
0.484284
-1.45035
0.000606146
0.681438
-0.723043
0.442545
0.0668768
-0.384173
-1.01452
0.743715
-0.214293
-0.101456
-0.143395
0.674819
0.457561
0.475455
-0.513243
-0.578849
-0.339439
0.838968
-0.456719
-0.859236
0.124297
2.36268
-0.274213
1.04677
-0.346241
0.659989
-1.05067
-0.533255
-0.553407
-0.330039
0.225062
0.04885
-1.01217
-1.06374
-0.401351
0.886868
0.326537
-0.122702
0.25575
-0.0861258
-0.694391
0.318565
0.574133
-0.0981745
-0.359963
-0.649226
-1.03885
-0.405812
0.444363
1.06468
0.600704
1.35753
1.27169
-0.172273
-0.359484
-0.0550169
-0.505662
-1.25107
0.154783
0.166354
0.317195
0.860236
1.19719
-0.217592
0.0200071
1.15346
0.0558924
-0.56694
-0.376629
-0.227144
-1.0234
0.968965
-0.125368
0.0273917
-0.305798
-0.626696
0.625863
-0.681131
-0.433007
-0.129591
-0.380355
-0.0787005
0.888207
0.670334
-0.594296
-0.520406
-1.54742
-0.561719
0.265922
-0.562975
0.333338
1.02875
-1.12855
-0.240124
0.970057
-0.531811
-0.239794
-0.315656
0.100573
0.093608
-0.503086
-0.146728
-1.13755
-0.473092
-0.0639627
0.510974
0.59292
0.175845
0.853058
-0.0802594
1.01553
0.804937
0.604285
-0.205167
-0.875384
0.964831
-1.13905
-0.164682
-0.149035
0.433626
0.403671
-0.364552
-1.38975
0.953994
-0.206113
1.12677
-0.852979
-0.710589
-0.0535449
0.850628
-0.949418
1.28087
-0.436942
1.40674
0.755636
2.37188
-0.340612
0.741846
-1.04051
0.507864
-0.513306
1.36847
0.0324555
-0.148849
0.369261
0.565434
0.3702
0.0798393
0.688749
-0.72835
0.0381267
0.133016
-0.395738
1.00609
-0.118478
0.0842374
0.152581
0.221899
0.708298
-0.000114979
-0.180287
-0.26154
0.239737
0.269389
-0.396932
-0.217948
-0.522063
-0.109487
0.248519
-0.379532
0.650524
0.38454
-0.646774
0.0443689
-0.141293
-0.398974
-0.185431
-0.102289
0.151915
0.468273
-0.39939
0.270189
-0.560455
0.0291764
0.0608897
0.21477
-0.214285
-1.58825
-0.365491
-0.345981
-1.0958
-0.265561
0.679492
-0.148122
0.0574493
-0.869587
-0.114609
-0.314063
0.29069
-0.711547
-0.464017
-0.0429233
0.0823729
0.159859
1.33959
-0.680211
0.983506
1.00714
-0.30513
-0.25618
0.0626772
-0.194569
0.529981
-0.351665
0.514024
-0.584137
-0.444728
-1.03005
0.138673
0.2159
1.15638
1.75118
-0.0835541
-0.847857
-0.206339
-0.559536
-0.392773
0.117725
1.19556
0.540731
-0.447128
0.721216
0.446749
0.0242628
-0.466833
0.199069
0.953517
2.06166
-0.545893
1.14462
0.0616272
0.245916
0.400391
0.544498
-0.762456
-0.111787
-0.10446
0.345561
0.114249
-0.0445841
-0.728679
1.27509
-0.179474
0.0347182
1.36243
0.541822
0.381939
0.652912
0.906314
1.06161
0.670578
0.784757
-0.257419
1.05452
0.241665
0.404326
1.02623
-0.223356
0.731177
-0.105514
0.375544
-0.489398
-0.13164
0.110279
0.767932
-0.655345
-0.561403
-0.0657923
0.634638
0.108831
-0.200211
0.843701
1.34446
-0.203402
0.446287
-0.280529
-0.633343
0.164724
0.204165
-1.85896
-0.0556466
-1.36605
-0.0813023
-0.431722
0.15105
0.0345521
0.550119
0.825022
0.151205
0.783275
-0.91616
1.24499
0.0358551
-1.35063
1.06934
-0.516214
-0.90756
-0.54554
0.706221
1.13545
0.33609
-0.299189
-0.797954
-0.365772
-0.115646
-0.5374
-0.0541152
0.470178
0.0919488
0.556064
0.393268
0.0639719
-0.139913
-0.298272
1.45992
0.0648566
-0.42618
0.148714
-0.194689
-0.813815
-0.0484045
-0.731192
1.02199
1.1133
0.707926
0.294014
0.626392
-0.0489159
-0.353732
-0.694754
0.282252
1.35083
-0.10574
1.19184
0.175766
-0.0312046
-0.07209
0.410882
-0.543373
0.0102641
-0.612464
-0.0751974
-1.16029
-1.10684
1.0104
-0.460787
0.919043
-0.33955
0.000561673
-0.541924
-1.01012
0.306832
0.905349
-1.25526
-0.262573
0.311689
0.72156
0.896204
0.807823
-0.507967
-0.706834
-1.01599
0.724322
-0.405668
0.150558
-0.1564
0.327414
0.665558
0.226824
-0.0610012
-0.560625
-0.00755049
-0.134185
-0.949163
-0.249873
0.294767
0.193666
1.00576
0.80732
-0.578194
-0.633859
-0.003431
0.13689
-0.118589
-1.54933
0.300516
-0.672489
0.500014
-0.567689
0.158718
-1.58807
-0.602984
0.274942
-1.28161
0.0805341
0.977456
1.12699
0.14111
-0.378183
0.542752
-1.11977
-0.0290677
0.430042
-0.87245
-0.230979
0.240696
-0.764673
0.526553
-0.0424063
-0.334617
0.0940774
0.401889
-0.475491
-0.42589
0.319025
0.272592
-0.493819
0.718505
1.35749
-0.0666367
0.959041
-0.870232
0.459063
0.45207
0.16741
1.11574
-0.754736
0.0956577
0.0580351
0.262283
0.128105
1.27475
-0.678584
-0.674461
-0.217543
-0.421083
0.232916
0.324036
-0.985595
-0.258348
-0.777023
0.460846
0.783344
0.305784
0.850711
0.0552521
-0.685597
-0.476198
-0.341098
0.232216
-0.450361
0.31499
-0.651867
-0.213674
-0.556929
0.211923
0.607399
0.480544
0.581077
0.361721
0.1286
-0.576836
-0.263538
-0.686614
-0.722089
0.897248
0.0856082
-0.547817
-0.455213
-1.57413
0.587183
0.136354
-1.0623
0.956828
-0.947147
-1.21304
0.966312
0.00871023
-0.675953
-0.293322
0.391234
1.04313
-0.816429
0.750595
0.0674405
0.50676
-0.453965
0.700657
0.227379
-0.102678
-1.06542
-0.718576
-0.700497
1.0155
-0.282729
0.108531
-0.471936
0.452699
-0.246775
-0.976662
-0.00639854
0.634152
1.10913
-0.856014
-1.74184
-0.161522
1.10881
0.812219
-0.0455999
0.0101165
-0.179176
-0.4886
-0.48738
0.906722
0.263737
-0.769122
0.058886
0.85662
0.21221
-1.42328
0.613994
0.954525
0.656866
0.162877
0.327286
0.596997
-0.303761
-1.14348
0.855083
0.115654
-0.890098
0.618973
-0.0941984
0.133514
-0.223811
-0.370176
-0.514662
0.317743
-0.312368
0.0585837
0.366935
-0.0260238
-0.372794
-0.453559
0.585236
-0.357534
0.752923
-0.280299
-0.0996505
-0.803028
-0.902303
-0.466367
0.629755
-0.00498464
0.704787
1.70449
0.556988
-1.60328
0.188637
-0.840745
0.568292
-0.239949
-0.742104
0.158596
-0.636429
0.106795
-0.267904
-0.411563
-0.55749
1.71358
0.074919
0.721558
-0.767137
0.658506
0.313643
1.25105
-0.694904
0.283057
0.789992
-0.504705
-0.0211913
0.650535
0.486856
-1.17338
-0.722042
1.91147
-0.66351
-0.644568
-0.0191817
-0.69033
0.283314
-1.26159
-0.809361
-1.70161
0.153609
-0.702711
-1.83644
0.00995523
-0.0670136
-0.253923
-0.764677
-0.728109
-0.351185
0.664822
-0.166005
-0.393315
0.256837
-0.0646696
0.477612
0.258155
0.375489
-1.33754
0.628052
-0.260508
0.212786
-0.251617
0.0702977
1.5878
0.559284
-0.0228686
-0.846338
0.254523
-0.499445
-0.527726
0.284119
0.602236
0.44448
-0.696327
-1.29158
-1.238
0.147155
-0.636032
-0.1352
1.6653
-0.975591
0.493554
0.243284
-0.751455
0.215447
-0.176152
-1.02592
