-1.35326
-0.99403
0.202643
-0.331682
-0.45833
-0.134247
0.523199
-0.705837
-0.922299
-0.237618
-0.0623557
-0.173414
0.211318
-0.412546
0.267964
-0.753049
0.446528
-0.88265
0.179525
0.0536076
-0.559067
0.314718
-0.683835
0.414096
-0.0820715
-0.665517
-0.15173
-0.243016
-0.899195
0.888033
-0.313162
-0.0334387
-0.100075
-0.197385
1.01261
0.374712
-0.536517
0.166092
0.594402
0.577105
0.233615
-0.415727
0.826826
0.508957
0.426394
-0.451552
-0.229067
-0.159357
0.00436213
-0.159477
0.0301732
-0.109068
-0.0648489
-0.252243
-0.425188
0.0981763
-0.398482
0.617786
-0.327568
0.292384
0.584415
-0.448466
0.277079
-0.384082
-0.131911
0.0362725
-0.354054
-0.0600547
-0.532851
0.192351
1.38897
-0.068858
-0.786768
0.220108
-0.789445
-0.0730616
-0.716022
1.50226
-0.384453
0.0952851
-1.15352
-0.473616
-0.00757808
-0.262163
-0.155808
0.468705
-0.126972
-0.308401
-0.255942
-0.604854
0.838111
-0.608827
0.603017
-0.275142
-0.0436771
0.295417
0.658601
-0.209614
-0.628722
-0.0496636
-0.389643
0.790743
0.167126
0.630082
-0.139335
-1.18032
-0.131193
0.17451
1.04463
-0.185523
-0.283114
0.257982
-0.612979
-0.302088
0.0924517
0.111179
-0.211696
0.147823
-0.540029
-0.403979
-0.656852
0.575583
0.108499
-0.434889
0.00083508
-0.531247
0.154852
-1.23332
-0.361979
-0.216507
0.2937
0.127894
0.00457681
-0.995836
0.342753
0.0278332
-0.409711
-0.972105
0.621445
-0.267719
-0.0964333
-0.954271
0.0670931
-0.103692
-0.097693
-0.680922
-0.369071
0.589827
0.297026
-0.0926988
-0.5244
-0.620617
0.483408
-0.496306
-0.0554125
0.00656809
-0.370297
-0.0551014
-0.772547
0.201115
0.343446
-0.103897
-0.587269
0.422467
-0.35513
0.996622
-0.285424
-0.546344
0.502087
-0.895934
0.493863
0.0394623
0.653457
0.66653
-0.0383576
0.286454
0.0101763
-0.103598
-0.488278
0.712206
0.233838
-0.70844
-0.17146
-0.480457
0.650538
-0.279507
-0.874208
-0.00501418
-0.685037
-0.153303
-0.397376
0.231081
-0.421333
-0.133584
0.095813
-0.583564
-0.569442
-0.19249
0.441734
0.295953
0.401908
0.320196
0.484245
-0.531723
-0.518884
-0.318809
0.416532
-0.505455
1.1041
0.746068
-0.692545
0.199612
0.273781
0.280219
0.220216
-0.339648
0.391781
0.564439
0.0424983
0.270281
-0.35763
-0.247988
-0.684931
0.407405
-0.691619
0.418269
0.481769
0.905304
0.710506
0.253202
0.757904
0.131039
-1.19725
0.852336
-0.00224641
-0.750901
0.210255
0.659283
-0.325283
0.106277
-0.155854
1.10612
0.309046
0.0416729
0.0613158
0.214365
-0.388887
0.630803
-0.124729
0.433912
0.524756
-0.305244
0.866449
-0.330567
-1.37194
-1.19009
-0.585266
-0.281356
0.203901
0.400803
-0.00675893
0.0236575
-1.48228
0.084371
-0.669424
-0.302793
-0.455838
0.939494
-0.435407
0.915091
-0.632588
-0.947671
0.465787
0.66457
-0.274563
-1.3846
-0.25759
0.171048
-0.0786185
0.286119
0.229452
0.148917
0.317543
0.0613971
0.360556
0.584131
1.23835
-0.257464
-0.642733
-0.66287
-0.198376
0.718629
0.320052
0.670481
-0.626127
0.106591
0.5923
-0.699213
0.605144
-0.288698
-0.0092975
-0.352358
-0.0594286
0.485699
-0.577537
-0.353048
-0.0586929
-0.748436
0.407147
0.351658
0.228611
-0.125209
0.0748394
0.240888
-0.0808168
-0.116247
0.853233
-0.990998
-1.26419
0.486574
0.0291645
-0.725135
0.00480593
-0.369266
-1.02429
-0.757461
-0.136216
-1.07311
-0.0611608
0.186562
0.854738
-0.21299
-0.0690881
0.0479139
-0.527142
1.11221
-0.13507
-0.423051
0.0571097
-0.167448
1.17377
0.444073
-0.668534
1.3082
0.142345
0.72867
0.425813
-0.602195
0.238917
0.107485
0.00846196
0.507122
0.610833
0.457098
-0.849391
-0.448611
-0.00836113
0.276197
0.592651
1.37854
-0.975239
0.905991
0.126203
0.385806
0.864817
0.256794
0.78869
0.0448997
0.438396
1.25197
0.401755
0.00992248
0.365035
0.81308
0.120001
0.548339
-0.386475
-1.02977
0.308426
-0.274645
-0.146641
-0.558925
0.100495
-0.295503
0.65937
-1.02893
-0.533562
-0.0115769
0.0406063
-0.285047
-0.19263
-0.610814
0.287752
-0.641158
-1.52872
0.775408
-0.487219
-0.259476
0.0694856
0.386866
0.110082
-0.0872504
-0.294471
-0.0610012
-0.0811552
0.564928
-0.694506
-0.0528739
0.848528
0.807025
0.568303
-0.0376104
0.0298748
0.251678
-0.225796
-0.355263
0.849006
0.0637845
0.134992
-1.07173
0.418442
0.0979584
-0.479889
0.202987
-0.0778718
-0.455229
-0.294978
0.976548
-0.235901
-0.36689
-0.276441
1.14061
-0.733305
-0.00435257
0.0205611
0.0114604
-0.242345
-0.293346
-0.669903
1.68836
-0.472282
-0.424544
-0.0703059
-0.671625
-0.0173474
0.385887
-0.106763
-0.515674
-0.00141107
-0.0268883
-0.392554
0.49743
0.228684
-0.201805
-0.319717
0.798028
-0.809333
-0.794199
0.436214
0.341779
-0.250193
-0.207481
0.310596
-0.0528859
0.345945
-0.679419
-0.71169
0.151337
-0.526274
-0.48594
0.111385
0.252292
-0.938476
0.452561
0.897728
0.143953
-1.03873
1.31426
0.68655
0.349586
0.696298
0.321531
0.673269
0.766585
0.409048
-0.085092
0.105442
0.00969538
0.347688
-1.14608
-0.475506
-0.0128572
0.482972
-0.782788
0.683198
-0.620963
0.441433
-0.729644
-0.121445
-0.755201
-0.378039
0.039761
0.537324
-0.497172
0.0836835
0.074859
1.03839
0.0522348
-0.0613484
-1.08122
-0.559911
0.607942
-0.868403
0.55809
-0.142328
-0.19485
0.0416428
-0.184743
-0.144769
-0.500027
-0.506693
-0.661727
-0.752169
-0.508707
-0.57566
-0.0203539
0.149244
-0.456632
0.513751
-0.427081
-0.235099
-0.367194
0.0939727
-0.797263
-0.138346
-0.469952
-0.458352
0.133552
0.193528
0.157607
-0.224179
0.441505
-0.0126178
-0.363387
0.63111
0.481097
0.873432
0.149844
-0.0363949
0.256618
0.0367998
-0.192801
-0.298624
0.325778
-0.541169
-0.0109232
-0.537067
-0.273781
-0.415576
0.241949
-0.295581
0.00176122
-0.219388
0.434193
-0.059168
0.980406
-1.24868
-0.129088
-0.579861
-0.519771
0.661706
-0.113731
0.401044
0.517774
0.685626
-0.0329531
-0.00514857
0.303
0.164255
-0.27423
-0.199937
0.827309
0.188357
-0.175435
0.209747
0.613355
-0.689602
0.428308
0.773314
0.468692
0.932444
-0.354479
-0.0983957
0.501025
0.646909
-0.861022
-0.687166
-0.0807146
0.268167
-0.595992
-0.702347
-0.0603364
-0.807914
-0.765291
0.708033
0.134561
0.281537
0.325579
-0.210676
-0.587388
0.175327
-0.611818
-0.333151
-0.469697
-0.861856
-0.537592
0.00529911
-0.553309
0.0547007
0.0662792
0.389432
-0.123853
-0.502897
0.53258
-0.087119
-0.205795
0.350503
-0.000914668
0.971028
-0.91669
-0.323624
-0.182388
-0.0495631
-0.304551
1.34878
0.247211
-0.215354
0.639413
0.212371
-0.372026
0.88098
0.455797
0.115268
-0.303209
-0.202113
-0.365118
-0.121953
-0.472552
-0.0170255
-0.775034
-0.339705
-0.335853
1.13274
0.2807
-0.532245
-0.432187
-0.126061
0.453365
-0.0759293
0.606477
-0.137957
0.923208
0.253465
0.304619
-0.0833557
0.263603
-0.441603
-0.323795
1.24596
-0.207273
-0.0757688
-0.886457
0.759176
0.840958
-0.268823
-0.496042
-0.530986
0.701963
1.03692
0.282403
-0.207276
-0.119828
-0.23875
-0.136305
-0.711252
-0.990085
0.534451
0.0352449
0.563162
-0.0898128
0.505676
0.223037
-0.615323
-0.784252
0.108378
0.6835
0.0365588
-0.704935
0.912436
0.0625549
0.0918744
-0.300603
0.00615884
0.130722
-0.199998
0.267683
-0.319004
-0.521137
-0.376791
-0.524113
-0.0873665
-0.330613
-0.255387
-0.880487
-0.684002
0.238032
-0.385363
0.220872
-0.11413
0.198069
0.0316924
-0.0497043
0.276216
-0.266742
0.511574
-0.586292
0.705967
-0.118879
0.613453
-0.570777
-0.507922
0.552608
0.505399
-0.495125
0.150676
0.0431141
0.0522624
-0.948683
0.0839368
0.306735
0.458455
0.474945
0.985239
-0.453135
0.0923352
0.1887
-1.34242
-0.0364349
0.332891
-0.416578
-0.214146
0.382853
-0.492915
-0.290669
1.08315
0.0373826
0.328623
0.850626
0.34295
1.19253
0.419835
0.0244309
0.43573
0.269505
-0.217656
0.245149
0.359051
0.442492
0.83343
0.738792
-0.899779
-0.359233
-0.656265
-0.247779
0.0426732
-0.237383
-0.448449
0.3837
-0.54257
-0.371679
-0.993072
-0.00907491
-0.443671
-0.224534
0.000231779
0.115686
-0.410131
-0.180386
0.617696
-0.267004
-0.218957
-0.391619
-0.559716
-0.457125
0.0065434
-0.217247
-0.0250677
0.264401
-0.243159
0.391597
0.236897
0.391568
-0.357745
-0.822875
0.420064
0.186212
0.169341
0.125351
-0.0562362
-0.153726
0.234963
0.880791
-0.444898
-0.830126
0.489838
-1.29136
-0.343721
-0.0359728
0.800287
-0.929384
-0.447408
0.293177
-0.469645
0.804487
-0.19429
1.12737
0.653321
-0.205378
0.448052
0.513225
0.109407
0.529298
0.167357
-0.0735708
0.0128727
0.581524
-0.515944
0.0132972
-0.228792
0.631863
0.205298
-0.607144
0.324093
-0.46402
0.213811
-0.441582
-0.533722
0.0704741
-0.210576
-0.46761
0.17527
-0.635566
0.130226
0.402094
-0.305715
-0.219768
-0.29361
-0.164124
-0.363407
-1.64724
0.342242
0.176755
-0.20144
-0.79228
0.244773
0.0231416
0.954108
-0.442986
0.716005
-0.998389
0.574371
0.619756
-0.537909
-0.0394626
-0.0967881
0.593389
0.155895
-0.726352
0.532875
-0.590283
0.890106
0.362838
0.120734
-0.514157
0.119162
-0.412835
-0.141331
-0.0738766
-0.795314
-0.498801
0.0450598
0.184105
0.501981
-0.0212509
0.767156
0.25807
-0.424388
0.432995
-0.0624545
0.18223
-0.758547
-0.00680143
0.0573804
0.0932992
-0.140556
0.17821
-0.711764
-1.08608
-0.141265
0.797513
1.02973
-0.00800964
0.224464
1.36942
-0.379735
0.161881
-0.517858
-0.140042
-0.579036
0.393913
-0.493523
0.227098
0.443291
0.503165
-0.610409
0.247483
-0.414818
0.702625
-0.516534
-0.626986
-0.104072
0.469329
-0.407383
0.192702
-0.115035
0.187501
-0.534914
-0.288993
-0.0319541
0.0982433
-0.305308
0.783971
0.813491
0.482207
-0.733515
0.216075
-0.101056
-0.376526
0.415409
-0.775132
0.180797
-0.0282749
0.16404
0.00987311
0.217473
-0.237613
-0.905432
0.412976
0.295678
-0.299905
0.452803
-1.39801
-0.437365
0.00715546
-0.132946
-0.0532339
-0.0474008
0.965874
0.612596
-0.872134
-0.617851
-0.830633
0.228327
1.09186
0.0900889
0.0930431
0.671086
0.142077
-0.477092
-0.297713
0.372997
-0.369172
-0.255603
0.904349
-0.508765
-0.160604
-0.295528
-0.101837
-0.685783
0.0495737
-0.102543
-0.0860076
-0.0884722
0.49899
0.00251641
-0.65786
-0.200248
0.271255
-0.770622
-0.40949
-0.716773
-0.510033
-0.538088
1.04086
0.249114
0.271275
-0.0921659
-1.17879
-0.430817
0.563588
-0.466034
0.60814
-0.17669
-0.270123
0.467643
-0.577189
0.512123
0.0957477
1.36458
0.428153
0.0658289
0.234413
1.10727
-0.585268
0.154038
0.0249932
-0.0517632
-1.11251
0.125705
0.721411
-0.0493776
-0.643212
0.0886607
-0.319366
0.114002
-0.149947
-0.16681
1.14251
-0.0922749
0.345659
-0.42863
0.18725
-0.295374
-0.508296
-0.303204
0.0837343
0.461504
0.189823
0.263602
-0.184905
-0.516019
0.132852
0.776961
-0.26951
0.0723065
-0.444307
0.732662
0.0278545
1.2396
0.11197
0.0468616
-0.322575
0.232052
-0.310027
-0.0719048
-0.175215
0.261819
-0.362662
0.560789
0.175905
0.407016
0.431996
-0.109106
-0.175958
-0.074727
-0.466179
-0.0712611
-0.212441
0.393225
-0.343244
0.283934
-0.0794312
0.628165
-0.263244
-1.39269
-0.0575316
0.31425
0.133108
0.514951
0.0962626
0.124615
0.143615
1.5228
-0.55778
0.0318533
-0.704281
-0.272232
0.169916
0.0781815
-0.227481
-0.446935
0.600713
0.0571968
0.362551
0.0129087
0.444161
0.643691
-0.534034
0.740734
0.364183
0.0601833
0.359173
-0.78686
1.18405
-0.198657
0.141167
0.643827
-0.42511
0.111996
0.208805
0.358138
-0.240125
-0.262606
-0.261632
-1.66113
0.629246
-0.629324
-0.188789
-0.0691106
-0.151698
-0.819192
-0.0757364
0.796701
-0.776966
-1.22393
-0.327954
-0.901952
0.418056
0.43153
0.0642875
0.398725
0.0224968
0.557399
0.323928
0.105188
-0.335021
0.541938
-0.360374
0.184817
-0.531524
0.00683627
0.0269924
-0.231226
0.0256235
-0.00713658
0.185886
-0.111536
-0.194148
0.524271
0.0516009
-0.917388
0.535327
0.0109559
-0.0623396
0.228476
0.696019
0.0108348
-0.0854624
-0.718071
-0.767476
-0.171196
0.406072
-0.0254531
-0.14785
0.74361
-0.660645
1.18441
0.106169
-0.412115
0.313888
-0.347244
-0.0700758
0.768598
-0.0178095
0.803057
0.765594
-0.897902
0.765525
0.899727
0.291259
-0.912423
0.391721
0.902648
-0.413291
0.799132
-0.491618
-0.0697596
-0.0741243
-0.524048
-0.732413
-0.390964
0.0156003
0.710774
0.93919
-0.207325
-0.0667799
0.0530309
0.0445509
-0.490515
-0.254634
0.304854
-0.0437982
-1.09934
0.991089
-0.364854
0.423346
0.649576
0.057921
-0.231233
-0.633622
-0.139066
-0.442241
0.212585
-0.113671
-0.254761
-0.279961
0.585226
-0.422042
1.24191
-0.806409
0.201924
-0.0828064
0.696944
0.250852
-0.0474348
0.207227
-0.275543
0.263867
-0.0899921
0.172494
-0.492542
-0.454658
0.541206
0.874749
-1.26524
-0.649082
-0.462382
-0.660781
-0.207682
-0.0747952
-0.131391
0.492129
0.366751
-0.187968
0.328314
0.137114
0.265657
-0.0559934
0.0404026
0.464995
0.315689
-0.330178
-0.380942
-0.429711
0.051324
-0.309389
-0.559822
0.505045
-0.275128
0.0594705
0.617386
0.506633
-0.342426
-0.187419
0.620925
-0.134209
0.495805
0.326594
0.952915
-0.889399
0.194605
-0.28671
-0.255261
-0.265131
1.08271
-1.05793
0.248361
0.0180891
-0.109111
-1.11454
-1.0518
0.987615
-0.126045
0.133104
0.0175063
-0.229199
0.0336376
-0.302089
0.602641
-0.918885
0.147266
1.35029
-0.0891563
0.10653
0.504704
0.130802
0.745658
-0.0461806
0.414214
0.634704
0.114645
0.237788
-0.718359
-0.244657
0.622583
0.248684
0.297825
-0.130235
0.541863
0.813144
-0.316176
-0.613149
-0.734413
-0.48373
-0.0393859
-0.136055
-0.17189
0.790826
0.269222
0.579731
0.14294
0.350464
-0.142489
-0.432278
0.470894
0.808506
0.126578
0.245301
0.505501
-0.404705
0.29164
0.674445
0.741942
0.385065
0.458024
0.180405
0.0853085
0.555237
-0.0129948
0.273686
0.530507
0.18315
-0.557485
-0.536781
-0.569333
0.0630053
-0.742014
-0.511005
-0.173267
0.467158
-0.197295
0.860078
-1.31996
0.404664
0.157117
0.749296
-0.0220028
0.0579487
0.719924
1.10264
-1.1201
-0.38062
0.527971
-0.0557794
0.519172
-0.348499
-0.244941
0.368265
-0.0619553
0.328588
-0.158948
0.564994
0.624022
0.584935
-0.0235443
0.346544
-0.760841
0.619274
-0.109207
0.359822
-0.310494
0.297751
-1.03547
-0.241195
-1.1228
0.0425581
-0.322652
0.683332
0.343285
0.0492613
0.500527
0.0687815
-0.339781
0.910874
0.114346
0.0556818
-0.30186
-0.230536
0.28104
-0.122908
0.380179
0.770568
0.519445
-0.120246
0.256988
0.0146404
-0.208595
-0.202995
0.375706
-0.0363355
-0.478921
-0.0800264
-0.179114
-0.565198
-0.026459
0.16882
-0.879784
1.55551
-0.0350678
-0.170532
-0.877392
0.468198
-0.122935
-0.418505
-0.956747
-0.334492
0.213733
0.418068
0.215667
-0.0961416
-0.679511
0.558035
0.903757
-0.10404
-0.0282998
-0.449897
0.801216
0.779099
-0.132032
0.494192
0.161319
-0.303235
-0.741109
-0.109963
-0.16374
-0.666036
1.10926
-0.644748
-0.310644
0.527509
-0.190384
-0.0999679
0.355652
0.259447
-0.127958
-0.153063
0.217105
0.174157
0.205534
0.418305
0.653932
0.353015
0.452818
-0.287036
-0.253047
-1.5266
0.412615
-0.139561
-0.0551292
-0.345885
1.77259
0.375983
-0.742458
0.596599
0.114603
-0.246071
-0.389583
0.967287
-0.479765
-0.137676
0.1351
0.0284018
1.89492
1.10264
-0.516921
-0.171956
-0.692558
-0.3287
0.402459
-0.687123
-0.930007
0.359148
0.215542
-0.0429704
0.209361
0.151301
-0.303584
0.272342
0.774734
-0.369823
0.130621
-0.2341
-0.675123
-0.286118
0.724825
-0.285747
0.133511
-0.756904
0.202872
-0.114865
-0.215035
0.0522602
0.856861
-0.441545
-0.542148
-0.631661
0.483841
-0.671222
-0.228353
0.166153
0.866852
0.210808
0.378156
-1.04726
0.0242615
0.0776692
1.0777
-0.185751
-0.387014
-1.34192
-0.294377
0.386356
0.0684197
-0.6723
0.0379599
0.709475
-0.459907
-0.616424
0.227216
0.486194
0.0194905
-1.02999
0.619711
-0.225414
-0.0718138
0.0978946
-0.123468
-0.131917
0.135612
0.277047
-0.727166
0.00841544
-0.401454
-0.0427188
-0.420369
0.518595
0.696747
-0.545653
0.0105594
0.053787
0.474774
-0.093084
-0.0439983
-0.820696
0.305082
0.202959
-0.130914
-0.0782804
-0.246361
-0.490977
1.25736
0.356475
-1.13051
-0.012131
0.242759
-0.127364
0.306416
0.907649
0.678522
-0.0103122
0.944164
-0.26638
0.22754
-0.721871
-0.421837
-0.00837053
0.573666
0.854055
-0.475898
-0.072938
-0.324399
0.484898
0.123812
1.64022
0.13268
0.685303
0.888521
0.713061
-0.440739
-0.585897
0.654104
-0.148177
0.233613
0.0154189
0.325727
-0.209524
0.768077
-0.518503
-0.179299
0.720217
0.191657
-0.151524
-0.330934
0.116798
0.0870194
0.897603
0.0844165
-0.591723
0.179993
0.372149
-0.0398651
0.251914
0.101602
-0.188079
-0.468842
-1.184
0.295375
0.779101
-0.644997
-0.222234
-0.211263
-0.40699
0.703179
0.155056
0.121457
-0.603813
-1.10373
0.204659
0.226205
-0.106328
-1.3157
0.804357
0.428794
-0.411634
-0.911157
-0.375474
1.30113
-1.0641
-0.469764
-0.888197
0.0342481
-0.209563
0.123303
-0.655697
-0.0263848
-0.674681
0.0715245
-0.301062
0.210941
-0.0874798
-0.105048
-0.699852
-1.00329
0.586493
-0.155064
-0.134997
-0.200287
0.359422
0.456
-1.07315
0.558866
0.233769
0.372499
0.453931
0.0822021
0.1905
0.695864
-0.039344
-0.439105
0.617947
0.497958
-0.357613
0.472265
-0.172922
-0.198147
0.586478
0.745805
-0.449781
0.659134
-0.999707
-0.649137
0.00806779
0.447063
0.369053
0.128814
-0.214824
-0.979956
-0.124816
-0.197758
-0.134888
-0.730617
-0.837533
-0.120393
-0.162524
0.491749
-0.213996
1.06524
-0.549755
0.395565
0.64418
0.425882
-0.250235
-0.285371
0.500991
0.840957
-0.482033
0.712586
-0.326536
-0.319993
-0.723715
0.471361
0.592239
-0.475075
-0.169839
-0.729656
0.775214
0.262852
-0.186565
-0.253686
0.149084
-0.0970861
-0.844224
-0.974269
-0.696057
-0.653721
0.532402
0.00304865
0.260017
0.272855
0.795947
0.128517
0.472459
-1.19525
-0.11464
0.485408
-0.827425
0.258568
1.04849
0.557902
0.18069
0.728997
0.143996
-0.255136
0.323326
-0.460709
-0.112243
0.181186
-0.904023
-0.752901
0.132428
0.93308
-0.129247
-0.609761
0.0719594
-0.557803
0.453588
-0.357476
-0.0535808
-1.37988
0.301287
-0.299382
-0.592818
0.575449
0.986256
-0.0982233
-0.118677
-1.33568
-0.167966
0.194503
-0.473533
-0.772851
0.15624
0.362972
-0.473939
0.577368
-0.0951505
0.602763
-0.734182
0.0236219
-0.467115
-1.01602
0.406272
-0.226738
0.375586
-0.894839
0.407344
-0.405864
0.522592
-0.486816
-0.333242
-0.325972
0.39035
-0.602296
0.415116
0.247326
0.999175
0.820356
0.459738
-0.521303
-0.114939
0.779353
-0.695231
-0.60211
-0.725714
-0.24271
-0.276743
0.551533
-0.272291
0.256621
-0.714705
-0.37193
0.225854
-0.222292
1.11155
-1.12731
-0.0297608
0.0318785
-1.26237
0.0826279
-0.853563
0.377415
-0.224404
0.0705159
-0.910353
0.258529
0.192662
-0.455581
0.20501
-0.382171
-0.135959
1.11337
0.113367
0.590263
0.686737
0.0762701
0.119717
0.401017
-0.392604
0.363355
-0.360465
0.00393917
0.229117
0.549723
-0.725152
-0.396638
-0.838432
-0.605031
0.779647
-0.631799
0.768232
-0.222109
0.128933
-0.535024
-0.142221
-0.459585
-0.134702
-0.533852
-0.821708
0.121473
-0.1063
-0.427381
-0.26971
0.171896
0.20742
-0.486949
1.00326
0.252523
0.441029
-0.759704
-0.625522
0.845744
-0.288506
0.0633821
-0.312272
-0.289506
-0.20596
0.124361
0.803788
-0.784631
-0.633865
-0.190395
-0.426943
-1.07153
0.537823
-0.575088
0.362252
1.32294
-0.147193
0.479019
-0.20477
-0.41242
0.113671
-0.103761
-0.0603365
-0.0621035
0.676962
0.698127
-0.0512134
0.38474
-0.0234444
-0.0787756
0.73385
-1.13125
-0.479875
-0.593662
-0.0686361
0.0230458
0.0435602
-1.16365
1.42187
0.623241
0.354479
0.324769
-0.287672
0.456133
-0.298888
0.533628
-0.53411
-0.0145249
-0.315093
-0.557927
0.245021
0.269786
-0.0976955
0.201731
0.242622
-1.03635
0.56778
0.155437
0.551764
-0.442884
-0.362168
0.0284043
-0.23498
-0.210528
-0.298393
-0.157616
0.134557
1.13339
-0.313897
-0.313661
0.125931
0.24019
-0.431788
0.709681
0.09689
-0.116748
0.438806
0.170245
-0.893081
-0.173803
-0.481323
-0.221225
0.0265376
0.683146
-0.0413111
-0.492896
-0.142269
-0.511792
0.939243
0.941852
1.03822
0.0133226
-0.607331
-0.247677
-0.826478
0.00197226
-0.468035
0.55534
0.795332
0.54036
0.387014
0.729903
0.153555
0.455866
-0.0274503
-0.5016
0.0473855
-0.498708
-0.0993164
0.506886
0.353435
-0.0860143
-0.391435
0.669545
-0.0351511
0.59914
0.104783
-0.200205
-0.772973
0.119928
-0.376714
-0.105777
-0.132948
-0.249329
-0.61476
-0.314559
-0.0953499
-0.215166
-0.574662
0.566507
0.756862
-0.595529
0.268236
0.256274
-0.409434
0.303046
-0.688221
0.407593
-0.113384
-0.00979335
-0.333821
0.478103
0.509935
-0.702188
1.03059
-0.709491
0.776042
0.00104335
-0.159382
-0.15811
-0.5172
-0.291497
0.169218
0.320692
-0.445235
-0.06867
0.296843
-1.29488
-0.450695
-0.0440288
-0.775055
0.087794
0.0869922
0.058107
-0.0249502
-0.645602
-0.393186
0.556125
-0.31086
-1.14937
0.28584
-0.829468
-0.147952
-0.898584
0.00721201
0.0688274
0.139857
-0.254684
0.249716
-0.688242
0.752229
-0.745938
0.281932
0.728578
0.367139
0.0471133
-0.684693
0.549373
-0.212481
-0.147804
0.972829
-0.109428
0.0463153
0.343545
-0.155289
-0.5846
-0.630072
-0.300523
0.0486207
0.551136
0.203462
0.536686
-0.307496
1.07669
-0.0916599
-0.926491
0.412421
0.165816
-0.383606
0.905872
0.319135
-0.450759
0.263315
-0.120976
1.02688
-0.256135
-0.136235
-0.695343
-0.543522
0.536475
0.55009
-0.145399
0.357068
0.4495
-0.492048
0.767579
0.686436
-0.280059
-0.0035796
1.11262
-0.94983
0.384038
-0.823813
0.647965
0.174172
-0.453483
0.4734
0.194777
0.490099
0.76731
0.379837
0.155811
0.108447
-0.539112
-0.0505087
-0.154624
1.11491
0.00558989
-0.802921
0.475784
-0.0600932
0.243827
-0.109155
0.384221
0.177198
0.429878
-0.0273822
0.115754
-0.409077
0.549152
-0.761496
0.0390291
-1.43009
0.346852
-0.385549
0.553798
-1.03092
0.592587
0.932764
-0.162402
-1.31723
-0.226602
-0.605272
-1.00182
0.21791
-0.132087
-0.239679
-0.129015
-0.198878
0.675091
0.42587
-0.00198562
0.338349
-0.792283
0.600941
-0.79897
-0.172716
-0.0409087
0.198099
-0.607499
-0.0491389
-0.0654863
0.611186
0.657722
-0.526336
0.0565873
-0.645935
1.27449
-1.0009
-0.668187
0.431646
-0.245035
-0.187639
-0.324631
-0.351756
0.148425
0.0748508
-0.196869
-0.643983
0.499733
0.268048
0.168911
-0.509978
0.57003
0.1022
0.14773
0.401615
-0.37601
0.249736
0.238354
-0.588695
1.26732
-0.0668023
0.0883465
0.515113
0.242476
0.586253
-0.0252964
0.501717
-0.577747
0.551424
-0.00634976
0.103302
-0.162071
0.118927
-0.350712
0.139926
0.111775
0.133604
-0.361666
-0.552997
0.134665
0.345394
0.620216
0.93118
-1.01304
0.183997
-0.00665447
0.696102
-0.094902
0.8906
-0.246829
-0.694704
-0.247107
-0.777621
0.195091
0.0650705
-0.395217
0.919385
0.564288
0.229012
0.059661
-0.472363
1.1917
0.0304047
-0.395455
0.543476
0.381798
-0.456464
-0.154975
1.24362
-0.228345
0.057238
-0.829644
-0.609583
0.131856
0.289604
-0.948313
0.31488
0.253768
0.00537124
1.03931
-0.366368
-0.299068
-0.0656881
-0.506362
0.171948
-0.571317
0.602044
0.673903
0.196402
0.184968
-0.599325
-0.285256
-0.591879
0.436514
0.0389649
-0.301072
-0.0948204
-0.313753
0.0837774
-0.110986
1.33425
-0.158963
0.225303
1.19647
1.26964
0.408312
-0.00457912
0.238507
0.134662
-0.431074
0.588841
0.0166024
0.744053
0.396988
0.316425
0.173671
0.258939
0.603811
-0.00647669
-0.238704
-0.0493797
0.954572
0.296558
0.381889
0.171161
0.289439
-0.671207
-1.49441
-0.069091
0.214176
-0.705812
0.214276
0.469916
-0.315535
-0.281336
0.40245
-0.333205
-1.01712
0.840207
-0.227213
0.369101
0.208912
-0.160787
0.585657
0.323675
0.685004
0.246494
0.723898
-0.224838
0.340604
-0.645306
0.0477806
-0.143738
0.357517
0.979793
-0.24761
-0.333299
0.0786542
-0.405858
-0.0100424
0.148315
-0.578511
0.408221
0.302126
0.247241
0.116871
0.516837
-0.357689
-0.144506
-0.0680962
-0.417246
-0.010509
-0.406704
-0.28903
-0.15107
0.568932
-0.632715
0.801508
-0.907246
-0.111104
-0.301024
-0.293843
1.13663
-0.0765252
-0.490563
0.302439
-0.19078
-0.345202
-0.670126
-0.653413
0.868717
0.483401
0.770371
0.12444
-0.559961
-1.23815
0.252404
0.948337
-0.0675882
0.0600491
0.307689
0.17819
0.683925
-0.726789
-0.162109
0.0362832
-0.0494254
0.853982
0.264906
0.383886
1.34446
0.0799828
-0.285224
-0.178406
0.805452
-0.297791
0.749238
-0.368169
0.372861
-0.676386
-0.130284
0.514433
0.246832
0.972958
0.547663
-0.1875
0.0937052
0.858586
0.13087
-0.143416
-0.110095
-0.406418
0.787859
-0.287056
0.0799286
0.548871
0.282648
-0.54073
-0.36306
0.66102
-0.00685584
1.18662
-0.020056
0.58082
-0.219804
0.268875
0.439285
0.199562
-0.996692
-0.859283
-1.15736
-0.227261
-0.112525
-1.11558
0.736064
-0.101758
-0.416848
0.42466
0.218873
-0.1523
-0.76372
0.188159
-0.229641
0.0743888
-0.18954
-0.32844
-0.724214
-0.610738
0.331112
-0.661919
-0.58659
0.132751
-0.467297
-0.471079
0.774734
-0.629415
-0.517817
-0.867243
-0.405419
0.308363
0.842313
0.269455
-0.57377
0.00960197
0.812066
0.134146
1.23993
-0.341429
-0.100793
-1.13501
0.232551
-0.960701
0.0934122
-0.408358
0.0590715
0.562177
0.733898
0.0154787
-0.358551
-0.0745159
0.185855
0.418241
-0.783749
0.396109
0.557498
0.836515
0.789331
0.00163774
-0.507137
0.563263
-0.442875
0.881388
0.0787463
0.359227
-0.613278
-1.14937
-0.527966
0.444443
-0.64188
-1.32478
-0.29263
-0.288847
-0.278074
-0.115508
0.0363072
-1.36333
-0.589355
0.919473
0.0613572
0.143814
-0.362318
0.194015
-0.471581
0.0737802
0.480839
-0.464916
0.846502
-0.444847
0.751832
0.355817
-0.175507
0.636734
1.07394
0.718164
0.546815
-0.653377
-0.55812
-0.456126
-0.487926
-1.00507
0.597483
0.508095
-0.791717
-0.456692
-0.913259
0.31518
-0.839704
-0.685219
0.129222
-0.493533
0.120073
0.0770307
-0.231312
0.00333193
-0.261354
0.673301
0.340352
0.14347
-0.108784
-0.233576
0.507617
0.817738
-0.283759
-0.675917
-0.341453
-0.362618
0.262273
-0.397073
-0.410027
0.708942
-0.521189
0.213575
0.37659
0.0408763
0.409385
-0.0344105
-0.83791
-0.00459048
-0.119009
-0.212677
0.0376745
-0.00816544
-0.18865
0.327352
0.0486374
0.962484
-0.509233
-0.0326869
-1.12481
0.89125
-0.606899
0.551923
0.266961
0.278226
-0.546909
-0.255279
-0.162609
-0.718285
0.490763
0.596831
0.575854
-0.330818
-0.50345
0.415271
-0.240392
0.0412502
0.276457
-0.961163
-0.0419339
0.100956
0.166844
0.256762
-0.0944374
-0.909326
0.861908
0.0499102
-0.0471736
-0.438524
-0.609927
0.756641
0.00471857
-0.588662
-1.07559
0.554378
-0.43991
0.567858
-0.342796
0.400271
-0.0465409
0.492182
0.935681
-0.0172409
0.447466
0.282259
0.00970781
-0.592868
0.463677
-0.313662
-0.46855
-0.642276
0.089301
0.486164
-1.11804
-0.0466788
0.410297
0.393637
-0.229392
-0.0599458
0.126415
0.659177
-0.345634
0.425495
-0.799287
0.145192
-0.52397
-0.665687
0.604897
0.75418
-0.348254
0.0769078
0.314825
0.131941
-0.436074
0.35636
0.323767
1.20579
-0.727654
0.386992
-0.420627
0.480295
0.176154
0.304787
1.02033
-0.263069
-0.00178803
-0.657744
-0.175504
0.014821
0.172938
0.442127
0.359329
-0.167037
-0.360563
-0.07761
-0.559059
0.470024
0.129299
0.0401146
0.588823
0.951626
-0.233697
1.5236
-0.0351167
0.0917682
-0.0191793
-0.531744
-0.855031
0.224731
-0.742139
-0.197803
0.474075
1.44968
-0.36303
0.804644
0.487812
0.115404
-0.321993
-0.191282
0.267735
1.20729
-0.014668
-0.0766272
0.100447
-0.499484
1.41652
-0.726961
-0.538719
0.0366477
1.05082
0.127848
0.286365
0.687688
-0.156548
-0.258157
0.041129
0.0202718
-0.6798
-0.394457
-0.0382665
-0.173337
-0.0223348
-0.928717
0.459631
0.916593
-0.547931
-0.00800759
-0.102517
-0.198162
0.445352
0.21833
-0.00804331
-0.201811
-0.0944179
0.511544
-0.093976
-0.260968
-0.416124
0.144251
0.0650925
0.507392
0.513876
-0.481154
0.327023
0.621691
0.228806
-0.0229498
0.33734
-0.909755
-0.0434345
-0.147096
0.566668
-0.000170686
0.0913683
-0.27383
0.698368
-0.929432
-1.01136
0.623282
-0.0586029
0.303714
0.782741
0.337004
0.771578
-0.604319
-0.513097
0.276904
-0.424571
0.591318
0.65799
0.416848
0.957625
-1.1445
-0.688983
0.0576001
0.702637
0.43407
0.00928555
0.486303
0.383516
0.426905
-0.654467
0.165957
0.109822
-0.289317
-0.487457
0.194349
-0.0436415
0.341607
-0.844518
-0.0712819
0.136636
0.00460271
0.555971
1.00492
0.223347
0.0228822
1.25747
-0.185279
-1.19301
-0.115982
-0.134489
-0.213769
0.653619
-0.0261057
-0.037646
-0.0480405
-0.0322922
0.101604
-0.192431
-0.0429653
-0.260622
0.323533
-1.23291
0.0288407
0.793532
-0.356562
0.196455
0.0613245
0.842304
0.829871
-0.323262
0.203742
0.0464619
-0.952363
0.336293
-0.148435
0.138892
0.400738
-0.404084
-0.601649
-0.965918
-0.0760656
0.149995
-0.580108
-0.88785
-0.073212
-0.206079
-0.40236
-1.04235
-0.0599748
-0.46308
-0.0429616
0.379421
0.312885
0.143243
0.235777
-0.723983
0.375208
-0.576555
-0.312297
-0.96628
-0.926264
-0.153716
-0.0882461
-0.180439
0.526169
0.544139
-0.615911
0.0936576
-0.470124
0.368155
-0.339468
-0.6726
0.816744
-0.0675613
-0.874704
0.106121
0.686301
0.964832
-0.283614
0.338536
-0.0137729
0.897499
0.0949301
0.126916
0.596311
0.030128
1.13934
-0.588372
0.54162
0.672044
0.713953
-0.524263
-0.557998
0.473211
-0.0112587
0.168075
-0.0799119
-1.12484
0.34606
-0.252122
0.308399
-0.0777279
-0.740354
-0.372962
-0.612956
-0.0627082
-0.00506074
-0.0685879
0.490922
0.205908
-1.13171
-0.312685
0.103334
-0.214576
-0.643267
0.121376
-0.283113
0.851442
-0.42652
-1.13128
0.119695
0.374773
-0.765911
0.273221
-0.255968
0.877867
0.943871
-0.542489
1.09076
-0.501095
0.120525
0.925213
-0.295489
-0.517599
-0.209663
0.21744
0.344432
-0.407024
0.073456
0.317904
-0.18249
-0.488824
0.0659727
-0.0596731
-0.939614
-0.47328
-0.119917
0.213983
-0.24721
0.26888
0.0631315
-0.436417
-0.370045
-1.16677
-0.579436
-0.00988111
0.805434
0.368482
0.675792
-0.654411
1.24392
0.524789
-0.459834
0.358895
-0.031117
-0.587221
0.20736
-0.0854458
0.395223
0.323591
0.263902
-0.102005
0.407069
0.395192
-0.480399
-0.88874
0.128694
0.56768
0.59975
-0.0364339
1.02632
0.305369
0.926198
-0.364213
-0.0350861
0.0209541
0.53251
0.50248
-0.70738
-0.390369
0.0074729
-1.26552
-0.66818
-0.455677
-0.202774
1.42446
0.190764
1.52914
-0.117015
0.563095
0.201903
-0.306078
-0.512946
-0.270325
-0.869959
0.334564
0.0940248
-0.0311403
0.126794
-0.870472
0.366591
0.507533
1.37169
0.324665
-0.0213891
-0.212761
0.942292
-0.102701
-0.419124
-0.880423
-0.0817061
-0.808124
0.550362
-0.510144
-0.263441
-0.186771
-0.424369
0.0288844
0.0160336
1.0219
-0.011681
-0.222474
0.501908
-0.672147
-0.105378
0.255318
-0.109419
-0.738637
-1.58838
-0.454046
0.218771
0.145049
-0.507757
0.437095
-0.272152
-0.35242
0.39069
0.376014
1.16321
0.25142
0.345185
-0.388617
0.694148
0.484466
0.321432
1.33719
-0.600585
0.567738
0.651202
-0.350419
0.177144
-0.294551
-0.901013
-0.468349
-0.393817
0.569121
-0.0524074
-0.434893
-0.818948
0.187472
-0.208736
-0.492016
-0.603133
-0.1588
0.601172
0.380204
-0.0213875
-0.221315
0.0664915
0.0369147
-0.115932
0.507897
-0.26028
-0.0143361
0.101273
0.15453
-0.751768
0.180509
-0.261518
0.71023
0.52178
-0.546094
-0.501844
-0.236881
-1.1714
-1.29934
-0.425924
0.223649
-0.828456
0.593939
0.823116
0.133204
-0.303838
0.973287
-0.795432
0.233063
-0.876503
-0.283323
-0.265744
-0.68152
-0.437195
0.318519
-0.837655
-0.566593
-0.230775
-0.581668
0.955335
-0.299407
0.468214
-0.36756
0.245859
0.308971
0.903323
0.0244241
0.91024
-0.387567
0.0247988
0.970587
-1.07892
0.0776762
-0.114718
0.400187
0.588542
1.28732
-0.457392
-0.346303
0.163731
-0.831633
-0.385696
-0.640901
0.369406
0.390157
-0.655745
0.0786336
0.1963
0.804606
1.09529
-0.0351157
1.09261
-0.967129
-0.445072
0.929299
-0.0839996
-0.472241
0.445975
0.199845
-0.94911
0.590907
0.0623264
-0.377453
-0.703271
-0.308355
-0.258253
0.530137
0.359235
-0.313904
-0.933064
-0.4899
0.346675
0.471938
0.33553
0.0629294
0.101315
0.0556794
0.105315
1.27273
-0.39874
0.905054
-0.812282
0.994947
0.0786739
-0.412408
-0.125983
0.0948935
0.931895
-0.765877
0.323325
0.181905
-0.102848
0.142277
0.0785943
0.365178
-0.138601
-0.822481
0.29477
0.0684621
-0.924523
-0.419498
-0.410376
-0.572257
0.397456
0.372966
-0.264605
0.583385
-0.49577
-0.310033
0.0975847
-0.177444
-0.625647
0.383515
-0.0729832
-0.321032
-0.324051
-0.442935
-0.409803
-0.22559
-0.699364
-0.407085
0.197383
0.78397
0.162734
-0.406165
0.246401
-0.557826
-0.702133
0.952681
0.162016
0.157403
-0.0599785
0.0275284
-0.180216
-0.568313
-0.0827423
-0.126901
-0.225524
-0.256071
0.354599
-1.2634
0.219713
0.0428988
0.544407
0.234961
0.0613728
-0.144728
0.648776
-0.109834
0.185035
-0.0794532
0.967841
0.317495
0.0751369
0.114936
-0.206768
0.350055
-0.0542381
-0.589101
0.189602
0.136086
0.803633
0.354754
-0.0746102
0.259798
0.221935
0.7897
-0.0659683
0.129506
0.313134
0.197101
0.131005
0.090568
-0.0435015
0.303927
0.195941
0.0717531
0.148688
0.000527423
0.298189
0.0576652
0.0251495
-0.989949
-0.307564
-0.49099
-0.488841
0.149974
0.393851
-0.829586
0.0360434
-0.707297
0.0867083
0.0327891
0.553256
0.273011
-0.855441
-0.325073
0.499472
-0.00256328
-0.731685
-0.233513
-0.736081
-0.456653
-0.449591
0.894229
-0.855747
-0.194047
-0.860599
-0.146967
0.0164273
-0.445989
0.127016
-0.380169
-0.073889
0.261477
0.513057
-0.514531
0.264098
-0.110763
-0.354039
-0.226155
-0.114318
0.716012
-0.0859717
-0.164109
0.642705
-0.148339
0.314783
-0.700925
0.446371
0.0203697
0.369946
-0.179068
-0.162837
-0.0121341
0.247009
0.0150596
-1.04653
0.511186
0.660427
-0.356225
-0.445502
-1.43543
-0.679429
0.0913998
-0.683464
0.467756
-0.0985434
0.643795
-0.671928
0.503601
0.188745
0.516236
0.452434
-0.0228385
-0.0680828
0.0544056
-0.631613
-0.0684068
-0.860095
0.191696
-0.488529
0.469786
0.179624
0.543403
1.85413
0.276448
-0.147483
0.29773
-0.436485
-0.365474
-0.0838727
-0.4151
-1.06317
0.882419
0.00815879
-0.135918
-0.379542
0.252207
-1.39889
0.133935
0.111553
0.20195
-0.991309
-0.997438
0.162541
0.737107
0.310206
-0.082841
0.033635
-0.314107
0.494024
-0.342224
0.156613
-1.29791
0.641886
0.711271
0.562523
-0.15782
-0.0696031
-0.795973
-0.650135
-0.0672418
0.260552
0.211503
-0.278829
0.045088
-0.211844
0.61861
-0.388144
-0.473341
0.253221
-0.926488
0.0477533
0.714089
0.34538
-0.181716
-0.428892
0.923088
-0.689655
0.18502
0.575796
-0.0270326
0.0584892
0.698849
0.311992
-0.24904
-0.391627
0.575461
0.306518
0.687961
-0.73388
0.28413
0.465534
-1.00288
0.128143
0.0722044
0.449065
0.0516845
-0.672785
-1.35634
0.189743
-0.383791
-0.320375
0.110334
0.263845
-0.117297
0.752792
0.457067
-0.211997
0.818343
0.217813
-0.132451
0.0741201
-0.130035
-0.230861
-0.628448
-0.948617
1.14929
-0.117481
-0.686611
-0.689175
0.668862
-0.971191
-0.30451
-1.08214
-0.188548
-0.224463
-0.60709
0.360223
-0.362374
-0.300244
0.217508
0.024069
0.233413
0.383745
-0.755299
-0.23272
0.423911
-0.177704
0.674498
-0.412101
0.0827237
-0.379394
-1.29054
-0.43401
0.721234
-0.777515
-0.418112
0.214968
0.0734109
1.21122
-0.0802736
0.0451908
-0.238137
-0.242595
0.177044
-0.131976
0.435137
1.00746
-0.172899
0.568774
1.05615
0.185353
0.0378606
-0.136355
-0.193441
0.340302
0.562594
-0.0344873
0.990815
0.572885
0.461581
-0.22313
-0.138588
0.0251769
-0.288366
-0.298361
0.180803
0.142301
-0.349588
0.239857
-0.264065
0.846504
0.443971
-0.411109
0.0932971
-0.907983
0.22583
0.0529852
-0.48098
-0.448919
-0.411822
0.154405
0.207774
-0.653252
-1.20535
-0.245492
0.409263
0.296539
-0.0986494
0.0833251
1.00715
1.06613
0.383257
-0.87799
-0.270703
-0.486829
-0.846838
-0.89579
-0.343435
-0.666465
0.407786
-0.949801
-0.110273
0.328186
0.0565011
0.650436
-1.06025
0.618492
0.437438
0.134799
-0.366894
0.0195512
0.447205
0.181894
-0.205808
-0.0720775
0.0053844
0.755402
-0.434588
-0.460289
-0.181017
-0.341009
0.554985
-0.550888
0.0320348
-0.947125
-0.0182892
-0.313993
0.209319
0.305795
-0.0796096
0.873571
0.503413
-0.228347
0.151345
0.140122
-0.593974
0.227735
-0.839088
0.432342
0.828468
-0.280416
-0.806981
-0.156043
-0.567631
-0.944254
0.127981
0.0741558
0.242634
0.189823
0.515695
-0.280039
-0.9294
0.391132
-0.831065
-0.0623411
-0.269167
0.577113
0.479815
-0.197103
-0.204262
-0.360562
-0.353092
-0.295452
-0.182834
0.13169
-0.603539
0.375319
0.00543092
-0.202162
-0.395922
0.155102
0.971289
0.093258
0.534782
-0.903122
0.954145
-0.250439
0.212928
0.516626
0.139948
-0.331147
0.440728
-0.126563
0.394205
-0.154783
-0.598257
0.0154076
0.485245
-0.158981
0.240555
-1.20208
0.84398
-0.410233
-0.10696
-0.711012
0.291295
0.778615
0.453195
0.127987
0.159098
0.00929855
0.789613
0.171862
-0.0894882
0.266729
0.106025
0.613645
0.289523
2.08399
0.344815
-0.74343
-0.105372
0.699849
-0.381719
-0.499478
-1.07746
0.161427
-0.167546
0.216919
0.510449
1.0448
0.343491
0.112497
-0.0048538
0.766727
-0.987721
-0.0828984
-0.0917255
0.587231
0.518699
0.971289
-0.0210538
0.242012
-0.839147
-0.204607
-0.182078
-0.25475
0.41996
0.716226
0.218844
-0.0465141
0.311444
-0.347054
-0.00154953
0.175944
-0.545924
-1.01295
0.606714
-0.918737
0.44268
-0.129491
0.056723
-0.219187
0.0988637
-0.357388
-0.488764
0.960286
-0.31158
0.380487
0.452978
-0.563193
-1.07081
0.483858
-0.664063
-0.636725
-0.496601
0.443989
-1.25493
-0.640459
0.543391
1.49052
-0.314305
-0.696653
-0.211916
-0.014567
-0.846719
-0.260668
0.10326
-1.16309
-0.441006
0.0412391
-0.206822
-0.317636
0.736687
-0.267954
0.0815928
-0.725315
-0.293533
0.496825
0.723149
0.226761
-0.0041556
-0.863507
-0.439175
-0.779038
0.261273
-0.546168
-0.299721
0.613628
-0.146743
0.833827
1.2455
-0.437136
-0.206769
-0.235252
0.0573974
0.153603
0.559836
0.48457
-0.372012
-0.108853
-0.0600069
-0.616349
-0.184417
-0.636098
-0.227426
-0.629122
-0.467118
-0.115883
-0.551153
0.531427
0.340286
0.393608
0.394717
-0.524596
-0.556359
-0.275281
-0.233012
-0.309408
-1.20992
0.351899
0.501699
-0.112779
-0.596562
-0.47073
-0.643735
-0.0131722
-0.00327884
-0.304251
-0.228301
1.06416
0.386359
-1.05576
-0.035605
0.474423
0.563704
-0.423438
-0.600513
0.161885
-0.213926
0.257365
0.444709
-0.437238
0.911719
0.242135
-0.361085
0.554196
0.315446
0.0698952
-0.195082
0.963608
0.0928363
0.617666
0.591129
0.143854
0.0820442
0.0237795
-0.0870262
0.769216
0.183557
0.513823
-0.776214
0.584575
-0.956518
0.613703
-0.877242
0.232722
0.628193
-0.850313
-0.0417996
0.22334
-1.03225
-0.400418
0.167892
0.765039
0.0480233
1.15208
-0.199769
0.110401
0.0575681
-0.197311
-0.0173173
-0.311475
-0.882054
0.156539
-0.0270426
-0.134946
0.253816
0.386542
0.664972
-0.0686642
0.651252
-0.776908
0.590325
-0.130033
-0.175999
0.0759801
-0.0634428
-0.242154
0.557242
-0.247964
-1.15012
-0.586407
-0.222101
-0.051058
0.210197
1.11351
-1.3123
-0.196728
-0.13687
0.818988
0.44118
-0.628871
0.450414
0.181361
-0.0718764
0.164774
-0.501483
-0.263084
0.745722
0.672475
-0.708679
1.15136
0.0645579
0.451874
-0.140457
-0.578661
0.149584
0.219159
-0.674404
0.28992
-0.408796
-0.617709
-0.205291
0.680222
0.481702
-0.0130705
0.0816783
0.201015
-0.227592
0.393035
0.400284
-0.687182
0.270072
0.154249
0.583293
-0.0744293
-0.687078
0.409433
-0.664068
0.13511
-0.808262
-0.199602
-0.793993
0.873778
-1.0396
0.191217
-0.197272
-0.412284
0.010018
-0.413968
-0.00695496
0.509369
0.294081
0.565668
-0.793329
0.0792884
0.277621
0.0763115
0.319439
0.820022
0.24572
-0.0438224
-0.488364
0.373794
0.228508
0.783237
0.40319
0.0956439
-0.282242
-0.639099
-0.510437
-0.163822
0.462926
1.09575
0.415693
-0.387243
-0.825375
0.0678922
0.271173
-0.0855607
-0.644439
0.0570404
0.120559
0.282272
-0.265024
0.690683
-0.264576
-0.465942
-0.102474
-0.515875
0.227676
-0.497556
0.107486
1.11798
0.552631
0.0839128
-0.216583
0.300945
0.154705
-0.813955
-0.237125
-0.185653
-1.36669
0.330904
0.104085
1.57192
-0.583243
1.02212
-0.137672
0.424465
-0.664363
0.718534
0.763784
0.408379
-0.222814
-1.01423
0.0951967
0.150561
0.039084
-0.334172
0.606257
-0.602628
0.031014
0.61515
0.422736
-0.272909
-1.4509
0.133544
-0.243427
-0.120634
0.145656
0.32915
0.0677449
0.196402
-0.204704
-0.507975
-0.265871
0.862602
-0.753279
0.399013
0.252726
0.089019
-0.213893
0.21394
0.00272489
-0.340214
-0.272772
0.495193
0.0308134
0.379395
0.182374
0.120254
0.0583995
-1.33886
-0.265841
-0.130421
-0.542573
0.517617
0.416512
0.120561
-0.89516
0.267382
-0.573281
-0.0949068
-0.732387
0.520065
-0.344906
-0.195135
-0.455765
0.164174
0.768569
-0.35778
0.724817
0.295844
-0.196228
0.381244
-0.235981
-0.30454
-0.202123
-0.483156
-0.584366
-0.179829
-0.111587
0.289858
0.0604114
-0.374782
1.47812
1.34093
0.317941
0.291938
0.472885
-0.212605
0.212604
-0.537436
-0.0195161
0.19103
0.177177
-0.0358636
-0.554152
0.131123
-0.736816
-0.123597
0.357051
0.324876
-0.969332
0.10397
0.407191
-0.870748
0.0824048
-0.119057
-0.578582
-0.199612
-0.844421
-0.866587
0.550405
-0.336449
-0.243373
0.0158306
1.05798
-0.253018
0.423126
0.351851
-0.746302
-0.204649
-0.806805
-0.658385
-0.45302
1.04354
0.562966
0.281983
0.327387
-0.536373
0.265353
-0.266423
0.0805732
0.398501
0.311507
1.1932
0.937621
-0.359558
0.289442
0.259882
0.312611
0.545281
0.26648
0.450511
0.579981
-1.23328
0.417008
0.0460296
-0.881679
-0.13551
1.28639
0.288004
0.0506641
-1.09434
0.755429
-0.640308
0.561792
1.09291
-1.03091
-0.0134446
-0.253738
0.552646
-0.291542
-0.501217
-0.432993
-0.0120075
0.422384
-0.05286
-0.591427
0.10554
0.0262674
0.434904
-1.15644
0.0918473
-0.00410869
-0.435999
0.498897
0.0351299
0.413151
-0.382897
-0.151281
0.144465
-0.97485
-0.254987
-0.527953
0.0953984
-0.701734
0.183032
-0.423244
0.199932
0.707349
-0.095653
0.128846
-0.375225
-0.621001
0.188574
0.320216
-0.32802
0.321996
0.396551
-0.0864242
0.11983
-0.242003
-1.48688
0.200208
-0.21791
-0.520844
0.180146
-0.104897
0.642953
-0.127082
0.493404
0.506357
-1.04021
0.0207532
0.0907751
0.586535
0.161356
0.100939
0.331796
0.277273
-0.477817
-1.02274
0.551588
0.968264
-0.508083
0.0205332
-0.329118
0.56366
0.0114561
-0.0633624
-1.04536
-0.378317
0.299826
-0.045662
0.26572
0.555184
0.503491
0.254644
0.523448
0.571258
0.276392
-0.00804819
-0.141537
-0.474808
-0.543527
-0.0927916
0.474498
0.272665
0.270307
0.094442
-0.9951
0.347121
0.178523
0.227547
0.0687153
-0.0676688
-0.0859619
0.504132
0.377165
0.310973
0.680752
-0.525035
-0.38161
0.216668
1.22975
-1.46828
0.234634
-0.613377
-0.688186
-0.149547
0.626372
0.114965
-0.417219
0.234379
-0.290164
-0.428632
-0.145611
0.298793
-0.243698
-0.173671
0.143217
0.180079
-0.865995
0.0162302
0.497543
0.829043
-0.487344
-0.181197
-0.64166
-0.608358
0.453363
1.31598
-0.617987
0.135797
-0.277841
0.427231
-0.133619
0.0746073
-0.0498564
0.0114965
0.229943
0.316104
-0.231366
0.131743
-0.13814
-0.0977326
-0.373269
-0.0378441
0.637527
0.23473
-0.12936
-0.0422687
-0.575951
0.35417
0.491736
-0.294484
0.0982591
0.669847
-0.593078
-1.20056
0.513089
-0.245368
-0.452829
0.611638
0.114879
-0.11843
0.286314
-0.447684
1.14833
0.219363
-0.94696
-0.242621
0.146029
-0.416571
0.379965
-0.528225
-0.26671
-0.0217401
0.342831
-0.0944663
-0.406971
0.311069
0.206514
-0.192669
-0.532352
0.219474
0.182481
0.259752
-0.909684
-1.06822
0.340579
-0.28374
-0.231461
-0.48893
0.561633
0.28663
-0.219378
-0.256513
0.34212
0.0249265
0.207158
0.138243
0.656277
-0.730157
0.133598
0.348916
0.328139
-0.0840919
-0.269939
-1.33409
0.676004
-0.637351
0.22982
-0.73403
0.701604
-0.400134
-1.21748
0.818294
-0.103553
-0.0441224
-0.0471445
-0.648227
-0.446059
0.196776
0.765159
-0.455265
-0.0170823
0.0159918
-1.06448
-0.384588
-0.206047
-0.948096
0.128484
0.231906
0.569423
0.538591
-0.130446
0.890555
0.140693
0.216145
0.140442
1.58213
0.227422
-0.00410959
0.0426999
-0.0241782
0.78118
0.218331
0.268636
0.0035387
-0.203351
-0.419408
0.176468
0.705349
-0.453072
0.0550993
1.05846
-0.298016
-0.483053
-1.02291
-0.57027
0.967104
0.0243375
0.991504
-0.0718732
-0.366288
0.332925
-0.99158
-0.176404
-0.0163519
0.188815
-0.402443
0.60996
-0.0479603
-0.0179579
-1.00243
-0.275003
0.207609
-0.45321
-0.123955
0.330594
0.719262
0.169391
0.702613
-0.806083
-0.170812
0.335101
-0.56159
0.859378
0.573344
0.216913
-0.0414413
-0.150236
-0.317953
-0.370195
-0.315117
-0.681461
-0.330902
0.427905
-0.344748
0.514004
0.654061
0.627608
0.0840953
-0.916508
0.0768023
-0.518662
-0.0499373
0.793665
0.304377
0.135721
-0.180368
0.325134
0.348315
-0.418256
0.269246
0.536268
0.689776
0.113322
0.306021
-0.53117
-0.110855
-0.00621027
-0.741505
0.466331
0.172485
0.0630671
0.459327
0.854762
-0.194201
0.11149
0.276978
-0.712182
0.664713
-0.0266551
-0.395222
0.706695
-0.38851
0.678003
0.242052
-0.350248
0.298884
0.251029
0.801006
0.798989
-0.127447
0.122862
-0.119403
-0.0246621
-0.0956424
0.41882
-0.0708043
-0.510114
0.0344279
-0.553572
0.403546
0.471215
0.232689
-0.712123
-0.117221
-0.282896
-0.558753
-0.53086
0.728313
-0.545749
0.510683
-0.376327
-0.329423
-0.179073
-0.255696
0.441464
-0.111025
-0.303565
-0.700341
-1.03492
0.429021
0.252785
-0.128249
0.75825
1.51032
-0.394914
-0.00872425
0.556697
-0.689633
0.162379
0.059931
1.058
-0.236016
-0.246714
0.503969
0.191548
1.08063
-0.268453
0.222785
-0.165036
-0.137254
-0.731272
0.821357
0.431494
-0.649987
0.35113
-0.134337
1.29795
0.100553
-0.444457
0.212889
1.1898
-0.269706
-0.453424
0.1296
-0.834056
-0.661785
-0.152537
-0.704353
-0.379315
-0.904851
0.310169
-0.434409
0.886145
0.0233672
-0.533519
-0.752426
-0.633223
0.786237
-0.550147
0.741249
-0.360351
-0.652915
-0.0257508
0.683813
-0.0890227
-0.5846
0.301725
-0.283148
-0.188651
-0.384609
-0.30834
-0.420097
-0.465041
-0.481062
0.338584
-0.299515
-0.400748
-0.150769
0.46829
-0.227111
0.570076
0.217366
-0.607041
0.593682
0.507533
0.683555
0.356492
-0.61738
-0.530147
-0.0632652
0.108279
-0.474009
-0.594192
0.233832
0.022167
-1.23946
0.212547
0.244803
-0.214104
1.14853
0.04943
-0.0231388
-0.114008
0.450902
0.460774
-0.112423
-0.28493
0.0499864
0.118807
-0.593877
-0.467394
0.626838
-0.780083
0.773823
-0.098895
0.491131
0.683441
-0.471634
0.654211
0.592198
1.48089
-1.12626
0.4523
-0.741636
0.123832
-0.623681
0.35712
0.382029
1.18989
0.482923
0.655999
0.407758
-0.053368
1.33091
0.703061
0.277529
0.178102
-0.064599
-0.323086
0.344384
0.430391
-0.444485
-0.207319
1.50754
-0.60295
0.394794
-0.744558
-0.133119
0.0379862
-0.186548
1.36647
-0.371726
-0.291028
0.0118819
0.416537
-0.0304398
0.683953
-0.469852
0.0554661
0.125953
0.00848177
-0.636341
0.598161
-0.315143
-0.88414
0.0172582
-0.871292
0.268099
-0.309197
-0.185307
0.449403
0.459415
0.356081
-0.223307
0.163434
-0.317432
-0.0407712
-0.247305
0.0838825
-0.711657
0.532612
0.371206
-1.04416
-0.120356
-0.205889
0.206725
0.51748
0.0886113
0.412765
-0.556712
0.11321
0.967537
0.0340346
0.00949297
0.725657
0.247785
-0.577891
0.26941
-0.763446
-0.664795
-0.350014
-0.0548202
-0.113942
-0.977747
0.837653
-0.534549
-0.139581
0.835719
-0.250136
0.569848
-0.13485
1.10931
-0.0302809
0.230639
-0.549975
0.724227
-1.14576
0.478874
1.33502
-0.377255
0.598221
0.0397942
0.0855385
0.0945636
0.327263
-0.0719872
-1.01586
-0.218936
0.619844
-0.50142
0.138107
-0.707581
-0.358251
0.0545815
-0.279959
-0.394854
0.738332
-0.371628
0.314372
0.344262
0.29252
0.556051
-0.688284
0.24481
-0.696788
-0.134978
0.861836
0.341415
-0.118109
-0.288121
0.261487
-0.588047
0.602657
0.048232
-0.65233
-0.151252
-0.0701467
-0.814426
-0.425665
0.450451
0.526149
-0.419275
1.07076
0.529475
0.336001
0.665282
0.339658
0.484788
-1.15519
-0.202451
-0.694341
0.311613
-0.89705
-0.140644
-0.35483
0.768994
0.0111895
-0.422223
0.328655
-0.500149
-0.728991
-0.632003
0.521199
0.624664
0.242972
-0.473908
-0.574377
-1.34242
-0.137008
-0.376943
-0.285977
-0.515845
0.0425222
-0.871514
0.448658
-0.0852386
-0.440662
0.171252
-0.15686
-0.212018
0.0112563
-0.145027
0.571344
0.360151
-0.109415
-0.513442
-0.292901
0.151958
-0.393534
-0.523175
-0.721898
-0.237565
0.695012
0.175267
0.413457
1.14975
0.221881
-0.443012
0.601233
-0.525727
0.166869
-0.469054
-0.29308
0.744477
0.800341
-0.339144
-1.10493
-0.228128
0.627447
-0.0645607
-0.937148
-0.265886
-0.495361
0.526163
0.584911
-0.323172
0.957582
-0.0415593
-0.00995855
-0.156118
-0.266915
-0.00293028
-0.352207
0.80543
-0.328312
-0.31536
0.220831
-0.725576
0.875057
-0.570985
-0.187246
0.485309
-0.0389633
0.523695
-0.671442
-0.165857
0.236137
0.381388
-0.128173
0.341599
-0.637561
0.856059
-0.0688837
0.73956
0.231343
-0.316366
-0.071921
0.100268
0.176369
0.0391689
-0.0420379
0.303165
0.271637
0.380741
0.356643
-1.14272
-0.521497
-0.00261739
-0.15028
0.311045
-0.0919109
-0.132071
0.0706037
0.137606
-0.597344
-0.841386
-0.00511539
0.237066
0.123887
0.37778
0.0841899
-0.435233
0.634872
-0.151838
-0.623907
0.721326
-0.959853
0.772755
0.0240834
0.119492
0.461281
-0.432366
0.0128725
0.0859361
-0.406954
-0.399449
0.237617
-0.869849
1.05329
0.132711
-0.487647
0.086246
-0.798907
0.73653
0.457775
0.628285
-0.516466
-0.728499
-0.706079
0.59668
0.561242
0.0849875
0.655806
-0.374879
-0.0298003
0.353708
0.848038
-0.49421
0.00721217
0.622124
0.00904625
-0.167187
0.21422
0.0772168
-0.270577
0.6299
0.221868
0.2068
0.186172
0.416512
-0.558717
0.614806
-0.104738
-0.468917
0.449964
0.0292228
-0.435829
-0.943923
0.764271
-0.641699
0.0265701
0.108775
0.458909
-0.342964
-0.294121
-0.821875
-0.378102
0.390736
0.43814
-0.37068
-1.17999
0.599256
0.46133
-0.0894661
0.265467
-0.402453
0.446663
-0.110729
-0.830407
0.6048
-0.31971
-0.225809
-0.638407
0.550934
-0.595399
-0.604328
0.287009
-0.822102
-0.0712797
-0.48543
0.773099
0.092807
-0.057667
-0.312737
-0.882793
1.45617
-0.833089
-0.292218
-0.301528
-0.588009
0.39314
-0.267966
1.29286
0.525432
-0.211221
-0.192529
1.44078
-0.709713
-0.432779
-0.1515
-0.423914
0.47998
-0.559634
-0.723021
0.39078
-0.4595
-1.05123
0.140837
-0.0651083
-1.05045
-0.365222
-1.00058
-0.300394
0.200657
0.565048
0.260761
0.349111
0.291694
0.281427
0.482109
0.564838
-0.65967
-0.769552
-0.487979
0.544213
-0.308067
0.466297
-0.422255
-1.05457
-0.122717
-0.382746
-0.259274
-0.852884
0.164203
0.45734
-0.0305799
-0.395149
-0.0146772
-0.00741023
-0.134688
-0.777216
-0.144871
0.121685
-0.683894
-0.255413
0.518176
-0.311431
0.194749
-0.615933
-0.620344
0.896026
0.65629
-0.666625
0.527183
0.763119
0.294831
0.384528
0.100597
-0.0569059
0.243557
-0.124931
-0.108284
0.143128
-0.0894205
-0.246034
0.466763
0.0194987
0.118524
0.27936
-0.318588
0.0666334
0.538654
-0.659576
-0.747438
-0.100901
-0.873242
0.208418
0.303846
-0.365351
0.464683
1.04264
1.04594
0.520151
0.757991
0.548558
0.669351
0.270421
-0.746885
0.126898
-0.909325
-0.0512571
-1.53926
-0.907952
-0.499965
0.156979
0.773617
-0.397455
0.124773
-0.755004
-1.03965
0.234942
0.426337
0.210354
0.0829426
-1.35609
-0.140972
0.56292
0.835655
0.191917
-0.78589
0.445342
0.845502
0.580561
0.244345
-1.36142
-0.349699
-0.582858
0.493791
-0.0320198
-0.237845
-0.161943
0.188805
-0.0364888
0.351714
0.412788
0.194301
0.93016
0.536382
-1.15023
0.665532
-0.753347
0.0479899
1.05528
0.120666
0.349265
0.1324
0.280445
-0.377304
0.102864
-0.835974
0.427276
0.703419
0.000954421
0.0895532
-0.350225
-0.199515
-0.54742
-0.366557
0.897116
-0.0923709
-0.169854
0.242134
0.366922
0.424038
0.356778
0.223892
1.07159
-0.31967
0.154451
-0.210705
-0.319651
0.986176
-0.325467
-0.278863
0.528434
-0.179432
0.376892
-0.122253
0.0892158
-0.082811
-0.101676
0.557151
0.121766
0.0390789
-0.540646
0.912449
0.0643962
-0.179279
-0.0851317
0.583124
-0.936381
-0.710636
0.338905
-0.114625
0.382773
-0.0713531
-0.349907
0.089645
-0.467518
-0.091618
-1.12741
0.886515
-0.465288
-0.383751
0.791021
0.200683
0.199045
-0.583347
0.196215
0.168781
0.20027
-0.189921
-0.175821
0.310205
-0.403149
-0.456929
-1.04543
-0.326351
0.660661
-0.0625201
-0.131999
-0.441764
0.126551
0.781191
-0.735204
-0.296088
0.565907
0.338623
0.358142
0.474032
0.105583
-0.808666
0.379057
-0.396179
-0.731926
0.320334
0.391606
0.214346
-0.399108
-0.336036
-0.494654
-0.490457
-0.540503
0.24924
-0.00908796
0.364454
-0.233325
0.0482683
-0.0303471
0.30856
0.325529
0.412535
-0.289115
-0.326125
0.100254
-0.127994
-0.102845
0.480834
0.462993
0.173851
0.145843
-0.181825
-0.430219
0.21323
-0.429716
0.240378
0.595243
-0.126954
-0.0623775
0.151938
-0.842088
1.33671
-0.135884
0.370838
0.606458
0.63521
-0.00622918
-0.522427
-0.529138
0.350749
-0.246947
0.38937
-0.189375
-0.968888
0.342615
0.476573
0.27519
-1.04287
-1.45303
0.227204
-0.381484
-0.171044
-1.21002
-0.481551
0.56686
0.358137
0.105462
0.422482
0.322955
-0.446916
0.454743
0.177629
-0.286569
0.171428
0.656648
0.145308
-0.227754
0.147401
-0.563993
0.286422
0.942077
-0.264589
-0.0192916
0.196655
0.819363
0.473045
0.54274
-0.662512
0.684538
-0.430014
-0.0525809
-0.71239
-0.366267
0.822901
0.124075
-0.817359
-0.200498
0.171383
0.454779
0.383435
-0.28399
0.405603
-0.422973
0.150339
0.492465
0.297456
0.213988
0.0148066
-0.317274
-0.0551612
-0.400781
-0.525409
0.015094
0.143128
-0.197605
-0.0935408
0.671938
0.151284
0.323728
0.844434
0.160238
0.76523
0.40621
-0.49915
-0.563244
0.616342
-0.907776
-0.105813
1.23455
1.04935
-0.501734
-0.1618
0.0541549
-0.11399
0.401906
-0.260712
-0.560464
-0.547661
-0.450101
0.225953
0.36667
0.370371
0.151329
-0.30661
-0.100529
0.700766
1.75473
0.513285
0.129798
-0.306337
-1.54709
0.627076
-0.705549
-1.32455
-0.111218
0.0806385
0.786648
-0.821307
-0.403135
0.560915
-0.168993
-0.157003
0.267305
1.07508
-0.718842
0.284005
0.437779
-0.0446267
-0.000283809
-0.399012
-0.310779
-0.253567
-0.0124423
0.766213
0.732041
-0.389254
-0.42411
0.073656
0.383306
0.869576
0.611504
-0.22088
-0.284014
-0.437739
-0.0355539
0.558053
-0.40917
-0.209469
0.00803328
0.448801
-0.549985
0.0081748
-0.154832
-0.150125
0.668607
0.422128
-0.105725
-0.0548191
-0.120486
-0.497144
0.24019
0.0662568
-0.389367
0.124834
0.31871
0.540045
-0.410884
-0.152242
0.371349
0.675101
-0.499961
-0.275406
-0.875014
-0.0471919
0.41749
-0.299622
-0.116454
0.73473
-1.38921
-0.519348
-0.126229
-0.844551
0.508666
-0.207877
0.5478
-0.276617
0.00437651
-0.20535
0.44971
0.83616
0.684304
-0.279621
0.43793
-0.0972048
0.453286
-0.0769799
0.161781
0.656746
0.223866
-0.65799
-1.39102
-0.230018
0.400861
0.0301561
-0.675097
-0.54372
-0.645095
0.259197
-0.291424
0.118569
0.432425
0.0389494
0.548958
0.0603623
-0.00444749
0.529703
0.543599
0.443568
-0.501327
0.0558638
0.173381
-0.00429592
0.275043
-0.321919
-0.585007
0.850873
0.523141
-0.968713
-1.34783
0.0614939
-0.555266
-0.367706
0.551919
0.140552
0.0787584
0.193012
0.478273
-0.214365
0.695665
-0.89089
-0.0317835
0.314542
0.569888
0.352484
-0.699469
-0.229923
0.00732231
-0.604576
-0.177679
0.527018
-0.182591
-0.334544
-0.438204
-0.262521
0.0889132
1.12444
-0.423042
-0.759708
0.685177
-0.699112
0.37299
-1.17392
0.365134
-0.102991
-1.00184
-0.0726451
0.655659
0.0875733
0.373028
-1.27864
0.0162227
0.101565
0.028446
0.44892
0.253203
-0.110587
0.886728
-0.707128
-0.22711
0.271813
0.242889
0.0947859
0.841278
0.140565
-0.779123
-0.14017
0.484961
-0.746093
-0.318627
0.229291
0.340058
0.638835
-0.0391086
0.400279
0.485774
-0.522801
0.498179
-0.835507
0.356307
-0.0786658
0.173937
-0.196532
-0.254754
0.516025
-0.101964
-0.0215016
-0.160711
-0.830847
-1.31388
0.088177
-0.571914
0.524063
0.150989
0.464007
0.832885
0.0762204
0.44021
-0.230244
0.494423
-0.441033
-1.10613
-0.392256
-0.308347
-0.129944
-0.16698
-0.210843
-0.319868
0.071978
0.32384
-0.443912
0.246905
-1.0813
0.683114
-0.482097
-0.816568
-0.323232
0.0173178
0.293218
0.338194
-0.863404
0.173163
-0.0242517
0.908739
0.0955417
0.118041
-0.451722
0.383342
-1.50139
-0.123084
0.724616
-0.150964
-0.815895
-0.228743
-0.164944
-1.33893
-0.243551
0.147996
-0.363625
0.0226963
-0.721345
-1.09562
0.201906
0.471665
-0.45247
-0.573069
0.00519479
-0.476734
-0.263962
0.173296
0.22554
0.573596
0.936129
-0.198674
0.776022
-0.32024
-0.404982
0.441374
-0.209913
-0.831239
-0.0204915
-0.211752
-0.053654
0.23443
0.44722
-0.742358
-0.509418
-0.594516
0.354954
0.170097
0.486514
0.137831
-0.2262
0.162107
-0.0142287
-0.904348
-0.447115
-1.05429
-0.221739
-0.464839
-0.774387
-0.20705
-0.078228
-0.365543
0.447616
1.10487
0.374776
0.364266
-0.16971
-0.80464
0.265472
-0.232236
-0.345867
1.19802
0.144532
-0.336532
-0.155424
0.274126
0.125678
-0.143642
-0.056584
-0.532962
-0.311377
0.0479671
0.00162998
0.0744782
0.546302
-0.330524
0.0976935
0.201336
-0.589342
0.285269
0.414815
0.0690999
0.346051
-0.561468
0.184882
-0.576511
-0.525927
0.74419
-0.271421
-0.238803
-0.220698
-0.0194627
0.0965473
0.295056
0.704041
-0.0166056
-0.403532
0.210399
0.162028
-0.0817292
0.74554
0.263038
0.399824
-0.124696
-1.0209
0.95614
0.248457
0.160953
0.359103
-0.501075
-0.810164
-0.178942
-0.600367
-0.224343
0.38246
0.304423
0.00032153
-0.58931
-0.210739
1.01014
0.774123
0.130814
0.215815
-0.143053
-0.253484
-0.221197
-0.471243
1.01407
1.27863
0.00910243
0.272348
-0.202704
-0.86533
0.908322
-0.645662
-0.0155485
0.391508
-0.224591
0.698014
0.750793
-0.348361
0.0735688
0.22022
0.706415
0.141953
0.211382
0.461903
0.624549
-0.028593
0.243246
-0.198606
0.161298
0.693711
0.123767
-0.235192
-0.467847
0.479724
-0.185357
0.40338
0.561042
-0.914052
-0.541435
-0.123195
0.011095
-0.549069
0.894224
-0.318456
0.537323
-0.202903
-0.0748044
0.0578364
0.604611
-0.647502
-0.571341
-0.481304
0.0950635
1.24039
0.035928
0.791665
-0.325696
-0.361186
0.566973
-0.242764
-0.711803
-0.299829
-0.760512
-0.734586
1.13667
-0.0815943
0.587786
-0.128482
0.936118
0.630789
0.449731
-0.635047
0.197928
0.545579
0.162117
0.373314
-0.332633
-0.943762
1.24334
-0.414038
-0.152461
-0.875073
-0.628219
-0.679982
-0.942479
0.442417
-0.787647
0.325634
-0.204699
0.450796
-1.28647
-0.662869
0.160227
0.322836
0.153575
0.732326
-0.282204
0.293342
0.258772
0.465504
-0.191884
-0.182517
0.472813
-0.203267
0.569661
0.0890175
0.0391504
-0.134671
0.0794145
-0.00942512
-0.234007
-0.127103
1.44522
0.617805
0.340201
-0.363915
0.670947
-0.40019
0.439783
-0.0188237
-0.761972
-0.249056
0.102977
0.526081
0.045541
0.845885
0.407704
-0.0251067
-0.316023
-0.00394312
0.260456
0.202532
0.0912113
-0.155467
0.667149
-0.257695
0.515655
0.0838381
-0.172175
-0.537755
-0.613899
0.959483
-0.0496724
-0.697961
0.521897
-0.169617
0.818788
-0.544929
0.311613
-0.499679
-0.0335662
0.990441
-0.357354
1.38806
0.156003
0.835683
-0.594468
-0.719349
0.179069
0.934179
0.208184
-0.108464
-0.0827778
0.194026
0.0616538
-0.205572
0.23603
0.497418
0.204585
-0.242513
0.162972
-0.129901
-0.767222
0.476058
0.901283
-0.250242
0.925707
0.688276
0.801954
0.616058
0.500123
0.611589
0.271307
-0.126203
0.0815009
0.245603
0.216007
0.760533
-0.669645
0.473076
0.267057
-0.109651
0.00779959
0.0520564
0.0689784
-0.309335
-0.777333
-0.292404
0.406766
0.586471
-0.456501
-0.073896
0.194682
0.0662381
0.355635
-0.234512
0.719901
0.370808
0.194246
-1.19732
-0.039422
0.0440859
0.15987
-0.420002
-0.715224
-0.470013
0.641416
0.504552
0.356002
-1.50075
-0.467816
-0.407282
-0.222789
0.968109
0.561371
-0.188482
0.431653
-0.278372
0.665779
0.452634
0.164381
-1.31725
-0.727004
0.554553
-0.514456
1.28875
-0.237433
-0.472629
0.299019
0.423529
-0.591821
0.238114
0.837966
-0.426625
0.484229
-0.998766
-0.34721
-0.622964
-0.237284
0.0785167
-0.289642
0.962443
0.363006
0.111463
0.414068
1.03569
0.761221
0.465845
0.713699
-0.52823
0.248533
0.0407478
-0.137787
-1.0167
0.26831
-0.297846
-0.644015
0.404509
-0.447877
0.41422
0.0820897
0.405233
0.100035
-0.424814
-0.378239
0.484694
-0.991821
0.469649
0.0179864
-0.631333
0.194754
0.142239
-0.330027
-0.647042
-0.144669
-0.341827
0.956514
0.0843547
0.754396
-0.470784
-0.375653
0.707578
-0.474996
-0.494278
-0.525195
0.309025
0.486789
0.292993
0.0842281
0.101005
-0.632396
0.762184
-1.3814
-0.447703
-0.356767
-0.890556
0.58244
-0.458968
-0.141719
0.367915
-0.540641
-0.0687005
0.420535
-0.274143
0.346613
-0.579854
-0.521185
-0.463919
-0.815656
-0.0973518
-0.764912
0.686218
0.0555333
0.400881
-0.369417
-0.959145
0.165404
0.27896
-0.922469
-0.373236
0.0195886
-0.243421
1.19128
-0.0872895
-0.262413
-0.119039
0.257933
-0.0483516
0.369761
-0.112621
0.0166061
0.888412
-0.602189
-0.458043
0.265465
1.17417
0.121509
-0.771848
-0.00552715
-0.161627
-0.716364
0.356508
0.204717
-0.878255
0.0977078
0.641178
0.473078
1.53344
-0.143629
-0.312052
0.242886
-0.798517
0.214649
-0.32612
-0.411973
-0.962669
-0.548028
0.1287
0.295271
-0.0391313
-0.315713
0.628459
0.168344
-0.489618
0.124123
0.484849
0.294527
0.774128
0.487367
-0.165439
-0.603675
-0.206101
-0.58885
-0.110449
-0.412742
-0.243677
0.513311
-0.182084
-0.0614149
-0.308298
0.419638
-0.271222
-0.108851
0.0554714
0.19059
-0.364511
-0.541896
0.390373
0.126953
-0.215748
-1.17112
0.127961
-0.823261
0.633411
0.334012
-0.10172
0.0709412
-0.60605
-0.310589
0.172583
-0.546923
-0.164307
0.202211
-0.298399
0.590823
0.453008
0.810836
-0.804155
0.422595
1.29943
1.04616
-0.492472
0.498131
0.221711
-0.244311
0.406178
-0.0390793
-0.339656
1.21776
-0.405146
-0.0801772
-0.275525
-0.0307127
0.104095
0.0849654
1.29305
0.182739
-0.132406
0.0110248
0.718152
0.23971
-0.607516
-0.766261
-0.133445
-0.960851
0.398495
0.623357
-0.193698
0.687332
0.231576
-0.202088
-0.00170004
-0.45406
0.944354
0.285584
0.399543
-0.722246
0.395653
-0.138057
0.35169
-0.894958
-0.185282
-0.643044
-0.34476
-0.27777
-0.139064
-0.368387
-0.0530445
-0.0221784
0.254646
0.775807
-0.44521
-0.194967
-0.0848422
-0.523476
-0.390972
0.520715
0.531525
-0.257638
1.67615
0.922232
0.325703
0.984287
0.267117
-0.983739
0.63375
0.745177
-0.827346
-0.347187
-0.173718
0.424359
-0.393962
-0.470438
-0.523807
0.358193
0.110557
0.789026
0.0303784
-0.357945
-0.458379
0.772986
0.456314
-0.359826
1.04296
0.205758
0.233193
0.519272
-0.134791
-0.0989851
1.40199
0.243952
-0.379856
0.576573
0.637754
-0.528012
-0.210133
0.31509
-0.718833
-0.212733
0.0119768
0.602391
-0.473314
0.373124
-0.405944
-0.413967
-0.44228
1.08245
0.240422
-0.597825
0.471607
0.621821
-0.116195
0.141325
-0.545831
-0.518148
-0.0723864
-0.0651313
0.177732
-0.00439274
-0.015638
-0.350794
-0.191038
0.0552682
0.120183
-0.469615
-0.0458253
-0.410594
-1.64313
-0.364355
0.170971
-0.131275
0.258404
0.219784
0.111473
0.57545
0.652607
0.519892
-0.388242
-0.100699
0.293292
-0.100708
0.66531
-0.588238
0.468961
-0.559449
0.950318
0.580523
0.0684431
0.0890396
-0.0185615
0.366381
0.467063
-0.356818
-0.198359
-0.73141
0.0771356
0.799415
-0.65453
-0.563854
-0.0996431
0.201671
-0.941985
0.592673
-1.03646
-0.330989
0.45097
-0.757954
-0.0179064
1.21571
-0.776766
0.0497182
0.304023
0.151359
-0.447016
-0.0643097
1.21601
0.45932
-0.963516
0.77959
0.182481
0.449823
-0.350752
0.0452047
0.780323
0.878669
0.0881115
-0.373929
0.0644016
0.515642
0.393952
0.419481
-1.40857
-0.114829
0.100382
-0.202321
-0.345231
-0.102412
0.209491
-0.855619
-0.505573
0.108295
0.370744
0.487749
0.308965
0.733844
0.278245
0.121144
1.15637
-0.537803
-1.23759
-0.0306418
-0.485374
-0.0604329
-0.9118
-0.0327663
-0.160854
0.219217
-0.151017
0.0608405
0.296946
0.442429
0.897367
0.176391
0.322878
-0.127844
-0.652763
-0.386634
0.135918
-0.214165
-0.530731
-0.257488
-0.153104
-0.40348
0.475035
-0.547979
0.820928
-0.775442
-0.0572575
-0.0439607
0.363864
0.0662367
0.503313
-0.098621
-0.877746
0.108414
-0.599796
0.0161139
-0.244188
0.333879
0.759704
-0.452698
-0.410429
-0.350072
-0.769428
0.00620698
-0.0660448
0.0579154
0.701662
0.369257
0.659305
-0.134082
0.23823
-0.473754
-0.0926043
-0.297915
0.13272
-0.372792
0.567025
-1.12995
0.221642
-0.0456093
-1.5194
0.158272
1.24857
0.122884
-0.359219
-0.171569
-0.151606
-0.593562
0.338536
0.0137067
0.266983
-0.093489
0.231639
1.10949
-1.65966
0.626885
0.0789843
-0.986648
-0.09601
-0.433954
0.376975
-0.336343
0.48133
0.523245
0.102252
0.88694
-0.459751
0.18029
-0.683545
0.325469
-0.425053
0.137122
-0.48994
0.0680947
0.0954428
0.47345
0.240681
1.234
-0.0566451
-0.449158
-0.188712
0.284384
-0.00826159
-0.798369
1.16622
0.453887
0.0794197
-0.741119
0.0260482
-0.041712
0.420134
-0.647326
-0.25175
-0.542093
-0.297637
-0.0780393
0.0662719
0.750904
-0.990936
0.665223
0.470057
-0.0103885
-0.358486
-0.497261
-0.109459
0.651508
-0.425253
0.174112
0.657986
-0.257858
0.214478
-0.358548
0.583339
0.490344
0.471235
-0.242422
-0.381547
-0.293506
-0.09821
0.237733
-0.125746
-0.0424543
0.11338
0.260709
-0.669408
-0.0997383
-0.444757
-0.576514
1.06755
0.696924
-0.954544
-0.326452
0.773957
-0.395293
0.0593062
-0.292354
-0.272809
-0.919945
0.486431
-0.401523
-0.0701191
-0.318377
0.557755
-0.289224
-0.151057
1.23584
-1.29601
-0.94245
0.440008
-0.575606
0.128897
-0.388614
-0.164288
-0.690749
0.532197
0.00197045
0.234212
-0.0545539
-0.00152617
1.01338
0.175436
0.152232
0.342366
0.2477
-1.89685
0.0138709
-0.427529
0.00850407
0.0625274
-0.198262
-0.122947
0.720806
0.825602
-0.561856
0.551829
0.422638
-0.365021
0.256472
1.07721
0.888479
-0.141648
-0.109286
-1.13421
0.581388
0.33421
-0.640963
-0.695792
0.365808
-0.459372
1.12333
0.134905
-0.402882
0.13471
0.253996
-0.548923
-0.265481
-0.131371
-0.637802
-0.666237
0.246756
-0.30471
0.0951414
0.930005
0.188665
0.212127
-0.339856
-0.441466
-0.0102875
-0.198968
-0.435283
-0.714109
0.760081
0.498965
0.294526
0.0380835
-0.520214
0.121387
-0.951407
-0.320899
-0.181194
-0.217268
-0.368099
-0.384682
0.67404
-0.176458
-0.803799
-0.346198
0.862225
0.746878
-0.250376
-0.967025
0.161017
0.397714
0.221
-0.115952
-0.542827
-0.104508
1.26339
0.750704
1.16094
0.483833
0.831001
-0.506319
0.0671168
0.652678
0.292016
-0.333349
0.474517
0.380363
0.53243
0.835532
0.421797
-0.849678
0.319216
0.246181
0.820885
0.806347
-0.177222
0.304661
-0.481764
-0.232137
-0.795043
-0.0651107
-0.416259
-0.854356
-0.70568
0.252939
0.134177
-0.892685
-0.158684
-0.603169
0.0422413
-0.416321
0.105876
-0.307092
-0.876306
-0.511056
-0.148708
-0.321765
0.344867
-0.5229
0.574052
0.174444
0.576668
0.221834
-0.388586
0.219459
0.333056
0.321115
0.0181164
-0.65162
0.0940583
0.696844
0.306215
-0.547341
0.566629
0.45876
-0.240279
0.444873
-0.302349
-0.690438
1.05822
0.0606542
0.276953
-0.625816
0.189188
-0.8769
-0.824532
-0.0841402
-1.15695
0.324924
0.878902
-0.123942
0.280674
-0.875258
-0.460764
0.228021
0.152833
0.301451
-0.0755762
-0.308052
-0.954689
1.0849
1.06377
-0.0531612
0.564777
0.757353
-0.00356659
-0.439172
0.302867
-0.743114
1.24731
-0.727502
0.357897
-0.162306
-0.178572
-0.0932169
-0.339629
-0.201208
-0.273255
1.13312
0.45939
0.951417
-0.00887643
-0.61322
0.287124
0.272706
-0.0437265
-0.194105
0.0580616
-0.267975
0.495248
-0.435735
0.245404
-0.652291
-1.12112
-0.425599
-0.0817879
0.102517
-0.0643672
-0.10018
0.302437
0.30857
0.415799
-0.750368
0.342572
-0.632211
0.532265
-1.0014
-0.574109
0.896754
-0.248139
0.342879
-0.0216635
1.38624
0.736335
0.408198
-0.512721
-0.280977
0.0618135
-0.0887882
0.0738429
0.201278
-0.721944
0.280289
0.234591
-0.168649
0.328285
0.00358718
-0.805624
0.553528
-0.320155
0.899427
-0.0758991
0.398152
0.839045
0.389269
-0.225256
-0.616798
0.323634
0.343369
-0.031227
0.0626602
-0.0709699
0.830519
-0.563071
-0.824739
-0.341253
0.18358
0.225475
-0.810876
-0.630007
0.608913
-0.136418
0.487817
0.0991993
-0.478421
0.388751
0.661142
0.443794
-0.220329
-1.14214
-0.244174
0.155997
-0.288926
0.142657
-0.341163
0.706103
-1.00457
-0.294452
0.67763
-0.050054
0.0360548
0.0703497
-0.240363
-0.463212
-0.119303
0.617312
0.561446
-0.11336
-0.0261597
-0.407049
-0.0838873
0.790114
0.628434
0.681723
0.113805
-0.0137727
0.715238
-0.191061
-0.51559
0.194766
0.639659
-1.09328
0.159054
-0.432474
-0.23862
-0.00428104
0.535033
-0.481296
0.945266
-0.121414
-0.0598996
-0.0217273
-1.28237
-1.08668
0.178976
-0.422811
0.602181
-0.0137571
0.740661
0.177607
-0.86079
0.515957
-0.355085
0.0981816
0.341721
0.0661161
0.34561
0.611737
0.782936
0.102624
-0.780967
-0.638864
0.829845
0.200279
0.15682
-0.257293
0.0814428
-0.685276
0.0604254
0.347059
-0.198931
-0.263283
0.666266
0.816736
-0.124035
0.0699364
0.0579876
0.262856
0.0416792
-1.09837
0.743839
0.086233
0.143417
-0.661974
0.0244634
1.29905
0.338754
0.336879
-0.680055
0.369762
0.471603
-0.404521
-0.613734
0.0859537
0.0330061
0.392386
-0.661136
0.808899
-0.472249
-0.278827
0.210866
-0.0269929
0.124897
0.294884
-0.408672
-0.340947
0.720849
0.20518
-0.271519
-0.511864
-0.0208437
1.25288
-1.10076
-0.548285
0.370284
-0.112779
0.133565
0.313667
0.0211041
0.393096
0.574235
1.2166
0.464291
0.484929
-0.775625
0.397709
-0.502109
0.681495
0.247753
0.163565
1.38954
0.340815
0.888956
0.0620127
0.635398
0.180646
0.130338
1.29749
-0.027608
0.312966
-0.194415
0.263518
-0.275148
0.90128
0.0376452
-0.273203
-0.212942
0.394174
0.229064
0.083876
0.400221
0.853121
0.313649
-0.899226
0.133685
0.85266
-0.399241
0.193206
0.155728
-1.5236
-0.616661
-0.738858
-0.285357
-0.177095
0.0510473
0.3158
-0.474495
-0.467102
-0.161034
-0.0127324
-0.745609
0.125275
0.0758721
-0.494895
0.237952
-0.0678511
0.299275
-0.23033
-0.754289
0.352419
0.248148
-0.152298
0.446949
-0.895685
-0.941202
-0.474852
-0.100762
-0.341366
-0.202477
0.0209788
0.306541
0.456599
0.463672
0.677364
-0.75629
0.11392
0.733906
-0.570833
0.505761
-0.833323
-0.515536
-0.231617
0.348842
0.553566
-0.768391
-0.165401
-0.889028
0.077957
0.598837
0.78113
-0.192579
-0.586272
0.874646
-1.22137
-0.168433
-0.218626
0.960136
-0.378674
0.00303134
-0.512
0.276242
0.569774
-0.533564
-0.145357
0.166887
-0.0482831
0.981547
0.291736
-0.715053
-0.245067
-1.30203
-0.268953
-0.0223287
-0.281246
-0.31033
-0.352845
1.1062
-0.176597
0.405516
0.23654
-0.074325
-0.333389
-0.745023
-0.753842
-0.519146
-0.747158
0.240893
0.191161
0.244557
-0.132153
-0.0524832
-0.00243481
-0.0624156
-0.204198
0.911135
0.19546
0.633958
0.258651
0.0332061
-0.674753
-0.00331908
0.369853
-0.153353
0.985225
-0.213398
-0.556737
-0.202633
-0.281438
-0.105505
0.618094
-0.47896
-0.0255181
0.260509
-0.562426
-0.206385
0.792805
0.533123
-0.186386
0.346158
-0.132662
0.568753
0.40238
0.884047
-0.82242
-0.112121
0.544129
0.14778
-0.10543
0.0359789
0.360402
0.194773
-0.181006
-1.50155
-0.147014
0.22825
-0.512923
0.301623
0.321523
-0.087744
-0.324649
0.324371
-1.01055
-0.530343
0.419866
0.0546145
0.00413679
0.245971
-0.531469
-0.139165
-0.915875
0.00325579
-0.0240264
-0.333246
0.124444
-0.158439
0.48407
0.042224
0.00423798
0.201458
-0.0397136
0.423227
0.446455
-0.122783
0.0241794
0.998384
0.479308
-1.00827
-1.74109
0.0701398
0.32462
-0.836199
0.0985876
-0.721898
-0.382226
0.990473
-0.0152666
0.0800715
0.702968
1.02875
-0.084598
-0.729368
-0.311104
0.452924
-0.61853
0.249731
0.407794
0.278279
0.786628
-0.174514
0.583011
0.536873
1.27599
0.17798
-0.0538891
0.327719
-0.0693837
0.350928
0.551625
-0.415664
-0.760283
0.382852
0.153735
-0.231481
1.14836
-0.12581
-0.47909
0.268953
0.401306
0.282209
0.687966
-0.407125
0.813279
-0.879588
-0.946528
0.542151
0.297818
0.842266
-0.28349
-0.937874
0.526396
0.307866
0.238793
-0.839646
0.296717
0.179795
0.103903
0.152066
0.322277
-0.478876
-0.651569
0.578269
0.0703569
-0.707397
0.0678677
-0.595116
0.538225
-0.0136785
-0.412801
-0.462347
-0.614975
-0.50059
-0.0796303
0.0803342
-0.0463434
-0.663799
0.175614
0.109564
-0.0861621
-0.947495
0.640808
-0.207564
0.156461
-0.580176
-0.495901
0.411863
0.526076
0.392172
-0.562669
-0.134971
0.416923
-0.726493
0.603003
-0.0847649
0.214874
0.351084
0.618116
0.8598
-0.559788
-0.00108439
0.0722808
0.0909088
0.773959
-0.144824
-0.0526417
-0.321989
-0.976642
-1.53409
-0.312073
1.12547
0.329605
0.908713
0.216156
-0.182506
-0.13566
-0.206834
-0.0497963
-0.63619
0.474745
-0.603615
0.461327
0.435756
-0.43911
0.197999
-0.190553
-0.710138
-0.267922
-0.00277651
0.509999
-0.281743
-0.208255
-0.067616
-0.117563
-0.262087
-0.270962
-0.0532458
-0.0503135
-0.355674
0.108288
-0.0911755
0.0230405
0.552429
0.183074
-0.102307
0.727421
-0.310793
0.820267
-0.623224
0.426293
0.158754
0.942074
0.0949967
-0.101761
-0.550698
-0.187053
-0.352611
-0.460403
0.602709
0.198808
0.566754
0.707885
0.129627
0.00590016
-0.436259
0.550969
0.20176
-0.289301
0.12289
0.422685
-0.537232
-0.581411
0.772258
0.371991
-0.358319
0.923623
1.00763
0.362367
-0.341416
0.498274
0.0281646
-0.038916
-0.299481
0.0626389
0.0524688
-0.532385
0.0275698
-0.281113
0.0459839
0.317536
-0.906551
0.172225
-1.03951
-0.0888236
0.366626
0.920006
0.0704329
-0.218523
0.954386
-1.73017
-0.267156
-0.592481
1.16716
-0.140426
0.0141285
0.628228
0.189646
0.621108
0.740032
-0.0776941
0.563866
-0.668402
-0.39486
-0.669434
-0.216058
-0.554594
0.139743
0.0418574
0.322471
-0.284055
0.287172
-0.770503
0.431736
0.337522
-0.510901
0.481812
-0.422075
-0.253043
0.615902
-0.971636
0.607363
-0.35982
0.201322
0.069584
0.447356
0.725492
-0.401564
0.760264
-0.130654
0.388203
-0.209513
0.324983
0.180066
1.04585
-0.663243
0.194651
-0.562798
0.187484
1.17221
0.269747
-0.112165
0.467944
0.684735
0.307996
0.101378
-0.720658
-0.156385
0.571181
-0.495912
0.926085
-0.335578
0.140875
0.0551507
-0.0446443
0.367682
-0.913384
0.390376
0.543488
-0.739249
0.141467
-0.106846
0.873187
1.02434
-0.467075
0.128955
-0.502577
-0.629924
-0.0740942
1.27528
-0.717272
0.275863
-0.248201
0.237318
-0.398624
-0.524824
-0.133608
0.506441
-0.696415
0.553794
1.17749
-0.252554
0.709025
0.114397
-0.373356
-0.213202
0.366129
0.0741506
-0.10151
0.879448
-0.428104
-0.410954
-0.188758
0.328395
0.352675
0.3196
0.268161
-0.37827
-0.261367
-0.0162139
-0.368372
-0.51643
0.539906
0.527933
-0.19165
-0.407547
-0.0682314
0.365943
0.5225
-0.511726
-0.587675
0.942796
0.174813
0.0285972
-0.325367
-0.580233
-0.859226
0.0208177
0.349971
-0.146401
0.509094
-0.360268
0.3736
0.33713
0.7216
-0.312021
1.28993
0.0412813
-0.459935
0.587717
0.18345
-0.0660847
-0.280456
-0.851855
-0.0697679
-0.329763
-0.486892
0.122348
0.669492
0.168969
-0.288366
-0.449103
-0.854043
-0.732003
0.679096
-0.741818
-0.429162
0.0735478
-0.385953
-0.513487
-0.0561359
0.584726
-0.632815
-0.830081
-1.32382
1.38947
-0.476873
-0.257673
0.189836
-0.448472
-0.313961
-0.207608
-0.240897
0.218943
0.156072
0.284001
0.606028
-0.0627046
-0.115026
-0.542736
-0.0698817
-0.133119
0.250695
0.355134
0.634299
-0.0275352
-0.0484852
1.06385
0.256908
1.34968
-0.179249
0.454115
-0.193015
-0.107986
0.234059
0.0593497
-1.15933
-0.332181
0.181447
0.0147825
0.355506
0.0556987
0.195378
-0.223119
-0.0302845
-1.09579
-0.174218
-0.0680775
-0.379819
-0.236105
0.423487
0.739481
0.00769716
-0.230533
1.14242
-0.801157
-0.442694
0.165913
-0.543014
0.0774049
-0.656326
-1.30903
-0.413456
-1.74005
-1.14759
0.358594
-0.13286
-1.04474
0.200473
0.00502576
-0.118093
-0.2759
0.161488
0.238636
0.142997
0.085037
-0.435669
0.43164
0.0188136
-0.0146589
0.418437
0.139794
-0.429339
-0.0793976
0.330568
0.592406
0.490185
0.522543
-1.04079
-0.0404669
0.110064
0.286054
0.0179387
0.973752
-0.26864
0.0780725
-0.327003
-0.188773
-0.355287
-0.792811
-0.499699
0.621771
0.121799
0.143686
-0.275234
0.101816
-0.0360811
0.0923647
0.346168
-0.595299
-0.341228
0.708783
0.940897
0.3491
-0.0980986
-0.0690297
0.223739
0.226031
0.0972632
-0.415623
-0.21503
0.156766
-0.434884
-0.555225
0.432257
1.63789
-0.297483
-0.63612
-0.823892
0.520413
-0.112665
-0.0268173
-0.261435
0.0719156
0.838813
-0.0314552
-0.222072
0.286002
0.151465
-0.0239463
0.529708
0.326347
0.262266
-0.0711011
1.05295
0.0384556
-0.786872
-0.105043
0.597984
0.0111689
-0.658672
-0.614783
-1.09386
0.0873065
0.421624
-0.430711
-0.0330571
0.33036
-0.12029
-0.334227
0.297543
-0.709968
0.32362
-0.270988
0.417171
0.0240816
-0.224559
-0.184986
0.170674
1.41756
-0.361559
-0.415682
1.03807
-0.300084
-1.01925
0.930848
-0.0454761
0.270588
-0.224729
-1.73516
-0.296064
0.230905
-0.0826725
0.502711
0.247081
0.3988
-0.57657
-0.402698
-0.479313
-0.144331
0.301356
0.821634
-0.356281
0.145916
0.550438
-0.192438
-0.0273424
0.0415594
0.249811
0.441089
0.0697111
0.172541
0.314802
-0.206211
0.882838
-1.60856
-0.0658496
0.548329
0.386316
0.583992
-0.498657
0.784451
0.571034
-0.255825
0.0501397
0.345094
-0.368189
-0.326556
-0.400442
-0.113912
0.25198
-0.821036
-0.560062
0.236075
-0.151689
-0.550186
-0.0888682
0.243285
-0.103073
-0.15783
-0.442415
0.278825
0.541264
0.00951967
0.688916
-0.176975
0.604109
0.698624
0.587643
0.429552
0.584484
-0.519059
0.20993
-0.784626
1.08285
0.684292
-0.497769
1.39931
0.168373
0.189862
0.794895
-0.28231
-0.209155
0.189253
0.495632
-0.544006
-1.15688
-0.662264
0.199305
0.728469
0.233419
0.437585
0.177843
-0.224904
-1.16737
0.317597
0.165496
0.224467
-1.02193
-0.0365025
0.158275
-0.27109
-1.15146
-0.0227019
0.846701
-0.0345714
0.942719
-0.0707225
-0.252861
0.203871
-0.729211
-0.191503
-0.805307
-0.742468
-0.544114
-0.6212
1.20188
-0.26517
0.810729
0.2895
0.572076
0.437355
0.109248
-0.100257
0.391103
0.354675
-0.100914
-0.550996
-0.0927947
0.310265
0.00885804
-0.376731
0.151657
0.103966
0.200694
0.303335
0.099513
0.105502
0.705641
-0.826951
-0.28159
0.159264
1.56838
-0.353896
0.132719
0.4952
0.117073
-0.665124
-0.956645
0.797469
0.207704
-0.381004
1.02529
0.997196
-0.617318
-0.347145
0.329712
0.755623
-1.44612
0.115602
-0.50248
-0.170649
0.364538
-0.149405
-0.290439
0.493125
-0.0595431
0.14718
-0.319698
0.178942
-0.102669
0.0781866
0.0190687
0.390908
0.405534
0.026076
-0.244919
0.291923
0.376804
0.632284
-0.687513
0.155716
-0.245165
-0.272105
0.0349232
0.250941
0.33594
0.595627
0.232876
1.16065
-0.517466
0.202325
0.413976
0.163981
-0.217299
0.125001
0.685375
-0.407567
-0.883582
0.934889
0.302158
0.267772
-0.881663
0.796841
-0.61207
-0.338618
-0.267497
-0.258873
0.661681
0.221318
0.0142693
-0.727048
1.03022
-0.613575
0.835051
-0.0700961
0.0732147
0.120522
-0.583013
-0.468478
0.537615
0.467409
0.915786
0.611101
-0.0316971
-0.253216
0.437006
-0.539975
0.604252
0.0691321
0.523924
-0.669746
-0.494711
0.0263064
-0.401114
0.433584
0.918857
0.0157381
0.435948
-0.142245
0.614824
0.0629563
0.133721
-0.1784
-1.46038
0.10697
-0.98122
0.495931
-0.188182
0.616062
0.491749
-0.0616229
-0.0276254
0.224158
0.798049
0.214124
0.639476
-0.846517
-0.0188192
0.068404
-0.16391
-0.0939942
0.860201
0.21224
0.285066
0.785236
-1.04252
0.335417
-0.28921
-0.304571
0.171047
-0.791464
-0.203929
-0.656675
0.439147
-0.00275638
-0.18352
0.377423
0.0478
-0.60996
0.408845
0.0543021
-0.190789
0.737033
-0.0522502
-0.915589
-1.14077
-0.14969
-0.335597
-0.690605
-0.412144
0.266151
0.502674
-0.00478045
-0.704246
0.110279
0.00881344
0.0218769
-0.366753
-0.0815691
-0.30191
-0.548591
0.210916
-0.832802
0.414456
-0.0940877
0.476773
-0.773252
-0.525463
-0.0603032
0.356294
0.983927
0.726803
-0.276493
0.177985
0.590498
-0.011881
0.243279
0.170405
-0.113323
-0.0887827
0.649666
0.364156
-0.804005
0.735337
-0.49099
-0.106561
0.0932085
-0.219098
0.207721
0.0357891
-0.455479
-0.265162
-0.312548
0.880931
0.733674
-0.967399
0.161147
-0.795348
0.499035
1.15817
0.4347
0.154087
0.411697
0.574213
0.228171
0.631072
0.376954
-0.278153
-0.361754
0.09621
0.496542
0.285888
0.469991
0.128622
0.494101
-0.206706
-0.0297718
-0.117936
-0.704137
-0.652522
-0.94075
-0.238733
-0.887264
1.01794
0.363728
0.920968
0.667146
0.397119
-0.0471504
0.0405853
0.500996
-0.212953
-0.194433
0.330008
1.03992
-0.491371
-0.439237
0.221088
-0.217973
-0.407681
0.0821647
0.199129
-0.230328
0.202647
0.169452
0.457802
-0.0995304
-0.389527
0.470599
-0.539409
0.247418
-0.199277
-0.0876897
-1.04144
0.318424
0.472787
-0.405203
-0.154523
0.111591
0.699484
1.34511
0.191774
1.23594
0.236892
-0.447696
-0.0652274
-0.00263041
-0.0455773
0.664647
0.755166
0.428559
0.00248896
0.775923
0.334739
0.150579
0.239094
0.679117
-0.859428
0.0188261
-0.769978
-0.0750345
-0.513279
-0.575028
0.259084
-0.60843
0.157836
-0.375091
-0.325768
0.00489228
0.286504
0.0251761
-0.629416
-0.483791
-4.95043e-05
-0.356772
0.0603835
0.32721
0.643546
-0.672672
0.27555
0.425842
0.4036
-0.426498
0.111039
0.216771
-0.516144
-0.518501
0.993162
-0.4926
-1.18885
0.184998
0.75337
0.507789
0.752305
-0.352384
-0.00696076
0.538587
0.275448
0.630159
-0.288964
0.436181
0.112549
0.0361524
0.407632
-0.437033
0.678443
0.937045
-0.221823
-0.2824
-0.0212833
1.17047
-0.779057
-0.860292
-0.637748
0.469057
-0.132362
-0.808895
0.243852
-0.254922
-0.00836602
0.320356
0.0444501
-0.0326666
-0.755808
-0.376092
-0.30041
-0.134525
0.776131
-0.535997
0.266789
0.586239
-0.264545
-0.301324
-0.0882217
0.311007
-0.3637
-0.427602
-0.146812
-0.460733
0.66624
0.44026
1.04689
0.0956779
-0.623013
-0.225685
0.348777
-1.09601
-0.206709
-0.00405174
-1.66197
0.0160328
-0.0512899
0.563248
0.482477
-1.01353
-0.0412302
0.727532
-0.28408
-0.217098
0.409368
-0.435544
0.397667
-0.394307
-0.462538
-0.525299
-0.0116763
0.723914
-0.324412
-0.988092
0.548627
-0.0596965
0.0247004
0.567936
0.585132
-0.240726
-1.0394
0.361702
0.122299
0.310743
-0.678797
-0.458238
-0.351496
0.149092
-1.16645
0.270969
0.783099
-0.924472
-0.587594
0.165714
0.355253
0.590989
0.748402
0.0475491
1.45022
0.0022979
1.65048
-0.425907
0.257395
-0.245242
1.52966
-1.00793
0.379429
0.0665245
-0.186257
0.457784
-0.122861
-1.17476
-1.41682
-0.0397868
-0.572301
-0.450512
-0.399516
-0.382939
-0.34147
0.117094
-0.00452468
-1.04883
-0.399405
-0.651676
-0.0187984
-0.472262
-0.753809
-0.253026
0.0820334
0.508371
-0.0624569
0.743214
-0.000187099
0.220168
-0.246719
-0.876398
-0.462973
-0.360465
-0.134071
-0.734628
-0.590165
-0.136792
-0.0869924
-0.233281
-0.749842
-0.360351
-0.316397
-0.827758
-0.615844
-0.124512
0.762599
-0.253999
-0.395263
-0.512213
0.713933
-0.312752
-0.0185238
-0.788437
-0.0359731
0.919878
0.410982
-0.697685
1.26436
0.147496
-0.754708
0.263237
0.340079
-0.330275
-1.19973
-0.767231
-0.115975
0.741102
-0.631289
-0.564766
-0.21093
1.20041
-0.589953
-0.501985
-0.600999
0.0885831
-0.0427491
-0.483457
0.343887
-0.51227
0.378665
-0.679207
0.732406
0.872775
0.668342
0.0843257
0.222231
0.43815
-0.399116
0.156434
-0.0516009
-0.317271
0.844814
0.0951583
0.0358393
0.179092
0.0980919
0.456211
0.680938
0.423181
0.605942
0.4186
0.364323
-0.284561
0.643715
-0.0854953
0.872745
0.0839563
0.87754
-0.451122
0.100511
1.26104
0.41515
0.832834
0.164853
-0.0421132
-0.413092
-0.327623
0.634438
-0.0056163
0.707456
-0.866248
-0.251308
-0.985791
-0.497614
0.926893
0.164048
0.0358848
-0.0544992
-0.231897
0.0124605
-0.820967
-0.021517
-0.18132
0.33903
0.554838
0.44438
-0.814097
0.0528214
0.106706
0.0756854
-0.0615508
-0.0138051
0.285845
0.469171
-1.01218
0.139442
-0.260265
0.204767
-0.313878
-0.108926
0.656163
0.433398
-0.413888
-0.311145
0.499118
-0.458403
-0.575553
-0.238262
-0.399273
0.166395
-0.334549
-0.0282642
0.405661
0.0510518
-0.0651991
0.445904
-0.316515
-0.779986
0.070992
1.74484
0.627779
1.09705
0.174334
0.182229
-0.240122
0.00308365
-0.376544
0.581892
-0.086027
-0.895823
-0.0734803
-0.6828
0.0690097
0.243095
-1.1165
0.381943
0.188103
0.170771
-0.351372
0.356018
-0.278767
-0.132804
0.638618
0.330427
-0.316044
-0.220433
0.398926
0.566196
-0.245104
-0.27641
0.0831996
-0.561707
-0.149226
-0.154355
0.250758
-0.321012
0.253076
0.116457
-0.662742
0.788713
-0.342813
0.862116
0.525389
-0.262668
0.205687
-0.963256
0.55721
-0.0217015
-0.803656
-0.70289
0.22616
0.637247
0.145038
0.0457067
0.299433
0.285648
0.44504
0.504379
-0.70668
0.363107
0.260709
-0.201155
-0.340443
-0.993708
0.160622
-0.949383
0.83032
-0.188211
-0.309319
0.109185
0.15552
0.823021
0.612803
-0.589988
0.33748
-0.456622
-0.615445
-0.684601
0.552866
-0.852391
0.206447
-0.131152
0.459059
-0.182262
-0.721344
-0.402635
-0.432365
-0.296144
0.282217
-0.189281
-0.063919
0.164148
0.561578
-0.174809
-0.268459
0.747918
-0.669705
0.108216
1.08297
-0.213131
0.140341
-0.556255
-0.111176
-0.609004
-0.527265
-0.356078
-0.38181
0.520946
-0.15547
-0.446435
-0.952764
-0.276503
0.543004
-0.860643
-0.39143
0.18839
-0.159979
0.0334563
0.946312
-0.583784
0.264427
0.0226644
0.60257
0.607252
0.314908
-0.478556
-0.327714
-0.266653
-0.070478
-0.550918
0.516089
0.174536
0.208053
0.3582
-0.163924
0.64881
0.284313
0.960806
0.527293
-0.646202
-0.409954
0.456875
-0.431364
-0.0138127
0.0236767
-0.397799
0.402935
0.859152
0.121197
-1.29258
0.280852
0.247976
-0.877402
0.790371
0.270953
1.01993
0.549249
-0.259478
-0.267138
0.0717443
-0.637957
0.394715
-0.975957
0.22055
-0.578787
0.799712
1.21058
-0.9186
-0.931852
0.0954087
-0.117469
-0.806112
0.867426
-0.00430936
-0.698728
0.267036
0.00928798
0.973318
0.143665
-0.0766829
0.438995
-0.101297
0.0736441
0.409192
0.272486
0.099799
-0.353573
0.034942
-0.305246
-0.118594
0.371428
-0.352469
0.666355
-0.486668
0.266287
-0.518588
-0.253684
1.37113
-0.376436
-0.489436
-0.141927
-0.0213999
0.320365
0.385673
0.113414
-0.160971
-0.874625
-0.730221
-0.307615
-0.241075
-1.05971
0.413157
-0.94933
0.284081
-0.575369
0.70246
-0.585528
-0.824568
0.430327
-0.214879
0.698716
-0.282283
-0.187872
0.0116434
-0.322272
0.349961
-0.377017
-0.0431633
-0.485627
-0.0891148
0.13707
0.246075
-0.123335
-0.753705
0.00915138
-0.500551
-0.637559
-0.00052961
-1.23301
0.376986
0.102536
0.0181266
0.395489
0.533033
0.291136
-0.206232
0.55624
0.435172
-0.0433245
-0.573227
-0.622078
0.265616
-0.771132
0.885763
0.182701
0.584509
-0.763762
0.35584
1.10295
-0.269267
0.25539
0.378936
0.00721865
0.70263
0.168272
0.0203595
1.36757
-0.647216
-0.3709
0.500107
-0.889323
-0.893795
-0.677489
-0.0146061
0.574904
-0.402512
-0.0801827
-1.60966
0.348217
-0.057134
-0.0852202
0.0295682
-0.814923
-0.488028
1.22109
-1.28703
0.177479
0.434295
0.692233
0.268033
0.160125
0.150441
0.340903
1.03573
-0.0932178
-0.864875
-0.362942
0.336196
0.304485
1.04529
-0.0187069
0.369196
0.323052
-1.02788
0.406565
-0.11852
0.079378
0.304074
0.00383896
0.10363
-0.635754
-0.808496
-0.674938
0.582825
0.0271987
-0.535665
0.378239
-0.211409
0.740869
-0.0486774
-0.196591
0.551033
-0.0724619
0.295512
0.414951
0.0853425
-0.0925157
-0.509823
0.288284
1.10574
-0.369645
-0.325439
0.0644309
0.259063
-0.328101
-0.559591
0.139084
-0.185016
0.185147
-0.0952356
0.189329
-0.491605
-0.827727
0.0770823
-0.191795
0.286909
0.0437117
-0.985656
-0.123717
0.388154
0.5711
-0.163907
0.580866
-0.308483
-1.17577
0.123588
0.0843152
-0.109807
-0.148397
0.331744
0.105808
-0.147303
-0.26624
-0.139832
-0.443438
-0.645606
-0.203774
-0.0267242
-0.138006
0.700789
-0.117588
0.157668
-0.0393092
0.233116
-0.29897
-0.431629
1.40686
0.312227
0.706995
0.356528
-0.0623119
-0.0995772
0.436641
-0.719617
-0.11928
-0.526754
0.050293
-0.702156
0.441387
-0.230731
0.130594
0.239181
0.102109
0.741941
0.0979531
0.00788682
0.159392
0.65293
-0.219952
0.475412
0.492262
0.404651
0.187361
-0.21565
-0.408569
0.417597
0.502921
0.22191
-0.465878
0.46682
0.146232
-0.0850602
-0.032523
0.237244
0.0523774
0.0664262
-0.906301
0.452473
0.614914
-1.06311
0.554397
0.131449
-0.459147
0.156901
0.850446
0.361181
-0.7853
1.01713
0.607285
0.00640161
0.740233
-0.702766
-0.338518
-0.0275854
-0.403322
0.796858
0.143093
0.467227
-0.500537
-0.353126
0.150709
-0.145255
-0.166545
-0.913959
0.52399
0.268885
-0.445314
0.609872
0.95167
0.206397
0.212752
0.465758
0.020123
-0.0288923
0.190662
0.251874
-0.355741
-0.870951
0.823538
0.289548
-0.944994
-0.219478
0.690336
0.369131
-0.172283
0.419515
-0.171518
0.448113
-0.328436
-0.142119
0.157417
0.234515
0.130128
0.443876
0.411788
0.831488
-0.330285
-0.358768
0.464312
-0.271022
-0.288253
-0.313445
0.152858
-0.412903
-0.306755
-0.67099
-0.00892511
-0.0581571
0.797881
-0.442438
0.0149845
-0.167146
-0.58527
0.313679
-0.716095
0.529548
-0.48377
0.258784
-0.578058
-0.475911
-0.551982
-0.0181511
0.450347
-0.205352
0.25217
0.895231
0.0311197
0.753533
-0.629564
-0.12672
-0.372133
-0.573969
-0.262633
-0.485211
-0.632917
-0.24922
-0.632313
0.245796
0.714629
-0.709524
0.941892
0.299133
-0.342073
0.515568
-0.698017
-0.311065
-0.646285
1.11658
1.35849
0.322896
-0.372923
-0.366226
0.10828
-0.0509922
-0.0396018
0.818581
-0.253254
-0.270677
0.747883
-0.0636949
0.371017
0.0225366
-0.247688
-0.115834
0.142941
0.905816
0.906846
0.0720556
-0.284093
0.00487031
0.951208
-0.354388
-0.625025
0.857993
-0.0582807
0.466815
0.0625566
0.129015
0.404198
0.706817
-1.03182
-0.0584917
-0.379513
0.316536
0.133813
-0.0196622
-0.540437
-0.304806
-0.23937
-0.127098
0.495926
0.378829
0.000602739
0.861629
-0.408452
0.148867
0.629126
0.505236
-1.71409
-0.283021
-0.334015
-0.854481
-0.112862
-0.395264
0.25431
-0.502184
0.113407
-0.468212
0.58281
-0.364634
-0.542886
-0.558036
-0.51588
-0.623436
0.0550178
-0.648589
-0.564515
-0.408718
-0.500686
0.223172
0.502277
-1.18183
0.338849
-0.428398
0.23439
1.23334
-0.883041
0.0996153
0.561617
-0.419596
0.463068
0.208803
0.193107
-0.577649
0.285013
0.510804
0.281633
-0.14878
0.113093
1.41712
-0.439775
0.284204
0.0316661
0.486875
-0.904207
-0.374133
0.183019
-0.961421
0.232045
0.903784
-0.156288
-0.150264
-0.426404
0.44691
0.118418
1.09268
0.109678
-0.088497
0.293741
0.909407
-0.152562
-0.137723
-0.62451
0.157121
0.491685
0.141667
-0.181676
0.608455
-0.155319
-0.807027
-0.160075
-0.311779
0.160763
-0.993455
-0.0100324
-0.233615
-0.417517
-0.111298
0.359392
-0.490183
-0.947289
-0.794789
1.40289
0.188743
-0.413722
1.43647
0.39029
-0.0802113
1.18411
0.231661
0.406855
0.0809636
-0.194798
-0.250808
-0.536073
0.188668
-0.175103
-0.615408
-0.492845
-0.135535
-0.1011
0.206002
-0.161719
0.220334
-0.96469
0.019476
0.537758
0.215408
-0.507094
-0.917939
-0.777773
1.14693
1.10962
-0.395881
0.251799
0.102504
0.0122955
0.640004
0.0240124
0.730895
-1.17304
0.726772
-0.471806
0.266358
0.977301
0.118611
-0.095917
-0.922356
-1.21151
-0.178764
-0.00927217
-0.31001
0.11465
0.0751244
-0.286301
-0.372477
0.661541
-0.385428
0.00328232
0.0111729
-0.903894
0.0297987
0.00401798
-0.354371
-0.269122
-0.0525313
0.157273
1.11093
0.210036
-0.136261
-0.508373
0.544593
0.0588749
0.639198
-0.145565
-0.711898
0.181775
0.381094
0.222103
-0.771901
0.305441
-0.260207
0.562324
-0.971895
0.571349
-0.348287
0.226346
0.297215
0.0952472
-0.457234
-0.321638
0.128642
0.0889687
-0.132828
-0.324707
-0.714483
0.927146
0.208751
1.43399
0.660215
-0.397426
0.573229
0.152021
0.587168
-0.214346
0.894533
0.598542
0.447991
0.149516
0.617546
-0.355284
0.210367
-0.781434
0.0311555
-0.426897
0.27107
0.495544
0.297345
0.331516
0.056857
-0.196071
-0.804957
-0.705967
0.0611764
0.262272
0.816665
-0.407685
-0.161844
0.609554
0.209955
0.144962
-0.856315
-0.137584
0.0790943
-1.3722
-1.18484
-0.377982
0.432296
-0.027769
-0.148386
0.085224
-0.900199
0.325667
-0.610277
-0.461727
-0.310073
-0.31365
-0.565291
-0.202199
-0.261707
-0.16507
-0.54755
-0.28598
-0.528522
-0.327948
1.80723
0.158566
-0.468264
-0.0537708
-0.933086
0.35412
-0.363546
-0.0198088
-0.622002
0.570218
0.513612
0.426405
1.06802
0.105805
0.779948
1.19805
0.282522
0.168828
0.120477
0.413943
1.15475
0.433814
0.394719
-0.120764
-0.280836
0.479977
-0.935774
0.158842
-0.878382
-0.19667
0.118615
-0.143112
0.47219
-0.0125996
0.0450178
-0.146144
0.692136
-1.09568
0.561724
0.239177
-1.39596
0.774343
0.522326
0.354285
-0.303021
0.0378241
-0.0325367
0.640796
0.0210051
0.702201
-0.616556
-0.420415
-0.188149
0.00884693
-0.975263
-0.744167
-0.06265
0.63037
0.690834
-0.437706
0.667196
0.142096
-0.107578
0.0621642
0.880253
0.162327
0.0439735
-0.897509
0.00745324
0.0155778
0.434105
0.097302
0.410966
-0.636338
0.251459
0.563255
-0.408248
0.303544
-0.28132
-0.0935682
0.379154
0.732604
-0.125177
0.530177
-0.0490465
-0.481328
-0.258059
-0.356303
0.105258
-0.000611794
0.285811
0.251026
-0.288307
-0.450514
0.132645
-0.44968
0.257894
-0.561741
1.1987
0.0718423
-0.766445
-0.153751
0.158646
-0.154852
0.927725
-0.451816
-0.706847
-0.250922
-0.335454
-0.218466
-0.14114
0.662173
0.275345
0.925506
-0.281347
-0.421731
0.347902
0.13456
-0.209404
0.0557959
-0.110596
-0.28739
0.0522971
-0.211607
0.105805
0.355457
0.0775864
0.0141954
-0.672893
-0.569947
-0.331358
-0.790497
-0.636059
-0.301998
0.210339
0.00537657
-0.0767654
-0.0678492
-0.691718
-0.360887
0.0636244
0.144056
0.644645
-0.146419
-1.13673
-0.370443
-0.0163812
-0.141884
-0.206074
-0.241562
-0.631862
-0.565261
0.731596
-0.41829
0.76639
-0.470818
-0.29587
-0.410381
-0.33201
0.139797
-0.397356
0.199216
0.246843
-0.528063
0.269059
0.0570074
-0.496349
-0.00710769
0.139238
-0.116138
1.00224
-0.233692
-0.340503
-0.899101
0.0837976
0.662881
-0.42603
0.370309
0.258006
-0.162159
0.198661
0.0149815
-0.197223
-0.660286
-0.535111
-0.999711
-0.319011
0.959084
-0.082904
-0.287312
0.138802
0.325382
0.349291
0.010578
0.519796
0.517488
-0.316331
-0.436861
0.560446
-0.423518
-0.406236
-0.317985
0.582146
0.548278
-0.727868
-0.297637
0.0536283
0.4883
-0.731765
0.493284
0.619768
1.30637
0.0579542
0.00206336
0.574218
0.248629
0.00862003
-0.455056
-0.473298
-0.403062
-0.529095
-0.472475
-0.823216
0.0491213
-0.850859
-0.409289
-0.423714
-0.0313126
-0.413279
0.320784
0.309212
-0.21089
-0.481772
0.524452
-0.502739
0.53159
-0.441071
0.190877
-0.738958
0.273039
-1.48247
0.716337
0.110231
0.0278098
-1.2955
-0.88794
0.100646
0.118481
-0.206563
0.637013
0.391315
-0.595956
-0.859344
-0.64696
-0.404975
-0.638618
0.426904
0.0616702
-0.19696
-0.390231
0.278654
-0.822669
-0.281502
0.0434035
-0.188283
-0.207238
-0.135993
0.944531
-0.265805
-0.221721
1.04699
-0.00480074
0.0604182
-0.0485063
-1.0223
0.0278385
-0.0978981
0.0459008
-0.769861
-0.31786
-0.189592
-0.746636
0.935944
0.210233
0.408893
-0.43371
0.918608
0.499904
-0.0861806
0.440154
-0.271931
0.43003
0.119103
0.0169849
-0.888041
0.33242
-0.793762
0.776355
0.295894
0.218918
0.165873
1.1569
-0.614744
0.23081
0.238658
-0.180353
0.645173
0.486738
0.648864
0.308242
0.0249588
0.495188
-0.530599
0.3525
0.395054
-0.378072
0.0970566
0.465193
1.05496
0.338622
0.603931
-0.648995
0.58892
-1.48793
0.0382926
0.466338
0.214088
0.264417
-0.0844164
0.362077
-0.825955
-0.397994
0.298183
-0.0186948
0.187332
-0.417966
0.954051
0.0335567
0.0171982
-0.109246
-0.528765
-0.537997
-0.400856
-0.155843
-1.00105
1.04703
-0.00288365
0.107877
0.0497087
0.00110581
-0.833815
-0.209509
0.159825
-0.42263
0.744951
0.736039
0.719995
0.146687
0.130582
-0.057765
-0.343941
0.332373
0.343472
0.791914
-0.208611
-0.110655
-0.0677788
0.00803003
0.0577478
0.866278
0.148948
0.480144
0.446878
-0.446884
-1.01413
0.714776
0.334774
-0.299441
0.764213
0.988376
-0.201598
-0.801553
0.796355
0.0378608
-0.968708
0.57241
0.0991992
1.01057
-0.250423
-0.01618
0.33272
0.364762
-0.717173
-0.0942232
0.447207
-0.857568
0.511374
-0.117245
-0.283359
0.0791869
0.208138
-0.162647
-0.646119
0.420354
0.184688
-0.725566
-0.0890931
-0.616209
0.331494
-0.328181
0.650357
-0.70713
-0.191977
-0.860341
0.402242
-0.520873
0.433916
0.236875
-0.0921262
-0.40165
0.633855
1.05845
0.293679
0.253947
-0.326518
-0.194795
-0.793185
-0.192422
1.14063
-0.612358
-0.435079
-0.343872
-0.200531
-0.0688822
0.318558
0.831036
0.455214
-0.412976
-0.425716
-0.577115
-0.438891
0.563924
0.205756
-0.35609
-0.767397
0.0714905
0.430679
-1.17109
-0.00490543
0.318258
0.418605
-0.292514
0.695147
-0.406619
0.00640393
0.717188
-0.088406
0.0860608
-0.808694
0.931612
0.176367
0.200565
0.75433
0.236662
-0.226782
-0.476227
0.227182
0.0521025
-0.252634
-0.281384
0.390042
-0.644222
-0.260148
-0.7687
-1.2666
-0.227719
0.577064
0.132026
-0.560603
0.478775
-0.49021
-0.645066
0.041119
0.329067
0.54113
-0.354327
0.1038
-0.426589
-0.525714
-0.145662
-0.425496
0.258071
0.313488
-0.907907
0.330923
-0.33452
0.766521
-0.542888
0.176963
0.715873
0.306808
-0.110839
0.0738266
0.168683
0.944475
-0.0638815
0.282173
1.27392
-0.323934
-0.458553
-0.0151669
-0.418406
-0.382356
0.106979
0.410608
-0.687072
-0.180172
0.945655
-0.17134
0.979796
-0.455062
-0.441503
-1.08247
-0.292088
1.00332
1.04149
0.303535
-0.86795
-0.310419
-0.372128
-0.517631
-0.679649
-0.123351
0.201747
0.181152
-0.0986927
-0.17243
-0.0665223
-0.0624805
0.175277
-0.410086
-0.678784
-0.153279
-0.147017
0.836491
0.150781
-0.0828381
0.69016
0.519635
-0.0148761
-0.407382
0.96634
-0.256138
0.0130817
1.41254
-0.889274
0.285077
0.396567
-0.834647
-0.766583
-0.755578
-0.182115
0.449739
0.481387
0.362989
-0.132529
-0.939498
0.276484
-0.803408
0.413409
-0.569019
0.00985227
-0.237568
-1.11405
-0.83735
0.535243
0.0774168
-0.383143
0.27545
-0.545718
0.0995966
0.134886
0.67562
-0.0428243
-0.442672
0.451178
0.159083
0.528153
-0.771473
0.0557757
0.549928
-0.0543745
-0.909987
-0.352392
0.151887
-0.146308
-0.356825
-0.295108
0.130888
-0.0307673
0.196006
-1.30462
-0.162689
-0.503241
0.615742
0.462217
1.5311
0.85095
0.715462
0.477864
0.189747
0.322412
0.668831
1.07621
-0.511995
-0.582536
-0.116695
1.00237
0.0837798
-0.328217
-0.233037
0.251762
-0.0510982
-0.963744
-0.150759
-0.811013
0.113853
0.102588
-0.680668
-0.312713
-0.130393
0.612682
-0.0906559
0.39531
0.491348
0.191067
0.714505
-0.0235406
0.970471
-0.101489
-1.14474
-0.417569
-0.0645987
-0.700023
-0.0331961
0.280097
0.385387
-0.244422
0.0451265
0.442051
0.623346
0.686442
-0.219513
-0.626876
0.0976131
0.282587
-0.628041
0.13983
0.0799199
-0.445849
-0.309039
0.20929
-0.016026
-0.65235
0.0764014
0.642037
-0.717529
0.801207
1.21503
0.218492
0.75036
0.387981
0.752934
-0.315145
0.00816887
-0.166595
-0.0458851
0.334901
0.128571
-0.276015
0.603702
-1.01061
-0.454382
-0.47105
0.782098
-0.77095
0.196064
0.280636
-0.561144
0.339994
0.130027
0.285797
-1.07375
-0.725072
0.408975
-0.333439
-0.84526
-0.115166
-0.490846
0.191044
0.411588
0.551165
-0.776202
-0.438446
-0.280212
0.920975
-0.949219
-0.368545
0.292422
1.13869
-0.312059
-0.667102
0.176287
0.767387
0.429952
0.353197
0.87142
0.143344
0.404441
0.292091
0.348418
0.0164764
0.221553
-0.312602
0.628391
0.139569
-0.201403
-0.323798
-0.122432
-0.157704
0.421832
-0.170533
-0.409471
-0.165804
-0.719256
0.0702106
0.271218
-0.729361
-0.444075
-0.236225
0.162441
0.262641
-0.760396
0.563312
-0.32756
0.141114
-1.02759
-0.904484
-0.314327
-0.976811
-1.47086
-0.567163
0.407143
-0.0516038
0.577921
1.32745
-0.323852
0.623598
-0.182574
-0.252112
-0.0912867
0.211382
-0.365405
0.291015
0.877501
-0.349961
0.269556
-0.260517
0.818406
-0.974572
-0.254372
-0.48269
-0.195384
-0.135509
-0.154486
0.617363
0.39817
-0.0817883
0.0549308
0.0746098
0.507915
0.923723
0.349023
1.3009
-0.572653
-1.40581
