0.661364
-1.09252
0.110641
-0.412659
0.311048
0.0687726
0.309655
0.10295
-0.376691
-0.136313
-0.374344
1.40398
-0.0748467
-1.67577
-0.323919
-0.383521
0.351629
0.824127
0.355143
-1.11226
0.187525
0.474415
-0.0334924
-0.620665
0.207323
-0.108096
-0.507276
0.547797
0.317872
-0.0817567
-0.625926
-0.342943
0.72383
-0.592361
-0.0227839
0.431329
-0.428331
-0.492671
-0.261679
-0.282486
-0.0426969
-0.00263574
0.176337
0.00236106
0.00165267
0.366572
-0.474664
0.235217
0.953716
0.155711
-0.217
0.854846
0.206717
0.911098
-0.0800813
-1.35175
-0.00971554
0.231096
1.49541
-0.454826
0.276347
-1.64695
0.327664
-1.08512
-0.498238
-0.738931
-0.0185449
-0.717381
0.230493
-0.194186
-0.327802
-0.441409
-0.327447
-0.0246124
0.176672
-0.892105
-0.378122
-0.0242511
-0.173844
0.803579
0.903461
-0.276564
-0.685305
0.42174
-0.753793
1.25659
0.425605
-0.1913
0.518435
0.114393
-0.324916
0.2544
0.0950932
0.63506
-0.951122
0.781949
-0.70764
-0.307471
0.348049
0.466596
0.0823905
0.0178474
-0.313659
0.471991
0.566635
-0.232447
0.228126
0.0435583
0.791734
-0.0796113
-0.521463
-0.872948
0.129083
0.0303485
-0.0677548
-0.0147415
-0.0423217
-0.51439
0.220481
0.294128
-0.568216
0.348248
-0.185712
-0.39679
-0.202473
-0.0484787
0.0622668
-0.898907
0.457275
0.366994
0.576143
0.0434076
-0.58017
0.447264
-0.34724
0.545923
-0.271268
0.148291
0.381515
0.250358
0.0442519
0.32601
-0.337625
-1.29276
-0.698262
0.942033
1.15033
0.340541
0.191525
-0.490657
0.198797
0.360371
-0.312169
0.607057
-0.162751
-0.240117
0.582
-0.161811
1.03526
0.0843177
-0.518314
-0.700558
-0.484795
-0.674075
0.721573
-0.215955
-0.691899
0.671671
-0.666695
0.586193
0.597694
0.493402
-0.184732
0.17909
-0.318423
0.1956
-0.364799
-0.0804221
0.271258
-0.821212
-0.78599
-0.023968
-0.464488
-0.0594045
0.333654
0.00808375
-0.874244
-1.26909
-0.273507
-0.157783
-0.548175
0.128006
-0.165039
0.30789
-1.03198
-0.559979
-0.541062
0.13093
-0.125174
0.00137097
-0.214091
1.16916
0.427417
-0.340659
0.302721
-1.15679
-0.360631
-0.356666
-0.347667
0.365327
-0.298245
-0.714146
0.514908
-0.112113
0.121652
0.0951592
-0.749941
0.942034
0.881145
-0.510717
-0.458422
0.35566
0.796628
-0.617907
-0.276755
0.47837
0.960464
-0.731242
0.855489
0.682745
-0.506647
-0.480173
0.122115
-0.1951
-0.0967572
0.986974
-0.740415
-0.170666
1.3808
-0.421049
0.750464
0.36531
-0.40787
0.123426
0.595997
0.166634
-0.635792
-0.207209
0.383564
-0.180594
0.365719
0.362289
0.865549
-1.2075
0.138585
-0.258783
-0.239837
-0.8504
1.20334
0.650315
-0.154988
-0.533148
-0.788229
-0.677843
0.438897
0.123921
0.3263
0.574139
-0.323489
-0.793288
-0.617675
-0.0243771
0.479135
0.136698
0.223041
-0.794779
-0.0718425
0.31303
0.577504
0.028414
-0.878012
0.505092
0.619659
-0.369575
-0.0754049
-0.348375
0.066485
0.448977
-0.0552256
-0.0512193
0.804682
-0.33329
-0.245234
0.341803
-0.204378
0.969865
-0.23856
0.416539
0.362361
-1.21984
-0.860345
0.139093
-0.498092
-0.756729
0.838323
-0.884319
-0.0663135
-0.672127
0.433236
-0.741677
-0.134933
0.412435
-0.274294
0.293724
-0.848927
0.315601
-0.250536
0.0970824
-0.402435
0.401538
-0.261208
0.000806524
-0.794761
0.393968
-0.919141
-0.460356
0.536159
0.0289348
-0.53206
-0.617613
0.11172
-0.487683
-0.322832
0.0109094
-0.0646738
-0.557428
0.106089
0.228889
1.02858
0.115116
0.449209
0.537203
0.644542
0.585232
-0.912757
-0.321944
-0.309304
1.37161
1.00457
-0.375819
-0.429681
-0.631982
-0.288308
-0.415735
0.277295
-0.141336
0.524226
-0.047562
0.456925
0.245088
0.598528
0.274856
0.790701
-1.12006
-0.0685241
0.626627
0.895922
1.56445
0.398141
0.0244116
0.0163302
-1.09179
-0.0171208
0.0142781
0.408947
-0.872606
0.366743
-0.0215892
-1.13792
0.0560078
-0.582993
0.732738
0.338087
0.443837
0.549717
-0.0841531
-0.191842
-0.293253
0.864108
-0.112329
-0.177487
0.00969363
0.0595277
-0.265813
-0.703142
0.776929
-0.318086
-0.939946
-0.0146975
0.269996
-0.025104
0.655472
-0.0425066
0.848053
0.382789
0.11828
0.566116
-0.535485
-0.515121
-0.571068
-0.273146
0.150028
-0.511252
-0.474814
-0.00254215
0.579908
-0.402772
-0.345171
-0.964794
-1.0222
0.16507
-0.208518
1.21337
0.193801
0.135201
0.21842
-0.614829
-0.759515
0.163579
0.236145
0.866342
-0.316667
0.116622
0.340543
0.883851
-0.296108
-0.759105
0.194472
-0.672889
0.190374
0.134727
0.267077
-0.697915
0.105425
-0.1708
0.710552
0.246496
-0.154383
-0.0255508
-0.396706
0.182474
-0.134666
0.726189
0.444595
0.56238
1.34623
0.349028
0.261328
-0.01062
0.58997
-0.187615
-0.110289
0.378061
-0.224234
-1.10227
-0.170503
-1.22204
0.420214
-0.230569
-0.141803
-1.39575
-0.326357
0.327082
-0.555443
0.201553
0.155264
-0.596316
0.244392
-0.0735685
-0.688554
-0.514808
0.393607
-0.776626
0.479089
0.632756
0.154813
0.902637
-0.681303
-0.364523
0.00813187
-0.282224
-0.235128
0.369039
0.368449
-0.573902
-0.548489
0.709845
-0.685247
-0.790388
0.842898
-0.705555
0.381881
0.839482
-0.441717
-0.153383
-0.0970109
-0.59355
0.805649
-0.316979
0.725621
-0.409565
0.262671
-0.063539
-0.235048
-0.365618
0.206527
-0.422717
0.391715
0.0205061
-0.342839
0.0836733
0.113927
0.409094
0.0159308
-0.582339
-0.0611132
-0.239893
-0.297685
-0.417834
0.426308
-0.211586
-1.08286
-0.00593582
0.0663839
0.255842
-0.0157273
-0.100819
-0.24097
0.456636
-0.310776
-0.3166
0.142755
0.145139
0.305475
0.0782529
0.150934
0.76227
0.524618
0.844992
-1.2189
-0.463456
0.196857
0.203724
-0.242594
0.158658
0.67218
0.00714708
0.282833
-0.705375
-0.0181437
0.536096
0.426719
-0.275138
0.239057
0.619056
-0.149926
0.00156139
0.327499
0.0566963
-0.282969
-0.173671
0.562741
-0.403793
0.032856
0.324908
0.196074
-0.842481
0.659953
-0.0235701
-0.643795
0.805095
-0.330833
-0.428785
-0.178064
0.337556
0.145698
-0.415104
0.358477
0.510659
0.0473856
0.450294
-0.16505
-0.43263
1.30416
-0.291323
0.217318
-0.452188
-0.815627
-0.789074
0.141867
0.216379
-0.386555
-1.25774
0.546843
0.0528308
-0.170593
0.110603
-0.403848
0.355356
0.053025
-0.394301
0.123251
0.298465
0.68589
-0.156594
0.00648111
1.0762
-0.833821
0.275788
-0.0967592
0.0985736
-0.17829
-0.349733
-1.0024
0.346537
0.589871
-0.773581
-0.713553
-0.072051
-1.09035
0.206682
-0.319339
-0.657404
-0.341726
0.14807
0.492668
0.0405547
-0.206707
0.566568
1.02162
0.334756
0.358279
-0.298779
0.152876
-0.111604
0.487539
0.989572
-1.07746
-0.575269
-0.0958572
-0.389331
-0.0957695
0.441309
-0.0621134
0.329363
0.905644
-0.895398
-0.863009
-0.915493
0.41035
-0.385298
0.772473
-0.205128
0.304171
1.52742
1.20756
0.298962
0.504534
-0.35164
0.678145
-0.194341
-0.725005
-0.678757
0.475565
-0.166186
-0.30103
-0.482551
0.079488
0.141122
0.31869
0.51154
-0.00407937
-0.300057
0.143543
0.0998826
-0.441713
-0.258876
-0.0356461
-0.0522635
0.14555
0.990088
-0.0947118
-0.167613
-0.0115242
-1.33353
-0.250361
0.00465032
-0.154824
0.520073
1.09062
-0.863418
0.38151
-0.416711
0.33203
-0.491297
0.077582
-1.0015
0.128211
1.12933
-0.34455
-0.290271
-0.770739
0.338242
0.062919
0.21978
-0.35411
0.018988
-0.0736288
0.278716
-0.114069
-0.271108
-1.09475
-0.94258
0.281303
0.351386
0.771865
-1.14886
-0.0239807
0.150882
-0.643982
0.0634589
-0.366751
0.408999
-0.0887124
-0.800525
-0.602613
0.0390765
0.16876
0.404127
0.367654
-0.694323
0.717509
-0.347521
0.242181
0.103632
-0.412035
-0.838108
0.0701774
0.0783743
-0.276844
0.217488
-0.105457
0.325037
-0.154353
-0.0763897
-0.721812
-0.276356
-0.153602
-0.706449
0.666136
-0.0531339
-0.230472
-0.29018
-0.624314
-0.2471
0.965335
-1.10073
0.0252155
0.231466
-0.631655
-0.55276
-1.07137
0.146176
-0.564995
0.180623
0.173301
0.0833243
-0.573713
0.570252
-0.0495647
-0.417756
0.620113
0.158041
0.476435
0.0749426
-0.341745
-0.452509
-1.01189
1.62053
0.374853
-0.105449
0.378753
-0.616667
-0.601366
-0.288965
-0.330687
-0.14537
0.924608
-0.0867275
-0.0763897
0.584901
1.0698
0.300289
0.152975
0.0427925
-0.299728
-1.38781
0.367199
0.0343942
-0.64937
0.162121
-0.532543
-0.815326
-0.376974
-0.602855
0.325282
1.30811
0.0689656
-0.192452
0.0199512
-0.579892
1.12958
-1.12203
0.667259
-0.811682
1.04605
0.961759
0.741304
-1.14275
0.592866
-0.0797665
0.793028
-1.19273
-0.81736
0.519914
0.0859481
-0.000454075
-0.26846
-0.653733
0.400906
-0.254713
0.863503
0.370923
0.208955
-0.301813
0.528715
-0.198332
-0.738923
0.152372
0.201253
0.0681695
0.308761
0.286441
-0.626857
0.19098
-0.00673732
-0.209705
0.28569
-0.0943896
-0.204708
0.195799
0.133173
0.00796948
-1.57042
0.709443
0.144331
-1.20616
0.383399
-0.0780309
0.3144
-0.571461
0.595512
-0.29315
-0.932127
-0.16174
0.436135
-0.427811
1.32322
0.24888
-1.7318e-06
-0.0605055
0.357706
-0.374005
-0.140066
0.537254
-0.26624
-0.389752
0.648839
0.504365
0.419265
-1.40206
-0.82133
-0.0380103
1.21335
-0.0320199
-0.946292
-1.1118
0.182676
0.471706
-0.315571
1.05594
-0.31705
-0.554069
0.714783
0.583532
-0.738843
-0.0707459
0.866899
-0.575173
0.330358
0.900229
-0.485906
-0.449968
0.183037
-0.311274
-0.140547
0.0519983
0.0785499
-0.985542
0.0576068
-0.0652651
-0.756838
-0.104641
0.657394
0.272324
0.530332
0.39644
-0.984165
-0.17686
-0.359923
-0.16418
0.311246
0.487092
-0.587579
0.209174
0.376288
-0.216617
0.0248839
-0.62102
0.657995
0.583636
-0.0433822
-0.235014
-0.169505
-0.412309
0.304862
0.123125
0.158699
-0.42355
-0.390597
-0.629205
0.434907
-0.018684
0.785847
-0.024876
0.253483
-0.1806
1.05188
0.795476
0.480476
-0.161391
-0.187113
0.416512
0.20286
-0.52844
-0.0792274
0.116325
-1.17538
-0.176709
0.0734091
0.832966
-0.337187
0.264167
0.7119
0.00838471
0.435653
-0.431323
-0.519364
0.844449
-0.197219
-0.383444
-0.893588
-0.0863619
-0.290684
-0.246153
-0.360097
-0.493762
-0.93944
0.45541
0.165773
0.710391
-0.966326
0.0765705
-0.724957
0.113446
0.34827
1.05964
-0.555638
0.184441
0.233673
-0.153706
-0.397781
-0.437346
-1.1014
-0.0800104
-0.65421
0.280057
0.552387
-0.331096
0.437992
0.218229
0.135553
0.273893
-0.26056
-0.185116
0.153921
0.512438
-0.455736
-0.638419
-0.458409
0.284005
0.254085
-0.318672
-0.0900975
-0.510235
-0.799782
-0.708366
0.0805266
-0.102051
-0.391025
-0.525202
-0.223021
-0.239157
-0.743225
-0.467431
-0.63078
0.421868
-0.924309
-0.629832
0.102821
0.0369473
0.25067
0.163686
-0.666039
-0.646669
-0.58937
-0.489908
-0.339898
-0.131283
0.396679
0.691254
-0.226394
0.411343
-0.0640266
-0.4574
1.01856
-1.09738
0.0577277
0.363903
-0.0424811
0.151428
-0.793692
-0.663777
0.833201
0.530701
-0.379196
-0.0812993
1.11701
-0.220837
-0.6793
0.843271
-0.697144
-0.651118
0.378882
-0.698359
0.0640747
0.46767
0.620522
-0.0628326
0.183822
0.0360104
-0.227572
-0.495962
0.30038
0.499444
0.422486
-0.811799
-0.55996
0.414764
-0.11023
-0.00149269
0.0856357
0.556307
0.600864
-0.0608449
0.624756
0.441366
-0.724274
-0.00389638
0.269803
-0.771268
0.871288
-0.068315
1.44185
-0.373967
1.05872
-0.572676
-1.16702
0.670108
0.529483
-0.126833
0.142248
-0.136922
-0.617631
-0.549993
0.0359659
0.671657
1.76879
-0.78098
0.487665
-0.0885747
-0.0982214
0.191843
0.0894606
-1.06065
0.587785
0.521383
0.147123
-0.0401999
-0.670663
0.22567
0.333428
0.925485
0.621042
0.255803
0.577034
-0.300302
-0.354849
-0.274731
0.159576
0.480309
-0.387015
-0.0729788
-0.359896
0.284799
1.16914
-0.24194
0.0151094
0.0345654
0.220249
-1.02449
0.871247
0.94389
0.28901
-0.572164
0.898908
0.0713967
0.18326
-0.672191
0.208666
0.0818746
0.14625
0.512538
-0.217356
0.294281
-0.297564
0.748234
-0.214274
0.498358
0.0568663
0.442418
0.524991
0.172281
0.564457
0.333731
-0.517391
-0.464107
0.645492
0.15289
0.328207
-0.0552755
0.606674
1.00197
1.1612
1.18244
0.344669
0.104964
-0.259111
0.161326
-0.195883
-0.705046
0.139895
-0.515251
0.0883523
-0.508013
0.0389746
-0.865008
0.537691
-0.670525
0.139821
0.0110669
0.38488
-0.483678
0.2088
-0.488056
0.759154
-0.336333
0.53426
-0.482895
0.00987564
0.269544
0.116389
-0.258925
0.0752576
0.261437
0.133967
0.0777898
-0.0240181
-0.566643
0.164745
-0.303498
-0.55345
0.486835
0.175595
0.213244
0.569671
0.190062
-0.00857596
0.289544
-0.0428907
-0.191667
0.612271
0.189782
0.180131
-1.00751
-0.218958
-0.532939
-0.804384
-0.570433
0.713608
-0.105662
0.670742
0.689465
0.834142
0.732269
0.452599
0.220734
-0.238429
-0.172415
-1.04053
0.374502
0.0659363
-0.160905
0.685377
-0.419204
1.24627
1.24706
0.0716646
0.5159
-0.229777
0.0276048
-0.13528
-0.166204
-0.455457
0.570784
-0.0265745
-0.199503
0.00879516
-0.733601
-0.10451
0.735842
0.652913
0.0925347
0.824088
0.0977748
0.662091
0.153793
-0.377791
0.27283
0.1923
-0.35453
0.333339
0.292271
-0.00840324
0.340972
0.176202
-0.0814495
-0.205345
-0.0950822
0.0702772
0.19696
-0.617211
0.401916
1.32171
0.25393
0.168412
0.432521
-0.258827
0.596101
-0.882881
0.0572528
-0.145601
-0.7194
-0.162931
-0.64531
0.566246
0.780304
-0.49459
-0.629574
-0.012675
0.187203
1.05258
-0.785956
0.885973
-0.394987
0.411487
-0.525196
0.627001
0.440707
0.615339
-0.587326
0.894102
0.298695
0.0334653
-0.276956
-0.404905
0.1103
0.47985
0.348975
-1.00924
-0.318478
-0.140022
-0.432886
0.0300585
-0.0689963
0.260171
-0.543224
-0.536109
0.359009
-0.715678
-0.103671
-1.11238
0.623775
0.550955
-1.04899
0.110597
0.113513
0.471293
-0.290394
0.355419
0.376658
0.452712
-0.389912
-0.604347
-0.15957
-0.0409264
0.373272
-0.541087
-0.557803
-0.210776
-0.521537
-0.0978428
-0.832926
-0.0195203
-1.24733
0.698877
0.916662
0.33334
-0.249935
0.543931
0.137072
0.704593
0.134429
-0.785264
-1.19055
0.595896
0.429815
-0.087827
0.251974
-0.180675
0.263976
0.872058
-0.0893825
0.198508
0.424886
-0.629897
0.787253
-0.0199816
0.448581
0.600914
0.964183
0.614737
-0.233337
-0.653051
-0.409715
-0.0115338
-1.18798
0.92384
-0.385636
-0.120402
0.635921
-0.0522205
-0.244877
-0.0922177
0.182048
0.29825
-0.352573
0.198074
0.400924
-0.238196
-0.886488
-0.668531
-0.154939
-0.723114
-0.67031
0.279309
0.00371866
0.176303
0.488289
-0.0907842
0.0262047
-0.0561906
0.749859
0.637565
0.114474
0.147976
0.618725
-1.08203
0.357082
-0.381721
0.0937634
-0.217574
0.453585
-0.148183
0.34233
0.534904
-0.507375
0.185028
0.173671
0.13217
-0.378266
-0.407938
-0.679615
0.0859455
0.0360205
0.105871
-0.475013
-0.483872
0.506279
-0.163302
0.976938
0.224144
0.646322
0.150401
-0.870085
-0.406247
0.495997
0.692517
0.145612
0.677456
0.405025
-0.0216655
-0.0820384
-0.0450745
1.04219
-0.0757791
-0.77654
-0.433539
-0.0292064
-0.631265
-0.767549
1.35923
0.358399
0.589416
0.176792
0.709007
-0.338181
0.310622
0.260792
0.119528
-0.313843
0.67999
0.00746626
-0.372373
-0.153604
-0.638813
0.351543
0.565642
0.763244
-0.0499706
0.579112
-0.0774426
-0.116327
0.397516
-0.241416
-0.210793
-0.54102
-0.805508
-0.482337
0.266036
-0.369734
-0.919434
0.256463
0.214721
1.06757
0.27148
-0.197638
0.117456
0.0438684
-0.598764
0.310209
-0.0209484
0.00800254
0.327687
-1.18632
0.294727
-0.00723629
0.120543
0.218808
0.0726421
-0.518168
-0.189698
0.240533
-0.00655124
0.197099
-0.0345024
0.277755
0.111591
-0.211961
-0.448172
0.708487
0.0564577
0.584583
0.173108
-0.285891
-0.5726
-0.0638338
0.113727
0.0821673
-0.201492
-0.31666
1.05365
-0.531109
-0.914745
-0.136806
-0.214727
0.348703
-0.184065
0.350706
-0.509305
0.394401
-0.000421889
0.597348
0.734673
-0.25961
-0.630471
-0.598803
-0.0976755
-0.81325
-0.692616
0.603864
-0.000190157
-0.132705
0.279679
-0.700738
0.575002
0.204791
0.266464
-0.12095
0.877708
-0.355658
0.157209
0.138115
-0.117652
-0.0267103
-0.0601094
0.231737
0.313482
0.359949
-0.389954
-1.0167
1.06351
0.0868191
0.428309
-0.697928
-0.127523
0.288374
-1.40241
-0.0758817
-0.00860883
-0.183078
-0.292974
0.0285428
1.19944
1.00778
-0.839729
-0.149794
0.812165
0.702516
0.459843
0.182365
0.246787
-0.594842
1.00388
0.641963
0.595814
0.357639
-0.297826
-0.37584
0.498223
0.265038
-0.0180428
-0.632326
0.0918118
-0.235048
0.558022
-0.279795
-0.880998
0.234199
-0.501378
0.228275
0.250923
-0.681525
-1.70347
0.584779
-0.0163779
0.745121
-0.426816
0.263928
0.287943
0.399963
-0.12797
0.0845134
-0.69353
0.0244373
0.0692698
0.156415
-1.21244
-0.75096
0.230458
-0.436008
0.496263
0.192479
-0.270204
-0.291367
-0.148164
0.220826
0.143102
0.944745
-0.0797281
-0.177677
0.273841
0.160581
-0.880111
-0.0237758
-0.850733
0.245637
0.298903
0.107749
0.665819
-0.669441
1.18562
-0.0598008
0.693467
1.20842
-0.903951
-0.519768
-0.0863008
-0.967856
0.0615687
0.790788
-0.617044
0.763245
-0.21148
0.64318
-0.607643
0.549716
0.00908382
0.748924
0.219083
0.152439
0.614049
0.608727
0.514972
-0.0982754
0.0302911
0.061923
0.776672
0.00293726
0.372064
-0.398282
-0.128298
0.648741
0.395547
-0.0443368
1.02801
0.589866
-0.769118
0.0846993
-0.561553
-0.329942
0.374978
0.732906
0.194179
-0.487671
0.967187
0.351908
-0.216354
0.876363
-0.22568
0.0389765
-0.042373
0.561664
-0.5189
-0.529604
0.484345
-0.220409
0.949841
0.138157
0.410805
-1.81106
-0.075897
-0.569514
-0.500147
-0.29396
-0.497265
0.592698
-0.590026
-0.379567
-0.142521
0.100171
-0.765068
-0.0628831
-1.13323
-1.17458
-0.162516
0.360679
-1.01931
-0.669415
1.57391
0.42846
0.369468
-0.595651
0.458577
0.0385345
-0.315861
-0.0916593
-0.189798
-0.06298
0.775489
-0.00807152
0.734396
0.529374
0.185456
-0.171918
0.59487
-0.580756
-1.35107
-0.0705909
-0.200391
-0.25694
0.337899
-0.174071
-0.596881
-0.529477
-0.774312
-0.71879
0.0940805
0.428147
1.19614
0.754496
0.365715
0.185581
0.217369
-0.394335
-0.291998
0.774576
-0.401909
-0.276789
0.0965567
0.20989
-0.407527
-1.32192
0.113243
-0.321529
0.790478
-0.29664
-0.489952
-0.678491
0.327589
0.198574
0.0118204
0.685544
-0.394012
-0.281226
-0.643566
-1.13749
-0.380073
-0.0560738
0.149611
-0.359685
0.201679
-0.267635
-1.31588
0.205295
0.124319
-0.172902
0.144239
-0.0587973
0.660465
-0.409413
0.673306
-0.194452
-0.93144
-1.25339
-0.753965
-0.491221
-0.830467
0.181326
-0.0869595
-0.0339382
0.158396
-0.119457
0.325973
0.439878
0.107847
-0.858197
-0.33144
0.530179
0.252781
-0.131596
-0.93609
-0.235641
-0.204771
0.881879
-0.156465
-0.082075
0.317985
-0.169042
-0.0844787
-0.808054
-0.0421984
0.291118
0.148197
0.319227
-0.875324
-0.0792241
0.503249
-0.964057
-0.34703
-0.179224
-0.398004
-0.473301
-0.60037
-0.139694
0.522102
-0.243518
-0.772548
-0.114096
0.619114
0.117834
0.568411
-0.241807
-0.770071
0.045622
0.322139
0.226136
0.395164
-0.718773
0.72036
0.607309
-0.0186292
-0.936093
0.230841
-0.408512
0.102872
-0.920904
-0.0561681
0.607664
0.329368
0.10117
0.591506
1.06951
0.405058
0.176098
-0.0799989
0.472282
1.48863
1.19586
0.245615
-1.36652
-0.907812
0.329917
0.0885673
0.57423
-0.155901
-0.234554
0.46617
0.244213
-0.689895
0.0316886
0.141708
-0.154401
0.847388
0.922596
-0.771081
0.0568377
-0.339511
-0.32621
0.437839
-0.975045
0.0578309
-1.46994
-0.442564
-0.215612
0.32828
-0.474592
-0.388771
0.254646
0.026891
0.0420525
0.116835
-0.512134
0.893108
0.582967
0.684686
-0.0884387
0.338214
0.205482
0.152089
0.142009
-0.270289
0.901313
0.579159
-0.893307
-0.204362
-0.420664
0.293191
-0.399913
-0.371983
0.46409
0.868378
0.450038
0.609024
0.500685
0.0394259
-0.282977
-0.0241449
0.458708
-0.618869
0.323192
-0.408349
0.357481
0.796649
0.780479
0.217603
-0.0316529
0.365796
-0.667299
-0.0643831
0.171398
0.766251
0.258333
0.366877
0.711512
0.392188
0.433202
-0.420084
-0.343098
0.446565
0.25119
-0.119165
-0.0584165
0.435175
0.892957
-0.275737
0.321063
-0.790456
-0.431513
0.523134
-0.507352
0.171893
-0.0468009
-0.814734
0.101803
0.213382
-0.708849
-0.104243
-0.76395
0.991327
0.0519407
-0.702889
0.206414
-0.214214
0.523499
0.598804
-0.404253
0.846025
0.018999
-0.318328
-0.608899
0.516719
-0.0249669
-0.194549
-0.445233
0.374398
1.00851
-0.382009
-0.659806
-1.02897
0.794804
-0.303899
0.0514367
0.0399699
1.01522
-0.644784
-1.9538
0.384079
-0.259352
-0.14902
1.24245
0.289266
-0.502875
0.496311
1.38819
-0.634932
0.00692116
-0.00744848
-0.455545
-0.526357
-1.1927
0.228997
-0.0379645
0.920533
-0.722181
0.13877
0.0298141
-0.741332
0.210112
0.334802
0.392074
-0.081098
-0.454169
0.657081
1.02875
-0.613152
0.0705148
0.582918
-0.379698
-0.126898
0.478299
-0.176681
0.280842
1.37144
0.248413
0.25605
0.721782
0.523124
-1.28699
0.198516
0.339021
-0.332646
-0.447032
0.292828
-0.388015
0.765229
-0.992829
0.111016
-0.338531
-0.432809
0.0577947
0.890405
0.46852
0.239879
0.403448
-0.640548
1.22209
-0.441893
-0.127553
-0.326425
0.446459
0.285511
0.202857
0.52162
0.26728
0.323018
-0.0582015
-0.321789
-0.223304
0.5943
0.302979
-0.611437
0.237361
0.408767
0.300236
-0.091534
-0.53324
0.0895176
-0.41522
-0.344261
-0.686819
-0.168448
-0.0642095
-0.474902
0.323631
0.376311
-0.422297
0.0304446
-0.0343939
0.173392
-0.717646
-0.127495
-0.119086
0.315861
-1.2323
-1.3136
0.503551
-0.880806
-1.03302
-1.01569
0.772755
0.20815
-0.59491
0.294286
-0.995838
0.400954
-0.5451
0.302759
0.757296
-0.172189
0.123709
0.490547
-0.81729
0.256818
-0.460176
0.505664
0.276335
-0.420399
-0.678857
0.454927
-0.552802
0.291483
0.39118
-0.320924
0.268708
0.198548
-0.208034
0.379711
0.5658
0.26226
-0.80574
-0.386669
-0.167543
0.662359
-0.539397
-0.231879
0.398292
-0.146668
-0.25042
0.519509
-0.203636
1.00483
0.159496
-0.131813
-0.221371
0.564029
-0.296764
-0.604082
0.393663
-0.537285
0.214796
1.73783
-0.52195
0.189275
0.375096
-0.134739
-0.152216
0.56393
-0.610066
0.124926
-0.679021
-0.216353
-0.388018
-0.112165
-0.995073
0.112273
-0.0689273
-0.299969
0.247128
-0.00801334
0.0470466
-0.372832
0.272694
0.209968
0.398931
-0.554142
0.659561
-0.471121
-0.954545
0.0399702
-0.749158
0.939249
-0.617865
-0.184217
0.991438
0.326107
-0.0549259
0.0671691
-0.546264
-0.525114
-0.344572
0.242804
0.182906
-0.0642512
0.443303
-0.390214
0.606508
0.139815
-0.346827
0.69675
-0.128438
0.632759
0.394351
0.805452
-0.43122
-0.177021
-0.131368
-0.259676
-0.00303305
0.179382
0.677619
-1.76646
0.297134
-1.25023
0.347793
0.622467
-0.160764
0.695421
0.834309
0.415349
-0.168641
-0.164661
0.167217
0.170599
-0.686811
-0.0382923
-0.325344
-0.607675
-0.57831
0.180645
0.0330469
-0.813252
-0.269003
0.124898
-0.391089
-0.109482
1.06471
0.0692141
0.647658
-0.554813
0.0997378
-0.310483
0.253427
0.288572
-1.1979
-0.430808
0.0314288
0.612381
-0.480793
-0.906089
-0.670796
-0.32151
0.159644
0.657731
0.396226
0.557834
0.173694
0.389619
1.03115
-0.0843347
-0.164939
0.00105526
-1.2954
-0.373136
-0.151819
0.0617469
-0.490313
0.318464
0.00726579
-0.0828536
-0.998077
-0.112827
0.84996
0.341597
-0.542639
-0.0242052
1.15339
0.500071
-0.383245
0.683386
-0.146109
0.257705
-0.661579
0.722074
-0.998031
-0.055753
0.14743
0.666509
0.15622
-0.0569756
-0.0604319
-0.465858
-0.0391321
-0.0397029
-0.5292
-0.249257
-0.121716
0.524884
0.736764
0.692597
0.365411
0.12175
0.288484
-1.16106
-0.557581
0.125695
-0.864738
-0.972049
-0.376617
-0.688647
-1.29903
0.874875
0.296416
-0.629644
0.22079
-0.512744
-0.246516
0.614084
-0.316021
0.292005
-0.539981
-0.774114
0.15857
0.41596
-0.0137051
0.0444539
0.200886
-0.330434
0.52609
-0.792374
-0.311373
-0.238948
-0.323557
-0.273903
-0.199914
0.486269
-0.0852697
0.635268
-0.576432
0.261836
0.514757
0.0179759
1.00298
0.056538
-0.50082
0.0399129
-0.736986
0.851716
-0.0176102
1.18413
1.1546
0.315641
0.218366
-0.316616
-0.841595
-0.22063
0.666202
-0.448517
0.69859
-0.339778
-0.34172
0.462199
0.122906
-0.203568
-0.285406
0.55801
-0.675199
-1.06948
-0.653361
-0.509216
-0.291308
0.0596111
-0.250371
0.290861
0.273323
-0.382065
-0.217689
0.548086
1.11646
0.131808
-0.162362
-0.497872
0.0508931
0.69302
0.184227
0.501561
0.67287
-0.74055
-1.2847
-0.471435
-0.351138
0.335195
0.0918331
-0.272946
0.572454
-0.727538
-0.0681145
0.437883
-0.317264
0.00360818
0.0768229
0.313046
0.133373
0.722267
0.124594
-0.837834
0.567231
-0.28775
0.661442
0.0171197
0.223995
-0.218848
-1.04505
0.00279485
0.192121
-0.652174
0.490302
0.526423
0.139107
0.501054
1.17501
-0.538263
0.227186
-0.426488
-0.388303
-0.109699
0.96308
-0.00405002
0.212745
-0.404776
-0.21476
-0.567737
0.294095
0.0451371
-0.209403
0.0740231
-0.312251
-0.0268233
0.325172
0.452663
-0.173449
0.464849
0.0180412
0.426196
-0.218441
0.411246
-0.733256
0.110949
-0.400087
-0.318497
-1.09997
0.536157
-0.0886054
1.04258
-0.386324
-0.463764
-0.333558
0.17246
-0.256012
-0.371192
-0.161969
0.653267
0.668806
-0.0535772
-0.0996122
-0.540902
-0.188949
0.548441
0.0851914
-0.873202
1.65194
0.475937
-0.295542
0.21371
0.208495
0.371851
0.42473
-0.0123817
-0.158362
0.231083
-0.413665
0.0733351
0.0257595
-1.37314
-0.110666
-0.00884794
0.332805
-0.545229
-0.158054
-0.0269065
0.0455835
0.467694
0.452255
-0.10175
0.592735
-0.215016
0.32086
0.16708
-0.877213
-0.241123
0.495033
-0.0799461
-0.100926
-0.317443
0.109763
-0.530184
0.0970208
-1.07424
-0.785994
-0.401812
0.133066
0.412535
-0.274444
0.457808
-0.0673701
0.347749
0.646712
-0.788219
0.595272
-0.441223
-1.05129
0.396659
0.163496
-0.147853
-0.256992
0.0854726
0.132083
-0.617997
0.395478
0.556743
0.462328
0.367155
-0.23155
-0.340721
-0.91564
0.351826
-0.739519
0.385044
-0.166099
0.797214
-0.584014
-0.557937
-0.653208
-0.0184928
-0.390223
0.420675
0.386079
-0.820242
-0.272112
-0.140575
0.460302
0.23123
-0.0489972
-0.00774875
0.120396
-0.140306
-0.404741
-0.963284
0.0372176
0.970645
-0.00628794
-0.942909
-0.269824
-0.262447
0.39313
-0.29742
0.577082
-0.328237
0.0592958
-0.562672
0.37583
-0.160053
0.0830152
-0.176286
0.0817157
-1.12593
-0.562431
-0.992567
-0.664321
-0.0933456
0.762919
-0.0451633
0.531812
0.757975
1.27538
-0.730495
-0.0967593
-0.276368
1.25965
0.381018
0.396521
-0.00283349
-0.00174431
-0.0812533
-0.249413
0.295409
-1.33651
-0.175128
-0.411628
0.71147
-0.259499
-0.791867
0.199265
-0.912091
-0.268199
-0.329534
0.209743
-0.2814
-0.0713318
0.509194
0.163682
0.14811
0.600855
-0.396272
-0.154746
0.474087
-0.389906
-0.0630499
0.609883
-0.766288
-0.382449
0.163157
-0.810625
0.346718
-0.198841
0.658258
-0.441568
0.588536
-0.179366
-0.463353
0.111533
0.97725
-0.116105
0.621056
-0.65102
-0.396282
0.460105
-0.300771
0.44232
-0.283166
0.24643
-0.283106
-1.06133
0.699641
-0.764854
-0.112744
0.467147
-0.0480303
-0.210592
-0.369772
-0.41889
0.596763
-0.299916
0.49231
0.249446
0.274308
0.108395
0.262117
-0.88511
-0.40209
0.401132
0.245873
0.297855
-0.165218
0.405267
0.862668
0.160899
-0.341115
0.925179
0.48315
-0.491884
0.102399
0.737487
0.191085
0.460326
0.955598
0.532686
-0.386608
0.123831
-0.354108
0.308317
0.0182992
-0.522395
-0.0282526
-0.185758
-1.34365
-0.451812
-0.605542
0.868161
0.156202
-1.00933
-0.212139
-0.871104
-1.17219
-0.12602
1.27734
0.549266
-0.663127
0.221267
-0.225507
1.06974
-0.425544
-0.465225
0.467758
-0.827113
0.667761
0.264294
0.012863
0.851809
0.150081
-0.456528
-0.30632
-0.912467
0.568545
0.193619
1.0328
-0.343531
0.245602
1.37614
-0.484054
-0.389622
-0.523592
0.103754
-0.518635
-0.243339
-0.655902
0.555547
-0.235912
0.0280737
0.409536
0.084311
0.580462
0.0910959
-0.246828
0.220276
-0.368057
0.21775
0.748103
-0.162178
-0.163183
0.708542
-0.707056
0.0961886
-0.0107509
0.0780077
-0.663201
-0.667494
-0.205577
0.401202
-0.122658
0.022559
0.634114
0.379261
0.835146
0.124049
0.0621578
-0.0235494
-0.181919
-0.15156
-0.684582
0.385794
0.861282
-0.540243
0.221394
0.266858
0.542322
1.00551
-0.0917265
-0.262293
-0.101472
0.585875
0.10198
0.148196
0.32992
-0.0256399
-1.16083
-0.672045
-0.523148
0.150698
0.0262829
-0.516522
0.506945
-0.656573
-0.00347503
0.0670807
0.521166
0.657035
-0.52932
0.00495122
-0.237063
-0.83403
-0.00173153
-0.0616871
-1.28438
0.0675186
-0.0571406
1.58288
0.155496
-0.138676
-1.11907
0.0886903
0.981097
0.388399
-0.239868
-0.598947
-1.43434
-0.805883
0.259003
-0.0417035
0.0682937
0.0126238
0.656755
0.0183671
-0.165449
0.729793
-0.197979
0.727079
-0.0459157
0.666376
0.0681668
-0.353304
-0.520493
0.00171105
-0.115234
0.0424989
-0.262723
-0.384201
-0.621288
0.296829
0.302852
0.421542
0.429558
0.224621
-0.0160667
-0.573567
-0.12317
-0.260619
-0.0270338
1.25399
-0.797176
0.0814774
0.0274258
0.377592
0.371475
0.297528
-0.0905242
0.463724
-0.672778
0.513895
-0.393753
-0.552555
0.168505
0.272908
0.143461
-0.426732
0.306772
-1.09072
0.126613
0.721045
0.355375
-1.01024
1.14544
-0.580154
-0.611689
0.518165
0.586001
0.139141
-0.302524
-0.367181
0.337944
0.827798
-0.153274
-0.304047
-0.250854
-0.475648
-0.547757
0.366207
-0.653524
1.14458
0.948014
-0.792168
-0.715461
-1.35542
-0.091848
-0.109971
0.456687
0.336312
-0.0214197
-0.336513
-0.860082
0.593866
-0.988763
-0.683638
-0.156825
0.136947
-1.00036
0.189492
0.199936
0.120583
-0.3092
-0.741323
-0.327015
0.587219
0.42033
0.0937659
0.250038
0.112032
1.1193
0.910161
-0.82695
0.442885
-0.0139048
-0.24353
-0.501967
0.0979729
-0.0547454
-0.0458946
0.392628
0.150665
0.177752
-0.313334
-0.160373
-0.196466
0.565296
-0.512068
-0.128076
0.267487
0.144929
0.849848
0.324212
-0.187134
0.0599941
0.422479
0.73258
-0.777541
1.04426
2.04678
-0.446832
-0.282577
0.137709
-0.900202
0.0564593
-0.383557
0.653265
0.129139
-0.401384
0.0621192
-0.0445067
-0.365128
0.673075
0.526143
0.00839048
0.939507
0.1218
0.0629864
-0.379567
-1.63286
0.237338
-0.456277
0.150177
-0.233472
0.531658
-1.06126
-1.4228
-0.586211
0.950933
0.174343
0.457053
0.441125
1.21272
-0.03
0.583003
0.74274
0.214307
-0.0300042
0.151881
0.907552
0.357013
-0.15806
0.430134
-0.0198147
-0.551181
0.0185361
-0.537632
0.344959
0.851885
0.46493
0.366938
0.191851
0.570333
0.162101
-0.283513
-0.401032
-1.18085
-0.0515333
-0.371316
0.934794
-0.239574
-0.222932
-0.68205
0.899
0.587754
0.422243
-0.229421
0.00508694
-0.417898
0.807793
-0.237063
0.600407
-0.77197
-0.139683
-0.507037
-0.437757
0.10597
-0.0250503
0.318483
0.690295
0.560212
0.0493255
-0.878153
-0.101422
0.343658
0.201397
0.881269
0.270024
0.943269
0.0804291
0.0640792
-0.731728
0.0621277
-0.177204
-0.871381
0.675338
0.126064
-0.633739
-0.255191
0.106281
0.20992
0.957171
0.0640428
-0.135614
-0.0533004
-0.594077
0.0132039
-0.196101
0.481427
1.06702
-0.241107
-0.00125829
0.496978
0.090485
-0.179456
0.190729
-0.216725
-0.478701
0.277607
-0.12379
0.870757
-0.936076
0.547884
-0.708439
1.28627
-0.224752
-0.236926
0.306944
-0.202297
0.797827
-0.276231
-0.280087
0.397638
0.24506
0.349286
0.801736
0.236579
-1.36972
0.267777
-0.342124
0.421182
0.332722
-0.442447
1.26496
0.974504
0.0423537
-0.254996
0.347686
-0.572303
0.543721
-0.0243711
-0.0286012
-0.433814
-0.291321
0.581197
0.0690791
0.74467
-0.297704
0.517158
-0.12389
-0.3593
0.130655
0.785549
0.629045
-0.186367
0.485775
-0.171871
0.249966
-0.244223
0.356271
0.690617
-1.67685
-1.079
-0.392275
-0.575652
-0.192251
0.0725917
-0.404755
-0.512589
-0.298037
-0.0699626
-0.270263
0.110759
0.583149
0.631985
0.111469
0.547886
-0.108841
0.558677
0.337662
0.486394
0.45652
-0.269222
-0.198533
-0.0401058
0.0603452
-0.105227
0.229158
-0.380155
-0.328588
0.0310393
-1.05587
0.163543
1.60688
0.567675
0.346316
-0.239288
-0.0589546
-0.42941
-0.20348
-0.248713
-0.951914
0.00051192
-0.573293
-0.184661
-0.864963
-0.146771
-0.468976
-0.708178
-0.144726
-0.945522
0.308543
0.139098
0.652619
0.819707
-0.0639346
0.0616085
0.198556
0.638676
-0.131893
0.158621
-0.516807
0.587424
-0.436501
-0.0570439
0.520513
0.367371
0.361989
0.603079
-0.265455
0.179419
-0.76717
0.139332
0.114632
-0.311739
-0.376728
-0.203496
-0.133935
-0.0565713
0.323412
-0.191194
-0.735924
0.169496
0.12209
0.659393
0.190773
-0.401604
0.398603
0.688884
-0.39734
0.652338
0.470197
-0.214161
0.853551
0.42062
-0.806141
0.328483
0.218304
-0.629161
0.0836174
-0.767459
-0.353648
-0.279643
-0.0515444
-0.409085
-0.0248041
0.27399
-0.445117
0.0666792
0.398439
0.1809
0.436105
0.841747
-0.746681
0.0782035
0.233243
0.510561
0.344246
-0.384516
-0.391823
-0.107781
0.0090586
0.387887
-0.400303
0.00665947
-0.427023
-0.763684
-0.617154
-0.0975081
0.701735
-0.602727
0.137026
-0.292538
0.337009
-0.31124
-0.0844607
-0.402396
-0.0587623
-0.0850318
0.0234221
0.37759
0.244567
0.0752682
0.854475
-0.799709
-0.201692
-0.805974
-0.871936
-0.79276
0.708739
-0.13746
0.0976928
-0.363682
-0.340977
0.184639
0.393276
0.169423
0.481232
1.30513
-0.0745131
-0.940788
0.172193
0.201614
-0.306949
-0.729283
0.167967
-0.0398095
-0.235494
-0.344212
0.347699
-0.195443
-0.0572757
-0.22775
-0.503844
-0.490174
-0.0119052
-0.198993
-1.2624
-0.264562
-0.621393
0.191753
0.304746
-0.0722107
0.870441
0.351237
1.16747
-0.0651855
-0.593984
-0.255383
0.105696
0.185292
-0.234478
-0.131023
0.381055
0.231456
0.653945
-0.0774681
0.771528
0.198568
0.043473
0.108677
-0.256666
-0.103908
-0.150066
-0.537737
0.273886
0.577956
-0.690609
0.583997
1.14347
-0.168408
-0.0576077
-0.918883
-1.2515
0.78574
-0.528125
-0.0209918
0.453719
0.347061
0.434377
-0.446859
0.595966
-0.163639
0.0138073
-0.852577
0.649089
0.161718
-0.265732
-0.760518
-0.43736
-0.504379
0.831707
-0.905703
-0.390871
-0.225204
0.22673
0.463031
-1.24288
0.147312
-0.707453
0.0567009
-0.701842
0.543781
-0.187559
0.680692
-0.106286
0.379533
-0.271606
0.117525
-0.294705
0.865589
-1.09193
-0.604619
-0.666555
0.448659
-0.662418
-0.269242
-0.696565
-0.406871
1.23318
0.184674
-0.310534
-0.956061
0.195334
0.638122
0.981696
-0.629293
-0.0840805
-0.129481
-0.180453
-0.0279424
0.1444
-0.736468
0.2086
-0.0767194
1.84699
-0.103565
-0.709726
-0.759082
1.17986
0.185683
-0.1385
0.404993
0.126408
0.734767
-1.18797
-0.888663
0.0685176
-0.716815
-0.224601
-0.196649
-0.364938
-0.434139
0.372468
0.425376
0.566978
0.109699
0.249101
-0.114425
-0.154495
0.0681578
-0.226938
-0.578907
-0.208323
0.861421
-0.961974
-1.44611
-0.462635
0.396706
0.324511
-0.6299
0.356505
-0.128602
0.274282
0.421899
0.50661
-0.825874
0.373831
-1.2554
0.252096
0.260029
1.67784
-0.167418
0.497649
-0.194103
-0.42798
0.323393
-0.031634
-0.256785
0.625187
-0.505748
0.750586
-0.219864
0.276512
0.766449
-0.689275
0.0131812
-0.478453
-0.403685
0.612566
-0.432062
-0.278315
0.201531
0.672757
-0.231491
-0.368311
-0.486582
-0.083136
-0.0108795
0.76647
1.17539
0.285467
-0.726321
0.832292
0.64915
-1.34407
-0.00889724
-0.51308
0.496271
-0.452177
0.146617
0.500294
0.497579
0.0299342
0.751942
0.746766
0.410313
1.17385
-0.613777
-0.306984
-0.0532642
-0.290933
-0.245314
-0.358757
0.0108037
-0.136173
0.494596
0.902205
-0.515546
0.116034
-0.110006
0.170675
0.409666
-0.828279
-0.144726
-0.8054
0.232261
0.0468224
0.726904
0.484912
-1.19717
-0.48263
-0.620485
0.479392
-0.00438131
0.559965
0.707252
-0.215294
-0.845427
0.0052014
0.173011
-0.945392
1.14602
0.16806
-0.300852
-0.702194
0.623669
0.577681
0.589592
-0.580532
-0.546137
-0.466403
0.487771
-0.129267
0.0381119
0.0875331
-0.10368
0.0449782
-0.198516
-0.16488
-0.314052
0.174338
0.046196
-0.742694
-0.341055
0.419982
-0.542039
0.193777
-0.292822
0.00973252
-0.754081
-1.19852
-0.328791
-0.500097
0.348327
-0.246683
-0.495388
-0.0354911
0.456087
0.529174
-0.350425
-0.0494469
0.341625
-0.997986
0.841489
-0.147566
0.504271
0.279014
-0.315289
-0.202747
1.22941
-0.183917
0.0577879
1.00617
-0.690002
0.136353
-0.15368
-0.511295
0.379918
0.153459
1.38097
-0.273612
-0.25526
0.999907
0.497249
0.0315948
0.196326
-0.16535
-0.0892501
0.224764
0.307744
-0.392501
-0.272181
0.34215
0.206093
-0.112785
0.84789
0.359736
1.14509
-0.114362
1.0754
-0.00374877
0.158574
0.138132
-0.353161
0.349961
0.228188
0.445908
-0.141398
0.628418
0.411105
-1.02921
0.0416415
-0.220249
-0.714009
-0.102965
0.679008
-0.710717
0.585183
0.72803
-0.474324
-0.422262
0.450691
-0.240081
-0.814495
-0.103919
0.682474
0.467459
0.142341
-0.0702191
-0.0639335
0.539487
-0.531558
-0.514566
1.14197
-0.050666
0.632877
0.609007
-0.345516
0.0979932
-0.0606995
1.06264
0.273406
0.718406
0.0786027
-0.295086
0.093628
0.356838
0.672583
-0.192145
-0.251589
0.25352
-0.238468
0.189835
-0.0975992
-0.38769
-0.247702
0.20987
-0.73016
0.363384
0.234175
-0.229346
-0.0587365
0.0788028
0.05926
0.0424284
-1.14309
-0.0359004
0.978522
0.427431
0.393471
-0.7352
-0.101284
0.207015
-0.024072
-1.32223
-0.278078
0.446501
0.151905
-0.302989
-1.17573
1.01455
0.268954
-0.830075
0.976529
0.106221
-0.244888
-0.558855
-1.02673
-0.619284
-0.812957
0.177954
-0.141245
-0.473119
-0.195913
-0.517229
-0.456741
-0.176511
0.418889
0.0378308
-0.29037
0.106206
0.232023
0.709665
-0.905847
0.616736
0.438267
0.729552
-0.271953
0.426954
-0.0960971
0.0074653
-0.577985
-0.800974
0.733525
0.359604
0.215208
-1.19815
0.591102
-0.722651
-0.198239
0.983136
-0.86853
0.50101
-0.231481
-0.460977
-0.433669
0.468019
0.186515
0.535276
0.554601
0.371298
-0.0492681
-0.682851
0.952742
0.636846
0.00901229
-0.273591
1.08885
-0.330501
0.272028
0.39217
-0.0168498
-0.045373
0.596308
0.121858
0.681097
-0.266682
-0.170178
-0.575468
-0.45607
-1.08344
-0.430823
-0.0593445
-0.0575789
-0.380489
1.03854
0.24461
-0.139851
1.46106
0.540495
0.104559
0.383944
-0.596321
-0.391429
-0.679586
0.0163755
0.315629
1.08686
-0.0640069
0.0604337
-0.132406
-0.38608
0.421611
0.0620309
-0.367013
0.00202318
0.502736
-0.27411
0.874546
0.527062
0.591924
-0.120268
0.0579807
0.230816
-0.0976709
-0.405848
0.369247
0.251955
-0.0704495
1.10627
-0.342689
0.279267
-0.341604
0.0058998
-0.106559
-0.600764
-0.0074523
-0.174415
-0.412259
-0.326191
0.145699
0.184949
-0.46772
-0.594752
-0.253305
0.269659
0.62317
0.221977
0.384841
-0.170138
0.488716
-0.278252
-0.703859
0.504708
0.439916
1.52898
-0.625147
-0.00694588
-0.535235
-0.103731
-0.0681496
0.0975651
-0.0587187
0.0476782
-0.161156
-0.480411
-0.293848
-0.424599
1.1802
-0.0131831
-0.732131
-0.0317853
0.0546569
-0.665146
0.625328
0.225522
-0.059017
0.564117
0.325614
-0.475864
-0.475966
0.633191
0.217206
-0.652989
-0.437737
0.66954
-0.00853553
0.0634582
0.0629589
0.558642
0.594314
0.642694
-0.687663
-0.520765
0.607611
0.125059
-0.479268
0.681114
-0.504933
0.857225
0.289569
0.396132
0.427029
-0.36554
-0.407948
0.245403
0.133041
0.479013
0.252525
0.0826176
0.295232
-0.328279
0.271795
0.0632151
0.29293
0.56311
0.025393
0.109853
-0.544916
-0.813798
0.189774
0.336701
-0.533264
-0.448961
0.00459985
0.412252
0.0406335
-0.54207
0.769102
-0.474393
-0.127893
0.0544359
0.17086
-0.649978
0.140003
0.715229
0.659637
-0.401731
0.238865
-0.282331
-0.0886704
-0.557884
-0.542201
-0.705647
0.960397
-0.322607
0.196851
0.0183864
0.217001
0.399492
0.448545
0.114888
-0.0740145
-0.341035
-0.457533
-1.03332
-0.361797
0.386876
0.148049
0.547077
0.883787
-0.444918
0.690763
-0.320421
0.420965
-0.325848
-0.378773
-0.429542
-0.48766
0.757517
-0.403037
0.418751
-0.497001
0.476155
0.155497
-0.197984
-0.298406
-0.0607035
-0.676999
-0.404974
0.0852701
0.139054
-0.288748
0.0580848
0.0963405
-0.421891
-0.470914
0.388164
-0.153715
-0.980925
0.0751039
0.620132
1.34965
-0.519009
-0.415736
-0.247117
-0.0397716
-0.304148
-0.81118
0.353548
0.615114
-1.13752
0.785849
0.0499893
-0.499055
-0.414202
-0.900839
-1.01379
0.209447
0.0895412
0.381937
0.50786
-0.22182
0.630453
-0.0361288
0.97347
-0.778049
0.888792
0.39223
-0.0127006
0.159811
-0.157516
0.217647
0.542806
-0.312445
0.16057
-0.489123
-0.233648
0.453249
0.107249
-0.0354211
-0.198382
-0.387592
0.585993
-0.97185
0.58569
0.271539
0.507328
-0.102119
0.39544
-0.488468
0.046091
0.423892
-0.25512
-0.155115
-0.435966
0.595601
1.00559
-0.720856
-0.545047
-0.413361
-0.148182
-0.121444
0.25893
-0.903972
-0.620055
0.135996
-0.476058
-0.950965
0.0945997
0.862978
-0.157221
-0.335654
-0.338356
0.395001
0.234844
-0.565378
-0.216947
0.620575
0.343182
0.92975
-0.413275
0.0567727
-0.0107662
-0.424532
0.373707
-0.213522
0.427095
0.443071
0.418365
0.0729632
-0.627615
0.244524
-0.467365
0.38661
1.11615
-0.0672126
-0.253367
0.668024
-0.979973
-0.357252
-0.677914
0.37569
1.21799
-0.483705
0.148262
-0.107879
-0.68218
-1.06097
0.620738
0.48261
0.27469
-0.821885
0.91749
0.0670754
0.0255949
0.125152
-0.36742
-0.793095
0.172036
-0.504836
-0.697142
0.516363
-0.300468
0.608905
0.152263
0.377375
0.10511
0.527539
-0.221061
-0.109654
-0.256182
-0.966993
0.34589
0.190999
0.526423
0.597161
0.202086
0.273734
-0.20707
0.197993
0.66583
1.15531
-0.999407
0.593354
-0.349132
-0.333608
-0.0442748
0.341842
-0.155706
-0.322553
-0.201935
0.345225
-0.654231
0.075747
-0.121505
-0.0265055
0.966716
0.21655
-0.223687
-0.260891
0.624904
0.512688
-0.412112
-0.19748
-0.0109096
0.445506
-0.220324
-0.366479
-0.608756
-0.584382
-0.209515
0.183078
0.0277946
0.0563921
0.462178
-0.812638
0.193363
0.126699
0.00271283
0.0239291
0.133718
0.834097
0.482729
0.247659
0.20197
0.386804
-0.359673
0.053507
-0.643829
-0.268923
-1.16523
0.0244884
-0.000988357
0.455254
0.594459
0.433478
0.958355
0.574229
0.781684
-1.14887
0.530352
0.199256
0.085914
0.925013
0.429492
0.0596238
-0.508288
-0.167881
0.0298732
0.309262
-0.542221
0.470198
-0.76464
0.823648
0.561255
1.24357
0.204065
0.508831
-0.258204
-0.581753
-0.588439
0.939686
-0.519351
-0.216553
-0.421612
-0.449462
-0.353399
0.431875
-0.435635
0.974132
-0.024673
-0.534371
0.915016
-0.48653
0.65809
0.0962353
0.735312
0.681919
0.44205
-0.561876
-0.264033
-0.82939
-1.00097
-0.0710526
0.094939
0.200511
-0.0283562
-0.431726
-0.256441
0.2085
0.0675925
-0.647134
0.173886
0.742355
0.433334
0.385493
-0.358203
-1.04365
-0.302965
0.353801
-0.392984
0.171254
-0.743411
-0.108528
-0.237539
0.0841507
-0.284553
-0.66263
0.267478
-0.701321
0.257546
-0.604707
-0.499726
-0.116327
-0.44742
0.0758992
0.283614
0.146412
0.47503
0.910374
1.07291
-0.0549287
-1.04166
0.568435
0.322122
-0.679138
0.064329
-0.497989
0.227142
0.431794
0.309602
-0.67493
0.538529
-0.708563
0.216928
0.537666
0.111109
-0.0769991
0.621497
0.503103
0.227783
-0.372538
0.256735
-0.117883
-0.215836
-0.220869
-0.0672387
-0.907688
0.195011
-0.185759
-0.107246
0.491543
-0.405601
0.158857
1.03938
-0.0657222
0.0956121
0.0148882
0.617101
-0.172196
0.0377179
-0.863041
-0.289929
0.473708
-0.217303
-1.23484
0.148446
-0.275308
-0.357125
-0.590678
-0.697269
0.0796136
0.805838
0.241597
0.016223
-0.322907
0.602142
0.206645
-0.851235
-0.186944
0.514616
1.07251
0.23434
0.062419
0.163032
0.247551
0.324571
-0.35841
0.128547
-0.384238
-0.132129
0.706558
0.0474569
-0.754258
0.57037
-0.680807
-0.299805
0.0437028
1.14608
-0.115958
-0.10795
0.242739
0.439191
-0.434682
-0.0328247
0.665951
-0.244492
-0.185975
-0.944723
0.800456
-0.150815
-0.713414
0.033937
0.455377
0.107807
0.371512
0.294202
-0.186841
-0.182436
-0.275408
0.4554
-0.469253
1.02224
-0.0730212
-0.513006
0.680166
0.350015
-0.248796
0.298931
-0.0156338
0.370446
-0.0767555
-0.182918
-0.38479
-0.5578
0.182114
-0.00457415
1.31188
-0.185463
0.0656149
-0.432572
-0.393072
0.32152
-0.714452
0.027344
0.784487
-0.467086
-0.539183
0.399193
0.140935
0.217075
0.567831
-0.631896
0.474669
0.0607837
-0.0819532
0.139006
0.572339
-0.304067
0.350491
-0.0467338
-0.365584
-1.23928
-0.696222
0.0054523
-0.703172
-0.0561454
-0.0798249
0.387562
-0.827374
-1.25284
0.26611
0.0909245
-0.229603
0.0103497
1.09046
0.136686
-1.31275
0.694436
0.60922
0.191354
0.484354
0.735542
0.819449
-0.590355
-0.144056
0.174222
0.199136
0.0824812
0.504998
0.44839
1.00152
1.36012
0.564162
0.0245388
-0.162772
-0.499061
0.372727
0.578505
0.867825
-0.20685
0.196182
-0.271723
-0.668307
-0.657116
0.0285312
-0.351999
-0.268782
0.0919136
0.00165505
-0.493172
0.370583
0.0404638
-0.427203
0.60893
0.145889
0.247687
-0.399062
0.0977095
-0.211857
-0.381277
0.218399
-0.0555888
0.528837
-0.701003
0.0565174
0.539257
-0.233676
1.09339
0.274501
0.590139
0.0665401
-0.935472
0.320465
-0.490191
0.715863
-0.506369
0.639648
-0.236325
0.225549
-0.379303
-0.68801
-0.0440151
-0.343213
0.160215
-0.928919
-0.657246
-0.107984
-0.0667407
0.372129
-0.984525
0.288538
-0.699985
-0.666175
-0.0223113
-0.0664605
-0.564184
0.686443
-0.304787
-0.0657906
-0.30327
0.122565
-0.172002
0.27122
-0.219729
-0.407457
-0.395341
0.880067
-0.0790428
-0.68642
0.231868
-0.0723571
-0.155545
-0.0777212
0.135884
-0.0330403
-0.184914
0.402967
-0.0437494
0.392071
0.203647
-0.080574
0.446835
0.197127
0.742056
-0.443287
-0.128644
0.0677533
-0.255541
0.263267
-1.02534
-0.697031
0.459765
-0.411267
-0.667641
0.494677
0.0559547
-0.379827
0.0305806
-0.69327
0.193389
0.39421
0.749249
-0.575567
-0.489991
-0.665558
-0.120132
-0.301255
0.504157
0.318687
-0.0577346
-0.199243
-0.503299
0.729658
0.0921702
-0.104455
0.924576
0.246761
0.809157
-0.622194
-0.0471653
-0.0600477
-0.866095
-0.0468037
0.0196454
-0.0129468
-0.482507
-0.217587
0.354121
1.16039
0.501578
-0.0458453
0.936593
-0.180792
-0.275873
0.88989
-0.147202
0.131964
0.479631
0.015792
0.269296
-0.258834
0.729215
-0.0518552
0.853132
0.198566
0.354358
0.345016
0.0734641
-0.950011
0.798336
-0.157224
-0.562254
-0.647113
0.215146
-0.117824
-0.262789
0.651584
0.742336
-0.676822
-0.455626
-0.0264772
0.24075
0.426522
-0.223276
-0.884048
-0.00494388
-0.633772
0.286793
-0.466152
0.997815
0.108514
-0.47527
-0.29192
0.227213
1.10038
-0.153174
0.888716
0.516274
-0.291771
0.176941
0.696774
0.439131
-0.372318
-0.280545
0.414029
0.561539
0.0298657
-0.291929
-0.834611
0.165554
-0.680454
-0.0456454
0.874479
-0.509551
0.538819
-0.251847
0.774415
0.204209
-0.360037
-0.547086
-0.53709
0.544232
-0.929194
0.48342
0.232518
-0.462063
-0.406634
-0.880676
-0.155827
-0.43566
0.74085
0.181456
-0.427301
-0.972784
-0.0658142
0.471087
0.422871
-0.684473
-0.212491
-0.358636
0.333259
0.620789
0.352523
-0.474602
0.0602727
0.346727
0.0509067
0.506773
-0.362167
0.759488
-0.449947
-1.46637
0.453078
-0.431397
0.544006
0.483568
-0.539488
0.489671
0.312631
-0.507325
0.0932448
-0.564667
0.043113
-0.369421
-1.13183
-0.536726
-0.52132
-0.766379
-0.762001
-0.183085
0.246012
-0.189171
0.417678
0.0820772
-0.143887
-0.688251
0.196775
-0.264972
-0.953994
-0.136372
-0.636106
-0.0543495
-0.21914
0.129537
-0.198625
0.362142
0.224254
-0.848566
0.886816
1.35497
0.219494
0.338423
-0.610914
-0.36206
-0.387455
0.301803
0.655993
-0.365098
0.0855694
0.355532
0.771032
0.919132
0.139941
0.834889
-0.648687
-0.68516
-0.182312
-0.248932
-0.0486583
0.912217
-0.0333301
-0.107966
-0.175477
-1.10005
1.6993
0.498336
0.368795
0.69671
-0.187378
0.0416767
-0.122784
0.89025
-0.0288339
0.947326
0.0987491
0.0907553
0.0811941
0.249755
0.920311
-0.964898
0.492895
-0.349761
-0.542898
-0.159561
0.951513
-0.126635
1.05269
0.309977
0.91917
-0.135902
-0.753779
0.890332
-0.177379
0.187864
-0.809079
0.178259
-0.957844
-0.261757
-0.542551
-0.744517
-0.69516
0.320323
-0.482912
0.329371
-0.386815
0.0281922
0.206208
-0.518515
-0.0204895
0.253954
0.197335
0.77728
-0.0430178
0.224795
0.465338
0.261464
-0.200823
0.0439397
0.201733
0.279842
-0.556038
-0.307938
0.473566
0.298723
0.274011
-0.189114
0.182432
0.894105
0.500711
0.0303057
0.76244
0.120599
0.555381
-0.518868
0.346747
0.27862
-0.555546
0.433918
0.678159
0.438168
0.891175
-0.7228
-0.453505
0.187746
-0.0119034
0.124492
-0.742122
0.224198
0.309158
-0.327544
0.800513
-0.524167
0.545268
-1.58058
0.373892
-0.200798
0.218175
0.690662
0.118204
0.0784515
0.76231
0.986491
0.939374
0.388107
0.614629
0.107226
0.307596
0.100208
0.345349
0.710259
0.548381
0.0612688
0.176273
0.185289
-0.316528
0.237884
-1.11916
0.113648
-0.345862
0.608993
-1.29766
-0.0581303
-0.524723
-0.323107
-1.1106
0.168075
-0.296374
0.0660218
1.17496
0.682712
-0.827534
-0.440771
0.150697
-0.0531653
-0.741866
0.0126574
-1.07753
-0.250131
-0.136948
-0.230801
0.181918
0.487843
-0.495216
0.853916
-0.884817
-1.41732
-0.190902
-0.943662
-0.565623
0.48916
-0.337715
-1.02758
-0.15107
0.253778
-0.195158
0.499828
0.0292765
0.218121
0.463621
-0.231559
0.464878
-0.603836
-0.27058
-0.702324
0.223995
-0.000431524
-1.2929
-0.569585
-0.0995143
0.00862667
0.0989084
-0.491214
1.24083
0.516229
0.0581399
-0.139258
-0.472762
-0.164137
-0.684292
0.13904
-0.436956
0.188823
0.701527
-0.194342
-0.0319927
-0.66517
0.147459
-0.468704
0.177651
-0.51005
0.135505
0.0119641
-0.0604683
0.293079
0.0405353
-0.392198
-0.318257
-0.888306
0.455634
0.524377
0.126644
-0.185129
-0.232721
0.502056
0.404937
0.0215043
0.433468
1.20049
-0.447793
-0.0731419
0.00257265
0.587351
-0.77358
-0.112602
-0.403602
-0.371726
1.02099
-0.0163062
-0.087853
-0.447608
0.00305486
0.615888
-0.957632
-0.101287
-0.305438
0.375157
0.475229
-0.122262
0.0263112
0.739211
-0.52887
0.334023
0.454739
0.272121
0.0937306
-0.577587
0.0339674
0.376959
0.418435
-0.246952
0.389047
0.429136
-0.0671767
0.727738
0.233443
0.360995
0.630942
0.613785
0.200937
0.74858
0.801356
0.788134
-0.0138146
0.767167
-0.0180276
0.546694
0.757788
0.755532
0.558659
0.548297
-0.535378
0.887587
0.38998
-0.279776
0.568088
0.455417
-0.636911
-1.525
0.042272
-0.0297744
-0.515246
-0.172347
0.397495
0.0842036
0.0474863
-0.304573
-0.122152
0.718902
0.107555
-0.0389094
-0.281289
0.508033
0.394378
-0.441107
0.201354
-0.236947
1.04385
0.218504
-0.740403
-0.28719
0.895198
-0.572241
0.0245517
0.447232
-0.165415
-0.352438
-0.469823
-0.465963
-0.153386
-0.0514167
-0.384332
-0.187977
0.313461
0.0787573
-0.747859
0.301937
0.265123
-0.252247
-0.227543
0.649772
0.149983
0.752923
0.128683
-0.542783
0.378723
-0.212126
-1.43783
0.466939
-0.292287
0.183291
0.0438766
0.434293
0.387634
-0.672663
-0.226313
0.218475
0.293742
-0.655048
0.193369
-0.195725
-0.246522
0.312128
0.998122
-0.0196825
0.755587
0.498234
0.667089
-0.488052
0.33245
-0.0187393
0.55157
-0.387537
-0.896044
-0.698291
-0.271108
0.609215
-0.494015
1.16674
-0.189523
-0.362324
-0.212768
0.224429
-0.190757
0.319634
-0.186008
0.0662014
0.176193
0.0208226
0.706246
0.560388
0.143267
0.0151805
-1.44048
0.563707
0.0819937
0.440108
-1.03773
-0.56983
0.0600571
-0.601921
1.11713
-0.116164
-0.845972
-0.184624
-0.592992
-0.268921
-0.43859
1.06294
0.7729
-1.11006
-0.0495536
-0.803856
0.108844
0.0628478
0.461929
0.447108
-0.123531
-0.245152
0.279702
0.67195
-0.59612
0.182886
-0.286596
-0.35998
0.253073
-0.024574
-0.287359
-0.57082
0.449676
-0.423808
0.28444
-0.281375
-0.505248
0.276951
-0.725047
-0.894275
-0.471581
-0.515323
0.284612
-0.332221
-0.518487
1.50662
-1.0936
0.365747
1.58775
0.403579
-0.464193
0.600835
-0.0456039
-0.383845
0.568172
-0.752416
-0.890724
-0.410794
0.695816
-0.129904
0.387738
0.857725
0.257338
-0.371165
-0.137022
0.567429
0.715214
-0.375016
0.547531
-0.322878
0.863555
-0.0889747
0.052233
0.268319
0.0962499
0.303907
0.933219
0.136685
0.23019
-0.531048
0.779682
0.537699
0.581108
-1.27175
0.114295
-1.20419
0.34567
-0.534135
0.274157
-0.411121
-0.386577
0.742929
-0.376641
-0.567734
0.151782
0.401323
-0.823683
-0.255539
-0.370608
-0.633741
-0.163239
0.454786
0.429956
-0.613253
0.103846
0.067129
0.652208
0.583744
-0.326765
-0.564318
0.339334
0.626095
-0.877463
0.08201
1.09084
0.737858
0.542137
0.468688
-0.789934
-0.886069
-0.175671
0.0259252
0.0763437
0.295838
-1.02454
0.357397
1.13016
-1.19499
0.60229
0.0635655
-0.264488
0.860772
-0.88485
0.25708
0.164757
3.01496e-05
0.0897374
-0.0834966
-0.842963
0.868341
-0.0770177
1.07668
-0.0557309
-0.189614
-0.311997
-0.50199
-0.104099
-0.193545
0.0649614
-0.435853
-0.149046
0.047455
0.150376
-0.62629
-0.307339
0.204224
0.349566
0.48495
0.0572661
-0.177764
-0.648136
0.609714
-1.03989
-1.52516
-0.844079
-0.38094
-0.212491
0.100114
-0.176106
0.346472
0.0881245
0.0350619
0.354465
-0.0071285
-0.345842
0.373925
0.82282
-0.417216
-0.528226
0.291719
-0.0894688
-0.655321
0.692862
-0.209573
-0.148394
0.134895
-0.320264
0.0388681
0.391873
0.227799
-0.0433247
-0.776098
-0.827156
-0.697443
-0.0043188
-1.14789
0.493844
-0.652466
0.717367
0.313198
0.116595
0.615023
0.165493
-0.150721
-0.0642376
0.0331688
0.300091
-0.527905
0.395306
-0.222389
0.27086
-0.429036
0.764649
0.31853
0.565494
-0.300032
-0.731447
-0.00331737
0.395518
0.480886
-0.560148
-0.107127
-0.492659
0.0685644
-0.0715688
0.292053
-0.750984
-0.463473
-0.16422
-0.552958
-0.289932
0.330521
-0.691222
0.63943
0.570095
-0.475399
-0.135637
-0.318022
1.05633
0.127947
0.14976
-0.548789
-0.633656
-0.790415
-0.152556
-0.248306
-0.110356
0.721054
0.390592
-1.0089
-0.516988
0.235471
-0.243339
0.946442
-0.0334077
0.194848
0.618767
0.444637
-0.769288
-0.0953916
-0.643556
0.815066
-0.714374
-0.552897
0.0800244
-0.827674
-0.0245888
-0.339121
-0.064457
-0.378167
-0.508496
-0.32529
0.316334
-0.810823
-0.697709
0.0256518
0.505062
0.291106
-0.738949
0.209577
0.214781
0.215234
0.172031
-0.441561
-0.163969
-0.0527348
-0.996874
-0.914404
1.08025
0.165294
-0.0667938
-0.344499
0.401962
0.365073
-0.557142
0.590108
-0.823376
-0.270637
0.0545617
0.917431
0.982349
-0.184898
0.435743
0.13391
1.56714
1.02591
-0.792284
-0.697003
-0.258311
0.465012
-0.094029
-0.808138
0.0104519
0.230275
0.415042
-0.469918
0.513377
0.439695
-0.521111
0.249099
0.195399
0.160351
0.220781
-0.232472
-0.520519
-0.382361
-0.202308
0.5665
-0.0201941
-0.0462919
0.506758
0.0950801
-0.166092
0.422935
0.722967
0.366884
0.574039
-0.247957
-0.162154
-0.248333
0.381455
0.728964
-1.15078
0.105365
1.01243
-0.549978
-0.420962
-0.0390886
-0.551584
-0.0959559
0.37443
0.306274
-0.453797
-0.0749947
-0.0635944
-0.249526
0.80438
-0.925813
-0.468531
-1.00167
0.743129
-0.115044
0.711079
0.0689013
-0.56119
-0.616274
0.44106
1.29872
-0.244081
0.0875114
0.0982597
-1.94212
0.149399
0.467853
0.0941311
-0.577512
-0.612134
0.192171
-0.65186
0.0648217
0.948936
-0.412121
-0.121625
0.22131
0.935596
-0.3713
1.09451
-0.00293577
0.687344
0.0212203
-1.02687
0.629489
-0.217538
-0.419534
0.0639908
-0.00960873
-0.0554213
-0.140143
1.0326
-0.194805
-0.349187
0.579977
0.749449
0.280744
0.1872
0.0568914
0.14342
-0.230858
0.619063
0.326902
0.587272
-0.900517
-1.08436
0.519921
0.0386035
-0.181246
0.214053
-0.861916
-0.0297471
-0.503332
-0.539892
-0.700885
-0.484765
-0.898966
0.318338
1.10885
0.117945
0.47737
0.480148
-0.0804
-0.608933
-0.081496
0.161303
-0.943396
0.67932
0.393613
-0.0621346
-0.823398
0.201008
0.565429
-0.661073
-0.354324
0.434616
0.20285
0.459632
0.0329611
-1.67881
0.198365
1.16004
0.0449613
0.262071
-0.910077
-0.250357
0.351916
-0.335491
0.426383
-0.0345629
-0.20519
0.255819
-0.445625
-0.359323
-0.00980502
0.219547
-0.611843
-0.0827245
0.212064
-0.183693
0.392599
1.10556
-0.258163
-0.323509
0.502641
-0.786465
-0.503641
-0.151798
-0.117762
0.756962
0.625874
-0.113783
-0.0668052
-0.459674
-0.402112
0.994992
0.294339
0.994977
0.126136
-0.0480638
-0.0466146
0.049139
-0.446118
-0.0964448
1.03786
-0.563354
0.475428
-0.364062
0.646434
-0.0747814
0.854561
0.512495
0.276372
-0.0202967
-0.501818
1.4151
0.295785
-0.209722
0.00740018
-0.340821
0.465427
0.0507918
-0.563746
-0.540331
-0.227892
0.317072
0.245255
-0.318963
0.24615
0.598995
0.847873
-0.439296
0.205704
-0.236022
-0.210034
0.728953
0.46712
0.638354
0.0604696
-0.123751
0.269471
-0.263377
1.03986
-0.691265
0.349995
0.459395
0.407723
-0.101737
0.149723
-0.0887354
0.249225
-0.00309794
0.517235
-0.23007
0.170468
0.412313
-0.615631
0.736971
0.069317
-0.266712
-0.0173378
-0.362206
-0.0338046
0.273068
1.07702
-0.250863
-0.826342
0.312851
-0.312139
-0.371068
-0.964212
0.442201
-0.15838
0.562715
0.155697
0.703788
0.584363
0.792212
0.32322
0.275715
0.067215
-0.728353
-0.406852
0.265318
0.891201
-0.61111
0.278757
0.621593
0.420254
-1.02101
0.201705
1.10586
0.0473846
0.0488873
0.977884
-0.175341
0.0738046
0.651515
-0.344027
0.156218
0.267305
0.334494
0.671932
0.932864
-0.339229
0.674741
0.0320804
-0.147449
0.165073
0.707042
-0.368091
-0.266128
-0.442473
0.0348195
0.0488017
0.593665
0.044862
0.590953
-0.0472124
0.76984
0.0517468
0.641523
-0.591951
0.163731
-0.0326697
-0.193731
0.784866
0.470164
-0.339229
0.278903
-0.0230315
-0.368989
-0.297203
-0.726565
-0.51239
0.345579
-0.374192
-0.157417
-0.461331
-0.534288
-0.489599
0.510704
0.43677
-1.83378
0.891121
0.876538
0.667586
0.363828
-0.457559
-0.0352066
-0.10117
1.10875
-0.379566
0.776981
0.60171
-0.283152
-0.266926
-0.386062
0.0718021
-0.0186225
-0.538645
-0.132788
-0.954063
-0.413264
-0.742317
0.227274
-0.726737
-0.655171
-0.175964
-0.435045
-0.168824
-0.210054
-0.511799
0.00901949
-0.164816
-0.708725
0.876906
0.182072
-0.533338
0.131268
-0.566005
0.894181
-0.159027
-0.0104444
0.707301
-0.594058
-0.518602
-0.36482
0.131583
-0.575296
0.372984
0.21478
-0.358574
0.0854017
-0.170211
-1.0719
0.106605
0.705207
-0.395392
0.483092
1.50388
0.0242234
-0.443563
-0.701769
-0.188966
1.25888
-0.280931
-2.08568
-0.6643
-0.583851
-1.06052
0.253323
1.21507
0.464405
0.723134
-0.156576
0.779789
0.757244
-0.690004
0.275066
-0.530221
-0.204543
-0.432839
0.810715
0.450262
-0.145238
-0.431495
0.1531
0.388486
-0.214299
-1.22
-0.653059
0.657829
-0.220983
-0.551067
0.0786812
0.566349
-0.451774
-0.631302
-0.0527598
0.30333
-0.55447
0.0905493
-0.43268
-0.299022
0.184572
-0.206158
0.484991
-0.0347133
0.0539357
0.0484847
-0.144224
0.343142
0.0443697
0.40203
0.241163
-0.142893
0.236447
-0.991365
0.467012
-1.17851
0.55306
0.225886
0.0387329
-0.691792
-0.0939655
-0.396897
-0.738293
1.42197
1.0195
-0.195188
0.393172
0.23047
-0.441153
-0.209704
-0.0526665
-0.73026
0.513854
0.137623
0.352423
0.661513
0.0589254
-0.396025
-0.116499
-0.0138384
0.991104
0.420877
-0.127723
1.22287
0.414039
-0.226713
-0.0601759
1.11267
-0.086981
0.535689
-0.556225
0.337074
0.0717972
0.593434
0.606724
-0.449797
-0.064048
0.0663137
0.293824
-0.896178
-0.339242
-0.0944053
0.121601
-0.117395
-0.0876558
0.294955
0.21294
-0.323255
-0.560656
-0.348864
0.447287
0.0293918
0.529587
-0.0641544
0.253294
-1.16044
-0.643631
-0.955901
0.158345
0.244294
-0.418742
-0.107948
-0.296299
0.659358
-0.160622
-0.762821
-0.349978
-0.0345317
-0.0427418
-0.627838
0.331576
-0.540225
-0.234749
0.496291
0.542061
-0.40088
0.183389
0.531408
0.249611
0.705967
-0.568644
0.488818
0.439052
0.369907
-0.405402
-0.564963
0.385127
-0.641277
-0.101655
0.189162
0.0673673
-0.180498
-0.549652
-0.0938003
-0.176861
0.448951
0.188692
-0.0938898
-0.387705
0.0862954
0.0755286
0.0134051
-0.198681
-0.671602
0.242845
0.662057
0.389706
0.297894
-0.413312
-0.445781
-0.599464
-0.261359
-0.539855
0.234398
-0.131448
0.378091
0.335801
-0.466908
-0.0576882
-0.245271
-1.18856
-0.564373
0.56744
0.131909
0.0114583
0.672902
0.364963
0.678482
0.282724
0.261286
0.526612
0.375566
0.379552
0.266144
-1.12886
-0.121432
0.34871
-0.017932
-0.228067
-0.84925
-0.23257
0.962908
-0.140809
0.315796
-0.00902452
-0.707508
0.556076
-0.258139
-0.763924
-0.278209
0.241506
-0.153739
-0.73452
-1.11105
0.128032
0.235359
-0.253705
-0.0569465
-0.530172
-0.438814
1.00029
-0.734237
0.72962
0.191723
0.25401
-0.328061
-0.0186499
-0.411106
-0.410517
-0.531204
-0.32584
1.52337
0.60296
0.0412793
-0.115
0.254851
0.107861
0.0659391
-0.134473
0.468765
0.426514
0.193269
0.202792
0.290446
-0.699533
-0.0768974
-0.629952
0.291096
0.116563
-0.214204
-1.25024
-0.431952
0.0499758
0.00768999
0.240001
0.637476
0.0264641
1.13664
1.15291
0.763123
-0.481403
-0.399508
-0.901565
0.147615
-0.137146
-0.453074
0.798168
-0.949367
0.378067
0.475657
-0.556263
-0.349831
0.321449
0.797746
-0.00646435
-0.194338
0.857822
0.0589136
0.665038
0.521622
-1.36274
-0.593162
-0.85301
-0.398176
-0.139001
0.230097
1.14244
0.851379
0.34548
0.240728
0.233116
-0.0237859
0.574727
-0.527323
-0.361148
0.256291
0.795205
0.374812
0.0205076
-0.674094
-0.330919
-0.520334
0.102491
-0.294979
-0.415066
0.515988
0.158951
-0.198162
0.373027
0.383306
0.423238
0.370491
0.0551388
0.564905
0.494053
0.793564
-0.10805
0.318432
0.331809
-0.717703
0.249605
0.642901
-0.0187709
-0.616778
-0.295351
0.160177
-0.48238
0.0204171
-0.437862
-0.0688625
-0.0826555
-0.242615
0.274875
-0.17774
-0.354828
0.696773
0.574097
0.627909
0.000264154
-0.880697
0.449407
-0.155814
0.907431
-0.443411
-0.622537
-0.254372
-1.26412
-0.241549
-0.122023
0.11486
0.148145
-0.376563
0.0541507
0.261755
-0.725694
-0.510012
-0.634234
0.689851
-0.342621
0.404446
0.155765
-0.789713
0.31628
0.715723
0.51976
0.304217
0.280262
-0.303163
0.384994
-0.204983
0.297868
-0.0126483
0.693888
-0.143783
0.528721
-0.21472
-0.672025
0.523715
1.04618
-0.019119
-0.373848
-0.146573
-0.990992
0.492877
0.482554
0.566097
-0.191008
-0.574458
0.990172
-0.890184
0.516043
0.0368074
0.263733
0.362344
-0.0672857
-0.845785
-0.183789
-0.010871
0.029535
0.196222
-0.22444
0.461583
0.389248
-0.267919
-0.994627
-0.0433297
0.582519
-0.0710179
-0.303798
-0.144083
0.363948
0.0552261
-0.426351
0.113407
0.254531
0.499604
-0.104557
-0.0809995
-0.0406839
0.118639
0.00509476
0.0152033
-0.173567
-0.854967
0.419775
-0.15894
-0.711901
-0.329394
-0.235622
0.598825
-0.676456
-0.637974
0.340984
0.54922
0.166236
-0.353432
0.553269
-0.537272
0.246093
-0.0377935
0.107632
0.230458
-0.128636
-0.138852
0.233784
-0.327076
0.454055
-1.41434
0.138102
0.786777
0.778907
-0.0504187
-0.540242
-0.224804
-0.336299
-0.0858479
0.517416
-0.138827
0.409935
-0.952298
0.288367
-0.882123
1.06642
-0.886907
-1.00913
0.666339
0.0230156
-0.625003
0.000550121
0.896597
-0.625663
0.462033
-0.264381
0.0974575
0.665537
0.929084
0.280751
0.135373
0.137224
0.28925
0.0665563
-0.800286
0.330934
-0.448025
-0.129853
-0.588525
0.37482
1.24351
-0.966621
0.299161
0.119112
0.0223648
0.368983
0.260164
-0.109135
-0.386731
0.534927
0.137299
-0.370833
-0.565491
0.564448
1.16255
-0.669635
-0.63782
-0.73029
-0.333953
-0.52548
0.124342
0.947521
-0.471267
-0.686568
0.648637
-0.22153
0.548493
0.574918
-0.0360458
-0.399353
0.43751
-0.530243
-0.0566799
0.359511
0.179179
0.232832
0.75032
-0.286144
0.366594
0.433501
0.12053
-0.0032096
0.267477
-0.202409
0.196517
-1.02448
-0.109967
-0.726849
-0.714505
-0.47069
-0.110398
-0.241255
-0.297091
0.644776
-0.416388
0.687411
0.159408
0.685468
-0.200319
-0.0396698
-0.369039
0.366005
0.120961
0.466846
0.804678
0.0927718
0.693093
-0.416578
-0.936528
-0.698974
0.0061089
-0.43114
0.155
-0.41659
-0.248535
0.825651
-0.775976
0.110288
-0.611136
-0.428686
0.00502153
0.516922
0.568446
-0.0146706
0.433367
0.370498
0.494188
0.147186
-1.05427
-0.021766
0.537696
0.341327
-0.207369
0.126614
-0.29119
0.426127
-0.647123
-1.0448
-0.286092
0.718494
1.21199
0.180101
0.0769476
0.273667
-0.298601
0.00512893
0.195478
-0.751317
0.454816
0.438454
-0.238533
0.478969
0.514331
0.186624
0.455299
-0.513283
0.0603141
-0.242843
0.814806
-1.14956
1.19572
0.366921
-0.456068
-0.149616
0.061267
0.140872
-0.400921
-0.882446
0.311751
-0.546903
0.538164
0.434699
-0.814848
-0.452494
-0.33538
-0.269484
-0.228023
-0.216939
-0.377492
0.059105
0.53362
-0.577963
0.0281278
-0.287435
0.0372099
-1.13271
0.24549
0.669919
0.257418
-0.740662
-0.465883
-0.160323
-0.16119
0.00842495
1.19761
0.709684
-0.412566
-0.148705
1.11454
-0.621457
0.168287
0.0328959
-0.83063
-0.193232
-0.609298
-0.219084
-0.398073
-0.637628
-0.0128847
0.346625
1.32468
-0.216885
0.082234
-0.753616
-0.504747
0.0116482
-0.0544318
-0.184851
-0.36082
0.303683
-0.229408
0.476101
0.586306
0.364467
0.321188
0.420977
0.393117
0.602315
0.0335664
-0.402768
-0.374168
-0.261798
0.41157
0.171325
0.0415257
-0.426921
0.292913
-0.0514182
0.680128
-0.863954
-0.109332
0.346797
-0.619558
-0.267578
-0.754259
0.259886
-0.013994
0.243423
0.063577
0.249545
1.07171
-0.191101
-0.0394654
0.0573602
-0.0304146
0.154533
-0.684743
-0.0529253
-0.26677
0.144159
-0.296268
0.208013
0.560207
-0.11803
0.180106
-0.158142
-0.0865313
-0.180501
-0.0476768
-0.741871
-0.605322
-1.30096
-0.124727
-0.212806
-0.758027
-0.753744
-0.99639
0.19793
-0.363568
-0.366177
0.440518
-1.10034
0.475531
-0.568532
-0.206633
0.177096
-0.301342
-0.00967217
-0.375311
0.248256
-0.309085
1.05758
0.607892
1.07155
-0.175856
0.361257
-0.183522
-0.302147
0.404311
-0.159283
0.411612
-0.338169
-0.307463
-0.392547
0.377012
-1.07561
1.23555
0.0266887
0.231098
0.683575
0.388005
0.690671
-0.473149
0.398732
0.256716
0.698479
-0.0459183
1.12929
0.836414
-0.0596455
0.754682
-0.374836
-0.553756
0.0421574
-0.371907
0.271182
-0.0592736
-1.31022
-0.161779
-0.359664
0.166329
-1.10865
-0.0659355
0.360582
-0.380339
0.710535
-0.709996
-0.10577
0.366467
-0.552742
-0.17401
-0.24331
0.102153
0.0612142
-0.204416
-0.284784
-0.68796
0.479296
0.869431
-0.259734
1.5252
0.0101488
0.881841
0.0429723
-0.428332
-0.763443
0.948774
-0.918351
0.106946
-0.218833
0.138721
0.13508
0.500483
-0.390196
0.665254
-1.3257
0.27143
1.08791
0.120447
0.250388
0.180962
-0.423955
0.549604
0.664812
-0.310928
0.264025
-0.0614402
-0.582667
0.796254
0.214803
-0.138942
0.890453
0.446347
-0.511191
0.201517
0.469039
0.329051
0.89024
-0.31668
0.0153779
0.314682
0.252761
-0.0290375
0.196214
0.784624
0.782155
0.681516
0.0412153
-0.439886
-0.222773
0.0152345
0.283464
-0.115039
0.483671
-0.357484
-0.432665
0.124431
0.49164
-0.410951
-0.018275
-0.728106
0.117826
0.403648
0.0246302
-0.0540456
-0.527054
-0.0588423
-0.222968
0.118017
0.0221889
0.130696
-0.263525
-0.107861
-0.681992
-0.153011
-0.95706
-0.382223
-1.1136
0.942133
0.0423754
-0.125734
-0.620508
0.849447
-0.13533
0.805197
0.199381
0.79215
-0.0140891
0.287602
-0.511944
-0.260148
0.187197
1.2492
-0.347832
0.251388
-0.455755
-0.0323478
-0.279905
0.392046
0.222913
0.0329216
0.700285
0.291469
-0.289691
-0.0240789
0.762865
0.712525
0.441231
-0.177496
-0.344736
-0.50938
0.429056
-0.967001
1.17861
0.330538
0.225053
0.176735
-0.166931
0.326118
-0.174855
0.14268
0.119829
0.0827408
-0.0626505
0.639465
0.840609
1.09276
0.711003
0.0762136
-0.558456
0.294462
0.285301
-0.693039
0.0494019
0.694579
0.356782
0.234783
0.237799
0.937476
-0.162899
-0.0723836
0.421847
0.502318
0.657995
-0.59672
-0.301466
0.205218
0.199296
0.423327
-0.0253663
0.0551591
-0.0138814
-0.160012
-0.272535
0.271587
0.0417528
0.000858199
-0.930358
0.34099
-0.0913143
0.411677
0.0833798
0.136446
0.169796
-0.208541
-0.241873
0.600115
0.294838
0.715555
-0.341303
0.343485
-0.415255
-0.00579493
0.690024
0.226578
1.24988
-0.680008
0.24537
0.0413039
-0.726646
0.717387
-0.201038
-0.003714
-0.349509
0.624186
0.384079
-0.203984
0.0906015
-1.55484
0.0702256
-0.0952843
-0.109195
-0.367684
-0.545375
-0.248717
0.521747
-0.0145829
0.234116
-0.953057
-0.203372
-0.549861
-0.30027
0.0956686
0.539171
0.38561
0.320915
0.0861017
-0.30265
0.795801
-1.20596
0.154431
-0.260095
-0.0669003
0.20922
-0.959273
-0.138464
-0.256833
1.31668
-0.480281
0.712407
1.01009
0.544132
0.30322
-0.90204
-0.660324
0.190443
0.465162
-0.101962
-0.299845
0.315434
0.225442
-0.38437
0.334731
-0.268807
0.356211
-0.29138
-0.610622
-0.031763
0.274119
0.860646
-1.01315
-0.446205
0.689006
-0.335976
-1.18916
0.450924
0.748897
-0.645015
-0.549082
-0.540345
-0.483225
0.152923
0.390992
-0.768386
0.911476
-1.30056
-1.00105
0.33623
0.30229
-0.0278022
-0.128583
0.378754
0.978781
0.220897
1.17457
1.29606
0.215104
0.606926
0.613574
0.288339
0.108181
0.691513
0.73753
-0.284365
-0.00308871
-0.234531
0.691285
0.339171
0.180933
-0.40236
0.721888
0.397158
-0.60653
0.420023
0.503863
0.245205
0.58947
0.479486
-0.214148
0.282857
0.178355
0.0683048
0.705526
-0.347536
0.205601
0.361096
-0.069224
-0.05573
-0.702667
-1.40343
0.703872
-0.586279
0.0163503
-0.511193
-0.0947209
0.0668331
-0.0817838
-0.00706861
0.142056
0.0529941
0.182897
0.710515
0.243222
-0.40917
0.343849
0.0848614
0.0773417
0.493596
-0.522996
0.940551
-0.513481
1.2543
-0.706462
-1.31264
-0.462465
-0.430603
0.183931
0.867657
-0.186906
-0.0513446
0.540275
-0.0628689
0.239778
0.398769
-0.349321
-0.962653
0.982428
-0.354991
-0.173744
0.689958
-0.35375
0.910723
0.483411
0.418396
-0.324909
0.0489562
0.446311
-0.0745313
0.650966
0.483242
0.11193
0.552553
0.479952
-0.650585
-0.741393
1.10567
-0.282259
0.316728
0.575491
-0.0220881
-0.604473
1.04994
-0.415762
0.91362
-0.640572
-0.100036
-0.510959
-1.36522
0.181293
1.01566
-1.26791
-0.0279384
-0.866845
0.393041
0.109396
-0.429669
0.712579
-0.594655
-0.436879
0.142337
0.211977
-0.568746
1.01073
0.729678
0.202011
0.336648
0.0203182
-0.240546
0.189483
-0.470245
0.576313
-1.18017
0.48188
0.468949
0.0411779
0.403652
-0.24189
0.344415
0.89038
0.0678871
-0.314162
-0.0214196
1.07002
-0.847347
0.542819
0.330537
0.372363
0.865564
0.30194
0.102325
0.404368
0.616615
-0.209735
0.0255884
0.0997412
-0.754963
-0.21135
0.911214
0.036256
0.479438
0.575981
0.400556
-0.697415
-0.231071
-0.263237
0.378792
0.813421
-0.610927
-0.118611
0.444916
0.470967
1.02874
-0.923306
-0.0294604
-0.516024
0.257738
0.580973
1.61882
-1.25348
-0.350995
0.131018
-0.584008
0.000437018
0.344127
-0.183958
0.029146
0.16159
-0.272764
-0.305411
-0.197442
-0.0408142
-0.6956
0.136647
-0.306032
0.716542
0.0788178
0.286446
-0.00844716
-0.190698
-0.863311
-0.414726
0.0282723
0.550756
0.524024
0.177357
-0.0936365
-0.326682
-0.426776
0.151752
0.305988
0.182555
0.128779
-0.062268
-0.506806
0.13657
-0.176112
-0.723164
0.0136067
0.37761
1.05467
0.326021
0.194095
-0.126042
-0.0956871
-0.0686963
-0.434874
-0.238911
-0.293304
-0.0388083
-0.714293
0.523127
-0.701173
-0.0846946
-0.0144658
1.67347
0.793982
0.613369
0.479808
0.884015
0.573581
0.726808
1.14812
1.24694
0.409347
0.260018
-0.560297
0.465322
-0.318599
-0.246079
-0.105947
-0.502902
-0.250504
0.451195
0.347084
-0.354624
-0.808148
-0.236076
0.464364
-0.895111
-0.881028
0.978455
0.738467
-0.118631
0.33713
-0.920278
-0.169382
0.533213
0.0787039
-0.175389
-0.205844
0.366214
0.135913
-0.314467
-0.103876
-0.989968
0.380426
-0.720195
-0.387632
-0.0395768
-0.0259386
-0.408531
0.248402
-0.164984
0.0264715
0.431709
-0.727221
0.507529
0.069391
0.390487
0.0346893
0.369921
0.596801
-0.329462
-0.731152
0.221649
-0.57149
-0.19702
0.465071
0.0310193
0.224447
0.0751558
-0.439328
0.550107
0.345829
-0.564602
-0.724424
-0.169846
-0.974074
-0.911984
-0.127218
1.23578
0.754121
0.153018
-0.0737108
0.607779
-0.068166
0.417954
0.128149
-0.678871
-1.02903
-0.260973
0.103236
-0.103504
0.361328
0.202805
-0.321988
0.350339
0.067972
-1.08272
0.271039
-0.0365158
0.382945
0.0975567
0.407229
-1.06749
-0.138701
-0.184391
0.739252
1.1063
-0.283645
0.446092
0.585622
-1.05736
0.254121
0.729342
-1.16018
0.0197454
0.757919
-0.154811
0.135239
-0.755978
1.01998
-0.167624
-0.647719
0.550888
0.521229
-0.173336
-0.38861
0.00934617
0.964335
0.168986
-0.653593
0.463077
-0.0030129
-0.582606
0.0954644
-0.790965
0.831632
-0.159561
-0.137126
-0.12459
0.453692
0.117922
0.325662
-0.0513545
0.801639
-0.288829
1.15831
-0.243493
-1.60531
-0.0466927
-0.0372618
-0.0143769
-0.321231
0.961274
0.528738
-0.135634
-0.131693
0.645915
-0.190434
0.160982
0.525419
-0.247083
0.193421
-0.141365
0.294352
-0.0889109
0.392254
0.424156
-0.070461
0.108019
0.719683
0.784283
-0.398069
-0.582016
0.194652
0.265473
-0.0526722
-0.0736714
0.368532
0.283944
-0.419015
-0.441827
0.1106
0.0473975
-0.149459
0.534771
-0.560938
-0.861358
0.56616
0.967397
-0.08082
-0.847478
-0.286288
-0.423156
-0.924084
-0.772145
0.678066
-1.01518
-0.127883
0.0413322
0.420411
0.817936
-0.0969337
-0.285216
-0.853089
0.357903
0.0408101
-0.21979
0.459543
0.692914
-0.229813
0.532727
-0.0129316
-0.499606
0.202904
-0.393717
0.350463
0.22902
0.264436
-0.878874
0.829765
0.631173
-0.864269
0.26214
-0.307292
-0.213847
-0.856404
-0.0295745
0.370923
0.0632024
0.546254
0.265176
0.925384
-0.0712168
-0.768634
0.273991
-1.05007
-0.382039
-0.327666
0.346569
0.78298
0.323253
0.445171
-0.0662696
0.410589
0.021533
-0.66286
-0.129238
0.523335
0.345889
0.0461141
-0.39087
0.572583
-0.0714328
0.507737
0.0295438
-0.0225832
0.19027
0.115782
0.0153371
0.391123
-0.705436
0.12845
-0.468174
0.0661817
1.02213
-0.00362608
-0.796041
0.165336
0.0286408
0.420966
-0.292806
-0.107357
-0.155636
0.00252195
-0.160233
0.217328
0.17315
-0.0375661
-0.575108
0.72096
-0.2001
0.243408
0.420704
-0.510883
0.420095
0.650041
0.619512
0.506123
0.329673
-0.667315
0.671043
0.0865087
-0.774162
0.312001
-0.222473
0.551695
0.0247213
-0.460748
-0.207278
0.0987278
-0.345629
-0.143429
-0.547555
-0.0891486
0.692886
-0.508298
-0.0801766
0.266986
0.186234
0.17452
0.799442
0.308665
0.258156
0.249139
0.662908
0.96043
0.523938
-0.318452
-0.224465
-0.519506
0.165963
0.282801
0.127171
-1.0715
0.341437
0.189712
0.150286
0.449665
-0.538179
0.651042
0.0155805
0.512859
-0.39096
0.231339
-1.17808
-0.12503
-0.114377
0.586984
-0.0302539
0.137345
0.560053
0.661754
0.051278
-0.0703059
0.115372
0.323692
-0.576253
-0.341083
0.612573
0.833633
0.0890664
0.338404
0.182262
-0.345988
0.867695
-0.616848
-0.7208
-0.111948
-0.00592211
-0.129885
-0.278642
0.0569449
0.07704
-0.674584
0.435268
-0.97554
0.098131
-1.0688
-0.127379
0.805258
-0.653935
-0.965427
-0.255479
-0.155812
-0.108612
-0.239173
0.00918929
0.5741
-0.2328
-0.0289283
-0.032913
-0.173038
-0.634805
0.288956
-0.397193
0.586357
-1.24686
-0.837174
0.411576
0.380413
1.11746
0.462259
-0.624514
0.524613
0.284209
0.718406
-0.567934
-0.92293
-0.258572
0.616127
-0.365361
0.530939
-0.783171
-0.185052
0.172962
-0.309522
-0.413914
-0.0119122
0.190049
-0.195182
0.0872126
0.923835
0.0153391
0.509578
-0.134815
-0.0724452
-0.585122
-0.542133
0.213334
-0.271432
-0.184723
-0.55206
-0.306798
-0.0332891
-0.442168
0.544913
0.64808
-0.0118234
-0.441961
-0.165548
0.577434
-0.0390026
0.376497
0.16921
0.729198
-0.245358
1.15292
-0.32985
0.275362
0.462905
0.421931
-0.803595
-0.636791
1.19881
0.211774
0.400982
-0.196298
-0.137359
1.0699
-1.24925
0.0705409
0.22132
-0.681026
-0.605836
0.389866
-0.409914
0.0980867
0.281313
0.79416
0.0123637
-0.423378
0.774353
0.584748
-0.201236
-0.521317
0.37706
-0.0362357
-0.119028
0.663906
0.258466
-0.0621051
0.158301
0.0527822
-0.750177
-0.225743
-0.0507589
0.459107
-0.0254609
0.878485
0.240437
0.0739452
-1.61229
-1.07228
-0.267842
0.0919383
0.0768313
-0.249056
-0.491254
0.472984
-0.518559
-0.317087
-0.381899
-0.543817
0.947984
0.837705
0.547594
-1.06704
-0.493464
0.574986
-0.469375
0.859097
0.253506
0.406206
-0.239034
0.10399
0.267522
0.236839
0.513958
-0.794516
0.401377
0.359549
-0.194149
-0.0366781
0.0468589
-0.638047
0.318338
-0.0130806
-0.566085
0.205739
0.216553
0.178839
-0.630225
0.0715618
0.848403
1.0325
0.258881
0.604943
1.26825
0.149275
0.687839
-0.396615
-0.887861
-1.00001
0.00877835
0.143399
-0.885754
-0.702431
0.702698
-0.971228
0.186516
0.900808
0.678581
0.842057
0.770749
0.199922
-0.768652
-0.23344
-0.227521
-0.586171
0.328114
0.438099
0.343658
0.237644
0.404075
-0.29936
0.383835
0.783292
-0.00938688
-0.829545
-0.176567
-0.2293
-0.503667
0.513865
-1.15318
0.198447
0.124796
0.599568
0.294667
-0.89579
-0.687804
-0.131739
0.256469
-0.0670273
0.102834
0.794535
0.0335332
0.195776
-0.219878
0.933574
2.09344
0.468321
-0.2182
-0.300628
0.780654
0.392111
-0.0500009
-0.374089
0.496655
-0.670546
-0.0453473
-0.786873
-0.00464824
0.5625
-0.0926425
-0.200744
-0.563782
-0.201334
-0.325751
0.634528
0.498319
-1.27133
0.498439
1.20839
0.624536
-0.180511
0.445029
-0.200588
0.737519
0.27488
-0.859601
0.140389
-0.810395
0.244105
0.0726157
0.418618
0.105768
0.30736
0.0327883
0.0413523
-0.765243
-0.0167762
0.00232741
0.000864005
0.769281
-1.00903
0.403111
0.169923
0.75345
-0.158868
-1.53682
-0.0826722
-0.0815059
0.272957
0.18379
0.162921
-0.49057
-0.345478
-0.469322
-0.487905
0.148853
-0.148816
-0.414281
-0.33962
-0.419963
-0.0349116
-0.0704903
0.399669
-0.356925
-0.633942
0.515283
0.206608
-0.594984
0.270006
-0.542347
-0.49074
0.00325601
0.710154
-0.397407
-0.226302
0.201341
-0.362202
0.399166
0.139842
-0.774874
-0.300254
0.209127
-0.251427
-0.415321
-0.137809
-0.902878
0.311599
-0.995994
-0.306035
-0.829763
0.330026
0.0177673
0.106128
1.21081
0.527501
0.134515
-0.437232
0.0977256
0.388681
0.211649
0.0368314
-0.113713
-0.406678
-0.28014
1.18453
0.49827
-0.543201
0.0978341
-0.58693
0.447221
0.478425
0.460868
-0.236176
0.345958
-0.830048
0.285759
0.202931
0.257209
0.332723
-0.169662
-0.471933
-0.174811
0.161862
-0.799874
0.218442
-1.19401
-0.903952
0.221949
0.0976329
-0.420977
0.14986
-0.495685
-0.612598
0.080898
-0.699532
0.398094
0.844422
-0.387774
0.50264
0.647364
0.0426676
0.0623238
-0.843831
0.618107
-0.611158
0.621146
0.29108
0.153253
-0.512175
0.493463
0.725676
-1.10286
0.602618
0.10427
-0.592976
-0.870842
0.272704
0.168476
0.304767
0.207758
-0.0667291
-0.141929
-0.0300465
-0.950179
0.082375
0.431883
-0.0815774
-0.748931
0.539328
-0.692077
-0.224101
0.395962
-0.208097
0.614283
1.18773
0.843639
-0.558863
-0.172814
-1.20634
-0.57263
-0.0229671
-0.010283
0.234763
-0.0322006
0.0523575
-0.0891869
0.574219
-0.570459
-0.920184
-0.906613
0.351696
0.633599
-0.616073
0.304738
-0.212913
0.41729
0.208547
0.250925
0.606087
0.383503
-0.675308
0.33982
0.196701
-0.180225
-0.00836696
-0.0891513
-0.255677
-1.35298
0.206165
0.396485
0.115857
0.597103
0.356323
-0.419578
-0.237605
0.942996
0.299747
-0.416343
0.0298604
0.0223495
-0.805164
-0.249847
-0.177832
-0.096756
-0.276338
-0.11409
0.142456
-0.321004
0.456284
-0.743234
0.481708
-0.721536
0.0403068
-0.191724
0.279399
0.200835
0.53469
-0.0462808
0.354375
0.131651
-0.604764
-0.320465
0.338678
-0.300953
-0.719915
-0.767517
-0.63638
-1.27969
0.14128
0.680292
0.379332
0.200005
-0.642561
-0.624551
-0.722877
-0.0574398
0.185167
-0.0105198
-0.672928
0.173128
-0.211163
-0.775619
0.246236
-0.257201
-0.788883
-0.735335
0.0272094
-0.432686
-1.03257
-0.349257
-0.000244392
-0.0121985
-0.208106
0.789603
0.452297
-0.130062
-0.0376606
0.205461
0.0960424
0.903446
0.228203
0.451866
0.550661
-0.632713
0.416063
-0.83416
1.12599
0.680919
0.552236
0.382573
0.358256
0.931688
1.27725
-0.180723
0.038404
-0.961217
-1.06995
0.0921526
-0.250557
-0.0233735
-0.171554
0.261077
0.356934
0.361655
-0.0257883
0.592487
0.527823
0.174719
0.29363
-0.0507081
-0.394152
-0.487264
0.544935
-0.143956
-0.00706478
-0.926806
-0.0234964
-0.069143
0.00817178
-0.365012
-0.557266
0.127201
-0.127036
-0.0602094
-1.5122
-0.326291
0.406136
0.578171
-0.215007
0.454781
0.391956
0.337844
-0.440227
-0.758971
0.514152
-0.534121
0.411711
0.0180133
0.271524
0.17476
-0.341315
0.628961
0.456116
0.136312
-0.525199
-1.24491
0.636332
0.921607
-1.39562
1.10509
0.703662
0.690545
0.123732
-0.179141
-1.24377
-0.307228
0.0395207
0.155417
-0.305701
-0.826623
-0.158122
0.403275
1.0137
0.0515026
-0.764776
0.0190251
0.602614
-0.393037
-0.0502173
0.402895
-0.222742
0.885492
-0.39141
0.268714
0.21393
0.368749
-0.301064
0.287488
-1.06935
-0.249117
-0.0350783
-0.156892
0.176125
-0.33578
0.407629
0.044987
-0.553352
0.086863
0.270134
0.166292
-0.439319
0.33556
0.606937
0.108878
-0.340148
0.0696728
0.0502922
0.0686213
-0.793183
-0.101331
0.18484
-0.229553
-0.893006
-0.222805
0.42256
0.041252
0.20201
0.361415
-0.191281
-0.225083
-0.386661
-0.0564885
0.27858
0.344869
-0.947082
-1.26352
0.436578
-0.748024
-0.248
1.18298
-0.163835
-0.0330922
0.0654396
-0.0737528
-0.549795
0.0279193
0.825289
-0.268947
0.00437391
0.209223
-0.0603956
-0.234979
-0.307925
0.438403
-0.0641933
0.423061
0.149172
0.458922
-0.0191387
-0.0997639
1.28064
-0.392239
-0.678486
0.441859
0.86513
0.52261
0.464243
0.250928
-1.20387
-0.548927
0.211004
0.00339357
0.237227
-0.305387
-0.155658
-0.0593775
0.388513
-1.46248
-0.23344
1.40879
-0.351723
-0.519744
-0.315247
0.448122
-0.0655856
-0.0950461
0.666969
-0.307505
-0.815948
0.589407
0.54083
0.692876
0.189448
-0.272072
-0.0827368
0.98668
0.690162
-0.104411
0.204152
0.414266
0.523075
-0.166459
0.112802
0.090734
-0.53508
0.117659
1.61831
-0.131953
0.24855
0.70279
1.0765
0.0202079
0.0851214
0.108956
0.129722
0.207166
-0.0256107
-0.0934064
-0.386638
0.137622
-0.671968
0.393279
-0.718118
0.0520035
0.0437069
0.582695
0.362541
-0.471807
-0.506041
0.439789
0.389209
0.351022
0.0552671
-0.312475
-1.05961
0.784379
-0.21612
0.669514
-1.13807
-0.134859
0.763866
-0.65471
-0.0571863
0.592863
0.143452
-0.99024
-0.723641
-0.114092
-0.0663648
0.164681
0.486522
-0.894808
1.63637
0.509756
-0.830762
-0.0100736
0.722575
-1.41354
-0.1107
0.0644695
0.273264
-0.915794
-0.522157
0.58116
0.661984
0.00682789
-0.449125
0.455265
-0.731541
-0.0967069
-1.24233
0.435722
0.75797
0.123699
-0.0492305
0.763537
0.630801
0.285459
-0.0243592
-0.554492
-0.856208
-0.0213215
-0.783489
0.119599
0.0261099
-0.534875
0.343579
0.425644
0.511023
-0.451993
0.131004
0.230144
0.534059
-0.31207
-0.955911
-0.350235
-0.168125
0.129163
-0.457258
0.117152
-0.176618
-0.264513
0.259448
1.36996
-0.17129
-1.13646
0.396743
0.699986
0.312186
-0.232172
-0.418587
-0.560951
0.418699
-0.282118
-0.450716
-0.0132881
-0.45905
-0.675722
-0.415101
-1.26856
0.436239
-0.0506458
0.11706
0.330364
-0.503607
0.249066
-0.0490417
0.233711
0.257865
-0.0922513
-0.144464
0.521682
0.714177
-0.822568
0.235313
-0.222442
-0.868937
-0.063928
0.774078
-0.129695
0.493239
-0.0713063
-0.0829998
1.0401
0.217065
-0.733402
0.541378
-0.130952
-0.179686
-0.00921257
0.33098
0.0559001
-0.735422
0.0903078
0.921305
-0.0549198
-0.330016
0.146447
1.98501
-0.344599
-0.536907
-0.0781043
0.368992
0.204196
-0.562728
-0.756989
-0.721354
-0.398201
0.109876
0.24505
0.229981
-0.343248
-0.308237
0.381243
-0.0195547
0.334485
1.01039
0.156712
-0.468499
0.822236
0.753567
-0.425684
-0.232271
-0.317422
0.702557
-0.200617
1.15456
-0.17007
-0.669001
-0.278074
-0.132669
0.294737
1.12711
0.0869093
0.805589
0.259922
0.565193
-0.229885
-0.463482
0.150507
-0.000665885
0.400999
-0.458316
-0.738585
0.24953
-0.0555747
-0.61494
-0.516429
0.394795
0.24984
0.0399085
0.781313
-0.447786
-1.03163
0.0950447
-0.454534
-0.4931
-0.0406267
0.0642612
0.198336
0.0846041
-1.01384
0.425039
0.430625
-0.390144
-0.468942
0.0295827
0.964514
0.644827
-0.133389
0.560678
-0.0165493
-0.421054
0.0331024
0.706763
1.23154
-0.0993338
-0.546779
-0.903968
0.0855343
-0.729584
0.587987
0.0182973
-0.537451
-0.472015
-1.0991
-0.478962
-0.573715
-0.364195
-0.0193393
0.451421
-0.0331669
0.164551
0.183217
0.697567
-0.0643979
-0.237847
-0.389322
-0.346893
0.0368123
0.113801
0.15021
-0.233312
0.313098
-0.121839
0.0671516
0.454986
0.329575
-0.672884
-0.674729
0.85201
-0.381983
0.744842
-0.674752
0.018706
0.275485
0.425121
0.495617
-0.122782
-0.0633523
-0.336603
-0.837897
-0.562852
1.34958
0.685287
0.498646
-0.90463
0.0514282
0.169522
0.0614512
0.625192
-1.28349
0.348902
0.335355
0.507585
0.00720124
0.240467
0.56304
0.342474
-0.425225
-0.157225
0.340921
0.957365
-0.395578
0.601722
0.126938
0.587926
0.996604
-0.101967
-1.10318
-0.452182
0.265088
-0.831996
0.435206
-0.345834
-0.215164
0.468904
-0.243621
-0.383042
0.771323
0.126796
0.760996
0.0768038
0.887022
0.447911
-0.132433
-0.012702
-0.0113525
-1.24623
-0.750381
-0.619612
0.572484
0.482436
0.12643
0.0764612
-0.334536
0.229753
0.0777565
0.906908
0.358399
-0.298929
0.188191
0.0896691
0.417145
-0.179079
0.356367
-0.251713
-0.942611
0.389548
0.986554
-0.470637
0.994426
0.948111
0.0747054
1.22769
-0.373155
-0.843461
0.288194
-0.0747736
0.347666
-0.223756
0.339031
-0.168889
-0.266513
0.0074964
-1.36448
-0.673517
-0.653469
0.550264
-0.0868524
-0.0431081
-0.0857273
0.612147
-0.439671
0.266541
-0.183318
0.132166
0.424777
0.424063
0.187066
-0.522611
0.221811
-0.153105
0.441755
0.565655
-0.117343
-0.0127198
0.0509849
0.641851
0.356322
0.716736
-0.624185
-0.595154
-0.386414
1.03562
-0.863491
-1.75409
-0.0844984
-0.552214
-0.337674
-0.272502
-1.07278
-0.391534
-0.327549
-0.0466263
0.270665
0.105164
1.23068
-0.367621
0.113507
0.780538
-0.0383263
0.0173945
0.693917
-0.619504
0.478261
0.0322132
-0.257302
-0.235541
-0.438928
-0.462698
0.105472
0.846895
0.456524
-0.638543
-0.622455
0.491353
-0.423085
0.623748
-1.07309
-0.717157
-0.0232165
-0.11569
-0.586402
0.137553
-0.163414
-0.366647
-0.371294
0.0521044
1.17585
-0.773545
-0.042594
1.12552
-0.229754
-0.14999
-1.17484
0.118064
0.451587
-0.450255
-0.287198
0.6525
0.0817891
-0.118517
-0.0704615
0.987561
-0.141394
0.215297
1.00093
0.0484823
0.876549
0.318853
0.938027
-0.304852
0.146301
0.0422358
-0.320824
-0.119892
0.282102
-0.490567
0.174724
-0.336767
0.0728145
-0.0640092
-0.370682
-0.220823
-0.60894
-0.259579
0.303887
-0.0573447
-0.130444
1.17015
0.0894094
0.31028
0.0704154
-0.343277
0.444846
-0.353188
-0.138996
0.367526
0.129804
-0.0432099
0.0737231
-0.241368
0.348979
0.887533
0.431592
-0.395604
0.24732
0.0436592
0.0456569
0.619472
-0.0934992
-0.706843
0.0221568
-0.0432895
-0.277925
-1.40774
-0.52571
-0.468182
-0.195582
0.326364
0.455141
-0.118349
0.104583
1.08867
-0.547651
0.449568
0.358917
-0.239719
-0.197732
0.61942
0.521657
0.933765
-0.754395
-0.161621
0.0688452
0.0597332
-0.206918
-0.53305
0.0137928
0.589018
1.56101
0.233276
0.353369
0.0752273
-0.477847
0.78721
0.269217
0.337989
0.190402
-1.34161
0.677794
0.0601568
0.97591
0.207203
0.222381
-0.749179
0.219856
0.0914757
-0.686066
0.414707
0.380833
0.547911
0.181885
-0.368387
0.813572
-0.337912
0.688343
-0.242998
-0.0591087
0.524431
-0.424079
-0.637997
0.106536
-0.268063
0.636884
-0.467762
-0.166793
-0.0683756
0.242764
0.41887
0.302408
-0.818707
-0.00301736
0.643897
0.548528
0.796677
0.166004
0.063346
0.284204
-0.0172256
0.112052
-0.364374
-0.878098
0.766772
0.261104
-0.5643
0.288341
-0.745145
-0.382039
-0.418964
-0.705662
0.381862
-0.0706369
0.460148
-0.415354
-0.401357
-0.334941
0.419834
0.264356
1.37015
1.11365
-0.920612
0.525026
-0.210417
0.10482
-0.0490289
-0.673602
-0.0831457
-0.677832
-0.257056
-0.226129
1.02567
0.506256
-0.468446
0.117181
0.39599
0.562656
-0.568394
-0.387973
0.238088
0.102553
0.277812
-0.486494
0.0684074
0.438619
-0.398049
0.395948
0.373922
-0.52867
0.696635
0.342313
0.0523506
0.833498
0.435445
-0.311396
0.15388
0.386983
-0.187511
-0.473662
1.05527
-0.77081
-0.383509
0.809532
0.373956
-1.14782
-0.616816
-0.633864
-0.53125
-0.918649
-0.174715
0.287604
0.21041
-0.758883
0.502695
-0.265679
0.667129
-0.956255
-1.46907
0.100094
0.3501
0.00695758
-0.434121
-0.00836076
-1.02653
0.650916
0.612052
-0.278245
0.00203683
-0.162067
-0.0598728
0.238978
0.739067
-0.39829
0.409844
-0.587455
-0.509303
0.398067
-0.499083
0.304945
-0.402999
-0.186193
-0.540721
-0.136463
-0.298451
1.67226
0.278677
-0.21574
-0.872481
0.657238
-0.99331
0.00320398
-0.104067
-0.553296
-0.483901
-0.35255
-0.243609
-0.977786
-0.106796
-0.671027
-0.0411819
-0.0442424
0.993813
-0.754661
-1.1427
1.1606
-0.359835
-0.882192
-0.446125
0.0374151
0.18815
-0.979278
0.264596
-0.250807
-0.310918
0.810332
-0.840992
-1.37348
0.320195
0.0475426
-0.732663
-0.72171
0.48544
0.162758
1.17151
-0.12536
0.309631
-0.317921
0.242866
0.134686
-0.318498
-0.301599
-0.410611
0.217469
0.183074
0.0718775
-0.315751
0.845537
0.0582509
-0.16825
-0.0335959
-0.0472368
0.649101
0.628921
-0.591961
-0.379025
0.116373
0.375989
0.163592
-0.0487814
0.453871
0.0543674
-0.530782
0.624208
0.00100631
0.501213
0.230358
-0.0743703
-0.154947
0.763682
-0.696566
-0.669966
-0.214185
0.449968
-0.0555931
-0.915548
-0.071879
-0.313945
-0.489523
-0.679868
0.223737
0.282818
-0.425165
0.254461
-0.50372
0.112226
0.0856115
-0.0043894
-0.36391
1.41235
0.532018
-0.406229
0.406551
0.380088
-0.137467
0.724106
0.207939
0.0388896
0.711345
0.00490406
-0.251477
-0.350752
-0.172442
0.259282
0.173902
-0.704763
-0.577353
0.499218
-0.53803
-0.209247
-0.676447
-0.837572
0.868961
-0.369836
0.366225
0.128248
0.0373082
-0.145109
0.200672
-0.164976
-0.494525
-0.0776875
-0.443553
-0.258727
-0.188125
0.222642
0.103562
0.597673
0.552772
-0.142544
-0.111308
0.515865
-0.118302
-0.163899
0.758337
0.208174
0.162409
0.486555
-0.0792188
0.295674
-0.0468173
-0.735822
-0.570596
0.435697
-0.586781
0.295738
0.309514
0.632084
-0.194963
0.357681
-0.170941
0.618973
-1.04194
0.459782
0.291364
-0.0393741
-0.269266
0.470414
-0.131893
-0.603004
-0.208532
-0.516665
-0.657113
-0.239603
-0.345149
0.215125
0.345759
0.902264
0.24161
-0.411128
-0.498565
-0.160117
-0.272709
1.22783
-0.613513
0.133515
0.724158
0.127338
0.526973
-0.207205
-0.234897
-0.546219
0.423122
-0.011613
0.326119
0.286579
-0.293748
-0.236647
0.453135
-1.21836
0.41603
-0.764772
-0.49247
0.33951
-0.95748
0.493832
-0.513845
-1.01931
0.835907
-0.883991
0.270426
-0.271652
-0.0502804
0.692139
1.33764
-0.235853
0.302933
0.638833
0.0506129
-0.516981
-0.18804
-0.423035
-0.00670972
-0.12215
0.12272
-0.602818
-0.349344
-0.821637
0.236442
-0.891889
-0.650823
0.865687
0.192415
0.883199
-0.939956
0.140215
-0.635541
-0.193409
-0.62408
0.382104
0.105197
-0.0295836
-0.28943
-0.622731
0.894174
-0.249226
0.109814
0.788631
0.161327
0.0753831
-0.248845
0.115679
-0.167031
0.0034388
0.146959
-0.0548855
-0.282336
-0.0332815
0.190722
0.538604
-0.51128
0.267863
-0.0153933
-0.605236
0.898139
0.0225453
-0.540264
0.10291
-0.164234
0.497618
0.557214
-0.0762671
-1.19184
-0.0745399
-0.340948
-0.152945
0.49719
0.418309
0.0649445
-0.934012
-0.0977568
0.906767
-0.0286355
0.65108
-1.11957
0.954839
0.0615937
0.108193
-0.31394
0.545029
0.1543
-0.0843229
-0.211341
0.157793
-0.0529631
0.142346
-0.0832144
0.421439
0.494758
-0.263065
-0.97908
-0.264279
0.181052
-0.445645
-0.831898
0.3389
-0.186245
-0.0939403
0.000345649
0.0316914
1.34879
-0.262429
-0.341818
-1.0278
-0.589035
-0.37884
0.295882
-0.983837
0.893644
0.436271
0.415271
-0.556999
0.169816
0.53528
0.54256
-0.584123
-0.451512
0.0719452
0.0736546
-0.115103
-0.238498
-0.0803101
-0.0483043
-0.497606
0.46858
0.421353
0.471606
-0.497649
-0.101801
0.412025
0.309918
0.276626
-0.08111
-0.219682
-0.0560538
-0.362296
0.561506
-0.669035
0.305671
0.349797
0.173918
0.220547
-0.0260777
0.993399
-0.274901
-1.28543
-0.524876
0.206046
-1.42323
0.970796
0.592736
-0.030449
0.296693
-0.267833
-1.1258
0.818944
0.623231
0.281832
0.493702
0.755689
-1.02441
0.27472
0.821115
-0.597473
0.056287
0.264103
-0.609263
-0.0141811
-0.738418
0.153866
-0.142467
1.21283
0.531053
0.595638
0.939855
-0.135423
0.498377
0.622415
-0.0175072
-0.00867114
0.526984
0.400582
0.191102
-0.0631025
-0.304573
0.868543
0.766628
0.725414
-0.19817
-0.355435
0.254547
0.485416
0.202685
0.27057
-0.22686
0.0504605
0.484452
-0.174332
0.87881
-0.914454
-0.316923
-0.090636
-0.43437
0.0380258
-0.0188388
-0.577368
-0.461541
-1.13459
0.986346
-0.114767
0.162949
-0.264339
-0.391316
0.998411
-0.00900743
0.421012
-0.0851009
-0.351334
-0.126166
0.274711
0.0458527
0.826063
0.0661509
-0.275778
-0.890054
0.352541
0.499816
-0.120876
0.958993
-1.10541
0.79004
-0.353543
-0.435369
0.473547
-0.254853
-0.110523
-1.32673
0.0787468
-0.215627
-0.511574
0.137533
0.734405
0.313747
-0.0113997
0.230574
-0.357459
0.332397
0.646669
1.01487
-0.0789113
-1.96546
0.199207
0.403524
-0.21738
0.383832
-0.711259
0.984027
-1.03005
-0.411791
-0.0235887
0.111778
-0.0517177
-0.0634238
0.116639
-0.0873498
-0.288726
-0.12703
0.232847
-0.449065
0.3901
0.347356
-0.419631
0.0392278
0.305431
-0.0540197
0.710414
-0.301082
-0.442228
-0.0953903
0.384704
1.05624
-0.120776
-0.850805
0.914005
0.592111
-0.210212
0.0920132
0.290986
0.31199
0.27613
-0.214326
1.38375
-0.00984741
0.408572
-0.16651
0.0580532
0.699171
0.0922504
-0.213838
0.0186708
0.562379
-0.0541037
0.0659113
0.0171701
0.122928
0.0921709
1.02562
0.402591
0.33995
-0.453382
-0.0310534
-0.0872443
-0.640274
0.115043
-0.543641
-0.634379
-0.23945
-0.66298
-0.837827
-0.565309
0.405141
0.107251
-0.285803
-0.361949
-0.825353
-0.0158117
-0.238718
0.404573
0.371454
0.651717
-0.599194
0.293535
0.242087
-0.0181455
0.796147
-0.262846
-0.479721
-0.115001
-0.240521
0.971223
-0.374916
0.921288
0.760361
-0.844027
-0.440919
-0.711112
-0.677452
0.938388
-0.0108189
0.323843
-0.0980989
0.0644461
-0.0584255
0.825945
-0.125424
-0.0556002
-0.15467
-0.685062
0.518327
0.121667
0.262574
-0.138945
-0.832725
0.458513
-0.692983
-0.0632081
-0.203127
0.660932
-0.0295907
-0.267347
0.0301233
-0.138086
-1.07901
0.169875
0.730589
-0.434946
-0.486771
-0.220632
-0.936111
-0.138114
-0.802967
0.0738881
-0.235157
0.42059
-0.822667
0.0655225
0.13609
-0.865256
0.0588961
-0.124603
0.470832
-0.564315
0.0142682
0.17976
0.0847425
-0.166172
0.658447
-0.0196008
-0.367515
0.569655
-0.912149
-0.889016
-0.140234
0.405623
-0.137726
0.360809
-0.451121
-0.0244539
-0.797972
0.520221
0.716254
-0.0320959
0.21659
0.0930888
0.271689
0.0516559
0.382102
0.176051
-0.178818
0.487337
0.0527657
-0.613979
-0.708687
0.476269
0.291324
-0.413874
0.356088
0.340329
0.386348
0.0855695
0.328113
-0.68485
-0.00891047
0.164256
-0.275991
-0.598551
0.130481
-0.64328
-0.447664
0.957567
0.451592
-0.925663
-0.0659661
-1.01042
0.469557
0.173395
-0.0349849
-0.404574
-0.433426
-0.154121
0.0221805
0.372244
-1.26124
-0.0692116
0.242105
0.444576
-0.486759
-0.107722
-0.645999
-0.618587
0.472672
0.121592
0.376229
-0.631902
-0.510643
0.211656
0.731946
1.31386
1.19511
-0.619355
-0.201956
0.347298
-0.433453
0.756806
-0.780861
-0.698821
-0.0510557
0.414191
-0.0294447
-0.86763
0.0215676
-0.766995
0.652685
0.2525
-0.281376
0.482419
1.07924
0.93291
0.807412
-1.18683
0.219169
-0.255919
0.210053
-0.35282
0.701253
1.01884
0.706302
-0.55356
0.105062
0.340984
0.505883
0.376214
0.620119
-0.116913
0.322908
-0.19685
0.257287
-0.391057
-0.424957
-0.272342
-0.416363
0.330145
0.0959716
-0.371429
-0.474918
-0.679851
-0.044502
-0.0747281
0.0658611
-1.22325
0.849078
0.0655504
0.250913
0.449153
-0.37306
1.25811
0.513652
0.671956
-0.224771
-0.344998
-0.762969
-0.0240707
-0.55845
-0.425792
0.204661
-0.290756
0.365221
0.00788315
-0.132195
-0.519353
0.231542
-0.802077
-0.468871
0.177081
-0.028441
-0.0625689
0.19946
0.419173
0.014838
-0.491969
-1.50176
-0.327778
-0.999903
-0.504361
0.284864
-0.269214
0.273606
0.756318
-0.571105
-0.352305
-0.246947
-0.10169
0.801317
-0.344532
0.305198
-0.536359
0.52302
-0.542885
-0.468516
0.133142
0.000913762
-0.584485
-0.56068
0.283364
0.190148
0.27554
0.8023
0.175736
-0.406224
0.185678
0.241803
-0.573249
-0.000490314
0.214696
0.0842931
-0.277855
0.133128
0.771826
-0.420765
-0.279537
-0.358871
0.17099
0.752308
-0.893654
-0.0577465
0.302753
0.832615
0.914493
-0.0707033
-0.0192007
-0.921974
0.862695
-0.956994
-1.01669
0.86011
0.0949797
0.683713
0.350312
-0.535943
-0.114783
-0.324257
0.160454
0.807322
0.150903
-0.125332
0.779006
-0.880857
0.18323
0.569201
-0.310975
-0.693224
0.580572
0.776492
-0.167462
-0.65781
-0.27863
0.0125868
0.267694
-0.129373
0.498605
-0.431426
0.266587
0.314613
-0.688424
0.255853
-0.884127
-0.294104
0.0235385
-0.622828
1.25624
-0.26748
0.0127381
0.355552
-0.904176
-0.182011
-1.46098
0.139498
0.221205
-0.776772
0.404865
-0.100234
-0.199095
0.187234
-0.212413
1.12783
-0.174988
-0.113159
0.013288
0.175516
0.266671
-0.662997
0.578086
0.250434
-0.975018
0.593423
0.540661
0.531756
0.18934
-0.144085
0.557098
0.255215
-0.293219
0.557162
-0.64959
-0.420998
-0.390628
1.09652
-0.37966
-0.357596
-0.488421
0.329125
0.00150499
-0.724083
-0.237782
0.370314
-0.159983
-0.36451
0.0862486
0.526481
-0.859832
-0.0276102
-0.161534
0.0628712
0.342671
0.432123
0.134054
0.0265554
-0.423942
-0.648309
0.206238
0.724603
0.788227
-0.958097
0.202185
0.340879
-0.325843
0.825233
-1.04816
0.329821
-0.0819892
-0.1051
0.503785
-0.115337
0.620289
0.429104
0.0989663
-0.223149
0.76928
0.176133
0.648663
-1.62516
-0.272736
-0.689744
-0.407393
-0.263739
-0.55229
0.186319
-0.591787
-0.350973
0.881113
0.458904
0.9029
-1.11148
0.289488
0.320133
0.985282
0.22879
0.287081
0.863557
-0.379134
-0.156979
0.0246204
0.432701
0.314445
0.033399
-0.52922
-0.0563079
-0.173751
0.997615
-0.0863061
0.320503
-0.744457
-0.514952
0.931813
-0.424229
-0.670298
0.243178
-1.29273
0.10459
-0.0198628
-0.421648
-0.0230597
-0.479398
0.702797
0.205822
-0.419478
-0.246111
0.14326
-0.388334
0.766006
0.198845
0.407865
-0.0129033
-0.203553
-0.46204
0.934951
1.34477
1.35254
-0.222613
0.799784
-0.294434
1.22867
-0.303116
0.828957
-0.118933
-0.497022
-0.616087
-0.262332
-0.65371
-1.07037
-0.177152
0.293271
0.104148
-0.413969
0.567957
-0.323923
0.714748
0.0314564
0.352177
0.247677
-1.20484
0.344052
0.837686
-0.582671
0.327753
-0.0819634
-0.228584
0.0121021
0.177923
-0.177264
-0.56598
-0.528585
-0.350265
-0.469672
0.255694
1.13998
0.371471
-0.125487
0.0833559
0.728185
-0.379532
0.590102
-0.616651
-0.0232579
-0.17276
0.819307
0.177512
0.106568
-0.244851
0.272437
0.821986
0.0381549
-0.00413745
0.0183956
-0.271883
0.0300619
-0.107281
0.32651
0.000292421
-0.607067
-0.297078
-0.142648
0.203879
0.57532
0.176019
1.01025
-0.309189
-0.392844
0.0936723
0.576183
-0.161513
0.147954
-0.184041
1.19297
0.376056
0.386598
0.20598
0.840967
-1.59752
-0.577479
0.663315
-0.0259231
0.338915
0.218824
0.527078
-0.0971863
-0.00207936
-0.170352
0.151495
-0.269256
-0.865333
0.305135
-0.374445
0.736887
-0.24489
0.0232738
0.651781
0.659872
-0.428571
0.123402
-0.417831
0.431511
-0.34229
0.0462337
0.0896796
-0.647385
0.959702
-0.0580608
-0.476408
-0.301188
0.182407
0.897914
0.589368
-0.942432
0.432912
-0.421342
0.996748
-0.319262
-0.0194645
-0.892714
-0.292594
0.560827
0.128358
1.01177
-0.315053
-0.629992
-0.246449
0.515932
0.205897
-0.167615
0.172197
0.15842
-0.547807
-0.0768289
0.172598
0.147783
0.529108
0.36709
0.237335
-0.970127
1.32686
0.407358
-0.468435
-0.271859
0.351751
0.361898
0.659569
-0.291357
-0.209434
0.554517
0.736905
-0.412197
0.106803
-0.404803
-0.518219
0.0342536
-0.39782
-0.526722
0.367425
0.88152
0.448547
0.197651
-0.270461
0.923577
0.719933
0.0468075
0.113391
0.171012
0.576227
-0.227145
-0.107668
-0.498979
1.30123
-0.671497
0.224078
0.427117
-0.440976
-0.236071
0.384821
-0.560917
0.219175
0.489744
-0.409835
-0.492364
-0.824145
-1.32816
-0.170725
-0.00565374
0.699296
-0.203073
-0.153865
-0.0628279
0.334606
0.337304
0.331126
0.217169
-0.756299
-1.55522
-0.795436
-0.945842
0.371643
0.402898
1.05699
0.3284
-0.673935
-0.207931
-0.837397
0.349965
0.16615
