0.305728
0.519782
-0.380408
0.639521
0.135466
0.346812
-0.841962
-0.133024
-0.417581
0.0471942
-0.193388
0.0530966
-1.18338
0.561323
-0.445838
-0.0222203
-0.977616
0.104434
-0.308313
0.59603
0.743839
1.12777
-0.638816
1.11113
0.589163
0.262336
0.417222
-1.01978
0.263681
1.18995
0.287595
-0.468532
-0.980597
0.0636298
-1.46996
-0.188495
0.0297356
0.406833
0.307549
0.114513
0.189039
0.287846
-0.371638
0.281938
0.152392
-0.669216
-0.681048
0.442586
0.186736
-0.441601
0.3766
0.363498
0.0304007
0.0353141
0.230976
-0.605512
0.73934
0.982662
0.0592111
0.83107
-0.742373
0.376719
0.000421074
0.940112
-0.385097
0.357784
-0.170963
-0.349524
-1.93664
0.308809
0.705427
-0.53811
-0.123337
0.108437
-0.134407
-0.0670744
-0.00862723
0.612254
0.00753121
0.855951
0.113414
-0.353024
-0.648125
0.264908
0.432661
-0.0968338
-0.000701002
-1.54923
0.141385
-0.067171
1.05681
-0.421404
-1.25713
0.0955716
-0.973806
0.830381
0.123762
0.331758
0.495979
-0.892415
-0.304703
-0.248648
-0.0197998
0.862463
-1.08572
0.191781
-0.0900982
-0.180125
-0.891492
-0.101092
-0.346001
-0.418201
0.0677964
-0.0873437
0.623097
-1.05611
-0.0870268
-0.64419
-0.949669
-0.1711
-0.719911
1.82908
1.42498
0.140057
-0.0124731
-0.095522
0.578518
1.06365
0.282655
0.507966
-0.217095
0.559404
-0.00536714
-0.0726954
0.683372
0.869492
-0.144426
-0.316141
0.205852
0.604655
-0.543838
-0.177922
-0.635227
-0.0756062
0.162872
-0.819361
-0.0675023
-0.646725
-0.0629713
0.0738529
-0.152624
-0.393655
0.414618
0.457568
0.0116099
-0.299623
0.728461
0.327133
-0.540821
0.384713
0.586515
0.5578
0.868744
0.237558
0.259702
-0.0350783
-0.0640716
0.00938731
-0.526156
0.0382954
0.55607
-0.0772788
0.494255
1.40253
0.378818
0.289535
-0.652642
0.0579345
0.293061
-0.00932834
0.328889
-0.122912
-0.435179
-0.617362
-0.645666
-0.313922
0.239889
0.92308
0.491811
-0.629632
-1.39283
-0.0767307
-1.09438
0.0815898
-0.41796
-0.552257
0.685313
-0.311745
-0.917415
0.375225
0.253311
-0.115793
0.0775592
0.896954
0.0439737
-0.0240596
1.23563
0.0863528
-0.794993
0.151888
-0.161247
0.646934
0.42946
0.727346
0.519994
-1.0797
0.418609
-0.67502
-0.0752341
-0.00430825
0.349595
-0.190406
0.741084
-0.994977
-0.480094
-0.333073
-0.0707807
0.578825
-0.30829
-0.970081
-0.411764
0.742258
0.635908
0.34129
-0.467731
0.165768
-0.362974
-0.634573
0.600601
0.62182
-0.996204
0.41952
1.12226
-0.0312039
0.591085
-0.818723
0.797655
-0.520839
-0.0761755
0.694731
0.246956
-0.354602
-1.00104
0.605256
-0.255671
0.554284
-1.02158
0.290964
0.376896
0.647982
-0.724414
-0.615498
-0.192337
0.015312
0.606413
0.133694
-0.0992872
-0.725985
0.911754
-0.390564
0.454579
-1.36404
-0.0808993
-0.0781286
-0.836709
-0.152484
-0.190563
-0.11479
-0.483832
-0.00952222
0.256121
0.328137
0.52614
0.429571
-0.521505
-0.256338
-0.0105053
0.182103
-0.577199
0.00401827
-0.644865
-0.693833
-0.212626
1.01555
0.218944
-0.30501
-0.520051
0.361937
-1.25927
-0.655098
0.168731
-1.60635
0.07286
0.554259
-0.764195
0.1462
0.461385
-0.134059
0.381413
0.401891
0.468383
-0.136883
0.305578
0.879769
0.476913
0.408695
0.0916667
0.802939
-0.344364
0.297174
-0.458475
0.0623378
0.137391
-0.384155
0.210144
0.471028
0.840012
0.481219
-0.62525
-1.31063
0.0398488
0.19915
-0.35658
-0.479293
-0.617025
0.446147
0.308322
0.601513
-0.851833
-0.0480722
0.760183
0.328147
-0.511054
-0.2842
-0.512017
0.330554
-1.07668
0.75805
-0.534838
0.488816
-0.167227
0.48552
0.248822
0.954494
-0.364116
-0.332408
0.0863377
-0.0167159
-0.169236
-0.548568
0.129365
-0.0149633
0.662503
0.481637
-0.301729
1.3799
0.143527
-0.081552
-0.83757
-0.648511
-0.298849
-0.754322
0.639104
0.870672
-1.43453
-0.506851
-0.0608694
0.695922
0.750632
-0.0761598
-0.234567
0.108127
-0.0677307
-0.754095
0.25607
0.0189555
-0.125542
-1.05166
-0.18148
0.0496901
1.48554
0.403231
0.221357
0.348495
0.2759
-0.0813525
-0.148923
0.866947
0.97344
-0.884743
0.28504
0.610869
0.179433
-0.540769
0.644402
1.05221
-0.0866587
-0.237658
-0.0541623
-0.640022
0.30308
0.479601
0.497278
0.206816
0.0878084
-0.950765
0.162479
-0.77306
0.365373
-0.195429
0.972061
0.498022
1.24486
0.238297
0.701564
0.895084
0.670629
-0.899494
-1.02166
-0.0637442
0.513646
-0.0107773
0.164824
0.302129
0.368451
-0.047088
-0.424335
-0.075334
0.430211
-0.00640397
0.107135
1.30674
-0.486306
0.0615599
-0.610222
-0.0148859
-0.0759494
0.470567
0.617605
-0.612154
0.0697982
0.168629
-0.912959
-0.30548
-0.0940444
-0.168994
-0.497044
-0.0431644
0.111768
0.9505
-0.266728
0.261188
0.851044
-1.01765
-0.220212
-0.316637
0.780435
0.399988
-0.179641
-1.13161
0.474328
-0.885198
-0.150469
0.748451
-0.157854
0.365161
-0.539342
-0.229695
0.26584
-0.497698
0.0636946
0.306239
0.164403
0.514021
0.327319
-0.381558
-0.203781
0.356794
0.22092
-0.647239
0.269961
-0.536555
-1.68523
1.34418
0.11247
-0.138785
0.919962
0.725149
-0.1374
-0.890792
-0.528984
-0.78055
-0.353772
-0.215894
-0.131861
-0.0418902
-0.104788
-0.0627747
-0.844625
-0.902375
0.254759
0.0437196
-0.100506
-0.63525
0.419096
1.23825
-1.33987
0.217062
-1.36337
-0.053409
-0.559884
-0.106179
-0.240237
-0.274647
-0.154552
-0.913818
-0.239182
-0.603496
-0.425964
-0.201214
-0.00518332
-0.0512533
0.875506
-0.0241529
0.264617
0.158483
-0.458924
0.85644
0.13701
1.03243
0.861249
0.975439
-0.076381
-0.338153
-0.373963
-0.217161
-0.6538
-0.138774
-0.589374
-0.614784
-0.283054
0.208086
-0.728301
-0.172087
-0.43366
-0.185665
0.543492
-0.465291
0.784988
0.068507
0.784706
-0.0522833
-0.212567
-0.421962
0.528772
0.0155753
0.322741
-0.087184
0.13706
0.689351
0.52372
-0.180978
-0.143167
-0.468541
0.81263
0.0959215
0.0182983
-0.947948
-1.14823
1.00663
0.681812
-0.417824
-0.0501837
-0.0245702
0.255096
0.480172
-0.655355
1.16506
0.382637
-0.450619
0.0896818
0.324924
-0.287529
0.910197
-0.645708
0.385143
0.181275
-0.257993
0.147788
-0.321032
0.632449
0.350671
0.0989461
0.343067
-0.425721
0.119228
-0.135805
-0.000238241
-0.372858
-0.0171221
0.639231
-0.293349
0.38425
0.451919
-0.19784
-0.744865
-0.225719
0.668693
0.364642
0.34358
-0.02298
0.384256
0.312006
-0.617653
-0.409733
-0.708293
0.505405
0.0957293
-1.48528
1.01208
-0.584846
-0.278206
1.46075
-0.14966
0.513387
0.844863
0.00278997
1.09111
-0.185241
0.328776
-0.519201
-0.962107
0.20874
-0.472375
-1.03371
-0.0995125
0.0536954
0.6412
-0.0763941
-0.437508
-0.445129
0.0585941
-0.319043
0.075903
-0.557622
0.000543275
0.645305
-0.271959
0.482498
0.0521175
-0.329556
0.82601
-0.85616
0.438934
0.361001
-0.0939436
-0.553768
0.310145
0.256965
0.217824
0.149111
-1.1923
0.385425
-0.310815
0.0981169
0.0244758
-0.562335
0.717792
-0.851906
-0.618953
0.428104
-0.449036
-1.02167
-0.20515
-0.0909615
-0.340314
0.953483
0.656448
-0.593441
0.148319
-0.273267
0.0987789
-0.945207
0.247761
0.467994
-1.19932
-0.746864
0.944817
0.990609
-0.306282
0.255759
-0.137249
0.261508
0.171301
-1.05212
-0.124474
0.485712
-0.21925
-0.0823998
0.581779
-0.154945
-0.554377
-0.530693
-0.280939
-0.162794
-0.525754
0.989652
0.138521
-1.08536
0.131076
1.08286
0.831483
-0.297564
-1.17406
-0.507923
-0.497549
-0.056167
-0.03624
0.193534
0.529899
0.408568
-0.357221
-0.733976
-0.38592
-0.27571
-0.401612
-0.117219
0.77148
-0.301231
0.767409
-0.438526
-0.0444459
-0.458697
-0.444283
-0.00136151
1.03628
0.681521
0.682851
-0.782274
-0.157666
0.534069
0.121577
0.95805
-0.132068
0.82228
-0.306781
-1.15274
0.757055
0.551657
-0.340182
0.43645
-0.610539
-0.615947
-0.44494
-0.186439
0.76879
0.82661
-0.0096931
-0.915591
0.0941933
-0.59903
-1.05547
0.712589
1.14758
0.175395
0.28138
0.203396
0.108272
-0.576878
0.638547
0.786093
-0.698136
-0.807263
0.13619
0.181245
-0.170125
0.240362
0.138996
-0.753698
0.36632
-0.815708
0.13448
-0.172078
0.179163
-0.917941
-1.03709
0.701376
0.318332
-0.636863
0.430059
0.622193
-0.00206506
-0.583752
0.166182
-0.176495
-0.591821
-0.144252
0.113337
0.277354
-0.296986
-0.756555
-0.0240656
-0.393315
0.71261
0.00564588
0.488465
0.352725
-0.459077
0.630793
0.486231
0.870161
-0.0244101
-1.29525
-0.1164
0.430626
-0.768576
0.260006
0.825492
0.266922
-0.719951
-0.650896
0.567609
0.426996
-0.0350997
-0.855167
-0.302089
0.410874
0.493461
0.843528
0.0143409
-1.31414
0.845333
0.823703
-0.75306
-0.221999
1.02898
0.0878667
-1.06505
0.0125875
-0.197476
-0.153396
0.473958
-0.389495
-0.313121
0.314798
0.0670916
0.327574
-0.219485
-0.157429
-0.0348717
-0.591636
-0.567925
0.431622
-0.32145
-0.51359
0.178681
0.371575
-0.69945
-1.00323
0.298358
0.619356
0.0299439
0.774621
1.04781
-0.100352
-0.43049
0.0919813
-0.138913
-0.57082
-0.0475287
-0.689616
-0.3376
-0.616711
-0.360873
1.11546
-0.117843
-0.352714
-0.931804
-0.0899964
-1.00682
0.71175
-0.907066
-0.140867
0.383369
0.88022
-0.427439
-0.87859
-0.896927
0.0061419
0.55343
1.49699
-0.656912
0.141185
0.506977
-0.713946
0.198379
0.559064
0.355652
0.553863
0.615715
-0.162261
-0.445473
-0.165333
0.129271
0.719419
-0.152804
0.410308
0.833499
-0.0581629
0.678433
-0.134457
0.306199
-0.231185
-0.291807
-0.139051
0.535343
-0.301058
-0.883523
0.0439487
0.467752
0.548951
0.254992
-0.350487
1.57004
0.0526493
0.0435224
0.0821019
-0.0484396
0.976653
-0.895713
-0.112537
-0.43703
-1.25901
-0.320059
0.580206
0.732153
-0.295425
0.952951
-0.0193857
-0.782113
-0.438843
0.0619961
0.627329
-0.521418
-0.078204
-0.123065
0.0109544
-0.00852575
0.142448
-1.05367
-0.0671849
0.279501
-1.14236
0.86261
-0.67426
-0.885207
-0.0236001
0.24372
0.463383
0.0338853
-0.854688
0.136029
0.544185
-0.145194
0.591745
-0.280011
0.24302
0.363827
0.126233
0.345326
0.344213
0.107255
-1.57231
-0.390501
-0.164112
-0.246291
0.363451
0.0912132
-0.206247
-0.762163
0.316866
0.191529
0.908655
-0.139164
0.661336
-0.114323
0.598164
1.04788
-0.532733
0.339137
-0.686357
0.712708
-0.446408
-0.537971
-0.0829974
0.111986
1.16158
-1.37746
0.305438
0.29117
0.167037
-0.0690846
-1.42654
-0.182556
-0.176113
-0.0810756
-0.547467
-0.30339
-1.47949
0.202546
-0.829156
-0.0902055
0.0280213
0.292251
0.412865
0.366761
-0.0363976
0.197731
0.795666
-0.488316
-0.172607
0.244931
0.45608
0.628629
-0.0505215
0.39113
0.467614
-0.949999
-0.747514
-0.0825829
0.0942851
-0.236082
-0.0746234
-0.209179
0.470792
0.255649
0.501612
-0.780859
0.494413
0.116007
0.403513
0.673434
0.374933
-0.297921
0.216858
-1.09015
-0.797376
-0.108587
-0.20185
0.739983
-0.482221
-0.153939
-0.0616164
-0.792313
-0.536556
0.665975
-0.0458226
0.0269244
-0.415867
0.126621
0.778509
-0.476161
1.19965
0.0921471
-0.978659
1.28925
-0.958675
0.519444
-0.307991
-0.522844
-0.173605
0.344337
0.209648
1.00146
0.269401
-0.19241
-0.32298
0.424829
-0.0688646
-0.402868
0.35774
-0.542517
-0.18613
0.0169169
0.393085
-0.585738
-0.55337
0.278277
-0.406921
-0.0303456
-0.771936
0.089458
0.00574554
0.00762245
-0.0160876
0.337502
0.0596057
0.880482
0.851271
-0.608326
-0.478798
0.208469
0.425061
-0.0963988
-1.47728
-0.589704
0.348425
0.0560851
-0.322301
0.486792
-1.34631
-0.530023
-1.30571
0.858837
-0.0972751
0.88316
-0.344388
-1.25168
-0.541679
-0.796947
0.389201
-0.95062
0.0309673
-0.346815
-0.108811
-0.491229
0.423986
-0.329767
0.0378045
0.312766
-0.0519615
-1.39066
0.101478
-0.905997
-0.0461636
0.326384
-0.939564
-0.295439
-0.681083
-0.782848
-0.455686
0.621978
1.08922
-0.0374216
-0.15103
0.259257
0.187971
0.160239
-0.90898
0.404123
0.474579
-0.410459
0.239723
0.00780642
-0.029143
0.333385
0.352386
-0.533034
-0.898464
0.237934
-0.0788075
-0.100715
-0.308869
0.0451367
-0.369922
-0.00341388
1.19586
0.781899
-0.771972
0.460458
-0.180883
-0.0892096
-0.338305
-0.349979
-0.776645
-1.26488
-0.198086
0.0842024
0.28115
0.612919
0.648025
0.0426303
-0.112108
-0.341631
0.0294442
0.61876
0.240702
0.885051
0.145773
0.0702768
1.14383
-0.710291
0.71713
0.915742
0.0449709
0.176148
0.218176
-0.561839
0.385558
-0.467554
-0.937768
-1.02182
0.303209
-0.181278
-0.329172
0.231727
0.123358
0.172214
-0.415923
-0.507402
-0.107448
0.999434
-0.0618862
-0.343816
1.28582
0.164331
0.582389
-0.76886
1.34294
-0.917833
-0.602321
-0.527293
0.59295
-0.500192
0.269896
0.0492203
-1.29933
-0.537975
1.02402
0.347596
0.961286
-0.492732
-0.485083
0.534584
-0.607854
0.355038
-0.881954
-0.610411
0.20125
0.47739
0.833539
-0.16003
0.384086
0.207005
-0.234452
-0.410001
-0.379616
-0.0295791
-0.668701
-1.79477
0.344837
-0.697073
0.0803822
0.768905
-0.262461
-0.550203
-0.0173756
0.717405
0.231599
-0.0806882
-0.644503
0.331726
-0.15863
-0.110549
-0.0541275
0.171988
0.383738
0.245165
0.16573
-0.987071
-0.317413
0.0567949
1.01384
1.39297
-0.0355661
-1.00046
0.507632
0.515501
-0.640327
-1.36733
0.779294
0.206775
0.833418
0.322368
-0.0291163
-0.582158
-0.333212
0.473004
-0.423947
-0.715558
-0.677092
-0.313224
-0.127265
-0.866969
-0.41083
-0.266019
-0.0272896
-1.47108
-0.405062
1.05742
0.607789
0.420919
-0.388723
0.227582
-0.0701725
-0.337806
0.326747
-0.258954
0.115362
0.208967
-0.198775
0.0360365
0.475359
-0.434316
0.0781045
-0.186677
-0.327908
0.159767
-0.182999
-0.12247
-0.180234
0.242851
1.3453
-0.242539
0.391435
-0.130318
-0.30663
0.165063
0.588725
0.546434
-1.14365
0.281662
0.0359894
-1.135
-0.0792357
-0.141722
-0.122092
-0.730298
0.943203
0.214443
-0.26797
-0.516243
-0.698468
0.486172
0.258006
0.238786
0.420243
-0.570249
-0.845106
0.224326
0.17878
-0.18055
0.286173
-0.542408
0.356009
0.138197
-0.250791
-0.0689863
-0.0725413
-1.88814
-0.830556
0.433715
0.0635384
0.320192
-0.437733
-0.300169
-0.125174
0.182246
0.669924
0.252186
0.539014
1.35936
-0.969173
0.264686
0.0866382
0.071029
-0.460538
-0.446252
-1.0168
-0.3656
0.219097
-1.21269
-0.850944
0.222914
-0.491667
0.0795884
0.799194
0.822733
-0.0249069
-1.04412
-0.327414
-0.733038
-0.0191287
-0.817347
0.793062
0.915158
-0.554784
0.479227
-0.976614
-0.848931
1.08986
0.138259
-0.126386
-0.362747
-0.824025
-0.260901
-0.701661
-0.402377
0.529193
0.218311
0.0757676
0.0116063
-0.369922
1.54871
0.772095
0.205898
-0.587123
0.13581
-0.356158
0.173538
-0.36134
0.156045
-0.616093
-0.365691
0.624322
1.09124
0.351837
0.831573
-0.277208
0.0482253
-0.00591868
-0.281654
0.13711
-0.345309
-0.56108
-0.127589
-1.75536
-1.04636
-0.0307442
0.67355
0.407326
0.133751
-0.668012
-0.0375258
-0.262246
-0.0502659
0.707325
-0.137458
-0.00525407
0.28528
0.187363
-0.467762
-0.0462191
-0.300532
0.427776
-0.135451
0.616662
-0.24557
0.0417507
-0.146464
-0.448436
-1.10398
-0.219317
0.104984
0.108354
0.702753
0.197923
-0.265766
-0.400208
0.232361
0.604216
-0.54203
-0.310614
-0.268303
0.344829
-0.361657
-0.435851
-0.908004
-0.466673
0.385821
0.0136926
0.206197
-0.276114
0.501905
0.6393
0.566328
-0.0879629
0.543126
0.65241
-0.136576
0.848889
-0.501123
0.237685
-0.101762
-0.286939
-0.112949
-0.0248923
-1.11046
-0.184854
-0.57551
0.405692
-0.084954
-0.269444
-0.656114
0.0106289
0.330671
0.0205825
0.869418
0.55021
0.821791
-0.279341
0.108441
-0.383923
-0.138348
-0.347048
-0.391365
-0.394782
-0.665513
-0.846848
0.477127
-0.362508
0.0248424
0.0767265
-0.140336
0.121074
-0.125246
1.14931
-0.457717
0.0403803
0.764363
-0.678178
0.0913698
-0.969831
-0.5266
0.404728
0.435949
0.3998
-0.325357
0.419979
-0.469417
-0.0975402
0.140471
0.00111847
-0.00214473
-0.139157
0.302734
-0.767678
-0.562487
-0.81559
0.540508
0.0442662
1.5899
0.021103
0.295015
-0.479473
0.108287
0.697622
-0.191727
-0.791601
-0.224376
0.420461
0.195728
-0.665078
0.728618
0.467553
0.27242
-0.127695
0.91785
-0.823794
0.146191
-0.588948
-0.553186
0.335099
-0.0393279
-0.124769
-0.900362
-0.718988
0.132488
0.292418
0.565851
0.177074
-1.30156
-0.69761
-1.29307
0.769957
-1.02781
0.526719
-0.642802
0.486996
-1.30695
-0.541052
-0.0308684
-0.0119818
-0.868181
-0.193618
-0.538819
0.133031
0.475965
0.302949
0.062247
-0.198839
-0.631699
-0.429619
-0.676695
0.067783
0.384737
0.769737
1.54306
-0.926394
-0.68681
-0.354464
-0.18644
0.222188
-0.720888
-0.694087
-0.0724413
-0.436802
-0.263104
-0.0486111
-0.155992
0.519186
0.620202
0.0582219
0.054901
0.00560079
1.01723
-0.0969586
-0.117275
0.378319
-0.879176
-0.198092
0.968527
0.361679
-0.637673
0.549442
0.718806
-0.216312
0.534242
-0.170039
0.341887
0.312009
0.575329
-0.261412
1.26648
0.480223
-0.811805
0.106789
-0.592425
-0.262408
1.00469
-0.0127447
0.0107811
1.09927
-0.087519
-0.352221
0.430087
0.0296742
0.33352
0.334962
0.636246
1.47634
-0.0323155
0.65279
2.16993
0.490409
0.544325
-0.114317
0.0886934
-0.348519
1.02795
-0.0800063
0.070164
-0.181532
0.201019
0.353509
-0.457822
1.29579
-0.224551
0.605721
1.1676
-0.673705
0.0089228
0.0399578
-0.736993
0.309907
-0.426698
0.298127
0.095187
0.0850544
-0.545976
-0.288132
1.53708
-0.294217
1.18375
-0.65231
1.24537
0.236845
-0.307564
0.622727
-0.698724
-1.22215
1.04968
-0.436973
-0.0547276
0.215105
0.144855
0.372584
1.57621
-0.256191
-0.388638
-0.882715
-1.10335
-0.0353632
0.928981
0.728296
0.536426
-0.76283
-0.401072
0.14064
-0.0548524
0.308233
1.20811
0.107257
0.551668
-0.0242438
-0.194726
0.536723
-0.166536
0.0649014
-0.102802
-0.261154
0.272918
0.0576745
0.3462
0.433167
-0.0813381
-0.135088
0.387709
-1.1964
0.033392
-0.166001
-0.470626
-0.730201
0.656223
-0.470524
0.0908224
0.11742
0.572187
0.561556
0.639306
0.226385
0.254954
0.463454
0.899997
-0.968623
-0.463664
0.643775
1.55488
0.318065
0.825011
0.461383
-0.369541
-0.0878826
-0.848211
0.968194
-0.67095
0.657678
-0.487027
1.80269
0.456151
0.325625
-0.503076
0.895926
0.349114
-0.158199
0.717708
-0.462996
-0.0601491
-0.231759
1.34249
-0.295507
-0.188389
0.0698739
0.830144
-0.233377
0.936232
0.042278
1.27836
0.755345
0.632855
0.284524
-0.131625
-0.603124
0.15834
0.136595
-0.64376
0.237021
-0.600464
0.168779
-0.143832
0.83914
-0.137338
0.260753
-0.315721
-0.174933
-0.429758
0.190173
-0.328919
-0.317397
0.716527
0.408712
0.820985
-0.334457
0.476407
-0.0348404
0.7835
-0.0700387
0.216289
0.784203
0.13653
0.101786
-0.853916
0.778299
-0.549538
0.743691
-0.78189
0.0227164
0.107546
0.546025
0.370525
-1.22798
1.04763
-0.00514207
0.0630414
0.136769
0.240001
0.154052
-1.01422
0.43892
0.0244289
0.77645
-0.271294
0.586659
-0.231476
-0.56784
1.41599
0.445634
-0.469532
-0.586208
-0.0995499
-0.533047
-0.0741899
-0.199534
0.23771
0.593204
-0.177687
0.0509266
-0.108783
-0.0882621
0.269443
0.172752
-0.128277
0.298282
-0.0273563
0.123758
0.0336482
-0.147946
0.0974573
0.193888
0.293151
0.616439
1.01968
0.35516
-0.0316494
0.241491
0.0703243
-0.0234865
-0.224507
-0.228183
0.489273
0.669407
-0.762218
0.94793
-0.916085
0.426611
-0.334623
0.277783
0.200063
-0.582019
-0.353077
-0.127509
0.921017
-0.346626
0.241278
-0.163304
0.284056
0.622666
-0.0827418
0.988096
-0.204617
0.412722
0.158135
0.306638
0.101119
-0.0628137
0.313057
0.184521
-0.0705975
0.662382
0.651882
0.245694
0.142894
0.171553
0.283595
0.254518
0.0661421
0.770777
-0.499138
0.108839
-0.085751
-0.969934
-0.564132
-0.12426
0.0362876
1.06581
-1.1024
-0.0294039
-0.338912
-0.717514
0.708958
1.03465
0.232643
0.402085
0.121441
0.61694
-0.268368
1.99299
-0.503317
0.314247
0.347755
-1.19299
0.375432
0.745486
-0.410808
0.317752
-0.520938
0.0781999
-0.0401356
0.385359
0.0449031
-0.0121589
0.0467938
-0.57853
0.305053
-0.712807
-1.35574
0.328675
0.577087
0.899404
0.705781
-0.326634
0.398264
-0.456417
0.119474
-0.082133
0.349732
-0.640293
-0.267508
0.503747
-0.174992
-0.249623
-0.244766
-1.11928
-0.220437
-0.520212
-0.879629
-0.1605
-0.15332
-0.0503564
-0.376544
-0.7729
0.090281
0.130179
-0.010536
-0.650781
-0.249909
-0.0922001
0.363223
0.058256
0.0350751
0.00893807
0.722888
0.365854
-0.0737555
0.14119
0.955737
0.189615
-0.592786
0.0776014
0.285701
-0.82776
1.62714
0.267877
0.800034
-1.35633
-0.302944
-0.824455
-0.603806
0.911357
-0.991891
-0.561859
-0.0435682
-0.852349
-0.482078
1.15645
0.389391
0.102559
-0.474053
0.613225
1.15639
-0.960966
0.423028
-0.020041
-0.0123972
-0.0701287
0.285807
0.127997
-0.0623927
0.651361
-0.941862
-0.721775
-0.335089
1.11109
0.231096
-0.137369
-0.0472881
0.948862
0.864256
0.469482
-0.814222
0.175056
0.0449339
-1.08906
0.316201
-0.0488225
-0.481748
0.565113
-0.88522
0.626064
-0.0718459
-0.028201
0.0672303
-0.207224
-0.288662
0.20528
-0.253613
-1.46746
0.967762
0.496874
0.932882
0.0536091
-0.364965
-0.317872
-1.25459
-0.0844062
0.945661
0.386218
-0.546469
-0.271613
-0.0813065
-0.26765
-1.06753
0.299334
0.733579
-0.883126
-0.592025
0.625943
-0.717681
-0.784002
0.0414452
0.320335
-1.76246
0.0628028
0.241945
-1.35139
0.376244
-0.18232
-0.498971
0.877722
-0.154233
-0.184921
0.216293
0.104382
0.540493
-0.378032
0.0960871
-0.350521
0.305022
0.471467
0.356353
-0.0783563
0.262838
-0.441766
-0.318154
-0.61444
-0.665176
-0.87065
-0.591883
0.900949
-0.959785
0.160048
0.074175
0.815933
0.571636
-0.445464
0.00818887
0.183957
0.26369
-0.327247
-0.0925697
-0.726121
-0.487183
-0.780995
0.211792
-0.286666
0.453705
0.298012
0.194472
0.266892
-0.157721
-0.216562
0.174472
0.480331
-0.382962
0.214216
-0.500274
-0.0414243
-0.050119
-0.0498775
-0.143434
0.59507
0.413392
-0.749896
0.162942
0.239934
-0.804212
-0.57536
-0.255369
0.951012
-0.24462
-0.761067
-0.887407
0.193454
-0.148176
-0.52148
0.72419
0.361725
-0.135381
-0.741954
0.0101856
0.352614
-0.576123
0.889061
0.0230243
-1.21594
1.18595
0.180025
-0.138121
-0.432125
-0.286917
0.32763
-0.171008
-0.207218
0.08665
1.06638
0.373181
0.409838
0.335382
-0.0215094
-0.930652
-0.471761
-0.27629
-1.24605
0.412938
-0.739672
0.698228
-0.698361
-0.664319
0.383104
0.0964076
0.357939
-1.36434
0.360029
0.123475
-0.20892
0.982171
-0.405074
-0.749843
-0.374027
-0.553238
0.023274
0.444931
0.0295072
-0.352433
0.373712
-0.190038
0.583249
0.542904
0.475437
0.550091
-0.549768
1.30293
-1.3211
0.396011
-0.872546
0.0698626
-0.341199
-1.00497
-0.401695
0.84369
-0.00226742
-0.215437
-0.0133929
-0.336567
-0.225845
0.753429
-1.36345
-0.135646
0.326793
-0.0274132
-0.894512
-0.00837502
0.507855
0.0402421
-1.18184
0.064371
0.15933
-0.591747
-0.21948
0.495134
0.919659
0.23554
0.212658
0.738646
0.0751067
-1.34392
0.219308
0.296207
0.604447
0.111461
0.945995
-0.528928
-0.81409
0.486333
-0.620345
-0.0645724
-0.603132
0.220727
0.140472
-0.327224
-0.167056
0.606293
-1.10514
0.0486102
-0.185576
0.0583818
0.554994
-0.1106
0.864669
0.141748
0.220109
0.0765347
0.617134
0.439541
1.13136
-0.992757
0.501524
0.838838
-0.535367
-0.0916103
-0.633189
-0.342329
0.434114
0.615642
-0.0338207
-0.0496955
0.422021
1.01094
0.668559
-0.156573
0.324862
1.32632
0.237456
0.561777
0.0311721
-0.364403
-0.0611695
0.575934
-0.23204
-0.773816
-0.0116709
0.778321
-0.303376
1.00895
-0.225748
0.0690812
-1.09364
-0.712637
-0.0769519
1.12661
-0.710777
-0.327688
-0.523115
-0.0944813
-0.557551
-0.180603
-0.189599
0.139291
-0.355632
-0.00013168
-0.411478
1.28874
0.893126
-0.00607501
-0.525234
-0.666753
-0.0612601
-0.134398
0.577708
0.533268
-0.707423
-0.615205
0.120278
0.21935
0.720845
-0.00376757
0.0168478
0.139961
-0.376674
-1.04324
0.874543
0.492508
0.474377
0.413275
1.39941
-0.459632
0.288956
-0.28422
0.992222
0.165061
-0.225663
-0.733353
0.820058
0.924378
0.986646
-0.728424
0.0847616
-0.141483
-0.323893
-0.275462
-0.292314
-0.640789
-0.850221
-0.0141028
-0.648324
-0.331029
-0.368372
-0.449058
-0.608733
0.600907
-0.482903
0.440881
-0.324724
0.795805
-0.0704321
0.622645
1.70718
-0.88797
-0.0260216
-1.00614
0.425413
0.682072
-0.415279
-0.575859
-1.07846
0.189604
-0.765637
0.47997
1.00968
-0.0785234
-0.32023
0.283414
0.231894
1.22408
-0.169255
-0.0419664
0.538866
-0.2894
0.962054
0.823679
-0.82146
-0.752236
-0.251976
-0.108813
0.401358
-1.16522
-0.585092
1.18488
0.716645
-0.00563161
-0.0766057
0.162879
-0.233765
-0.197359
-0.659477
0.537871
0.393178
-0.155198
0.846513
-0.716937
-0.49064
0.413808
-0.181959
-0.499713
0.243236
-1.38493
-0.00575741
0.539551
0.810903
-0.746623
0.84111
-0.0936889
1.03594
0.881395
-0.466551
-0.0942595
-0.326098
-0.830059
-0.309364
-0.485785
0.25403
0.541852
0.637103
-0.102744
-1.01188
-1.29624
-0.16381
0.39659
-0.869854
0.661448
-0.0894403
-0.213051
0.027633
1.16677
-0.697011
0.0894505
0.37355
0.0840064
-0.587629
-0.29483
0.698999
1.35816
-0.0771455
0.125817
-0.658583
1.18555
0.342297
0.17249
-0.0607845
-0.631072
0.390703
0.0789262
-0.431035
-0.314236
-0.483831
-0.589068
1.82547
-0.667408
-0.807236
0.282119
-0.13616
0.489266
-0.494485
-0.179721
1.11238
0.501686
-0.254623
-0.755582
-0.134504
0.155566
0.0650876
-0.831943
-0.0229318
-1.22446
-0.67428
-0.298956
-0.433739
-0.423559
0.151319
0.0950786
0.126979
0.0990307
0.633633
-0.201682
0.338208
-0.664596
-0.560394
0.352108
-0.581173
0.597786
-0.149405
-0.419842
0.175
0.741625
1.34078
-1.27096
0.753525
0.0358987
-0.333322
-0.749459
-0.420261
1.28792
-0.929083
0.451235
0.779182
-0.348777
-0.124382
-0.902299
-0.264377
0.207486
-0.797067
0.904847
-0.551971
0.15878
-0.702963
0.255328
0.634355
-0.0348982
0.0136561
-0.735829
-0.231588
-0.239974
0.57301
0.163001
0.0586883
0.316404
0.593998
-0.372627
-0.448829
0.209058
-0.70002
-0.792248
-0.0164427
-0.567161
-0.442191
-0.13372
-0.870787
-0.874297
-0.60761
0.0385192
-0.11999
-0.589947
-0.173798
-0.465373
0.0542684
0.284376
-0.757097
0.0278294
1.02779
0.440462
-0.229727
-0.115742
0.245961
0.202197
0.224196
0.285746
0.210949
-0.650867
0.33628
-0.705802
-0.0694559
-0.469311
-0.373036
-0.489395
-0.402271
0.294648
-1.87164
0.455061
0.354303
0.307949
-0.0838421
-0.0148469
0.0154754
0.336719
-0.207302
-1.07333
0.0585192
-0.154349
-0.4129
1.0234
-0.0633364
-0.0656426
0.83731
0.146116
-0.452206
-0.914027
0.0238532
-0.121116
-0.438838
-0.582189
-0.573507
0.596893
0.673723
0.436325
-0.676166
0.0558041
-0.432519
-0.0847956
0.787381
-1.16686
-0.178238
-0.285818
0.807237
-0.804419
1.20196
0.433215
-1.22425
-0.0539905
0.271919
-0.0943433
-0.179055
-0.258269
-0.427261
0.470513
-0.340159
-0.996925
0.438314
-0.391656
0.727659
0.337466
0.908191
0.951228
-0.876062
0.562001
0.0289069
-0.057241
0.4683
-0.643525
0.262341
1.11227
1.02722
0.386397
-0.444286
0.0570062
0.51949
0.993036
0.473671
-0.441688
-0.363148
0.954081
0.164257
-0.354168
0.341838
-0.316807
0.16766
-0.178202
0.220172
0.331184
-0.060797
-0.0896015
0.333707
-1.17012
-0.656621
0.273513
0.310566
-0.21164
0.548659
0.220377
-0.703406
-0.680441
-0.122848
0.249681
-0.799479
-1.1295
-0.656743
0.210343
-0.459757
0.680769
0.223077
0.199977
0.846948
0.00163283
0.591615
0.0275916
0.185805
0.443233
-0.453849
-0.591234
0.290492
0.402794
0.0421899
0.39379
0.250909
-1.00048
-0.352734
0.218902
0.479113
0.164019
-0.346258
-0.00344815
0.639249
0.20329
0.416335
1.63332
0.411792
0.522198
0.205283
-0.209252
0.158818
-0.021136
-0.128485
0.0636512
-0.105538
-0.292069
-0.384701
0.349716
-0.0288397
-1.03245
-0.0756218
-0.236318
0.0902963
0.318816
-0.462039
-0.0213449
0.812208
-0.377688
-0.775137
-0.131545
-0.225262
0.472279
-0.393543
0.855191
0.42477
0.746558
-0.322193
-0.0592018
-0.547215
-0.514098
-0.292636
0.100598
-0.16033
0.08068
-0.936255
-0.614761
0.995051
-0.389697
0.468878
0.398551
-0.447323
0.957811
-0.445416
0.0961023
-0.548276
0.643261
-0.264929
0.56786
0.140597
0.317823
0.393069
0.127391
-0.518722
0.257713
-0.8814
-0.00187833
0.482776
-1.49995
-1.05915
-0.146233
0.239097
-0.172754
0.124967
-0.396101
-0.0813922
-0.544016
0.127792
1.29498
0.288813
-0.308096
0.215717
-0.63445
1.61664
0.153686
-0.996799
-0.112029
1.0339
-0.306909
0.183306
0.202611
0.331258
-0.615278
0.790396
0.123295
0.240488
-0.554942
0.741548
-0.172704
-0.608224
0.228318
-0.766558
-0.0409729
0.938512
-1.38816
-0.695806
-0.296193
-0.0123162
-1.05331
0.825029
0.508894
-0.0523774
1.51726
-0.601392
-0.149786
-0.0781962
0.107124
0.0525472
-0.247628
-0.127367
-0.418652
-1.08337
0.0652593
1.04121
0.979099
-0.192313
0.101852
0.185264
-0.980203
0.725227
0.649678
-0.0864381
0.342959
-0.237741
0.32616
0.883332
-0.31478
0.611773
-0.00739197
0.0465974
-1.25296
0.254134
0.0856399
0.697872
-0.243375
-0.198919
-0.165061
-0.333435
0.468012
-0.779912
0.402976
0.580487
0.823693
0.0480958
-0.205112
0.60805
0.0242109
0.15088
0.0791998
-0.194652
0.386258
0.726649
-0.585989
-0.18776
-0.0926233
-0.480387
1.07317
0.622212
-1.37949
-0.0548882
-0.578399
-0.324257
-0.441554
-0.547181
0.614877
0.208373
-0.662798
-0.794488
0.0357224
-0.131652
0.472269
-0.0602067
-0.286441
0.212734
0.231413
-0.152616
0.570547
-0.33847
0.511406
0.517901
0.410204
-0.370643
0.785061
1.03548
0.151494
-0.661455
0.913423
-1.2007
0.906991
-0.451576
0.349969
0.415597
0.200821
0.169587
1.13766
1.31079
-0.656113
-0.776699
0.723966
-0.357257
-0.0206104
0.551121
0.330045
-0.456663
0.867648
-0.0172589
0.628831
0.377733
1.45465
-0.0989535
1.18833
0.401364
0.265105
0.820812
0.490106
-0.374715
0.341579
0.210001
-0.587216
-0.0220501
0.479366
0.442423
0.419774
0.235482
-1.10392
0.937712
-0.322818
0.198874
0.107516
0.606826
-0.274023
0.207934
-0.159276
0.324787
-0.968252
0.498064
-0.40945
-0.0389697
-0.538522
-0.146781
-0.924146
-0.174694
-0.0584092
-0.177933
0.298336
0.266507
-0.598224
0.811248
-0.203886
-0.350414
0.267756
-0.4876
1.32147
-0.405596
-0.60559
-0.217312
-0.106001
0.412312
0.558751
-0.321061
-0.855172
0.539097
-0.324258
-0.17604
-0.410957
0.434573
-0.111624
0.249107
-0.265384
-0.1509
0.0322499
0.142339
0.364292
-0.116722
-0.422792
0.243766
-0.783541
-0.934889
-0.469455
-1.21433
-0.191603
-0.229818
0.191771
0.230992
-0.495337
0.424829
0.381218
0.0128742
1.11964
0.942564
-1.10236
0.0392923
-0.694922
-0.237713
-0.278239
-0.888877
0.623443
0.471004
0.146218
-0.203678
-1.06654
-0.463664
0.338825
-0.339499
-0.228366
0.648774
-0.810079
0.206957
-0.855035
0.546588
0.321483
-0.661322
-0.600209
0.136213
0.285217
-0.930876
0.166247
0.362787
0.201945
0.283776
-0.0214096
0.636399
0.156892
-1.16034
-1.21103
-0.00846557
-1.05272
0.503702
-0.313938
-0.502883
0.289145
-0.413778
-0.443435
-0.350861
0.326994
0.40948
0.528696
0.0866197
0.340187
0.273622
0.158146
-0.997028
0.205619
-0.378149
0.462345
-0.140062
-0.216283
0.19663
-0.0929778
-0.328399
-0.281115
0.430692
-0.729903
0.57923
0.174538
0.187159
-0.612686
0.733713
-0.36948
-0.417071
0.527035
-1.07096
0.153111
-0.273785
-0.0494722
0.53475
-0.564146
-0.085758
-0.566166
-0.144894
0.628292
-0.546926
-0.00347701
-0.0965555
0.759284
1.04045
-0.0223746
-0.542236
-0.709316
0.151358
-0.0300988
-0.839301
0.204571
-0.110044
-0.623779
0.40141
-1.13461
-0.142256
0.0583694
-0.290106
0.197248
0.883513
-0.247346
-0.47566
0.0518321
-0.279061
-0.652581
0.0849487
0.0359236
0.534978
-0.312763
1.30544
-0.416219
-0.388403
0.346014
-0.077589
0.0625973
0.819821
1.04618
-0.221655
-0.344942
-0.50516
-0.707623
1.39009
-0.032406
0.818633
0.0760839
-0.221216
-0.571434
-0.0785483
0.61011
-0.582324
1.01544
0.0236102
0.379501
0.521767
0.775839
-0.701781
0.0389651
-0.408568
1.13657
0.567036
0.113992
-0.448923
-1.13086
-0.0821127
-0.732521
-0.41305
-0.030878
0.202502
-1.13727
-0.394204
-0.0310665
-0.395697
-0.751767
1.21839
-0.227344
0.246359
-0.351212
0.585884
0.392476
-0.656156
-0.107948
-0.259477
0.50642
0.361336
-0.0570121
-0.97015
-0.56377
-0.75895
0.237438
-0.731868
-0.570722
0.422732
-0.531778
0.423371
0.11519
-0.351636
-0.486901
0.239403
0.155488
-0.357733
-0.154046
0.728931
0.46196
0.365213
-0.507671
0.486439
-0.815047
0.540463
-0.0740517
0.231026
0.54868
0.583403
-0.231086
-0.0738784
-0.17502
0.610786
-0.285981
0.32051
0.19264
0.753394
-0.457984
-0.483803
-0.335146
0.633534
-0.394592
-0.150965
-0.0338884
0.346071
-0.162938
0.0794883
-0.314173
0.0175875
0.314962
-0.063779
-0.200301
0.0999343
-0.511088
-0.560322
0.434426
0.302038
0.00710202
-1.51394
-1.30085
0.224466
0.111099
-0.137301
0.135374
-0.251712
0.393525
-0.578171
0.0698958
-0.604531
0.0846015
0.534229
0.489938
0.45951
0.80034
0.215448
-0.623183
-0.346448
-0.457599
-0.174047
-0.0564789
-0.598017
-0.872562
-0.652924
0.244449
-0.656154
0.360798
0.884887
-0.0746509
0.429353
1.08097
0.782476
-0.287341
-0.429857
-0.330248
0.415685
0.12068
0.450804
-0.374137
0.284902
-0.711505
-0.584324
0.710596
0.517082
0.366821
-0.835173
0.615655
0.799486
0.190415
0.779279
0.617413
-0.53008
-0.0158492
-0.483588
0.933409
-0.0383758
-0.1847
-0.4647
-0.837277
-0.723276
-0.523482
0.0250791
-0.0344205
-0.243662
-0.46677
0.330882
-0.163679
-0.783064
-0.815485
-0.109341
-0.231421
0.746756
-0.0465969
0.185789
-0.186201
0.146139
-0.0934007
0.0518739
1.41421
0.128919
0.343601
-0.843206
0.265235
0.158199
0.247636
1.11877
0.247126
0.0837347
-0.879071
0.877001
-0.155796
-0.672651
0.19367
0.0296435
0.879799
0.676149
-0.447378
0.0599506
-1.15769
0.137287
-0.0068562
-0.446488
-0.696782
0.997853
-0.355243
0.281775
-0.782411
-0.311223
-0.691265
-0.141063
0.487563
-1.14619
0.395135
-0.756974
-0.912518
-0.482998
-0.364859
-0.502156
0.432057
-0.649199
-0.544415
-0.69015
0.242933
-1.0928
-0.329515
0.352368
-0.258031
-0.839876
0.256247
-0.405987
0.187995
-1.02668
-0.213736
0.572457
-1.11037
-0.113776
0.26797
-0.900702
0.0673088
0.290604
-0.575336
-0.894874
0.588479
0.835696
0.345151
0.757708
0.283279
-0.307366
0.0313549
0.163401
-0.741271
0.715133
-0.494151
0.335991
0.517843
-0.261765
0.220702
0.228402
0.190342
-0.446963
0.101991
-0.742709
-0.471007
0.359597
0.124846
0.0169212
0.367352
-0.206842
-0.126526
-0.120898
-0.463467
0.833489
0.0404747
0.139771
-0.537248
-0.334434
0.0586628
0.779321
0.0280835
0.220521
0.135115
0.417008
0.406906
-0.0474056
0.0712156
0.373513
0.162603
-0.318833
-0.0861885
-0.0429392
0.149133
0.0521853
-0.0693954
0.499867
-0.779385
0.175157
-0.391875
0.363324
-0.56586
1.03096
0.508986
0.421568
0.0172892
0.0480536
0.283759
-0.522156
0.481576
-0.278544
-1.11615
0.157003
0.854498
0.00658126
-0.387991
-0.449386
-0.165481
0.138627
-0.433267
-0.0959103
-0.27791
-0.874812
0.0296992
-0.415809
0.140352
-0.747858
0.667954
0.127022
-0.239232
-0.277537
-0.668513
0.593865
0.792034
0.777445
-1.05321
-0.199653
0.463642
0.264228
-0.124271
-1.11604
-0.616955
0.59935
-0.0704076
0.0989395
-0.561855
-0.96755
-0.617924
0.480752
0.927196
0.383906
0.112737
0.216987
0.398309
-0.241015
0.781601
0.356311
0.709718
-0.147611
0.258239
-0.32061
-0.0639887
-0.569227
-0.231875
0.308865
0.082059
0.636944
-0.0545211
-0.411872
0.235256
0.310837
-0.277909
-0.06817
-0.447597
0.631286
-0.69708
0.0582297
0.446982
-0.0865251
-0.142618
-0.0969323
0.718335
-1.23452
-0.154697
0.654689
-0.753472
0.184696
1.25365
0.0662821
-1.27084
-0.656528
-0.303231
-0.66202
0.44797
0.464429
-0.216799
-0.00464272
0.181252
-0.365237
0.0233531
0.427893
0.0460313
-0.707459
-0.315162
-0.551544
0.556562
-0.345949
-0.967767
-0.557309
-0.775461
0.156957
1.44501
-0.544256
-0.349609
0.32377
0.404081
-0.826661
-0.190472
0.766442
-0.411762
0.486894
-0.652196
0.105681
-0.290005
-0.513777
0.301935
-0.465371
-0.636266
0.0998029
0.494833
-0.352746
-0.664107
-0.372009
-0.370007
-0.47591
0.0332405
0.162317
1.39436
0.633712
-0.266886
0.222508
0.0527562
-0.405578
0.600299
-0.496074
0.748086
-0.17199
-0.326957
0.341812
-0.765811
-0.558109
0.182569
-1.20795
0.158528
-0.13086
-0.356628
-0.37759
0.152239
0.803089
0.0780379
0.014021
1.08457
0.442478
-0.229368
0.212377
0.769482
-0.24342
-0.158799
-0.480604
-0.366363
0.261555
0.383217
0.475773
-0.016784
0.0785729
-0.348234
1.2479
-0.75501
0.466216
-0.222368
0.120924
0.0746823
0.540341
-0.177021
1.47606
-0.496385
-0.458891
0.176291
0.476064
-0.317922
-0.415259
-0.105745
0.218008
1.24619
0.199986
-0.264547
-0.0230416
0.567559
0.245533
-0.027462
-0.00128691
-0.305206
0.254476
0.609564
-0.55002
0.230621
-0.423987
-0.786104
0.121444
1.29157
0.514302
1.04621
-0.0162744
0.444288
0.727544
0.361479
0.0847651
-0.293343
-0.847278
-1.11767
0.0287014
-0.274643
1.16314
0.704931
0.00707182
0.933085
0.256999
-0.141628
-0.597813
-1.4036
0.044636
-0.113599
0.232361
-0.423264
0.214314
-0.168723
0.448379
-0.730166
0.0737344
-0.864077
0.190694
-0.753454
-0.0479213
-0.177221
0.215646
0.539036
-0.0236941
-0.366415
-0.418083
1.29189
0.249487
-0.389018
-0.356036
0.203896
0.432678
0.0832248
-1.22868
0.102076
-0.51521
-0.649872
0.421435
0.191632
-0.0613937
-0.448572
0.770288
1.11619
0.0885427
0.626581
0.09106
0.17224
0.522553
0.0302861
0.0406381
0.243046
1.17081
0.748292
-0.10757
-0.991824
0.273453
0.750195
0.205645
0.209389
-0.383172
0.631545
-0.732031
-0.413857
0.281355
-1.13514
0.517552
0.54824
0.200241
-0.610651
-0.397966
-0.0566919
0.367166
1.63032
0.356349
-0.578596
0.697841
0.281513
-1.4176
-0.882451
-0.31276
-0.0338539
-0.520808
-0.275893
0.527701
-0.11538
0.458178
0.786686
0.253373
0.434856
-0.359494
0.301
0.0216423
0.348606
-0.4809
-0.043448
-0.17785
-0.933732
0.227698
-0.575078
-0.803562
-0.428913
-0.604576
-0.146131
-0.0731379
0.0113316
0.62685
-1.40443
1.07868
0.359153
-1.06828
-1.10244
0.179275
-0.395497
0.273199
0.0651254
-0.0435305
0.566568
0.317711
-0.260523
-0.686976
0.56089
0.0695167
0.372018
-0.354721
-0.13504
-0.421477
0.197314
0.46283
0.319848
0.522516
-0.385254
0.75913
-0.456791
0.143072
-0.587524
-0.5469
-0.857833
-1.16086
0.0183897
0.529226
0.160242
-0.0909785
0.0151793
-0.607024
0.308686
0.0111242
0.542957
0.899356
0.505583
0.19295
0.276324
-0.984955
-0.34957
1.25527
-1.43907
0.102658
-1.05718
-0.730399
-0.40656
0.427321
-0.0914799
-0.836212
-0.606771
-0.356719
-0.360506
-0.568294
-1.09627
-0.150155
0.614578
-0.503944
-0.364671
-0.107922
0.339913
-0.503111
-0.813112
0.857405
0.0922793
0.655759
-1.22917
0.395981
0.652656
0.510336
-0.4512
-0.537796
0.273714
0.20704
0.168839
-0.390305
0.401984
0.449936
0.0574138
-0.55299
-0.180226
-0.661249
0.560631
-0.146788
0.757615
-0.0467068
-0.976987
0.167094
-0.21505
-0.582114
-0.533691
0.210493
0.437107
0.40382
-0.489134
0.262292
1.17936
0.559248
0.78527
-0.341553
-0.0159984
-1.29624
-0.0891523
-0.743269
1.33738
0.737604
0.566027
1.03734
-0.646858
0.562358
-0.338014
0.0792825
0.572837
-0.518241
0.537705
-0.612762
0.219029
1.15456
-0.113611
1.05269
0.0100378
-0.580945
-0.464649
0.993623
0.157638
-1.21278
-0.0636534
0.331977
-0.197834
0.477856
0.756828
-0.0930254
0.708809
-1.01278
-0.281967
-0.467884
0.015891
0.44901
0.41935
-0.358652
-0.435243
0.41054
0.208611
0.204382
0.510771
1.0093
-0.125611
0.00862597
0.920857
-0.724313
0.50269
0.0355292
0.0336408
0.616695
-0.862629
-0.25863
0.537554
-0.893239
0.384816
-0.577833
-0.819368
0.0347341
0.0673934
-0.184174
0.875275
1.05905
0.567057
0.767047
0.234119
-0.505838
-0.357199
0.608296
-1.39487
0.615959
-0.124461
-0.316184
0.287879
-0.900233
0.319804
-0.137373
-0.400417
0.368836
1.12025
0.566119
0.348778
0.191063
0.265187
0.0226545
-0.570752
0.453072
-0.985917
0.465481
-1.30901
0.522299
-0.409381
1.44026
-0.811195
-0.359475
-0.888777
0.331524
-0.709216
0.201471
-0.55927
0.746985
0.807779
-0.896251
0.817975
-0.61529
-1.72149
-0.896422
0.198567
-0.338732
0.0820221
0.219469
-0.670643
-0.324871
0.161424
-0.00290984
-0.046859
-0.456583
-0.0811223
-0.0173638
0.69885
0.706426
0.568913
-0.0398542
0.702046
0.938108
0.704589
-0.679449
0.719671
-1.37099
0.30117
0.0395802
-0.3221
0.629996
-0.251151
-0.306112
0.0245425
-0.728467
0.561928
-0.405657
0.801985
0.328248
-0.195654
0.00768891
1.04152
0.908163
-0.056511
0.988938
-0.478067
-0.161176
0.0869279
0.911728
0.170125
0.238205
0.781142
0.0101907
0.0309366
-0.871974
-1.13513
-0.452392
0.773448
-0.323333
-0.183626
0.840376
0.713522
1.00572
0.516734
-0.130263
0.352603
1.06422
0.547595
0.532371
0.201978
-0.304019
-0.381745
0.496225
-0.644239
-0.460683
-0.113671
0.0547274
0.0253639
0.996723
0.339718
0.995279
-0.235258
-0.582558
-0.0274573
-1.01018
-0.268007
0.102032
0.844751
-0.127985
0.423847
0.236446
0.121869
0.0718847
0.0753345
-1.12478
0.324231
0.750531
0.704893
0.408873
-0.223903
-1.10615
-1.12819
0.0946508
0.460893
-0.445493
-0.27416
-0.170431
-0.439553
0.653441
-0.488758
0.535843
-0.283131
-0.701903
-0.275595
0.857905
-0.612755
-0.785994
-1.04608
0.750399
-1.10671
-0.548273
-0.405122
0.994897
-0.0654817
-1.08738
0.484943
-0.209282
-0.318527
-0.603069
1.17814
-0.67545
-0.121333
0.554942
-0.463849
0.839908
0.789167
-0.558839
1.25764
-0.471743
0.0178963
-0.774916
-0.39209
-0.722476
-0.272181
0.123602
-0.270167
-0.914271
0.086815
-0.485678
-0.324285
-1.28349
-0.353929
-0.1424
0.0867302
-0.685055
-0.472161
0.159362
0.0334444
0.0696846
-0.733673
0.00482705
0.186061
0.795449
0.362547
0.336538
0.155539
-0.656436
-0.881226
0.0262122
0.74012
1.28104
0.0920419
0.215142
0.130774
-0.196447
-0.50441
-1.18248
-0.614958
-0.549966
-1.27976
-0.162026
-0.818698
1.13419
-0.91081
0.733474
-0.164402
-0.608232
-0.873776
-0.65024
-0.477501
0.394385
-1.06993
0.00614389
-0.4171
0.177578
-1.23271
0.383978
-1.00886
-0.0659697
0.446749
0.0446735
-0.706594
-0.216958
-1.31803
0.0712152
-0.464773
0.498086
-0.216445
1.0224
0.942777
-0.621531
0.269868
-0.47618
0.165207
0.0501486
0.533336
-1.12374
-0.162685
0.0261289
-0.677871
0.80177
-0.907668
-0.637703
0.599606
1.17013
0.308251
-0.738716
0.442287
-0.792657
0.789214
-0.347789
0.703597
0.0689252
-0.177848
-0.000729565
0.575591
-0.248844
0.444011
0.275198
0.345718
0.199443
-0.526021
0.215108
-0.56305
-1.12192
-0.455289
-0.567122
0.0912159
0.878592
-0.342153
1.14214
0.737545
0.0075553
0.485698
0.043735
-0.716639
-0.819524
-1.11721
-0.0743882
0.454358
0.602539
0.159995
0.609541
0.815853
0.623206
0.347475
-0.542596
-0.264786
-0.170326
-0.224193
0.511579
0.166551
0.740197
-0.732549
0.647915
-1.34224
-0.258186
0.239278
-0.47058
-0.369178
0.581804
0.414534
1.31398
-0.430178
0.363325
1.08936
0.211452
0.412129
-0.624009
0.045955
0.315182
-0.081719
0.612825
-0.955788
-0.0262317
-0.335155
-0.221767
-1.00624
-1.10519
-0.177183
-0.296613
-0.483204
0.340276
-0.118466
0.425083
-0.353806
-0.873381
0.357559
-0.494004
0.0600146
0.0265892
-0.114199
0.714319
-0.714093
0.32373
-1.32453
0.315161
-0.866387
-0.150123
-0.028535
-0.599493
0.0798882
0.621142
0.420307
0.328454
0.0501168
0.085768
-0.00593021
-0.0355025
-0.273123
0.432083
0.334928
0.372108
-0.136035
-0.223145
-0.176439
0.22602
-0.918995
-1.50286
0.295816
0.679962
-0.237067
-0.0670556
-0.0399241
-0.0729611
0.218921
0.213874
-0.325943
0.643018
0.172233
1.72036
-0.0391722
-0.0947826
0.377143
0.135934
-0.0201936
-0.0855287
-0.871436
0.26053
-0.0409168
-0.432847
0.164487
-0.0901629
-0.00743985
-0.375126
1.02239
0.460711
-0.730265
1.31313
1.04276
0.337711
-0.141788
-0.462621
-0.454183
0.520759
-0.982126
-0.241369
-0.75138
-0.160318
0.139406
1.5365
-0.0627844
0.774776
0.651345
0.136918
-0.657221
1.31603
0.367906
0.319153
-0.059443
0.585075
-1.06604
0.604511
0.248901
0.520396
-0.160746
-1.02618
-0.561067
0.448453
-0.609807
-0.0263758
-1.32161
0.150508
0.288293
0.583326
-0.84033
1.68529
0.514042
-0.724935
-0.139528
-0.12425
-0.235605
-0.248018
-0.57741
0.0634464
0.173046
0.652209
0.359548
0.60774
1.01416
0.470568
-0.336243
0.575292
-1.14162
0.316275
-0.859491
0.666525
0.409702
0.215316
0.887281
0.434979
-0.1609
0.0757052
0.638286
-0.51983
1.16602
-1.42502
-0.631789
-0.39
0.276146
-0.582621
-0.271567
-1.28232
-0.823088
-0.945671
-0.112451
-1.12272
0.72511
0.380178
-1.12616
-0.538406
-0.108211
1.12135
-0.238157
0.0455485
-0.463431
0.772057
-0.345581
1.4846
0.639359
0.0327239
0.087576
0.268466
-0.86328
-0.0766164
-1.20773
-0.0431334
-0.442862
0.0573077
0.216572
-0.431795
-0.947778
0.239044
-1.38897
0.834122
-0.411644
1.17348
-1.01814
1.10176
0.513181
0.766909
-0.331977
0.208521
-0.355341
-0.212701
1.33074
-0.0474001
-0.111097
-0.88015
1.40301
0.381897
0.903252
-0.423569
-0.686344
-0.052524
0.364118
0.236229
0.294967
0.785324
-0.880431
0.451071
-0.45251
-1.40151
1.3143
1.0155
0.34883
-0.438718
0.219964
-1.03866
0.782657
-0.942622
-1.08313
-0.318227
-0.152024
0.39313
0.510881
-0.534979
0.0259324
-0.262127
-0.402395
-0.0926566
-0.0138384
0.0849962
-0.118831
-0.135016
-0.159922
0.211206
-0.518522
-0.491519
0.141694
-0.22894
0.353585
-0.166954
0.0641721
0.257939
-0.0780461
-0.356942
0.853297
-1.56847
-0.702387
-1.23174
0.154789
-0.449797
0.625561
0.381406
0.655188
-0.00350786
0.483106
0.22913
-0.165572
-0.340503
0.0823601
0.361059
0.332891
-0.130172
0.686748
0.00353095
0.0910318
0.216637
0.0351885
-0.131714
0.147857
-0.173117
-0.06714
-0.148144
0.691593
-0.0681081
0.0679696
-0.213228
0.105738
0.390202
-1.20472
0.0165825
0.525796
0.897098
-0.0160647
0.784705
-0.235809
-0.16338
0.360016
0.777114
-0.432206
-1.1565
0.121679
0.0911114
-0.355022
-0.929208
-0.137889
-0.161361
0.385182
-0.610486
0.445223
-0.320917
0.57932
0.132982
0.304691
0.819655
-0.879391
0.773462
0.197233
-0.0187573
0.383527
-0.616217
-0.147557
-0.240187
-0.171176
0.654072
0.558596
-0.145149
-0.428206
1.07485
-0.381003
-0.515651
-0.377965
1.05693
0.612335
-1.39631
-0.200419
-0.160973
-1.12379
0.415643
0.553076
0.450542
0.449508
0.620365
0.433258
0.760394
0.0616198
0.228414
-1.63283
-0.299252
0.20976
0.640351
0.0420078
0.0335284
-0.408062
-0.43614
0.467039
0.244063
-0.089181
-0.439945
-0.11801
0.615621
0.669915
0.47237
0.474387
-0.0513345
-0.73732
-0.216832
-0.295465
0.333078
0.740134
1.01698
-0.464613
0.70547
0.40981
-1.14523
0.0460265
0.524467
0.296194
-0.0304325
0.638404
-0.00402849
-0.484813
0.472058
-0.0546677
0.377816
-0.314935
0.869746
-0.456716
0.0812021
0.665229
0.258605
-0.644314
-0.490104
-0.479742
0.785865
-0.963413
-0.976646
0.405447
0.605363
-0.528083
-0.323716
-0.0666694
0.651732
-0.485088
-0.580797
0.219605
-0.709943
0.0312366
-0.226597
1.28853
-0.22721
0.850358
0.384465
-0.554786
0.221341
0.444145
-0.219318
-0.541593
0.771925
0.179475
0.310635
0.800561
-0.617666
-0.911035
0.0268338
0.636533
0.587017
1.19933
-0.504094
0.385618
-0.0894216
0.0369505
0.608242
0.424111
0.270841
0.97915
-0.592392
0.118346
-0.820725
0.0806847
0.038859
-0.341881
-0.494387
-0.263279
-0.543352
0.401211
-0.159974
0.254865
-0.0318634
0.806106
0.359791
-0.701964
-0.532257
0.534707
-0.205103
-0.0401099
0.306826
0.0302791
0.794312
1.24008
-0.33339
0.170347
-0.157508
-1.05735
-0.390677
0.274872
-0.00296305
0.600411
0.0692602
-0.229264
-0.414914
0.30914
0.094411
-0.581208
-0.703392
-0.362954
-0.281439
0.778865
0.0485249
-0.255211
-0.00630378
-0.727421
-0.534675
-0.261513
-1.20904
0.295475
-0.16453
-0.65975
0.0712802
0.721485
0.523515
0.179043
-0.0372575
0.311079
0.00283664
1.73213
-0.965895
-0.684341
-0.382987
-0.317171
0.263678
-0.121854
0.499029
0.101313
-0.360195
-0.752323
0.735324
-0.162475
-0.432594
0.729616
0.944028
-0.00474566
0.472968
-0.311679
0.0634748
0.525879
0.579718
0.458208
0.428547
0.703167
0.686199
0.112272
0.214298
-0.572998
0.428717
0.393098
0.449787
0.456496
0.209496
1.34752
0.987257
-0.17047
0.324735
0.00947797
-0.191405
-0.245215
-0.239636
-0.252258
-0.399005
0.481477
0.422281
0.289784
0.2694
1.06236
0.127585
0.908171
-0.761903
0.586695
0.0453026
0.296482
0.0397697
0.269199
-0.159307
-1.31538
0.905307
-0.674291
0.0770619
0.702443
0.087515
-0.485969
0.57222
0.945286
1.31578
0.96305
-0.938214
-0.413509
-0.51835
0.299451
0.601794
0.587339
0.576669
-0.472576
-0.817151
0.259607
-0.472718
0.0195026
-0.0730494
-0.676062
-0.558158
-1.03487
0.447404
-0.159852
0.382229
-0.0880628
-0.39262
-0.616789
-0.00696184
0.703147
0.40519
-0.238687
0.392549
-0.0696204
-0.141098
-0.121311
-0.375306
-0.212977
0.679277
-0.358242
0.56387
1.18691
-0.0652264
0.0529932
-0.192029
0.793207
1.09844
0.937782
0.883865
-0.17604
1.23885
-0.521886
-0.0177279
-0.421235
0.519141
-0.154746
0.30245
0.0575062
0.310298
0.0387029
0.0118692
0.442439
-0.00968944
0.823588
-0.0220013
-0.385779
-0.0169413
-0.140173
1.42039
0.267384
0.0637842
-0.534937
-0.966846
0.448877
0.359428
0.666738
-0.662972
0.934342
0.570483
0.368311
-0.363343
0.0756254
-1.07607
-0.611517
-0.00219991
0.438609
0.24137
-0.709126
0.355917
-0.133783
0.171308
-0.179524
-0.67045
0.790514
0.00616381
0.548922
-0.355527
0.806002
-0.225081
0.834206
-0.722563
-0.709832
0.815712
0.534534
-0.569185
0.665833
1.01718
-0.869392
-0.948847
-0.863
0.309464
-0.700958
-0.013447
0.0316985
0.126952
-0.464648
-0.847418
-0.572389
-0.463378
0.339559
-0.0216214
1.55585
0.250048
-0.0939659
0.20061
-0.55609
0.0148055
-0.94882
0.0965883
0.504809
0.674836
-0.463389
-0.270331
0.0418975
-0.442958
0.74254
0.45157
-0.437339
0.0326583
0.291897
-0.101403
-0.466414
1.81284
-0.459455
0.0613984
0.153321
0.15392
0.481653
-0.875979
-0.0297595
0.317794
-0.6611
-1.19864
-0.323457
0.25011
0.311813
0.564888
0.121275
-0.424767
0.558579
0.282568
-0.410679
0.57496
0.168814
0.624691
-1.11836
1.20084
-0.295858
-0.22732
-0.840879
0.283973
-0.589596
0.273661
-0.139536
0.274048
0.074449
0.492736
-0.0028081
-0.410206
-0.444102
-0.175311
0.482453
-0.381808
0.229496
0.234556
0.605234
0.639055
-0.436038
-0.395438
0.148241
0.0674408
0.795522
-0.495405
-0.578399
-0.42771
-0.618492
-0.449324
0.245301
1.10534
0.292821
-0.760811
-0.096184
0.18759
-0.0244617
-0.0187976
-0.909966
-0.108416
0.0846957
-0.241826
0.0669996
0.0853615
1.01792
-0.29647
0.535743
0.0739201
0.100453
0.578198
-0.117902
0.0291541
0.438879
1.13926
-0.426748
0.127345
-0.598607
-0.81829
-0.845409
-0.372054
0.20398
0.327478
-1.01949
0.407168
-0.257327
-1.1734
0.937186
0.679118
-0.720182
-0.620641
0.335444
-0.7014
0.438944
0.243433
0.470934
0.130152
-0.513042
0.00673245
-0.121911
-0.0745316
0.862138
0.151724
0.815075
0.0595525
0.342442
-0.0183207
0.315468
-0.34169
-0.132599
0.248476
-0.526935
0.598129
0.385632
-0.283306
-0.32588
-0.641871
-0.869723
-0.346288
0.373334
-0.172386
0.723896
-0.0833381
-0.174489
0.0871037
0.346189
-0.0532816
-0.904414
-0.0301789
0.4348
-0.527117
-0.229508
-0.0967992
-0.402746
0.454463
0.295664
-0.953164
-0.471665
-1.71347
-0.522991
0.539636
-0.285899
0.409988
1.08929
-0.0451979
0.381154
-0.170902
0.578071
-1.05608
0.0114935
-0.0436638
-0.0743268
-0.26437
-0.736179
0.378979
-0.362306
0.138737
-0.810244
-1.30872
-0.1022
-0.287171
-0.357551
0.165149
0.894328
-1.00539
0.344539
0.0197757
-0.822081
0.553571
-0.226519
-0.0114505
0.0157265
0.0514716
0.433179
1.24028
1.09239
0.218743
-0.496846
-0.39618
0.656515
0.623869
0.333376
0.914333
0.0790345
0.27742
0.257787
-0.401161
0.0347664
1.03983
1.20508
0.412819
0.104768
-0.329895
-0.0142379
0.772027
-0.686899
0.586452
-0.669431
0.0840199
0.675328
0.195373
-1.12681
-0.599528
-0.363211
-0.409128
0.730014
0.845259
-0.749177
0.0237543
-0.18525
0.0333986
-0.393094
-0.276438
0.696544
0.122636
-0.0143387
0.147092
-0.568629
-0.379991
0.129547
-0.223325
0.234265
0.850378
-0.286195
-0.470862
0.891296
-0.753997
0.162372
-0.0881905
-0.993858
-0.437001
0.8456
0.615739
0.478178
-0.447565
-0.437474
-0.0565619
-0.475042
-0.541759
-0.576072
0.388507
-0.568292
0.878381
-0.214845
-0.370188
0.158544
0.567305
0.247389
-0.165121
-0.0222996
-0.168644
0.23035
-0.457801
0.344428
-0.764453
0.0574048
-0.326311
-1.0351
-0.096858
1.70917
-0.986887
0.215691
-0.806976
-0.0636547
0.655038
-0.464235
1.00095
-0.232737
-0.258381
-0.82459
-1.00132
-0.172409
-0.346128
-0.666473
0.203822
-0.257105
-0.236106
0.446227
-0.783973
-1.49313
0.338836
-0.067949
-0.606149
-0.747576
-0.0776425
0.389629
-0.0997493
-0.524059
-0.520552
0.621572
0.174784
-0.646079
-0.551556
0.348369
0.0630416
0.272523
0.651554
0.157201
-0.229306
0.44161
0.398001
-0.324382
-0.0230355
-0.0460579
0.466935
0.169713
-0.947838
0.692004
0.126309
0.178633
0.218191
-0.00110089
0.123031
-0.83832
-0.499024
0.0224487
0.826261
-0.339224
0.232683
-0.680715
0.141545
-0.107043
0.488182
0.0602755
0.305674
0.166298
-0.795915
0.550724
-0.546865
0.662449
-1.37615
-0.0338473
0.494102
0.599058
-0.885281
0.816234
0.724462
-0.254969
-0.386898
0.0777993
0.617091
1.75053
-0.73318
0.533703
-0.785453
-0.170729
0.495646
-0.0104996
-0.0133423
-1.25283
-0.581468
0.427149
0.70756
-0.570334
0.899142
0.492436
-0.770691
0.120389
0.202905
-0.585459
-0.257879
0.0612485
0.725019
0.437879
-0.942191
0.471303
-0.527738
-1.02159
-0.97923
0.163407
0.320828
0.00481604
0.438302
-0.035496
0.63667
0.0367892
0.167244
0.0661205
0.626699
-0.220242
0.684476
-0.578671
0.102524
0.195729
-0.0910008
0.554582
0.0656251
0.0700259
0.0424279
0.38725
-0.378384
-0.756583
-0.522131
0.519305
0.153294
-0.696548
-0.467721
-1.00724
-0.158826
0.171883
0.759762
-0.478516
0.626494
1.24131
-0.141388
0.0545788
-0.102013
0.467505
0.199223
0.835379
-0.267944
0.184489
1.08511
0.105061
-0.0688269
0.550122
-0.580004
0.465687
0.0412186
0.0203167
0.999877
-0.26266
0.52376
0.884796
0.13184
1.04044
-0.438218
-0.194312
0.0862746
0.331336
0.664317
-0.249843
0.723093
0.294271
0.416118
1.01399
-0.813249
0.724651
-1.35741
0.107957
1.06603
0.335157
-1.37555
-0.140928
-0.735644
0.377116
-0.194056
0.551119
-0.357773
-0.494052
0.481333
-0.0474472
-0.428794
-0.951703
-0.724317
-0.833103
0.537783
-0.224171
-0.660091
-0.0659868
1.10976
-0.619491
0.516337
-0.849332
-0.121799
0.188248
0.0814872
0.345175
0.22143
0.471832
0.487392
-1.34171
-0.271724
0.0656538
-0.207955
-1.37379
-0.530242
0.468175
-0.450683
-1.08072
0.00927459
-1.02827
-0.547688
0.106018
-0.108388
0.578725
-0.6304
-1.07045
-0.0947364
0.596879
-0.00180455
0.548567
-0.00283485
-0.118542
-0.566673
-0.303922
0.538506
0.919422
0.216308
-0.5398
-0.0187321
0.554777
-0.307935
-0.0382643
-0.952234
-0.545413
-0.542719
0.312729
-0.416762
-0.780623
0.200639
-0.127751
-0.363907
-1.07883
0.312425
0.14066
-0.154512
0.261671
0.219752
0.258707
-0.378127
-0.250694
-0.0606729
-0.110091
-0.370667
-0.40059
0.600619
0.79128
-0.222107
0.694638
-0.0131473
0.400829
0.462726
-0.381975
-0.468177
0.129436
0.0470223
-1.02515
-0.122041
0.0375827
0.707653
-0.59824
1.03513
-0.428486
0.579847
1.02093
0.59099
1.59998
0.0726512
-0.884778
0.166916
0.466507
0.216125
1.18339
-0.855459
-0.391719
-0.737818
-0.445605
-0.218066
-0.515967
-0.0265907
-0.461473
-0.17624
-0.29631
-0.118095
0.65113
-0.333437
-0.542897
0.311919
0.276399
-0.278069
-0.34809
-0.899593
0.526675
0.4471
-0.115805
0.51607
-1.04394
-0.267712
-0.19743
1.36396
0.191151
1.05225
-0.397396
-0.440336
-0.129575
0.205423
-0.0471892
0.50047
-1.10028
-0.170099
-0.169124
0.682325
-0.0614266
-0.0160706
0.0542824
0.507957
1.16246
1.07227
0.123592
-0.880007
-1.3305
0.675726
0.284453
0.0729599
-0.842234
-0.313103
-0.753131
-0.767211
0.190094
0.222698
0.129075
1.68973
-0.525067
-2.09943
-0.493902
-0.497047
0.851959
0.291831
0.880316
-0.27579
-0.194073
-0.78149
-0.615199
-0.312325
0.352603
-0.533648
-0.918748
0.757393
-0.318657
-0.0140204
0.602478
-0.601897
0.649023
-0.581745
0.384224
-0.229428
0.177409
-0.413004
0.702219
0.597222
-0.474339
-0.217833
0.0708838
-0.769991
-0.312046
-1.04086
-0.453121
-0.444425
0.47686
-0.519006
0.866486
-0.0425977
0.0349632
-1.06311
0.678045
-0.147734
0.107614
0.224794
-0.172869
-0.864909
0.85595
-0.414435
-0.207124
-0.417365
0.180543
0.349057
0.355028
-0.190931
-0.382785
-0.616538
0.0508841
0.711734
0.479769
0.813435
-0.855815
-0.92823
0.194953
-1.00925
0.938976
0.487799
0.0328514
0.343302
0.956515
-0.603223
-0.215025
-1.18978
-0.0706196
0.223466
-0.495309
-0.401988
-0.672066
-0.0973569
-0.47974
0.391743
-0.572715
0.110251
0.528615
-0.50875
0.15759
-0.35768
-0.501394
-0.894047
0.28588
-0.0891025
0.81974
-0.52749
-0.232395
-0.461767
1.11784
-0.931636
0.901022
0.00983826
1.10764
0.500106
0.310462
0.0317859
-0.436445
-0.650004
0.260565
-0.740007
-0.177795
-0.871113
0.190319
0.355699
-0.126676
-0.453375
-0.266518
0.176423
-0.806714
0.719549
-0.49651
-0.961817
0.0123924
-0.279827
0.855409
-0.193054
0.361967
-0.977828
-0.190059
-0.544442
0.232082
0.245845
0.127007
-0.744556
0.345818
0.300707
0.236365
-0.488459
0.0984994
-0.287279
0.114754
0.869407
0.261363
0.413077
0.0744944
-0.422092
0.600384
0.163297
0.0880663
-0.936206
-0.218009
-1.04503
-0.604279
-0.175051
0.00286347
0.37939
0.335891
-0.156656
-0.288586
0.561094
0.824809
-0.149506
0.238893
0.632228
-0.803987
-0.401347
-0.119576
-0.0278639
0.0267415
0.583103
-1.21724
-0.304055
-0.304038
0.506355
0.184
0.231103
0.777646
-0.545455
-0.718651
0.548524
-0.235099
0.210961
0.792986
-0.0906603
-0.389486
0.0618476
-0.788937
1.09461
-0.794358
0.125806
-0.719355
0.0783426
-0.893305
-0.0753853
0.588249
-1.00897
0.292125
-0.471482
-0.530549
0.0591196
-0.194461
-0.558799
0.147042
0.844493
0.308185
0.272993
-0.284276
0.111651
-0.890994
0.646905
-0.52993
-0.712967
-0.581064
0.282397
-0.734628
0.446938
-0.285625
-1.16175
1.01303
-0.441171
0.205808
-0.0443553
0.0795116
-0.683558
-0.358725
0.579142
1.21052
1.42056
-0.122498
0.137182
-0.166438
0.700525
-0.121306
0.749124
-0.171653
0.323417
0.612637
-0.228352
-0.78139
0.430299
0.355192
0.529791
0.0834263
-0.68501
0.665327
-0.178377
-0.510195
-0.501637
-0.0603337
-0.0194595
0.448453
0.798156
0.491178
-0.11916
-1.00231
0.132443
0.120889
0.560524
0.260856
0.270179
0.192098
0.212873
0.581551
-0.243216
0.429198
0.215367
-1.45261
-0.0540408
-0.474494
-0.65195
0.86043
-0.733146
-0.869776
-0.815067
0.156153
0.12734
-0.237408
0.283109
0.267076
0.102056
-0.412773
-0.715901
-0.0697324
-0.19723
-0.218958
0.41488
0.202012
-0.225793
0.88082
-0.356431
0.875454
0.30815
0.878359
0.183101
0.690271
0.563579
-0.554573
0.73471
-0.511153
0.101825
-0.513999
0.0178823
-0.372902
0.273895
0.122915
-0.37614
1.4256
0.593585
-0.0261538
0.0609081
0.850531
-0.979652
0.332454
0.184226
0.243407
-0.220113
0.0461859
-0.350582
0.100958
-0.590601
-0.769453
-0.590532
0.694999
-0.129937
0.357174
-0.482228
-0.617698
-0.490303
0.190211
0.900322
0.220154
0.274869
1.03684
0.465524
-0.904492
-0.000996304
-0.120753
0.979626
-0.706506
0.33613
-0.607119
0.515342
-0.268073
-0.588759
-0.468875
0.225484
-0.196524
-0.968413
0.844831
-0.880867
0.56893
-0.667895
-0.0390068
-0.0601949
-0.472937
0.824781
0.384407
-0.384395
-0.675913
0.834717
0.567243
-1.04338
-0.115431
-0.560573
0.63612
0.0768676
-0.732789
-0.616181
-0.928396
-0.283108
-0.223531
-0.090229
-0.253611
-0.574475
-0.251961
0.0463246
0.731718
0.287674
-0.645379
0.712447
0.321864
-0.50719
0.497705
0.339403
0.834677
-0.397886
-0.473552
-0.0174912
0.0446016
-0.247336
-0.755901
0.206544
0.120064
0.00909792
-0.701046
0.163364
0.761575
0.716445
0.464726
0.180575
-0.44782
-0.274813
-0.220751
0.923814
0.530007
-0.511953
0.570045
-0.162881
-0.831046
-0.425627
0.40832
1.19353
1.03846
-0.07067
0.28762
0.247881
0.500527
0.657054
0.263293
0.219879
-0.164887
0.34125
-0.119669
0.883928
0.2734
-0.345168
0.469377
0.833571
-0.870074
0.138631
-0.474756
-0.768412
0.284867
0.227495
-0.616745
0.126231
-0.431897
-0.960624
-0.695288
0.708372
0.613354
-0.212711
-0.689806
0.642913
-0.42591
-0.469687
1.09822
0.528661
-0.382135
0.0753131
0.0182089
-0.232169
0.694874
-0.836126
-0.429633
-1.24209
-0.247359
0.605977
0.149508
-0.583986
0.227335
-0.138125
1.7753
0.28146
0.0218191
-0.137175
-0.187223
-0.898813
0.909071
0.0131493
0.341828
0.624785
-0.204278
-1.65493
0.384575
-0.116885
1.03016
0.523138
0.294359
-0.685126
-0.0966393
-0.512366
-0.642098
-1.48456
0.930279
0.545899
0.521682
-0.617765
0.181315
-0.51586
-0.19228
0.686312
-0.316436
-0.120119
1.45003
0.0624065
0.639277
-0.0168067
0.448248
0.343409
-1.06699
0.411486
0.1533
-0.96361
-0.0543819
-0.256859
-0.976042
-1.23046
0.508203
0.648849
-0.962329
0.610223
-0.14596
-0.409765
-0.507226
-0.597981
0.463242
0.00381555
-0.333347
0.621489
-0.929522
0.527103
0.42976
-0.182474
-0.045869
0.367754
-0.0389187
0.262364
0.548714
0.898902
0.505565
-0.522127
0.222583
0.360639
-0.0313533
-0.0581317
-0.608806
-0.0414513
0.67254
-0.39971
-0.612932
-0.407064
-0.21669
-0.0442273
1.04126
0.474309
0.132511
0.176434
-1.54769
-0.129825
-0.414408
-0.252487
-0.229522
0.759832
0.172139
-0.244787
1.08233
0.726217
-0.603627
-0.530263
0.0482462
-0.768031
-0.907824
0.000377709
-0.0131139
1.15836
-0.538363
-0.0339626
-0.478901
0.893884
0.218984
-1.01585
0.257073
0.357447
0.592487
0.0169936
0.307991
0.341837
-0.0694204
-0.270947
-0.00727671
-0.953878
-0.845953
0.167672
-0.219339
0.542905
-0.407158
0.176431
0.661564
-0.172602
-0.898436
-0.262589
-0.266005
-0.184099
-0.768429
0.0680794
0.00446776
0.215633
-0.31218
1.00111
0.332907
0.208484
0.441128
1.0147
0.0248699
-0.338761
-0.0956899
-0.0348939
-0.635035
-0.601742
-0.226724
-0.581571
0.00755937
0.106415
0.34172
0.0303119
-0.492744
-0.849878
-0.879485
0.703813
-0.0861409
0.502113
-0.492769
0.929477
0.437951
-0.582571
0.184785
0.732042
0.357853
-0.565329
0.616688
0.58814
-0.89914
0.0651228
0.0931453
0.226363
0.803511
-0.18301
-0.315681
-0.429913
-0.0964201
-0.347982
-0.655244
-0.350406
-0.344453
-0.0433585
0.164562
-0.880134
-0.285234
-0.478819
-0.0363098
-0.435827
-0.898755
-0.07258
-0.2374
1.0097
-0.660308
0.237572
0.709216
-0.17457
0.465151
-0.592915
-1.23286
-0.422463
0.297606
0.843611
0.967456
-0.631035
-1.57783
0.0231864
0.512063
-0.0707461
0.799947
0.0535437
-0.496267
0.793979
-0.788881
0.875545
-0.378929
1.30193
0.147207
0.130752
-0.271324
1.11369
0.243337
-0.0266184
0.138622
0.465266
0.228336
0.316173
0.661551
0.508322
-0.0466889
-0.198533
0.0479686
0.0543927
-0.780418
0.330159
0.199167
0.876693
-0.0779616
-0.417746
-0.444832
0.817584
-0.204232
0.295979
-0.105918
0.0458484
-0.0976354
-0.652288
0.497201
0.477589
0.01664
0.423449
0.0327264
0.482521
-0.332999
-0.768036
0.280121
-0.393111
-0.532217
-0.344306
-0.231604
-0.658185
-0.769044
-0.706475
-0.570339
-0.53529
0.206774
1.9585
-0.0449889
-0.501929
0.250482
1.0254
-0.830581
0.156751
-0.248805
0.741643
-0.823743
0.423645
-0.0103843
0.785142
-0.428405
-0.155878
0.908716
-1.18312
-0.756515
-0.0328032
-0.653329
-0.65665
0.514381
-0.483517
0.391647
0.288939
-0.326209
-0.195424
0.0861421
0.569758
0.517161
-0.243406
0.147009
0.516291
0.699772
-0.835549
0.5619
-0.4182
1.03685
0.499124
0.0136958
-0.982131
0.484431
-0.656952
0.292884
0.656263
-0.512489
-0.864825
0.587277
-1.44085
-1.06325
0.536271
-0.18467
0.566719
0.34827
-0.348004
-0.515482
-0.43597
1.24492
0.258223
0.987121
0.0894768
1.38796
-0.729989
-0.94075
-0.478293
-0.303085
-0.291784
-0.612265
-0.244929
0.297345
-0.89985
0.160652
0.430177
-0.366831
-0.386704
0.00864791
-0.425078
-1.18343
-0.581499
-1.14707
0.979844
0.470041
0.159343
0.165252
-0.260045
-0.264421
0.238111
-0.241912
0.359969
0.112157
-0.199697
-0.637308
0.257437
0.548506
0.0372215
-0.874287
-0.147248
-0.514798
-0.147609
-0.520764
-0.214179
0.462803
0.494218
1.36916
0.498665
0.396267
-1.16274
-0.81002
0.651759
0.624877
-0.567713
-0.0374468
0.163122
0.405071
-0.118317
-0.139289
-0.887659
0.389021
-0.00572916
0.633737
1.05645
-0.0357926
0.81192
-0.899041
-0.307781
-0.219153
0.932712
-0.0369559
-0.918467
-0.559038
-1.00429
0.857852
0.0784461
-0.42807
-0.468183
-0.314208
0.559344
1.17289
0.648095
0.853691
0.482922
-0.675179
-1.0275
0.681833
-0.291073
-0.804085
-0.34925
0.0885156
0.410965
-0.855054
0.277028
-0.504591
0.714542
-0.668454
0.523997
-0.297058
0.61882
-0.2091
0.0710796
-0.614575
0.0766484
-1.25549
-0.0583901
-0.780034
-0.45381
-0.266912
0.109755
1.08694
0.785245
-1.00427
0.905198
0.532037
-1.68694
-0.442555
-0.0864972
0.493086
-0.0858212
0.703022
-0.444866
0.575119
0.058958
0.863428
0.20457
0.394859
0.464561
-0.771613
0.189207
-0.513463
-0.243406
-0.299028
-0.542808
-0.371586
0.371016
0.0573107
-0.420013
0.579932
1.46581
-0.321489
-0.205405
0.627177
0.888296
-0.211251
0.214056
-0.837252
-0.17957
-0.648491
0.647733
0.0928523
1.00985
-0.00395113
0.201951
-0.709459
0.564662
-0.347729
-0.0340883
-0.199427
0.325548
-0.202862
0.172428
0.10052
-1.10312
0.463669
0.142125
0.235127
0.103601
0.126643
0.421681
0.886414
-0.533535
-0.562199
0.814872
0.215408
-0.283255
-1.13756
1.0165
0.389206
0.793937
0.81822
-0.0807113
-0.433497
-0.257654
-0.916508
-0.252101
-0.434191
0.45192
1.03484
-0.705749
-0.352759
0.3125
-1.30081
0.572232
-0.948423
0.179805
0.655298
-0.229846
-0.201371
0.949613
-0.0781736
0.0835785
0.616597
0.470523
-0.18959
-0.284405
-0.849841
-0.376517
0.277681
-0.82256
0.461026
0.331588
-0.311584
-0.852014
0.952479
-0.158522
-0.707292
0.655091
-0.154301
0.537419
-0.743995
-0.289482
0.156872
-0.894518
1.12897
-0.0159139
0.132594
-0.335247
0.914925
0.0940373
0.56622
-0.469659
-0.013656
-0.709792
-0.0221121
0.196355
-0.0576781
0.315322
-0.815732
-0.786808
-0.145823
0.957209
-0.0161631
0.870208
0.0559061
-0.796002
0.277757
-0.829263
-0.411013
-0.0313735
1.46594
0.58217
0.256844
0.156365
0.38821
-0.0144723
0.600469
-0.20349
-0.246174
0.128002
-0.954012
1.10657
0.155863
0.180221
0.227735
-0.959154
1.6291
1.34537
-1.2091
0.0510757
0.38902
-0.0676754
0.549568
0.556413
-0.184083
0.650627
-0.664786
0.417835
-0.148319
-0.423584
-0.100941
0.00920917
0.254956
0.288416
-0.582473
-0.280099
-0.698439
0.259638
-1.02284
-0.642452
0.956065
0.120741
-0.204517
0.472839
0.412947
0.186872
-0.0458652
-0.22071
-0.229961
-0.0842908
0.516374
-0.516202
1.45075
0.173321
-0.708565
0.0955582
0.0636432
1.62787
0.0586071
0.0540113
-0.878263
-0.303968
-0.922556
-0.236792
-0.640082
-0.809722
0.577332
0.217495
-0.0713977
0.274046
0.777892
0.904812
0.965109
-0.158774
-0.0661276
0.0664597
-0.136899
-0.168146
0.0676875
0.501586
-0.263013
-0.258511
0.183873
-0.515942
-0.061468
0.483245
-0.486145
-0.590907
0.669173
0.629854
0.436113
-0.0270403
-0.162546
-1.35424
-0.313089
-1.10053
0.212654
-1.13725
0.350351
-1.48939
0.126905
-0.297406
0.982801
-0.226545
-0.208715
-0.397011
-0.720807
0.900856
0.975809
-0.49378
0.252329
0.489389
0.140918
0.164598
-0.702872
1.07237
-0.612884
-0.374118
0.0740609
-0.546292
0.817889
-0.109185
0.613184
-0.136567
-0.0237801
-0.478748
-0.1159
0.707986
0.560279
0.584966
0.706381
-0.627576
0.032548
0.595664
0.267638
-0.114134
-0.996596
0.394723
-0.619172
0.222238
0.0954051
0.263231
-0.537765
0.509293
-0.0689633
-0.258392
0.0174582
-0.332502
-0.364879
0.443792
-0.162052
-1.07688
-0.931223
0.407016
-0.512312
-0.297186
0.781167
-0.169246
0.499964
-0.940092
-0.188004
-0.613838
-0.44003
-0.128143
0.05449
0.377336
0.450518
-0.113104
-0.179898
-0.225518
0.319465
-0.220985
0.662788
0.303751
0.0137124
-0.686483
0.753321
0.267019
-0.257667
-0.525743
0.934425
-0.295873
0.574096
0.365878
-0.317861
-0.425139
-0.846022
0.912588
0.609715
-1.05372
0.690281
-1.24403
0.350272
0.4955
-0.925371
-0.469366
-0.177553
-1.03676
0.0528018
-0.499206
0.0466677
0.127283
0.443145
1.24432
0.0314141
-0.391913
-0.709717
-0.546436
-0.185098
0.587427
0.0186395
-0.261771
0.876418
-1.36012
-0.320875
-1.42354
0.329498
0.190275
0.620991
-0.314465
0.564511
-1.18162
-0.271564
1.30015
-0.0502074
-0.887256
-0.748664
-0.44482
0.314248
0.661249
1.01433
-0.482834
-0.651296
0.264503
0.579171
-0.944402
0.172836
-0.731433
0.334439
-0.313185
0.523028
0.77129
-0.351378
-0.619935
0.115385
0.00877765
-0.350327
0.29346
-0.476227
-0.182119
-0.163186
1.18379
-0.27423
0.23718
-0.977491
-0.64435
0.321788
-0.717023
1.07067
0.56781
0.140211
-0.548137
0.802373
0.492486
-0.0330829
-0.0148369
0.56991
-0.435276
-0.908058
0.417552
-0.497288
0.771787
0.146405
0.0548298
0.395212
0.11262
0.249932
-0.423876
-0.675681
0.372917
0.542092
0.699512
-0.466576
0.0857826
-0.299147
0.249002
-0.150243
0.731468
0.442832
-0.162572
0.385939
-0.087068
0.140549
0.422675
-0.452132
0.533126
0.321282
0.761855
0.590523
1.22927
0.727585
0.140563
-0.253423
-0.328548
0.246228
-0.359627
0.0967008
-0.940002
0.875457
-0.114175
0.0663239
0.629441
-0.053126
0.625757
0.288078
-0.0501587
-0.64387
0.840665
-0.896916
0.174804
-0.101512
0.899328
-0.604136
0.0550641
-0.881163
0.541695
-0.40529
0.438247
-1.15476
0.387545
0.302677
1.10942
0.279985
0.421604
0.491182
0.513363
-0.649252
-0.706052
-0.0255815
0.0190877
0.315658
0.385179
-0.826597
-0.527194
0.795399
0.378441
0.161234
0.412396
-0.382131
-0.0756154
0.193237
0.250173
0.557128
0.563104
0.1671
0.0194842
-0.250328
0.371226
0.544386
1.27632
-0.111784
-0.225054
-1.17887
0.0329935
0.982757
-0.382433
0.766651
-0.669707
0.0759823
-0.259812
0.0324912
0.407855
-0.287312
0.361211
0.168417
-0.795938
0.152822
0.0400818
0.499548
0.404365
0.0297548
-0.10379
0.121655
0.211579
-0.3664
-0.0194932
0.914323
0.405831
0.80667
0.0992321
-0.168862
0.163303
-0.0527773
0.291485
0.320298
0.108968
0.836903
0.312768
0.0793285
-0.306751
0.246856
-0.996636
-0.577022
-0.50098
0.808036
-0.0283096
-0.993936
-0.167178
-0.281719
0.112932
0.328355
0.511119
-0.155977
1.27782
0.242347
1.16767
-0.673637
-0.0398301
-0.299482
-0.412387
-0.308425
1.28559
-0.14582
-0.620081
-0.243403
-0.601065
-0.11936
-0.338658
-0.306766
-0.246176
-0.551561
-0.532906
-0.0607688
0.897882
-0.222468
-1.22887
1.2614
0.932713
0.614904
-0.242216
-0.00307326
-0.121111
-1.6215
-0.210155
0.36393
-0.444826
0.457285
-0.266463
-0.0978127
-0.858202
0.116488
0.0436944
-0.862788
-0.129091
-1.02754
0.4838
-0.75327
0.0636232
0.360058
-0.232985
0.266097
0.00845741
-1.08714
-0.74162
0.0849258
-0.125126
0.514928
-0.395366
-0.502989
0.255617
-0.337113
-0.1496
0.38516
-0.036325
-0.574929
-0.0144597
0.110386
1.38466
-0.319986
-0.849588
0.722882
-1.25559
0.784614
0.410124
0.072256
-0.385092
-0.0960686
-0.264686
0.000949288
0.303538
-0.197617
0.656749
0.549238
0.530159
-0.64574
-0.268739
-0.153126
-0.734534
0.927884
-0.00506193
-0.691242
0.197975
1.33546
0.430317
-0.129703
-0.248355
-0.0725571
-0.195712
0.0136712
-0.12725
-0.32954
-0.432307
0.388585
-0.153724
0.376113
0.259221
-1.0037
-0.26121
0.23768
0.449152
-0.647668
-0.229651
-0.095742
0.367244
0.157634
-1.92372
0.190604
-0.121107
0.518452
-0.535735
-0.560817
0.310916
0.584653
-0.1593
-0.878796
0.218889
-0.244265
-0.14958
-0.235898
0.229614
0.44925
-0.52682
-0.754414
-0.0954115
-0.538024
-0.648115
-0.0628316
-0.447727
-0.851321
0.666268
-0.379447
-0.159046
-0.0166602
1.39535
0.645087
-0.178625
-0.1902
0.446059
0.731776
-0.449515
0.937209
-1.47246
0.422275
0.247117
1.05982
0.121923
-0.398333
0.073381
-1.14859
0.606356
-0.428768
-0.293778
1.43122
0.424764
-1.01463
-0.570978
1.01301
-0.0806793
-0.0182986
-0.4165
-0.349193
0.0953721
-0.315489
0.134348
-0.179771
0.131738
-0.0286176
-0.691889
-1.09322
0.588337
0.218671
0.102912
0.500493
-0.803909
-0.0669937
-0.431763
-0.0219603
-0.0839768
-0.165729
-0.271783
-0.481186
1.60101
-0.0251955
-0.731133
-0.671335
0.429462
-0.533795
1.6404
-0.413928
0.013927
0.241518
0.0829058
0.816193
-1.33454
1.14595
0.378946
-0.160869
-0.215595
-0.736404
-0.234563
-0.452845
0.67224
-0.261559
0.781697
-0.618638
-0.644554
0.632774
0.450439
-0.448956
-0.638366
0.426643
-0.232674
0.104123
0.245596
-0.0132455
0.5636
0.507257
-0.825679
-0.595752
-0.633439
-0.891007
0.573422
-0.11593
0.187106
0.464744
-0.382212
-0.190554
0.329369
-0.000843736
0.113826
-0.273443
-0.979389
0.352019
0.672231
-0.131441
-0.499448
0.0234208
-1.48862
-1.30957
-0.402581
0.897565
0.207245
-0.486522
-0.640875
0.60771
-1.19893
0.518473
-0.00933962
0.0471406
-0.251464
0.614184
0.502584
-0.884913
-0.823176
-0.50141
0.00512709
0.386236
-0.19258
0.869522
-0.4735
-0.575081
-0.441673
-0.0325586
1.15369
0.36204
-0.575228
0.261531
-0.454202
0.108057
-0.642754
0.653419
-0.411604
0.398997
-0.474213
-0.535711
-0.120083
0.657711
0.220206
-0.550003
-0.11917
0.81674
1.15091
-0.145839
-0.793337
0.0371768
0.161582
0.931209
-0.54189
-0.91659
0.0141019
0.295296
0.351434
-0.435254
0.485432
0.0443378
-0.1602
0.0399297
0.364448
-0.417717
-0.865378
0.187901
0.808456
-0.201169
0.271792
0.833946
-0.0413661
-0.367805
-0.338371
0.214456
1.21373
0.766225
-0.417951
-0.334338
0.329681
-0.264553
-0.615843
-0.686442
0.386434
1.33909
-1.35967
0.674273
0.0334903
-0.491133
1.36528
0.869233
0.316043
0.470077
-0.016472
-0.168474
-0.3087
-0.904424
0.417039
-0.0041002
-0.622828
0.158378
0.895179
-0.612799
-0.0946344
0.840875
-0.395673
-0.0559317
0.456601
0.971305
0.287318
-0.334773
0.243345
-0.186516
-0.207776
0.0406658
-0.592761
-0.0499558
1.74597
-0.124259
-0.602114
0.106375
0.568234
0.516094
0.264683
-0.135494
-0.697474
0.526691
-0.209459
-0.326062
0.589528
0.110702
0.973558
0.0310375
-0.150884
-0.00795722
0.129934
0.540915
-0.89296
0.193509
-0.215251
0.3654
1.01958
-0.502618
-0.489699
0.668106
0.855933
0.302206
-0.357341
-0.629178
0.523823
0.6432
0.134569
-0.40845
0.116649
0.497059
-0.250723
0.389066
-0.990671
0.694276
0.398325
-0.523554
-0.130825
1.01303
-1.21828
0.481549
-0.299996
0.373346
-1.26276
-0.784094
0.478126
-0.323448
-0.298287
-0.167091
-0.468312
0.389415
-0.296405
-0.169224
1.26566
-0.391788
-0.0718205
0.0201411
0.62915
0.674513
0.800496
-0.237723
0.536863
-0.122944
-0.380063
1.16839
-0.139592
-0.482288
0.288952
-0.4876
0.240906
0.0564173
0.0308563
0.00319318
-0.168
0.309576
-0.728622
-0.0387164
-0.47688
0.840652
0.92799
-0.430183
0.64258
0.00955506
-0.658907
0.495041
0.371282
0.317942
1.07172
-0.465972
0.334638
0.777479
0.108035
-0.302257
-0.105623
-0.477388
-0.0473861
-0.814432
0.89684
-0.700542
0.753168
-0.0892166
-0.405463
0.148593
0.0930805
0.526987
0.241544
-0.555713
0.0833468
0.845578
1.23684
-0.0803336
0.49229
-1.34861
-0.217034
-0.326819
-0.167611
0.97065
-0.197435
0.291662
0.106498
1.04686
0.244723
-0.485375
-0.897605
-0.133425
0.609308
-1.00273
0.656156
0.267883
-0.0124036
-0.525688
0.436821
-0.294527
-0.454533
0.363634
-0.531549
0.0567861
0.321132
0.55271
0.611883
-0.390575
0.645557
-0.0956218
-0.0924214
-0.054504
-0.70726
0.473626
-0.341213
0.29328
-0.0234318
-0.348053
1.04458
-0.327312
-0.00451828
-0.0890939
-0.951294
-0.368801
-0.571652
0.716773
0.445976
0.332944
1.6067
0.0312153
0.221262
0.20063
-0.472756
-0.757048
-0.200681
0.404609
0.650676
0.329145
-0.480993
1.02726
-0.366175
-0.864647
0.0153552
-0.142896
-1.24797
-0.14413
0.333832
1.0649
0.660288
-0.475397
-0.33074
-1.39251
-0.358688
0.436189
-0.00410766
0.502581
-0.718829
-0.440644
0.45758
-0.528707
1.08268
-0.0581273
-0.183451
-0.0979285
-0.313513
0.225003
0.0837288
0.111174
-0.135582
-0.640259
0.277238
-0.164196
0.251648
0.688523
-1.55299
-0.520147
0.362689
-1.27284
-0.745229
-0.641888
0.117419
0.28316
0.546681
0.272555
0.20204
-0.255234
-0.219399
0.364402
-0.540321
-0.451161
0.555696
0.10081
-0.0173403
-0.961518
-0.233134
0.325069
-0.782175
0.814967
0.801168
0.270247
-0.509699
-0.179777
0.560744
0.224045
-0.0264076
0.540372
0.502521
-0.639426
0.0689047
-0.0428849
0.869292
0.155424
-0.680226
-0.136807
-0.154383
-0.166697
1.30272
-0.298713
-0.666009
0.830545
0.0367413
0.401504
-0.8892
-0.813709
-0.208664
0.360956
0.119814
0.511388
0.365209
0.105051
1.20662
0.021025
0.134632
-0.0955237
0.564213
0.400097
-0.547866
-0.242548
0.0162285
-0.178408
-0.0901879
0.161148
0.686843
0.033425
0.00791997
-0.717587
0.429753
-1.3054
-0.723547
1.09717
0.209107
1.08968
1.14944
-0.685949
-0.758778
0.786166
-0.471708
-0.484273
-0.200169
0.867438
-0.268696
0.20806
0.328042
0.171059
-0.025816
-0.55789
0.839332
0.411177
0.395317
0.696774
-0.514018
-0.217298
-0.258021
-0.653576
0.241816
0.355276
-0.122407
0.554653
0.286255
0.165458
-0.289947
-0.0799043
0.76106
-0.119764
-0.0517591
-1.19098
0.974154
-0.480125
-0.560604
0.498268
1.76553
-1.7149
0.0847115
0.128482
-0.453626
0.484555
0.151275
-0.540865
-0.820472
1.25458
-0.140317
0.12845
0.207425
0.199114
0.214362
-0.716863
0.600314
0.462746
0.862062
0.843541
0.862543
-1.00684
-0.790072
-0.816358
0.983506
-0.163621
-1.50161
1.09471
-0.469053
-0.568326
0.0317575
-0.601037
-1.12856
0.723833
-0.162862
0.381515
0.392278
0.0642148
0.482163
0.603052
-0.644038
-0.736123
-0.139992
0.152328
0.129019
0.480585
0.0713267
0.0223403
0.103394
-0.208403
0.129844
-0.882457
0.0645061
-0.292579
0.180587
-0.435348
-0.0785101
-0.386392
-0.378885
-0.678966
0.648517
0.0333665
0.0314859
0.594748
0.636794
-0.570314
0.404881
0.50449
-0.268569
0.648143
-0.900911
0.0757233
0.139576
0.0307703
0.271942
0.191016
-0.530874
0.19248
-0.20502
-0.123082
-1.60501
0.276364
0.587566
-1.13437
0.306506
-0.262906
0.0260189
-0.457485
-0.485089
0.175517
-0.253718
0.703291
-0.248353
0.146457
-0.601989
0.130933
-0.0978789
0.240567
0.723393
-0.842284
-0.429668
-0.0773372
0.693552
0.398744
-0.196861
0.521919
0.192341
0.999932
-0.211156
0.0377014
0.283822
-0.206445
0.723646
-0.323035
-0.501686
-0.560489
-0.966924
0.15744
-0.522561
0.131513
-0.574719
0.402593
-0.373016
0.0966187
-0.912176
-0.764677
-0.263998
-0.519827
0.510105
-0.183998
0.802607
0.472535
0.356843
0.591897
0.531382
0.904716
0.148198
-0.00866695
-0.437082
0.923291
-0.143184
-0.280098
-0.254009
0.60765
0.7621
0.000366647
0.934131
-0.664292
-0.396529
0.406208
-0.00646284
-0.516946
-0.54274
0.990501
0.270468
0.00677723
0.330613
1.22559
-0.29166
0.483866
0.106987
0.339824
0.736305
0.439283
0.569043
0.0474529
-0.537876
-0.427717
-0.0646847
0.759388
-0.706094
-1.03712
0.493247
-0.259473
-0.732244
-0.260869
0.146375
1.00512
-0.250555
0.678778
0.714247
-0.0156146
0.844773
0.138543
-0.473422
-0.138695
0.0795858
-0.676356
-0.234788
0.866695
0.320614
-0.34361
0.449674
-0.122455
-0.270261
-0.419392
-0.621973
-0.671229
1.02472
0.297023
-1.56596
0.0429208
0.0342366
-0.0544486
-0.567583
-0.206854
-0.208247
0.301754
-0.0980725
-0.169854
-0.184467
0.355779
-0.953511
-0.123267
0.509912
0.684006
-0.111887
0.139437
-0.395018
0.660795
0.074585
0.15066
0.494369
0.148466
0.486217
0.277536
0.0443457
-0.113058
0.117002
0.250003
0.161927
1.2151
-0.35307
-0.235264
-1.01368
0.663119
-0.0295252
1.02344
0.186651
0.532653
-0.38795
-0.572546
0.503051
-1.24528
-0.55857
-1.30499
0.977695
-0.486436
-0.669014
-0.204231
-0.203025
0.465134
0.535416
0.161056
-0.0876135
-0.061273
0.407802
-0.692215
-0.138785
-0.16222
-0.650666
-0.357136
-0.607437
-0.155736
0.101997
0.135927
-0.304228
0.0883271
-0.0355857
0.180623
0.12601
-0.0925305
-0.183191
0.635044
-0.0702913
-0.171478
-0.514208
0.470666
-0.80822
0.54664
0.00627991
-0.0464769
0.0812214
0.325604
0.248507
0.0910898
-0.811107
-0.707526
0.323592
-0.687972
-0.5943
0.0715516
1.83787
0.19245
0.10782
0.282998
0.0784887
0.690374
0.663537
0.0885243
0.154304
0.865547
0.11955
0.582215
-0.59346
0.162967
-0.0220535
0.0642461
-0.526056
-0.589094
-0.240505
-0.837178
0.360158
-0.581514
-0.483768
0.397778
0.811521
-0.139717
-0.849987
-0.419827
-0.00677088
0.194031
0.251496
-0.687489
-0.905799
-0.037984
0.693661
-0.473452
0.556079
0.660673
0.73817
-1.01856
0.419615
0.851094
0.431061
-0.560708
-0.546317
0.251096
0.509121
0.170434
0.186058
0.602978
0.595236
-0.198701
1.07007
0.554833
-1.08528
-0.666613
-0.548413
-0.55069
2.12493
0.522618
-0.428314
-0.284776
-0.289366
-0.924228
0.595382
-0.00598003
0.842196
0.640757
-0.257536
0.769831
-1.52528
-0.445264
0.00508838
1.11702
0.884182
-0.477754
0.0722903
0.148819
1.05489
-0.966968
0.476428
-0.677132
0.242717
-0.201245
0.683184
-0.23398
-0.702718
0.862609
-1.08039
0.448792
0.907213
-0.518687
-0.199471
-0.0867978
0.925275
0.684091
-0.256078
0.131369
0.0457428
-0.953743
-0.198809
-0.331103
-0.996281
0.963012
0.724398
0.0579848
0.303392
0.599517
-0.187754
0.0122579
0.955861
1.18877
0.122938
0.28514
0.654033
-0.709894
-0.236734
0.955859
0.49597
-1.02538
-0.749816
-0.596751
-0.658632
-0.0328164
-0.760406
0.799253
0.37464
-0.0461194
-0.0474772
-0.474151
-0.865867
0.791936
-1.07226
-0.558427
0.531791
0.318578
0.113418
-0.655605
1.3066
0.388773
0.325549
-0.0675795
-0.553404
0.439024
-0.498432
0.364785
-0.244387
-0.238132
-0.694953
-0.372296
0.705881
0.398748
0.154782
0.106805
-1.05791
0.915389
1.22039
1.11142
-0.0451601
0.273209
-0.502959
-0.046957
0.0906829
0.548156
0.00202995
0.0332922
1.33449
1.07339
-0.742965
-0.365171
-0.130587
0.546273
-0.510627
0.492803
-0.135311
0.51564
-0.054269
-0.480522
-0.437199
-0.168411
-1.15105
-0.746736
0.341054
0.840743
1.8528
-0.160943
1.29097
-0.333299
-0.895433
0.67071
-0.224136
0.693575
-0.66015
0.421665
0.123729
-0.0721984
-0.923979
-0.643851
-0.352604
0.483735
-0.636784
1.21525
0.0579136
1.68439
0.316184
0.0892625
-0.0822149
-0.442636
0.719376
0.459819
0.295242
0.159649
0.749927
-0.295714
0.283795
1.14315
-0.805218
-1.68172
0.438078
-0.289243
-0.257636
-0.651578
0.129249
0.634541
0.42959
1.26788
-0.101225
0.820484
0.495483
-0.746292
0.0987306
-0.903873
-0.200677
0.136508
-0.562972
-0.0958827
0.781156
-0.268504
-0.329648
-0.805781
0.323429
0.0854497
-0.185906
1.1246
-0.825958
0.524135
0.137837
-0.470608
0.462376
-0.794031
-0.900635
0.305283
-0.119005
-0.364672
-0.594086
0.629871
-0.479003
0.91346
0.392707
0.370719
-0.232118
-0.287615
1.07671
0.859927
-1.29152
0.711913
0.130781
0.550625
0.0913676
-0.133106
0.324243
-1.13598
0.385703
0.446738
0.222641
0.878364
0.643324
-0.407681
-0.258444
-1.20535
1.19429
0.631463
-0.235843
0.900032
0.0373977
-0.00500394
-0.733499
0.1952
1.07297
0.230921
-0.00409266
-0.432008
0.999459
0.310565
-0.270864
-0.325116
-0.142742
-0.863889
0.689627
1.37359
0.949244
-0.384688
-1.09018
-0.157006
-0.580808
-0.771581
0.494736
0.68439
-0.978319
0.101081
0.316205
-0.703271
-0.974298
0.34361
-0.513558
-0.378516
0.352705
0.604358
0.459247
0.20899
0.274654
0.170063
0.0239635
0.150838
0.305283
-0.38586
-0.347347
0.32444
-0.0720056
-0.0837711
0.165699
0.584053
0.0379889
0.735236
1.07546
0.564314
0.168943
1.11649
0.949408
-0.139843
0.460202
0.384047
0.128644
0.827487
-0.295452
-0.0265117
-0.889623
0.533735
-0.456561
-0.0558757
-0.256721
0.707868
-0.0348355
0.687162
-0.70512
1.66064
-0.407458
-1.24309
-0.321324
0.579591
0.263888
-0.30139
0.549419
-0.698337
0.405151
0.777302
0.198499
0.104919
-1.07611
-0.0105914
1.42577
1.49522
0.284493
1.17837
0.87281
1.16907
-0.368285
0.385819
-0.297093
-0.649927
0.0928622
-0.102871
-0.215456
-0.450448
1.14492
-0.0727596
-0.11214
-0.452107
-0.992785
0.465953
-0.180079
1.16341
-0.276175
0.386711
0.62263
0.71497
-0.0223946
-0.273065
-0.0267704
-0.467254
0.00560933
-0.399962
0.350043
-0.675075
-0.212596
-0.312632
0.0373956
0.0306925
0.625375
0.854592
0.663691
-0.0587415
-0.389173
-0.462169
-1.48822
-0.237197
-0.610933
-0.178064
0.0915332
-0.438877
0.965379
0.889021
-0.307782
-0.00081276
-0.0834779
0.572375
0.860376
0.275542
-0.32217
0.294247
0.522144
0.189617
-0.34337
0.86691
-1.07304
1.29388
-0.170503
0.24623
0.759248
-0.270272
-0.72398
-0.736519
0.566948
-0.531574
1.03551
0.531776
1.1562
0.043641
0.0847565
0.00404221
-0.538684
-0.300933
0.943939
-0.660637
0.0862122
-0.0799619
0.926054
0.0531125
-0.514546
0.112183
0.284028
-0.220061
0.145572
-0.467823
-0.0614729
0.0043369
-0.295032
0.588128
0.84058
-0.145315
-1.09227
0.0695803
0.558029
-0.215927
-0.471316
0.192186
-1.06458
0.0100379
0.0310919
-0.0448458
0.0881472
0.483101
0.229507
0.252703
0.574594
-0.271323
1.0273
0.378385
-0.367086
0.130294
0.702462
0.296755
-0.334353
-0.513426
-0.27146
-0.633739
-0.664275
0.258546
-0.341541
0.136885
1.05731
-0.608883
-0.0943798
1.20988
0.226808
-0.679244
-0.184642
0.0350948
0.31317
0.402175
-0.544192
-0.25588
0.95104
0.308052
0.0898922
-0.195722
0.475845
0.514753
-0.0381492
-0.0182888
-0.0432923
0.997424
-0.00310703
-0.343134
0.307021
0.400849
0.183528
-0.0737293
0.369473
-0.113267
0.797326
-0.611932
-1.29018
-0.0958588
-0.205971
-1.19037
-0.368927
-0.343052
-0.976693
0.27572
-0.138928
0.839872
0.0600944
-0.348114
-0.178778
0.363743
0.216056
0.24028
0.44943
1.20201
-0.104852
-1.17976
-0.0486931
0.326621
-0.479569
-0.434925
-0.392028
-0.199463
-0.787233
0.508691
-0.390341
-0.167136
-0.0394754
-1.1826
0.271508
0.713748
-0.554144
-0.310593
0.740991
0.0483277
0.0513466
0.63646
-0.15343
-0.431805
-0.510633
0.759529
0.167527
-0.746065
-0.0714984
-0.0462265
-0.0599299
-0.838462
0.342086
-0.0548912
0.932343
-0.296177
-0.494162
-0.687267
0.0376737
-0.199842
0.183735
0.436193
-0.645322
-0.081712
-0.747744
0.172193
-0.674775
0.127234
-0.553918
-0.584112
-1.49538
-0.035756
-0.54861
-0.77625
0.00722318
0.133826
0.350317
-0.266312
0.241775
0.797546
-0.439093
0.258404
-0.319685
0.376083
0.0223631
0.990155
0.297442
0.330741
-0.828533
0.768992
0.197439
-0.192877
0.560378
-0.822622
-0.41176
-0.349539
0.261626
-0.174064
-0.433161
0.168749
0.493943
0.331825
0.08392
0.120386
0.271693
0.0048258
-0.0826883
0.457299
-1.25831
0.240807
-0.672293
0.147359
-0.327031
-0.072267
-0.253738
0.22259
-0.265374
-0.0221627
0.554659
0.334814
-0.56141
0.274124
-0.435403
-0.00067881
-0.279115
-0.862618
-0.172424
-0.395339
-0.0451706
-0.426123
-0.152194
-0.693468
0.560046
0.0510548
-1.02716
-0.816593
-0.136642
0.176624
1.13357
0.019615
0.607852
-0.230567
0.456824
0.749139
0.561521
0.0633861
-0.716616
0.709564
-0.226222
1.21882
1.28095
0.579003
-0.214518
-0.775503
-0.2953
0.194492
0.470865
0.611273
-0.689321
0.645443
0.360212
-0.115589
-1.2047
0.051617
0.799273
-0.543538
-0.0727102
0.189291
0.707065
0.0370099
1.20677
-0.309896
-0.400394
0.879725
0.0103743
0.00886557
0.599846
-1.01971
-1.06481
0.97675
0.800184
-0.683958
0.12406
0.0110907
-0.440741
-0.305372
1.28447
0.396473
0.0898403
-0.307723
-0.348223
-0.877625
-0.543134
-0.339977
-0.287646
-0.888316
-0.699311
-0.794301
-0.404161
-0.219715
0.42819
0.461883
0.794311
-0.0603471
-0.96241
0.0452952
0.0870243
0.26051
0.485373
0.180646
0.366792
0.483037
-0.812158
0.310231
-0.792292
0.775152
-0.862771
-0.153327
0.475947
1.15173
0.193896
0.526365
1.04091
-0.661481
0.0833976
0.41639
-0.36806
-0.186068
-0.672218
0.612264
0.0886846
0.45651
-0.446911
-0.103808
0.482651
-0.67116
0.122915
-0.372281
-0.347716
0.142486
1.06158
0.19509
-0.743285
-0.241533
0.153698
-0.588452
0.29
-0.313277
0.447945
0.00294651
-1.40763
-1.50609
0.592442
0.27272
0.852943
-1.80475
-0.115025
0.163759
-0.345517
-0.595925
0.0685497
-0.493858
-0.178205
-0.544485
-0.430106
0.577072
-0.177741
0.316994
0.737892
0.159744
0.448949
-0.292649
-0.0937206
-0.884068
-0.203231
-1.28211
-0.111545
0.0475413
-0.862025
0.173117
-0.205685
1.10761
-0.561759
-0.89435
-0.468119
0.401307
-0.406062
0.0920545
1.01599
-0.0326751
-0.737611
-0.519889
-0.0245147
-0.071474
-0.0694115
-0.152112
0.386536
-0.431858
0.620699
-0.845089
-0.270307
-0.0480502
-0.279701
0.344055
-0.372075
-0.985117
0.266099
-0.917925
0.226529
-0.172857
-0.0358445
-0.822795
0.555437
0.295951
-0.537062
0.681883
0.112107
-0.415467
-0.174102
0.112781
0.282913
0.559811
-0.0896125
-0.277352
0.252268
-0.528357
-0.273909
-0.0225768
0.302104
-0.739752
-0.718716
0.445807
-1.43102
-0.787758
0.692103
0.222352
0.606251
0.393671
0.144142
0.358609
-0.179158
0.93861
0.445816
-0.851515
0.283694
-0.66144
1.11701
-0.13731
0.029299
0.217653
1.11967
-1.14261
-0.205169
0.536925
0.140898
-1.31456
0.733214
0.544049
-0.423673
-0.630647
-0.319544
-1.41548
-0.786017
0.703538
-0.796571
0.620954
0.302549
-0.838777
-0.15503
0.276821
0.340789
0.282483
0.0580863
-0.858144
-0.246142
0.316345
0.364215
-0.38539
0.771902
-0.899883
0.29501
0.233344
-0.374629
0.0649452
0.133784
-0.341249
0.686773
0.466516
0.277401
0.729056
0.421298
0.236853
0.0067273
-1.55194
-0.0780373
-0.00650927
-0.583598
-0.211318
-0.389767
-0.314946
-0.098579
0.344642
-0.424324
0.142592
-1.05945
-0.0207425
-0.267567
-0.250842
-0.393062
0.639557
0.688935
-0.0757224
-1.46462
0.437004
0.145453
-0.470316
0.695642
-0.499346
0.185127
0.754623
0.883603
0.733389
0.577539
-0.646544
-0.456184
0.955562
0.403904
-0.322378
0.129945
-0.119696
-0.220447
0.128579
-0.276496
1.17892
-0.137799
0.192497
0.400164
0.333019
0.427958
-0.734007
-0.86715
-1.03815
0.827846
0.37501
-0.297927
-0.108759
-0.391666
-0.145102
-0.743016
0.0361101
0.970364
0.463882
-0.704707
0.530616
-0.632477
-0.155103
0.0825359
-0.740685
0.550769
-0.963897
0.510835
0.318914
-0.4081
-0.465068
-0.646716
-0.287728
1.34779
1.776
-0.369697
0.0833496
-0.369083
-0.493299
0.716649
-0.197494
-0.029801
0.037739
0.193546
-0.405973
0.51517
-0.899263
1.17097
-0.52447
0.367016
0.571579
-0.374151
0.543475
-0.200957
-0.00938567
0.982562
1.28587
-0.241109
-0.0920807
-0.0944093
-0.311693
-0.862734
-0.815565
0.936427
-0.395236
-0.243033
-0.582041
0.0125918
-0.394182
-0.478434
-0.206303
-0.442796
-0.350172
0.613775
0.469372
1.01136
0.771787
0.745438
-0.292927
1.02851
-0.214879
0.201657
-0.484542
0.0936649
-1.1062
0.770506
-0.333402
0.629857
0.00912998
-0.514468
-0.446134
-0.336096
0.141323
0.488907
1.14526
-0.251084
-1.17439
-0.132383
-0.495915
-0.127417
-0.266417
0.519096
-0.156774
-0.278573
1.20759
0.0896544
-0.00358542
-0.682353
0.490588
-0.468747
0.401447
-0.6986
0.300116
0.32014
0.158307
0.16252
0.529363
0.0247136
-0.245263
1.20744
-1.15836
-0.468554
-0.260928
0.152587
-0.881795
-0.907646
-0.7846
0.033515
0.984843
-0.245784
-0.951928
0.356631
0.515632
0.715585
0.0860219
-0.259069
-0.0250839
-1.13864
0.0162474
-0.58922
1.2555
0.633784
0.211864
-0.330989
-0.036257
-1.7244
0.026471
0.233264
0.287056
0.178868
-0.312164
0.354793
0.290725
0.0465929
-0.0653682
0.356715
-0.938518
0.2821
-0.493771
0.788822
0.708538
-0.385554
-0.760325
-0.973507
-1.05246
-1.78319
-0.554398
-0.0599033
-0.130708
-0.447901
-0.0036869
-0.22193
-0.303009
1.0894
0.44514
-0.494839
1.06342
-0.229527
0.416549
1.08017
0.94191
-0.0818283
0.468726
0.0104636
-0.884099
-0.649506
0.342843
0.520366
-0.254435
-0.7996
-0.538688
0.262355
-0.281363
0.47769
-0.394983
-0.103953
-0.575523
-0.669471
0.475878
0.45343
-0.794231
0.369712
1.37218
-0.69494
-0.169707
-0.608695
-0.553592
0.358653
-0.232225
0.388669
-0.262412
1.22225
-0.518702
-0.512972
-0.38923
-0.217945
0.0664781
-0.626257
1.27763
-0.266014
0.08186
0.321648
0.336591
-0.750378
-0.834103
0.767695
0.0788823
-0.121717
0.596685
-0.463418
1.71049
0.0818266
0.144873
-0.889224
1.17388
0.185374
0.427731
0.226539
-0.636241
-1.7669
-0.0961155
-0.0815007
1.38088
-0.90091
-1.17928
-0.522172
0.124104
-0.0609937
0.767773
-0.613626
1.16625
-0.353645
-0.0433163
0.0512365
-0.228798
-0.280053
-0.306701
0.641547
0.583243
-0.0324509
0.450878
0.858993
0.289108
-0.405496
-0.439983
-0.127591
0.431931
0.528287
-0.088113
-0.162647
1.12786
0.703529
-0.831219
-0.53914
-1.54199
0.599167
0.0971588
-0.207039
0.212012
0.0641102
0.285265
-0.674581
0.396905
0.148727
-0.126238
-0.987958
-0.749931
-0.227619
0.22025
-1.42317
0.0220091
0.215467
0.530054
0.7449
0.742483
0.342486
0.409019
-0.696999
0.525368
0.807202
0.822496
0.235754
-0.687801
-0.656864
-0.145453
0.38778
-0.299166
-0.65566
-0.130942
1.84687
0.334746
0.542747
0.258389
0.0514338
-0.231338
0.380974
0.260586
-0.769228
-0.160924
0.418051
0.582448
-0.861837
-0.163054
0.343869
0.731728
0.61492
0.675724
-0.809985
-1.00413
0.177978
-0.327545
0.575867
0.223925
0.199294
0.767256
-0.858182
0.49557
0.0833263
-0.58503
0.260807
-0.397201
-0.14944
0.279753
0.353374
0.586065
-0.693284
0.268495
-0.244359
0.577926
0.402781
0.3196
1.39901
-0.614764
-0.415439
-0.970763
-1.036
-0.376761
0.103137
0.936356
-1.37514
-0.251188
-0.00395347
0.0600743
0.161685
0.0272002
-0.246785
-0.14296
0.0189561
-0.609896
1.86602
0.100127
-0.662526
-0.353853
0.871781
0.321126
-0.471041
0.270032
0.55428
-0.609221
0.755245
-0.453712
-0.118834
-0.648872
0.564697
0.216619
0.088074
-0.246734
-0.48756
0.605775
-0.499537
0.121493
-0.0915887
-0.0951008
-0.200067
0.186333
-0.177886
0.791601
-0.102525
-0.756737
-0.78179
-0.179848
0.446652
-0.4523
-1.5484
0.0939884
-0.146455
0.573449
-0.126507
-0.316877
0.552969
0.012077
0.159673
0.283066
-0.960539
0.101216
-1.00989
0.110788
-0.819124
0.114852
0.724961
0.110969
0.0888451
0.375324
-0.111517
0.19095
0.282833
0.258554
-1.11541
0.174963
0.000729027
0.492775
-0.00287632
-1.74813
-0.107417
-0.136161
0.00944345
-0.157628
-0.865947
0.170834
0.00690567
0.0146134
-1.22218
-1.11058
0.832603
0.441579
-0.259709
0.685349
0.311044
0.473267
-0.103105
-0.0699815
-0.958416
0.00397108
0.815423
0.126724
0.318198
-1.34594
0.468762
0.540722
0.709045
-0.343228
0.341706
0.0604423
-0.144176
0.904079
0.371026
-0.13389
-1.59903
-0.78673
-1.27526
0.0932557
0.0170782
0.626992
0.357612
1.15254
-0.223853
0.673352
-0.466924
0.469403
-0.546416
0.29708
0.309864
-0.868011
-0.185336
0.0623292
-0.368702
0.847607
0.203945
-0.290448
-1.04659
-0.0213234
-0.634924
0.490068
1.54528
-2.09033
-0.505036
-0.583948
-1.00383
-0.48741
0.197354
0.824395
0.142848
-0.342224
-0.366105
0.897091
-1.17483
0.216789
-0.129969
-1.2264
0.185067
-0.0367104
-0.599201
0.241801
0.385375
0.194652
-0.106833
-0.0499896
-0.0592253
1.27824
-1.43846
-0.587414
0.424703
-0.316349
0.0696855
-1.01097
-0.20531
-0.808534
-0.849725
-0.472828
-0.67902
0.322393
0.515754
-0.272347
-0.167989
1.45693
-0.930898
-0.100839
0.314456
0.542916
0.455673
0.0245674
-0.39679
-0.0465438
0.177269
-0.474653
0.00633781
0.0799349
-0.665565
0.201978
1.21545
0.837722
-0.00388881
0.723589
-0.256359
0.267755
-0.738391
-0.56176
-0.321454
0.594678
1.16841
0.0291152
0.10968
0.809814
1.21348
0.220888
0.496823
-0.214252
0.675982
-0.61583
0.204239
-0.104783
-0.488503
-0.351574
-0.600556
-0.0139335
0.33393
-0.48
-1.42367
-0.391291
0.398666
-0.814951
-1.68703
0.112414
-1.599
-0.689239
-0.120207
-0.31113
1.65394
-0.94461
-0.640768
0.752463
-0.0414633
0.79157
-0.348622
0.131554
-0.227731
-0.461334
-0.366631
-0.490978
0.645277
0.0637571
0.116336
-0.153661
0.377625
0.573271
0.279539
-0.33361
-0.965786
-0.280632
0.000557625
-0.465775
0.149598
-0.238801
0.460843
-0.495604
1.13654
1.05571
-0.0343906
-0.146049
0.604388
0.355769
0.21716
1.05824
-0.693917
-0.0360316
-1.22623
0.220143
0.968751
0.381606
-0.191189
-0.450822
-0.531587
0.323946
0.18775
0.258449
0.234559
-0.0184825
0.456996
0.278967
-0.865683
0.135784
-0.771091
0.0345124
0.434495
1.44704
-0.149541
0.989327
0.483227
-1.15891
0.379694
-0.788428
0.35485
0.670601
0.905186
-0.0619947
-0.479949
-0.918659
-0.016093
0.334198
-0.256859
-0.282568
0.03417
-0.23411
0.82951
-1.00798
-0.471104
0.149189
0.313388
-1.13362
1.48786
0.0256845
0.961101
-0.501446
-0.356172
0.0858188
-0.594516
0.462745
-1.38464
0.20479
-0.581457
-0.645805
-0.54762
-0.231144
0.278435
0.211774
0.347828
0.221282
-1.36578
1.08487
0.303632
-0.39381
-0.416217
-0.0459569
-0.36761
1.02159
-0.568171
-0.900836
-0.155807
0.863489
-0.196814
-1.11521
-0.363919
-0.290503
-0.138988
0.205179
1.00171
-0.108448
0.895369
-0.416534
-0.0936644
0.322601
-0.634292
-0.795043
-0.300361
-0.171753
0.292695
0.183011
0.13343
0.263415
-0.387081
0.112039
-0.293251
0.0574279
-0.476789
-0.509129
0.223746
-0.0560454
-0.144706
0.610929
0.761246
1.59875
-0.23147
-0.239159
0.413058
-0.497206
0.358713
1.2342
0.436943
-0.170464
0.206101
-0.397799
-0.100626
0.31636
0.254555
0.438185
-0.495566
-0.198772
0.0727007
-0.00900196
0.0702987
1.20818
-1.10006
0.0422018
0.204124
-0.108078
-0.200056
0.809363
0.542045
0.733726
-0.896145
0.311249
0.29808
-0.207209
1.14422
-0.00278329
0.196213
0.408315
0.165432
0.277187
-0.0359778
-0.252105
0.257408
-0.0673339
0.147135
0.0961691
-0.681893
-0.196104
-0.298385
-0.209824
0.674054
0.260165
-0.780157
-0.757974
0.809676
-0.17702
0.420689
0.506444
0.256527
-0.467668
0.701858
0.310317
0.237183
0.0933611
0.962351
0.255346
-0.344531
0.51815
0.514204
0.116006
-0.74379
0.36388
-1.51927
-0.136252
0.576062
0.398715
0.0372496
-0.571873
0.202009
0.310424
-0.501446
-0.36816
0.0695994
-0.263229
1.41501
-0.235623
0.271197
-0.00516928
0.50448
-0.749645
-0.624052
0.508327
0.706222
-0.133042
0.424554
-0.546779
-0.236563
-0.172182
-0.266337
-0.43949
-0.0111795
-1.09375
0.101975
-0.191884
-0.628365
-0.571935
1.16105
1.55577
-0.547941
0.231569
0.463257
0.352348
0.0362962
0.593423
-0.145199
-0.201253
0.734836
-0.0184466
-0.501141
0.154189
0.122861
0.110063
-0.539125
-1.94476
0.158793
0.373645
0.181921
0.720404
0.775383
0.0516833
-0.223673
-0.85658
-0.107258
0.19525
-0.510383
0.975386
-0.0817868
-0.144222
0.209281
0.663032
0.424166
0.143704
-0.638986
0.0195154
0.0685696
0.469429
0.965051
0.410881
0.106661
0.55637
0.673107
-0.690256
-0.984254
1.09116
0.0893844
0.190738
0.0713734
0.0883617
0.159105
0.259
0.329586
0.59851
-0.982048
-0.370356
-0.680049
0.970119
1.19805
-0.0111355
0.30995
-0.248144
0.0866243
-0.958247
-0.444153
-0.161614
-0.119763
0.404312
-0.838413
0.386068
0.472846
0.0188111
0.0780642
0.0664593
-0.267335
0.420568
-0.156472
-0.591544
-0.111562
-0.263581
-0.607776
-0.420271
-0.249669
0.684231
-1.33712
-0.246776
-0.0123206
0.831667
-0.145188
0.399179
0.651158
1.32376
-0.430018
-0.060124
0.446022
-0.164312
0.171825
0.118787
-0.104649
-0.0485149
-0.663919
0.068181
-0.0201657
0.476687
-0.359962
-0.377821
-0.163707
0.0815425
-1.08306
0.542278
0.491983
0.903404
-0.183583
-0.353946
0.178325
0.0792368
-0.595049
0.171941
-0.221014
0.323627
0.174344
0.84594
0.0298068
-0.0744601
0.0288356
0.693105
-0.588614
-0.525098
0.993336
1.28949
-0.307257
0.425127
1.25304
-0.097258
-0.0706676
0.956144
0.0628352
0.460336
0.25611
1.0676
-0.18632
0.957419
0.606566
0.643437
-0.397426
-0.163277
-0.233253
0.455258
-0.615653
0.31053
0.00250441
-0.986003
0.45486
0.525763
-0.00338046
0.272371
0.0181989
0.059941
0.594066
0.526423
0.0931608
0.291825
0.606405
-0.328996
-0.217759
1.14434
-0.0458204
-0.721931
0.31821
-0.11301
-1.09874
0.252221
-0.487516
-1.25908
0.309423
-0.909642
0.34272
1.2786
0.0658418
-0.12638
-0.57322
0.312093
0.869047
-0.0525791
0.938083
-0.815431
0.227641
0.834575
0.246943
-1.01265
0.0492304
0.281903
-0.373319
0.164827
0.362436
1.05433
