-0.417825
-0.62586
-0.668665
-0.722373
0.335949
0.180966
-1.25027
1.77261
0.734185
1.5632
0.016065
-0.700529
-0.613024
0.0941303
-1.05135
0.644309
0.591588
0.309656
-1.35346
0.924044
-0.789506
-1.8917
-1.01403
-0.209839
-0.241971
0.156417
-0.792229
0.463447
0.33257
-0.447369
0.507209
-0.0476916
-1.32421
0.177012
-0.121653
0.801988
-0.690164
-1.22325
0.14283
-0.914875
1.59698
-0.704474
2.17756
0.403997
-0.188294
-0.857127
1.56216
1.52203
-1.79188
1.23132
0.798969
0.16676
1.59668
-0.783331
1.89279
1.38151
0.863745
2.13917
0.231547
2.14937
-1.09138
-0.833468
1.12265
-0.55684
0.542862
0.824606
-0.72358
-1.28575
0.361783
-0.118454
0.246116
0.466287
0.126944
0.499461
-0.652917
-0.37174
0.761387
1.41855
-1.48123
-0.459866
-0.0908804
-1.4139
-0.0177305
0.131351
1.32846
0.836353
-0.524496
-0.688001
-0.955905
-0.436802
-1.1614
-0.951007
1.04268
0.933591
-0.577863
0.392431
-0.606821
0.902402
0.845373
0.582225
-0.740153
1.22207
-1.01815
-0.890174
-1.34994
-0.0999143
1.43918
-0.642187
-0.165316
1.24899
-0.0304273
0.64429
-0.91798
-0.590063
-0.742804
0.861151
0.400929
1.735
-2.07733
-0.646958
0.692063
0.321429
-0.633253
0.838333
0.224327
1.33362
0.909413
-0.5757
1.31124
0.433099
-1.80027
-0.119129
-0.0363575
-1.89366
0.213278
1.25091
-0.53558
1.48198
0.197491
-0.433513
1.49286
0.749639
-0.653302
1.19044
0.477884
1.17619
-0.103495
-0.517321
-1.18067
-0.0275458
-0.241465
1.0306
-0.4289
-0.427758
-0.377296
-0.719899
-0.928072
-1.70515
-0.683368
0.692332
-0.637252
1.26788
-1.27108
0.447572
-1.443
0.41758
-1.54277
0.164849
1.26745
-0.104507
1.09078
1.37662
0.368762
0.780048
0.439879
0.882778
0.0809346
-0.644539
-1.07957
-0.766636
-1.32497
-1.13259
0.87621
0.209929
-1.60788
-0.683868
-0.963333
-1.62412
-0.861025
-1.47434
-1.25948
-0.40253
0.265052
-0.810898
-0.0626685
-0.23577
1.24794
-0.785271
1.13079
-0.217105
-1.14457
0.89963
-0.0654958
-0.253565
0.340044
-0.794118
0.00676477
-1.19722
-0.634597
0.565409
0.771219
-0.0205099
-0.319595
-0.266863
0.153412
-0.213187
0.721291
-0.387614
-0.456782
-0.836461
-0.273207
0.929524
-0.66665
1.96774
0.175121
1.36804
2.15573
-1.03533
-1.29231
-0.951919
0.316907
0.196698
1.35664
1.14684
-0.000113814
0.679519
-1.13888
-0.183843
0.929954
-1.38188
-0.341703
-0.292796
-0.146287
0.0422623
0.60015
-0.0765
-0.116977
0.00793801
0.0268207
0.889267
-0.033941
-2.53769
0.782117
0.44673
-0.527147
1.52711
-0.0170024
-0.568313
-0.371906
0.812262
0.589534
1.28078
0.736196
0.780957
-0.127991
0.529495
-0.1266
-0.0473321
-0.0636586
0.782212
-0.908706
-0.389519
-0.578085
0.414857
0.755747
-0.351531
1.22344
2.07781
0.753769
0.526603
-1.1923
-1.6085
0.211633
-0.434963
-0.264499
-1.68928
-0.372278
-1.35051
-0.864563
-0.650274
-0.258055
1.17213
-1.31599
0.357105
1.53601
0.145427
-1.27271
0.616187
1.40027
-0.58652
-0.181219
-0.0387027
0.528332
1.99248
-0.277125
-0.600186
1.73006
-0.448066
-0.691969
-1.06394
-0.594358
0.030066
0.65629
-0.0879696
-1.88485
-0.949567
-0.456648
-0.0849819
-0.555254
1.1091
-0.381338
0.489997
-0.767676
-0.294399
-0.156009
0.457534
-0.59065
-0.0703372
-0.246821
-0.699788
0.957817
-0.413148
-0.539848
-0.970008
-0.0042509
0.228618
0.872702
0.816939
-0.281973
-0.350095
0.698295
0.134482
-0.645113
0.360231
-2.4658
-1.27891
-0.0484104
0.5279
-0.181542
-0.904651
1.04283
-0.331478
-0.0967299
-0.877726
0.970505
0.41459
-0.546152
0.526345
0.265775
-0.414
-0.818138
0.42154
-0.162191
1.0718
0.367099
-1.54255
0.660022
-0.0600443
0.534666
0.252753
-0.493923
-1.3089
0.718978
0.611753
-0.578324
0.754911
1.57263
-0.0224182
0.00278578
-0.13404
-1.16684
-0.912091
-1.05925
-0.124528
1.02043
-2.07411
1.48302
1.05246
0.206577
-0.243396
-0.264063
0.459877
1.50951
1.56465
-0.229468
-1.97267
-0.905458
-0.179984
0.145854
2.0312
-0.807831
-0.541456
0.698136
1.61947
0.692183
-1.03122
-0.807122
0.0708147
1.53055
0.461363
0.639793
-1.02521
-1.35864
-0.458183
0.782925
0.970009
-0.126724
-0.286292
-1.51348
0.429818
0.306227
0.28068
-1.27257
1.03543
0.625963
0.863858
-1.4808
0.767208
0.70529
0.392065
0.139755
2.50457
1.2646
-0.28038
1.67127
-0.326103
0.26041
-0.0305375
-1.4053
-0.853242
-1.2382
-1.36305
0.0683902
0.0404999
-0.41139
0.951376
-0.84691
1.19464
-0.06675
0.770214
0.129531
-0.704287
-0.515603
0.0643633
-0.103496
0.185969
-0.822782
-1.89695
-0.744292
1.08028
-1.52402
0.128785
0.77272
0.874805
-0.704121
-1.52085
-1.61795
0.702418
-1.80659
-0.0884591
0.28112
-0.607214
-0.271214
-1.64158
-0.794579
1.57426
-0.666055
0.34367
0.364915
-2.22089
-1.88646
-0.102662
0.989956
1.01088
0.788432
-0.588161
0.259303
-0.342368
-0.611516
-0.631984
-0.699613
1.13155
0.506364
-1.20445
0.345617
0.278269
1.3899
-0.546142
-1.14596
-0.436831
0.578582
-0.0833581
-0.425345
0.0423904
-0.0832834
-0.540366
-0.463633
-0.0175986
-0.477299
-2.14532
0.104927
0.199673
1.12728
0.0504595
-0.761007
-0.377654
-0.455818
-0.27504
0.345247
0.427168
1.50008
-0.159959
1.01594
-0.0045141
-0.1305
0.480563
-0.438627
-0.480469
0.692951
0.45644
-1.85718
-0.498549
-1.09628
1.09777
0.594987
-0.392163
0.733607
0.789609
0.825805
-0.226403
0.79171
2.59592
-0.879787
-0.440005
-1.736
0.0879702
-0.245197
-0.196554
0.702067
-0.37548
-0.208737
0.180575
0.733306
-0.0160581
-0.777044
-1.47821
-1.34155
-2.6062
0.649256
0.611865
0.0980876
-0.0111568
0.882193
-1.44112
0.602127
2.19759
-1.39734
0.567666
-0.457406
0.485372
0.79877
-1.37587
-2.84231
1.23029
-0.0385899
1.73085
-1.35211
1.24913
-2.42618
0.298723
0.649317
-2.42392
0.264707
-1.74697
-0.508837
-0.355424
-0.760334
-0.144746
0.817505
-0.0834837
0.465639
0.357743
0.427316
0.250262
1.0282
0.356044
1.09778
-1.09321
0.330861
0.43498
-0.51563
-0.316751
-0.700434
0.364846
-1.29381
-0.624362
-0.605968
0.221775
1.54163
0.675832
0.350321
-1.58478
1.73186
-0.361788
-0.179771
1.63285
0.813071
-1.15256
1.2081
-0.0456649
0.527774
-0.310513
-0.695194
0.976693
-0.187068
0.851153
0.0580942
0.421198
-1.32257
-0.586968
-0.082558
-1.69097
1.07241
-1.61034
-1.59655
0.0609434
-0.456564
2.10334
-1.85617
0.673
-0.710779
0.166476
1.36833
-0.0578292
-0.138264
0.326905
1.67228
1.14693
-0.722309
1.34274
1.27342
0.471974
0.829675
-1.1853
0.504866
0.617153
0.221687
0.600596
1.49402
-0.62305
0.31148
0.573621
1.25276
-0.111737
-1.62087
0.90953
-1.28873
1.44641
0.470255
1.63798
-0.314765
0.700313
-0.635546
0.480236
-0.459281
-0.0795437
-0.308761
1.08317
-0.158324
0.859884
-1.17297
0.0993144
0.602387
1.50992
0.16701
-0.525065
1.06344
-0.405835
0.875221
0.255925
0.893972
-1.29113
-0.645842
-1.29544
1.07811
-0.568205
-1.34485
-0.908767
1.66078
-1.47263
-0.456629
0.858077
0.531668
-0.709312
0.606274
2.2172
-0.495618
0.278642
-0.408214
-0.439625
0.198943
-0.698712
-2.0938
-1.57387
0.979888
0.826961
-0.567366
-0.187955
0.638073
1.44828
-0.872251
-0.17764
-0.316494
-0.72087
-0.544489
-2.43616
0.496455
1.36635
0.121854
-0.0900392
-0.139155
-1.71222
-0.339365
1.17691
-0.273844
-1.50894
-1.68981
0.571586
1.15616
0.311405
-1.11161
-0.857953
1.00477
1.30315
0.248122
0.708346
0.826324
0.348924
-1.62484
-0.242832
-1.51792
-0.329899
-0.0837971
-1.27121
1.4728
-0.150023
-0.432736
1.85845
0.327744
-0.424929
1.02935
-0.788221
0.388039
-0.297173
-0.618989
-0.960426
-1.704
-0.602861
0.385829
1.04472
-2.69503
-0.00204951
0.345423
-0.502453
1.69051
-0.983892
0.696889
1.94399
1.50563
1.27562
0.200941
0.0973299
0.305362
-0.39612
0.788082
-0.0146743
0.283269
-0.184533
-0.49198
0.20663
1.19212
0.660155
0.130903
1.63047
1.97136
0.0367135
-2.0506
-0.451702
0.611776
-1.04803
0.34483
-0.667679
-1.75705
-0.125256
-1.48305
-1.55243
1.76804
-0.38471
-0.582556
-0.637075
-0.815381
-0.720656
0.277611
-1.91302
-0.174581
-0.679427
-0.47587
-1.08889
-0.237797
1.60678
-0.241983
0.730453
-0.836846
0.714949
0.382799
0.070924
-0.818734
0.108665
-0.156566
0.621799
-1.13763
-0.133959
-1.15394
-0.222104
-0.337422
-2.28854
0.326938
0.991502
0.363663
-0.737203
0.443538
0.340745
1.06954
1.81905
0.62193
-0.235005
0.704773
-0.964185
-0.43705
-1.13232
0.208048
1.2614
-0.723718
-1.2906
-1.37637
0.0914786
-0.859149
-1.14515
1.27068
0.650894
-0.647818
-0.0933294
0.325258
0.346467
0.912584
0.337553
-1.65116
-0.730973
-0.659506
0.856605
1.04102
0.288766
-0.932856
-2.42893
-0.530125
0.613469
0.721614
-1.59477
0.115428
-0.199685
0.213955
-0.218918
-0.111506
-0.203772
1.08498
-0.110046
0.125949
-0.541073
-0.370712
0.134343
2.39823
-1.19457
-0.886696
1.48344
-1.18782
0.0465065
-0.287158
0.800311
0.0836737
-0.533688
-1.04805
0.14097
-1.17331
-1.60607
0.17683
0.880298
0.162627
0.421702
-0.198775
-0.114429
-2.4783
0.809205
-0.338288
-0.846088
0.081142
-0.0509433
-1.55175
-0.956259
-2.12409
-0.156563
0.423413
1.11525
1.22744
0.453138
-1.55043
0.49358
1.73481
0.553215
0.319863
-0.946176
-0.101837
-1.31843
1.23062
-0.686464
-0.343501
-0.280375
0.515588
0.919536
-0.100973
-0.364112
-1.55514
-0.0199373
0.51871
0.205679
0.655216
-0.331531
-1.27448
-2.03731
0.815246
1.37156
1.72161
0.248239
0.590929
-0.598095
-1.21371
1.41912
1.0702
-1.53468
-0.092339
-0.882365
1.07007
-0.800989
-0.45771
-0.407502
1.23239
-0.669558
0.45252
-1.21692
0.329507
0.640265
0.931568
-0.169563
0.00934688
-0.627571
-1.84404
1.06276
-1.49534
0.0922144
2.00519
0.22911
-1.84951
0.691439
0.0301327
-1.55207
-0.379544
1.1896
-1.6954
1.00739
0.790096
1.10392
-0.542247
-0.707349
0.969481
-1.51495
0.138101
-0.840978
1.08015
0.851043
-0.711075
1.82465
-0.466576
-0.0664155
0.489089
-2.09688
0.805751
0.531458
-0.342207
-0.24939
-0.953605
-0.762825
-0.843307
0.611247
-0.438126
-1.77072
-0.188782
1.47281
-0.161073
-0.708115
0.808796
1.06308
0.137618
0.370088
0.548356
0.363169
1.90363
0.615751
-0.710595
-0.100554
-0.113573
-1.81651
-1.04882
-0.470946
1.46523
1.29557
-0.270917
0.0639363
0.133142
-0.213908
-0.0618093
-0.244297
1.0021
0.186038
-1.20555
0.133845
1.36741
-0.98006
1.65891
1.0625
-0.138392
0.535624
-0.175952
-1.18993
0.011743
0.480938
1.5579
-0.0440773
-0.382158
-1.84264
-0.69295
0.67972
-0.750825
-0.407596
0.576105
0.418942
-0.759122
1.01435
0.368654
1.54238
-0.402069
-0.532376
-1.01569
-0.634334
0.795203
0.0640238
-0.466221
0.449149
0.849647
0.576082
-0.0902129
-1.40047
0.0142933
-1.36877
-1.03199
-0.560682
1.03468
-2.13123
-0.0220712
-0.444365
0.0860733
-1.23365
-0.664167
0.861631
0.459551
0.128459
0.755115
-1.02212
-0.0393742
-0.257784
-1.10625
1.4176
-0.613585
-0.633149
-0.11256
1.05714
-0.672493
-0.423796
-0.555793
-0.651036
-1.63813
0.431374
-0.775423
1.76088
-0.552004
-0.249568
0.907527
-0.314414
-1.04367
-0.856099
-1.13418
1.20561
1.08065
2.63467
-0.291516
0.0634349
0.0989414
-0.859254
-0.156678
-1.42892
-0.155506
-1.00601
0.104751
-0.584041
-0.660818
-0.899203
0.777406
0.307647
-1.27946
-0.0130846
-0.0792078
-2.01207
0.290809
0.0153192
1.26675
0.417282
-0.946839
0.108172
1.58551
-0.299692
1.98465
0.017272
-0.416724
0.643196
0.633252
0.410525
0.287993
-0.234919
0.51133
-0.0588339
0.395295
0.960401
-1.79966
-0.899785
-0.202716
1.33215
-1.09431
0.820343
-0.226391
0.205426
-2.46215
0.268293
-0.909034
-0.457843
0.831393
-1.35993
-0.393267
-0.306783
0.51609
0.225755
-0.233977
0.00820731
-0.260037
0.586786
-0.0125549
0.520652
0.381421
0.874186
-0.444981
-0.588671
-0.905559
1.55618
1.29746
0.399737
1.11319
-0.351316
0.265837
0.701464
0.618434
-0.239461
0.790716
0.834599
0.242553
0.376813
1.07505
1.49766
-0.494189
-0.774486
-0.137428
0.069255
0.486436
-0.102183
-1.56416
0.228872
0.350314
0.740082
0.136044
-0.677149
0.479187
0.61697
-0.310362
1.9139
-1.2973
-0.059327
-0.467793
0.267272
-0.29465
1.07127
0.169636
-0.488408
0.430371
1.18368
-0.758599
-1.0373
-0.205063
-0.489617
0.508456
2.68554
-0.83618
-0.314844
-1.29128
-0.153603
0.532886
-0.469569
0.0132806
1.42987
0.258352
0.880564
0.145902
-0.769731
0.510952
1.17375
-0.0879232
-0.642002
0.628613
0.333754
-0.17603
-0.0201347
1.76941
0.0766342
-0.49774
1.54465
-1.25324
1.64007
-1.03559
0.146494
0.0600908
1.10656
-0.947541
-1.07581
0.488541
0.661522
-0.534798
1.17743
1.30881
-0.64171
0.867378
-0.843275
0.766051
0.699946
-0.417563
-1.41696
-0.303156
0.704933
-1.06323
1.61114
-0.0889667
0.255799
0.926274
0.127457
0.26153
-1.13912
0.00742517
-1.21995
-0.22081
0.620609
0.523723
0.32531
0.215057
-0.19111
1.98431
1.28642
-0.515453
-0.226374
0.666348
0.239011
-1.22447
0.586365
-0.0584178
-0.907244
0.514183
0.702353
0.533691
-0.726802
0.959748
0.496821
-0.690372
-0.455669
0.493009
-0.776639
-0.536689
0.170374
-0.789668
1.09838
0.247529
0.724327
0.260958
-0.989833
0.0559507
-0.236884
-2.15304
-0.739723
0.0285229
0.620994
-0.148086
-2.22266
-0.11847
-0.855675
-0.190822
-1.34728
-0.548001
0.158194
0.789649
-0.322054
-1.48513
-1.68383
0.23809
-0.0412443
-0.466613
0.240672
-0.110775
-0.464407
-0.344993
0.832215
0.346824
-0.719943
0.137279
-0.827963
-0.825826
-1.8359
-0.688097
0.960537
0.530683
0.143953
1.57457
-0.833497
-2.28775
0.765643
0.444974
-1.8706
0.923075
-1.40455
1.76246
1.45106
1.03004
-0.141649
0.145263
-0.340061
0.136127
-0.579651
-0.675518
-1.3909
-2.1428
-1.5848
0.117796
-0.237285
-0.868646
-1.13528
-1.7258
1.63895
0.981789
0.381272
-0.783321
0.582534
-0.930613
-1.13297
0.460005
0.621191
-1.23715
-0.340681
0.725332
-1.16068
-0.818176
0.367389
0.063269
-0.887462
-0.0611741
0.176722
-0.801367
2.27783
0.478723
0.219587
0.0791757
1.53793
0.600713
-0.128671
-0.237794
1.8305
0.707284
1.6517
0.80479
-1.36304
0.177301
-1.31308
-0.269274
0.0094235
-2.14921
-1.2013
-1.20055
-0.331902
-0.303143
0.0255722
1.1537
0.861059
-1.62328
0.0898259
-0.895504
-0.1953
0.354694
-0.0284974
-2.14919
-0.701517
0.0738897
0.542408
-1.10676
-1.1788
-0.194295
-0.287266
-0.21732
2.54933
-0.152564
-2.82842
1.21389
0.206012
0.426185
-1.98253
0.514946
-1.44385
0.348814
-1.69035
0.218467
0.94277
0.86032
0.458108
0.706749
2.0091
0.150507
0.598867
0.480389
0.219668
0.291532
0.745663
-0.322588
0.38767
2.17943
-1.48555
1.90037
0.411311
-0.85734
-0.0715075
0.718061
-0.701547
0.818178
-0.637116
-0.213301
0.844059
0.104367
-0.488974
0.109628
1.0706
0.22192
0.984834
1.12874
0.219596
-0.701642
1.76191
0.277244
0.259148
0.906067
0.13146
-0.997609
-1.5598
0.810441
1.3064
-0.703603
0.0457477
0.995806
0.503387
0.895011
-0.591779
-1.11806
0.864913
-0.45711
-0.637602
0.45485
0.262723
0.232164
-0.425326
1.66911
-0.345402
-0.21894
-1.21714
1.0962
-0.0662176
-0.196852
-1.12162
0.739234
-1.23593
-0.371733
-0.844353
-0.206319
-0.573178
-0.987722
0.129995
-1.37271
0.705085
-0.872482
-0.0133189
-0.227412
0.17679
1.28313
-1.66032
-1.53611
-1.07113
-0.127819
0.572277
-2.258
-0.972105
0.569102
-0.903408
0.706399
-0.852526
1.71203
0.908997
0.353965
-0.186048
1.37313
0.443194
-0.112905
-0.376878
-0.22475
-0.866908
-0.642986
0.652948
-0.124878
0.856586
-1.05892
-0.825507
-0.0241809
-0.317162
1.76686
1.90892
-1.10347
-0.275896
-0.65042
-1.30821
-1.18033
0.553858
0.725474
0.371656
0.197261
-1.34381
-1.40184
-1.5476
-0.661743
-0.774892
-0.646068
1.35002
-0.0388837
0.84389
0.336313
0.889113
-0.600216
0.99452
-0.453146
-1.77936
1.17664
1.50347
0.505272
0.668258
-0.450421
-1.94141
-0.662501
0.172891
-0.770711
-0.0725165
-1.31029
0.989089
-1.22473
-1.40695
-0.140461
-0.817828
-0.574144
-0.330964
0.651472
0.0168122
-1.08387
0.989243
-1.01618
0.170451
2.13852
-0.456809
1.06484
-0.285469
0.233828
1.05127
-0.0880806
0.716162
-0.12069
0.241178
-0.471612
-0.545925
-0.0451717
-0.186462
0.886533
-1.69074
-0.575839
-0.621129
-0.752351
1.21632
0.814898
-0.423999
-0.598107
-0.664939
-0.975079
1.63537
0.285713
0.766894
-0.901665
-1.73807
-0.226612
0.907732
0.62949
-0.72705
-0.0368499
0.22498
0.750895
1.49918
-0.556219
1.02019
-1.53976
0.529178
-1.80675
-1.08727
-1.00236
-0.243734
1.53839
0.601748
-2.58304
-1.22619
0.0962403
-0.166218
0.670113
0.046587
0.601285
-0.0209238
-1.36864
0.347495
-0.588303
-0.89411
-1.22365
-1.61122
-1.39989
0.901926
0.0439372
-0.537141
0.994398
2.27598
-0.393506
-0.224533
-2.66374
0.357755
0.706746
0.0177666
-0.864485
0.804786
0.194748
1.47661
-0.855586
1.85686
0.507121
-1.45866
-0.944485
-0.248521
-1.03562
0.0251492
-1.11453
-0.279237
1.05734
0.617739
-0.869465
-0.681957
0.636374
0.0408392
0.28375
0.11408
-1.57719
-1.38097
0.311426
-0.688043
-1.27749
-0.551734
0.591873
-1.78158
0.155939
-0.617159
0.306035
-0.673437
-1.79459
-1.89305
-0.317422
-1.2626
-0.313103
0.344898
1.31377
-0.269587
-1.14356
-0.236572
0.989226
0.576581
0.578711
0.509337
0.553735
0.31244
0.122045
4.21165e-06
0.41052
1.20523
0.414283
0.856917
0.587074
-0.532478
-0.497832
0.519844
0.817393
0.031673
-1.17637
-0.888172
-1.02492
-0.687137
-0.728714
0.187531
-0.145276
0.333115
1.15184
1.54777
-0.463672
-1.44744
2.12189
0.198906
0.873749
0.334978
0.259537
1.6721
0.0691539
-0.933866
0.162015
-0.110991
1.26709
-1.78352
-0.0788095
1.46506
-0.635622
-0.789278
-0.854166
-0.48976
1.65754
1.29445
-0.89977
1.29863
0.00405246
0.546923
0.500206
-0.113209
-0.165652
1.26475
0.181345
-0.176947
-1.77378
-0.0296395
-1.39632
-0.419445
-0.550413
0.294231
-0.879395
0.66037
0.362053
0.201747
-1.22628
-2.76423
0.819455
1.22739
-0.50081
0.144558
0.121015
-0.288463
-1.76582
0.752357
0.36891
0.453806
-0.188869
0.602232
-1.47381
-0.845448
0.0643187
-0.363692
-0.671737
-1.16421
0.340173
-1.15984
0.689147
-1.43681
-0.14749
-0.291234
-1.0448
1.01514
0.76936
-1.13212
-0.264139
0.895744
2.05112
-0.40246
-0.744807
-0.886287
-0.133845
0.744623
-0.899259
0.726581
0.784983
0.150071
1.04252
-0.0929337
-0.243297
0.5495
-1.63732
1.16096
0.249564
0.0621651
0.236272
0.00102379
0.953713
2.12632
0.563482
0.904122
-1.02414
-0.490665
0.209012
-0.163277
0.303559
0.0696522
-0.204024
0.768285
-0.160744
0.00915914
0.0573439
-0.588052
0.738105
-0.763607
0.483704
-0.141826
1.04803
0.0707577
0.671993
-0.224936
0.0495578
0.2187
0.589171
1.05142
0.131993
1.1307
-0.38115
0.722262
-0.372849
-0.319259
-1.06244
0.529455
-0.678038
0.834623
0.353127
0.598594
-0.707891
0.291483
1.6502
0.200451
0.0758433
-1.55435
0.709502
-1.52299
0.00282965
-1.70904
0.729264
-0.639717
-0.535588
0.649735
-0.97297
0.394314
1.64763
-0.172711
-0.240218
-1.10781
0.98058
0.536859
-0.463239
-1.00423
0.976947
-0.0443913
2.54001
0.68743
-2.66537
-0.928265
-0.367829
2.0178
-0.315066
0.198679
-0.611356
1.34199
0.0593967
0.624836
0.74423
-1.17285
-0.572587
-0.00198777
2.271
1.0718
0.453203
1.69562
-0.0396204
0.108078
-0.177891
0.120445
2.76271
0.610197
1.33049
2.46318
1.30345
0.797014
-0.174831
-0.859331
1.50717
-1.8891
0.635966
1.07697
0.437105
-2.03154
0.732955
0.746571
-1.04378
-0.672135
-1.01408
1.89691
-0.640447
1.28562
-0.17445
1.83491
0.333817
0.0211015
0.539997
-1.53488
-0.7523
-0.117613
1.07481
-0.237841
0.205729
-1.31086
-0.979553
-1.29448
-0.875537
1.71529
1.95593
-1.54094
-0.661574
-0.0751002
-0.438097
-0.134956
-0.375237
1.00708
-0.105541
-0.537086
-0.23028
-0.476263
-0.0960134
-0.610405
-0.346534
-0.0648884
0.49681
0.253731
-0.600628
0.0217684
0.178286
1.07103
0.549024
-0.674033
0.460421
-2.22359
-1.96551
0.455888
0.376519
-0.0336559
0.588962
0.440172
0.712582
0.170406
0.236573
-0.194151
-0.684563
0.39649
-0.278926
-0.403384
-0.105404
0.768993
-0.619673
0.328699
0.22794
0.912745
-1.66837
0.19145
0.0370025
-0.159433
1.77072
-0.426762
-1.32272
-0.0428161
0.523682
-0.181083
-1.14271
-1.08993
0.0589067
1.21989
-0.557706
-1.32469
0.6731
-0.814992
-2.3354
0.56021
-1.65257
0.71058
0.575255
0.0607017
-0.565351
-0.055801
-1.69364
0.0803408
1.07817
-1.2331
0.465267
-0.199838
1.69005
0.111918
-0.149637
-1.95173
2.05402
0.551899
-0.26232
1.10147
1.76805
0.358213
-1.22403
0.683881
2.19912
-0.596966
0.873914
0.0499921
-0.492274
-1.47307
0.403895
-0.543036
1.01525
0.383181
2.17618
1.34756
0.850036
-0.702208
-1.07237
-1.41113
-0.497852
-0.665651
-0.484518
0.57921
-1.13726
0.320775
0.157953
0.258911
0.313134
1.49391
1.21096
0.266918
-0.928162
0.10022
0.624745
1.01451
-0.637268
1.48339
1.40876
0.225613
-1.94801
0.480362
1.60376
-1.6411
-1.40038
0.733101
-0.820971
-0.416947
1.06635
-0.0625548
0.251069
0.302897
0.37583
0.844817
0.379179
0.591921
-0.0045566
0.349356
1.22231
-0.23845
-0.377831
-2.10279
0.514208
-0.446865
-1.9163
-0.00283314
0.837655
0.609846
0.0282803
-0.329489
0.342449
-1.50751
-0.672932
-1.00096
-0.0357166
0.156044
-1.00415
0.829197
-0.925713
-0.98287
-1.43443
-1.73589
0.144124
-0.3955
0.365884
0.16171
0.318833
1.79366
-0.219967
0.159168
0.0392933
1.38944
0.520303
0.155512
1.54553
-0.4316
-1.36747
-0.360346
0.564939
0.397057
-0.46839
-1.30886
1.76786
0.169902
0.115218
-0.459471
0.261691
-0.126571
0.377009
0.508066
1.52532
0.225652
1.31448
0.682607
1.52399
-1.2865
0.357818
-0.525504
-0.128639
-0.369105
-0.107211
-0.0598423
0.508985
-1.85755
-0.259275
0.553864
0.205985
0.948757
-0.787957
0.557098
-0.39461
-0.541954
0.455122
-0.060214
-0.362694
1.71201
-1.04993
1.19985
-1.71584
-0.93408
-0.708441
-0.594089
0.86928
0.79892
0.0533731
0.00362953
-1.63136
0.777323
1.12168
-1.46356
-0.360643
-0.344261
0.203732
-2.56638
1.18651
-0.550917
-0.104628
-0.361995
-0.62408
-1.98912
1.70467
-0.952097
-0.175412
-1.05322
0.406177
0.393268
-0.246967
0.111671
-0.356197
1.62628
0.612488
0.212892
-0.475459
0.0283598
0.202946
0.794923
-0.138423
0.930444
-0.548173
0.179409
-0.664171
-0.230197
0.706917
-1.07686
-1.28094
1.61011
0.529083
-0.684716
0.537047
1.09619
-0.943617
0.196218
0.525394
0.432719
0.682407
-0.560155
-0.164328
0.457504
0.745616
-0.771445
0.0152592
0.399697
1.30914
-0.943978
1.345
0.935027
0.207274
1.15522
0.742494
0.212193
-2.50974
-0.0377782
2.32383
-0.901794
-0.280307
0.29829
1.6582
0.425655
0.420297
-0.663326
1.33791
-1.10338
-0.104966
-0.246814
-0.324263
-1.10003
-1.59085
-1.27374
0.669234
1.51557
0.689919
-0.229618
0.793233
0.782285
1.10495
-0.183017
2.18661
0.964152
0.413595
-0.0998878
-0.012036
1.28873
-0.372448
-2.13616
-0.0378973
0.763206
-2.28031
-1.71632
-0.251312
0.476644
-0.223797
-1.083
-1.85678
-0.272726
-0.13888
0.648065
1.06657
1.09614
-2.65322
-0.0273921
1.81554
-0.168786
0.688959
-0.342902
0.196304
-0.995841
0.653492
-0.652208
0.59389
0.168545
-0.845805
-1.26959
-0.0205455
1.07539
1.89307
-0.900599
-0.0983994
-0.185696
1.50927
0.727302
0.354153
0.781067
-0.884144
0.751844
-0.929541
0.243023
0.0313297
1.17046
0.143117
-0.162716
0.447871
1.00403
-0.186163
0.268437
0.649314
-0.211604
-2.30099
-0.238604
-1.32286
1.04114
-0.0107051
2.43833
-1.13367
-0.40639
-1.16206
1.46921
0.964056
0.0764374
0.533649
0.797097
0.866152
-0.611416
0.0551002
-0.703228
0.663222
-0.685166
-0.616319
0.0339607
0.204783
0.160049
1.37803
-0.185507
-1.10256
-0.31997
0.233039
-1.42101
0.649838
-0.850794
1.5118
-1.57141
0.988697
-0.353842
0.0216392
-0.356232
1.88797
-0.140604
-0.648444
0.497589
-0.579102
-0.246412
1.82556
1.11908
0.988579
0.522095
0.855922
0.276859
0.476111
1.16844
0.184938
-1.54934
1.16912
0.0155953
-0.84647
-1.03863
0.456893
-2.07358
-0.253943
-0.403458
0.729305
-0.182734
0.806614
1.37396
-1.66632
-1.05342
0.383491
-0.771316
0.325384
-0.868068
0.0695006
1.13073
-0.766573
-1.50512
0.3426
-0.479112
-1.01042
1.31093
0.149499
-0.0398075
-0.902063
-0.0606591
-0.575818
-1.41666
1.12832
1.44045
1.42789
0.0723116
0.161162
-0.105778
-0.313358
-0.389875
-1.58372
-0.200485
-0.994486
-0.151328
0.514448
0.842748
-0.438412
-1.14872
-0.47738
-1.04388
0.36924
1.1152
-0.341015
-0.814903
-0.727356
-0.0647533
-0.487379
0.991054
0.222473
0.657988
1.981
-0.818672
0.220092
-0.584442
1.0155
-0.251685
0.528843
-0.762425
-0.827666
0.295109
-0.0783961
-0.295926
0.290906
0.0515774
0.235973
-1.21985
0.526451
1.06871
-0.609359
-0.397808
0.3011
1.0223
1.39051
0.188717
1.24524
0.54985
1.14268
-0.599596
1.42818
0.00928856
-0.608035
1.22645
1.62129
0.51554
-0.106777
-0.44714
0.611095
-0.818777
-0.641654
1.21238
-1.54703
-0.809083
-0.969046
-0.77811
0.322063
0.377692
-0.716352
0.959341
0.061298
0.240037
0.339602
-0.43324
-0.00455256
-1.41443
-0.706192
-0.359805
-0.066704
0.0965214
0.518009
1.29526
2.45246
1.29124
1.1347
-1.1569
-0.811223
1.50673
-0.327201
0.64831
0.758763
1.10615
0.289691
-0.0818763
0.615077
-0.753518
1.19575
-1.20582
1.00102
-1.05547
1.83889
-0.695456
1.09296
-1.2365
-0.947816
0.710862
0.156764
0.133232
1.06381
-1.38597
0.448505
-1.1009
-0.574663
0.914019
-0.269334
1.77841
0.51949
-0.432319
0.367162
1.79425
-0.522804
0.100083
-0.0635918
0.720752
-0.923506
0.598801
0.417548
-1.67426
-1.14152
-0.477072
0.175149
0.184374
-0.259199
0.382597
-0.0403049
-0.657051
0.0509528
0.266561
0.499107
-0.446778
1.30577
0.638374
-1.15574
1.21641
-0.0490121
-0.63491
1.02633
0.408161
-1.21641
-0.885973
0.849633
1.34011
-0.283238
-0.627449
0.25189
-1.26925
0.630634
-1.29755
-0.640878
0.783312
-0.167306
-0.000161206
0.280056
-1.0598
-0.144438
2.09713
-0.21955
-1.40457
1.26264
-1.34405
-1.09877
1.096
-0.0462596
0.793175
-0.40513
-1.99246
-1.22214
0.3304
-1.20402
-0.177523
1.42245
0.204535
1.14671
-0.170397
0.650017
1.32517
-0.526483
-0.307848
0.450073
1.00936
0.445728
0.196885
0.348362
-0.941248
0.856928
-0.0199292
-0.0102084
0.599738
0.554572
0.21256
-0.321082
0.706894
-0.408738
-1.11898
-0.83981
2.0965
0.043189
-0.342208
0.685829
-1.73963
0.885848
0.891696
-1.24929
0.603482
1.10667
1.56242
0.582129
0.635019
0.249337
-0.458124
0.78258
0.490792
1.21151
-2.02113
1.12803
-0.757864
0.148542
-0.556498
-0.0785099
0.713676
-0.54912
0.856157
-0.0785736
0.307302
-0.64279
-0.849679
0.33221
-1.04357
2.05927
-0.34571
1.23204
1.27609
-0.312688
-0.154111
0.329452
1.83786
-1.01163
-0.267881
0.443098
-1.13028
0.501549
-0.592129
0.235558
0.160669
0.91191
-0.399539
-0.662937
0.29962
-0.0588819
-0.0691516
1.53568
1.44162
0.255191
0.365225
0.564807
-1.50812
0.584442
0.688207
-2.01757
0.873901
1.93531
1.02159
-0.647526
0.287991
0.716436
-1.58987
1.68958
-0.832278
-0.531559
0.140655
-0.867496
-0.403962
-0.0146943
1.83598
-0.116911
0.951009
-0.112328
-0.190873
-0.13871
1.25265
0.233986
-0.235108
-2.12754
1.99497
-0.728044
0.361511
0.639528
0.00941469
0.0287839
-1.61316
0.357648
-1.05021
-0.0149117
2.33294
0.439006
1.28626
0.645542
0.75368
-0.154238
-0.382118
0.0874389
-0.501432
2.62092
-0.000394774
0.759356
-0.0500342
1.3553
0.627144
0.275831
0.457859
0.611443
-0.189048
-0.273234
-0.835007
-0.417863
-0.172261
0.143978
0.320496
0.393667
-0.656589
0.153177
0.16862
-0.442893
-0.110566
1.52982
-0.136026
-0.205868
0.242655
1.00552
0.271943
0.897806
-0.735239
-0.824747
-0.347317
0.0711813
-0.660182
-1.22593
0.665059
0.623303
-1.82997
0.694056
-0.753207
1.36004
1.01615
0.0477601
-0.602151
-0.823139
-2.00343
0.205711
1.44906
0.721686
0.664841
-0.259101
0.337378
-0.598164
0.722488
-0.451494
0.417736
-0.441606
0.491689
-0.820531
1.01514
1.55208
-0.357662
-0.0803591
-1.24298
0.484708
1.08555
0.0486032
-0.220601
-0.187349
-0.143198
0.810786
2.32345
-0.256056
1.22834
1.62069
0.328976
0.442575
-0.0158247
1.24827
0.306752
0.302632
-0.435231
-1.29015
0.503539
1.99032
-0.93602
0.84065
-0.698681
-0.338113
-0.168886
-1.5173
-0.169821
-1.65366
-0.712752
1.19905
0.0501516
0.452915
-0.327328
-0.750507
1.22045
0.625941
-1.14103
0.169868
0.402752
-1.06506
1.26857
-0.319828
0.860716
-0.549437
-1.38949
0.839242
0.25269
-1.06671
-1.15842
-0.820907
1.30862
-0.437747
0.582951
-0.901935
0.500447
-1.07252
0.0373828
0.11018
1.71558
-1.35745
-0.478202
-1.43103
0.0886484
0.774771
0.67665
-0.925236
0.433135
-0.470422
-0.706543
-1.7463
-0.0504499
-1.22685
0.589537
0.625714
-1.30143
-1.17849
0.30929
-0.719133
-1.07394
1.20183
0.752999
0.547711
-0.782797
1.29981
-0.0574525
-0.37792
-0.555206
0.512076
0.374965
-0.49098
1.16834
-0.589682
-0.789204
-0.938826
0.594931
1.28774
-1.42048
0.774469
-0.332113
0.64342
0.0610815
-1.71433
-1.20682
0.0955268
-2.17889
-0.329334
0.794124
1.45396
0.63978
-0.0453494
0.686219
-1.65196
0.53057
-0.446056
-0.143291
-0.390907
0.614594
-0.796051
0.679114
-0.845246
0.458965
0.791481
0.317074
0.351655
0.700492
-0.829505
0.688274
0.000141893
0.695914
-0.965871
0.205149
-1.57381
0.737421
-0.39233
-1.06947
0.00157612
0.521978
-0.0222636
-2.25504
0.207018
0.221453
-0.595995
0.999332
-0.46503
1.57461
-0.469
-1.14365
0.0875864
-0.0528371
-1.1737
-1.44672
0.721307
-0.549516
0.201332
0.909685
-0.188875
0.314912
-0.999004
0.387637
0.478503
-0.210873
-1.05731
-0.879406
-0.199386
0.765016
-0.242603
-0.445501
-0.68561
-1.21855
1.39689
-1.30141
0.864433
0.299532
-0.00195361
1.09433
-0.908548
1.50829
0.0776717
-0.921507
-0.614774
0.616656
1.36858
1.56626
-0.132753
-0.197709
1.62387
0.344799
0.0330077
0.960594
-0.614705
0.428012
-1.08197
1.56454
-0.897655
-0.220987
-0.328767
-1.3646
0.883691
-0.788056
-1.54455
1.14463
-1.11461
0.776393
-0.0300868
-0.669994
0.359203
-0.0372134
-0.253422
-0.0773132
1.16452
-0.443227
-1.31121
-0.149754
0.602921
-0.166382
-0.780618
-0.413933
0.313102
1.1576
-0.204584
0.587869
0.625645
-0.217161
0.869968
1.62681
0.61976
1.04388
-0.729623
2.44151
0.425628
0.0289293
-0.859774
0.390021
0.0835256
0.726943
-0.275823
0.903741
0.728694
0.358853
-0.00907969
-1.28947
0.379356
-1.83196
-0.148915
0.891903
-0.571509
0.354784
-1.27927
0.285938
0.700008
-1.08785
0.307659
0.271253
0.0116098
0.489458
2.15834
-1.01199
1.04188
-0.300697
1.55365
-0.453616
-0.401917
0.913818
-0.180372
1.47014
-0.257497
0.222332
-0.858819
-1.17412
1.06157
1.02057
-0.0697783
-0.094036
-0.831368
-0.483615
1.13146
0.644801
-1.13968
0.0112976
0.619877
-0.206082
-0.890581
-0.829485
0.0728386
-0.634978
0.132436
-1.75796
-1.78111
-0.0929584
-1.86592
-1.17459
0.0731687
-2.34396
-0.1113
-2.40836
0.249616
-0.385465
0.259969
-0.107086
0.944344
-1.28513
-0.942153
1.08503
-0.817238
-1.65858
0.429453
1.12435
-0.436936
-1.37401
-0.250276
0.0391308
0.080334
0.572549
0.837146
-0.456532
-0.964804
1.48419
-1.00396
-0.630439
-0.355216
-1.61273
-0.253735
0.607054
-0.0451375
0.710546
-0.260841
-0.859344
-0.932663
-1.11772
0.912692
-0.818959
0.226676
0.35918
0.135366
0.698737
-0.10586
-0.637641
-0.410268
0.664113
0.307761
-0.413836
0.196395
0.267259
0.174968
-0.495417
-0.413949
1.5004
-0.316704
0.924221
-0.552064
0.269947
0.990599
-1.10889
0.248884
-0.417849
0.77292
-0.891806
0.172671
-0.924752
0.498079
2.20832
-0.75441
0.0768353
0.888485
-0.244544
0.712411
0.0569226
-0.746968
-0.44228
-0.5572
-1.41477
-0.171546
-1.1162
-0.54466
-0.278826
0.324785
0.128582
0.535542
0.433421
0.683006
-0.351514
-0.196151
-0.525214
-0.160436
1.14101
-0.165038
-0.104641
-0.53412
0.19706
0.55131
0.185004
0.741902
-0.972452
-1.53372
-0.252351
-0.781704
-0.240744
0.610982
-0.663811
-0.420546
0.73493
0.503768
-0.890887
-0.429197
-1.20207
-0.187083
-0.0212921
-1.0744
-0.490724
0.732481
-1.20249
-2.36646
1.84591
-0.137399
1.12624
1.16978
-1.2072
0.409839
-0.960023
0.450505
1.38332
-1.8805
-0.475663
0.349854
-1.24239
-0.42925
-1.69077
0.343961
0.0308915
1.67794
-0.37903
0.258725
1.32503
-0.512498
0.605773
0.0324479
1.16702
0.881912
-0.482245
-1.5209
-0.22585
-0.753153
-0.648996
-0.956818
-0.452722
-1.64715
1.31485
-0.749819
-0.878673
1.0525
-0.915813
0.668051
0.63266
-0.643282
0.284818
0.539411
0.288283
0.338126
-0.662814
-0.662808
1.56709
1.58302
-0.531899
0.366274
0.552187
-0.939449
-1.91204
-0.420578
1.37987
-0.0839731
0.813676
-0.898311
0.01795
-0.609165
0.00777094
1.12732
-0.892259
-0.326557
0.254739
0.0402374
0.063036
-0.432012
0.100738
-0.950754
0.549475
-1.69135
0.0302293
0.954537
-0.418578
0.583931
-0.170421
1.01443
0.817299
0.122812
-0.120849
0.857806
0.633439
-0.114998
2.10716
-0.0566706
-0.822996
-1.14
-1.31064
-0.565405
-0.806528
0.405793
0.913891
-0.323108
0.824932
-0.287216
0.744993
0.290405
-0.125818
-0.852839
1.6873
0.728775
-0.247061
-0.0499775
-0.716706
0.985868
-0.902791
0.466333
-1.36148
0.456388
-1.46184
-2.14134
-0.907623
-0.55499
-1.5703
0.329535
-0.400461
-1.28421
-0.899554
0.513423
-1.09259
0.393584
0.145759
0.365392
0.676915
0.766208
-0.185784
0.823101
0.380495
-0.32851
-0.62634
0.515518
-0.279213
0.171809
-0.642634
1.20327
0.0206584
-0.629663
0.398519
-1.04915
-0.93784
0.919656
-0.322289
0.0548819
-0.0349947
-1.00888
0.530761
1.8884
-0.946744
0.238934
0.457387
-0.11197
0.114797
1.24708
0.58179
-1.69849
2.02545
-1.04333
-0.166787
0.162494
-0.420363
-0.632019
0.62962
1.31776
-0.38207
-0.560113
0.248915
0.142628
0.227232
-0.639733
-0.696153
-0.298042
-0.57423
1.41441
1.7482
0.843026
-1.53911
-0.873244
1.001
0.403611
-0.0447112
-0.141104
0.351831
0.638974
-0.166665
2.42103
0.31335
-0.582949
0.149082
-0.0142266
-0.652889
-0.506571
0.101846
-0.519468
-0.0772243
-0.232389
1.89798
-1.1062
1.06366
-0.549893
-0.519894
0.0789335
1.09228
0.901732
-1.37734
0.414391
0.593088
1.94483
0.0997596
-0.351432
0.37192
1.28315
1.60904
0.272759
-0.202939
-0.0366935
0.828788
0.248799
-0.996775
-0.894641
0.752673
0.783195
-0.12891
0.760546
1.40801
0.415867
-0.413123
-1.73285
0.809066
0.0907781
0.821813
-1.13015
0.417863
0.0293502
0.406577
1.48272
0.43798
0.635621
-0.510571
1.01452
-0.963071
0.241783
-0.251667
0.4742
-2.07314
-0.437062
-3.05849
-0.901218
1.44359
1.40109
1.53763
0.753744
1.18806
0.108573
-0.160078
1.03377
-2.67186
-1.256
-0.528123
0.787678
-2.66398
-1.96552
-0.54683
-1.0777
0.236924
-0.988444
-2.6404
1.34068
-0.394162
0.255076
0.93762
-0.650883
-0.776921
-0.221441
0.275969
-0.242828
-1.15912
-0.364822
-0.29622
-1.14606
0.0300075
0.821249
-1.32525
-0.954373
-1.6675
0.599773
-0.875204
-0.173586
0.567712
-0.324268
-1.06317
-0.397563
-0.345587
0.535406
0.329644
0.124392
0.315994
0.302018
-0.0694952
-0.508617
0.249926
-0.768447
0.796523
-0.51407
-1.14674
0.115434
0.870576
-1.07002
-0.754432
0.960775
1.92169
0.0158512
1.19532
0.560147
0.941651
-0.744701
-1.03929
1.11243
0.327747
1.17093
0.0364454
-0.305268
-1.58861
-0.321365
0.51504
0.148912
1.09078
0.0348367
-0.0192069
0.101527
0.456715
1.78627
1.28126
0.62871
2.89489
0.525557
-0.830495
0.540592
-0.919943
-1.2152
0.363955
-0.886684
1.82288
-0.203396
1.04552
-1.17183
1.13922
-0.307694
-0.675393
-1.33698
-0.17998
0.111854
0.183498
0.0481061
-0.526524
-0.431715
0.519189
1.02962
0.5474
0.298093
0.476687
-0.48074
1.89058
-0.754477
-1.17594
-0.501456
-1.38161
-0.596911
-0.817358
0.501067
1.19366
0.026121
-1.24528
-0.696077
0.497581
-0.842165
0.767492
-0.843961
0.319842
1.57062
-0.332475
-0.233877
0.56674
1.58752
-0.814604
1.45135
0.215023
1.75177
0.810567
0.150575
-1.23425
0.672217
0.366953
0.0155153
-1.00481
-0.548185
0.912174
-0.0578203
1.93565
-0.340794
-0.264425
-0.0472665
-1.21616
-1.35932
-1.29027
0.278133
-0.798861
-2.1627
-0.262336
-1.67832
-0.274932
-0.69929
2.23377
-0.881253
0.335555
-0.27287
-0.406549
-1.98339
0.41778
-0.656622
-0.668966
0.314559
0.0940455
-0.317034
0.279059
0.405074
0.98592
-0.094739
-0.678938
0.689702
1.04749
-0.0851619
1.29756
0.628384
-0.987703
-0.098634
-0.446628
-0.213049
-0.063633
-0.727018
-0.167613
0.101166
-1.88774
-0.397126
0.171752
1.79388
1.17264
1.06135
-0.0848785
0.286442
-0.222874
-0.278115
0.224267
-0.802292
-0.793543
0.249618
-1.27602
-0.417044
0.105944
1.30922
-0.522814
-1.23448
0.466991
0.699764
-1.16243
-0.129295
0.542505
0.0260267
0.7686
-0.773837
-0.209023
-0.288641
-0.520052
0.258743
0.314694
0.51202
0.497988
-0.372131
-0.852508
-0.385859
0.952003
1.20738
-0.278637
-1.00639
0.398098
0.921723
0.640847
-0.0886034
0.937449
-0.653813
0.790182
-0.155215
1.06564
0.792095
-1.55368
1.73334
-0.656118
-0.917066
-1.07999
0.712989
-0.0780823
-0.852165
1.17365
-0.876919
1.43838
-0.132817
-0.690508
0.662381
0.156396
1.2222
-0.796504
-1.23542
1.12401
-0.839759
-0.560701
0.751565
0.191279
1.5708
1.56872
-0.25301
-1.16866
-0.777677
-0.760132
-0.21742
-0.397142
-1.37433
-0.769837
-0.708687
0.492683
-0.488708
-0.650837
0.5658
0.0680993
-0.837531
-1.06481
-0.642779
1.32887
1.4225
-0.0157094
0.160785
0.57395
1.31764
0.375692
-0.986417
0.0113893
1.83656
0.381848
-0.156659
-0.818436
2.08061
1.00727
-1.2141
0.161574
-0.599441
-1.5892
0.347613
-1.25263
-0.464282
-0.836057
0.536472
0.0864485
-1.41594
0.368726
-0.129531
1.17467
-0.612669
0.698441
-1.13912
2.74902
-1.02168
1.24717
-2.29753
-0.663473
0.280976
-2.10393
1.62702
-0.459422
-0.650438
2.21795
-2.37537
0.759199
0.555231
1.99721
0.471772
-0.107459
-0.388553
0.563894
-0.553364
-0.0460015
0.365511
0.229003
0.970067
0.632976
-2.25427
0.0409722
1.41966
-0.645531
1.9864
0.534811
-0.211683
0.23564
0.1642
-0.118263
-1.16424
-0.666916
-0.642716
-1.79554
1.00878
-1.50858
-0.675311
0.387692
-1.58581
0.586297
0.697544
1.42603
0.00750843
2.06822
0.231878
-0.0932818
-0.972422
0.211491
0.401509
-1.75998
-0.277733
0.656238
0.669214
0.949856
0.235007
-0.0474486
-0.642281
0.485189
-1.42515
1.32562
2.00508
-0.606005
1.10738
0.949358
-1.20968
1.02254
0.147191
0.604916
1.61963
-0.640985
0.132277
0.92781
0.57424
-1.93265
0.665984
-0.0660565
0.326858
-0.807258
0.488702
0.190613
0.894024
-1.30103
-1.37101
-1.41758
1.20063
1.49597
-0.298588
1.26841
-0.332993
0.806568
0.178662
0.965956
-0.490352
-1.38343
0.585168
-0.0771685
1.44222
-1.77547
0.366727
0.0908369
-0.503331
-0.502404
-1.13648
0.587881
-1.78566
-0.0253616
0.0954586
0.710088
0.335994
2.68033
0.623296
1.60001
-0.83929
-0.43295
-0.0988967
-0.401494
1.66154
1.12851
-0.199482
-0.746329
-1.58435
0.281217
-0.806604
-0.672261
-0.684578
-0.526393
-1.27766
0.128292
-0.753917
-1.28645
0.0215044
-0.272906
1.4461
-0.795719
-0.599102
-0.257411
-0.289796
-0.636552
-0.970792
0.715016
-0.37881
-0.268416
0.0746682
-0.802598
0.465562
0.400659
-0.323726
-0.686173
0.737978
0.647903
1.07662
1.12368
0.533792
0.61983
-0.434011
1.04882
0.852566
2.24345
0.499441
0.112683
-0.668414
-0.316387
-0.187047
-0.944568
-1.35456
1.15225
-0.669607
-0.743826
-1.48049
-0.0155811
0.606663
0.586605
-0.967709
-0.0500906
0.250251
-1.72305
0.291247
0.86631
-0.295108
-0.313155
0.349716
-1.17842
2.55208
1.0248
0.312139
-0.580895
0.339551
0.0918637
-1.28251
-0.183875
-0.301713
-1.76998
-1.10658
-0.650073
-0.123841
-1.12386
0.37572
0.246663
1.25411
1.50198
-0.348883
0.495594
-1.15479
-1.06317
-0.579266
0.246424
1.32861
1.24093
-0.129727
0.732712
-0.553283
1.14783
-0.175235
-1.3411
0.792826
-0.254324
-0.333051
-0.356226
0.479931
0.512355
-0.614137
-0.0879058
-2.05405
0.321412
0.160815
0.45351
1.05397
-1.00107
0.668662
0.157115
0.321833
-0.918885
-0.893783
1.46441
-0.437016
0.100702
-0.416942
0.577541
-0.376353
1.13299
-0.308654
2.23219
0.134217
-0.510514
0.921464
0.0062747
2.05455
-0.0789891
-0.134458
-0.762014
1.41478
-1.88907
0.952661
-0.749268
-1.23596
0.183324
0.746537
-1.65077
0.639925
0.408024
0.295355
1.70083
0.885333
-1.95903
-0.192114
-0.0452146
-0.108074
1.02341
0.954349
-0.572848
0.244096
0.0581309
1.76011
-0.579772
0.675561
2.61031
-0.339257
-1.2751
0.180608
1.12049
-0.264135
0.288038
0.970066
-1.54739
-2.19224
0.936159
0.641279
0.301434
0.113846
-0.408254
0.274682
1.37643
-0.601906
0.957
0.456812
-0.477953
-0.400574
-0.312019
0.0892166
1.97893
1.20004
1.24813
0.190714
2.38177
-3.12619
0.366071
-1.22018
-1.48804
-1.48633
0.273576
0.000151131
-0.406354
-0.265864
0.876724
0.485747
0.60174
-0.395616
1.45111
-1.94587
1.40066
-0.347926
0.388982
-0.88084
1.05373
-1.14839
-1.24984
0.107178
-1.47125
-0.243878
0.709878
1.30944
0.440422
1.46676
0.408766
-0.533539
0.868604
-0.637673
-1.94539
0.399219
-0.0177646
-0.722857
-0.276104
0.413231
-0.573548
1.15333
1.76172
0.232281
2.44364
0.231619
0.241711
0.417213
1.08074
-0.0549155
1.10455
-0.211245
0.986074
-0.749313
1.11305
-1.23897
-1.57951
-0.343778
-0.547501
0.121833
-0.231564
0.54466
-0.749933
-0.0820883
0.616197
1.08908
-0.835244
0.360836
-0.973075
-0.20608
0.510429
0.15204
0.482049
0.600585
-0.662024
0.667432
0.488831
0.674702
-1.23053
0.367108
-1.05062
1.75512
0.44817
-1.59919
0.00512845
1.0757
0.0663769
-0.42594
1.10499
0.403799
1.50369
-0.0656171
0.50918
-0.84167
-0.0485354
1.04067
-1.27751
0.0108855
0.0906189
0.269006
-0.801691
1.11273
1.79505
0.630479
-0.10634
-1.81907
0.262761
0.655519
0.658506
0.0276799
-0.0196425
-0.559235
-0.894262
-1.26672
0.44696
-0.281676
1.16617
1.01793
-0.852491
-1.61952
1.64651
0.440975
-0.141389
-1.25474
1.90099
-0.727858
1.08928
-0.126027
2.83195
1.41108
0.74428
0.591257
0.343324
0.700426
-1.80458
1.19679
-1.06031
-1.09982
-0.494308
0.128747
0.800741
-0.946383
-2.39589
0.623886
0.0580927
1.51193
0.292814
-0.0665146
1.12415
0.250564
-0.693387
0.452698
0.416499
-0.756082
0.212575
0.16511
0.588933
-1.03782
0.103243
1.389
-0.698217
-0.0483871
-0.428418
0.533212
-0.0717754
0.0555563
-1.27278
-1.1763
1.32825
-1.36334
-0.243317
-1.30896
1.65373
-0.0335507
0.0509362
1.24174
-0.684878
-1.79626
0.714837
0.573903
-0.386235
1.15933
-0.8936
1.44069
-0.767506
1.42701
2.12178
-1.999
1.24644
0.840969
-1.69526
0.186627
0.154958
0.435509
-1.55425
0.538629
0.672076
-0.228328
0.0615658
0.349678
-0.217952
-0.247731
0.0816951
1.17201
0.535343
0.688948
0.69024
0.217115
-0.0366629
0.579538
-0.189683
-0.00566372
-1.23053
1.26882
-0.989936
-1.25397
-0.474954
2.0929
-2.13643
0.186932
-0.613859
-0.429258
-0.123047
-1.44627
0.275428
1.57209
-2.05353
-0.521475
0.685518
-0.936237
0.989467
0.731041
0.579819
0.105687
-0.877405
0.14002
-0.122022
-0.397765
0.346804
0.063811
-0.460191
0.404628
0.107971
0.845755
-0.574096
-1.44597
1.15004
-0.314458
0.00237312
-1.17694
-0.59406
0.195896
0.389177
0.648133
1.731
0.566063
1.71056
-0.821696
1.60756
1.17771
-0.395531
-0.316876
-1.67727
-0.464079
1.17158
0.861026
-0.927941
1.52862
0.453236
0.36996
0.756849
0.876692
0.00964076
0.870756
-1.17712
2.05421
-0.625665
-0.335093
0.00297695
-2.07893
-0.350132
-0.212206
-2.24782
0.562281
-0.619883
0.402529
-0.720056
-0.571819
1.98542
0.036267
-0.222593
0.74428
-0.984488
-0.171602
-0.738456
2.55753
-0.880004
0.387244
1.90037
0.0655619
-0.2738
0.147506
0.291898
1.10956
-0.225103
-1.37738
1.08219
1.04916
0.905078
0.286986
0.0963706
-1.64352
0.0310996
-1.82175
1.00068
0.633018
-0.186598
-0.343083
-1.22706
1.06881
-0.539508
-0.00706836
-0.0525721
1.1079
-0.0327977
-0.506536
-0.783299
0.46242
-1.1718
0.338633
-0.706712
-0.885183
-1.13812
0.910142
0.555232
-0.413521
-1.17272
0.82146
-1.1924
0.564234
1.01163
-2.20818
0.158032
0.410182
0.363617
-1.34779
1.56708
1.02358
-0.6769
0.726818
-0.7823
-0.658007
0.29266
-0.738331
0.19691
0.332732
0.840712
-1.97723
0.25947
-1.79894
-1.40063
0.773881
0.0451058
-1.28412
-0.105188
0.815005
0.203756
-1.78202
-0.271163
0.00705297
1.43637
0.432786
0.462966
2.2388
-1.44299
0.0439198
1.06205
-0.990075
0.683753
-0.0888352
0.551573
-0.171327
-0.703768
0.578706
-1.18916
1.85943
0.525601
1.13294
-0.374038
-1.58028
0.799557
-1.1153
0.36441
-0.748995
-0.103692
-0.402829
-0.246988
-0.0311047
-0.730857
-0.716865
-0.32994
-0.10928
1.52624
-0.831048
-1.30067
0.046294
-0.506733
-0.519875
1.00716
-0.13355
0.954897
-0.219542
-0.481664
-0.0209003
-1.56131
-1.17473
-0.657968
-0.169572
-1.2086
1.00624
-2.30602
-1.43493
-0.865079
0.542768
-0.549028
0.68539
-1.09877
-2.09434
-0.428136
-0.733543
0.836697
0.179773
0.910335
0.873554
-0.597215
0.00319673
-0.00684258
0.513652
0.419316
-2.1325
0.803949
0.163986
0.346038
0.372092
1.50453
-0.335899
-0.0299384
-0.318731
-1.41065
-1.63018
1.01951
0.0681571
-1.14779
1.8558
0.210707
-0.535294
-1.5361
0.0282828
0.586815
1.25153
0.418813
0.352163
-2.49395
-1.07949
-0.405877
2.54519
-1.90828
0.105852
0.419186
0.29782
-1.27178
0.309611
-0.376568
1.01617
0.759035
-1.27136
-0.178102
-1.74732
0.771741
-0.708053
-1.22131
1.39886
1.07148
-0.281163
0.246753
-0.871638
0.103282
-0.580524
-0.88112
0.802292
0.0497462
0.642394
-0.109747
1.19732
0.830786
-1.81122
0.79493
-1.16842
0.159104
-0.33109
1.34084
0.106864
2.85979
0.224023
-1.32116
0.783794
0.044311
-1.44561
-0.539253
-0.793365
-0.0278013
0.502374
-1.6269
-0.731958
-0.289586
0.117681
-0.15407
0.185536
-1.46705
0.376319
1.02471
0.415688
-0.242222
0.100248
0.987305
0.80868
-0.297989
0.548113
-1.0745
0.373436
0.30835
-1.00097
-0.648746
0.310932
-0.1031
0.765842
1.17748
-0.231165
2.36924
-0.339756
-0.334917
-0.0885849
-0.306525
-1.0601
0.507742
0.832812
-1.04994
0.508501
-0.712726
1.01341
0.416058
-2.02352
-0.299745
0.266018
0.215829
0.0818743
-0.41397
-0.589158
-0.262406
-1.12158
-1.53081
-0.0803929
-0.0457773
-0.80784
-0.342801
-0.0233289
0.573459
0.793068
-2.42271
0.630148
0.101752
-0.418165
0.40505
-1.69641
-1.33041
-0.445705
1.05487
0.485562
-0.0736121
-0.915749
0.862848
0.434005
-0.702185
0.74448
-0.439092
-1.01759
-0.958242
0.125192
0.998803
-0.0238707
0.0529304
-0.434355
-0.122424
-0.381137
-1.00425
0.365386
2.00315
-0.219294
0.940477
-0.579611
0.389013
1.49482
-1.05484
-0.806046
0.593931
-1.41515
0.325902
-0.280004
-0.538333
-1.75519
-0.852503
1.39323
-0.695284
0.495151
1.14214
-0.378255
0.468712
-0.666314
-0.174514
0.290211
0.448176
-0.184691
-0.603483
1.06709
1.73413
0.971992
-0.253252
0.225388
-0.163926
0.679336
1.64461
1.26022
-0.106329
-0.0736809
0.975136
1.18231
0.713081
0.740148
0.0612576
0.396119
-0.10154
0.80135
-0.481354
0.300248
1.47856
0.678993
0.56541
-0.376605
-0.50964
-0.519496
-1.11397
1.14816
0.335061
-1.29767
-0.513706
-0.960594
0.0835062
-0.994412
0.139475
1.09866
-1.62436
0.186853
0.285189
1.50691
0.450846
-0.0218818
-0.621559
-0.86036
0.395746
0.729509
-0.473241
-0.564685
0.154799
1.6548
0.349531
0.0442422
0.0635399
0.306198
-0.0738148
0.482751
1.09012
1.36486
0.063742
-0.602917
-1.54593
0.933935
0.31208
1.86733
-1.83185
0.13706
1.53434
0.650629
1.71965
-0.549732
0.155453
-1.72072
0.172702
0.715332
-0.254278
-0.423573
-0.348607
-0.817356
-0.28123
-0.130122
-0.322187
0.21663
0.280351
-1.8736
-0.764366
-0.924808
-0.234846
-0.338004
0.689617
-1.37001
-1.32346
-0.0538547
-0.588812
0.846764
-0.251579
-0.873625
0.402428
-0.253573
0.426023
-0.479854
-0.381666
-0.246893
-0.841378
0.894597
1.3731
1.56409
-0.232814
0.763989
-2.25466
1.03786
1.69998
0.0124337
0.830343
1.45758
0.934258
1.81123
-0.788251
1.63517
0.548345
0.384219
0.887392
-0.514621
-0.676758
-2.54122
0.142894
2.31584
-0.664044
-0.520676
0.403901
-0.712107
-1.01338
1.58277
0.46908
0.143551
-0.850102
0.269479
2.57238
0.87114
-0.724324
-0.441756
1.40233
-0.574307
-0.242129
-1.37797
-1.02043
0.0603118
-0.50063
-0.80855
-0.258192
0.76413
0.0555129
0.561956
0.630129
-1.12689
-0.948635
-0.123724
0.245088
0.6907
0.606461
-0.257409
-0.437509
-0.181294
0.319854
-1.18642
2.33313
-0.857001
1.49753
0.0430611
-0.139631
0.523357
1.1492
0.0322754
0.857614
-0.00930111
-0.338792
-1.09001
1.56224
-0.449904
1.55732
0.961094
0.74503
-0.927426
-1.04197
-0.141676
-0.31406
1.0811
-0.804051
-1.65666
0.338577
0.869523
-1.01231
-0.0906104
-0.237332
-0.274119
0.351894
0.16717
0.321195
0.194632
0.636033
0.240647
0.0847553
-1.09587
1.20363
-0.581511
0.58163
-1.22907
0.506078
-0.334434
0.194599
-0.373162
-0.73289
0.850941
-1.33622
1.43767
0.460335
-0.20137
-0.0999034
1.87395
-0.222914
-0.768055
1.68426
-0.33206
-0.971008
-0.882074
-0.937715
0.142396
0.00656679
-0.886564
-1.78593
0.87106
1.21583
1.14946
-0.048819
0.659448
0.353248
0.724443
-1.16519
-0.635764
0.0480636
-1.83716
-0.2194
0.188835
1.34665
-0.641823
-0.170173
0.628848
-0.435585
1.35165
1.19061
1.64614
-1.34442
-0.473702
-0.13101
0.794719
-1.84225
1.97708
-0.253611
0.625442
-0.554627
0.311176
0.933992
0.449095
-0.624059
-0.573786
-0.0897615
-0.363478
0.214734
-0.417739
0.385016
-1.44231
-0.163619
0.0556079
0.780441
0.58992
0.328118
0.488955
0.524263
0.427681
-0.632642
-0.772318
-1.6109
-0.52973
0.458148
-0.42033
-0.259438
-0.57906
0.463197
-1.15284
0.150842
0.976951
0.578451
0.885335
0.70119
0.246607
-0.669733
0.964277
-0.0103613
-1.09591
-0.0132159
-0.093555
0.850866
-0.799352
-2.09813
-1.11875
-1.44539
1.63923
0.169429
0.642184
0.0816661
0.314634
0.699433
1.51765
1.23818
2.07202
1.38744
-1.53151
0.403707
0.435486
-0.0105212
0.215306
-0.141287
-0.958393
-1.49802
0.869788
-0.233705
0.367879
-0.188237
-0.446891
0.0588986
0.159337
-0.941483
0.613757
-0.610569
1.29593
-0.821732
1.33975
-0.0614247
-0.719518
-0.34218
0.243112
0.676196
-0.482007
-0.0061999
0.126978
0.368982
-0.328668
-0.217413
-0.558301
2.33955
0.975295
-1.5008
-1.18088
-0.281644
-0.277448
1.6454
0.131631
0.185842
-0.314415
-1.10159
1.56506
-1.35632
0.478845
-2.21185
1.69957
-0.105446
-1.36553
0.657716
-0.527985
0.506141
-0.900356
-0.202989
-0.120216
-0.0666721
0.695906
1.02342
1.17818
-0.536516
0.0682564
1.49057
-0.954082
1.88081
1.16496
0.875742
-0.168607
-0.0469062
-1.84703
0.297821
0.592941
0.68246
0.457271
-0.457867
-0.158858
1.66773
0.173922
-0.604165
-0.708616
-0.348037
0.727382
-0.681741
0.0339141
-0.429762
1.44462
1.39549
-0.80407
0.028004
0.502747
1.52722
0.392591
0.521058
-0.536709
0.406569
-0.435371
-0.290765
-0.391719
-1.1782
-1.26789
-0.124815
0.350467
-0.32046
-0.117711
0.052354
-0.4229
0.979451
-0.535927
0.512885
0.808363
-1.21625
0.114394
-0.952176
0.0839165
-0.35761
2.61477
-1.50182
-0.755915
0.373586
2.59002
-1.50595
0.787257
-0.856951
2.06036
-0.264784
-1.44984
1.49205
0.0697735
1.19256
-0.251086
-0.431251
-0.112091
-0.289465
-0.752257
0.33834
-1.50532
-0.744602
0.160487
0.625746
-0.200554
0.0185059
0.809852
1.85961
0.490341
0.572507
0.300772
1.92472
0.518861
-0.853324
0.186585
-0.67228
0.395373
-0.181975
1.14609
-0.839423
0.729783
-1.0312
1.94354
0.107691
-0.0173685
-1.00863
-1.14499
2.03886
1.14055
0.107633
-0.989993
-0.988075
-0.339897
-0.958817
-0.114769
-0.492191
-0.216562
-0.918818
1.22479
-0.707748
-0.208047
-0.539618
-0.289669
-1.38617
-0.437097
0.760183
-0.209725
-0.313852
-0.256405
-0.884818
1.28903
-0.810408
-0.115747
0.356859
-0.429493
0.290928
-0.638033
0.810884
1.53339
-0.154374
-0.80207
0.0282097
-1.05614
-0.141878
0.662414
0.850243
0.232598
0.317977
1.49803
1.37115
-0.957805
-0.916503
-0.0639936
-0.451306
1.16873
-0.394996
-0.196766
-1.48102
1.33777
-0.760463
-0.840243
-0.569407
0.864687
1.00204
0.750778
-2.24193
-0.263394
-1.16719
1.55371
0.68534
-1.22052
-0.132612
0.277506
-0.131158
0.678984
-0.32477
0.011613
0.218137
-0.638771
-0.582094
0.546499
0.228081
-0.689088
0.805237
-0.254185
0.761452
-0.530479
-0.389155
-1.41352
0.675733
-1.54942
-1.57032
-1.09599
0.307327
0.267969
0.458605
-0.482616
-0.701304
-0.568509
-0.56077
0.121173
1.49179
1.52445
-1.22219
1.58262
-1.45126
1.27674
-0.562276
-1.27566
-1.3579
0.971761
-0.93197
-0.339316
-0.0407001
-0.661806
-1.35717
-0.901063
1.7344
-0.725178
-0.326802
-0.746542
-0.257809
1.11269
-0.626512
-0.636396
1.33171
0.308576
-0.216749
0.579848
-0.908478
-1.72388
0.371357
0.525376
-0.199545
-1.46783
0.261272
-0.174948
1.4323
-1.22034
-0.403596
-0.191754
-0.406773
-0.144187
0.0835579
-1.094
-0.141873
-0.406425
-0.304755
-0.932211
-2.22572
0.125386
-0.246068
-0.272925
-2.48735
0.787669
1.05697
1.18795
1.33179
-0.425196
0.477064
0.443881
0.0289229
1.0095
-0.517302
-0.21754
0.815136
-1.34177
-0.964615
-2.27301
-1.06298
0.790636
-0.163688
-0.221779
0.328952
1.74205
-1.03684
0.689905
1.19574
0.974638
0.353226
1.29499
0.112262
-0.464005
-1.11352
2.05397
1.72376
-0.343146
-0.61505
0.682798
-1.1449
-0.494327
-1.30732
-0.533069
0.860474
-0.618128
-0.319514
-0.123428
-0.51189
0.780728
0.50711
0.367085
0.664797
-0.648792
0.103605
-0.412146
0.542049
1.41413
0.389713
-0.348453
0.840707
-0.43162
-0.869921
-0.869531
-0.870754
-0.173893
1.11774
-0.0806777
1.3609
0.333369
-0.124298
0.387046
-0.366959
0.897333
-0.759147
0.413252
-0.809894
-0.458833
-2.0492
-0.535874
1.58031
-0.630506
-0.795278
-0.906279
1.34308
0.277641
0.824605
-2.51875
-0.523508
-0.0527421
0.795234
0.954844
-0.552292
0.173049
-0.921473
1.09955
0.872073
0.517681
0.0920179
1.64368
-0.469564
-0.169525
-0.470796
0.353765
-0.255489
0.423366
-0.0550036
0.995926
-1.42063
0.316616
-0.154004
0.265795
-0.466148
-0.587161
0.281254
0.0258315
-1.27024
-0.20143
0.202806
2.0106
-0.247045
-0.661618
1.21455
-1.55256
-0.777504
0.285768
0.428242
-0.91078
-0.686197
1.39701
-1.24938
0.470989
-1.02702
0.485329
0.818646
2.00446
0.0846567
-0.215278
0.120451
-1.33988
-0.640598
0.0142251
-1.55654
0.697639
-0.382997
-0.219288
0.262353
-0.773386
-0.0741856
0.974501
0.74855
0.233788
-0.0166953
-0.142774
-1.36137
-1.05844
-0.985891
0.322082
-0.466733
0.999606
0.304646
-0.393273
0.956191
-0.224947
0.569424
-1.66378
0.00284309
-0.653162
-0.0860022
0.89187
0.635642
-1.29405
-0.320789
-0.667012
1.41445
0.265165
0.0144729
0.224799
-0.317512
1.06172
0.135156
-1.37916
0.176764
-0.825719
1.36825
0.502114
-0.552669
0.0908707
-0.879539
-0.909856
0.817467
-0.505022
-2.45498
-0.828504
-1.27564
-0.547735
-0.76866
0.819581
0.128667
0.60936
-0.620438
1.04463
-0.35336
0.275099
0.211208
-0.114841
1.3791
-0.00472433
-0.602843
0.112404
0.282238
-1.15271
1.76367
-0.886752
-0.989418
0.606835
-0.460119
0.100558
-0.823349
0.0325733
0.959735
0.26842
0.201261
-1.62319
-1.02557
0.666595
1.15723
-0.306642
0.18835
0.958008
1.0592
-0.576303
-1.37843
-0.437128
0.9022
0.466345
0.593164
0.833883
1.18713
0.198557
-0.136234
0.994307
-0.36468
0.951903
-0.803294
-0.894824
1.11999
-0.392641
0.374142
2.37449
-1.66693
-0.733014
0.941421
-1.43575
-0.668912
-0.2611
-0.293646
-0.721046
0.386725
0.179813
-0.11111
-1.96937
-0.739966
-0.288227
-2.02361
1.22159
0.133811
1.177
1.411
-0.395782
0.287744
-1.03563
-0.556082
0.415295
-0.255637
1.55018
1.2904
0.788891
-0.382626
-0.798672
0.60897
0.2613
-0.801291
0.239879
-0.796807
-0.91127
-1.79769
-0.0905779
-0.748213
1.73719
0.793571
1.53721
-0.196152
-1.11621
-1.04841
0.535435
0.822643
-0.242035
-0.612126
-0.916855
0.460298
0.0152903
-0.621726
2.0741
0.541166
0.195093
0.00629254
0.359232
1.76176
-0.237518
-0.0815511
-0.29092
-0.194953
-2.12712
-0.0840391
-0.0627678
-0.335298
0.530155
0.339695
0.232089
-0.0622552
-0.902315
0.142488
0.0665582
-0.800719
0.264881
-0.844171
-0.212185
-0.619811
-0.482815
0.325094
0.731787
0.437752
1.51318
0.361733
1.11531
-1.45753
0.821887
0.392192
0.364198
-0.653679
-0.0508344
-0.972621
0.69454
-1.06572
-0.563846
3.2291
0.24134
-0.626614
-0.687605
1.08319
0.501444
1.30174
0.0172449
-1.58743
0.0972971
0.538793
-0.747732
-2.11096
0.544268
1.05205
0.177135
-0.18049
-1.68597
-0.122925
-1.11811
1.00359
1.57191
1.17237
0.0905118
0.258157
0.994986
0.908904
0.451081
1.37938
-0.733412
0.405527
0.167447
-0.46929
-0.419147
0.258309
0.202005
1.11421
1.01712
-1.48485
0.735632
-0.944074
0.481292
-1.11858
-0.768703
-0.95163
1.4014
1.74843
1.29724
0.84245
0.133721
-0.267297
0.148754
0.963594
-0.425494
-0.782137
0.908372
0.938719
-0.465815
0.020396
0.53347
-0.924116
-0.701498
-0.0831834
0.688705
0.900621
0.933071
-0.782751
1.43902
-0.135537
1.28826
0.583148
0.584001
0.327559
-1.60179
-0.194717
-1.78321
1.75654
-0.622423
-1.23897
-1.9527
-2.19381
1.11943
0.0565394
-0.216013
1.7285
-0.617489
-0.0546395
1.01381
0.545312
2.27739
-0.34518
1.27753
0.280217
0.779035
-0.308822
-0.760982
-0.0318669
-0.906195
-0.492505
1.5635
0.410386
0.161547
1.77579
-0.688301
0.044388
0.999601
0.363449
1.12865
-0.673092
-1.63003
-0.300145
0.887514
0.546477
-0.678743
1.69368
0.708401
-1.06159
-2.13197
0.478815
1.4431
-0.989891
-0.0130783
2.29079
1.8967
0.273925
0.0739161
-2.11733
0.419131
0.748508
0.224098
-1.02431
-0.870041
0.225698
0.412332
0.84769
-0.254221
-1.02052
-1.34253
0.353587
0.131177
-0.219517
0.351332
1.68785
0.0229569
-0.243179
0.210669
0.602233
0.702438
-2.15145
0.447761
0.178171
-1.43146
-1.0474
0.484927
0.231585
0.360259
-0.707326
0.415765
1.99723
0.692446
1.21411
1.63102
0.800685
-0.104288
1.39633
-0.354327
-0.979573
-0.168061
0.933899
-0.432708
-1.42262
-0.150138
-1.83135
-0.743085
-0.885295
-1.08189
0.789338
-0.390987
1.42121
-0.876404
0.965699
0.293197
-0.0571534
-0.118253
1.0916
-1.45105
-0.667865
0.595542
0.0249137
-0.373712
1.11546
-0.949191
-1.83619
-1.13112
1.9518
1.06386
1.19839
-0.374722
-0.808731
-1.66812
0.186203
-0.225345
1.36818
1.18911
1.11419
-1.30945
-0.565213
0.389056
-0.537004
1.99767
0.517443
0.952223
-0.295341
-1.60538
0.440116
-0.553346
0.671929
-0.02401
-1.55503
-0.596374
0.401939
0.177343
0.6545
-1.28916
-0.485992
1.46197
0.992301
0.36917
0.559941
0.687911
0.669357
1.69106
-1.32642
1.26566
0.659884
0.982942
-1.01564
0.922648
-0.15135
1.55898
-0.182295
0.512877
0.571942
0.359347
1.37747
-0.0991392
0.510165
0.493969
-0.276062
0.141012
0.451774
-0.897686
-0.00377425
-0.24343
-1.20156
0.949904
0.194132
-0.270169
1.2003
0.145198
0.395155
-0.00567451
-0.54
-1.45305
-0.491209
-0.211741
-1.23591
-0.5756
-0.322348
-0.288703
-0.817131
-1.0477
1.51433
-0.684832
-1.71781
1.83483
-1.01532
0.371259
1.13682
-0.0335704
2.7601
-0.69796
1.13839
1.38781
-1.02525
0.476381
-0.62879
0.420416
-0.371934
0.458017
0.575248
0.807158
-1.29831
0.353553
0.104343
-0.920348
-1.7726
2.32422
0.69582
-0.504313
0.756794
-1.06357
0.537906
-2.08882
-1.11967
0.076265
-1.06126
0.120777
-0.522831
-0.494201
0.952825
0.0273711
-0.732709
-0.0173458
1.82095
0.822679
0.835666
0.672355
0.418232
-0.751515
-1.42833
1.68071
-0.084971
-0.254561
-1.40746
-0.40978
0.595553
-0.744241
-1.22036
-0.679625
0.201216
0.472804
-0.075546
-0.224133
1.86611
-0.0730849
-1.31822
0.929582
1.36935
-2.70201
-0.697358
-0.570311
1.06686
-1.27375
0.273653
0.463679
1.06454
-2.30369
0.120059
0.886545
-1.2405
-0.843823
-0.524733
0.0628563
0.264231
-1.51418
0.504723
-1.64676
0.447197
-0.658419
1.60707
-0.567735
0.889546
-1.33751
-0.10047
0.0411833
0.0113659
-1.61111
0.81801
0.730807
0.325386
0.202118
0.0410844
0.629508
0.339143
-0.537913
0.15521
0.999083
0.244477
0.650644
0.412269
0.0676724
0.349856
0.402147
-0.592073
0.432656
-0.379765
0.495417
-0.577223
0.818462
-0.482763
-1.1758
-0.818491
-0.972594
0.395854
-0.66793
1.61169
0.418341
-0.455521
-1.58908
0.382446
-1.53723
0.50805
1.39466
-0.0114425
-0.729097
0.741849
0.564596
0.153149
-1.1468
0.88904
0.0536055
-1.58204
-0.40804
-0.0906409
1.13989
-1.00752
1.82247
1.1953
1.50103
-1.20273
0.0269004
-0.506408
-0.0540066
1.32696
0.632428
-1.14783
1.87606
1.82038
0.0981825
-0.648484
0.918439
-1.93653
-2.21483
1.05677
-1.11611
0.275879
-0.071514
-1.56367
0.559191
0.4875
0.237297
0.126502
0.401385
-1.29425
-1.58371
1.30758
-0.936609
-0.791158
-0.842794
-1.17039
0.00523984
1.03263
0.124193
0.638241
0.789398
-0.702256
0.377563
-2.39158
1.06845
1.94308
-0.402713
1.62063
-1.62631
-1.54774
0.0023409
-1.31516
-0.162884
0.659887
-3.51939
0.304236
-0.0610946
0.0723986
1.10377
1.11918
-0.563406
-0.492433
-1.49637
0.775735
1.24251
1.09528
-0.523976
-0.0292876
-0.373948
0.452276
-0.283966
1.46236
1.63074
-1.48053
-0.981469
0.763379
-0.0434519
0.725458
-0.436705
-0.924753
0.600443
1.62736
0.414493
-0.577223
1.84129
0.567462
-0.457165
1.44336
1.28473
0.110986
0.698916
-0.652106
-0.586736
-0.0688123
1.45461
-0.0710247
-1.75494
-1.33493
-0.312058
-1.07633
0.867427
1.24601
0.537672
-1.93816
0.344078
0.174416
0.392008
0.146182
0.966391
0.103884
-0.738421
0.124443
0.334491
0.204041
0.335728
-0.0768993
0.161727
1.93253
-0.811171
-0.471846
-0.173637
-0.515695
0.210203
-0.949926
-1.43652
-1.47137
-0.60931
-1.4697
-0.214438
-0.510574
0.778663
-0.258883
-0.113728
0.563864
-0.560098
-0.236314
0.319491
-0.765817
0.210668
0.321868
-0.971116
-0.160984
1.42282
1.48836
-1.32767
-0.110594
0.569229
-0.0859651
-1.10213
-0.353997
-1.21972
0.0614576
0.0599489
-0.656879
-1.11816
0.615826
-0.402245
-0.985496
-1.24607
-0.849801
0.660113
0.144037
-1.76422
-0.371851
1.10776
-0.139364
-1.23719
0.528839
0.947308
-0.111395
1.38575
-0.961924
0.948115
0.584864
-0.209147
0.417297
-1.03763
1.15653
0.696645
0.589432
0.0485108
0.831752
-0.544217
1.96969
0.815598
0.218631
0.00877693
0.837336
0.445811
0.495631
0.180353
-0.812153
1.00911
1.36889
-0.52734
-1.36745
-0.46699
-0.0264254
-0.319735
0.220556
-0.349616
2.09374
-0.00951837
1.15271
-0.0486649
0.583571
0.163127
0.830049
-0.504858
-0.539761
0.0487757
0.0397576
0.468192
2.42118
-0.8611
-2.15932
-0.81223
-0.662049
1.82267
-0.899805
0.405773
0.373499
0.0320412
-1.12225
-0.917782
1.18896
0.245195
-1.8462
-0.154666
-0.999049
-0.369177
-1.04979
-0.269625
1.70608
-0.0987481
-1.70318
-2.47347
-1.20954
0.528893
1.02804
0.0225022
-0.101375
-0.333233
-1.80001
-0.780327
0.596738
0.785523
-0.917288
0.323633
0.0917256
1.44487
-0.990995
0.45632
1.42306
0.166814
0.243444
1.14006
0.55076
-0.346619
-0.285892
0.0902503
0.193852
-1.69053
-0.141484
-0.304804
-0.315776
0.098297
0.512452
-1.20789
0.0558055
0.795382
0.391149
-1.54887
1.2577
0.996664
-0.79366
-0.855332
-0.968107
-0.0781041
0.118281
-1.49294
-0.389896
0.301369
1.091
-0.549999
-0.869944
-0.620767
-1.0489
1.06374
0.00992527
0.612508
0.840352
1.35644
0.727842
-0.227559
0.893626
-2.84048
0.551056
1.24469
0.0405128
-0.663615
-1.87366
-0.430815
0.359769
0.33418
-1.08901
1.81357
-0.472695
0.704269
-1.53744
1.78577
-0.886773
-0.179461
-0.537364
2.28986
1.18761
-0.764049
-0.750733
1.59601
0.882202
-1.06209
0.33031
-1.72084
0.245421
-0.367054
0.661615
1.03832
-0.849321
0.695323
-0.190587
-0.570699
0.30093
-0.415479
-1.09489
-0.336543
-0.146971
1.7615
0.384688
-0.882146
-1.89512
0.353893
0.847127
-0.769378
-0.108705
1.01236
0.98481
-1.16854
-2.11687
-1.83943
-0.305114
-0.187057
0.597906
-2.06544
-0.345107
1.62368
-1.73379
0.8929
0.19155
-0.394055
-2.10722
0.836579
-0.370004
-0.265929
-1.01122
-2.93215
-0.169873
-1.88631
-0.471444
0.261397
0.316259
-0.534311
-0.0164246
-0.532069
1.0933
0.70278
-0.658675
0.146312
-0.00831442
-0.0969285
0.242698
-0.564731
0.385716
-0.285363
0.818292
-0.452759
0.361475
0.414508
0.532765
0.85202
0.663894
0.612159
0.118846
0.407122
-1.73948
-0.369349
0.0448566
-0.203039
0.748097
-0.663213
0.88377
0.61241
0.60042
0.599636
0.492771
-0.68936
0.480467
-1.12504
-0.570068
0.446712
-0.551468
-2.1925
-0.395161
-0.268994
-1.00781
-0.658432
-2.00515
-0.72582
1.11294
-0.937632
-0.915065
-0.21985
-0.0722604
-0.633035
0.260191
1.27118
0.174605
-0.210425
0.91802
1.23666
1.49879
0.0259136
0.790937
0.0137348
0.750312
-0.0264843
-0.141017
0.480231
0.471074
-0.373118
-1.44459
-0.810042
0.703499
0.90849
0.900168
0.253874
-1.12756
-1.21498
-0.307274
-0.424086
0.209551
0.675979
0.536529
0.246843
0.585557
-0.126384
0.553229
-1.46415
0.903448
0.182405
0.786943
0.0348798
-1.27584
-2.52351
-1.46815
0.490657
0.156877
-0.500161
-1.10828
1.80993
2.26466
0.380061
2.20594
-0.470385
-0.264879
-0.498712
0.996262
-1.61456
-0.755423
0.0440699
1.21705
1.05622
0.0484725
-0.1133
0.332966
-1.11711
0.94467
2.28053
-0.699537
-3.2074
0.190983
-0.282491
0.278191
-1.93329
1.34467
-0.550076
-0.210196
1.02791
0.394168
-0.127877
-0.312114
-2.18992
-0.697777
0.81656
-0.822534
0.994012
1.82328
0.515967
-0.911557
0.577652
0.941506
2.77117
-1.40413
0.504921
-0.271861
0.0993332
-1.07667
-1.49957
1.26277
-0.958725
1.36976
0.026643
-0.592745
1.08769
-0.144085
-1.41186
1.78524
1.85161
-0.644534
1.38658
0.337574
-0.588237
-2.33052
1.17766
0.77439
-0.502244
0.833329
0.925529
0.0236936
0.165901
0.580414
-1.74974
-0.0693401
-0.0304683
0.220837
-0.0296951
-2.52666
-1.01322
2.12332
-0.614279
-0.823321
0.302998
1.23736
1.11458
0.813511
-0.382395
0.367432
0.236576
-0.0117313
0.0321361
-0.631396
-1.26001
-2.77119
1.39271
-0.0200794
-1.45463
0.11613
1.23017
0.481833
-0.826614
0.96348
-2.54272
0.232685
-0.0815906
1.27995
1.27324
0.262597
-0.742322
0.32095
-0.870626
0.0712981
0.423913
0.00264059
0.0451015
-0.245357
0.503007
0.14816
1.50199
-0.140824
-2.00124
0.583965
-0.116975
-0.822262
0.56573
0.33805
-0.884865
-1.0422
0.612641
0.416667
0.58661
-0.520789
0.151245
0.491616
0.514604
-1.31823
-0.571678
-0.0639693
0.574106
0.101261
-0.416807
0.497904
-0.630325
-0.686395
-0.738862
-1.35048
-0.23735
-0.341275
0.595142
1.0577
0.35189
-0.198974
-1.80962
-2.61504
-0.00152336
-0.188573
1.12257
0.353998
-1.02336
0.661111
-0.844447
-1.01988
1.0275
-0.667912
-1.22421
0.0258791
-0.432493
0.686704
-0.887625
-0.120077
0.086977
-0.0606064
-0.352986
-1.06182
0.40219
-0.00302694
-1.08561
1.1394
0.554143
-0.299792
-0.100388
-0.0132402
-0.451926
0.0908336
0.758687
-0.122058
-0.214497
1.33532
0.612444
0.532577
-0.209105
-0.693915
0.279588
-1.1747
0.828641
-0.346277
-0.319926
0.576755
-0.321794
-0.55861
-0.81725
-0.885398
-0.650656
-0.853339
0.111931
-0.152119
-0.848706
-0.39371
-2.32232
0.113304
0.665426
-0.281919
-0.13281
-0.677067
-0.217723
1.42843
0.599657
-1.46194
-0.462475
-0.182041
-0.616855
-0.448277
-0.253072
-0.562275
0.57923
-0.502297
-1.38269
-0.545262
-0.665248
0.890799
-1.30243
0.416587
1.91011
-1.34956
2.19848
-0.870939
0.0948934
0.071294
0.385757
1.74633
0.451347
-0.334775
-1.98817
-1.24188
-0.514221
1.32783
-0.803282
-2.54101
-0.480612
0.514991
-0.197865
-1.75013
-1.85233
0.151728
0.144477
-0.636225
0.417116
-0.816186
-0.287034
-0.329389
0.28779
-0.090713
-0.616506
-0.383002
-0.251575
-1.19982
-0.49292
-0.227181
-0.577491
0.876963
0.511378
-0.751291
0.617344
-0.679887
-0.0326474
-0.232764
-0.371755
2.02997
-1.25547
-0.712579
0.195195
-0.18841
-0.820768
0.484651
0.162564
-0.236992
-1.7054
1.14076
0.474766
-0.150586
-0.713298
1.18753
-0.267082
0.775894
-1.13572
1.08232
2.83721
-1.04033
0.702255
-2.68625
-1.88872
-0.827947
1.4662
0.86624
-0.661429
0.191438
0.270958
-0.700178
1.40181
-0.505765
-0.306883
0.0266303
-0.104476
-1.0825
1.03667
1.73528
-0.653451
0.0509647
-1.49138
0.247358
0.0892427
-1.84873
-1.03945
0.70631
-0.178701
1.45523
-0.739674
0.489216
-0.598457
-0.22981
2.25057
-1.50106
0.732459
-0.688796
-0.387809
0.0358322
0.965246
0.445847
0.67091
0.803292
0.808926
0.222946
1.0836
-1.4195
1.39362
-1.37216
0.192608
1.38046
1.83549
0.992263
-0.360817
1.81558
1.08026
-0.227913
0.879867
-1.56744
0.0244324
1.88916
-0.165366
0.3996
-0.583055
-0.00133041
-0.440442
0.382696
-0.360661
-1.62003
0.28335
-0.724413
0.658188
0.256319
-1.33845
1.25524
0.331697
0.220435
-1.06404
0.639296
0.490081
-0.288074
-0.847576
0.904374
0.568791
0.786893
0.4115
0.971516
0.102422
0.386255
-0.44326
-0.139534
0.310931
1.27751
1.19937
0.312088
0.191307
0.539631
0.780709
-1.257
-0.0168807
-0.384746
-1.82925
0.00536801
1.27519
0.720677
-0.359416
0.730885
0.915178
0.0941593
-1.51236
-0.204588
-0.725461
0.949348
0.49587
-1.8134
0.347977
1.64378
-0.958897
0.700888
-1.02081
-0.262482
0.517554
-0.479591
-0.661058
-0.0518877
-0.379758
0.0795399
0.781829
-0.185168
0.878159
0.0810882
-0.443282
-0.50937
-0.92735
1.33291
0.283672
-0.366485
-1.03733
0.34149
-0.606208
-0.186904
0.650949
0.641204
0.337223
-0.882952
0.0147143
-0.309853
-1.11787
0.257236
1.09695
0.251048
0.217777
0.193227
-0.243225
-0.727278
-0.621166
0.250631
0.896551
-0.321417
-0.266467
-0.243312
0.984303
-0.231654
-0.561484
-1.00243
0.25382
0.418702
-0.502678
-0.348192
-0.402867
0.507464
0.914945
-0.442069
0.991449
1.57125
-0.530366
-1.30117
0.921371
-1.53866
-0.16371
-0.536625
-0.0800929
0.682093
1.23787
0.929202
0.904217
-0.652227
-0.421706
-0.58872
0.0704683
-0.602842
1.09628
0.56282
-0.684288
-0.813973
-0.683755
0.0813241
-0.320952
-0.84214
0.513407
0.506776
2.30529
-0.935884
0.0728263
-1.28567
-0.2536
1.86217
-0.269539
-0.433266
-0.292753
-1.12119
0.235021
1.63679
-0.25151
0.299465
-1.21576
0.859747
0.406806
0.249191
0.76412
1.32952
0.308899
-0.0482683
-0.418619
-0.794194
-1.24322
-0.415275
-0.652635
-0.658118
-0.836986
0.181619
0.888349
0.243606
0.20531
0.76143
1.52156
-2.51326
0.663277
0.560936
1.65515
0.110816
0.0199804
0.79431
0.600337
-0.837473
-0.0776976
-0.102041
0.458972
-1.0338
-0.699254
0.0197377
0.139515
0.838717
0.183775
-2.07144
1.77685
-1.73514
0.250553
-0.734175
0.507399
-0.839467
0.173613
-0.879621
-0.449201
-0.0564118
-1.01735
-1.34269
-0.603762
0.873757
0.131969
-1.08515
-0.70557
-0.979545
-0.275742
-0.559727
-0.0936372
0.0214767
-0.0701739
-0.373479
0.511913
-0.837713
1.10987
0.468991
0.644563
0.450029
0.581266
0.328301
0.765593
0.00519668
-0.798013
2.45851
-0.441212
1.58089
0.86677
0.384221
-0.516202
-0.139299
-0.985791
-0.480605
-0.172934
0.104382
0.853508
-0.416569
-0.135393
-0.498842
1.43005
0.142864
-2.24984
-0.820383
-0.669075
0.79233
-1.53935
1.82702
1.81848
-0.0745389
0.0910103
0.316556
0.14717
-0.460002
0.451036
0.336248
-0.482691
-0.529793
0.0100799
0.538695
-0.493684
0.406412
1.35388
0.243505
0.924346
-0.710039
-0.79536
0.348827
-0.519854
0.912783
-0.293104
0.408454
-0.334842
-0.189269
0.227655
0.878288
-0.0292814
-1.12245
-1.45143
0.465949
-0.301257
0.32077
1.69441
-1.55558
0.0949155
-0.408132
1.55169
-0.265486
0.422004
-0.0343696
-0.348405
0.380116
0.0132477
2.11271
1.17857
0.0582152
0.0705227
0.316455
0.52949
1.96519
0.354961
0.257501
0.666585
1.14874
-0.331663
0.228004
-1.21872
1.17154
0.0955612
0.197196
0.779752
1.70717
-0.7861
0.573861
-0.911235
-0.107078
1.71682
2.48221
-0.154777
2.1415
0.34001
1.17333
0.100542
-2.16941
-0.385777
-0.189125
-0.248306
0.655861
-0.320606
-0.651403
-0.306551
0.40453
0.222961
-0.635568
-0.876423
0.390491
1.44322
1.21378
-0.490871
-2.09815
-0.112993
-1.07647
-0.667827
-0.802362
0.526743
0.0702176
-0.353597
0.144225
-1.66211
-0.800584
-1.21183
0.514602
-1.55175
0.345859
-0.507755
-0.247699
0.93868
-1.57643
0.179727
0.281484
0.464488
1.64012
1.37688
-0.200205
0.03523
0.925047
0.567041
-1.62686
-1.20688
0.855196
-1.05015
0.0483312
2.99921
0.545883
1.26491
1.36659
-0.541336
0.577058
0.0151226
1.17134
0.617876
1.16866
-0.00901494
0.915597
-0.830841
1.3339
-0.304292
-0.760395
0.0344335
1.78813
-0.860874
-0.277243
0.852114
-1.01032
-0.883007
-0.870528
0.646757
-0.0210308
0.271988
-1.13943
-1.69721
0.598143
1.09285
0.251043
0.725799
0.168913
0.0624365
-0.66343
0.274641
-0.690071
-1.01091
0.285768
0.579705
2.0234
0.16927
-0.445122
0.0170688
-0.62485
-0.0130497
0.451021
1.72415
0.975778
0.563991
-0.706092
0.596519
0.52784
-0.0225849
-1.14106
0.436611
0.781233
0.038999
0.0871435
-1.18605
0.588836
0.126828
0.125989
-0.448778
0.620585
0.567612
-0.0981472
0.463097
1.35867
-1.55427
-0.310939
-1.53016
-1.61669
-0.177435
2.39279
-1.14769
0.147093
1.32302
0.574821
-0.518005
0.11641
-0.461239
-0.247018
0.830323
0.797628
-0.374816
0.817242
0.614289
0.430132
-0.424371
-0.402277
1.74732
-1.08887
-0.526202
0.340901
-0.333532
0.773243
-0.346723
-0.0968946
-1.18628
-0.182631
1.30894
0.956637
0.116156
-0.981775
-0.549863
-0.480025
-0.832634
0.327653
-0.843229
0.284323
-2.16408
-1.69853
0.775066
-1.41483
0.838696
-0.572184
1.24783
0.615602
-0.894263
-1.03828
-1.81809
-0.57918
1.23757
-0.0636871
-0.709766
0.747619
-0.71271
0.0314098
-0.563088
0.315067
-0.479605
1.73264
-0.83874
0.132977
0.318921
0.666749
0.575456
0.00246465
0.450195
-0.540811
-0.0261158
0.757232
-0.268935
-0.383355
1.38997
-1.43059
-0.323659
-0.779694
-0.725877
-1.6264
-1.76195
1.33982
0.805895
0.771267
-0.794356
0.278344
-0.421936
-0.421784
-0.158172
0.513303
-0.707744
-0.713795
-0.430952
-1.19017
-1.07369
1.46001
-0.975958
1.08506
1.22792
-0.406013
0.520781
-1.12531
-1.55314
0.0406684
1.7745
-1.06886
-0.975568
0.30739
-0.657826
-0.211394
-0.79516
0.237202
-1.30704
-1.19896
-0.737034
-0.762162
0.77439
-1.44365
-0.734718
0.800893
0.344904
-0.765751
0.52683
1.01079
0.594874
1.18531
-1.09717
0.249458
0.534199
-1.77501
-1.97396
-1.88579
0.0664288
1.17001
-0.276224
0.639811
2.2366
-1.47747
-0.19725
-0.279288
0.504486
1.51431
0.159104
-0.517795
-0.192579
1.32061
-1.02612
1.24273
-0.765377
0.00899211
-0.802823
1.00161
-0.582866
1.41984
0.361755
-0.639795
1.94867
0.0490397
0.0490957
-0.0249293
-1.40285
0.24706
-0.913959
0.558813
-1.37752
0.218082
0.367237
0.240727
1.48459
-0.245253
-0.880819
1.03865
-0.3466
0.3024
-1.37128
0.35573
0.0417647
-0.131332
1.03605
0.166935
0.685032
0.0963739
-0.206349
-0.938945
0.233995
2.18697
0.0950328
-0.43329
-1.41462
-0.964685
-0.0239845
0.767626
0.070951
0.946761
0.723007
-0.397118
-0.99773
-1.41004
0.386239
-0.74782
-0.246557
1.64899
-0.442517
0.0149485
-1.52363
0.0332034
0.109324
-0.267927
0.498637
-1.01046
-0.0785223
0.214316
-1.01513
0.290398
-1.0802
-1.30558
-0.348926
-0.254369
-1.93193
0.660858
1.64433
-0.81974
0.961488
1.54233
-1.31109
0.565072
0.0350895
-0.321281
-0.761174
0.66801
0.26252
0.47496
-0.3005
0.137464
1.24591
0.524394
-0.953081
-0.0340313
-0.216316
-0.0625284
0.683326
0.259422
-0.379941
0.774667
-1.09511
1.17994
-1.15682
1.0264
0.173105
-0.151344
0.31859
-0.0400827
-0.278932
0.238396
-1.48558
-0.128639
-0.435649
-0.49797
-0.255116
-0.802255
-1.88217
1.24068
-1.61335
-1.83345
2.40806
0.0117025
0.105774
0.44344
-0.761294
0.444592
-1.53566
-0.296725
0.565135
0.836055
0.684054
-1.03533
-0.722271
0.0808726
-1.65862
-0.745358
1.43937
-0.201961
-0.761965
0.651063
0.254977
-1.09288
-0.154214
-1.83508
-0.829565
0.151575
-0.901573
-2.10511
-0.260944
-0.647053
0.278901
0.786304
-1.99588
-0.173145
0.970937
-0.652689
-1.52309
-1.10178
-1.21228
0.795096
-1.60512
1.49945
-0.694384
0.846604
0.607205
-0.0257642
-1.2766
1.18691
0.872767
1.79061
-1.68263
-1.56807
-0.0531751
-0.00914564
-0.0159201
-0.709102
-0.326091
-1.1077
-0.823648
0.183839
0.864895
0.126991
-0.396915
0.0798433
-0.902606
0.430182
-0.919044
1.15902
-0.38698
-0.710616
-0.922016
1.16033
0.539786
0.773928
0.558496
-0.787031
-0.882047
-0.0288355
-0.497899
0.384411
0.505941
1.51393
0.0057251
-0.515284
-1.10521
0.538517
-0.338419
-0.104157
-0.460647
0.0583711
0.180936
-0.0838219
0.0751953
0.204881
0.681798
1.26602
-0.314472
0.907979
-0.798153
-0.552442
0.356085
-1.14353
0.791924
0.782119
0.839514
0.922208
-0.110447
0.0109923
-1.24294
-0.747487
0.574624
-0.524087
0.622889
0.0177689
-0.539632
-1.11931
0.195531
-0.156914
-0.416618
-1.76899
0.451363
1.46761
-1.62026
-0.577419
0.0549047
-2.56746
1.48552
-0.318425
1.0172
1.56655
-1.56967
-0.782546
-1.24389
2.01036
-0.345822
-1.851
0.389297
-1.47509
0.0784109
-1.53967
-1.09042
-0.112457
-0.147818
-1.0257
0.920287
-0.2547
-0.46729
-0.251507
-0.267139
-0.926262
0.677964
1.68905
1.07156
-1.14798
-1.09879
-0.377746
2.2125
0.0752944
0.794104
-0.0233559
-0.228974
-0.562613
-0.0857308
0.164678
0.212789
-0.323742
-0.141774
-1.44305
-1.08494
0.269414
-0.406444
-1.98445
0.0199066
-0.0135858
0.413573
-1.90163
-0.48881
-0.661452
0.774663
-1.06232
0.388496
0.0525263
0.62154
-1.51291
0.214261
-2.37148
1.7477
-0.169442
-0.64266
-0.196808
-0.229996
0.296488
-0.579478
0.780582
-0.769483
0.169119
0.447659
0.048175
1.80366
-0.465072
0.760187
1.56706
0.769205
1.22752
0.00790563
-0.986272
0.774973
0.825948
-0.69252
0.545807
-2.29858
0.0630434
0.190358
-0.51763
1.65871
0.889629
0.577619
-0.091172
-0.514392
-0.870896
2.58797
0.412267
1.10567
-0.895338
0.0752908
0.861445
-1.73589
-0.506696
-1.09173
-0.477151
2.84507
-0.00600835
-0.324366
1.27606
1.00792
-0.650099
1.04894
0.451252
-0.62485
-0.0770309
0.452059
0.285184
0.0799588
0.635371
-0.0613716
0.422146
0.99812
0.441654
0.0460712
-0.288367
-0.733165
0.526425
-1.34708
-0.0868915
2.08607
0.583058
-0.245059
1.51059
0.444028
-0.447953
-0.744025
0.800453
-0.591452
1.5852
-2.03556
1.80435
0.540712
0.959206
-0.76889
1.05857
-0.478756
1.90801
-0.402852
-0.337708
0.227361
0.934853
-0.331892
-0.0878388
0.246481
-0.59023
-1.5404
0.747809
0.110788
-0.864352
0.316754
0.0885938
1.7176
-0.120191
-0.512623
-0.139274
0.802701
-1.45453
-0.959076
-0.494195
0.865335
0.831342
0.0514636
-1.6851
0.150239
-0.56612
3.07821
1.54527
-0.754806
-0.367052
0.631353
0.163398
-1.83672
-0.156597
-1.49677
0.114328
-0.181083
0.754625
0.484479
-0.764199
0.441018
-0.113702
0.0531779
0.0859377
0.195224
-1.71174
-0.139515
0.50131
0.918563
0.678872
-0.419816
-1.06568
-1.66547
-1.10649
-0.243119
-0.197368
0.628587
0.727397
-1.1453
0.633088
0.574824
0.396138
0.572999
-0.0600749
-0.172161
0.0652552
0.495073
-1.16868
2.40283
-0.644816
1.19702
-0.763606
-0.42844
2.02769
-1.40648
-0.490007
-0.470386
-0.083083
-0.0358746
-0.585855
-0.31172
2.11477
-0.0531791
0.751947
0.107062
-0.711534
0.369179
1.38919
-0.475653
-1.37873
0.0667471
0.837736
-0.847749
-0.289241
-0.170954
1.16658
0.57707
-0.722748
-0.340714
-0.998787
-0.606898
-2.00711
-0.688769
0.416546
0.0305611
0.13254
1.35942
0.284591
1.37214
1.10237
0.837989
-1.65831
-0.198042
-0.619526
-0.0377543
-0.106497
1.26169
-0.616184
-1.1396
0.558386
0.85829
-0.921937
0.50522
1.06318
1.52376
-0.660738
-0.929957
-0.653617
0.73533
0.0232231
-1.05522
-0.214704
-2.54646
-0.868178
-0.181469
1.82576
-0.775823
-0.30224
-1.00248
-2.9548
0.504903
0.956978
0.10892
0.902455
-1.05882
-0.143127
-1.08622
-0.910362
0.801098
-0.628734
1.70099
-1.40935
-1.05951
-0.464978
0.837048
-0.228683
2.22964
0.768431
-0.24785
-1.24261
0.0993524
-0.0102595
0.126912
-0.960753
1.81758
2.39098
-1.14764
2.18333
-0.819533
0.299567
-0.675805
2.17104
-1.27447
-0.326936
0.323851
-0.482853
0.609141
0.365043
-1.60747
-0.0203617
-0.0505543
-0.508768
-2.11683
-0.0378448
0.372444
0.330187
0.715658
-1.19068
0.264863
0.343608
-0.166449
1.54826
0.413935
-1.21148
1.44323
1.53208
-0.103189
1.67013
-0.187854
1.26727
-0.0793135
-0.055514
-0.632458
0.359939
0.0618963
0.428993
0.228533
-0.665787
-1.40879
0.923668
1.14167
-0.940289
-0.524978
-0.659196
0.00982195
0.0118313
-1.19627
-0.534883
0.351143
-0.422605
-0.511218
0.924259
0.396887
-2.00502
-0.786117
-0.610048
-0.0874067
-0.341177
-2.40511
-1.13282
-1.6994
-1.02961
0.820108
0.218953
-0.130973
-0.704281
0.259718
0.304854
-0.248926
-1.19445
0.0646906
0.866688
1.16888
0.19575
0.607634
-0.117798
-1.17778
-1.3855
1.27263
-0.474558
0.175916
-0.0477528
0.732422
0.221556
-0.222837
1.45057
-0.26949
0.754619
0.456846
0.794129
0.327089
0.782081
-0.13003
0.325363
0.517274
-0.59864
1.59484
-0.786876
0.137974
-0.13589
0.646098
-1.06158
1.52805
-1.80617
-1.11848
-0.273547
-0.856306
0.0897521
1.2139
-0.15796
-0.0478113
0.14874
0.29255
1.46746
-0.533308
-1.47601
0.701446
-0.395507
-0.969998
1.50539
-0.914914
2.17225
-0.729271
-0.650168
-0.842537
-0.246196
-1.9419
0.380712
-0.27259
-0.186622
0.804126
1.31244
0.0171628
-0.248864
-0.753007
-0.345021
0.0463405
-0.844314
-1.4592
-0.541769
0.110147
-0.859985
1.92653
0.522056
-0.161111
0.908417
1.23101
0.249056
-2.37689
0.493143
0.207019
0.777911
-1.25518
0.30852
-0.76499
-0.816393
1.80575
0.188773
0.143558
0.259942
-1.09931
0.380812
-0.303388
1.78717
-1.01907
0.592841
0.126302
-0.0660252
-0.73009
-1.29538
-0.24665
-1.01996
-1.04411
1.21308
0.314745
-1.89172
0.732955
0.203766
0.0642926
0.361026
-0.393242
-0.304234
1.71316
1.28902
-1.09435
1.48064
1.55315
-1.38935
-0.487472
0.191397
-0.57843
-0.252178
1.23556
0.500403
-0.235629
0.409624
-0.298237
-1.18606
-0.554135
0.836623
-0.314958
-0.522206
0.587746
1.51783
0.16087
0.140922
0.806531
-1.08183
-1.22376
0.452054
0.450911
-0.771977
0.861597
2.1198
-0.824297
-0.313736
-0.120855
0.589293
-0.123555
1.15305
0.352187
-0.385723
-0.938483
0.621353
-0.713464
-0.00953997
-1.00529
1.09453
0.396756
-0.779377
1.16342
-0.100147
1.81465
0.272553
-0.926944
0.892025
-0.939558
0.17252
-1.31233
0.117375
-0.246477
0.905807
-0.719784
0.434515
-0.795125
0.249882
1.44172
-1.66344
-1.68046
-0.903653
-0.203336
0.76617
1.74545
0.591269
0.975069
0.538025
-0.625222
1.02209
0.724412
-0.0336015
-0.608974
-0.363754
2.82408
-0.279866
0.607756
1.93458
-0.934496
1.63047
0.469516
-1.33625
1.00552
-2.36831
-1.04879
-2.26532
0.0297952
0.00398799
-0.50565
1.15943
1.11172
0.577782
0.347254
0.902236
-1.17835
1.06478
1.03442
-1.34994
-0.388999
-0.231167
0.611407
0.0570106
0.467013
-0.00824457
0.891964
-0.620027
-2.14452
-0.0470647
0.37001
0.253719
1.36177
0.351954
-2.63592
1.39616
-0.293175
0.431843
-0.165205
1.01553
2.08289
-0.636331
-0.187582
-0.498694
0.626641
-0.321387
-0.0636561
0.869276
1.09296
2.13667
-0.0491754
0.456491
1.04166
-2.0121
0.0746544
1.25676
-0.841059
1.56617
-1.28198
0.083106
-1.2615
-0.838593
-0.476505
-1.09529
0.250442
-0.479953
0.200688
-0.548382
1.15527
-1.29469
1.40917
-0.0656641
-0.86238
-0.206133
-0.219265
2.07253
-1.67217
0.549526
-0.48096
1.32049
0.651192
1.53268
-1.11275
-0.794656
0.871049
0.428305
0.147256
-0.834378
-1.63831
0.824645
0.23443
0.279744
0.634686
0.778894
1.05421
-2.29946
0.473264
-0.880758
0.516443
3.15767
-0.426282
1.14915
-0.398236
-1.16331
1.41461
1.09403
0.14732
-0.659679
-1.05212
-0.918545
1.44902
-0.653752
-1.16062
0.785631
-0.166006
0.888928
-0.705489
1.13885
0.892041
0.557552
0.460653
0.0617666
1.76049
-2.06146
0.363038
0.315726
1.42874
-0.375446
-0.822266
0.275012
-1.42293
0.266017
-1.37345
-0.810988
-1.01872
0.182625
-1.15701
-0.153913
-1.44511
0.946874
0.536799
-0.38387
0.717985
-0.106231
0.766281
0.902177
1.75026
0.880561
-2.76219
-0.0479746
0.270249
-0.569159
-0.356104
-0.532486
-0.43532
0.515647
-0.728317
1.37781
-1.20283
1.45408
1.54341
-1.87039
1.27513
-0.89609
-0.354747
0.0700775
-0.241598
-0.388976
0.442287
-1.01815
0.555762
1.15268
0.754358
1.39508
0.727751
1.44087
-1.28392
-0.211758
-0.747641
0.128643
-0.718464
0.260739
-1.13438
-0.944086
0.280486
-0.373015
1.82292
1.0114
1.06237
0.510789
-1.60498
0.0592629
0.546194
-0.185611
0.933167
0.821089
0.687677
-0.887384
0.498683
-0.579084
0.184193
0.124081
1.20444
-0.0553356
-2.09155
-0.378877
-1.47671
1.14309
-1.26291
-0.267906
-0.851082
-1.29063
-0.0489203
1.31354
-1.58953
-0.237788
-0.11158
-1.2577
-1.45653
-0.897189
0.491629
0.225588
0.266756
0.0319947
-1.34032
0.258056
-0.321956
-0.686184
0.742025
0.685597
0.331472
-0.32191
0.65938
0.499464
1.20066
1.12061
-0.0920673
0.58282
0.76664
-0.269194
-0.412616
-0.631534
0.0720763
0.0438031
1.43392
-0.14507
0.102118
1.54843
-0.438981
-0.077183
-0.841868
0.624177
-1.45983
0.318305
1.40868
-0.0746495
-1.08246
-1.00697
0.295643
-0.914712
-1.48295
-0.9035
-0.195555
-1.44088
1.11503
-0.648064
1.14644
0.0362941
-0.973416
-0.742879
0.216504
-2.31192
-0.15656
0.88294
-0.441145
-0.243302
-1.54377
-0.978403
0.221924
-1.39916
1.16601
-1.49344
2.03905
0.516119
0.932857
0.276823
-0.688127
1.12998
-0.974347
-0.817223
1.29509
1.08611
1.25176
0.507464
-0.425666
0.384463
-1.44855
-2.09969
-0.892635
-0.913689
-0.255308
1.15438
-0.711954
-0.750743
-1.15252
0.928935
0.613089
-0.811893
-0.70694
0.628567
-0.783423
-0.510141
-0.149349
0.657033
0.589787
-0.813296
-0.344974
1.04993
0.550579
0.426618
-0.478867
-1.54944
0.305549
-0.271153
0.291459
-0.904885
0.168942
1.42886
0.43203
0.210727
1.0524
-2.19409
-0.829233
-0.400807
-1.34816
1.04433
0.513891
-2.04575
1.60222
0.3631
0.294649
0.846426
0.288776
-0.962369
-0.195668
0.631447
1.27956
-0.0106161
0.878424
-0.884208
1.80652
1.22283
1.42576
-0.367549
-0.315523
1.21776
-1.24782
-0.787292
-0.598385
-1.05932
1.59734
-0.490343
0.197859
-0.595041
0.809888
-0.719237
0.696678
-1.01798
0.493243
1.07753
0.0991261
1.13445
0.845074
-2.31671
-1.5692
-0.0197858
0.0661399
0.468077
0.0339179
-0.0181416
0.882056
0.117815
-0.108732
0.759648
1.95671
0.530106
0.452183
-0.488205
1.27049
-0.990871
1.25911
-1.75565
-1.1538
1.81039
1.72455
0.17894
0.508417
0.553436
-0.840314
0.336799
-1.74493
0.400048
-0.201412
1.99611
0.758205
1.30786
1.63937
0.700731
1.79388
0.360423
-0.240448
-0.93158
-0.685485
-0.920323
-0.629766
-2.07591
1.98704
-1.59677
2.00352
2.18577
-0.207193
1.54425
-1.29396
1.10993
-2.52089
0.412414
-0.442955
-0.874705
0.541474
-0.910298
-0.801477
-0.386719
-0.14166
-1.16504
-0.891805
-1.00953
-0.361188
-0.541512
-0.0769838
1.35362
0.473819
1.16414
0.181665
0.384689
-0.00336873
-2.21504
-0.287234
-0.646537
-0.435777
0.020701
0.0658476
0.921279
0.0710406
2.73337
-0.485124
0.981748
0.071527
-0.799895
0.936817
-0.186927
0.619597
0.346469
0.143979
-0.706013
-0.701544
0.211696
1.23988
0.978623
-1.03807
-0.201926
0.151705
-0.168655
-1.0203
0.272395
0.234244
1.49878
1.93881
1.14556
-0.781094
-0.748365
-0.192378
-1.46854
0.212957
1.63634
-0.0273251
-0.280804
0.238982
-0.270718
1.20088
-1.16674
-0.549444
-1.44841
-0.0567779
1.2662
-0.204387
1.03297
0.0440627
0.319366
-0.100916
-0.265214
-0.633436
-1.16345
-0.204771
0.0368968
0.1285
-0.497246
0.604454
-0.584999
-2.69897
-0.648712
-0.395829
-0.686334
0.593954
0.911254
-1.28098
1.44211
-0.337632
0.940611
0.148133
-0.603784
0.0106817
0.792399
-0.12187
1.5835
-0.532418
-0.734801
-1.08015
0.842347
0.247989
0.0199666
0.885254
-0.457342
0.370647
0.191324
0.518007
-0.779461
0.560983
-1.67642
0.367153
-1.01026
-0.0196541
-0.400983
0.222684
-0.945617
-0.1429
0.691663
0.914482
-0.558767
-1.17552
1.652
0.558516
-0.597427
-0.938811
-0.628197
0.409343
-0.351777
-1.49441
1.49568
0.856999
0.40617
0.371292
2.20763
1.19327
0.141392
-0.31907
1.09187
0.750795
0.0169269
-0.0516642
-1.53151
0.165959
-0.397079
-1.31615
0.997841
-0.446428
0.971021
-1.27954
-3.11558
-0.301424
1.25163
1.35134
-2.34
-0.377993
0.523732
-1.35539
0.791149
-0.331844
0.762733
0.271253
-0.210283
0.30442
-0.00769282
-0.65872
0.394061
-1.52926
-0.0509644
-0.242308
0.325264
1.12823
0.382083
0.0970195
-1.44752
0.363653
0.801501
1.27154
-0.603174
-0.941566
0.844578
0.81046
0.731544
-0.605859
1.16991
0.124232
0.616401
1.0871
-0.00776971
-0.853191
0.228103
0.946676
-0.569706
1.75053
0.877506
-1.30713
-1.51281
0.845517
-0.114475
-0.245316
-0.024808
1.00623
1.60245
0.223633
0.922647
1.56481
-0.430511
0.477752
-0.0361309
-0.203178
-0.144447
0.999393
-0.555967
-0.532669
-0.594562
-0.791335
1.017
-0.653214
-0.384041
0.0313628
-0.388287
0.576513
1.0985
0.0396755
-0.215498
0.86058
-0.961031
0.896931
1.79466
-0.395205
-0.849735
-0.962131
1.00239
-1.62853
-0.394167
-0.437495
-0.544326
0.0965287
0.817285
0.505676
1.44569
-0.1851
-0.51365
-0.735015
0.772382
0.728781
-0.58617
-0.99528
0.8276
0.117477
1.48021
-1.26875
0.563024
0.358621
0.420156
0.536673
1.15048
-0.613093
0.840458
-1.89155
0.153787
-2.07385
-0.783639
-0.0779464
-1.10508
0.626806
-0.664128
-0.975879
-0.187131
-0.351761
0.855035
0.500012
0.407325
0.803989
-0.274999
0.487853
1.24103
0.695583
0.22614
0.37819
0.103874
-0.317381
-1.53002
-1.24535
0.224531
0.39817
0.839513
-0.394959
0.226303
-0.410577
0.339352
0.307604
0.840827
-0.745981
-0.170681
1.22729
-0.37954
-0.722026
-0.166255
-0.932077
-0.56642
0.511117
0.116464
-1.1441
1.42505
-1.18325
-0.313841
1.02897
0.451711
-0.850079
-1.00694
1.69387
0.614306
-1.79989
1.66271
-1.31767
1.07059
0.629013
1.03651
0.990369
0.463193
0.097085
0.312689
-0.873
0.188898
1.44077
-0.0154144
-0.915448
0.139658
0.430523
-0.510915
1.59202
1.15142
1.54186
0.197958
0.918988
0.409062
1.21787
0.700805
1.21536
-0.170218
-0.234355
0.55478
-0.262053
-0.0222323
1.0818
0.864027
-0.885836
-0.853477
-0.883711
0.798903
-0.609878
0.586408
0.305927
-0.290612
0.149417
-0.407164
0.301757
-1.25442
2.00729
0.299683
-0.522426
0.827893
0.38236
-0.375207
0.149695
0.852924
-0.361012
0.539617
-1.72001
-0.459337
0.465638
0.0291365
-1.2432
-0.94871
-0.943476
0.195718
1.28298
-0.0132242
1.95624
0.220417
1.68741
1.09955
-1.211
-1.79698
-2.44053
2.12982
-1.21781
-0.132263
0.466733
0.77708
-0.576521
-0.775873
1.42503
1.31116
0.250046
-1.40405
1.72591
-1.7905
-0.399711
-0.0272547
0.308958
-0.432975
1.14007
-0.912967
-0.842668
-0.772209
-1.68016
0.0088886
0.644437
-0.712375
0.616149
-2.24425
0.0967673
-0.454385
2.71527
0.302171
0.988413
1.03041
0.757995
-0.437221
0.922848
-0.0884338
-0.910811
1.29593
0.825628
-0.859584
-0.895372
0.271017
0.414162
-1.03607
-1.5555
-1.15231
-1.03596
0.334407
-1.32094
-0.187015
0.841788
0.172215
-0.173366
0.46427
-2.86515
-0.281334
0.0697356
-0.339893
0.448046
0.146017
-0.28097
1.68115
-1.14406
1.67348
-1.76547
0.45139
0.783546
1.39039
-0.676681
0.883665
0.886696
-0.121771
0.646981
-1.01735
0.37651
0.137202
-1.25986
-1.10239
1.12957
0.201155
-1.3301
0.318019
-0.397787
1.01163
0.295711
-2.17932
1.26798
0.26715
1.76127
0.889517
-1.54425
-1.36618
0.37372
0.710155
-0.263708
-1.94303
-0.466797
-0.885619
0.594421
0.276387
-0.231571
-1.6344
0.599305
0.886295
-1.28796
-1.55817
-0.52671
0.968254
0.491106
-0.101969
0.205376
1.14942
0.940951
-0.373509
-0.757732
0.734076
0.823174
-1.24522
0.975765
1.96848
0.384813
-0.0697627
0.347227
0.13577
0.190265
-0.611298
0.233433
0.991903
-0.487473
-0.127869
-2.29947
0.510847
-0.0446737
-0.115303
1.74465
-0.04078
-0.387889
-0.360505
0.081095
0.166684
-1.42026
-0.823684
-0.111073
-1.17957
-1.41061
-0.186003
1.41508
0.0946358
0.624498
0.0415961
0.693462
-1.0747
-1.64347
-0.0830196
1.21985
0.665992
-1.67062
-1.19708
-0.460064
1.31226
-0.379469
-1.90704
0.926386
0.534308
0.0776322
-0.537258
0.829229
-0.414413
0.0482125
-1.01091
-1.42609
-0.897908
-0.75918
0.432615
-0.561947
1.15417
-1.80021
-0.537713
0.22795
-0.684734
-1.90898
0.0959009
-0.0843368
0.00675139
-0.774749
-1.15706
0.265494
0.140989
0.861113
0.00765377
-1.15233
0.127853
-0.533533
0.639898
0.440819
-1.57913
-0.840043
0.615473
-0.976682
-0.479461
-0.896037
-0.432008
1.11541
-0.258711
-0.760834
0.410891
0.799601
0.124394
-0.0467408
-0.00750448
-1.56177
-0.278155
0.538139
0.699097
0.474043
0.352917
1.10283
-0.608762
0.168534
-0.150784
0.219439
-0.700859
0.892456
-1.09594
-0.444999
-2.4028
0.311556
-1.26861
0.282567
-0.23322
-0.363343
-0.529813
0.198526
0.207297
1.52481
-0.469103
0.0278475
-0.512681
0.772899
0.881707
-0.265973
0.620252
-0.852233
-0.505265
-0.314524
-0.46868
-0.428571
0.346
0.512696
-1.89812
-0.436139
-2.27369
0.168252
-1.07991
1.26589
-0.50189
-0.0329066
-0.137488
1.18854
-0.994959
-1.31149
0.356307
-0.252274
0.0780474
0.534425
1.72675
1.30929
-0.208178
0.514488
-0.927187
-0.274723
-1.35086
-1.16064
-0.781431
-0.674213
0.494017
-0.102325
-0.724645
0.923403
-0.542368
0.0471953
-0.745372
0.0149948
-0.695815
0.79198
0.488011
-0.835314
-0.0641762
0.937541
-0.845347
-1.53423
-0.0827182
-0.810502
0.707573
-0.752722
-0.425905
-0.10406
1.41093
0.462375
-0.601273
-1.1075
0.524984
-0.195526
0.00255615
0.388796
-0.564549
0.835308
0.450563
-0.370409
2.17148
1.07131
-0.360343
-0.100838
-0.296526
0.784948
-1.1274
-0.796713
-0.735801
0.0058829
0.313868
-0.279749
-1.78165
0.394892
-0.923841
0.664072
-0.303277
-0.196607
0.203435
0.258347
1.02639
-1.35552
-0.190145
-0.45529
-0.32151
-0.127663
1.55509
0.750753
-0.743291
-1.30241
0.0295931
1.39952
-0.243747
0.209026
-0.213748
-0.388795
1.70644
0.495364
-0.546445
-0.722596
-2.326
-0.562665
-0.29308
0.171805
-0.385789
-0.240888
-0.130653
-0.352172
-0.0582274
-0.0306526
0.740547
-1.09419
0.930447
0.276623
0.201607
2.78262
-0.520133
-0.445726
0.137777
1.2508
-0.0980549
0.411653
1.39033
-1.01667
-1.04145
-0.656359
-0.430919
-0.0408518
2.07804
0.735302
-1.25327
2.77764
0.49464
0.766155
0.240891
-0.184401
-1.24138
-1.17368
1.46088
-0.659901
0.898574
-1.93512
0.602312
0.701484
-1.3994
-0.964109
-1.83402
-0.00180121
-0.509966
1.21334
0.078102
0.446241
0.0162529
-0.946083
1.15187
-1.13174
-0.971048
-0.294449
0.594624
-1.12623
-0.966397
0.747605
0.223401
0.480747
0.206169
1.39776
0.970092
0.433652
0.831718
-1.39527
0.158734
0.841722
-0.244464
-0.340639
1.98815
-0.368178
0.0475552
0.0714692
-2.11822
-0.232003
-1.10947
-0.59531
0.37821
-0.135727
-2.51764
-0.0548401
-0.209336
1.01013
-0.674598
-0.48012
1.39389
-0.895427
-0.69768
0.911618
-0.388282
-1.18382
-0.379797
0.574843
1.23406
0.190298
-1.09097
0.916766
-0.0411268
1.77134
0.279484
-0.197687
-1.33866
-1.00897
-0.298388
-0.46706
0.927664
0.838635
0.32685
0.443825
-0.183972
-1.64335
-0.54368
0.292463
0.416653
1.0863
2.04174
0.0210481
-0.126523
0.475471
0.276512
0.139511
1.30586
0.914474
-1.19373
1.72545
-0.3184
1.37903
-0.193335
0.456314
0.227862
-2.01587
-0.176866
-0.379746
0.353316
0.910701
0.430306
-0.0474183
-1.27438
1.1202
2.66634
0.249544
-0.423595
0.230042
0.433821
-0.612873
-0.602582
-0.367663
-0.556972
-0.0165746
0.353943
0.548754
-0.064238
0.879692
1.39097
-0.449547
2.10443
-0.799959
0.225131
0.8109
0.121013
0.754351
0.0472746
-0.344356
-1.06437
1.57878
0.683948
0.740278
0.447418
1.28061
-0.791217
1.06356
0.650856
1.6056
-0.126188
0.459094
-0.187611
0.10513
-0.432793
-0.828822
-0.465106
0.0477685
-0.84267
0.632223
-0.483544
0.679231
1.75392
0.0812639
-0.139816
-1.72697
0.765074
2.06526
0.392233
0.218775
0.631786
-0.00825237
-1.5806
0.675664
0.432744
1.32437
-0.633527
0.901889
-0.24642
0.173218
1.3238
-0.955911
-0.282378
-1.90299
-1.03097
-0.682127
-0.811816
-1.51269
-0.484832
0.593915
0.201064
1.4905
-1.63941
-0.548261
0.622413
-0.392285
0.658871
1.64792
0.551126
0.941027
-0.679733
-0.6748
1.31972
0.521112
0.455966
0.304014
-1.09062
-0.0809555
-1.63105
0.193166
-0.6125
0.393228
-0.730605
0.883599
0.560501
-0.711669
-0.488861
-3.60533
-0.458476
-0.492053
0.184002
-0.649404
-1.94547
0.936824
-1.36589
-1.28008
-0.233659
-0.83829
-0.646554
-0.92055
-0.913857
-1.9462
0.70574
-0.424773
-1.78059
-0.461559
-0.148623
-1.39888
-0.0277308
1.25806
-0.368111
-0.372391
-2.16372
1.72787
-0.588601
-1.89487
0.186341
-0.182148
1.68874
0.0443813
-0.809263
0.0152922
0.76762
-1.9369
-1.87827
-0.197469
0.370271
0.856885
-0.389349
-0.54775
0.629596
-1.18389
0.289348
0.129631
0.616572
-1.55523
0.830426
-0.212809
-0.910888
1.03411
-1.9727
0.367698
0.0221813
-0.71292
-1.06656
-1.30361
2.00028
0.691911
-0.161636
-1.04925
0.549277
-0.810251
2.0672
-1.17548
-0.1315
0.670995
0.97263
1.49551
0.890724
-0.294575
1.09775
-0.381246
0.164755
0.530341
1.41567
0.752639
0.672756
-0.889308
-1.44144
-0.117893
0.369305
0.181996
0.356321
-1.47485
-0.552953
0.427536
0.926773
1.2025
-0.0193603
-0.796921
-0.879509
-0.544648
-0.0937307
-1.79034
-0.93754
-0.461908
0.0732644
0.839423
-0.802528
-0.120751
1.25655
1.9893
-0.349495
-0.69618
-0.50362
-0.378161
-0.514217
-1.9329
0.274754
1.11506
-1.11088
-1.92448
0.719995
-1.48049
-0.911043
-0.776664
1.87191
0.815805
-0.556693
0.198722
-0.30201
0.61145
-0.995756
-0.696294
-0.572785
-0.211626
-0.693324
1.04883
-0.901103
-0.659101
0.00610942
0.747943
0.987066
0.79582
-0.0468517
-1.29346
-1.35476
0.273093
-0.461712
1.91205
1.55759
0.468239
-0.54124
0.798907
-0.160453
0.575916
-0.923833
0.128026
0.404614
-0.618187
0.253301
0.174052
-1.88262
-0.499429
0.296729
-1.14221
-0.654018
0.470626
1.22633
-0.169189
-0.930733
-1.29908
-0.312778
-0.194253
-0.617462
0.221133
-0.143185
0.895352
-1.36317
0.239667
0.499509
-1.15158
-0.457626
-0.0918212
-1.34533
-0.741748
-1.34592
-0.325643
-1.97407
-1.12402
-0.148204
0.114648
-0.763773
0.321557
0.258028
0.218447
0.0781738
1.77976
0.92573
-0.490539
0.428673
0.186046
0.838477
-0.758537
-1.33662
-0.923466
0.844077
1.17576
-0.676181
0.466915
-1.09249
-1.39144
0.609057
0.505416
1.59318
0.126525
0.736615
1.76232
-0.462303
