-1.25224
2.22938
2.0119
-0.68452
-1.11128
-0.3533
-0.469211
-1.31873
4.53776
2.26771
-0.154948
-0.937388
0.945377
-0.61271
-0.76721
-0.835182
-1.60473
-1.59003
-1.12956
1.40385
-0.836755
0.622232
-0.0869508
-0.203206
1.33108
0.684601
-1.43923
-1.28835
-0.442776
-2.59716
2.86102
0.93356
-0.794093
1.36056
0.151868
0.257298
1.73869
0.0322144
-0.56375
-0.862315
0.605422
0.0657067
-0.284333
-0.816482
-0.341146
-0.393419
-1.65665
0.92968
-1.25068
-1.18885
-1.57899
-0.38587
-0.653425
-2.01924
2.0955
0.570889
-1.62395
0.579837
-0.818609
-0.00891231
1.54551
0.362295
-1.23089
-0.0448076
-0.927254
-2.31919
2.01357
0.384271
-0.485517
-0.0932018
0.684343
0.780714
0.0316439
0.714757
-1.09201
-1.10012
1.79626
-0.431087
1.32022
-0.787887
1.47522
0.818448
-0.197963
0.3386
0.791872
-0.858467
0.516828
-0.618073
0.792328
-0.891184
-1.78461
-2.57364
-0.567454
0.34131
-1.64941
-0.225146
1.85912
-0.036054
-1.53144
-0.570156
0.906498
-0.208334
0.104901
-2.77839
2.32976
0.886782
0.50081
0.462021
0.318156
-2.03974
0.497799
-0.501839
-1.15465
0.434709
0.728802
0.678165
0.646394
-1.87158
2.00618
0.18372
-0.634691
0.844309
-2.08234
1.65455
-1.12533
0.0336827
0.106208
2.29701
0.852082
0.875828
-3.24478
2.5209
-1.04144
-3.36094
2.95026
-1.84206
-0.0419027
1.70985
0.830797
0.284497
0.76006
-2.43404
-0.607786
-2.01956
-0.324814
-0.250873
1.70866
0.252783
-0.102236
-1.4547
-1.15755
0.160813
-0.0712914
-2.14763
0.678654
-1.6067
-0.725573
1.20121
0.245428
-1.6238
-0.714711
-0.421176
-0.948815
0.127048
-1.53357
0.128422
-1.33132
0.048772
-1.3898
-2.20669
1.04574
-0.160148
0.318492
-2.37188
2.202
-1.28431
-1.29781
-2.51847
-0.435142
1.23047
-1.86964
-0.883242
2.59148
0.214766
0.0751642
-0.842647
-0.932222
0.743369
-0.93661
-1.70191
0.389859
1.1425
-0.961431
1.68249
-0.420822
0.082947
-0.859327
0.549588
-1.51143
0.593637
0.520282
0.0960126
-0.961124
2.73483
1.7608
1.42593
0.535594
-0.547222
0.0397679
0.524336
0.549129
-1.62421
0.536956
-1.19983
-1.58667
-0.322554
2.46172
0.363978
0.256766
0.237442
-0.331111
1.24037
1.97001
0.465215
-0.142439
-0.452898
0.21624
-0.37419
-0.431954
1.93271
-0.22634
0.334024
-0.0392662
-0.69967
0.635535
-0.631419
-0.320423
0.817687
0.942286
1.01013
-0.445995
0.637537
-0.92875
-0.391133
1.24619
-0.451841
-1.13219
-0.769259
-0.252453
-1.27216
0.0341046
-0.0944029
2.61099
-1.1041
-1.10032
1.23982
-0.320057
0.037831
-0.8435
-0.960974
1.67056
1.66968
1.71007
0.174024
-1.70851
-0.911095
-0.861045
1.39047
-0.643235
3.44597
-0.591501
-1.27833
-0.321143
1.46669
0.955448
-0.614015
-1.33227
-0.237614
0.698461
-0.0793109
1.42687
1.38984
1.27353
2.10345
0.651136
1.97788
-0.0227889
0.28879
-0.0223334
0.885532
-0.569433
-0.00992704
0.87479
3.24852
-0.0986826
-0.00384971
0.436617
-0.680562
-0.859181
1.16205
-1.32766
0.521589
-1.33113
1.83215
0.227535
-0.831928
0.184372
-1.42387
-2.37576
-0.271936
0.983792
-0.75976
1.57056
-0.405866
-2.70586
-0.887416
-2.38552
0.272459
-1.01344
-1.64967
0.234378
-0.872191
0.331821
0.662595
1.14384
-0.788381
0.292767
0.440877
0.0652665
0.482238
0.844907
-0.483759
-1.0205
-1.08023
-1.2958
-0.69623
0.893987
-0.80797
2.42509
-2.37827
-0.324316
-0.932797
1.02841
-0.248525
1.05721
-1.22386
-0.322641
0.20941
-0.894862
0.444593
1.1208
1.70718
-0.968469
0.608738
-0.688095
-0.361293
0.0818832
1.6061
-0.150648
-1.19559
-0.184086
-0.463827
-0.271015
-0.964073
-0.0389105
-0.654216
-1.16024
-0.773487
-1.02213
0.63842
0.363685
-0.379697
0.0182823
0.447641
0.889331
1.78267
-2.70188
0.937457
-1.26273
-0.973216
-2.30465
0.057281
2.04237
-0.775497
-2.14048
0.33331
-1.64259
-0.0260416
0.308179
-1.47057
0.0150119
-0.445032
-0.792823
-0.247494
-0.736044
1.49766
2.95442
-1.35901
-0.527339
-1.74896
-0.733045
-0.684961
2.31757
-0.88498
-1.45143
-0.530072
-2.00979
0.270581
-1.29666
0.632221
-0.775782
1.38143
0.222224
-1.29934
-0.205421
-0.0925942
-1.97312
-1.45512
-1.60482
-1.78806
0.899937
1.17075
0.454221
0.863051
1.64379
1.11086
1.75963
0.96254
-2.05488
-0.11005
0.289206
0.929621
1.47765
-0.707788
0.226694
0.441948
0.65851
-1.1912
-0.0404115
1.77549
0.347161
-1.14288
-1.26055
0.544514
0.394221
-0.519089
-0.483929
0.719768
1.37887
0.502292
-1.38461
-0.85367
-1.24464
-0.255347
0.0988345
0.276608
1.65328
1.14877
2.19751
0.667856
0.457079
0.675428
-0.312501
-1.15147
0.984688
-0.140511
-0.746745
0.600699
-0.819155
-0.977475
2.25376
-2.59148
-0.406864
-0.48076
0.233126
-0.653853
-1.32931
-1.50183
-0.727121
0.398267
-0.315093
0.412008
2.99876
-0.666167
1.19054
-1.36046
0.945985
1.30456
-0.318985
-0.541317
2.26608
-0.456494
-0.983001
0.100135
1.13436
1.32041
0.518293
0.177707
0.256713
2.3225
-0.622387
-1.3056
1.10372
-0.559575
0.593632
0.752572
0.968493
-0.704235
0.907572
-0.331628
0.0640821
0.115275
-1.36623
1.88082
1.75847
0.43705
-0.130978
-0.129407
0.332198
-1.28509
0.702994
-2.29307
-1.02718
-1.87171
-1.62337
-0.373297
0.692616
0.509778
-0.410587
-1.77603
-1.95741
-0.014472
-0.202952
-1.17814
1.84339
1.29073
-0.0516762
-0.872306
-0.310683
-0.804964
0.44012
1.44256
0.636933
-0.280986
-0.624391
1.39269
-3.5304
-0.845933
-0.150938
0.531073
-0.324672
-0.725977
-0.219555
2.09725
-0.135921
0.843786
-0.799657
0.910078
0.896581
0.192254
-0.226396
-0.0416712
1.45899
-0.693691
1.28989
1.61063
-1.68992
-0.876997
-2.33674
0.510788
0.646064
1.01417
0.656479
-0.481425
-0.663763
0.197276
1.0687
-0.435234
-0.353503
1.15509
0.471068
-0.553044
-0.416581
-0.553496
1.41885
-0.880555
0.951525
0.377458
-1.84293
1.02669
-1.45105
-0.208689
-0.346693
-1.20441
0.315539
0.0499771
-0.358881
0.250046
1.27108
0.400388
0.532316
-1.7077
0.0566173
0.733687
2.05038
-0.494259
0.47477
-0.0896353
0.107104
1.06997
0.779636
1.64807
-0.86246
1.14568
2.43146
1.02143
0.095459
-0.263767
1.20642
-1.91533
2.12208
1.01186
0.387215
0.354654
0.13545
0.431201
0.844631
-1.37006
-1.12466
-2.46114
0.0410471
0.37955
0.152489
-0.519097
-0.93688
0.164726
1.06224
0.484115
-0.530504
0.152604
0.379959
-0.530652
1.48814
-2.20223
-0.0142475
-1.43068
0.465975
1.72747
0.0474888
-0.28658
1.54251
1.0737
1.07864
1.21152
0.758487
-0.935304
-1.22598
-1.20874
1.86817
0.0819843
1.22815
0.764694
1.37946
-0.0989262
-1.97358
-0.557217
1.47074
-1.15618
-1.96552
0.245324
-1.54435
0.0941182
-0.721372
-1.17583
-0.494938
-0.677519
-2.24622
-1.30765
0.273789
0.141051
0.712581
1.97719
-0.575959
0.323992
-0.27356
-1.00194
-1.63397
-0.260466
-0.800212
-0.406453
-0.282718
-0.504253
1.17828
-1.16844
0.532294
2.00784
1.86452
0.557037
2.28867
0.123364
-0.0686251
0.904217
0.56184
0.80442
0.203781
0.266136
0.320418
-0.852777
2.52375
0.853224
0.708462
-0.116519
1.29421
-0.172031
-0.29984
-0.993521
-1.0654
-0.208452
0.36354
-1.41262
0.908957
0.204329
-0.560376
0.848456
0.999116
0.770079
-0.828944
0.0739839
2.20128
-0.203371
-0.144989
0.317664
0.0772973
-0.210219
-0.0703574
0.883314
0.297132
-0.409786
0.597887
0.590705
-0.220573
2.14827
2.10949
0.779456
1.34411
1.24896
1.16893
-1.45954
-1.77806
1.15842
1.53103
0.463877
1.66725
0.846147
-1.67993
0.383466
-0.400108
0.516589
0.45122
-0.4662
0.792174
-0.435102
0.621674
0.94972
1.16469
-0.358323
-0.300857
0.188748
-2.30032
0.189896
-0.336519
-2.79611
-0.00814344
-0.146457
-1.68332
0.36383
0.254874
-2.352
-1.00431
-2.02857
1.55157
0.286965
0.754385
0.749427
2.67308
-0.306921
-0.268351
0.49284
0.475348
0.556517
-1.11238
-1.38066
-1.09607
-0.611086
-1.29745
-0.598426
1.52767
0.781011
-1.0113
-0.667176
-0.214389
-0.597316
-0.469426
1.37931
-0.435758
-0.608325
-2.02223
-0.0832315
1.50742
-0.725939
0.0264212
0.750601
-0.387669
-1.04143
1.98585
0.505735
0.954991
0.000721685
-0.533062
0.416045
0.170741
-0.0572905
-1.83796
-0.127971
1.27403
-1.16568
-0.891864
0.344389
0.691455
0.0740659
0.513497
0.689038
-0.613779
1.57366
0.873123
-0.671508
1.58644
-1.40698
1.93727
-1.1443
0.313368
-0.411843
-0.467075
-0.854395
-1.62404
0.638437
-0.9813
0.142196
-1.38687
2.1314
1.01779
1.53543
0.316642
0.284956
1.50718
-1.10926
-0.256017
0.511423
0.635565
0.598454
-0.906381
0.678381
2.54789
0.991357
-0.332504
1.06488
-1.50238
0.320539
0.432732
-1.82924
-0.0941885
-0.799663
-0.780574
-2.08839
1.35276
-0.116419
-0.645937
-1.90788
0.826672
-0.0889593
-0.117903
-0.480205
-0.321587
0.966403
-1.10986
0.533445
0.860424
-0.128716
-0.0235153
0.0803636
1.4066
-1.22789
1.66284
-1.56669
-1.01037
-0.621748
0.811634
0.400557
0.201472
1.19812
1.00541
-0.0391067
0.436924
0.377357
-1.65466
-1.38457
1.39472
0.0359436
0.158262
0.753222
2.58239
-0.603051
-0.945226
3.54438
0.508117
0.321209
0.426254
-1.57067
-0.613905
-2.87897
1.02532
-1.23373
0.394408
-0.201532
1.68044
-0.226355
-0.206312
-0.540653
0.92214
0.293936
-0.793056
1.69996
2.44799
-1.44538
-0.821702
0.590067
1.56445
1.59826
-0.62429
-0.366836
-2.21107
-0.407433
1.77408
1.80421
-0.287576
-0.116343
0.599846
2.1788
0.0153684
0.0989383
-0.243111
-0.266729
0.266287
-0.519382
1.44592
-0.208295
-1.65887
-0.513962
-0.649839
-2.51151
1.16728
-0.456747
0.708949
-1.84861
-1.45584
0.00523733
1.54155
-1.3007
-1.05783
0.305312
-0.501631
-0.0791645
-1.07115
-0.293065
0.133328
-1.21706
1.49044
-1.99674
0.118116
0.790585
0.509293
-1.01337
0.408623
-0.18667
-1.30564
-1.05027
-2.5337
0.44994
0.0566585
0.121414
-2.77281
0.019475
2.02663
0.695144
1.1381
-1.82929
-0.181152
0.537526
-0.81871
-0.835402
-1.92699
-0.322497
-0.2755
1.02572
1.88792
1.23556
0.210062
1.38896
0.816463
-1.96987
0.653144
-1.0082
-1.37287
-3.33424
-1.79872
-0.087188
2.00568
0.102272
0.29159
3.30415
-0.0812143
-0.850068
-0.48893
-0.556939
-2.95368
0.254148
0.356106
1.14555
1.69263
0.870742
-0.716723
1.37082
2.24881
-3.06542
2.29364
1.33311
-0.417059
0.653353
-0.549381
2.0662
-1.74288
1.10715
0.847829
-2.0614
0.207424
-0.899088
0.839367
0.286402
0.171794
-0.559731
0.294333
-0.00145025
-1.12298
0.386106
0.0377489
-0.591048
-0.70781
0.129169
0.0832847
0.998181
0.410605
-0.0519416
-0.667678
0.693079
0.965776
-0.651816
-0.623956
-0.54527
1.18952
-2.31032
-0.312677
1.41017
2.28249
1.83681
-1.02213
-0.868297
0.103104
-0.24035
1.08487
0.599064
0.347472
-0.0319421
-0.160441
0.760127
0.303457
0.790586
0.230107
0.47036
1.16016
0.615232
0.513747
0.431132
-1.5415
-0.212481
-0.849944
-1.05053
1.08249
-0.827119
1.94315
1.28645
0.21099
1.12328
-0.257982
-0.140865
0.711816
1.5176
-0.694143
-1.35899
-0.862436
0.89934
-1.93141
1.55843
0.419883
-2.83579
0.926822
2.2988
0.0897885
0.524767
2.09184
-1.21151
1.39902
-0.895164
-1.08789
1.15164
-1.18326
0.326046
0.1252
-2.50774
-0.586792
1.46618
0.634403
0.740843
0.357619
1.13806
0.233734
1.17968
-0.540331
0.220055
0.689445
-0.157111
1.0275
-1.4159
-0.472329
-0.0567442
0.907835
2.13935
-0.875651
0.746957
-1.12372
0.234485
-0.654402
-3.27967
-0.823008
-1.55202
0.483095
-0.745668
0.125305
1.23593
-0.930798
1.00241
-1.37848
0.624125
1.26341
-0.595443
-0.530228
-2.04076
1.81665
-0.785669
-0.567022
-1.39758
1.75054
0.144651
-1.33161
0.0750641
1.23169
-0.153532
0.437914
-1.46932
1.52436
-1.76744
0.260696
0.325011
-0.442753
-1.36186
-1.04281
-0.896993
-0.328982
1.61355
-1.23125
-0.890909
-1.83264
-0.632014
1.26418
-0.309261
-0.552053
1.76152
1.55351
-0.907464
0.388002
-0.823102
-0.626295
-1.72595
-1.485
0.438359
1.18282
-0.715545
-1.4048
0.207775
1.68839
-1.13287
0.346654
0.487811
1.05597
-0.554693
1.76243
-0.651004
-0.425335
0.784034
0.485645
0.324048
2.18359
-1.20183
0.111185
0.484056
-1.41862
0.339821
1.20912
2.85505
1.05105
-0.690319
0.536521
3.37172
-0.65606
-0.930086
1.24435
1.02838
-0.476676
3.42983
1.05555
-0.894126
0.71957
0.194883
-0.244194
-0.623076
0.311226
-0.123057
0.812506
-0.296453
1.14279
1.06609
0.0845758
-1.73043
-0.0881386
1.36035
-0.559424
0.217136
-0.475285
1.15574
0.518945
-1.47925
2.69209
-1.01747
0.313349
1.49638
0.134762
1.60411
0.162062
0.137709
-0.0487279
0.544677
0.684601
-0.296021
-0.419628
-0.0794816
-1.713
0.0401005
0.899054
0.546066
0.844998
1.04402
-1.18463
0.717152
0.764758
-2.2484
1.32036
-0.625393
0.0227368
-1.58569
1.5768
0.213137
-0.219439
-1.49142
0.0422003
-0.572508
1.19395
0.550902
-0.462584
1.61815
-1.16552
0.0285497
-0.299157
-0.195805
-2.26387
-0.941209
-1.04368
1.61472
0.820998
-1.8857
-1.43415
-0.640676
0.902258
-1.66518
-1.05938
-0.656345
0.643826
-0.894138
-0.104487
-0.0678132
-1.10333
0.00748834
0.159153
0.54843
-1.65766
0.145811
-0.198337
-1.50522
-1.25374
-0.674697
0.953735
0.728938
1.38697
0.775006
0.718933
1.74388
0.33127
0.24862
0.518655
-0.177923
1.69726
-0.467124
-1.33972
0.593479
-0.0656487
0.180186
-0.650874
-0.146097
-2.14703
-1.97578
-2.33825
-0.834185
-2.95484
-0.662018
-0.305328
0.0224262
-1.10355
-0.478653
2.32553
-1.54174
2.46282
0.928306
0.694166
-1.89271
-3.04025
0.922677
-0.870279
-0.205751
-2.03059
1.61949
-0.899756
2.1759
0.77991
-1.23021
0.408958
-1.31837
0.315888
-0.711592
-0.93095
-1.20668
-1.10688
1.08769
-0.975418
-0.885152
0.264297
0.207913
-0.713376
3.20772
-0.214236
-0.476812
-1.71579
-0.149212
1.36757
0.165258
-0.913578
-1.42601
-0.533713
-1.58841
1.2966
0.770578
0.993748
0.547631
-0.976873
0.384771
0.143788
-0.669956
-0.636084
0.669117
0.178454
0.373843
-0.608035
2.63457
0.332275
1.62358
0.156974
-0.109951
-0.0967565
-0.683091
0.202557
-2.49983
-0.277737
0.5304
-0.907362
-1.38675
-0.685797
0.651478
0.466432
-0.827782
-0.78449
0.319652
-0.215515
1.97686
-1.57631
-2.62269
-0.408892
-0.0967868
1.71918
-0.911194
1.24365
-0.753831
0.315112
1.30792
0.37186
-0.736569
0.200917
-1.05079
0.21372
0.930013
-2.32137
0.87628
-1.03482
0.515182
-0.312075
0.0164794
-0.794533
-0.505593
-2.59803
0.287872
0.197902
-1.84062
-0.632839
1.23833
1.15475
-0.511609
0.493592
0.421738
1.63691
-0.00484908
0.332901
1.21731
-3.14694
0.292828
1.49654
-1.0274
-0.668066
-1.98807
2.53321
-0.596638
-0.042671
1.37637
1.34903
1.85997
0.38257
-0.494107
-0.701983
0.381781
-1.30062
-1.92276
-0.306114
-2.24881
0.645786
-0.46444
0.224902
-0.851509
1.21919
0.0400686
-1.44847
1.68442
-2.36306
0.20782
0.576928
-0.453913
-0.380792
0.00546113
0.656144
-0.0837695
-0.186419
-1.62239
0.583086
-0.224556
0.351599
0.380733
-0.31453
0.285593
1.15992
-1.0523
-0.404125
-1.36719
2.28257
1.49337
-0.516115
-1.08668
-1.36403
0.0553758
1.09366
4.699
-0.540888
0.293083
-1.96205
0.744282
1.06972
-0.881817
-1.90166
-0.568821
0.359923
-0.381405
0.730077
0.00183136
1.45902
-0.0317413
1.07598
-0.745972
1.52948
0.684034
0.467292
1.58121
0.968923
1.18153
0.352176
-1.57218
-0.43223
0.468906
0.164052
0.192087
0.850584
1.7243
0.302297
0.232921
0.175613
-0.672848
-0.438664
0.614697
-0.201179
1.03388
0.194922
-0.229783
-2.12403
-0.125537
-1.55325
1.17259
-0.247938
1.07206
-1.91117
0.266376
1.49157
1.14131
-1.4205
-1.82991
0.670092
0.609283
-1.38394
1.11995
-2.29576
-1.34931
-1.08333
0.0047854
-0.149397
-0.599168
-0.843031
0.350057
-1.20012
0.306539
0.360633
-1.85353
1.38173
0.304005
2.59627
0.241051
0.562
-1.92112
1.70544
-1.4364
0.0470293
-1.17495
-1.50072
-0.174656
1.0434
-0.969141
0.590186
-0.113251
-0.204832
0.153609
-0.168385
0.0713856
-0.739617
-0.977761
-2.62162
0.0602432
0.98148
-0.888845
1.23264
0.354287
-0.508134
-0.50253
-0.0944967
1.30463
-1.48777
-1.23905
1.10557
1.27394
-2.0752
0.536352
-1.46097
0.43584
1.30629
1.28774
-0.033931
-1.24434
-0.210729
0.454297
1.28196
-0.509663
0.119284
1.52974
2.02604
0.91702
-0.566818
1.45446
-1.86156
-0.366601
1.07203
-0.922418
2.12288
-0.315175
1.22932
0.924613
-1.13236
-0.617695
1.53388
0.236488
0.875308
0.752409
0.428427
-1.32848
-1.41204
-1.02538
-0.616782
-0.936503
-0.69036
1.15352
3.60821
-0.76835
-2.5007
0.952662
-0.413137
0.700098
0.927494
-0.951426
-0.364479
0.382383
-0.268787
-1.03852
-0.907729
1.256
-2.56512
-0.196905
0.500396
-1.75623
-1.02454
-1.17827
-0.301087
0.0223622
-0.926901
-0.746985
-0.0622194
1.53917
1.13169
-1.93658
2.18067
-2.03974
0.838488
-1.42229
-0.90356
0.195406
-1.01627
0.821064
0.300664
-1.42832
0.336739
0.150944
-0.697966
0.262415
-0.0866837
0.172614
2.08885
0.964079
0.61956
-0.141144
0.513071
-1.87585
-1.92264
-1.21952
-1.36846
2.43211
2.12327
-0.263693
0.0475095
0.342078
-0.624076
0.26626
0.366247
-0.8292
0.270862
-1.01359
-0.719554
1.24842
0.391809
-1.2457
1.26264
-0.629188
-1.72601
0.649685
3.27147
-0.65789
0.692884
0.918467
1.72651
-1.84196
-0.260991
-1.4448
2.77269
-0.524603
-0.980706
2.31494
-1.1883
0.141557
0.542253
-0.0697105
-0.244401
0.267308
-1.56251
-0.0892045
0.131048
-0.481847
0.99216
0.483338
1.29248
-1.24895
1.69606
1.51861
-0.74883
-0.264882
0.959757
0.399579
-0.703606
-0.802587
-1.38551
0.590899
0.0850217
-0.932113
0.36776
-0.0218222
2.20819
-0.242167
0.882168
-0.0784573
2.52771
0.652351
0.453996
0.842161
1.46937
-1.86244
0.597435
0.836419
0.992013
-2.07438
2.64458
-0.0260691
-0.757757
-1.69447
-0.945967
-0.696206
-1.30412
-0.861579
2.17953
0.041627
0.391319
-0.817265
-0.615444
-1.33597
-0.716684
1.62479
0.834122
1.37749
-0.39375
-0.45079
0.683255
1.09328
-0.738968
-0.654179
-1.08011
1.30916
-0.818512
-0.972106
1.24993
0.0168065
1.15103
-0.307506
-0.584467
-0.441029
1.48314
0.846868
0.865395
-0.0282891
-0.766241
0.744737
-1.41098
0.12053
0.394958
-0.0834455
-0.340001
-1.76688
0.10643
-1.47607
3.32192
0.418063
-0.597392
0.0151511
-0.46313
0.337671
-1.75553
2.6199
-2.38075
-2.50359
1.04377
-1.70007
-1.25692
-1.48244
0.789285
-0.580391
0.893311
-2.42594
0.596805
1.85093
-0.320575
2.04939
0.518632
-0.951071
3.50434
-0.0150022
-0.214388
0.692565
0.547751
0.792797
-0.314302
-0.0346368
-0.250304
0.217929
-1.35217
-0.712864
1.04899
0.508836
0.720222
0.213867
-0.888741
0.558737
0.045475
-1.47536
-0.947534
-1.02568
0.850101
0.948803
-1.04651
-0.359967
0.991064
-0.850318
1.32074
-0.697106
-0.152625
-1.49343
-1.04341
-0.632297
1.70484
-0.637111
-0.209255
0.248946
1.49617
-0.663351
0.328276
-0.925799
-0.602321
-0.670275
1.21319
-0.309977
0.356076
0.671571
-0.207082
0.199983
1.28653
1.26142
0.948982
0.316788
-1.73846
0.542005
0.11586
1.03249
0.92463
1.13407
-1.98532
0.0911952
0.091824
-0.95759
-0.368259
-1.97793
0.160754
-2.20602
-1.7097
1.72173
1.07706
0.28705
0.750744
-0.435576
1.41194
-1.39782
-1.04561
-0.783434
0.202105
-1.94646
1.7423
-0.604449
-1.06881
-0.0189581
-0.131161
0.461507
-0.0388843
-0.021772
0.633868
-0.477562
-0.0209671
-1.34292
0.831008
0.246633
-0.427842
-1.83562
0.053072
0.71564
-1.08529
-1.3754
-0.579248
0.089706
-1.78252
0.19407
0.128326
0.806005
-3.18727
-0.690565
-1.75481
-0.000784142
1.19673
-0.692597
-2.13239
-1.5572
0.586574
-1.41584
2.40777
-0.955139
-0.258609
-0.549568
-0.0221679
-0.178432
1.34414
1.38698
1.20174
3.13969
1.40248
1.25705
-1.27244
-0.463813
0.0521172
0.390176
0.011903
-0.551999
-0.433999
-0.265477
1.59577
0.511295
1.77246
-0.547878
-1.34833
0.424352
0.00747252
1.99985
1.23821
-0.205381
0.154063
-0.0706201
1.54817
-0.136931
-1.20628
0.837709
-0.396231
1.6546
-1.74964
-0.947141
1.72222
0.185987
1.30337
-1.66723
-1.21793
0.468403
-1.36479
0.242947
-0.300002
1.0409
-1.41903
-0.0912039
2.26459
0.176147
0.149784
1.27308
2.28481
0.00428797
-0.935368
2.10438
-0.126114
2.13898
0.0717681
1.42849
1.10502
0.513014
1.64916
-0.483368
1.00404
-0.242582
-0.436075
-1.36141
1.05594
1.74287
-0.913202
-1.89644
-0.0136957
-0.799597
-0.591236
-0.416321
-0.173729
-0.169104
0.597685
0.619945
1.03823
-0.640503
-0.0617336
-0.366724
-2.03446
-0.0488173
0.273384
0.184047
-1.18864
2.44962
-0.0830077
0.0482996
-0.82856
0.579657
-2.15885
-0.92506
0.216668
-1.70658
0.151856
1.64402
-1.07982
-0.38388
1.93166
2.16667
-1.13923
0.0334147
0.941724
-1.76857
-2.01437
0.793869
-0.0586906
-1.58698
-0.869658
1.37866
0.674866
1.79391
-0.493425
0.682383
-1.06168
1.19816
0.280838
-1.99214
-0.0121461
0.715417
-1.26335
-0.18833
2.28508
0.913661
1.04363
2.60142
-0.243979
-0.657163
-0.367717
-3.21301
0.470712
0.167343
0.330097
-1.40118
1.49563
1.26268
0.35908
-1.25077
-1.85287
1.82691
-0.949288
0.658431
2.02209
-0.325911
0.863548
0.764688
-0.16457
-1.24892
-1.22736
0.23814
-0.73618
-0.233304
0.0975533
-1.02433
-0.227861
1.84085
0.931889
0.837811
-0.0828395
-0.173821
0.222276
0.420411
0.355984
1.1874
0.833966
-1.42322
0.181078
0.00900718
-0.228845
0.897054
1.22591
1.32555
-1.75415
0.749059
-0.400245
-0.358762
1.55577
-1.4874
-0.228035
-0.420782
-1.24912
0.0246017
-1.34991
-0.146484
-0.367877
1.37648
-0.00928848
-0.122896
1.25681
1.82695
0.286416
0.0263204
-0.406486
-0.208033
-0.277489
0.25198
0.083783
-1.6966
-1.30383
0.272526
-1.12649
0.245695
-0.791593
0.106348
1.11388
0.18795
0.0725676
0.0215492
-1.0218
0.0904447
-0.164367
-1.64615
-1.30469
1.51546
-1.66357
-1.0163
0.532054
0.0844206
0.198514
0.630929
0.983677
1.14614
-1.65455
-0.418714
0.784513
0.818705
-1.29003
0.413341
1.37746
-0.286996
-0.0353984
1.16931
2.33656
-1.07362
-0.604805
0.814168
-0.041606
-0.00209223
-0.268375
-0.689134
1.04509
0.915622
-0.649181
-0.336026
0.10556
0.363086
1.92444
0.766991
0.29022
-0.0453184
-0.575338
-1.04085
0.629343
-0.544495
0.102226
1.81716
0.0174335
-0.0405666
-0.987566
-0.902237
-0.405271
-0.254745
-0.226715
0.410583
1.83095
-0.0546836
-1.13671
0.0175576
0.0188072
-0.443456
3.79912
-1.8017
0.215679
1.86592
-1.54194
-0.518594
0.634747
-1.02312
1.31507
0.143822
0.925886
-1.944
-2.16923
3.16418
0.367814
-2.13231
0.523618
-1.21945
-1.45078
-0.470004
-0.449982
-0.683229
-1.28529
0.0606901
0.687123
-1.69472
0.655246
0.550718
-0.105591
1.8664
0.0534674
1.13725
0.181574
0.570703
-1.40786
-0.0248913
0.474958
0.478343
-0.00103086
-0.808656
-1.81043
-0.326813
-0.459388
0.727536
0.96055
-2.36102
0.402112
-0.507556
-0.422658
1.91365
1.15896
0.997113
-0.768339
-0.778015
0.317383
0.0219522
1.85952
1.17991
0.330439
1.2843
-0.760695
0.323368
-0.760383
-0.186358
-1.79444
-0.469714
-0.520971
0.155833
0.828873
1.62419
-0.274727
-0.257678
-0.123709
-0.890946
1.37846
-0.128929
-1.79242
1.47369
2.24295
-2.41462
-0.257601
0.334482
0.134054
-0.441886
2.13411
-0.547222
-0.0425966
0.464042
0.507918
1.93953
-0.321193
-0.709802
1.24321
-1.04937
-1.79341
-0.350533
-0.339005
0.595951
0.719877
-0.931125
-2.00208
0.63032
0.467638
1.42698
-0.97337
-0.250149
-1.4368
-2.49907
-2.27066
1.24128
0.709851
0.733331
-2.37325
1.01109
1.52296
0.276528
-2.03566
-0.57007
-0.0204634
-0.0975218
-0.6733
2.58129
-0.812244
-0.528288
2.33124
0.597377
-0.944932
-0.734517
-1.1054
2.01111
-0.456114
-0.245635
-1.85766
1.03828
0.405913
-0.259176
-0.7023
0.385001
-0.101095
0.817405
-0.570701
1.71969
1.56392
-0.656998
1.25051
-1.74815
1.6388
0.300853
0.802169
0.329491
-2.71686
-1.37664
-1.64722
-1.15216
0.130997
0.959138
-0.515789
-0.214566
-0.296843
-0.57594
0.425864
-1.00853
0.038732
0.240251
0.465971
-2.07622
1.25799
-0.627556
0.855186
-1.08807
-1.61006
0.473052
-0.850581
-0.542324
0.713137
0.631632
2.05799
0.482525
-0.186324
-0.712029
-0.401472
0.513542
-1.02604
-1.19618
-1.67559
2.34718
-1.07153
0.0908853
1.6965
-2.78087
-1.17902
0.161554
1.98568
3.16259
-0.258219
1.29973
-0.693481
-1.57552
-0.704218
-2.25648
-1.01388
-0.115215
-0.478485
-1.57742
1.53206
-1.26912
-1.05194
-0.449798
0.771385
-0.514815
-0.859489
-1.81884
1.79524
-1.03045
-0.391003
1.43089
0.506652
-2.84942
-0.0448675
-1.71986
-1.5657
1.25238
-1.5064
-0.828943
-0.115788
-2.00055
-0.211681
1.72169
-0.388872
0.914275
2.07272
-1.0742
-0.502657
0.97338
0.79053
-1.61105
-0.104455
-1.00032
2.10547
-1.68729
1.0124
-1.58054
-1.20179
-1.06129
1.33539
0.348727
-3.34077
-0.315898
1.24352
-0.126138
-2.75868
-0.198723
-1.39233
2.10816
1.81381
0.328699
-0.678911
0.291993
-0.409803
-1.11626
-0.862875
-1.03289
-1.19976
-0.212515
-0.617243
-4.25959
-1.1411
-0.974
0.391722
0.38422
1.12422
0.368883
-0.128696
-0.982125
-1.98673
0.635718
-0.062781
1.29525
0.667653
-1.2193
-0.323131
-0.705231
-0.719188
-0.690178
-0.132314
-0.472685
0.13623
0.941596
-0.202285
-1.49643
-1.69228
0.829528
0.0522956
0.184239
0.951955
1.45928
-1.0423
-1.49851
0.484891
1.91371
1.26098
0.96579
-0.042321
2.123
-0.422572
-0.230448
2.08219
-1.14158
-0.549239
-0.717233
1.68367
-0.150942
0.674391
0.0562994
0.606165
-0.126633
2.0311
0.306951
-2.40625
-0.396417
2.01547
0.088252
-2.39687
-2.17092
-1.5019
0.851095
-2.08273
2.4449
2.39433
0.207044
-0.810887
-1.85685
2.81415
0.233136
-2.20856
1.62179
0.534843
-0.547683
0.423704
0.0413791
0.247663
-0.433283
0.143342
-0.139271
-2.15862
1.33882
-1.29078
-0.486869
-0.925814
1.61343
-0.0368495
-2.92009
1.9757
-1.09554
0.291991
-1.14169
-0.444737
-0.837241
-0.862158
-0.404159
0.537247
-0.385319
0.351782
-0.416265
-1.20278
1.11837
-0.765852
0.245551
0.0660184
-0.442525
-0.238659
-1.69817
-1.99337
-0.399386
-0.27838
-1.11419
0.481045
-0.159055
-1.71604
1.01014
1.45596
-0.639456
-0.0837911
-1.77462
1.19957
-0.240507
0.875004
-1.63034
-1.07826
1.24473
0.757604
-1.19789
0.986972
0.7361
0.368098
1.53008
1.76431
0.348624
0.791981
-0.119968
-0.0313775
-1.35648
1.39472
-0.912287
-0.77675
2.21738
-0.597801
-0.611147
-1.75797
-0.285833
-0.19381
2.27016
0.231709
0.774518
-0.225425
1.38465
-0.477345
0.414144
-1.34642
-1.11788
0.00186207
-0.467899
2.29479
-0.870722
-0.408967
-0.753653
-0.047631
0.321621
0.273202
-1.15081
0.671185
-1.61063
-1.97902
0.389406
-0.189313
-0.162437
-0.137996
-0.856699
0.582429
-2.02468
-0.942701
0.717093
0.573704
-0.328231
1.26852
0.152968
0.286565
0.620499
1.05585
-2.30506
0.992601
-0.325474
-0.744434
-0.841825
-0.639835
-1.19718
-2.55143
0.0598102
2.02123
-0.782539
-1.58785
-1.08661
0.363034
0.162061
-1.35004
1.71463
1.20227
-0.0954
-0.558523
-2.73752
2.35202
-0.278873
-0.307794
-0.0579553
-1.3412
0.0344645
2.4102
0.587408
0.19595
-1.32928
0.569948
2.10591
-0.738633
0.494219
1.7615
-0.520502
0.833533
-0.207946
-0.0849911
1.19289
-0.913821
-1.96468
0.955676
-0.0143095
-0.263079
-0.519937
-1.03353
-1.52827
-0.0651373
0.426808
0.192753
0.256256
-0.248946
2.26495
0.0621735
1.12616
3.43343
-1.01663
0.335734
-0.348789
0.487199
1.30521
0.085007
1.09977
-1.96272
0.0884129
0.544678
-0.477881
1.48097
-0.784175
-0.207563
-0.00859751
-0.612535
1.83916
1.79167
0.691711
-0.369163
0.250363
1.26275
-2.14816
0.138059
0.581056
-0.259228
0.45319
-0.0615154
0.684635
-1.13712
-0.771821
0.513754
-0.916246
-1.78841
0.571043
-1.7709
-0.248601
-1.05885
1.26898
-0.658275
0.24541
0.795208
1.40255
0.613549
-1.45261
1.91045
0.553179
-0.0759183
-0.776547
0.371367
-1.31882
1.10191
1.33997
-1.64883
0.622165
0.743654
-1.2057
-0.251906
-0.867522
-0.0380358
0.809946
1.68226
-0.227121
1.40348
1.56468
1.11409
-0.424698
-0.220948
1.32864
1.35228
0.447321
-0.202131
0.897888
-0.0231136
-0.0204949
-0.418489
0.53815
1.27983
-0.474288
0.611289
-0.50451
0.667816
1.5897
-0.675204
2.49211
0.336668
-1.41915
0.703615
-2.96545
-0.400918
-2.10577
-0.344533
-2.27369
-1.46879
0.337243
1.19151
0.0775716
1.41576
-1.21188
-0.247098
-0.19952
0.33148
-0.960523
0.24898
-0.963667
-1.33817
2.00187
-0.703174
0.672865
0.0031525
-1.10484
0.704468
-2.04579
1.27206
1.53073
0.851434
-1.13229
-0.71235
-2.09339
1.35631
-0.254097
2.1216
0.00991422
1.98166
1.04123
0.666579
-0.866868
-1.52651
0.249566
1.36669
2.25819
1.89912
-0.0130718
-1.27054
1.54036
0.628455
0.0786642
-2.95508
1.67323
-1.12538
-0.210766
-1.28884
0.588224
-3.03936
-1.66735
2.02806
-1.19808
0.172989
0.646016
-0.686858
0.653172
-1.81876
-0.350279
0.530453
1.37323
-0.181322
1.46259
-1.60875
0.893713
-0.877773
2.49524
-2.05081
-0.26647
0.530958
1.27638
0.897194
-0.0328752
1.19156
0.690412
-0.0737543
0.0819127
0.610823
0.237795
1.51978
-0.18402
-0.536856
0.636618
2.19079
0.132364
2.49553
0.363862
1.69212
0.254171
-0.801067
-0.364778
-0.745308
-1.18817
-2.1385
-0.404077
-1.53869
-1.19982
0.821988
0.255573
-0.186477
1.37055
-0.416716
0.847842
-2.97032
0.102569
-0.805622
1.01514
0.184911
3.08225
0.972934
-0.653946
-0.773047
0.34243
0.0836862
0.947455
1.14053
0.677213
1.02684
0.519133
-0.00264037
0.323545
0.112862
1.43736
0.400197
-2.04112
0.217335
0.356233
-0.1406
0.109461
0.938899
0.609701
0.244855
-0.395912
-0.532438
-2.15653
0.0527088
-2.03453
-0.139107
0.752471
-0.474166
-0.898194
2.65381
2.80292
0.0157778
-0.196496
1.02837
0.936484
-0.764058
-1.56241
0.372367
-0.214887
-1.09247
0.0949647
1.01746
-2.56242
1.46416
-1.71906
-1.18565
-0.172664
-1.88448
0.200959
-0.536022
2.47809
-1.06551
-2.41889
0.0353171
0.730846
-0.762494
-0.0902064
0.443397
-0.155107
0.848567
0.847146
1.67521
2.58542
-1.73921
1.22375
-2.51279
0.80642
0.511222
-0.721408
-1.66096
0.943189
1.89731
-0.212635
1.61705
-0.925142
0.785567
1.46335
0.291529
0.0354812
-0.0171776
-0.917605
-0.336311
-0.427622
0.805223
-0.522402
-1.77864
-0.844227
1.59468
0.457853
0.830595
-0.872516
1.84624
-0.252807
-0.652929
-0.72889
1.44306
-0.38975
1.6659
-0.727953
0.902215
0.144672
0.245676
-2.07367
-0.555927
2.23065
-2.1201
-0.702831
0.618419
-0.114335
0.0816097
-0.287856
-1.6047
-0.394673
1.35958
2.10394
-1.29354
-0.648323
-1.79568
-0.363095
0.00725286
0.117678
-1.46552
-0.758858
1.08488
-1.79911
-0.251402
-1.57776
2.57593
0.293341
0.582553
-3.01499
0.0414051
-0.434603
-0.0453465
-2.86792
-0.141825
-0.597707
0.335779
0.380514
1.27098
-2.06474
1.03673
1.1503
0.996031
0.778139
1.76139
-1.32145
0.489733
0.302053
0.0198069
0.59378
-2.03297
-3.10926
1.13571
1.10503
0.00592969
-0.205801
-0.55144
0.615004
1.07438
-0.403313
-0.148604
0.633122
-0.382537
-2.11764
-0.322513
1.8047
1.7872
-0.109627
-1.77169
-0.231355
-0.558132
-0.845021
1.31033
0.741852
-1.43134
0.532184
-0.830003
0.358708
-1.00786
-0.05191
0.224664
-0.0490168
2.91095
1.10375
-0.254544
1.44667
-0.762482
-0.628995
-1.91288
0.581162
1.20543
1.01536
-0.130059
0.46393
0.272672
-0.832452
-1.39175
0.903266
2.45637
-1.60542
-0.942991
-1.60837
0.175314
-0.0723015
-1.20744
0.304489
0.931711
0.493127
-0.375972
0.877778
0.124122
-0.96694
-0.384957
-0.225143
-1.98164
2.37353
-1.02038
1.32703
-0.0120895
-0.486001
-0.995716
-1.68978
-0.459306
0.566736
0.567127
1.11859
-2.38717
0.261055
-2.48588
0.603803
0.255393
0.948696
0.7239
-1.50084
3.36816
2.14586
-0.23605
0.278436
1.21727
-0.313523
-0.972321
-0.0795743
1.66671
-2.19402
0.775145
0.802914
1.67775
-0.215078
-1.27659
-0.295301
-1.35878
-1.1186
0.524315
0.684898
-1.57839
0.0102862
-1.6975
-0.709479
-0.106668
1.20067
-2.04389
0.443117
3.37616
0.844064
0.49392
-4.06684
1.02865
-0.38827
-2.63457
0.581083
-0.997316
-1.79906
1.26116
1.3594
-0.155623
-1.12428
-0.353323
-0.530371
0.0882257
-2.1918
0.402978
-0.242599
1.03772
1.4769
0.749189
0.100937
-0.233733
0.911041
-0.35261
-0.873784
-0.390438
-0.668536
0.144714
0.388142
-1.09559
1.13543
1.87859
-0.838234
-0.391965
-0.777811
-0.60399
-0.948939
-0.938292
-0.907914
-0.115014
2.34283
-0.635322
-1.15344
1.51191
0.956597
-0.454006
1.28282
1.79738
2.47922
0.64915
-1.54313
-0.701983
-1.94443
1.39868
0.654791
0.252341
-0.724279
-0.432583
-1.04221
-0.410935
1.21343
-1.84895
-0.121609
0.372067
-0.282037
0.966287
-0.79208
0.8936
0.486243
2.03899
-0.0996641
-0.590321
-1.74294
-1.40639
-0.442352
1.17027
-0.222964
-1.48474
1.39134
0.710904
1.26822
1.75421
-0.931952
-1.41738
-0.0187271
1.86749
0.901193
-0.743045
-2.43777
1.83762
0.29002
-0.839314
-1.3577
1.36751
-0.82906
-0.285697
0.0907428
-2.18229
-1.5511
0.0566923
1.14205
-0.328554
0.226974
0.483399
-0.424308
0.662189
-0.173183
1.73195
-0.341597
1.14417
-1.28145
0.896764
1.92324
0.715985
0.386967
0.158787
0.306342
-0.333252
0.278547
-0.0355756
-0.782022
2.06261
0.7837
0.708295
-0.856633
1.117
0.219046
-0.214959
0.0519796
1.65539
-0.318169
-0.23893
0.974064
-0.849878
0.921281
1.54963
0.0788971
0.515807
-0.352352
-0.119156
-0.717183
-0.738893
1.57232
1.01495
0.0982092
-2.20354
-0.406671
-0.180202
0.392322
2.87327
-1.96467
1.02857
0.27072
-0.401525
-1.29316
-1.72233
-2.52457
2.20431
-0.230993
2.50833
0.300004
-0.710165
-0.909352
0.68017
0.433933
-1.47493
0.156345
0.200797
2.04894
-0.0977195
0.780375
-1.14733
0.31241
1.58851
-0.234857
-1.29776
-2.83996
-1.58703
-0.496024
1.2832
-0.509921
1.40615
-0.246446
1.50958
1.27133
0.449963
-0.300579
-1.24981
1.95117
-0.709873
-1.72314
-0.506439
1.35835
-1.54435
0.375182
1.37654
1.53742
-0.395274
-0.067092
1.57294
1.13686
0.598499
1.11879
-0.717511
-1.71749
0.948898
0.815332
-0.181977
-0.12977
-0.495487
-0.458379
0.792213
-1.65745
1.29545
-0.0255484
0.848525
0.741052
1.55717
-1.18855
0.914752
-1.2507
1.10157
-0.0379443
2.31857
0.933213
-1.07245
1.31089
-1.2
-1.45212
1.24042
1.25528
-0.50971
3.40601
0.334249
-0.318688
1.45544
-0.700216
0.103405
-0.508829
0.699191
-2.3362
0.591351
-0.416398
-0.761366
2.10341
-0.0132365
-0.537638
0.29292
3.16607
-1.60171
2.51502
2.34572
0.468184
0.957281
0.0138494
-2.55855
0.247258
-1.02745
0.716252
-0.0611206
-0.316147
-1.63178
1.63915
-1.9603
2.05192
0.568563
2.06877
0.458769
-1.46717
-1.2205
0.909087
-1.46544
2.15417
0.308109
-2.60634
0.697
-3.10128
-0.832591
-0.0413424
0.989743
1.10337
-0.391187
-0.282423
1.50962
0.503508
0.84676
-0.0639737
2.01472
0.287234
-1.44829
1.27822
-0.334465
1.08819
0.649683
-0.393393
-0.678466
1.11505
0.0690645
-0.193757
-0.801516
0.954783
-0.595535
0.297046
-2.57736
-0.86729
-2.16127
-1.02265
1.94715
-1.57603
-0.0934742
-0.904035
-1.13517
-0.278925
1.61071
-0.681543
0.216624
1.87365
1.35725
-0.237523
0.72783
-0.341596
0.0300507
0.591358
0.0578922
-2.32386
0.325105
-1.48314
1.59179
0.564102
0.529556
-0.296223
-1.09042
1.71202
0.356264
-0.165396
0.553005
0.186557
-0.0826411
0.239703
-0.861952
-0.130053
-1.0487
0.857491
1.13215
0.635863
0.82322
-1.80285
-2.07922
0.58471
-0.835506
0.852107
-0.59619
-0.989742
-2.11084
-1.29267
1.4963
0.218619
-1.67682
0.920316
1.277
0.524033
-0.351831
0.121231
-0.759398
-1.29782
-1.79322
-3.0871
1.09782
1.5727
-1.11373
2.0659
-0.41791
1.10845
-0.610846
-2.19942
-0.356843
0.537514
1.46275
-0.116229
1.42572
2.45826
1.04184
1.5185
0.0504793
-0.287815
0.707955
-1.00349
-1.77244
0.8538
0.72521
-1.98949
2.52577
1.4877
0.66245
-0.364117
-0.280134
-0.090068
2.34352
1.84677
0.573054
0.226863
0.276657
-2.85307
-0.533084
0.402662
-0.045547
-0.0121946
0.556019
0.0831419
-0.72111
-0.673487
-0.312607
-0.318196
-0.490962
0.940079
0.462788
-1.21501
-1.27262
1.30919
-0.571394
0.129185
2.06917
-1.4116
1.02099
-0.990474
0.310613
-1.13494
-1.7037
0.409236
-2.95749
2.2554
0.0564844
-0.559196
0.3363
-1.12207
1.46725
2.41255
0.38426
0.335034
0.389199
0.718803
1.39407
0.43423
-0.85964
0.946161
0.035124
0.112663
1.21208
-1.64311
0.457546
1.82381
0.175687
0.975553
-0.532887
0.622852
-3.02766
-1.54596
1.1174
-0.128137
1.57015
1.0633
0.43939
-0.149585
2.4972
0.41854
-0.635601
0.87437
0.164273
-1.3816
-0.939509
0.41138
-1.38663
1.32696
0.210469
-1.61225
-1.27515
1.30936
-1.47176
-0.961989
1.16725
-0.086175
0.0538915
-0.458248
1.3829
1.65926
1.32415
2.33319
1.10761
-1.40617
0.681549
-0.923015
0.357057
1.56809
-0.0141421
3.18006
-1.30533
-2.53996
-0.867345
1.29987
1.93832
0.105767
0.842183
1.61157
1.0897
1.16725
-0.146669
1.89785
1.38746
0.942325
-0.487106
0.377155
-0.239375
-0.925727
0.930354
-0.027782
-0.525238
1.44165
0.0974462
-2.63396
-0.345307
-1.1632
-1.03929
0.0538875
-0.307214
0.493263
-0.336425
0.126877
-1.92618
-2.32138
0.0883866
2.5578
-1.42373
-1.14257
0.356897
-1.45895
1.04801
-0.874944
1.47413
-0.469902
2.29702
-1.94716
-0.942161
1.11207
0.637408
1.56297
-0.0422978
-0.97131
1.77979
0.416059
-0.298394
-0.710041
1.02391
0.743437
-0.568227
-0.392668
-0.594696
1.63809
-0.651487
-1.22865
-1.36145
2.29084
-0.527875
-1.61242
-0.832293
0.637387
-1.15747
0.0906868
-1.5866
-0.0200286
-0.206716
-0.329844
-1.15322
-0.760393
0.390148
-0.998841
-1.22042
0.114478
1.24867
1.14666
-1.32283
0.912306
-1.19917
-0.490121
-0.027491
0.119166
1.66405
0.827077
0.805975
1.13011
-2.07702
1.91787
-0.272848
-2.70418
-2.0127
-1.64738
2.33413
1.13669
0.166906
0.553864
-1.15498
0.448238
0.50767
-1.72677
1.36877
-1.11522
-2.41519
0.142975
-0.122263
-0.972551
1.8916
-0.0495558
-0.219063
1.0374
-1.17695
0.449907
0.835864
-1.1218
-1.11924
-1.14478
-1.05378
1.35171
-0.0360756
-1.36682
-0.0628177
-0.190151
-1.75242
1.44655
2.27615
-0.128678
-0.375521
-0.183762
-0.477305
-1.18072
0.912436
-0.943999
-0.411849
-0.168309
-0.277409
1.22937
2.98398
0.602754
-1.60459
0.902924
-0.409196
0.409385
1.37207
-1.74119
-1.49211
0.722781
1.03332
0.718389
0.704672
0.892867
-0.592925
1.61918
2.05144
0.454293
0.12178
1.55964
0.684353
1.16307
-0.184202
-2.82134
-0.924418
0.739908
-1.45733
-0.637473
1.66411
0.61639
-0.827501
1.15455
1.2639
0.539963
0.160586
-0.86706
-0.220782
-0.00531414
-0.0361431
1.014
-0.524258
1.67039
0.0167277
-0.654975
-0.0965049
0.272168
0.359116
-0.444589
0.0541159
-1.01703
-1.25073
1.49986
0.861579
0.0807179
-0.156947
0.201626
-0.491924
0.748721
0.68503
-0.302706
-1.40218
-1.08035
1.01691
1.06914
0.507907
0.300557
0.695663
0.42923
0.922929
-0.380137
-2.02553
0.715539
0.426383
-0.290364
-1.5869
0.0466325
0.369602
1.05679
-1.17675
-0.980106
0.612512
-0.899888
1.28128
-0.627495
-1.86135
1.03828
-0.740739
-1.67664
0.740865
0.0207017
-2.00957
-2.39207
4.0542
1.94022
-1.45222
-0.256498
1.002
0.149046
-2.14296
-1.91783
-0.616862
0.942942
-0.570075
3.00024
0.141784
-1.36034
-0.543809
0.680089
0.234697
0.944641
-0.391132
-0.310776
0.79148
-1.59599
-0.0124164
-2.10271
0.102621
-0.164483
-0.974137
-0.484609
0.358364
1.1019
0.402284
-1.15683
0.630602
-1.90267
-1.16134
0.910338
-2.31631
1.79929
-1.83777
-0.469608
0.665783
-2.26776
0.438119
0.621667
1.82427
1.41046
-2.26977
-1.19547
-0.747266
-0.280732
0.192995
0.146551
-1.04808
0.516172
-0.901328
1.0809
0.401782
0.059085
1.798
0.617933
0.694853
-2.68556
-0.745786
0.783142
1.2934
0.144656
0.774983
-0.251801
0.0755892
-0.776752
2.13146
-0.869515
1.36664
3.19394
-0.531843
1.35697
0.891626
-1.78216
0.625057
-1.2036
0.185655
-1.6637
-0.989421
0.432214
-0.561773
-0.465994
1.54748
0.946515
1.70713
-1.70794
-0.268016
-0.0493482
1.79255
0.0672039
1.11778
0.797209
1.62039
-0.00121599
-2.2726
-0.0413315
0.771366
0.604575
-1.13159
-1.28357
0.801397
-0.107182
-0.729264
-1.65501
-1.53486
-1.22379
-0.726048
-0.839369
-2.02753
0.546739
-0.865205
1.4349
1.84641
1.36756
1.41801
-0.713567
0.147415
-0.59077
-0.459005
0.353788
-2.59543
-0.195847
0.335496
-1.92996
-0.889252
1.45298
0.17863
0.501357
0.395563
-2.51356
-0.694809
-0.627491
-0.408841
1.9764
1.51808
0.437078
0.758583
0.890816
-0.457681
-0.299524
1.18221
-0.576637
-1.63521
-1.26022
-2.18604
0.472833
-0.287255
0.230055
-1.59021
2.58698
-0.0751802
1.40765
0.293694
0.0111264
-1.21024
0.252283
-0.512668
-1.34552
-0.317226
-0.30269
0.0796918
-1.44496
-1.32043
-0.331852
-1.22273
-0.606559
-0.807284
-1.89717
0.876937
-1.26769
0.515415
0.945992
-1.909
-0.767693
-0.885532
-0.635731
-1.32674
2.12183
-0.675896
-1.34616
-0.759643
0.518407
2.98365
0.611939
0.559189
-1.41665
-1.21232
-1.52217
0.539385
-0.447836
0.321043
-2.1297
2.0181
0.664099
-0.71883
-0.157275
1.58049
0.128058
0.0120513
-0.486122
1.81853
-0.593024
1.05649
0.0900031
-1.28994
0.397265
0.756498
-0.441757
2.16364
1.40802
0.06471
-1.74417
-1.32847
1.4426
1.94067
-1.37678
1.44727
-0.921948
-0.617138
2.08606
-1.73051
0.108384
0.773798
1.83292
-1.44021
0.318112
-0.208105
0.750347
-1.09749
-0.753187
1.24516
1.22849
1.50466
1.07621
-0.595972
0.650603
-1.26564
-0.0893452
0.454247
-2.30926
1.59402
-0.50298
1.78514
0.873889
-0.314491
-0.599937
0.547887
-0.45652
1.94836
0.706081
-0.425013
0.193103
-0.51345
-0.83745
0.409233
-0.832632
0.0848982
-1.77749
1.64909
-0.541751
-0.957773
-1.4486
1.27892
-0.161264
-0.495239
1.73049
2.98575
0.61884
2.00423
0.583286
2.20004
1.33171
1.92989
-2.06512
-0.131064
2.11328
-1.27009
-1.0843
-0.534955
-1.32292
0.221438
1.15197
1.22625
-0.0130314
-0.496232
0.435451
-1.54546
-0.267997
1.01052
-0.303379
2.15325
-0.299889
0.227629
0.155076
0.0569162
0.902362
0.612699
0.774086
1.73434
-0.573543
0.820099
-1.50956
-1.35453
0.69536
-0.507377
0.262162
1.15046
0.905739
0.00660786
1.28811
0.831877
-0.597819
-1.40357
-0.622757
0.250874
0.128063
0.283575
-1.03397
-1.96779
-0.591858
-0.80266
-1.29206
0.382193
1.16283
1.34303
0.519034
0.104561
3.89918
0.819262
1.38074
-0.343642
0.902527
0.290421
-1.04493
-1.96384
-3.11924
0.744597
-1.28971
0.717003
-0.620748
-0.485632
-0.379881
-2.11034
1.56097
2.02753
1.25255
1.67324
-1.00098
0.171136
-0.24557
0.762982
-0.0252277
-1.34067
-0.786929
0.847677
-1.27205
-0.539072
0.128192
0.71785
0.259836
-0.532265
0.824931
0.320098
0.871072
1.0409
2.89789
-0.902088
1.08958
0.555965
-0.702932
-1.44363
-0.29935
-0.475802
-0.225119
-1.6082
-1.12618
-0.831726
0.189127
-0.865459
-0.266115
2.04659
-0.907478
0.682838
1.48616
1.62183
0.191188
-2.18304
0.710638
1.22628
-1.80179
-1.40131
-0.0316484
-0.542883
-0.945965
-1.08272
0.0322079
1.65813
1.07025
2.28231
0.196793
-0.780328
1.03964
0.396206
-1.25068
-1.32351
0.819147
0.321665
0.813384
1.51518
-0.00523666
0.411525
0.0286845
-0.865561
-0.650017
0.901555
1.72947
0.783669
0.591227
1.41529
0.446932
-1.02664
-0.652876
1.05893
-0.0793729
-0.449677
1.41343
0.884648
0.112256
-2.16156
-0.975697
0.436724
0.649891
0.978362
-0.63347
-0.80674
0.247675
1.02691
-0.0375825
1.08826
-0.182543
-0.752687
0.673505
-2.01657
-0.159771
-0.233001
0.51409
-0.205227
-0.782441
-0.203543
1.2428
0.244562
0.242655
-1.93048
0.600303
-0.457169
3.06307
0.426042
-0.0224665
-1.21599
1.40559
0.481405
0.852353
0.227347
0.975613
-0.273826
-1.28226
0.0829273
0.396994
0.0260352
-0.685636
1.39794
2.02112
-1.32376
1.97132
1.44106
0.401323
1.40141
0.306519
0.487229
-0.107782
-0.650582
-0.0949253
0.66816
0.897042
1.21825
1.19295
-0.474413
1.24897
0.0127898
3.28481
-0.15933
-1.217
1.10543
-1.55247
-2.38272
-0.849417
-2.17114
-2.07126
1.67321
-0.807313
-0.679388
0.99994
-1.59596
0.340748
-0.765852
1.94403
-0.103755
1.69448
-1.30054
-0.10256
-0.040659
0.681644
-1.52917
0.803775
-1.17622
0.87278
0.359269
0.149278
0.133801
-0.471725
-1.14516
-2.45015
-0.147035
2.56574
-0.187679
2.29377
0.793032
-1.21826
-0.273504
1.73679
0.174425
0.101139
1.04946
0.811848
0.719122
-0.520103
-0.0821885
1.53674
-1.12851
-0.25748
0.0739459
1.04437
-1.0312
2.80463
-2.08876
-0.718291
0.493308
0.888687
-0.56992
0.373368
-0.881442
-2.39166
0.302354
-0.690342
-0.517837
-1.93267
-1.95407
-0.979823
2.55003
1.60645
-1.92597
-1.52482
-0.765601
-1.45405
-1.44016
-0.122487
0.0310309
0.3702
-0.0769277
-1.4905
-0.145605
-0.659248
0.344647
1.0143
-0.650587
1.36342
0.23444
-0.363536
-0.919184
-0.714742
0.305074
-0.981642
2.47651
-1.5111
0.0207864
-0.173281
1.66868
-0.784991
0.00286703
1.13269
0.452048
-3.3292
-0.0788526
0.329957
1.18546
0.909649
1.60659
1.36672
-1.8606
0.831531
1.09816
1.85446
-1.93579
0.556696
1.71419
-2.25329
-0.682714
1.55198
1.6805
0.0112599
-0.488685
-1.16114
0.825007
1.21946
0.332927
1.56209
1.86989
-0.309267
0.441714
1.26912
-0.289345
2.26526
2.02746
-1.32588
0.889623
-0.872868
-1.41022
-2.24847
-0.0422441
-0.606225
-0.558479
-0.457534
-0.853593
-1.98733
-0.553379
-0.573873
1.40788
0.445238
-0.448527
-0.309232
0.731756
1.63528
-0.115104
0.303026
0.230049
1.44376
-0.704692
-2.06788
-2.11336
-1.11883
0.542778
0.0837624
-0.373354
-1.25839
1.74675
-0.0990023
1.05538
2.29562
0.848129
0.664294
0.34355
-0.0570441
0.0868249
0.779374
0.664539
0.250641
1.4775
-0.991239
0.0842329
0.294779
-0.755179
1.88082
1.11161
1.69046
-0.155558
1.08351
-0.211936
1.11015
-0.60815
2.56392
1.04149
1.95106
-1.17611
0.487486
-1.25419
2.4761
1.87604
-0.110235
-0.551497
0.753363
1.21971
-0.839713
1.52183
-0.452453
-0.160032
0.133278
-1.93695
-0.602803
-0.667535
0.443606
1.15154
-0.668274
-0.0290656
-2.18289
-1.49085
-0.309039
-2.49071
-0.104038
0.839662
-0.228863
1.16712
-0.371458
-0.82969
-2.30021
1.57492
0.45474
1.11856
1.11001
-1.56665
-2.28275
0.432288
-0.531237
-0.708907
0.755118
-1.69144
-0.583403
-0.572454
-0.650185
0.118706
-0.180549
-0.569771
-1.50309
-3.04751
2.45926
0.51111
-2.77887
-1.10596
-2.69868
-2.33775
-1.3636
0.46899
0.323425
-0.828076
0.0142263
0.624516
-0.724345
-0.0652715
-0.473157
-0.0695716
0.45048
0.918831
2.47718
-2.13139
1.63744
0.0190682
-1.55675
-1.72826
-0.351854
-1.14631
1.48857
0.990304
1.43953
-1.13099
0.694013
-0.169856
-0.559369
1.05492
-0.858786
1.56029
0.86362
0.110327
0.591837
-2.67503
0.808605
-1.02891
1.39938
-0.24092
1.19364
0.266737
0.138688
-1.38278
-1.28021
0.158494
1.23311
-0.0286077
-3.27294
3.08483
0.583338
0.918016
0.729201
0.689963
0.632073
1.38423
-0.0701575
1.40372
-0.618457
1.47848
-0.766826
0.895277
0.197579
-1.23106
0.417856
-1.53355
1.2012
-0.532707
-0.621374
-0.956077
1.02838
-1.70551
-1.32825
-0.22034
-0.0347423
-0.419456
3.17575
-0.0768287
-0.840177
0.540046
0.671771
-1.63092
0.0990691
-0.304545
-1.4313
-0.620995
-0.244011
0.960373
-1.12279
-0.672091
-0.115337
-1.36433
-2.43514
0.625971
-0.254949
2.34276
-1.15246
-0.719945
-0.527216
1.36431
1.04368
1.08471
-0.892782
0.896801
1.20483
-0.160275
-1.60514
-1.18896
0.759611
1.45483
1.06945
-0.0876865
0.0375539
-1.68362
0.105937
0.247661
0.329267
-1.20796
-1.06286
-0.753784
1.30629
-1.19147
1.09367
-1.38424
0.749077
-1.06038
0.865839
0.169074
-0.038951
-0.876365
0.200226
0.401961
0.965239
1.42431
0.57672
0.213027
0.988947
-1.01144
-1.17835
-0.224877
1.16261
0.128685
0.799125
0.0306623
2.10755
-0.425125
0.792478
-1.42489
-0.142742
-0.414734
1.14
-1.35068
0.412394
1.12242
0.997717
-1.20859
0.775867
-0.620731
2.32079
-2.13806
1.22719
0.531065
-1.15157
-0.761631
-0.474615
1.84636
-0.158685
-0.264426
-0.706332
0.343886
0.406262
0.287272
-0.184636
-0.618586
1.8917
2.37648
1.23828
0.307407
-2.24375
-0.855092
0.48019
0.99915
-1.12661
1.42786
1.19413
1.51409
0.0715597
-0.376521
-2.02622
2.19343
-0.160279
0.083687
-1.40581
1.08294
0.161183
0.766627
0.797957
-0.957232
0.527876
0.694406
1.37364
-0.0550917
0.549934
0.377027
0.939654
-0.811346
-2.04643
-0.0588217
3.40509
2.22506
-0.718287
1.72931
0.458324
1.45171
-1.58853
-1.99409
0.822184
0.402777
0.644816
0.628047
-1.00517
0.342381
-0.58041
-1.3339
2.18558
-0.131468
1.59463
1.01113
0.651203
1.51666
1.16012
0.680779
0.529141
0.467125
0.0107079
-0.681314
-0.539849
1.22306
2.24655
0.658644
-1.8463
-0.717072
1.45201
-0.595963
0.082592
1.40405
-1.39162
0.0346461
0.928342
-1.18005
-1.13198
-0.594253
-1.70533
-1.30768
-1.22894
-0.44745
0.0237854
1.89536
0.67031
0.11797
0.0118435
-1.85923
1.08664
-2.25125
-0.617675
-1.43168
-1.41139
-0.300306
-1.35862
-1.80458
-2.43991
1.02223
-1.39202
-0.0142792
0.204552
0.0536366
1.42445
2.2397
0.859736
1.45234
-0.539107
0.52787
-0.551366
-0.923482
-0.793749
2.24977
2.2837
-1.26068
-0.305357
0.718802
0.20783
-0.530496
-2.69583
-0.563709
-0.402697
2.33158
2.16506
0.916565
1.69859
0.0909668
1.68036
0.670976
0.553287
0.101688
-1.35266
-0.597355
-0.107011
-0.224281
-0.354071
-1.35901
-0.964461
-1.52873
0.0453872
-1.70707
-0.520564
-2.33796
0.648931
-1.67423
-1.41067
-0.183514
-0.022998
-0.154334
0.313142
0.828595
-0.546434
-0.266478
-0.426845
1.36875
-1.7677
1.22055
-0.0615244
0.824373
-1.39446
0.356028
0.360585
0.59199
1.03502
0.873826
-0.686035
-1.05108
0.456996
0.927066
0.0836588
0.281672
0.133797
0.0828463
0.156749
1.51245
-1.13888
0.910286
-0.536206
0.419297
-1.96827
-1.9387
-2.41878
1.7018
0.846711
0.534822
-0.425729
-0.0465685
0.463187
1.58835
-2.90352
1.59371
-0.723124
0.876602
-0.669366
0.979769
-2.45075
-1.84096
-1.15532
-0.895112
-1.1927
-2.05527
-0.713091
0.414473
0.401717
-0.626133
-1.67725
-0.00440841
1.36809
-1.51402
1.19191
0.896518
0.586754
0.159856
0.729518
-0.724715
-0.0531734
3.16299
-2.14791
1.08988
-1.07256
-0.843701
0.346684
0.552442
0.249613
0.465838
0.994131
-1.92264
0.0477206
0.348045
0.848084
-0.927421
-1.75569
-0.467106
-1.31697
0.233202
2.19647
1.01401
0.475189
0.112288
-0.893443
-0.163209
-0.322307
-0.0919097
0.80799
0.599702
0.384176
-0.560617
-2.57929
-1.49988
-1.29332
0.93091
-0.746044
-1.92297
0.573631
-1.88506
-0.958306
0.0697895
0.315322
-0.989185
-1.11369
2.29006
-2.0015
-0.407763
-0.0733799
0.0874696
-1.28028
1.07988
-0.334656
-0.509118
2.2872
0.635428
-0.261175
-0.0716348
-0.341719
-1.15226
-0.134463
-0.874954
2.07473
-0.3401
0.0197558
0.437173
1.11257
-0.59798
0.418821
2.04623
0.441675
-1.8001
-1.38349
0.45259
-1.16647
1.86786
0.404204
2.00845
-0.132837
-1.17509
1.04876
-0.878409
0.0441251
0.192351
-1.12418
1.46461
-0.789448
0.922952
0.00026378
-1.28331
1.35689
-0.838003
-0.342084
0.287096
0.0185845
-0.29617
0.619637
-2.38505
2.27363
-1.03338
0.851692
-1.56051
-0.851776
0.681811
1.09468
-0.24614
0.0880672
-2.24814
-1.0131
0.496608
-0.625836
-0.241294
-1.46134
-1.25023
0.710176
-0.738633
1.52887
-0.0867463
-1.58767
-0.198089
-1.79429
1.31227
-1.27614
0.403359
2.03825
-2.44917
-1.01921
-2.18152
1.29941
-0.10078
2.01967
-1.36149
-0.079562
0.578592
0.264306
-0.137096
0.704098
0.87005
1.61189
-0.0594616
-1.81386
0.864553
-0.89924
-0.715292
-0.591603
-1.45054
0.113237
1.11118
0.128209
1.59087
1.05816
-0.770397
0.792521
1.3549
-0.284691
-1.60705
-0.465353
0.584905
-0.753132
-1.81875
1.47652
1.6127
1.21572
-0.534586
0.0335148
1.67406
-0.687077
0.468385
-1.9134
2.83569
0.142401
1.62335
1.40397
-0.918373
0.989972
-1.0413
-0.380196
1.77786
-0.663863
-0.841135
2.14787
0.489655
-0.592722
0.21204
0.491216
2.25983
2.13782
-1.68336
1.86315
-1.26374
0.868312
0.167306
-0.405917
0.419857
0.200927
0.036696
-0.104868
0.413067
-0.984061
-1.72836
0.396898
0.837552
-0.202095
1.07491
0.294344
0.638927
1.698
0.752185
-1.08149
-0.356599
-0.87091
0.234893
-0.121526
0.117158
0.368024
0.479176
1.41614
1.28432
0.0444396
1.3694
1.58361
1.54157
-0.437168
0.031935
-2.24927
1.15591
0.617747
-1.17728
0.45393
1.62597
0.753755
-0.727168
-0.505425
-1.65739
-1.90576
-0.961708
1.29914
-0.573413
0.538632
-1.21902
-1.728
1.33329
0.849476
1.03805
0.80839
0.258026
-1.31061
1.0251
-0.334964
0.193511
-0.431419
-0.831564
-0.369672
1.68038
-0.401362
0.446452
-0.518954
-0.955201
-0.885081
-0.703401
0.637954
-3.02199
1.01334
-0.633033
-1.77015
-0.00808294
-0.427841
-0.345801
-0.166462
-0.842685
0.136585
0.0977257
-0.128542
-0.301996
-0.556157
2.4222
0.425987
-0.780929
0.182333
0.707405
-0.187977
1.20609
-0.559719
0.715341
0.601606
-0.300352
-0.459439
1.18822
-1.2075
0.630334
1.79598
-0.958256
1.40272
-0.769563
-1.77037
-1.42712
-0.439718
0.362613
-0.855991
-1.18501
0.27331
-0.298245
1.42307
1.59744
-1.03606
0.471139
-2.83111
0.68528
0.73361
-0.227664
-1.43605
0.011457
1.2136
-1.25135
0.827659
1.13117
-0.808392
-0.899438
-0.288334
0.588011
2.67935
0.0478784
-0.326268
0.330785
-2.91216
-0.498329
0.036301
-0.190138
1.28251
0.780582
-0.0345373
-0.653324
-1.49587
1.56549
-1.65583
-0.222418
-1.26944
2.41682
0.584938
1.3999
0.880486
-0.0595214
-1.1723
-0.385325
-0.238187
1.47131
-1.883
0.706002
0.677365
0.139383
1.34836
0.318774
-0.943229
-0.236594
0.180974
0.0879209
1.35519
-0.421283
0.224882
1.20839
-0.21097
0.190594
-1.50363
0.020482
1.07716
1.53382
-0.191632
0.27496
-1.65956
-0.317828
0.720541
-0.411995
-1.86085
0.335648
0.414821
0.461075
-0.899324
-0.279671
-0.191484
-0.419336
0.480656
0.72846
0.69515
-0.218383
1.5407
0.370896
0.254962
-0.382799
-0.545976
-2.23208
-0.824625
0.615334
-1.34964
1.85879
-0.454595
-0.750879
-0.0116935
-1.14278
-0.516842
-0.207274
-1.42339
0.393426
-1.48839
0.153195
-1.31059
-1.24817
-0.265421
-2.09839
2.0116
1.61352
0.440813
0.491127
-2.50232
-0.0853559
-0.318048
0.354713
-0.818908
1.22753
-1.80309
-0.43029
-0.788895
-0.5915
-0.0276584
0.742371
-0.876919
-0.0286633
-0.365606
-1.61831
0.20766
0.55881
0.207812
-0.434546
-1.34097
-1.37708
1.54122
0.755636
0.28499
2.18578
-1.77222
-0.649995
2.43784
1.06461
0.802739
0.363407
-0.0464014
-0.755267
0.815537
-0.66327
0.677131
-0.140154
-1.29114
0.95223
-3.23456
-1.49179
-0.129419
0.559794
-1.29475
0.97572
2.67211
0.332009
-0.959193
-0.466541
0.920861
-1.02547
-0.807847
1.78624
0.977982
-1.44499
-0.862906
-0.22438
-0.796787
-0.157881
2.04825
0.485637
0.337333
-0.624043
0.485186
-0.800848
1.43562
0.406762
-1.32872
0.0795556
-0.850522
-0.117311
-0.992213
0.0192993
0.818828
0.121934
-2.73825
-2.1545
2.62332
0.292926
-1.39494
1.00129
-0.117087
1.22262
0.231287
-1.04479
-0.0379713
-0.0502293
-1.56157
-1.192
-0.120119
-0.143556
-0.189009
0.404777
-0.660661
0.364998
0.0600795
-0.185539
1.92209
0.121242
0.027386
0.186725
-1.3269
-0.0620786
-0.305236
0.376905
-0.331777
3.86485
-0.251175
-0.621592
1.26504
-2.03881
1.28572
-0.211566
-1.64196
0.139935
-1.25996
0.100912
0.147822
-1.04678
0.785166
1.82617
-0.948306
0.089513
3.02629
1.30647
-2.10054
0.662189
1.58877
-1.25067
1.0375
0.371526
-0.0746197
-1.28084
-2.50303
-0.649141
-0.574318
-2.26966
2.09489
-2.4263
0.704947
0.0356128
2.10451
-0.58884
0.403635
-0.532129
-0.804187
0.77564
-0.429485
-1.01432
1.86332
0.411798
1.60536
1.63635
0.502236
0.19031
-1.25436
0.588727
-0.968318
-1.69029
2.26073
1.05732
-0.562869
-2.32135
-1.57786
-0.3886
-1.55115
-0.927853
-0.0614753
-2.07337
-0.70142
-0.169801
-0.312915
-0.700458
-0.641347
0.395704
0.265366
-0.694076
2.0414
0.34622
0.785129
-1.26629
0.765048
-1.21039
-0.854682
-0.146655
-1.52332
-0.0625199
2.59845
-1.84326
-1.03578
0.267433
2.59612
-0.816232
-1.42672
0.0393539
0.649867
0.876092
1.86868
-0.126018
-2.40554
0.191044
1.57571
-0.20894
0.729801
-0.596877
-0.719663
0.0916405
-0.535137
0.148909
0.473901
0.581494
-2.40273
1.45266
-0.521263
-2.0972
0.0726008
-1.24481
-0.616152
1.71098
1.14772
-0.00732625
-0.563611
1.2611
0.715132
-0.831856
-1.32357
-2.08365
0.670853
-0.66936
1.21221
0.738167
0.143268
-1.27961
0.648119
0.920434
-0.884801
-0.428309
0.924421
-0.566977
-0.160081
0.214063
-0.247573
0.0679997
-1.09365
0.354336
-0.618927
-0.345651
0.668855
-0.639532
0.146465
0.61311
-0.328103
-0.0528602
-1.26542
-0.945709
0.218404
-0.948871
-1.77047
0.355019
-0.959917
-1.4047
-0.776713
0.959403
-0.027821
-0.965699
0.57987
-0.19487
-1.41888
-1.57417
1.1883
-1.70021
-2.62799
2.08128
0.172798
-1.56924
-0.454586
1.62622
-0.191706
1.08843
0.0214536
1.50051
0.470055
-0.735084
-2.09086
-0.380382
-0.650704
1.47129
-0.4966
1.26552
0.157652
0.428754
-0.643123
-0.101163
-0.70409
1.63717
0.335986
-1.07194
0.132162
0.795414
-1.0817
0.136881
0.450685
0.357279
-0.746267
-1.06625
0.282676
1.70532
-1.85736
-1.76997
0.0822522
-2.01837
-0.377416
0.82222
2.42659
-0.774384
-0.603514
0.0310645
0.281685
-1.42732
0.526125
0.155143
0.776098
0.10663
-0.420465
-0.943573
0.129899
-1.07095
1.37589
-1.04469
0.547746
-1.04865
1.521
0.200163
1.68382
-0.559863
2.99731
-0.803773
1.32007
1.41728
-1.67847
-0.0488507
0.125432
0.823128
-0.830206
-0.335741
3.07659
-0.278576
1.32257
1.20023
-0.893052
-0.0561938
1.07538
0.106307
-2.20249
0.853542
-0.0992957
-0.274868
-0.943022
0.554129
-1.22767
1.79413
-0.264016
-0.223198
0.292643
0.999483
0.804374
-1.27595
0.473928
-0.530121
-0.404516
-0.03162
0.963851
0.95661
1.86081
0.572503
-1.80224
0.572163
0.332089
-1.59049
-1.16196
1.79405
-1.57622
-1.31447
0.664787
-1.50028
1.07938
-1.09368
1.98959
0.175449
0.498286
1.18895
0.796221
0.676078
1.16402
0.771632
0.613989
0.629186
0.819942
1.64919
1.01071
0.108982
0.825024
-1.65825
-0.970052
-0.90665
1.95087
-0.26408
-0.480369
-0.135348
-0.213612
1.74703
1.49314
-0.838552
-0.663696
0.223725
-0.908266
-1.22049
-0.139164
0.869296
-1.10179
0.478824
-0.858491
-1.93001
2.77246
0.992442
-1.68032
-0.305833
0.737806
1.6182
-0.62681
-0.217353
0.308981
1.68906
-0.829726
0.586264
2.29201
-0.17435
2.11449
0.541779
-0.169285
-0.236188
0.696203
0.213404
0.95176
-0.744139
-0.918034
-1.46085
1.48403
-0.682095
-1.12472
0.229802
-1.7671
-0.200394
-1.59727
-1.16563
-2.01442
0.719098
-0.746962
1.5273
0.81802
0.661557
-0.330477
-0.635627
1.35819
-0.76955
-2.12244
0.992272
-0.534536
0.434645
-1.15383
-0.104899
0.351118
0.895878
-1.37321
-0.677855
-0.424786
0.808983
-1.61967
0.0603004
0.291378
-0.657566
0.0832664
1.46045
0.651936
-0.606796
0.306614
-2.66143
0.587378
0.101371
-1.35842
-0.239665
0.613184
0.361674
0.0544856
-2.92341
-0.995858
0.960762
0.691164
0.79404
0.560606
0.413759
0.170357
0.44614
0.886185
-0.0112507
0.402193
1.42884
-0.437319
-1.1274
0.381182
-0.478034
0.013608
-0.887527
-0.557515
1.61749
1.12567
0.586729
1.4593
2.28883
-0.340326
-0.353874
-0.896423
-2.25771
0.471992
0.431098
0.191013
-0.159986
-0.224935
0.0444911
0.923048
-0.725293
1.82255
1.30157
-0.544014
-1.03939
-0.178081
-2.08159
-1.47301
-0.778713
-2.22018
-0.323151
-1.21628
-1.38179
-2.28627
3.26333
-1.59705
-0.782599
-0.0935627
-1.84248
-0.0729954
1.96916
-0.0853883
1.10406
0.268444
0.180756
0.672979
0.887356
-0.304445
1.77967
-1.34747
0.392073
-1.65171
-1.11854
0.65627
2.54614
0.273454
-1.58967
-2.08585
-1.25025
-0.543712
1.34226
0.807303
-1.28956
0.587698
1.11626
-0.296383
0.264526
0.134205
1.10054
-0.319175
1.48205
-1.01421
-0.679064
0.11924
1.04325
-0.167696
0.380993
0.102885
-0.26151
0.966796
0.364087
1.9255
1.38053
1.32203
0.293038
-0.961834
0.280726
-0.770515
1.77492
0.801288
0.111376
-0.961619
0.0378749
-0.333944
-1.11323
0.820972
-1.05312
-1.51484
0.459315
-0.923033
-0.732968
-1.92199
-0.633309
-0.149159
1.10969
-0.615336
-0.231784
0.372121
0.974441
-0.491391
0.0605252
-0.111076
-0.636062
-0.320735
0.146936
-0.53626
1.94727
-0.841733
0.60162
-1.39042
0.379291
-1.13848
0.490271
2.06512
1.90052
-0.276832
0.204661
-0.164018
0.57231
-1.00244
-1.60593
1.19867
0.206243
1.07641
1.48478
-0.668345
1.22132
0.211594
-1.98482
-0.318855
-2.40004
-0.919797
-1.17867
-0.193786
1.39427
0.0830481
-0.501526
-0.083599
-1.61722
-0.336577
-1.89447
1.59368
-2.36673
0.580793
-1.28379
-1.39373
0.771524
1.06186
0.634496
0.0979453
-0.892278
-0.0309756
0.232803
-1.06353
-0.580281
0.0536614
-0.929066
-0.342017
-0.651218
1.67674
-0.969328
1.00206
-0.0999039
0.190246
1.49615
0.624835
-1.6603
-0.702734
1.63341
-2.74318
-1.13652
0.0894676
0.659283
-1.08728
0.277455
0.763135
0.0431528
2.4855
0.0269461
2.47509
-0.79345
1.03146
1.48977
-2.24577
-0.605667
-0.323012
-0.38888
-1.21978
0.858535
0.9963
-3.52498
1.48515
1.72584
-0.0724075
-0.338979
0.353831
0.899955
1.61454
2.80017
0.532996
0.661938
-0.142465
0.316543
1.74337
1.4555
-0.0505665
1.65683
0.197368
0.534701
-0.7096
-1.24829
-0.0212696
0.0842605
0.143751
0.294179
-1.46376
-0.485454
-0.139162
1.37548
-0.277073
0.697736
0.568667
0.995436
-0.927461
1.40991
-1.38263
-1.07701
0.579455
-0.94134
0.981993
-1.56985
-0.918326
0.733296
1.12994
-0.307157
1.18748
-0.198724
1.93386
-0.296851
0.93684
-0.881701
0.591484
0.129221
1.54537
0.557033
-0.0543177
1.1462
1.12653
-0.123087
1.04611
1.09224
-0.160098
-0.992882
0.764558
1.28884
0.176842
1.71665
-0.171072
0.984366
0.302028
2.25698
-0.81772
0.137877
1.20651
-0.4681
-0.297234
-0.956257
-1.1296
2.07135
-0.40962
-0.304028
0.23482
-2.70454
1.50314
-0.0943324
1.09887
0.122056
-2.21021
1.01469
-0.325102
0.228736
2.59302
-0.356392
0.0813614
1.27849
-0.198748
-0.829255
-1.11831
2.46051
-1.03731
-0.867034
-0.837091
1.74238
-1.10831
1.04459
0.0228327
0.529497
0.832215
-1.47367
0.467375
-0.551305
-0.0314848
-0.313713
-1.27223
0.571263
-0.404375
0.612667
-0.455834
-0.633181
0.0603724
0.465542
0.771509
-2.63933
1.54905
0.0952119
1.91543
-0.931361
-0.167008
0.966504
-2.23715
-0.0437476
-0.496314
0.210108
-1.47745
-0.901197
-0.655129
0.61145
-1.09426
1.39737
0.345739
0.100827
-0.186371
-0.175073
0.957452
0.956088
0.321329
-2.3629
-0.956324
-0.615061
0.0251997
0.646441
1.692
-1.4247
1.8208
0.0822448
-0.253052
-1.07453
-0.110256
-0.385378
-0.5065
-0.576554
1.4519
-1.1062
1.19905
-2.41978
1.07753
-0.878459
1.16123
-0.207237
0.792922
0.646828
0.00091134
-1.79019
1.35431
0.068696
2.28722
-1.1296
0.00869349
-0.112082
-1.16511
-0.165022
0.924873
-0.101951
1.14969
0.0752882
-0.143294
0.0434956
0.434418
0.189551
-0.757789
0.322227
-0.815906
-1.29987
0.573681
1.42488
-0.149279
-1.10465
-0.309012
0.646827
-0.32456
-0.643892
-0.571842
1.31926
-1.70544
-0.754057
-1.33757
-0.504541
1.3341
0.90338
-0.844883
0.873138
0.566148
1.49569
-0.212918
-0.48299
-0.376559
0.836952
1.44113
1.82586
-2.17611
0.0311189
0.53493
1.05291
0.273903
-0.824933
-0.10495
-1.22184
-0.275197
-0.733191
0.783573
0.96699
0.892822
0.538675
-1.45643
2.09724
0.146496
0.752243
-1.5477
-2.19571
-0.0244853
-0.776922
0.988662
0.472428
0.49097
0.872439
-0.516165
0.440793
0.647257
-0.32305
0.243043
1.54521
-1.4223
-0.25982
-1.98486
-1.70691
1.0255
-0.11045
0.99328
0.331976
1.24826
1.64557
0.108298
-0.0150785
-0.521011
-0.530931
-0.946158
-0.885361
-0.880325
-0.0251339
2.38759
-2.31499
-1.81199
0.641623
0.0589489
1.00023
-0.445876
-0.61593
-1.37852
0.30958
-0.438729
-0.529646
0.984128
-1.75999
0.873301
1.35824
-0.338546
-0.775025
1.48223
1.46687
-0.987466
-0.561718
0.840263
0.891988
1.31018
1.88919
-1.59584
1.57615
1.56166
1.11375
1.59698
0.918029
-0.141032
-2.63025
-0.702161
0.473284
-0.750551
2.04216
1.39015
-1.0637
-1.61884
-3.04535
-0.242406
0.349216
-0.793468
-0.901166
0.483593
1.29123
-1.26346
-1.304
-0.505707
-0.883031
-1.56398
1.47367
-1.03021
0.932889
-1.59295
1.87391
0.0612372
-1.92226
1.65942
1.41218
-1.73057
0.687106
-0.484513
0.999865
-0.276797
2.1046
1.02936
0.147411
0.358559
-0.416735
2.2611
0.356838
-0.538944
1.58482
0.650436
-0.101883
-0.858548
0.296129
1.02079
0.27467
1.34511
-0.324206
1.40466
1.34463
-0.630761
-0.210634
0.083582
0.868616
0.778272
0.548604
-0.682754
-0.868028
0.398533
-0.480491
1.93343
1.82465
1.28558
-1.55531
0.786065
1.41144
0.329443
0.508451
-2.89475
-0.371763
0.526149
0.886847
1.25717
-0.829962
1.17078
1.53968
-0.375521
-1.52233
0.466297
0.314278
0.310534
0.927451
-2.3737
-1.00147
1.26202
0.928555
1.64167
-1.11322
-2.43156
-1.10059
0.897467
0.952396
-2.0799
0.109129
-0.74328
2.31309
0.407182
-0.752776
2.19483
0.749934
0.659332
-0.0889281
-1.65331
-2.57838
1.13856
-1.26358
0.852661
0.320908
3.72893
1.44161
0.483195
-0.377959
2.05967
0.388129
0.551913
-1.23401
0.390479
-1.04386
-1.32182
-0.506509
-1.6962
-0.162604
0.10605
-1.09453
-0.720709
-0.558238
0.723992
-1.09323
-1.62807
0.305547
-0.265241
0.253316
0.490013
-0.382352
-0.991847
-0.126252
-0.266825
-0.104826
-0.754852
2.56117
-0.206191
0.629368
-1.07655
-1.25007
0.711314
-0.906462
-0.169951
0.856608
-0.130706
-1.70376
0.323984
-0.795752
0.414581
1.21165
-0.788073
0.930508
-0.521184
2.82037
0.878175
-0.145948
0.463167
0.996113
-2.53373
-0.976606
1.37554
0.0392071
0.209265
0.667423
0.168897
0.74925
0.988721
-2.72638
-0.741786
-0.0271441
-3.01022
-0.447079
2.95118
-1.1517
-1.09948
0.0550114
-0.650323
-0.108122
1.23889
0.25398
-0.127704
1.1503
2.92357
0.830288
0.405279
-0.291827
-0.544299
0.0768614
1.77494
0.434681
0.497343
0.578116
0.539562
0.339267
-1.36594
-0.0987226
-0.681398
-0.931625
1.62466
0.164888
-0.834434
-0.910393
1.42206
-1.04735
-1.36622
1.51095
-0.0266246
-1.0684
1.80722
0.161133
-1.19544
0.468443
0.216093
2.12178
0.746289
2.12462
-0.59986
-1.02701
-1.73249
1.22894
-0.0753374
-0.27144
0.184536
-1.49209
-0.407143
-0.280456
2.36093
-0.891238
0.622011
0.426682
0.563153
0.4844
0.610206
-0.253477
-0.343338
0.902917
-2.62651
1.16395
-2.43832
1.34495
-1.02141
-2.08457
2.66861
0.637221
-1.25264
0.581215
-0.728665
-1.69285
-0.325359
1.15646
-0.627026
0.573152
-0.341089
1.47919
0.018972
0.645117
-0.215337
0.929683
0.515522
2.00755
1.73883
-1.33529
-1.0818
1.33727
1.34931
-0.0483564
-1.37612
0.13983
-1.84104
1.90085
1.95967
0.705362
1.41358
-0.382145
-1.97729
-3.18779
0.0839322
0.81035
-0.355601
-0.759023
-1.15191
0.63349
-1.08236
-0.253623
0.692719
0.849963
0.851907
0.2401
0.264782
0.964711
-0.70368
0.529687
0.843948
-0.677807
-0.0459249
-2.07596
0.28496
0.041857
-0.061254
0.380566
-2.195
-2.02258
0.161241
0.059052
-0.539007
0.0827392
-0.0210944
-2.40597
-1.43988
-1.89974
-0.275595
0.091825
1.17046
-0.225135
-0.255576
-1.76009
-0.136283
-0.578241
1.51791
-2.45872
-0.204914
-0.128076
0.514454
1.269
1.72065
-0.187521
-1.87372
0.906984
-1.07141
-0.40885
-0.275891
-1.12948
2.28586
0.918919
-1.3308
-0.589743
-0.986894
1.07522
-0.347771
0.739484
-1.44377
-0.515464
0.972984
0.307563
0.605784
-2.1882
-0.926541
1.465
0.75156
1.77359
-2.40403
-2.17098
0.823858
-0.982508
-1.62238
-0.116471
-0.487973
-1.19467
-0.785197
-3.47121
-1.22662
2.9276
0.00376153
0.523184
0.0788107
0.837314
-0.695912
-0.14744
-0.369932
1.30746
0.803796
1.17353
-0.632267
0.192008
0.167255
-1.95693
-0.782911
0.806541
0.0727877
0.30412
2.20432
-1.30836
0.870493
0.116424
-0.794277
2.15987
1.12934
0.557991
-1.05661
-0.0236425
-0.43956
-0.782903
-0.212872
0.844573
-0.760554
0.516934
-1.30363
-0.434352
-1.61162
2.23423
-0.700129
0.152447
1.80769
-0.949575
-0.838122
-0.534579
2.2668
2.98063
-0.457102
-0.185593
0.841453
0.127823
-0.276293
1.72229
0.0258675
-0.682643
0.168449
2.02691
1.38527
-0.119223
0.592894
-1.52589
0.482301
-1.79392
-1.5282
-0.871826
0.0196147
-0.7753
0.848894
-0.512945
0.250067
0.977024
2.40456
-0.701416
-0.922283
-0.360349
-1.44822
-0.561555
0.791039
-1.89563
-0.111259
1.13835
-0.829975
0.458946
-2.09488
-0.6629
0.988414
-0.911596
0.721245
-1.38788
-1.36529
0.470212
-0.0799462
-0.743085
0.746044
1.36879
-0.813251
1.51628
-0.903539
-0.865315
-0.76717
-1.62703
0.932552
-0.2698
-0.676475
0.416454
0.206366
-0.912146
-1.30289
1.56561
2.33372
0.404493
-2.17572
-2.61191
-2.19777
2.57371
0.305767
0.855629
0.105966
0.0668152
0.612122
1.19159
-0.893192
0.668621
-1.08313
-0.199254
1.28939
0.503392
-0.957867
0.93081
2.21249
0.985779
1.13351
1.56489
0.298848
0.0665045
-0.0892205
-0.755694
0.612555
0.840492
1.95172
-1.75193
-1.32298
0.50782
-0.205944
0.640074
-1.17957
1.75567
-0.624586
-0.481203
0.671677
0.596526
2.21666
-1.80179
1.10986
-0.177056
-0.249533
-0.200231
-0.48421
0.203359
-0.768575
3.1194
-0.585607
-2.56922
1.0595
-0.609432
0.949136
-1.56218
2.25661
-0.176593
-0.53294
-0.925269
0.240007
0.357966
0.50388
-0.807289
0.246879
-0.298124
-0.593602
0.721568
1.5702
2.79739
1.86539
1.59765
0.682178
-0.747967
-1.21263
1.11878
2.67123
1.54439
-1.3384
1.47177
-0.953264
0.73788
0.130241
0.264799
3.03154
-2.02833
0.792178
0.863476
0.794103
1.95107
2.13933
-3.81167
0.67551
1.32312
-0.558865
-0.850247
0.285509
-2.8905
0.354807
0.690422
0.574883
0.153503
1.07126
-1.7595
0.129025
0.809534
0.280796
0.668386
-0.704909
0.147034
-1.05604
0.264958
0.968363
-1.18442
-2.69612
0.589556
0.16699
0.20801
-0.680423
0.0298048
0.916536
2.22861
-0.138675
-0.456994
0.799929
-1.41502
-1.311
-0.963505
1.19251
0.348752
-0.585344
-0.519195
0.816163
-2.73536
-0.582982
-0.379316
0.49494
-2.29415
0.0831282
0.442659
-0.0980958
0.794175
1.03607
0.477536
-0.0664371
-0.250636
-0.435804
1.91544
-0.951648
0.316465
0.384874
0.38741
-0.0720129
2.34678
-0.301746
0.34815
1.27234
0.264493
0.102674
-0.305939
0.0601912
-1.93418
0.152969
1.28885
0.600524
-3.60504
-1.57151
0.162028
2.40161
0.136579
-2.15184
-2.03572
1.17494
-1.34975
-0.503409
-0.838966
0.0876133
0.204641
1.82997
-0.0576992
2.20573
-1.77841
1.54132
2.11688
0.445479
0.953152
-1.68576
-1.91306
2.81841
0.669626
-1.05537
0.460784
0.234825
-0.687081
0.899318
1.13891
0.401426
-0.763527
0.144191
-2.61071
0.638599
-1.25206
0.804821
-0.213761
2.09327
-0.244933
1.0187
1.35532
0.175094
-2.5142
-0.932039
0.606834
-1.93086
-1.28584
-0.245216
0.918253
-1.77633
-0.217733
-0.497795
-0.495186
-0.864172
0.0197653
0.142366
-0.053673
0.34561
0.542028
-0.330762
0.860204
-2.99978
0.691646
-1.72493
-0.613425
-0.764526
-1.69285
-0.404777
1.49872
-0.585218
1.33592
0.427501
1.31056
-0.570634
0.0872369
0.780772
1.10919
-1.03865
1.79713
-0.883203
-1.9222
-0.00266923
2.2343
-0.794654
-0.369212
-1.65246
-0.408675
0.151231
0.372114
0.139791
0.637252
-1.18418
0.969778
-0.924403
0.540277
0.0848326
-2.16315
0.0031395
-0.198333
0.549091
-0.704107
-2.25508
-0.366135
-0.705552
1.18202
1.6027
-0.679845
1.49536
-0.471643
-0.793853
1.0874
-0.239929
0.0562903
-1.43399
1.46022
-0.719037
-0.50283
0.262181
-0.908495
0.0272321
1.1374
-0.5463
-3.64461
-0.774357
-1.5357
-1.41635
0.179751
1.10854
-0.148841
0.847508
1.35616
-2.15525
1.31186
-0.533161
-0.923512
-1.40322
0.359851
0.463427
-0.543684
-0.569161
-0.609479
-0.544975
1.17732
0.651287
0.798717
-0.703554
-0.0864614
-0.483996
2.91308
-1.2377
-0.0119144
0.379693
-1.20017
-0.328978
-1.79473
-1.38148
-0.0560897
0.601749
0.921074
1.06271
0.888985
1.17042
2.17114
0.430655
0.750499
1.29812
0.128671
-1.59128
0.26589
0.50882
-1.09585
0.669408
0.977999
1.83639
0.763212
0.0366361
0.187734
-0.0245336
-0.917996
0.336187
0.817128
1.74731
1.5625
-0.0734084
3.27412
0.690936
-0.632335
-0.766034
-0.831439
1.35606
-1.14265
-1.15752
-0.117737
1.18581
-0.212507
1.14893
2.23053
1.15204
-1.26265
-1.29776
0.27464
0.165619
-1.45655
-2.32515
2.54789
2.0749
-0.0746434
-2.94109
2.05273
-0.980351
0.384199
-1.19779
0.472449
0.530069
1.04088
-1.71851
-0.0342163
-2.13336
-0.553849
-0.878317
-2.4385
0.0752115
-0.349605
-0.316234
0.14469
-0.307759
-1.14983
-0.53008
0.344696
1.05162
1.39365
0.490759
0.99681
-2.62654
0.762217
0.988538
1.63469
0.698218
-0.787693
0.153903
1.50601
0.718261
-1.94208
-0.0934834
-0.0777225
1.13942
2.19693
-0.0157199
-1.14511
-2.00709
0.227992
0.596585
0.726727
0.965329
0.681066
0.256515
0.411354
0.698467
-0.181339
0.0178485
-0.765508
0.729508
-0.229049
1.76476
1.0662
0.195811
-2.12207
0.997733
-0.16481
-1.35043
-1.09458
-0.187447
0.366922
0.0998892
-0.555953
-0.109165
-0.257932
0.245435
-0.374734
1.22615
0.80422
-0.92655
0.644217
-0.549756
-1.26919
0.49608
-0.908555
-0.648847
0.537882
-0.500389
-0.74288
-1.5092
-0.900048
1.05513
2.12352
-0.168625
-2.06107
0.274574
-1.48768
0.287545
0.362358
-1.36529
0.234842
1.46371
-0.932994
0.461936
-0.3357
-1.21361
0.575508
-0.720498
-0.0385745
-1.10502
0.974878
-0.934402
-0.500166
0.138505
-2.03942
-0.456433
-0.159522
-0.636523
0.612813
-0.320899
0.895728
-1.39091
0.411771
1.62706
-1.15961
-0.633314
-0.720746
-0.475147
-0.804549
-0.669247
-0.441724
0.796154
-0.655669
0.227052
1.27876
1.30667
1.17628
0.445982
0.347268
-0.699615
-0.261743
1.38921
3.52273
0.101189
0.600953
-0.222394
0.634706
2.5987
0.638556
-1.23436
-2.22902
0.482175
-0.163606
0.853394
1.02329
-0.727615
0.839718
-1.12993
-0.408165
-0.0693135
-0.0198425
0.641612
0.572099
0.644669
-0.128304
0.53413
-0.398757
2.09052
1.23824
-1.16379
-0.539969
0.928317
0.876046
-0.0165425
-1.39087
0.613549
-1.20095
1.64513
1.31169
-0.274855
-0.57465
-0.642893
-0.796501
-0.106218
-0.639696
-1.24363
-0.0598167
-0.882122
-0.774625
2.00242
0.19577
-2.48987
-0.35209
-1.3364
-0.719106
-0.287195
-2.33771
0.881041
1.59501
1.54029
0.929508
0.283399
1.84423
0.478309
-0.504292
0.211257
-3.87708
-0.407251
-1.37708
-1.41432
1.42118
1.09906
-1.93
1.12711
-1.46683
-0.165555
0.605842
0.940146
0.455589
-1.01138
0.00555959
1.13668
0.243524
-1.9195
2.24458
-1.59031
0.917846
0.209411
-1.44581
0.887351
-0.864645
-0.216341
0.712525
-0.00862015
3.75678
0.160989
-0.859531
0.382126
-0.214739
0.934061
-0.4365
-0.719169
-1.2671
0.493502
0.498986
0.942827
0.666748
0.431336
3.22484
0.176559
-0.579113
1.06617
-0.503608
0.783901
-0.720754
-1.71178
-1.66271
-1.44626
0.21161
0.781603
-1.00639
-0.0488893
0.0956304
1.17048
-0.327809
-2.14211
-0.514194
0.360163
0.376296
-0.00735522
-0.0947249
-0.00664099
-0.582791
-0.322518
0.93154
-1.70728
-0.216514
0.369708
1.06665
-0.504688
1.10463
2.08745
2.09438
0.708651
0.221843
-1.6242
1.11196
-1.76627
1.60609
-1.04896
1.03463
-2.31268
0.287209
-0.169575
-0.601862
1.09628
-1.77865
-0.776852
0.420182
0.134936
-0.368035
-0.113863
-1.11741
-0.375219
-0.497721
1.75621
-0.775111
-0.374905
-0.864278
-1.64586
0.586068
-0.226747
-2.37049
-1.49526
0.424731
-0.877588
-0.380692
-0.039268
0.954668
0.592376
1.51055
-2.32355
0.173835
-0.367093
0.0766981
-2.121
0.0452132
1.47285
0.576742
-0.691987
-0.143905
0.458111
1.05414
0.193061
-1.60125
0.288485
0.151306
1.67494
1.2341
-0.371153
2.73542
2.77611
-0.243663
-0.0686561
-0.787259
0.445119
-1.954
2.00475
-0.451911
0.12033
-0.759885
-2.19889
0.713978
0.388069
-0.312402
-0.293509
-1.77203
-2.8139
-1.05741
0.484009
-0.771218
0.148765
-1.39224
-0.371067
1.38984
0.0889773
-0.118808
-1.00544
1.26542
0.61615
-1.111
1.62456
-0.187383
-0.675583
-0.187205
0.166342
-0.833959
-1.56162
0.16643
-0.375167
0.16242
-0.76347
-0.334706
-0.185243
0.172442
-1.09245
0.641847
-0.63214
-1.37335
1.42466
1.14577
0.835666
-0.835342
0.483548
-1.04589
-0.0153417
-2.24028
0.276591
0.179485
-0.765489
0.990265
0.468449
-0.623021
-1.14501
-0.0460869
0.555794
-0.119692
1.23287
-0.645338
0.91382
-0.302405
0.3591
0.394805
-1.1193
-0.967004
0.299442
0.0147335
-0.406525
-0.826938
-0.353819
-0.344235
-0.409935
-1.51612
1.24585
-0.37683
-0.241938
-0.578322
2.17086
0.13846
-1.61427
-2.24445
0.686484
0.68205
1.94039
-1.85941
1.44713
-0.398086
-0.415351
0.395046
-0.53658
1.51741
1.69093
-0.146132
1.66707
-0.318115
0.66691
-0.296476
0.437033
-0.302175
-1.97247
-1.08266
1.59211
-2.15174
0.274121
-0.0832191
2.13868
-1.43927
0.114217
-0.686091
3.51722
-1.22832
0.626221
-0.696778
1.88927
-2.68419
-2.67006
-0.556325
-0.867726
0.447211
1.01963
0.408731
-1.16065
-0.930152
0.0181948
-0.0782075
0.694062
-0.686392
0.610845
1.45559
0.170109
-1.76168
-0.262869
0.671922
0.994777
0.258572
-2.15555
-0.239508
1.97033
0.476131
1.16284
1.0518
0.372455
2.2299
-0.390088
-1.62299
-0.698905
-1.39143
-0.753203
-0.0901562
-0.356608
-2.44824
-1.05406
0.11049
-2.24857
-0.494855
0.935949
1.62279
1.10421
0.335044
0.590257
1.2645
-1.1466
-0.0709091
-1.09011
-1.29696
0.929406
0.464137
-1.00312
-0.622899
-0.0927365
1.602
-0.958318
-1.14436
1.21163
0.711456
0.568666
0.523683
-0.254083
0.968967
-0.386192
1.8831
0.473184
1.38418
-0.917703
0.208391
0.849005
1.3083
-1.5731
1.58967
-2.33811
1.01849
-0.0769069
1.48109
0.558169
1.18403
0.25128
0.848713
-0.537644
-1.16335
-1.59284
0.0788784
0.405743
0.455244
2.79119
-0.228442
0.167474
-1.30673
1.11717
1.64216
0.398429
-0.877074
-0.237229
-0.893967
-1.50408
0.874769
-0.740071
2.76357
1.48476
2.99197
1.07623
0.759812
0.321488
0.310921
0.245959
-0.42297
0.151051
-1.89792
1.56269
1.30988
-0.225097
0.356176
0.343661
0.505516
-1.39887
0.338347
-0.0889821
0.317812
-2.4758
0.492495
-0.120452
-0.00334302
1.93649
-1.03071
0.00951787
0.658501
1.79177
0.553851
-1.11013
0.465128
-0.710373
0.542958
-1.14483
-0.0574565
0.194236
0.894132
-1.65657
1.83966
0.0955722
0.224289
0.500986
0.209976
1.28479
-1.62877
1.66554
-1.51062
1.29427
1.54995
-0.708714
-0.229481
0.688217
1.15394
-0.0876739
-0.855588
-1.44089
-0.452142
-0.449188
1.34773
-0.618744
0.835653
0.476399
0.315528
0.300899
0.0457561
0.200562
0.741094
-3.11294
-0.543232
-1.78599
-0.635947
-0.894686
-1.22179
0.091383
-0.151958
-1.18201
1.09679
1.11899
-0.508723
-0.659569
-0.574351
-0.414159
1.86317
0.980219
-1.32982
-0.743062
-1.01231
-0.970844
0.977748
-1.09188
1.6314
0.640511
-0.415388
-0.728234
-0.985459
-0.36406
0.531975
-0.431385
-0.380865
-0.274856
1.41752
-1.71301
1.79469
-0.964176
-0.115779
0.50294
1.12643
1.30966
-0.501044
-0.448928
-1.93069
-1.54921
0.810918
-0.102501
0.163682
-1.42828
1.5322
0.62856
-0.740106
1.73311
-1.57281
2.28816
0.50503
-1.14129
-2.00431
1.70611
-0.178501
-0.917585
-0.716132
-0.102526
0.628749
-1.43034
1.4098
2.1298
0.000460867
1.38924
1.76761
0.272886
-0.0811727
-0.772994
1.2924
0.027434
0.00347012
-1.03209
0.840191
0.912279
0.949339
2.60394
0.608655
0.401811
-0.710254
-0.397501
-1.88681
0.53111
0.851136
-1.20789
1.84983
1.34291
-1.1066
-0.315674
-0.681076
-0.456554
-1.52163
0.267737
0.161565
-1.68239
1.56872
-0.840985
-0.573369
-1.40886
-0.705343
0.5218
-1.12199
1.28701
-0.718368
-0.637153
-0.658281
1.63194
0.660502
-0.742808
1.15305
0.684332
0.642496
0.559007
0.137769
-1.09312
0.435779
-0.105473
-0.124278
0.482344
1.78998
-2.94984
0.712766
0.794107
1.10981
-1.51854
0.944393
-0.0535713
0.388484
-0.364797
-3.08883
-0.0878859
-0.966828
-0.184016
0.0790669
-0.715277
0.00363823
0.43436
-0.0315761
0.848988
-1.63381
0.303175
0.897646
3.24938
0.00238378
-0.15855
1.29909
0.657995
1.67592
-2.87508
-1.22794
0.670627
-0.359949
1.94779
-0.38389
-0.0683031
-2.02419
0.465427
-2.25074
0.787973
-2.59959
0.0201783
-0.0712081
1.14614
-1.47324
-0.847853
-0.100673
-0.60522
-0.242828
2.82181
0.526358
-1.47024
-1.31228
-1.41394
0.676359
0.953715
2.0948
-1.00264
-0.513394
-0.261831
-0.925166
-0.244063
-0.186129
-0.370235
0.298027
-1.30234
1.1765
-1.1865
-1.3825
-2.43347
1.40341
-0.257281
-0.876286
-1.025
0.380466
1.08313
0.670465
0.410872
-1.82219
0.563954
0.0391041
-1.61139
2.55263
-1.81861
-0.236335
-0.716429
0.578574
-1.22923
-2.65895
-0.506123
0.248447
1.08127
-1.94604
0.178026
2.66325
0.961619
0.780404
0.708397
1.36614
-1.10101
0.816968
0.866366
1.81312
-2.49213
-0.208289
-1.51385
1.26701
-1.11759
1.89653
0.82659
-0.274226
-0.986339
-0.154917
-0.519605
0.120003
1.52258
0.658434
-1.42989
0.220633
-1.17405
-0.236629
-1.02929
-0.162109
-1.3725
0.334687
-1.62592
-0.0100004
0.271532
1.65266
-0.469932
-0.0404201
-0.443088
1.66474
-0.524233
2.74501
2.14747
0.821947
-0.215221
0.276279
0.249881
0.19227
-0.0161772
-0.352234
0.24616
0.570935
-3.0194
0.664706
-0.958365
-0.212889
-1.86219
-0.138804
0.0705336
-0.121249
-2.29652
1.39264
-1.48848
0.682532
0.584003
0.330435
-0.160015
-1.31124
-0.351676
-2.48106
1.08932
1.36704
-1.28313
-0.785028
-1.23599
-0.0109691
-0.285534
2.6998
-0.368487
0.304982
-0.209416
0.326134
0.829652
-0.60273
-0.247526
-1.48113
1.81229
-0.909447
1.64069
0.71079
-2.75804
1.19285
0.558131
0.634105
0.10302
2.28531
-0.583005
0.711146
-1.51157
-0.742913
0.157298
0.448189
-0.619016
0.408307
-1.56728
-1.35367
1.11857
-0.0560672
1.79214
0.545848
0.235154
-0.899347
-0.202586
-2.34997
0.638857
-0.496473
-0.2443
-0.483717
3.07717
0.591488
-0.193036
0.861863
1.71115
0.969637
-0.295544
-0.747515
-1.17212
2.3793
-1.04279
-0.00971338
-0.567392
-0.818214
-0.426436
1.38997
-2.80733
1.20572
-0.370967
-2.28178
-0.579268
-1.4437
0.384067
0.831638
-1.53588
-0.0926583
1.52675
-1.53003
-0.287507
0.894768
-0.963792
-0.0796618
0.516505
1.95368
-0.588692
0.31392
-0.480911
-0.223342
-1.33772
-0.00023594
-0.795569
0.820311
-0.131743
0.295643
-0.0930043
0.514596
-1.30277
2.1439
-0.0208779
-0.212877
-1.90944
-1.11655
0.71418
0.614729
2.56367
-1.57689
-1.40195
3.78335
0.668286
-0.138098
-0.658584
-0.994642
1.2521
-0.400789
2.81609
0.959498
-0.339403
0.959714
0.525874
-1.39596
0.422753
-0.609965
0.745004
0.22846
0.548298
1.11926
0.561591
-0.623437
2.09123
-0.0126236
2.52257
-1.98472
-0.833833
-0.782886
-0.776295
4.00351
-0.44393
-1.10244
0.0160597
-0.0316593
-0.691424
0.614801
-1.11505
-0.322663
-0.445816
0.93576
-2.46406
0.897068
-1.00763
0.0903152
-1.01373
0.130717
1.64615
-1.90397
2.12378
-1.08485
-0.865674
2.85152
-0.821184
0.145088
1.71106
1.97547
-0.877989
1.01135
1.43445
0.78052
1.38943
-0.0588907
2.10095
-0.729317
-1.18867
-0.233458
-0.539674
3.13778
-0.567036
1.36615
2.33914
-0.894023
-0.163258
-1.44817
-0.651644
0.87173
0.267348
-0.297945
-0.865217
2.38435
0.409894
1.33449
-1.5664
1.35531
0.462915
0.452334
-0.123285
-0.135514
-1.83482
-0.308802
0.266179
-1.89526
-0.569114
-0.0791834
0.623315
-1.28379
0.704329
-0.417201
0.294179
-0.0887167
0.993109
-0.567077
2.67936
0.746881
-1.76802
0.673172
0.455316
0.147497
-1.26381
-1.28836
-0.308565
-1.07519
1.53946
0.284691
-0.812356
-0.37975
0.982913
0.16922
0.521057
-0.863461
1.40158
-0.200769
-1.16369
1.04243
-0.234697
0.0306597
0.457911
0.165981
-0.0982626
1.70568
-2.17464
0.541028
1.50516
0.548981
-0.156047
0.730287
-1.36231
-0.680063
-0.69939
-0.77994
-1.29181
2.10397
-0.652485
2.3797
-0.0519205
0.417161
0.720324
0.438671
-1.28312
0.193048
0.204459
-0.355441
-0.665964
0.703502
1.8616
0.209863
-0.143851
-1.05186
0.80533
-0.158328
-0.296748
-0.740316
-0.202629
0.723594
0.469972
1.38106
0.399348
2.60055
-1.82027
-0.98576
-0.520906
-1.29296
1.76983
1.02061
-0.719701
0.808983
-0.933572
0.753293
-0.202881
-0.438428
0.268954
0.566234
0.800762
-0.20839
0.67428
0.972003
-0.352068
-0.319081
-0.349217
-0.0037167
1.97782
2.86039
-1.09011
0.716767
-0.514791
0.132673
0.309775
2.52484
-0.474252
-0.853274
1.23092
0.413455
-0.141529
-1.55703
-2.32844
1.74317
0.677495
0.705426
0.525707
-0.902495
0.025114
1.04422
1.1709
0.767297
0.566106
0.270315
-0.473778
0.562591
-1.27738
0.318795
-2.02872
-3.11311
1.97522
-0.928022
-1.67336
0.410565
0.359291
-0.00555603
-1.5964
0.74916
-1.20929
0.991005
0.60146
-0.439747
-0.336116
1.31771
-0.731525
-2.08784
-0.806329
-0.931432
-0.505096
-1.21591
-0.456022
1.74421
0.935716
0.759571
0.922827
1.14907
1.97138
-0.796027
-2.83369
1.05465
2.1734
1.07042
-0.0400248
-1.01787
0.540395
0.218794
-1.24176
-1.23892
-1.6029
-0.34415
0.490493
-1.28967
-0.194622
1.33351
-1.99313
0.787395
-0.965144
1.32996
-0.231796
0.779388
0.303131
0.313622
1.8893
-0.819211
0.0776534
-0.0570904
0.0999013
-0.701902
0.0525053
-1.53379
-4.7255
2.22754
-0.412654
0.413468
0.100645
-1.07923
-0.804797
-1.65887
2.99873
0.853612
0.320089
-0.9394
-1.37496
-1.01752
0.275787
0.773954
0.944526
1.43117
-0.735001
0.191156
-0.794349
0.341051
-1.19125
0.0238808
-0.262494
-1.93693
-0.249723
-2.10849
1.18815
1.15133
-1.52017
1.10608
1.41261
-2.04966
-0.68658
0.13111
-2.56805
0.486059
-1.12624
0.159486
-0.608434
-1.18533
2.8868
-0.321823
0.942531
0.562065
2.23854
-0.555205
-1.37543
1.37514
-0.532144
2.27532
1.22322
-0.528967
1.73098
0.340281
-1.54791
-0.339603
-0.344902
-0.0554911
0.184873
0.696706
2.06624
-0.512822
0.00056866
-1.00503
-0.020604
-1.22959
2.32929
-0.366119
-1.28345
1.31716
2.72371
-1.70579
-0.699344
1.42289
0.771687
-1.08699
5.19035
-0.991814
-0.128992
-0.348893
-0.850366
-1.58836
1.06293
-1.1228
0.271271
0.0800737
-0.715531
-0.462601
-0.26679
-0.0168134
-0.445951
-0.0630338
1.46797
1.94854
-0.137582
-1.62006
1.23197
-1.35474
0.0151513
-0.0841746
0.117943
-0.177827
-0.538234
0.0951416
0.628521
-0.0421489
0.642394
0.781006
1.17479
0.793808
0.254804
0.51162
-2.90725
-0.320187
-0.694457
1.53923
0.92297
-0.872598
0.344992
-1.09533
0.576351
-2.19272
0.498223
0.217532
-0.73067
-0.896865
0.846742
-0.801759
-0.111609
0.518851
0.112241
-0.706945
-0.850118
-2.69324
-0.657916
-1.28506
-1.06337
1.22354
1.06855
-3.08474
-0.736504
-1.11633
0.519233
-0.792354
0.668205
-0.634957
0.747528
-1.26087
1.13264
-0.962467
-0.744691
0.517404
0.511436
-1.46553
1.30077
-0.146285
0.115016
-0.578809
-0.200122
-0.282617
-0.0387494
0.22928
1.27861
0.751054
0.572296
0.418627
-0.556155
0.871079
5.94104
-0.814354
-0.83449
2.16481
0.530441
2.14975
-0.554034
-0.342241
0.670913
-0.74703
-0.426689
-1.83828
-1.89834
-2.28307
-0.280816
0.0801953
1.72075
1.40235
1.40507
-0.866814
1.67231
0.211848
1.28821
-1.66042
1.24771
-1.24566
2.05088
-0.423802
-0.518612
-0.473204
0.517695
-3.29468
-0.336327
0.644518
-1.32217
1.07542
-0.636415
0.220365
-0.713081
-0.880405
-0.295018
-1.34366
-1.93316
0.0474762
0.191418
-0.248518
-0.292672
-0.0346107
0.60383
1.8777
0.316857
-0.235289
-0.25638
-0.369124
0.914038
0.29667
-0.124128
-2.29217
1.45713
-0.403656
1.38192
0.522117
0.0385177
-0.771447
0.870388
-2.16242
-1.2267
-0.490626
0.253919
-0.732948
-0.782376
0.112256
1.37913
-0.552127
-0.95056
-0.713881
0.186456
1.07501
0.365498
0.317429
0.237424
-1.06875
-0.521495
-1.20925
2.44737
1.50229
0.0885661
-0.604888
1.43127
-0.765469
-0.293355
-0.310365
0.48566
-1.75393
-0.478139
-0.188315
-0.450822
-0.347655
0.438647
-0.503915
-0.407535
-1.08934
0.623715
0.820285
-1.35088
2.0542
-0.329244
-0.0623953
-0.688783
-2.66794
0.221087
0.506323
0.544486
-0.7857
-1.47612
-0.275612
0.811299
-0.0150809
-0.605745
-0.973697
-0.762521
-1.63192
-1.03789
0.60213
1.9393
0.426276
-1.70303
-1.64538
1.7979
0.191122
2.72077
2.28688
1.83112
1.31212
-1.00558
0.12939
-1.90266
-0.0262823
1.27164
1.66951
1.40568
0.213492
1.46397
2.51557
-0.917331
1.16452
1.21408
-0.271429
-1.19695
-0.454762
1.43994
1.36214
1.20038
0.782358
-1.01631
-0.682968
0.709946
-0.48519
0.784841
-1.10295
0.199351
-0.263968
-0.635636
1.3288
1.09346
0.59058
0.0314492
-0.886003
-0.568136
0.529085
-0.101443
-2.26286
-0.943274
0.274395
0.125237
-0.000605871
-0.566246
-0.49964
0.526244
1.28871
1.24215
-0.956355
1.20702
0.361061
-1.442
-1.78006
-0.546442
-0.378108
0.635364
-0.244273
-0.750508
0.250506
-0.235502
-0.737051
-0.695162
-0.0760303
-0.990668
0.432357
-0.878923
0.784281
-0.020178
-1.07458
0.18452
0.588762
-0.44481
-0.421979
-0.0228154
0.112279
0.212179
-0.870881
1.0821
0.855868
0.55398
-1.16412
1.38021
-0.193757
-1.82957
-0.18811
1.13339
-0.215933
-1.70987
-0.687449
-1.12127
-1.55949
-0.430767
1.4495
-2.27839
-2.5559
1.51595
1.00336
-0.0400552
1.87796
-1.795
-0.817489
-1.65974
0.34436
-0.334786
-1.39499
-1.1051
-2.24123
0.460019
-0.621828
0.602714
0.361111
0.78851
-0.605277
-0.0963056
-0.945977
1.61322
0.0301362
1.36833
-0.319631
1.93536
0.192975
1.50329
1.34465
1.11882
1.39887
-0.36479
-0.605524
0.206809
0.121876
2.32304
1.08479
-1.81229
1.43024
0.436099
-0.421616
-0.293792
-1.44064
1.45188
-1.63981
0.148396
-0.3079
-1.3529
-0.643227
1.52923
0.146352
1.97825
-0.130606
0.200698
0.419289
-0.978604
1.67554
1.52562
0.385143
-1.02985
-0.429637
1.17773
-1.56558
-0.867748
-0.762575
-0.812065
1.07622
-0.58232
-1.94907
-0.116137
0.142657
-0.897544
0.530474
-1.0127
-1.30057
2.08292
-0.8335
-0.582944
-3.36062
1.49209
0.470439
-0.520768
-1.4747
0.38835
-1.47623
1.01982
-1.86521
-0.44926
1.82226
-0.117402
1.86431
0.232192
0.0987983
0.246393
2.42362
-1.45224
0.262064
0.850112
0.912007
-0.0284535
-2.29095
1.34377
1.52684
-0.945135
-0.00588243
2.24648
-1.64731
0.752386
1.01545
1.15682
-0.37857
-1.3415
-1.81158
-0.227996
1.70606
-0.744189
0.480026
-0.681659
-0.283719
0.719302
-1.39353
-3.72462
1.18543
-0.670386
-1.73675
0.787271
-1.82626
0.202437
-1.56417
-0.197805
-2.07153
0.325048
2.07567
-0.265345
0.511668
1.18262
-1.63344
-0.456552
-0.305253
0.637627
-0.312153
0.675867
1.57062
-1.13201
-0.417935
0.234854
-0.259268
0.794058
-0.101549
0.621689
1.95619
1.28552
-0.606251
-0.257896
-0.0677148
-1.82188
0.781998
0.715298
1.6894
1.97555
-0.843402
0.808871
-0.821633
0.788751
-0.678863
2.26256
-0.825454
0.398774
0.090901
-0.0308933
-0.452176
-0.248164
0.0642022
-0.0331889
0.6318
-0.0242755
-0.277252
-2.28084
-0.693426
-0.444426
-0.195349
1.09089
0.309906
-0.0370556
1.48927
0.476989
-0.275506
0.535981
-0.205506
0.0185879
3.04124
0.264359
0.679486
-0.0288308
-0.225143
0.294409
2.03414
-1.21031
-1.13599
-0.716712
-0.49876
0.852468
0.895946
1.32755
-0.109272
-0.132368
0.0899553
-2.28137
0.806325
0.504696
0.250385
-1.88442
1.72685
-0.381957
1.31924
-1.36221
0.767842
-1.44177
0.714911
-0.469742
-0.00477725
-0.455587
-1.04705
0.455923
2.97845
-0.803555
0.82481
0.166684
-1.11845
0.805704
-0.592766
-0.170752
-1.95011
1.15857
-1.30209
-2.24659
-1.44281
1.58895
0.793634
-0.78839
-0.457346
-0.769006
-0.24308
-1.59682
0.0121377
-1.23866
-0.683599
0.757512
-0.122644
0.796491
-0.434
3.13198
1.20297
-0.385048
-0.27949
-0.718825
-1.96592
-1.52382
-0.335091
-1.49136
0.134467
-0.944812
-1.36053
-2.6677
-0.799953
-1.12952
-1.27187
-0.793253
-0.80986
-1.75926
0.690041
1.26355
-1.40133
-1.92363
-0.135173
1.80096
-2.1767
1.6037
-0.634074
-1.87934
-0.0203252
-1.37671
0.776414
-0.347524
-0.342872
2.46578
1.25927
-0.172663
0.901203
-0.159838
0.126222
-0.0389339
1.56212
0.182498
0.123146
1.24211
1.46694
-1.11477
0.699184
-1.24694
-0.252952
-0.311353
-1.95763
1.03885
-0.215402
-1.36411
1.24406
-0.154924
1.17689
-0.864484
0.689398
1.46307
-0.778398
-1.99709
0.519256
-1.08246
0.987649
0.684442
-0.643395
-0.333424
0.546281
1.20692
2.96242
-0.98319
1.28189
-0.331275
-0.821857
0.719599
-0.844602
2.06188
0.97983
0.555216
1.71234
0.180646
-0.474834
0.699815
0.540373
1.64204
1.74862
-0.310883
0.829235
0.115872
0.90915
0.179207
-1.36337
-1.17406
-0.507889
-1.94656
0.266719
2.14535
0.624569
-0.141779
-1.83877
-0.787491
0.305894
0.461755
2.16033
1.65567
-1.44376
0.194173
-2.18432
2.43726
-1.53928
-0.232959
-0.301243
1.02755
-1.01229
-1.09704
-0.253213
0.195266
-0.633094
-0.54601
0.759118
-0.174753
-0.889978
0.332844
-0.793862
1.95217
-1.93934
-1.39838
-0.686921
-0.08636
-0.945982
0.13631
-0.459082
-1.68462
-1.77796
1.16135
0.675455
1.52439
-0.626797
-0.290622
1.07953
1.00259
-0.220067
-1.25253
0.746179
-1.76847
0.711441
-0.59985
2.30088
-0.928189
0.632469
-1.20317
1.65179
-0.04716
1.62503
-0.10353
-0.519304
1.55938
-0.520403
-1.89102
-3.68338
-0.957426
-0.630718
-1.09421
-0.225034
0.611728
2.39423
0.476162
0.850819
-2.24268
-0.771661
-0.4999
-0.639771
1.98324
-0.563534
1.04103
0.411089
0.169519
-0.0366532
1.0368
1.32759
1.00394
1.0727
-1.20646
-0.354239
-3.24802
-1.99415
-0.810707
0.126336
0.364002
-0.450987
1.59868
-0.86632
-0.507716
1.1126
-0.925543
0.299049
0.747113
-0.425522
1.55516
0.738649
-1.17238
-0.959124
-0.798917
-0.625793
-1.09368
-1.30215
1.77207
0.130192
-1.13535
1.52075
0.0533254
0.478239
-0.0676842
1.45451
-1.57209
2.00945
0.836139
-0.656697
0.984165
2.19051
-0.711753
-0.278349
1.08789
1.48291
-0.43606
-0.680672
-1.60211
-0.41356
-1.31496
-1.96868
-1.15078
-0.523153
-0.345243
-0.603342
-1.205
-0.366989
-0.936651
-0.920179
0.21705
-0.485899
0.756276
-0.83732
-0.411524
-0.341283
0.224998
-0.678648
0.868303
-0.525647
0.92865
-1.62385
-1.96397
-0.951263
-2.038
0.246146
1.34896
-2.07007
1.12536
-0.643423
1.11028
0.848048
-1.44143
-0.631553
0.805854
-0.313875
0.0370401
2.00769
-1.06138
0.938801
0.716147
-0.889835
0.152862
1.8793
-0.230669
0.158306
-0.195901
0.384669
-1.66988
-1.878
-0.251652
-0.596089
0.210226
0.150076
-1.35727
-0.722582
1.70586
0.642903
2.48443
0.512564
0.950637
-0.302514
0.341629
1.11874
3.64905
-0.823826
0.556253
-0.0536024
0.0159948
1.82813
-1.49595
-1.7914
-1.40862
1.35838
-2.39036
1.34971
-0.561739
-0.0614915
-1.43224
-0.546605
-0.369312
-0.53436
1.7338
0.023499
-0.26607
-0.289219
1.90425
1.97117
1.50756
-0.900225
1.00398
1.59852
-1.62873
0.239303
0.969538
0.236361
1.19075
-0.639997
-0.502802
-0.73501
1.31533
-0.62387
-0.313148
0.891398
-0.623832
1.20599
-0.0186684
-0.900299
0.80559
-1.19834
-0.196126
-0.718844
-1.01169
-2.22416
0.775249
0.933729
-1.01711
0.61674
0.634932
-0.811358
0.410167
0.149457
-1.70797
-0.80353
1.17823
0.592245
-1.10004
-2.43899
2.19288
2.47804
1.09272
0.142651
1.74515
-1.76147
1.92174
0.0715385
-0.531348
-0.219263
0.768814
1.84232
1.00939
0.464646
-0.250373
0.785719
-0.205184
-1.55067
-0.335508
0.414995
1.6526
0.260441
1.82633
-1.37569
0.425866
0.702406
0.18424
-0.137307
1.9508
-0.519224
-0.772734
-1.17052
0.503104
-0.477564
0.419926
1.43681
-1.35403
-0.403538
0.987212
1.0807
-0.344857
1.02026
0.0498135
-0.536639
-0.729404
0.775144
0.425284
-1.17839
0.989195
-0.561559
0.138098
-0.633688
-1.56637
1.92775
1.13974
-2.00802
-0.610562
0.711834
0.451724
1.45882
-0.573021
-0.656121
1.14272
0.32508
0.0190632
0.044651
0.0808236
-0.415929
0.201348
-0.134918
1.46592
0.218813
1.11725
1.06739
0.738598
-0.323123
-0.26972
-1.28815
0.896694
0.766323
1.47092
-0.0857519
-0.212794
0.3043
0.834631
0.765706
0.451194
0.0456705
0.00714664
-0.0595736
-0.897631
-0.878038
1.08002
1.18274
1.73
2.44214
-0.224389
0.134134
-0.157534
-0.191263
-1.18664
0.627743
0.648776
0.317475
0.858995
-0.396128
-0.694561
-1.33301
0.535602
-1.19867
0.305045
0.949035
-0.223158
0.85618
-0.0100034
1.62613
-0.379944
-0.71731
1.15643
-0.724732
1.66303
-0.818155
0.755228
-1.16314
-0.0282232
-0.730349
-2.10374
1.2364
0.796336
-0.878401
-0.719048
1.47558
-0.0360534
-0.577939
0.629939
2.49209
-2.49625
-0.25766
-0.460044
-2.28241
-0.12853
1.13826
-2.11992
-0.087005
-1.08836
-0.176918
-0.795539
0.213195
-0.107098
0.183631
-0.285873
-1.20187
1.86091
0.712149
2.09651
-0.99644
1.22706
-3.59426
-0.071831
0.171053
-1.48568
-0.395624
0.909771
0.163278
-2.00855
0.0274548
0.1502
-0.353159
1.39967
-1.47656
-1.09537
-0.555961
1.11123
0.873439
-0.544218
0.205096
0.722784
1.01792
-1.01842
-2.18527
-1.59443
0.127754
-0.674706
-0.0221313
0.299248
-0.571121
0.303232
-0.337217
0.721548
-0.931578
-2.103
0.147658
1.48433
-0.205426
-1.1904
1.12556
0.996252
1.11848
2.09291
-0.624899
-0.186925
0.557848
-0.496901
0.680219
-1.81582
-0.364974
0.545972
0.512378
-1.60616
-0.162415
-1.10719
-1.28333
-0.236825
-1.18158
-1.74203
0.887912
0.515014
-2.06698
-1.03282
0.679895
-1.00552
0.28583
1.6111
1.62337
0.513034
-0.0435631
-0.220995
0.636447
0.391183
0.256216
1.77248
2.05725
1.03575
1.41456
-0.258101
-0.438221
-0.554305
1.23948
0.0434099
-1.06205
-0.328226
0.0413672
1.62319
-1.52025
-0.801438
-0.107423
-0.141418
-2.26296
-1.32224
1.45244
-0.564048
-0.67933
-1.16028
1.73394
0.384184
1.47368
-1.95339
0.0573408
-0.596438
0.0753915
-0.308095
-1.67903
-0.226955
0.966077
-0.760535
-0.75143
0.573134
-0.192056
1.26128
1.38236
0.947039
-0.467054
0.219637
0.240818
-0.114048
3.34001
-0.241057
-1.30456
-0.842973
-1.03161
0.891522
0.218304
3.20884
0.195139
1.45144
-0.421968
1.48592
0.700077
0.904314
0.286788
-0.00769215
-0.478334
1.66219
3.07581
0.842401
0.447495
3.2404
-1.25011
0.32467
0.380565
0.241698
-0.0855073
0.996509
0.381032
0.00293738
-1.25822
0.379008
-1.23601
-1.01219
-0.144338
0.565448
-0.171653
-1.70287
-0.977454
-0.616371
