-0.142432
0.359659
0.757108
1.02215
0.376049
-0.0165124
0.00785688
0.335509
0.220497
-0.0740927
-0.495097
-0.252772
0.386698
-0.486515
-0.338908
-0.124951
-0.461723
-0.625406
-1.61806
0.25059
0.254705
1.32842
-0.839644
-0.737502
0.391518
-0.326375
-0.705721
-0.433585
0.649217
1.24151
0.615828
-0.302174
1.25081
-0.148631
-0.906412
0.654373
-0.230807
-0.608195
-1.58298
0.90644
-0.315313
1.12506
0.402415
-0.346226
-0.739061
-0.0700669
0.294861
-0.909226
0.0482814
0.618789
-0.311836
-1.37567
1.08206
0.39123
0.383928
0.93028
-0.373283
0.0934726
-1.30155
-1.13677
-0.237732
-0.0143359
0.579651
2.6703
-1.07095
-0.138036
0.722432
-0.529938
1.23226
-0.587071
0.720127
0.731816
-0.920583
0.617062
0.491825
-0.93475
-0.208528
0.157244
-0.261088
0.133351
-2.28852
-0.474162
0.385749
0.369158
0.868977
-0.877294
0.614073
1.88084
-0.351836
1.25018
-0.801032
0.818749
-1.13526
-0.300778
-1.23143
0.626171
-1.02804
-0.252007
0.161092
0.705897
0.893522
-0.918213
-0.624107
0.00870081
0.932099
0.723927
0.3233
-1.00324
0.49926
0.826291
-0.0739923
-1.00784
-0.632431
-0.543899
0.0525557
0.0742552
1.30436
-0.758088
-0.235091
0.993825
0.218101
0.399647
-1.44613
0.161937
-0.892861
0.0252396
-0.186455
1.2338
0.134109
0.33032
-1.34068
-0.879384
0.940198
-0.564489
0.227677
2.34043
-1.75683
0.000843694
-0.123385
0.363301
0.319505
0.465563
-0.564874
-0.686393
0.285298
-0.734455
0.636634
-1.09945
-1.25669
-0.208719
1.6739
-0.651154
-1.51033
0.804163
-1.54466
0.470401
-0.790026
0.867579
-0.448398
-1.19411
-0.657585
1.02096
-0.324455
0.0527095
0.364862
-0.166541
0.0742291
-0.685486
-0.907537
0.668765
0.146706
0.0190609
0.88738
0.227399
-0.762744
0.00240912
-0.399049
0.296722
0.173352
0.154793
-1.23696
1.88297
0.739308
-0.255544
-0.133689
0.960607
-1.51094
-0.0720489
0.200006
0.408122
0.579276
0.460662
0.514066
-0.517788
0.390636
0.133824
-0.486454
0.654811
-0.876423
0.987841
-0.938603
1.31178
0.209913
0.269824
0.672695
1.26496
-0.679728
-0.588504
0.366606
1.39093
0.324688
-0.573965
-0.467779
-0.257551
-1.54286
-0.384172
-0.380322
0.577656
0.778309
-0.0999754
0.790567
-2.53555
1.92318
0.487352
-0.892641
-0.139644
-1.10301
-0.676435
0.750408
-0.278614
1.56341
1.45792
-0.628029
-1.05415
-0.580475
-1.56925
-0.180151
-1.88023
-0.346212
0.17395
-1.10864
-0.121705
-0.423824
0.67781
-0.156383
-0.94946
-0.183887
-0.05031
0.00624378
-0.461187
0.95246
-0.119514
-0.778695
0.85003
0.307772
1.21231
0.771542
-0.207188
0.450694
-0.951647
0.471026
0.291683
1.08427
-0.172863
-0.0304944
1.33817
-0.656999
-0.776666
-0.063688
-0.39935
-2.22192
-0.234269
0.809312
0.686877
0.730626
1.00658
0.649275
0.974413
0.809027
-0.214264
1.5933
0.333338
-0.694914
-0.852629
0.806616
-0.381369
-1.2424
-0.136187
0.309313
0.665574
-0.196275
0.118864
0.978999
0.235036
-1.81008
0.830132
-1.59402
-2.05731
-1.20324
-1.56245
-0.74879
-0.0197238
-1.31508
-0.885484
1.31046
1.00411
-0.735751
0.25644
0.646047
0.499858
0.860419
-1.15559
0.855207
-0.801164
0.260911
-0.800198
2.39114
-1.04525
0.556993
-0.596606
-0.527527
-0.326253
-0.705675
-0.640044
0.908013
0.0684711
1.1218
-1.36405
-0.0642963
-0.00144439
-0.320764
0.517673
-0.500274
1.08407
-0.00773899
-0.36066
-1.67472
-0.0992436
0.276897
-0.190906
0.821399
-0.217923
-1.01045
-0.390948
1.0281
-0.60813
0.845621
1.3053
-0.236468
-0.545368
-0.223048
1.26593
-1.03427
0.0535334
-1.15029
0.598487
0.927992
-0.268473
-0.419755
1.3185
-0.519533
-0.0730603
0.551792
1.02257
-0.176533
-0.46127
1.03224
0.349978
-2.20355
0.441028
-0.114567
-0.623871
-1.13214
-0.288269
-1.07245
0.626625
-1.92584
-1.00429
-0.0868843
0.787617
-1.30267
-0.547067
-0.146403
0.731463
-0.215039
-0.535305
-0.239452
-0.117774
1.39062
-0.625681
1.7958
-0.180964
-0.296279
0.606374
-0.100365
0.150257
0.00928962
0.360314
-0.346738
0.563175
0.850342
0.4541
0.717656
0.692698
-0.378819
-1.10523
-0.587943
-1.08355
-0.624322
0.963091
0.584659
-0.487117
1.22863
-0.526946
0.62394
-0.56118
-0.513249
0.422846
0.746933
-0.228519
-1.44987
0.846166
-0.389553
-0.983187
0.775401
-0.384564
-0.753005
-0.0788134
0.270917
1.32628
1.89363
0.103679
1.26553
-0.169361
0.103626
-0.946711
1.49107
-0.470132
-0.24425
0.511391
0.233725
0.725435
-0.245235
-1.26966
1.02851
-0.489734
0.639821
0.17446
-0.632005
0.419487
-1.77881
-0.952179
-0.707111
1.21982
-0.682135
-1.56458
0.807426
0.416801
0.0966333
-0.434143
0.225442
0.219767
-0.16449
-0.809795
0.882088
0.238056
0.444328
-0.184317
-1.92078
-0.909116
-0.413432
-0.26516
-0.689465
-0.48789
-0.695699
0.645784
0.320022
1.5454
0.0731673
0.723117
-0.161524
-0.308355
-0.23976
-0.120115
-0.223182
0.693104
1.25446
0.471373
0.219074
-1.07439
0.688602
1.01271
-0.687769
-0.265823
-0.215676
0.355934
0.120642
-0.869127
-0.422634
-0.340083
0.26545
-0.0335569
-0.276876
1.27597
-0.698864
0.294147
0.206529
-0.159685
-0.419178
-0.156115
-0.355169
0.210215
-0.627266
-0.3024
0.658403
-0.385082
0.199665
-0.343395
0.236474
-0.528099
-0.659933
-1.15288
-1.13349
-0.23611
0.0590394
0.0139374
-0.715524
-0.518956
0.933377
0.207376
-1.40063
0.531934
-0.617741
1.45201
0.0162657
0.0351567
0.153994
2.59184
0.890169
-0.0637711
0.424396
0.30101
0.273093
0.553322
1.19311
0.188629
-0.916988
-0.490778
-1.4484
0.156499
0.341064
0.877567
0.848494
-0.525714
0.58134
0.703245
0.368824
0.927826
-0.563474
0.675814
-0.502823
0.404862
1.32324
0.0161929
-1.46563
0.0650948
-1.43072
-1.33955
0.460714
-0.864754
-1.30614
-0.129947
-0.0897587
0.144702
0.0208569
-0.0455035
-1.16174
1.08905
-0.564532
-0.177176
-0.894543
-0.375177
1.12098
0.157057
-0.208406
-1.5607
1.37564
0.580491
0.677536
0.582797
0.444507
-0.101941
-0.401544
-0.742869
0.531394
1.01073
-0.717978
-0.572006
-0.270199
0.793973
0.0411124
-0.690786
-0.180041
0.674949
-0.868179
0.454739
0.420291
0.317637
-0.393085
-0.36562
-1.45172
-0.132903
1.62291
0.321
0.986218
-1.31262
0.653889
-1.42604
-0.0386401
-0.152714
-1.9162
-0.0836176
-0.22338
0.0600618
-0.60338
0.463183
0.641945
1.7066
1.17449
-1.02888
-0.626434
1.12037
0.825386
0.272706
-0.331765
-1.42904
-1.37804
0.895431
0.383463
1.45894
-0.391416
0.404388
-0.826547
-0.705794
0.512838
-0.441348
1.53376
-0.800624
0.594316
-0.426859
0.20855
-0.096304
-0.564261
1.83599
0.189092
0.10638
1.07673
-0.828159
0.324618
0.778468
1.01907
-1.04546
0.387158
2.29772
0.233186
-1.76481
-0.539868
-0.0470414
0.463033
-0.40212
0.582089
-0.462496
-0.0339178
-0.207722
0.207266
0.350797
0.0916093
1.0999
0.0635438
0.123548
-0.89154
0.348568
0.92203
-0.86316
1.16149
0.606866
-0.782034
-0.302384
-0.48759
-0.840193
1.0209
0.689813
-0.621317
0.27228
-1.43236
-0.570136
-0.130853
-0.0858112
0.466549
-1.11922
-0.0906744
0.16406
-0.545585
-0.233416
0.726642
1.72796
1.02573
-0.2678
0.479845
-0.0805634
-0.184234
0.991056
-0.563649
-1.2847
-1.76108
0.863252
-0.0181111
0.619009
0.580232
-0.560865
-0.304346
-0.00308684
-0.24004
-0.284472
0.169288
-0.225947
-0.590061
-0.189608
-0.5747
-0.888849
0.359309
1.00961
-1.47332
-1.38989
-0.260282
1.38524
-0.272662
0.427893
0.22376
-0.540478
-0.92336
-0.34217
-0.864413
-1.01325
1.05977
-0.545747
-1.28197
0.627494
-1.05243
1.27739
-0.487773
1.46832
-0.0963147
0.612263
0.472226
1.47564
-0.571057
0.596335
0.494321
-1.23935
-1.22759
1.52049
2.16287
1.92658
0.167006
0.108016
0.073291
-0.00922893
1.64959
1.99849
0.300971
-0.189699
0.602658
1.04947
-0.420248
1.15942
0.91163
2.01438
-0.862674
1.0544
-2.02243
1.3294
1.10902
0.504186
0.559851
0.0821574
0.447736
0.384795
-0.726233
-1.93664
0.54593
-0.933932
0.546809
0.187144
1.36881
-0.950414
0.542034
-0.525588
0.998959
1.36835
-0.463931
-0.412226
-0.198164
0.530325
-0.474387
0.693215
-0.652313
-0.308887
0.479427
0.834869
0.381108
-0.76223
-0.334732
0.871684
-0.157846
-1.44922
0.819733
0.190777
-0.687668
0.98864
-0.867354
-0.983041
-1.31109
0.986287
-1.41451
0.882156
0.316893
1.76449
-0.518035
0.0358884
-0.843841
0.300781
0.539494
-1.24359
-0.868918
-0.219607
0.151989
0.0720655
-0.0740699
-1.1471
-1.21672
0.0720325
-1.02246
0.901671
-0.654467
1.12836
-0.818944
-0.306683
-0.703507
-0.242483
-0.0541377
0.83423
-0.78217
-0.976413
-0.554116
-0.400323
1.43778
0.180638
-0.168897
-0.310793
0.552694
0.385507
-0.317507
0.226625
0.0772481
0.960118
-0.0867592
-1.21102
0.0224314
-1.39844
0.595056
-0.00887897
-0.403528
2.21494
0.72778
-0.0119855
-0.474807
-0.343873
0.206901
1.85969
-0.123008
-0.328402
-1.26625
-0.0173955
1.45676
0.963358
-0.382517
-0.916516
-1.50313
0.668363
-0.849713
0.542102
-0.107808
-0.688443
-0.472305
0.704481
0.297639
-1.3823
-0.263118
-0.706331
0.543013
-0.963097
0.355244
1.22331
1.19427
0.272451
0.0786409
-1.20698
1.22269
1.04455
-0.729624
-0.079063
1.00923
1.31036
-0.301527
0.080789
0.175649
0.0345172
-0.72657
-0.31096
-0.277435
-1.355
-0.193164
1.19197
-0.241015
1.00987
0.911582
-1.19339
-1.22183
0.227995
2.25016
-0.0036477
0.9507
0.106805
0.437501
-1.1886
-1.15001
-0.854322
-0.134947
-1.01619
-0.725987
-0.649478
-0.468701
0.329381
0.595377
-0.825919
-1.40796
-0.0650214
-0.663189
0.0646143
0.264247
0.0320738
1.26582
-0.185623
0.021651
0.630883
0.898173
1.2792
-0.0134768
0.547986
-0.0437088
0.677394
0.27975
0.814866
-1.38739
-0.0445796
0.745055
-0.571101
-0.171749
0.63195
0.472007
-0.374123
0.153344
0.0626577
0.48954
-1.66938
-0.308968
-0.387755
0.0806191
-0.124088
-0.815567
-0.568595
0.88226
0.428426
0.266847
0.542728
0.00688544
-1.01688
0.131623
-1.11453
0.103853
-0.850489
-0.0218073
-0.0850426
-0.871984
0.752953
1.72275
0.133469
0.180396
0.352032
0.5027
0.237013
-0.112596
-0.508208
0.858939
0.322079
-0.513244
1.57709
0.593241
0.493885
-0.0500269
0.905665
-0.0695129
-0.413099
1.67704
1.14232
0.0908512
-0.182858
-0.318588
-0.309555
0.065021
-0.078287
-0.33696
0.522632
0.408478
-0.5481
0.0105431
1.15131
-1.09926
-0.822906
-0.536524
0.260676
0.540903
-0.963577
-0.642115
-0.428719
0.553616
0.522462
-0.0596614
-0.580311
0.204461
-0.303933
-1.39003
2.1965
-0.134968
-1.4182
1.13761
0.820219
-0.348001
0.389949
0.142081
-0.0926897
0.723818
-1.08961
0.0506073
-0.587608
-0.455419
-1.23568
-0.822512
-1.36315
-0.029135
0.333028
0.646102
-0.0995337
-0.0937066
-0.0886744
0.740407
-1.13474
1.05329
1.24817
-0.763274
0.647956
0.723106
-0.991885
0.262595
-0.400348
0.859259
0.918904
0.77849
0.319524
0.433058
0.678733
0.441628
0.422084
0.579129
1.07851
0.045069
1.11786
0.485447
-0.589331
0.385995
0.267966
-1.36258
0.655856
-0.215326
-1.14354
-1.28063
0.458114
0.203839
0.321084
-0.598531
0.233143
0.0636325
0.742733
-1.2553
0.515116
-0.73238
0.365915
-1.08721
-1.11843
-0.884518
1.12179
-0.132308
-0.601479
-0.303994
0.128306
-0.474508
-1.55763
0.176377
-0.0194561
-1.51683
-0.0472141
1.6588
-0.595698
-0.0238019
0.0981805
1.32759
0.110509
2.22166
0.420643
-0.20458
1.95519
0.384896
0.825905
0.131582
0.281114
-0.43286
1.00565
1.40375
-0.929955
0.743028
1.88146
-0.334356
-0.631678
-0.0675509
-1.00348
-0.594314
-1.26722
-1.25014
-0.931029
-1.26306
0.556633
0.99429
-1.18666
-1.67517
0.0436635
0.950244
-0.698322
1.06823
1.22801
-0.306889
0.604924
-0.418441
1.03377
0.355066
-1.44679
-0.649503
0.667865
-0.769085
-1.31449
1.2929
0.405267
-0.488148
-0.124178
0.159527
0.63958
1.32656
-0.441616
1.13664
-0.206695
0.224483
0.494898
1.71672
0.820515
0.553453
-0.701895
1.27651
0.770423
0.758992
0.255367
0.938862
-0.158947
0.463199
0.031961
-0.949985
0.143978
-0.534482
-0.680354
-0.487477
-0.509978
0.0886408
0.564497
0.720299
-0.464635
-1.29373
0.240643
-0.223925
-0.50596
0.169712
-0.105596
-0.53562
0.91235
-0.647161
1.05406
0.445637
0.893915
-0.847381
-0.887288
0.351149
-0.0560236
-0.966298
0.624135
0.207931
-0.332088
1.5068
-1.00194
0.628005
0.301997
0.796716
0.195656
0.463992
0.432122
0.992982
0.300247
1.16562
0.451866
-1.09093
-0.275314
0.726094
-0.371662
-0.327631
-1.16035
-0.0111758
-0.304395
1.39946
0.608499
1.32553
-1.34712
0.252686
1.12216
-0.674124
0.740939
-2.42786
0.679737
-0.362669
-0.502047
0.708583
0.792219
-1.43106
-0.948015
-1.1018
0.279308
-1.16881
1.05344
0.917768
0.191145
1.3505
0.0881587
-1.63624
0.646283
-0.268737
0.450197
0.978212
0.589781
-0.0107026
0.309488
0.32627
-0.134793
0.619195
-0.644291
-1.21684
-0.469667
0.947313
0.619811
0.384229
0.00508264
0.875761
0.227382
0.180178
-0.879479
-1.23006
-0.797783
0.526389
-0.0111733
-0.192815
0.96161
1.09071
0.994803
-0.358884
0.543042
0.423086
1.51969
-0.0600573
0.436339
0.871043
1.71508
-0.0691599
-0.510336
-0.221386
-0.29628
0.128912
-0.293576
-1.34966
0.985489
0.915923
0.377326
0.493941
-1.08448
-1.21291
1.01326
-0.0375498
0.529828
0.644019
0.319882
-0.893557
0.519773
-0.211983
0.0697419
-0.351082
-0.110027
0.574593
1.02149
1.2455
0.00152419
-1.04087
0.699418
-0.359369
0.947256
-0.279781
-0.86591
-0.137115
-0.0782065
0.472556
0.134081
1.55844
-0.710706
-1.29889
0.980417
0.392402
-1.3516
0.378385
-1.28825
0.0529305
0.135655
0.737183
0.500731
-0.591677
-0.556656
-0.59983
-0.90171
-0.0365061
-0.200018
0.147508
-0.136344
0.0722548
0.637223
-0.198215
0.952764
0.238626
1.7603
-0.9365
1.06708
0.159203
-0.381709
1.00656
-0.172131
0.722123
-0.190729
-0.475214
0.138193
-0.301702
0.605581
0.437916
0.764779
-0.644802
0.931779
-0.227957
0.524581
-0.772598
-0.280857
0.65458
-0.0116205
1.26048
0.310615
-0.167345
-0.99266
2.00083
0.261181
0.52891
0.06277
0.550507
-1.24645
0.333636
0.392122
-0.0261121
-1.02943
0.00264649
0.237146
1.08144
-0.2695
0.276623
0.505876
-0.748186
1.53055
0.904
-0.363244
0.764544
0.172159
-0.58689
0.333752
-0.528029
0.878199
-0.0348326
-0.303534
-0.930587
0.518423
0.163772
-0.468114
-1.04258
-1.11627
-1.60258
-0.149233
-0.489089
1.0735
1.11078
-0.336215
0.70719
-0.759558
-0.819219
-1.15739
-1.60016
0.97182
-0.106896
0.283176
-0.481749
0.643265
-1.26636
1.20473
-0.417421
-0.0287521
0.039204
1.20016
-0.538496
-0.439184
-0.0743932
0.133106
0.341754
-0.319843
1.22742
1.20979
-0.565625
0.23621
0.741055
0.517132
1.01051
0.419648
-0.237342
1.47765
1.26591
0.025698
1.38162
-1.56557
-0.31448
-1.3485
0.246835
1.00389
-0.0634361
-0.521396
0.213422
0.572851
0.771373
-0.710723
0.842529
-0.495304
0.640073
0.588052
-0.490744
0.953796
-0.575956
-0.958308
0.39726
-0.446664
-0.326717
-0.0766709
0.632126
-0.126222
-0.0213412
-0.110368
1.57102
0.598723
1.50337
-2.23222
-0.713615
0.01914
0.0847048
1.04198
0.882213
-0.385463
0.0161906
-0.181521
-0.581177
0.0804016
0.249314
0.166522
-0.182664
0.542909
0.781256
-0.234897
0.839372
-0.86684
-0.25001
-1.02786
-1.00671
-1.39713
1.87681
-0.478592
0.0423221
1.53228
0.0176075
0.498267
0.892225
-0.525255
-1.56421
-0.340575
-0.525821
-0.767962
-0.198239
0.10887
1.01776
-0.380367
-1.58525
0.217536
-0.517686
2.48239
0.878885
-1.12379
-0.0109724
0.550411
0.265263
-0.514954
-0.337509
0.335748
-1.00119
-0.0716021
0.210825
-1.54963
-0.573109
-0.202834
0.286533
0.189162
-0.535781
1.74672
-2.17398
1.14955
-0.672378
0.109351
0.704048
-1.10113
-1.03626
1.25214
0.0545727
0.73255
0.111143
0.187046
-0.396964
1.25991
0.0126518
0.210221
0.795401
-0.59029
-0.231861
-0.487212
1.16198
0.856129
1.73224
1.14891
1.31475
-0.0636878
0.140525
-1.16884
1.1058
0.406753
0.344238
0.596397
0.471255
1.28873
0.291904
-1.58359
0.331347
0.442764
0.859937
0.0693127
0.22114
-0.470708
1.83423
-0.501663
0.265114
0.0748758
-1.04501
0.243974
-0.0658152
-0.296695
0.187323
-1.50991
-1.22754
-0.470673
0.112662
-0.530758
-0.651896
0.122349
-1.23843
0.875107
0.00333239
0.965458
0.322334
-0.0161054
0.259276
0.00286796
-0.316913
-0.708124
0.615708
-0.598253
-0.211839
-0.0319953
-0.897441
1.11261
0.540092
-0.0799755
0.799513
0.433266
0.69012
0.191969
-0.645367
0.567996
-0.990893
0.258069
0.719024
0.192366
-0.205983
1.03939
-0.755491
-1.47898
0.219038
0.104399
-0.834431
-0.589306
0.775672
-1.1734
-1.12953
-0.630466
1.3063
-0.337312
0.612653
0.906605
-0.0250647
-1.04678
0.694642
-1.25735
0.83533
0.0474367
0.823464
-0.553645
-0.652189
0.428376
-0.271704
-0.173673
-0.693815
0.0735471
-0.499283
0.0970266
0.117589
0.18313
0.332819
1.3323
-0.757408
0.703565
0.21328
-2.36603
-0.689311
-0.00397645
1.16383
0.648203
1.1259
1.77307
-1.55638
1.17129
-1.08452
-0.210233
-1.53318
-0.163557
0.441175
-0.905529
0.134969
-1.06238
-0.48394
0.9388
2.39298
-0.249844
-0.585676
-0.4111
0.337153
-0.685428
1.79812
1.36705
-1.01758
-0.0738595
0.126837
-0.0351031
-0.776154
0.349582
-1.55838
-0.259665
-0.532041
1.79375
0.57875
0.0553488
0.264109
0.366333
-1.36844
-1.48492
0.285052
-0.431451
0.0740585
-0.177436
-1.01949
-0.485343
-0.353284
0.0974777
0.147074
-0.950037
-0.753231
1.17812
0.066679
-1.57805
0.205629
0.344674
1.06765
1.86738
-0.436036
-0.386977
0.568692
0.303822
0.382407
0.269632
-0.395667
-2.1413
1.08065
0.337391
-0.628095
0.457425
-0.579413
-0.288733
-1.47396
0.315274
0.328971
0.499866
-0.113176
0.761547
-0.452544
0.651339
-2.03965
0.22891
0.389649
-1.29969
0.123888
-0.303767
-0.616727
-0.444158
-0.38801
-1.04708
0.890926
0.643863
0.114045
0.860215
-0.0991443
-0.616807
0.530005
0.197092
-0.493997
1.06395
0.612193
0.404443
0.531441
-0.942677
0.375875
1.86285
-0.47793
-0.242138
-0.844965
1.15622
0.291156
1.50421
-0.252469
-0.986865
-0.754129
0.872365
0.960374
-0.665465
-0.60064
-0.190497
0.827219
0.496045
-0.152327
0.0108716
-0.333262
-0.0262703
1.11071
-0.581094
0.333422
-0.100089
-1.12324
-0.429609
0.80344
-0.848375
1.53455
-2.03783
0.190553
-0.591479
0.745894
-0.660297
0.276551
-0.35391
0.529595
-0.626118
-0.184956
-0.409301
0.0561225
-0.38695
-0.798467
-0.717612
-0.700605
-0.843297
-0.834568
0.889494
-0.515351
-0.190005
1.67023
-0.144995
0.776153
0.513868
0.659302
0.880199
1.5312
-0.109023
-0.326739
-0.410885
0.212968
0.769916
0.714015
-0.105699
-1.12653
-0.472055
0.153973
-1.02944
-0.433088
0.425031
0.888141
-0.337807
-0.138446
0.403448
0.512829
-0.153544
-1.13423
-0.875748
-0.608374
-0.119321
-0.282966
-0.411696
-0.672908
-0.857346
0.973343
-1.40675
-0.819393
0.1289
0.0176292
1.26711
-0.661503
-1.37518
-0.419409
-1.17071
0.837259
-1.53391
1.85987
-0.819762
0.576282
-0.0690011
0.627601
-1.46265
0.0789573
1.16582
-0.942409
0.0325351
0.670864
0.686596
0.0856084
-0.169948
0.279797
-1.30146
-0.745578
0.145761
-0.343834
1.18857
-0.0514475
-0.329814
-0.0510572
-0.0221391
-0.122119
0.191483
-0.296681
0.185566
-1.45396
0.741297
-0.150238
1.53218
0.370667
0.608326
0.177034
-0.37134
-0.840276
0.701593
-0.0480518
0.638954
0.943418
-0.26938
-0.0771186
0.386734
0.128711
0.132045
0.127525
0.331509
0.401078
-1.33998
0.0625933
-0.943504
-0.834225
0.219027
-0.263534
0.490449
-0.584479
0.652516
-0.054357
-0.781654
1.72467
-0.740709
0.862957
0.666152
0.541643
-1.13709
0.637159
0.885515
0.911891
2.06624
0.91111
0.0864976
-0.0855402
-0.819565
-0.612583
0.708171
-0.408263
-0.244125
-0.166876
0.882521
-1.72527
-0.764981
0.382569
0.434783
-1.59479
0.712894
1.93699
-1.26603
-0.36087
-0.0817882
-0.495413
-0.189027
0.293412
-0.498973
0.596296
-0.00977579
0.805986
-0.230044
0.785241
0.509487
-1.31025
0.803708
-0.0642037
-0.508598
0.235075
1.32104
0.31709
-0.306131
1.14432
0.617525
0.35525
0.161466
-0.652846
0.938277
1.15344
-0.811538
1.64646
0.278783
-1.57625
0.294189
-0.577948
0.103023
-0.356497
1.02854
0.367399
0.741157
-0.0369289
-0.0781079
1.23518
-1.24405
-0.675798
0.787951
-1.49526
-1.59266
0.391533
0.982527
1.63093
-0.382217
-1.1054
-1.2172
-0.0048047
-0.148056
-0.0806569
0.624874
0.250491
0.952811
-0.23963
0.387272
-0.222664
1.19672
-0.806901
-1.01113
0.637955
1.04426
0.338313
-0.063365
-0.324983
0.19344
1.05249
0.015185
0.928799
1.67893
0.423355
0.12195
0.57139
-0.265739
0.207437
-1.04689
-0.569339
0.0648953
0.722388
0.533992
-0.00253365
1.38873
-1.91961
0.45983
0.366076
0.558801
0.915921
-0.559001
1.21553
-0.447774
-0.25363
1.36906
0.501132
-0.781319
0.986128
0.585571
0.718748
-0.779628
-0.653716
0.349315
0.735153
-0.301784
0.0434282
-0.524032
0.850004
-0.120373
1.27632
0.573494
0.0307856
0.733223
-0.0877932
-0.201337
-2.04368
0.367844
1.33461
0.365731
0.245313
0.530043
-1.33735
0.551174
0.229103
0.393498
0.424015
-0.287088
0.809945
0.813685
2.29465
0.489124
0.643076
1.46407
0.647712
-1.25952
1.90192
-0.705762
0.334525
0.0183501
0.313774
0.16733
0.343735
-1.8935
0.224596
1.00388
0.319168
-1.1928
1.25899
-0.989453
1.26806
-1.47951
-0.978074
-0.768713
1.23904
0.56744
-0.13562
-0.0109646
0.264238
0.827267
-0.0191131
-0.326851
0.161586
0.736486
0.0914845
-0.546134
0.435425
-1.33479
-0.410066
-0.143577
0.0756188
1.33752
0.63308
-0.266462
-0.128763
0.967915
1.06112
-0.0575925
-0.124756
-0.163602
-0.749596
0.771295
-0.759181
-1.48566
0.325809
0.454919
1.05375
0.232167
-0.152708
-0.14969
-0.624138
0.93513
-0.525901
-1.05931
-1.04804
-0.180848
0.134225
-0.361705
-0.389494
0.637932
1.46565
0.119814
0.259873
0.503034
-1.17747
0.854571
-0.378087
-1.41708
-1.30506
1.21267
1.12113
-0.274641
0.00958922
0.282476
-0.917981
0.612216
0.744914
0.150775
-0.700227
-0.566509
-0.440185
-1.00158
1.09696
-0.799674
-0.292284
-0.202955
-0.523594
0.0529162
0.562944
1.18819
-0.421684
0.363184
0.967367
0.860332
-0.0951379
1.08064
-0.503032
0.95498
0.0712132
-0.425969
-1.88378
0.53654
0.224623
1.1662
1.45866
0.665363
0.780065
0.250124
0.57479
0.454076
0.164555
-0.202625
-0.233612
-0.376006
-0.272104
0.906942
-0.436362
0.522897
0.952385
-0.0293079
0.186547
-0.146827
0.287802
1.08179
-0.66532
-0.446352
1.84575
-0.598313
-1.6038
-0.911777
-0.809764
-0.426687
0.153804
1.13855
0.131413
0.387275
-0.0685993
-0.814603
-0.172439
0.0114527
-0.776016
-0.370886
0.629672
0.329929
0.896035
0.524501
-0.14142
0.110888
-1.30105
-0.00013372
0.336521
-0.0926431
-0.448833
-0.569979
-0.44446
-0.239457
-1.68019
-0.642138
0.599404
0.30546
-0.221925
-0.24151
-0.0202324
-0.573478
-0.491583
-0.523274
0.552889
-0.578222
0.258833
-2.51619
-1.47152
-1.17302
-0.0562137
-0.362935
0.941335
1.34414
-0.718246
0.577899
0.711292
-0.274669
-0.0562762
1.07245
-0.453258
0.946086
-0.880356
0.450797
2.72226
-0.97746
0.331889
-1.02172
0.47737
0.367326
-0.0842052
-0.157136
-1.64949
-1.21833
0.776061
0.460612
1.30822
-0.436198
-0.49441
-0.99618
-0.488302
0.476652
-0.631735
-0.0697905
0.72747
-0.146116
-0.0912586
1.08646
1.17087
-0.328842
0.947519
0.148304
-0.955663
-0.135666
-0.565624
-0.669459
0.116256
0.96758
0.756163
0.867354
-0.3296
1.51782
0.0520541
-0.0928263
-1.32183
0.492244
-0.530713
1.23167
-0.0803678
0.598113
-1.47649
0.1473
0.277751
0.183463
-0.172529
0.447475
-0.468229
0.104106
0.986955
-0.551513
0.263427
-1.3404
-0.164426
-0.318043
-1.46429
0.140177
-0.696225
-0.629497
0.170008
-1.28685
-1.19549
0.823877
-0.879086
-0.553781
-0.719739
-1.46869
0.926115
1.50252
-0.928183
0.973151
1.27634
-0.722655
-0.474426
0.0147573
0.397034
-0.0451941
-0.776565
0.293516
-0.389288
-0.345125
-0.832307
0.412276
-0.637616
0.113856
-0.521022
-1.57055
-1.11705
0.185069
0.417931
-1.29375
-1.04492
0.156365
1.09618
0.0522798
-0.855376
-0.0718916
-0.230451
0.245209
-0.127507
-1.27028
-1.42635
0.601352
0.654089
-0.213737
0.841435
-1.34277
-0.425217
1.38509
0.871062
-1.60498
0.514323
-0.423082
-1.13099
-0.58459
-1.22828
0.511731
-0.672248
-0.842381
0.13378
0.354641
-2.04611
0.058808
0.105683
0.0628947
0.127478
0.229525
0.338399
-0.314799
-0.00199258
0.203736
-0.955531
0.0439979
0.400876
-1.07592
-0.576598
-0.347685
0.880615
0.455611
-0.071427
0.486699
0.139087
-0.544479
1.67811
-0.264159
-1.11586
0.59243
-0.849835
0.318713
-1.2934
0.164598
-0.045656
-1.52435
-0.681643
0.571586
-2.08853
-1.06218
-0.436217
0.538387
-0.722491
1.17795
-0.935553
1.10636
0.798021
1.22732
0.152603
0.995152
-0.31432
-0.171248
-0.195031
-0.24475
0.7498
0.290232
-0.371774
0.568879
-0.146446
1.29271
-0.463042
0.508501
-0.165012
-0.0682637
0.530316
0.347523
-0.864155
-0.492941
-0.531715
-0.703702
0.570194
0.431213
-0.0636472
-0.633393
0.564776
-1.5454
-0.750292
-0.13272
-0.300685
0.0428059
0.871743
2.28731
0.248297
0.0237846
-0.752494
-0.0166269
0.292571
-0.688028
-1.2697
0.299
0.577625
0.998429
-0.66967
-0.731426
0.911244
-0.0372878
0.00240141
0.649856
-0.760303
0.173372
-0.740667
-0.813323
1.199
0.382755
-0.494673
-0.788378
1.13558
-0.510008
-0.300493
-0.854487
0.0141522
-0.391681
-0.0307049
-0.827905
-0.365737
1.17419
-0.526975
0.109716
0.00396677
-0.271026
-0.428017
1.19743
-1.04631
-0.0688933
2.19157
0.223226
-0.0435154
1.19816
-1.09209
1.80856
-0.166048
0.502754
-0.133293
-1.3121
0.257308
0.746662
-0.158808
-0.410298
-0.626253
0.99235
-0.88879
-0.989427
0.503613
-0.376763
-1.25486
-1.63408
0.59012
-1.70652
-1.16944
-0.360619
0.39539
1.07539
-0.483187
0.709091
0.500166
-0.680685
1.12281
0.829705
-1.38753
-0.722438
0.62027
0.172167
0.366852
-0.153648
1.1035
1.12935
-0.324132
0.831038
-0.701313
0.578292
0.112332
0.229984
-1.08745
-0.341805
-1.32815
-0.788318
0.023981
-0.00241652
-0.292568
-1.02806
-0.809109
0.801479
-0.0545932
-0.357001
0.829959
0.740925
0.711884
-0.627542
1.4976
-0.863948
-0.431077
0.33781
1.34225
-1.00966
-0.338962
-0.0925204
-0.276422
-0.135739
1.25023
0.887207
-0.501696
0.21058
0.283589
0.659502
-0.042338
-0.0696379
-0.156628
0.81954
-0.176187
-1.47274
1.02805
1.26201
0.527675
1.26026
-1.84159
-1.42863
1.51924
-1.10641
-0.00494208
-0.152605
0.135595
-0.940316
-1.08436
0.246847
0.0768644
0.282732
-0.649494
-1.19813
1.01387
0.237737
-1.02898
-1.43004
-0.175316
-1.23871
-0.554695
0.749513
1.70994
-1.27766
0.99419
-0.598304
0.49705
-0.194665
-1.21745
0.954184
-0.609215
-0.280645
-0.924602
-0.934906
0.903311
1.69006
0.308511
-1.9093
0.825198
-0.676998
-0.220482
0.454919
1.29328
-0.327517
0.0450748
0.426556
0.112795
-0.678305
-0.41042
0.539757
0.891821
-1.01498
0.478936
-0.970908
1.01651
-0.697094
0.51862
-0.769823
-0.679017
-0.3588
1.41921
0.14041
0.949032
-0.26638
0.629871
1.10854
-1.04606
1.11583
0.897777
-1.55142
1.20701
-0.68078
0.693321
-0.180952
0.0978542
0.901845
1.33404
0.404794
0.363602
-0.193618
0.837036
0.217417
0.265765
-1.1117
-0.241984
0.731804
0.0966217
0.275599
-0.177379
-0.0848442
-0.217736
1.57803
-0.110975
-0.00690749
0.0714813
0.0507834
-0.0361511
0.932762
1.2986
-1.23593
0.974018
0.306751
-0.400669
1.95877
0.499983
1.63647
0.974494
0.297995
-0.520115
-0.670391
0.0585438
-1.25382
0.226855
-0.0585702
-0.241621
-0.470357
0.524247
-0.480786
-0.629309
-1.06069
0.661709
-0.6565
-0.472015
-0.584123
-0.217869
-0.522466
-0.0161244
-1.19191
0.593636
0.207315
-0.254283
0.0963993
-1.12169
-0.0420977
-1.59168
0.137771
1.31535
-2.49748
-0.835535
0.503333
2.32744
1.86152
0.695634
-0.163025
-0.245576
-0.740078
-0.448826
1.22496
1.79616
-0.0359527
-0.147514
-0.140124
-0.0881368
0.546784
0.717191
0.13637
0.777728
-0.307135
-0.407007
2.26847
-0.582724
-1.27345
-0.383849
-0.835935
-1.12185
-0.429516
-0.776006
1.0323
0.175907
0.494489
-0.340611
0.882454
1.55937
-0.577391
-0.183759
-0.48886
0.247079
-0.185823
-0.790103
0.314664
0.748051
-2.00385
-0.29872
-1.16651
-0.290902
1.04779
0.0161803
0.38846
-0.908657
0.16439
0.321626
-0.920062
0.767305
0.0282499
0.825684
0.739655
-0.152941
-0.45052
-1.06045
0.354887
-0.0901677
-1.24661
0.128612
0.685191
0.652301
-0.638664
-1.38706
-0.0598839
0.644083
-0.156019
0.0899386
-0.921268
0.746418
0.423878
-0.0226215
0.704253
0.658698
0.229346
-0.423849
1.46606
0.648539
1.82723
-0.714887
-0.387231
-1.04395
-2.41537
-0.836181
0.864609
0.423665
-0.162304
1.20507
-0.0918223
1.02799
0.287225
0.293597
0.560951
0.12297
-0.048754
0.0462711
-0.214137
-1.29985
0.697099
-1.13917
0.693466
0.0844602
-1.27569
-0.993408
0.0956629
1.07771
0.687531
0.0350068
-0.697759
-0.48623
-0.749221
-1.26251
-0.198566
-0.195406
-1.25206
0.275463
-1.31419
1.20104
0.892594
-0.544759
0.171044
0.736672
0.333528
0.566913
-0.092791
-0.0901207
0.874401
-0.726926
-1.04111
-0.107829
-0.980089
-1.12385
-0.574149
0.0483369
0.756347
-0.613622
-0.289693
0.533799
0.393523
-0.382775
-0.311139
0.240723
0.791472
-0.27297
-2.24895
0.0764677
-0.0290457
-0.73289
0.148482
-0.619333
-0.122031
0.871802
-0.0148349
-0.380956
-0.167147
-0.361012
0.754462
-0.692406
-0.263087
1.24509
1.17066
0.0596161
-0.757023
0.208312
-0.915697
-1.64083
0.563286
1.22365
0.269544
2.04399
-1.07771
0.419258
-0.276794
-0.374296
0.00183517
0.0321101
-1.23003
0.331572
0.387669
-0.158104
0.627224
-0.197799
0.876979
-2.27937
-0.587048
1.07507
0.939797
-0.263635
0.0274175
0.358454
0.398417
0.18377
-1.12267
-0.361813
1.29514
-0.788374
-0.972824
0.199079
-0.823291
-0.963914
1.52012
-0.23498
0.7231
0.208099
0.471458
0.947413
-0.191017
1.35256
-1.18015
-0.460148
1.19109
0.568317
-1.24056
1.35697
0.0738178
-0.101811
-0.280406
0.242491
0.0429666
0.208444
0.241077
-0.432635
0.0433362
-0.71646
-0.702152
0.369502
0.0186996
1.42803
-0.902264
-0.489384
-1.32828
-0.122769
0.594773
-0.234234
0.880156
0.435271
-0.302837
0.479203
-1.38256
-0.540173
-0.490383
-0.309484
-0.375018
-0.237761
1.38281
-1.03388
1.1033
0.864234
1.39063
1.27791
-0.838698
-0.452243
0.405548
-1.06665
0.0398128
0.502454
1.16217
0.721317
-0.0907137
-1.28651
0.335011
-0.974818
-1.28007
1.18575
0.539428
1.10224
0.382871
-0.0288905
-0.318016
-0.494761
1.40142
-0.227574
0.284806
0.225816
0.44331
-0.213715
1.02665
0.221967
1.96431
-1.99392
0.276735
-0.760782
-0.108632
0.96586
-0.588984
-1.03011
-0.445762
-1.02958
0.0289944
0.981586
-0.747505
0.678886
-0.921252
-0.0848697
-0.492745
-0.573833
0.664332
0.0444134
0.444675
1.4378
-0.474412
0.185232
0.790906
-1.4325
-0.190441
-0.241328
-1.38874
0.946775
0.944125
-0.494129
0.0786908
0.366096
1.2297
0.164852
-0.669955
-0.580309
-0.9913
0.234136
0.0876749
-1.36024
-0.0767495
-0.519494
-0.320131
0.363774
-0.87949
0.946878
0.865094
1.25511
-0.821706
-1.13594
0.13591
0.678623
-1.31086
0.390425
-0.0229631
1.48297
0.16324
0.840994
0.665717
1.79849
0.18345
-0.577079
0.424292
-0.920751
-0.311907
0.200705
-0.290095
0.706702
0.622899
-0.354387
0.870664
0.625676
0.517912
-0.500256
-0.731899
-1.39733
1.28629
0.283575
-0.35464
0.157046
0.251952
-0.573419
0.129878
-0.280512
-0.816245
-1.42586
-0.352347
0.180721
1.09226
0.0405647
-1.61841
-0.898702
0.35567
0.640146
0.650213
-1.1301
-0.845588
1.41718
-0.277322
-0.342857
0.62245
-1.37363
1.06969
0.983127
0.427348
-1.08471
0.017995
-0.0467977
1.80204
1.07786
0.140777
0.583278
0.353172
0.0155356
-0.358282
0.0703006
-0.318272
0.287742
-0.198073
0.480297
1.52324
0.990076
-0.392713
0.725221
-0.572644
-0.21279
-0.469777
0.161576
-0.234079
1.0391
0.506564
-0.591709
1.87191
0.138722
1.8463
0.010855
-1.42571
1.99954
1.75002
-0.00557683
0.0311758
0.810295
0.415168
-0.885916
0.506556
0.330161
-0.275098
0.399315
0.233409
-0.0770033
-0.361935
-0.265129
-0.433959
0.189583
-0.212099
0.814147
1.09494
-0.0398988
-0.572668
-1.01917
-0.366224
0.234324
-1.14302
0.741665
-0.312606
-0.768775
0.401994
-0.436582
-0.0709028
0.884129
-1.4703
0.689577
-1.24258
-0.610886
-0.540226
-0.960168
-0.331095
-1.23573
-0.995604
0.254944
-0.935135
-0.224161
0.80184
0.0362403
-0.328479
0.712015
1.03504
-0.899671
0.863082
0.906919
-1.51845
-0.486585
0.353697
0.736924
-0.844236
0.469699
0.337859
0.0800756
1.14896
0.993989
0.634831
-0.0467468
0.61
0.182007
1.22609
0.457122
-2.52042
-0.410923
-0.257112
-1.12099
0.058306
0.305269
-0.794107
0.246389
0.888136
-0.803858
0.658937
-0.806116
0.242276
-0.968949
-0.380385
-0.155663
0.00828256
0.121505
1.46042
-0.692211
-0.693594
-0.889418
-0.792231
0.380863
-0.77843
0.28805
0.924483
1.12283
0.348782
0.986788
-0.209111
-0.561039
1.20309
-0.497451
-0.852148
0.95016
-0.555917
0.86942
-0.139735
0.293137
-0.724428
0.127945
0.559952
0.93747
1.10386
0.604561
0.764574
-1.02193
-0.68398
1.4773
0.887045
-1.50333
-0.502766
0.0972898
0.367629
-1.09735
0.186339
-0.368149
-0.382409
-1.27364
0.456352
-0.620421
-0.281787
-0.512877
0.4266
0.963363
-0.399842
0.665497
0.537677
0.628349
-0.0922211
0.278968
-0.828355
-0.413137
-0.785136
1.48355
0.593395
-0.828139
-0.456311
1.32425
0.480013
-0.640002
0.505353
-1.30533
0.144645
-0.0146803
0.16075
1.4229
-0.47108
-0.24965
0.424727
0.782956
0.608141
0.539696
-0.0259124
-0.315866
2.23147
0.061175
-0.908441
0.422885
0.365591
0.100832
-1.65597
-1.04736
-0.341497
0.973441
-0.85837
-0.320918
0.725439
0.00357981
-0.531154
-0.530628
1.28366
-1.7356
1.21097
0.516462
-0.897563
-0.191693
-0.233691
-0.446028
-0.307058
0.00841222
-0.45916
-0.0491695
0.7695
-1.68716
-1.19198
-1.3029
0.655536
-0.146506
-0.617155
-0.273176
1.50049
0.335923
0.805458
0.464768
0.909684
1.47715
-0.0621756
0.066275
-0.0279719
0.334977
0.770656
0.451562
-0.812704
-0.171533
0.50739
0.470554
-1.08823
-0.644063
1.65991
-1.10497
-0.0541669
-1.71146
-0.74014
-1.26021
0.727618
-1.41889
-0.63034
0.86724
-0.841036
0.312399
0.606101
-1.14082
-0.0712237
0.568635
-0.326903
0.741171
1.39867
1.26978
0.709542
0.29751
0.0997594
0.0846049
0.405659
-0.455105
-0.495226
0.230204
-0.251524
0.682569
0.564656
0.590518
-1.05088
0.242803
0.735288
-0.406994
0.351717
-1.13376
0.389552
-1.39285
0.83973
-0.373342
-1.36084
-0.149977
1.40277
-0.607151
-0.834031
0.335722
-1.24458
-0.522348
-1.89111
-0.619416
1.70852
0.283897
-0.933126
1.83904
-0.509981
0.496605
-0.0292863
0.883516
-0.0553828
1.20799
-0.838092
-0.725228
-1.33797
-0.721899
-0.291241
0.437347
-1.14404
0.0197056
0.0293504
-0.27416
2.00998
-0.663097
-0.187516
-0.150616
-1.58925
0.193136
-0.582364
-0.515407
2.07024
0.397259
-0.217039
-1.18449
0.855625
0.496081
-0.186749
0.495063
-0.0159156
-0.353722
0.140745
0.626228
-0.73496
1.48077
-0.0224677
1.28266
-1.58543
-0.42598
-0.543414
0.264327
0.494946
0.223078
0.449944
-0.400585
0.379244
-0.495214
-0.244864
-2.35289
-0.401978
0.683288
-1.03788
-0.141238
-0.492926
-2.98707
-0.952795
1.73004
0.0299824
0.964513
0.565511
-0.801075
-0.914959
0.46762
-0.196958
1.23147
0.549712
-0.147877
0.304021
0.17421
-0.601512
-1.18459
-0.952238
-1.11917
-0.72242
0.514762
0.588768
0.747102
-0.00468402
-0.415552
0.507229
2.22519
-0.0820502
0.692017
-1.04032
0.118207
0.547525
-0.800734
-0.324352
0.885391
0.134596
0.00273674
-0.857916
0.752421
-0.71193
-1.09474
0.859063
-0.301283
-0.162129
0.565547
-0.407668
0.724955
0.761618
0.575422
-0.789188
0.958108
0.260729
0.538138
1.01223
0.762996
-0.307769
0.168876
-1.01525
1.23927
0.814351
0.12321
-0.450964
-0.970701
-0.00560527
0.258275
-0.549874
-0.473142
0.510238
-0.153948
-1.44731
0.173565
0.497143
-1.1645
-0.642828
-0.542618
-1.64226
-0.943336
0.489237
-0.81811
0.605018
0.157112
1.13558
-0.670503
-0.42956
-0.367017
0.193851
-0.36883
-0.518007
-0.302075
-0.567828
-0.427801
-0.947528
0.0548301
0.155954
0.872348
0.340419
-0.13282
0.481993
0.139156
-1.53179
0.269055
-0.795065
0.143702
-0.250637
-0.0478617
0.346848
0.90998
-0.739285
0.319092
0.0185787
0.128329
-1.78701
-0.991031
-0.231551
-0.802765
-1.98639
0.220639
-0.0575261
1.38359
1.57877
-0.0261811
0.250506
0.231969
0.460296
0.325378
0.209544
1.27081
0.684045
1.42249
-0.450465
0.278608
-0.363634
1.72392
0.327225
0.0597177
-1.14
0.743387
0.701014
0.436836
-0.596822
-0.665463
-0.0656549
1.30441
-0.146205
0.541826
-1.4814
0.997939
-0.69929
-0.354242
0.0155788
0.376755
-0.14954
-0.493531
1.13749
-0.723255
0.152324
0.178822
0.0904503
-1.35429
0.907902
-0.749673
0.739755
1.37016
-0.451431
-0.447578
-0.400309
-0.244866
0.802863
0.191125
0.589144
-0.709619
-0.325509
0.0888573
1.00208
-0.464045
-0.366119
-0.791983
1.39299
-0.817367
-0.483806
0.442853
-0.790953
0.0390785
0.557337
1.38197
-0.12872
0.969223
1.59741
0.769826
0.368827
-0.966656
0.587385
-0.350182
-1.2256
-0.357089
-0.100143
0.695825
0.166948
0.125785
-0.751887
0.277123
0.884689
-0.14898
1.04275
1.40925
0.627128
-1.96725
1.22477
-0.0602388
-0.50733
0.415882
-1.2337
0.638666
0.494941
-0.844014
-0.397605
0.378149
-0.471347
-0.284363
-0.308026
0.38208
0.648388
0.986339
0.0579278
-0.118101
-0.130162
-0.311938
1.51832
-0.267945
-1.12877
-0.506611
0.625154
-0.465873
-0.0825522
0.919252
0.963281
-1.29266
-0.0745099
-0.876365
-0.556286
-0.293518
-0.142458
1.32834
0.896901
0.384982
-0.0210079
1.69391
-0.583671
-0.91639
-0.0923741
-0.0285217
0.274462
0.197921
0.146609
-0.509067
0.580205
-1.48936
-0.24969
-0.946227
-0.976611
-1.30928
0.932606
-0.856891
0.144677
0.0240975
1.10596
0.416171
-0.399911
-0.0702577
-1.38073
-1.29416
-0.321669
1.32546
-0.0774445
-0.243874
-1.4233
0.797711
-0.751222
0.557124
0.574413
0.150463
0.554208
0.764769
1.41581
-0.856251
0.384545
1.52535
0.244313
0.319334
0.289789
-0.356021
-1.13652
-0.131219
-0.0852904
-0.972731
-0.0960145
-0.603767
0.386222
-0.774709
-1.79579
0.754959
0.0553818
-0.982467
-1.06639
-0.703903
1.07601
-0.2313
-0.805749
0.566505
1.7806
-0.208613
0.411299
-1.19195
-0.613149
-0.557158
0.223678
-0.769716
1.73401
0.114655
-0.86298
-0.723556
0.553654
0.98358
0.728978
0.333207
-1.37106
-0.627273
-0.443103
0.80303
-0.103546
0.471547
0.792373
0.23646
0.131866
-0.463616
-0.99275
-0.543905
0.283241
-1.11753
-0.438039
-0.656279
0.285909
-1.00863
-0.0273594
0.317727
-0.361465
0.00820032
0.0186052
0.9219
0.292938
0.367858
0.119258
-0.617115
0.149473
1.52279
0.896102
1.56171
-0.683789
0.476704
0.0565492
-0.0216227
0.697012
-0.916533
0.851712
0.061243
-0.404187
-1.5059
0.0312734
0.675948
-1.37896
1.06838
-1.08028
0.556097
-0.451534
-0.0276693
-0.289194
0.155642
0.311298
0.695675
-0.15074
1.00095
-0.212415
-1.77862
-0.180664
-1.08339
0.568693
-0.673585
-0.374309
0.287999
0.626277
-0.232764
-0.228857
0.909558
1.87435
-1.12307
-0.557748
1.52475
-0.809179
0.103796
-0.790866
-0.88975
0.804443
-1.41407
-0.242741
0.0328849
-0.291701
0.610556
-0.0122764
-0.195288
0.218669
0.560147
-0.105937
0.110776
-1.02943
-0.13857
0.801266
0.406821
-0.631808
-0.559484
-0.202463
0.707591
-0.266436
-0.645057
0.475279
0.28392
-0.0408561
-1.575
-1.09898
-0.674132
0.507175
-1.22922
-0.0742702
-0.388741
0.0736555
0.120072
0.427137
-2.60373
-0.756878
-1.0834
0.0667944
-1.10128
1.52376
-0.739343
-0.165815
0.559502
0.0191129
-0.763768
0.303646
-8.30037e-05
0.0886337
0.351483
0.400885
2.16484
-0.726769
-1.00481
0.945902
0.0360222
1.15265
-0.107524
-0.345637
-0.876536
-0.823169
-0.583957
-0.484747
0.328781
0.343081
0.741229
-0.667192
0.77344
-0.232805
-0.408728
0.285509
-0.299832
-0.364169
-0.00400289
-0.366772
0.229716
-0.450974
-0.567177
0.592078
0.0681242
-0.630945
-0.0147076
-0.990269
0.515086
0.272549
-0.299198
-0.229575
-0.106735
0.485653
0.67881
-1.31285
-0.238197
-0.112363
-1.11451
1.1435
0.841542
1.03734
-0.310516
0.370223
-0.303821
0.686571
0.851436
0.87363
-0.557262
1.57134
-0.266732
0.150214
1.10836
-0.718626
-1.57844
0.770936
0.0756294
1.02448
-0.198611
-0.333969
-0.306586
1.32987
0.0343256
1.69418
-0.327123
0.361831
0.634139
1.47687
-0.53784
-0.241685
-0.439624
0.664636
-1.05848
0.365374
0.520879
0.563287
-0.309979
0.967229
-1.14644
0.435271
-0.0042415
-0.902669
-1.04023
-0.817104
0.466261
0.107797
0.00240572
-0.721921
0.361337
0.491251
-0.0907892
-0.0344394
0.786677
-0.462599
0.771163
-0.254007
1.04681
0.429206
0.608532
-0.304786
-0.628691
-0.348454
0.518351
-1.4741
-0.445738
-0.83918
0.793959
0.831142
-0.574749
-0.915651
-1.12971
-1.13438
-0.540266
0.199118
0.496374
-1.22277
-0.591859
-1.35032
-0.323973
0.462598
-1.46248
-0.118544
-0.617802
0.632935
-1.70304
0.830636
1.49251
0.117001
2.14997
-0.988889
1.42502
-1.73078
-0.890933
-1.09783
-0.636737
-0.169268
0.169228
0.757423
1.20426
0.341171
-0.586471
0.0124434
-1.06609
-0.169699
0.706271
0.893969
0.314386
0.0203199
1.28705
0.0378335
-0.828673
-0.017968
-0.247473
0.778637
-0.983665
-0.294338
1.19195
-0.0107619
-0.390527
-0.855423
-1.11976
0.910614
-0.00262747
0.297798
-0.252002
0.655584
-1.23442
-0.675031
0.528099
-0.512142
0.437798
0.908906
0.0855782
0.858393
0.534131
-0.625842
0.544671
0.156601
-0.0363163
-0.803069
-1.4606
-0.995648
0.247576
-0.356802
-1.54501
0.950041
0.0446262
-0.351002
0.0613828
-0.989865
0.764091
-0.362772
0.742045
-0.0602726
1.84344
-0.343669
0.489726
-1.6751
-0.1027
0.551058
-0.0918805
-0.34655
-0.316776
-1.32797
-0.721512
-0.754825
1.05654
0.130981
1.76403
0.00267266
-0.411472
0.0566602
1.4031
1.27111
-0.433676
-0.504443
0.565659
-0.135916
0.252529
-0.0410151
0.0493966
-0.76565
1.42934
0.792595
-1.44368
0.502631
-1.90212
-0.568132
-0.404104
-1.78943
2.21442
0.773502
0.59255
-0.746672
-0.890303
-1.93451
-0.103488
0.2432
-1.07492
-0.582086
-0.471483
0.399729
-1.29282
-1.01302
-0.190843
0.865342
0.630574
0.527631
0.368615
-0.23679
0.419853
0.142028
2.20817
-1.25522
-0.3004
0.163002
-0.182078
1.06919
-0.582708
-1.0228
-0.596028
-0.326924
-0.513253
0.0596415
-0.617406
0.188418
0.838822
0.0004074
0.136559
0.483621
-0.0815447
-0.419783
0.160328
-0.545112
0.782039
-0.436914
1.27276
0.0196958
-2.21901
-0.278486
-0.564984
0.503384
-0.0818746
0.810702
-1.35793
1.08703
1.11402
-0.992687
0.603914
-1.20016
0.265058
0.356247
1.03655
-0.183582
0.551407
0.287111
-0.76996
-0.460815
0.586346
0.785825
0.110203
0.678159
0.0967537
0.466756
1.23962
-0.379526
-1.54741
-0.33752
0.794199
0.561047
-0.109312
-0.0315085
0.465253
-1.04945
0.539714
-0.392982
0.101332
-0.368067
-1.64071
0.049759
0.021396
0.412478
2.28282
0.0409791
0.120113
0.112127
-0.264042
-0.0800893
-0.654959
0.746558
-0.794678
-0.249167
-1.29709
-0.926457
-0.262034
0.359624
2.11911
-1.06558
0.230936
-1.47011
1.08361
-0.445208
0.0330595
0.322903
-1.27245
-0.312876
-1.32049
-0.766068
-0.00083492
-1.49045
-1.18422
-1.12031
-1.03603
0.59872
-0.645267
-1.68698
-0.772365
-0.171137
-1.0858
0.140004
0.0060434
1.47872
1.66423
0.950274
1.93099
-0.630625
0.0655008
0.513412
0.885479
0.306335
0.680918
-0.141559
-0.244231
0.865045
1.21999
-0.968281
0.258584
0.217819
0.523276
0.474408
-0.135058
0.32841
-2.44074
1.48088
-1.66081
-0.877734
0.0687742
0.33627
-0.0920403
-0.0716911
0.148838
-0.698474
-0.184038
0.753062
0.932708
0.299218
0.0387938
-0.792097
-0.784894
-0.159439
0.364326
0.859028
0.486904
0.959294
0.982012
-1.20267
1.83655
0.937722
0.229946
-0.485751
-0.781458
0.0947978
0.355094
0.663881
-0.915057
-0.684583
-0.658341
-0.816048
0.171522
-0.715488
0.409725
0.505768
-0.175292
0.267232
0.288726
1.32693
-1.18034
-0.725251
0.0468641
-1.16086
-0.874374
0.559801
-1.2829
-2.05418
0.423155
-0.779862
-0.762449
1.09598
0.858679
0.570646
-1.61901
-0.696115
-1.30919
1.0303
0.442073
-2.11771
1.0715
-0.484705
0.685576
-1.42262
0.794478
0.0606082
0.906125
-0.493672
0.214217
-0.00200049
0.734962
-0.0412147
0.0762528
-0.25964
-2.05732
-0.120798
0.0645225
-1.81055
-0.323622
-0.662561
0.737797
-2.07782
-1.87179
-0.449299
1.74
-0.19235
-0.340733
-1.88418
-1.84236
-0.842527
1.12359
-0.284326
-2.23051
0.566599
0.462425
1.4847
0.3476
-0.442697
0.525648
0.781269
0.986631
-0.216789
1.20109
-1.00806
0.589015
-0.628804
-0.215419
1.6278
1.0275
-0.0523875
-0.441284
-0.271138
-2.46124
0.849403
-1.0979
0.213758
0.889155
-1.05161
1.77938
0.0776281
-0.338327
0.37285
-0.722825
0.791714
2.19482
-0.528021
-0.214818
-0.128338
0.302844
1.50707
0.0282014
-0.358896
0.118776
-0.265207
-0.191604
0.106548
-0.630636
-0.140952
-0.884052
1.85264
-1.31403
-1.82722
-0.438167
-0.35484
-0.528884
-1.2006
-0.671941
1.51759
0.894936
-0.332774
-1.24165
0.343091
0.755324
-1.30228
-0.450524
0.00053525
0.430247
-0.232662
-0.121369
0.640776
0.368838
0.399743
-0.502192
-0.893036
-0.343943
0.683024
-0.282008
-0.203867
0.113246
1.68369
-1.13114
1.03144
0.608853
-0.340788
-1.32516
0.536357
0.435789
-0.234429
1.72791
-0.0161559
-1.10982
1.74569
-1.00363
0.293286
-0.174156
-0.0204152
-1.00071
0.951291
-0.556973
0.85849
0.582269
0.124489
0.162091
1.23116
0.0186723
-0.285381
-0.565975
0.0891269
1.11417
-0.767033
-0.0292714
-0.777692
-0.877482
0.119718
-0.67905
0.497766
-1.17587
-0.20985
0.483266
-0.201687
1.06034
0.739567
-0.390023
-0.439277
0.417423
-0.336048
0.176929
0.0802178
-0.471164
0.467184
0.512337
-1.22523
1.08973
-0.750064
0.763732
-0.59447
0.148507
-0.387625
-0.62941
0.554362
0.917538
1.25624
-0.849146
0.367766
0.656661
0.221215
-0.433462
0.840292
-1.19787
0.460263
-0.463388
1.27496
-0.646583
0.64313
-0.0414457
0.435557
-0.782273
-2.11469
-0.966307
2.35516
-0.736024
-0.23765
0.95452
0.452078
-0.488071
1.01463
1.72461
0.305796
0.673546
-0.22105
0.559642
-0.126475
0.0649189
0.602171
-0.484227
-0.703892
0.155763
1.85108
0.319409
-0.46244
-0.190121
0.275961
-1.16034
0.401962
0.577328
0.500733
-0.968488
-0.375823
0.568253
0.043543
0.507394
1.28555
-0.271595
0.029062
-1.5209
0.870508
-0.0544164
0.162486
0.242325
0.442112
0.226824
0.275238
-1.03402
0.0956924
-0.246314
0.259731
-0.205368
-0.955034
-1.04236
0.411943
-0.462692
0.792452
-0.241205
-0.260173
1.37567
-0.455409
0.445415
0.457644
1.51213
0.380555
-1.00237
-0.212588
0.0444115
0.291464
-0.669613
0.61204
-0.0324805
0.151963
0.443246
1.21082
0.919017
0.00511411
-0.407816
0.0184791
-0.429155
0.809996
-0.0927581
-0.146747
1.42616
0.536094
1.70701
-0.520311
-1.37253
-0.831403
-1.14706
0.0294687
-0.528859
-0.69222
0.122953
-0.235461
0.765193
-1.08233
1.0544
-0.477024
-0.154071
0.2281
0.297507
-0.536254
-0.68042
1.54211
-0.0708676
-1.34438
-0.952566
0.533453
-0.290305
0.248834
0.991656
-0.715192
0.126462
-1.30527
-0.834909
0.953501
0.107021
-0.629439
-0.53289
-0.492931
0.6286
0.204386
0.200128
0.460058
0.10149
-0.386733
1.04161
1.04006
1.20693
1.57861
0.831886
-1.29824
-1.05001
0.160273
0.747829
0.434585
1.64459
-0.0307125
-0.662917
0.742092
-1.03111
-0.176525
-0.334305
1.13255
0.6569
0.145742
0.617479
0.248229
0.924699
-1.24434
-0.0940225
1.13142
-0.834382
-0.713491
0.00402453
1.21149
0.520329
-0.591604
-0.76719
0.498424
-0.618011
-0.511338
-0.567766
-1.20341
1.25442
-0.137383
0.0653149
1.47033
-0.885378
-1.72101
-0.0767488
0.00373714
1.05162
-1.01711
0.441568
-0.308267
-0.535083
0.971169
0.934781
0.341716
0.413219
-0.191002
-1.04785
0.995734
0.988191
0.66348
-0.021056
-0.376668
0.601162
0.181564
-0.86439
0.456882
-0.288921
1.29521
-0.174913
0.632018
-0.151353
-0.165604
0.640994
0.089829
-0.203009
-0.231789
-0.951036
0.259118
-0.529134
0.238175
-0.733254
-0.996647
0.906906
-0.0383053
-0.359534
-1.18599
-0.117588
0.681026
-0.537313
0.408479
-1.16048
1.10259
-0.768858
0.427408
0.297846
-0.482981
0.21053
0.950193
-0.00506988
-0.445176
1.6863
1.00066
0.109499
-0.714527
0.790263
0.367755
0.647115
-1.25594
0.262747
0.00923663
0.414719
1.79827
-0.857371
0.266124
0.685584
1.50797
-0.932867
0.333145
-0.0294673
-1.02017
-1.30468
0.970412
-0.386511
0.0848979
0.210106
0.857757
1.42462
-0.627283
-1.14734
-0.439914
2.08046
0.830463
0.307506
-0.154814
1.68275
-0.580771
-0.420672
-0.181787
-0.29883
-0.255992
0.156624
-1.61997
-1.41417
0.990024
-0.124446
-0.566033
0.0752778
0.103596
-0.963038
0.584225
0.0852468
-0.0553303
0.413241
-0.447195
-0.996696
0.116256
-0.0551452
-0.29897
-0.714847
-0.584773
-0.197242
0.0129138
1.4853
0.930266
1.1362
0.16756
-0.440348
-0.617677
-0.0622815
-0.0487884
0.656903
-0.90965
1.08602
-0.905574
-0.300616
1.36735
0.0795831
0.816856
-0.568711
0.0634006
-1.06197
0.0328764
-0.664394
-1.83105
-0.302615
-0.117028
-1.59498
0.00545656
0.337021
0.331726
0.747467
0.00311517
0.631879
1.41799
-0.241893
0.663585
0.874203
1.63506
0.37032
-0.163345
-1.26368
0.361703
-0.985584
0.26715
-0.331125
0.726117
-0.204174
-0.211817
0.255773
-0.872408
-0.93024
0.34134
-0.516362
0.0182538
0.954988
-0.683656
0.31507
-1.30886
0.0731508
-1.12044
0.464143
0.0495424
0.311003
-1.71595
0.639788
0.247503
0.538285
-0.37599
-2.60577
0.0242798
0.730467
0.902202
-1.71502
1.23226
-0.382643
-0.781468
0.316549
0.441934
1.02229
0.956945
0.62055
0.359491
-1.13123
-0.259721
-0.110697
-1.05011
1.223
0.47883
0.370421
0.275798
-6.14199e-05
0.176026
0.81613
0.0557853
0.0232029
1.01273
0.412672
0.0435748
0.0850586
-0.625984
0.989955
0.307698
1.03737
-1.73367
1.16919
-0.570403
1.52821
-1.16979
-0.177366
-0.526421
1.08808
0.891614
-1.92105
0.615428
-0.60151
-0.0291634
-0.732999
0.481187
-1.30105
-0.773198
0.696533
1.7738
1.40865
0.630273
-0.822141
1.41952
1.27987
-1.18667
-0.0974869
1.8477
0.398594
-0.239951
0.128023
0.542095
0.113625
-0.561407
-0.286474
0.400977
-1.35919
-0.0118905
-0.723706
-1.44899
-1.11181
0.508651
1.33508
0.750746
-0.800477
-0.406969
1.45443
0.587036
0.472632
1.29548
0.376497
0.0795932
0.524478
1.67507
-1.28461
0.265168
1.38731
-0.958143
2.01929
0.115908
-1.33892
-0.36967
-0.167684
-1.01176
0.496059
0.108865
-1.06494
-0.285955
0.0632617
0.315536
-0.616631
0.163661
-0.0618326
0.764583
-1.37428
1.08369
0.0442001
0.418912
0.47843
-0.644574
-0.918238
-1.52825
0.689575
1.36466
0.466524
0.041175
0.72423
-0.212956
0.360437
-0.056531
0.269633
-0.171564
0.229886
0.676135
1.38565
-0.0454558
0.392728
-0.711221
-0.245058
-0.655484
-0.0893587
0.172065
-0.282294
-0.8904
0.922656
0.716668
1.24445
0.40353
-0.0474933
0.0863248
-0.0769639
-1.17671
-0.214855
0.477083
1.63162
0.905319
0.470488
-1.04501
2.13682
0.384984
-0.65531
0.526921
0.111079
-0.490956
0.620105
0.568919
-0.134569
-0.309751
1.10308
1.4093
0.101329
-0.995298
-1.14258
2.2712
-1.88743
1.44936
-0.556902
0.814154
0.441184
0.0259363
-0.883149
0.2957
1.27257
0.213522
-1.65619
1.06118
0.79805
0.041775
0.535346
1.04192
-0.0492938
1.62863
1.25573
0.0116385
0.606233
1.34053
0.418748
1.67569
-0.930084
0.255334
-1.11242
-0.424723
0.322196
0.321942
1.03897
0.314876
0.498221
-0.656382
0.926903
0.0275504
1.0908
0.778808
0.0437415
1.05192
0.784189
0.10762
0.0020027
1.63314
-1.38226
-0.461116
0.856495
-1.29336
-0.196175
-0.554415
-0.18445
1.60954
-0.744521
-1.21701
-0.0383421
1.07968
-0.0848902
0.733173
-0.715683
-0.3948
-1.12866
-1.95085
-1.22511
0.955445
0.672576
0.0330815
0.272224
-0.406051
-0.5395
-0.0977669
0.1741
1.11182
1.20421
-0.567048
-0.0828759
-1.2298
-1.22011
2.23397
-0.0105467
0.371457
0.101201
0.697771
-0.470053
-1.07576
-0.736192
-0.18981
-1.34671
0.0996064
-0.0591738
-1.09925
-0.45506
0.639414
1.04989
-0.536246
0.597535
0.0945277
0.696168
0.321777
1.05629
-0.125424
-0.883427
-0.129319
0.631937
-0.384574
0.0808158
-0.00411889
-0.352926
1.00618
-0.198343
-0.897181
-0.320177
-0.0541281
0.545064
-0.0786838
1.22831
-0.21046
-1.27358
0.199429
-0.600959
0.729918
-1.02505
-0.0916063
0.535759
0.422733
-0.21628
0.0869091
-0.432903
-0.159659
1.49406
-0.309553
-0.169014
-0.582135
0.116733
-1.09787
0.859231
0.266581
0.506768
-1.05273
0.689711
-0.126463
1.88659
0.587586
0.518208
0.583625
0.540766
-1.05173
1.45127
0.112202
1.06677
0.384392
-0.21243
1.12201
0.923419
-0.366129
0.373606
0.300215
1.89862
-0.265398
-1.09822
0.0205996
-1.11918
0.339766
0.257471
-0.437399
-0.135209
1.01482
-0.166112
-1.70463
0.523583
-0.207363
1.3339
-0.37612
-1.51675
0.563088
0.035803
-0.537828
-0.536119
0.77332
-1.43002
-0.00748706
-0.689305
0.198474
-0.837741
0.0461261
0.145025
-0.567631
0.350304
0.209439
-0.475783
1.2258
-0.807284
-0.561018
0.891346
0.341711
1.01333
-0.565929
1.86774
0.585818
-1.72183
-0.211794
-0.927724
-2.03508
-1.07806
0.25931
1.17588
0.119246
-1.54172
0.206583
-1.90774
-0.148554
-0.39663
0.11148
0.852151
0.584113
-0.637821
0.23338
0.647011
-0.18249
0.838219
0.44968
-1.46665
0.261969
-1.12628
-0.870859
-0.112754
-0.801197
0.426898
-0.0327159
-1.66306
-1.63238
-0.0552118
-0.911289
1.03826
0.551151
-1.17496
0.80818
-0.318176
-1.01738
-0.34896
0.0638246
-0.883594
-0.259407
-0.0659224
-0.809463
-0.922234
1.25819
-1.8052
1.10385
0.37757
0.124401
-0.605215
-0.822228
0.587787
-2.26649
1.03626
-0.333712
0.108591
-0.0741453
0.142427
-1.19132
0.600958
-1.57141
0.134304
0.439944
0.680118
0.264704
-0.0630048
0.251326
-0.291325
0.921357
1.33192
-0.405585
0.983159
0.335058
0.416508
1.2871
2.38952
-0.852395
-1.84045
0.0350965
-0.706198
-0.207324
-0.417874
-1.06634
0.155769
-0.7749
-0.338469
-0.606742
1.50754
2.25991
0.503937
-0.366143
0.599742
0.50635
0.539032
0.0983291
-0.270204
-0.125101
0.294566
-0.0252957
0.0971372
0.701605
1.11194
0.467837
0.184407
0.245541
-0.340194
-0.455188
0.371324
-0.529386
0.963987
1.21746
-0.212878
-0.839816
0.936253
-1.59294
-0.903516
1.55458
0.749193
0.259436
-0.645571
-0.421642
1.11654
0.422955
-0.0989098
-0.472442
-0.00273353
0.19468
0.704496
-0.580338
-0.246133
-0.486877
0.372178
-0.971747
0.901296
-0.508748
-0.0325001
-0.351003
-0.137561
-0.128169
-0.589656
-0.792553
0.614775
0.327015
-0.327722
-0.0632635
-0.184295
1.2807
0.629239
0.353813
-0.550927
1.0666
1.10641
-0.30709
0.822788
-0.762621
-0.332517
0.859369
-0.786508
-0.433505
0.041196
0.717061
0.54396
-0.639431
-0.279251
0.178015
-0.767946
-0.852945
0.751005
-0.0294842
1.46318
0.470837
-0.053629
0.085621
0.344877
0.348513
-1.24945
0.555341
0.185353
0.331673
0.301648
-0.576709
-0.650597
0.839823
0.77493
-1.42542
-0.207345
-0.409804
0.0563211
-0.801408
-0.831723
-1.00295
0.782925
0.789364
-0.0656254
-0.878515
-0.920565
0.878118
0.314989
-0.438425
0.979824
-0.00242873
0.91619
-0.956007
1.30101
0.244652
0.182677
0.126758
-0.06948
-0.418656
-0.190282
0.0432241
0.343989
0.974629
-0.41944
0.664488
1.03144
-0.0298176
-0.494628
0.96526
0.245142
-1.36063
-0.152589
0.666421
0.46066
0.877482
0.00686001
-0.0016307
-0.916029
1.83368
-0.296884
-0.503197
0.578961
-1.05968
0.2714
1.19546
0.804022
-0.442658
-1.24525
1.23681
-0.0143341
1.19451
-1.26704
1.54898
0.271952
-0.313111
-0.136189
-0.699377
-0.159719
-0.0464041
-0.56116
0.661502
-0.373416
-0.620378
0.062438
-1.00212
0.940315
-0.0415404
0.718927
-0.181235
0.105259
-0.13774
-1.13617
0.123821
-0.630413
1.05759
0.982572
-0.274494
0.379526
-1.07663
-1.16678
-0.892185
1.0041
0.0406119
0.376986
-0.36245
-0.523259
-0.468471
-0.0689203
0.488848
-0.737864
-0.325693
0.539623
-1.45815
1.03175
0.343975
0.0992221
-0.108837
0.307465
1.58494
-1.49177
-0.84857
0.468756
0.896189
-0.0425521
-0.205193
-0.771126
-0.0802624
0.664365
0.294314
0.903461
-0.332054
0.0494854
-0.716454
1.76989
2.20215
0.229784
-0.59245
-0.711275
0.553851
0.922006
0.980677
-0.689427
0.214433
0.660794
-0.305796
-0.128049
0.584958
0.875029
-0.445142
-0.0110398
0.481852
-0.336637
-0.440916
-0.0202636
-1.08136
-0.529564
0.0518756
0.66015
0.698476
1.50813
0.050055
0.0321218
0.0420072
1.12141
0.0561333
-0.991721
0.843918
0.12122
-1.28106
1.40512
1.46632
0.7717
0.245826
-0.149099
-0.341383
0.312586
-0.634855
-0.44431
-0.088852
0.184313
-0.55076
-0.915069
-1.42847
0.42864
-0.661137
0.715265
0.125328
0.327232
0.556045
0.512354
-0.168262
0.830247
-1.00768
0.760264
0.475428
-0.762221
-0.518298
0.431547
0.275878
0.0288058
-1.72387
1.32678
-0.625556
1.40299
0.434538
-0.65855
0.867187
-0.00463639
-0.473824
-1.26371
-0.466063
-0.00436651
0.354853
0.716478
0.326047
-0.310792
0.220723
0.993061
-0.906967
0.446053
-1.63003
-0.365223
-1.32247
2.22583
-1.13481
1.39417
-0.935815
0.90974
-0.810481
0.0989859
0.194242
0.670388
-0.0409413
-0.478565
-0.989885
0.492188
-0.051158
0.129536
-0.468474
-0.0788655
-0.330694
0.0587377
1.1198
0.161135
0.649559
-0.576179
-0.00171454
-1.22416
2.26878
-0.0192079
1.44413
-0.113155
0.553426
0.210535
0.163261
0.673388
0.105891
1.33345
0.724161
-0.453191
0.186376
0.354612
-0.997598
-0.581036
1.29809
0.138976
1.56872
0.135156
0.654767
-0.55393
-1.22584
-0.783793
1.00586
-1.02369
-1.25997
0.18728
-0.291972
0.749554
0.246623
-0.680126
0.416918
-0.374932
0.779574
0.0924497
0.285018
-0.632642
1.15309
0.0191821
0.679402
1.24103
0.393442
0.497442
-0.559135
-1.22855
-0.752181
0.194319
0.0651205
0.531687
0.954606
0.518661
0.485594
-1.14922
0.28388
0.183287
0.0865679
0.130117
1.2478
-0.120038
0.738325
-0.787054
0.539949
-1.0119
-1.08295
-0.0948036
-0.290345
0.847043
-0.259124
-1.29505
0.939457
0.0449062
-0.834445
0.450155
0.142648
-1.61879
-1.47264
-0.121845
-1.72615
1.4728
-0.230055
-0.580888
-1.58233
0.140983
-1.25372
-0.414351
-1.32693
0.0178369
-1.11275
0.422803
-0.259787
1.90877
-1.29651
2.53292
0.675487
0.544625
-0.349365
-0.441976
-1.07835
-1.34743
0.483208
-0.869776
0.334811
0.647158
0.90558
0.271814
-0.100981
-0.53447
0.919329
1.18845
-1.28469
-0.662432
-1.17075
-1.26625
-0.80312
-0.814404
0.447962
-0.298614
0.325202
-0.763191
0.221808
0.375524
0.68429
-0.669116
0.717674
-0.885364
-0.595189
2.09377
0.838991
0.423178
0.0529395
-1.1214
0.0341761
0.401743
0.332897
-0.70269
-0.570113
1.07881
0.537021
1.58366
-1.58863
-1.07214
1.41804
-0.212975
-0.479984
-0.479896
0.955877
1.50806
0.683609
0.401478
-0.00222204
0.271305
-0.471417
-0.316873
-1.87302
-0.733252
0.904604
1.38684
0.116126
0.352122
-1.16033
0.557202
0.38356
-0.00147503
-0.918254
1.42047
-1.34444
-0.365656
1.06495
1.03777
0.0633727
0.811007
-0.336513
-0.124817
-0.042659
0.2096
0.203162
-0.246539
-0.738437
-0.854601
0.298392
-1.17331
-1.25423
-0.729861
0.213203
-0.632603
0.619374
0.251203
0.272116
0.244879
1.15229
-1.18001
0.637139
0.573894
0.557901
-0.081689
-0.43848
1.39355
0.235452
-0.554628
-0.104577
1.47214
0.991551
0.613472
-0.422357
0.109142
-0.259409
0.0250726
1.55127
1.37095
0.0624682
-0.747066
-1.03297
-0.599451
1.01012
0.0149824
0.671361
-0.309354
0.0163576
-0.159585
1.25918
0.758089
-0.0910006
0.254253
0.420269
-1.56547
-1.32506
1.06609
-0.206952
0.950488
-0.774443
-1.23364
0.236328
-0.220889
0.802836
-0.485933
-0.795336
1.0816
1.14826
1.07751
1.24641
0.162683
0.233296
0.00511371
0.0648547
0.237318
0.450182
0.842716
0.156808
-0.997792
0.410496
-0.514
-0.30304
0.88995
0.508757
-1.34137
-0.469186
0.432292
0.271482
0.71729
0.191896
0.127877
-0.76724
-0.627688
-0.665907
-0.191585
-0.706725
-0.230997
-1.00222
0.721565
0.150428
-1.14946
-0.120712
-0.699038
-0.403175
-0.0509879
1.0403
0.330737
-0.710593
0.345638
-0.220291
-0.741547
-0.587188
-0.816081
-0.137599
-0.240396
0.327831
-0.126692
-0.179081
0.622595
1.49366
0.454848
1.1974
-0.962518
0.572974
-0.857914
-1.4189
-1.29846
-0.0525222
-0.660242
-0.825017
-0.416707
-0.594465
-1.3566
0.264549
1.45155
-0.795137
0.470815
1.72236
-0.299103
0.368055
0.516999
0.150461
-0.507448
-1.36028
-0.21326
-1.3639
-1.1388
-1.11063
1.13691
-0.718756
2.0819
-1.12419
0.224857
-0.461072
0.527042
1.62651
-2.34285e-06
-0.570409
0.840975
1.02451
-0.532648
0.407182
0.722174
-0.192492
0.131008
0.0274932
-0.82762
-0.417298
0.740028
0.641442
-0.392503
-0.663018
-0.284633
-0.0359531
0.0678618
0.843218
1.59055
-0.748328
1.24361
-0.512575
-0.936217
-1.98798
-0.0929976
0.631003
-0.408906
-0.0275565
-0.215006
0.740029
0.695673
1.79328
0.344883
-0.321278
-1.04219
-0.498363
0.262785
0.872173
-1.40752
-0.295713
-1.54134
1.33433
-0.505829
-1.35389
1.54167
0.353035
-0.650126
1.12562
-1.25744
-0.537122
0.202506
-0.593597
0.641292
-0.172823
-0.0712481
0.649897
-1.06169
-1.32575
0.755669
-1.43787
-1.3314
-0.858277
-0.919291
0.941897
-0.68291
-0.336664
0.746945
0.275957
-0.4085
-0.0738418
1.07058
0.422736
1.2932
0.0828759
-0.228675
-0.10726
0.787466
0.709175
0.10895
-1.24911
0.46243
-0.582913
-1.22649
0.0309614
-0.628425
0.940238
1.14623
-0.788832
0.588314
-1.40849
0.0781454
0.32277
0.74369
1.79884
-0.2474
-0.315228
-0.0728103
0.537344
-1.09309
0.0687642
1.659
0.635654
0.0851005
-0.572618
-0.0725054
-0.14867
0.988315
-0.0835377
0.329227
0.576184
1.64079
-1.27264
1.02174
-0.00672522
-1.28758
0.430044
0.707642
-0.0163929
0.76694
0.651624
-1.02679
-1.60761
0.275169
-0.108294
0.206467
-0.287023
0.250559
-0.530851
0.0625627
-0.133585
0.294134
0.193291
1.79176
-1.05783
-0.941372
0.699276
-1.3913
-0.810809
0.719262
-0.12123
0.930078
-0.52673
1.26371
0.176345
-0.0171356
0.297635
-0.620055
-0.554591
1.02076
2.64165
-0.114235
1.06811
0.519829
-0.0430333
-0.48592
0.0704957
-1.11729
1.82701
0.278005
0.796438
0.44744
0.301619
-0.500698
0.112649
-0.348798
1.50111
0.152253
-0.238147
-0.00551493
0.744274
-1.30308
-0.470772
1.75765
-0.0636318
2.47101
0.899791
-0.352819
0.471559
-0.872435
1.05999
-0.50786
0.533218
-0.113917
-0.382939
0.25505
-0.717979
-0.183481
-0.374198
1.12231
-0.00032386
-2.05688
0.675466
0.207326
0.129164
0.623375
1.83647
0.0888462
1.1512
-1.43842
0.302483
-0.333827
0.0334092
0.279461
-0.990472
-0.338239
1.36968
-0.213124
0.412586
-1.21374
-0.139938
-0.81278
0.346532
-1.24498
-0.220942
0.880134
0.0723778
-0.096802
-1.94264
-0.530154
1.08944
-0.488404
0.978802
-0.755489
-0.597403
-2.3756
1.0258
0.202157
-0.284846
0.954383
1.24683
0.122432
1.4652
0.242307
0.766965
-0.192117
1.34749
-0.349517
-1.10064
-1.44496
0.547745
-1.23561
0.043842
0.00278976
0.101096
-0.563834
-0.783199
-1.14384
-1.11125
-0.809838
-1.56163
-0.56226
-0.154798
-0.546443
0.973327
0.259673
-0.549636
0.142693
1.20207
0.350814
0.111368
-0.178352
-0.294676
0.139957
1.29761
-0.89401
1.28042
0.312588
-0.460295
-0.747375
-0.0218906
-1.43181
-0.220919
-1.18066
0.514325
0.878104
1.00396
0.231795
-1.28977
-0.178554
-1.55697
-0.191939
-0.41671
0.547183
-0.0573716
0.315004
0.97902
1.3451
1.48101
0.264926
1.99689
1.13621
-1.60029
0.548917
0.218934
-0.383412
-0.0601641
0.0451486
0.274198
1.80529
-0.19183
-0.518434
-1.03944
0.985279
-1.36651
-0.383972
-0.527252
-0.27639
-0.443764
0.377221
-0.34266
0.3183
0.666343
0.241516
-0.0279146
0.0237226
1.13576
0.276093
-0.375799
-1.26297
-0.296408
1.05347
-0.556008
0.51065
-1.39833
-1.03017
-1.09339
0.193807
0.557822
1.25776
1.10526
0.0718511
0.196079
-1.08997
0.793635
-1.50624
1.08421
-0.99961
-0.363305
-0.458731
0.548387
-0.293233
-0.047164
0.373957
-1.19645
-0.559312
0.337636
0.356677
-0.11072
0.776261
-0.575715
-0.158824
-0.252243
-1.36495
0.3764
0.227979
-1.76226
-0.096368
-0.338519
0.211125
1.2124
-0.269275
0.101316
-0.194914
0.603917
-1.17824
0.055368
-0.505657
-0.593385
-1.14592
0.337573
0.459705
0.542531
0.918529
-0.442974
1.39394
1.71951
-0.0244317
-0.764697
0.258444
0.226652
-1.90666
0.391976
-0.328599
1.12482
-0.0849693
-0.307826
0.301363
-0.134869
0.516441
0.840671
0.0824321
-0.116685
0.187659
-0.653863
1.40735
-0.404286
0.959768
0.246758
-0.348629
0.673227
0.522768
-0.706561
-0.573163
1.53459
-0.117427
-0.634717
-0.403921
0.745473
0.392425
-0.0750833
1.1417
-0.921815
0.905411
1.07984
0.531343
-0.13193
-0.210279
0.583379
-0.207001
-1.59284
-0.0873771
-1.00793
0.321512
-1.11144
0.531587
-1.95128
-0.0250449
0.961455
-0.838051
0.368519
-0.415481
0.534058
0.477427
-0.388912
0.0358283
0.377435
-0.0048074
-0.818646
-0.713752
-0.628677
-0.870173
0.357032
0.895363
-1.05642
1.41004
-0.804187
0.104835
0.403847
-0.151664
-0.160093
-0.312965
-0.118502
-0.749303
-0.551865
0.283423
-0.953859
0.0031614
0.0466607
-0.404303
0.810523
-0.505013
-1.31718
-0.769413
-0.0452729
-0.569501
0.0102942
-0.617858
0.571153
-0.324871
-1.09187
-0.0423267
-0.486449
0.00654738
0.0491074
1.11046
0.491759
0.204338
0.333786
-1.12638
0.376655
-0.344666
-0.753891
0.417956
-1.37398
1.0754
0.164944
-0.575531
0.196379
-1.17074
0.40348
0.708292
0.104553
-0.259074
-0.742369
0.0130472
0.701116
-0.901703
0.957848
0.662229
1.08634
-0.319369
0.605214
-0.893019
-0.870197
-1.65877
-0.284938
0.846761
1.28974
1.3343
-0.060107
0.574873
-0.970062
-0.410218
1.88862
0.56099
0.828899
-0.820752
0.285693
-0.708026
2.1123
1.05765
0.35378
-1.06547
-0.535317
0.319114
-0.688635
-0.349592
-0.724877
0.870279
0.312552
0.41909
-0.758949
-0.162802
1.40208
-1.58945
-0.823734
-0.809189
1.45477
0.208801
0.615585
0.52133
0.954174
-0.060955
-1.05777
-0.531829
-0.333927
0.352738
-0.82721
1.6621
0.0272433
1.86226
-0.0302767
0.128674
-0.956998
0.572103
-0.657677
-0.603819
-0.893727
-0.449625
-0.913346
-0.0851243
-0.524051
-0.757294
-0.204306
-0.367914
0.445553
-0.983326
-1.02167
0.830992
0.73439
1.64041
1.60003
0.60543
0.373407
-0.807495
-0.982685
1.39992
0.158557
0.60114
0.898532
0.989973
-0.134645
0.785499
-0.583735
-0.45274
0.870483
-0.849952
0.518309
0.24417
-1.17298
-0.505034
-0.499227
0.0841711
1.10512
1.36383
-0.822028
0.19441
-1.42284
-1.37263
0.623033
1.36781
0.559939
0.0801244
0.420702
-0.0944605
-0.98999
-0.231646
-0.572542
0.874687
-0.133611
0.382716
1.58553
-1.21542
0.875131
0.719434
-0.137198
1.42288
-1.21547
-0.159758
0.402789
-0.806729
-0.287565
-0.49859
-1.36043
-0.480458
0.863182
-0.0682033
-0.680934
0.851999
-1.2716
-0.533658
-0.226633
0.785769
1.07545
0.494482
-0.39493
0.768007
1.34063
0.354132
0.109465
-0.630753
0.207273
1.10368
-0.652919
-1.18444
-0.5066
-0.699049
-0.235279
-0.476113
-0.674015
0.71529
1.08965
1.59617
-0.463982
-0.113783
0.962454
0.288332
0.141583
-0.738357
-0.83453
-0.334787
0.285815
-0.911491
-1.26394
0.592037
0.709152
-0.208492
1.0274
-0.288884
0.428346
-0.592824
-0.282163
-0.579711
0.0173806
0.5314
0.781486
0.584739
-0.916798
0.44797
0.0920287
-0.515865
1.11008
-2.1619
-0.906986
0.559362
1.01707
0.442462
-0.334334
-0.359297
-0.922384
-0.199769
0.528091
1.29352
-1.33756
-0.276112
1.64825
0.0703787
-0.207297
0.0147712
-1.28424
1.43237
-0.99356
-0.41016
0.0485238
1.11735
0.529416
-0.697351
1.20633
0.299143
-2.28849
-0.556088
-0.192431
1.06817
-0.528692
0.0938225
-0.447305
1.90464
0.349524
0.0753115
-0.0284283
-1.24217
-0.116938
-0.245148
-0.0641851
0.0203599
1.31826
-0.312204
0.410025
-0.442593
-0.291256
1.16825
0.753998
0.686974
1.05517
0.952765
-1.10725
0.30793
-0.557796
-0.22906
-0.695075
-0.209517
-0.0948888
1.12418
0.693742
-0.0460029
-0.442611
1.23692
0.493612
-0.941696
0.302142
0.249338
-1.0587
0.0361824
0.568967
0.266714
0.180845
0.35587
-1.56228
-0.686461
-0.562294
0.601735
-0.682886
0.901919
1.02763
0.127686
0.874631
-0.652468
-2.16662
-0.544585
0.730522
-0.641033
-0.323316
0.252032
-1.3325
-0.477466
-0.574428
0.535758
0.628046
-0.0362843
0.0414944
0.652057
-0.320286
-0.869282
0.729379
0.466488
-0.0742897
0.283595
-0.447859
-1.10433
1.54316
-0.903426
-0.240213
-0.38901
1.24636
-0.06415
-0.207501
0.69555
-1.39798
-0.913021
1.02209
-0.1172
-0.405841
0.66731
-0.467147
-0.859445
0.469549
-0.950392
-0.223901
-0.0955304
0.761061
0.70074
1.53523
1.08652
0.139166
-0.22039
0.227159
0.746256
0.489449
1.13404
0.103096
0.438363
0.597103
0.380675
-0.232476
0.298477
-1.70122
0.0167992
-1.09338
0.868877
0.773885
0.602886
-0.995486
-1.25455
0.207655
-1.09442
0.185128
0.44592
0.664817
0.200456
-0.327971
-0.698252
-0.29917
0.680827
1.14028
-0.20411
-1.31305
-0.819459
-0.531969
0.071825
0.727804
-1.42718
-0.144388
-1.38549
0.301087
0.293617
0.0491929
0.723174
0.734741
0.37065
0.750489
-0.0571358
0.528037
-0.784165
1.79941
0.201461
-0.186195
0.996977
0.617005
-0.675636
-0.477084
-0.236187
0.357732
-0.0863704
-0.847009
0.214381
0.795978
-0.307342
-0.409217
0.22781
-1.01354
1.53148
0.153626
0.560869
-0.0691054
-0.0949658
0.305067
0.476093
-0.35022
0.00119644
-0.120769
0.626834
-0.699402
-0.45157
0.410896
-0.904132
0.18187
-0.618471
-0.257981
1.01391
0.53298
0.88349
-0.0644801
-0.473517
-0.614713
-0.887813
-1.40688
-0.58295
-0.301724
-1.36017
0.145555
-1.70177
0.343514
0.696286
1.73615
-0.0782797
0.195996
0.112305
0.215997
-1.14754
-0.0575069
1.73287
-0.450662
0.27538
-0.52181
0.771919
-0.301509
-0.166426
-0.00444784
0.349087
0.265362
-0.665396
-0.627422
0.0390221
-0.343974
0.435829
0.619449
1.9776
-0.130529
0.114306
-1.24211
-0.536847
-0.846648
-0.421343
0.360238
-0.0924347
-1.08295
0.836002
1.33012
-0.0270063
1.71066
-0.484753
-0.296205
-0.898853
0.996341
-0.41843
0.325612
-0.436656
0.458672
0.601425
-0.225383
-2.24867
-1.26418
-1.02774
0.609951
-0.528552
0.442507
-0.59545
1.09411
0.340308
0.533781
0.570123
-0.421758
-0.608624
-1.02163
0.667621
-0.405753
-0.159957
1.48527
0.826777
0.324415
-0.112152
-0.360614
0.886036
-0.142329
-1.4152
0.691922
1.04832
0.55719
1.09255
-1.67501
0.288795
1.00497
-0.692343
0.0535783
2.10926
-0.779063
1.05091
-0.126742
0.126377
-0.570125
-0.957853
-0.756201
0.176865
-0.804986
0.489419
-0.266203
-0.597375
0.752126
-0.362326
0.868776
0.431816
-1.59628
1.15473
0.245338
1.25835
0.990228
-0.493413
0.513921
1.04531
-0.684845
-1.04208
0.47622
0.898617
-0.987026
-0.426608
-0.915779
0.313596
-0.766833
1.01592
-1.02867
-0.69099
-1.15484
-0.352675
0.0466324
-0.691284
-0.117904
-0.222262
-0.0446274
0.341957
0.841846
-1.02793
-0.5143
-1.26908
0.763455
-0.680848
0.368197
0.123002
-0.548467
-0.0571728
-1.02626
-1.22501
-0.434221
-0.315117
-0.782033
0.120584
-0.0360086
-0.0923795
-0.130431
0.248863
-0.533597
-1.30344
-0.0788728
-0.861272
0.509902
-0.107086
-0.251779
-0.259068
-0.00535087
0.520029
0.195127
2.10131
-0.606404
-0.0727684
-0.37244
1.08017
-1.15578
1.07011
-0.588026
0.690138
-0.935518
0.98575
-0.157271
0.726907
0.0133882
-0.304048
-1.75219
1.08303
-0.860675
1.74996
-1.36238
-0.838676
-0.380228
-0.236754
-1.04141
-2.00234
0.866768
0.673036
0.972537
-0.208043
-1.21811
-0.700178
0.349897
0.335181
-1.56845
1.13382
0.702523
-0.494446
0.178872
1.13054
0.608874
-0.229321
0.119471
1.31745
0.465098
-1.03486
-0.0437518
-0.395903
0.543341
0.762901
-0.336999
-0.301218
-1.67651
1.08681
0.994119
-0.587182
-0.145166
0.0312665
-0.00718252
0.14981
1.13092
0.558283
-0.43632
0.650844
0.00739227
0.419706
1.23577
-0.905865
-0.0166214
-0.59162
-1.53875
-1.1767
-1.38478
-1.05741
1.56925
0.558575
0.085505
-0.26241
-0.0417981
1.29728
-2.59925
0.304967
0.188507
0.636022
0.176702
-0.466176
0.0683234
-0.0245561
-0.957132
0.483198
-0.0462463
-0.442047
-1.3135
-1.49092
-0.150819
0.674434
-0.22533
0.385327
-1.34534
-0.544907
-0.75112
-0.909039
0.325487
1.40227
1.3651
1.26552
-0.608752
0.209669
-1.82475
-0.692875
-1.14015
-0.354758
1.30528
0.112866
-1.61707
0.066583
-0.4563
0.789053
-0.0758339
0.654914
1.3195
0.226964
0.163498
-1.02312
-0.269195
0.302749
-0.631163
-1.60778
-0.515481
-0.431676
-0.262738
0.118196
-0.233783
0.0837644
-0.10955
-0.350084
0.433058
0.438095
-0.562675
-0.364607
-0.496809
-0.277864
0.673692
-0.341103
-1.49461
-0.570727
-0.0520832
0.731622
-0.0444462
0.251096
0.632344
-0.272219
0.812979
1.52882
0.589737
1.98699
-0.0283621
0.319692
-1.34595
-0.512948
-0.290839
0.314338
1.38751
0.14867
0.728964
0.528624
-1.5591
-1.82555
-1.03066
0.160405
1.10316
-1.40499
-0.635481
0.241615
-0.410738
-1.1849
-0.835143
0.179257
1.34738
0.412997
-0.936633
0.618256
-0.765007
0.547967
-0.907983
0.0282761
-0.168701
-0.993601
-0.955594
-1.32177
0.79521
-1.29942
0.560343
0.781456
-0.209587
0.0565975
-1.62601
-0.611758
0.0614112
-1.51665
-1.7976
-0.424342
-0.462133
-0.875146
-1.62873
-0.0362159
-0.740303
0.623428
0.44112
-0.977712
-0.34461
0.59681
0.735462
-1.76822
0.65506
-0.39817
-1.23058
0.439517
-0.706067
-0.33534
1.22956
-1.57954
2.66146
-0.394946
-1.43433
-0.883858
-1.05843
-0.372748
1.23872
-1.69131
-0.122257
-0.532534
-0.233787
0.296378
0.810914
-0.378111
0.153939
0.213469
-1.08645
1.5666
-1.0355
-2.1734
0.503172
1.56725
-0.167777
-0.405797
0.450804
2.02063
0.34568
-0.999453
0.51805
0.304381
-0.4029
-0.311084
0.465411
1.31702
-0.903985
1.14731
-0.323992
0.4437
-0.198767
0.74475
1.00989
1.75473
-0.508234
-0.233105
0.962335
-0.114452
-0.256665
0.0571773
-0.0973443
0.0828386
1.38278
-0.135462
0.951525
-0.18576
0.760073
0.776892
-0.258527
-0.015549
-0.203912
-1.14689
-0.245234
-0.0546254
-0.0779849
-0.525221
0.719372
-0.487396
-0.217911
-1.02838
0.291511
-0.196843
-0.945039
1.0061
-0.45183
-0.650206
-0.188468
-0.112587
-0.762742
-1.78971
-0.684833
-0.097358
0.0545219
1.72784
-0.0294985
-0.714464
-1.13746
0.29389
0.140403
-1.3896
-0.599656
-0.401976
1.26612
0.472811
-0.0508243
0.148443
-1.03798
-0.905303
0.228363
-0.924117
0.0188621
0.730386
-1.00582
-0.849651
-0.433411
0.263127
-0.362079
-0.638595
-0.116946
0.200047
-0.153574
0.372659
-0.325545
1.43654
1.43285
-0.151062
0.242668
-0.0257279
-0.333561
-0.669383
0.436175
1.10069
-0.601791
-0.780242
-0.482967
0.352604
-0.422596
-0.459574
0.382162
1.00365
1.15802
0.843426
0.975178
-1.31997
-0.199366
0.581311
0.776046
-0.871054
0.371189
0.5776
-0.538963
0.249563
0.828333
0.349233
-0.517116
-0.101518
0.276188
0.34199
-0.489748
-0.135906
-1.09139
-0.201493
-0.400845
-0.23002
-0.0853825
-0.88876
-1.29342
0.773541
-0.731761
-0.000401039
0.233266
-0.91938
-0.632418
-1.33582
0.181461
0.827078
0.873209
1.78845
-0.237395
1.05006
0.729987
0.0231814
0.318813
0.2597
-0.112217
1.95753
0.0999188
-0.845704
-0.00762876
-0.108178
-1.37328
-0.261004
0.78904
-0.39038
1.2514
0.251818
0.0778962
0.0750401
-1.68115
1.45943
-0.541129
-0.251733
0.721915
-0.567916
-0.440907
1.01764
-0.354821
1.00607
0.917664
1.01076
-1.39443
-0.414862
1.82968
-0.288366
-1.43878
-0.0413278
-1.7859
0.362254
-1.58511
-1.01088
0.484124
0.0503864
-0.156253
-0.768967
0.749978
0.195679
-0.500802
-1.03223
-0.534977
0.116699
0.587273
0.360868
1.25713
1.17378
0.913115
0.329161
0.092507
-0.31009
-1.24416
-0.767981
-1.22
0.475333
-0.210869
-0.679631
0.481051
0.770836
0.961301
-0.384893
0.211166
1.82239
0.703312
-0.425319
-0.353501
0.0658457
-0.666993
0.114921
0.772097
-0.184343
0.348674
-0.5361
-0.31118
-1.00624
0.0879317
0.251575
-0.65574
0.861965
-0.147282
-0.545745
-0.669234
1.3704
-0.702782
1.40651
0.411465
-0.874994
-0.812176
0.155747
0.0917276
0.0932431
1.13719
-0.518343
-1.55021
-0.235611
0.125479
0.252037
0.190126
-1.01169
0.967386
-0.307763
-0.841253
-1.75023
-0.334199
-0.358973
1.25071
0.355088
-0.386774
-0.572389
-0.511614
0.286782
-0.186496
0.519936
-0.779726
-0.0237717
1.171
0.142396
-0.289578
1.55951
0.794958
0.724237
-0.173754
-0.0390187
1.57056
0.0244141
-0.072494
-0.378744
-0.685249
-0.36876
0.841327
-0.386876
-0.589367
-0.0426976
-0.669652
0.568803
-0.748856
-0.221363
-1.40022
0.410629
1.04369
-0.165168
0.304861
0.119719
-0.5835
0.0227076
0.766512
0.622396
-0.719605
0.0135781
0.982744
1.26875
1.76625
1.01872
-1.13767
0.822127
0.0900087
2.30536
-1.19285
0.453769
-0.509208
-0.216897
1.48368
-0.134609
0.669168
1.12909
-1.2917
0.00759437
-0.0609739
0.795388
-1.28957
-1.63518
-0.700206
-0.0396755
-0.503106
-1.27889
0.603175
0.210032
0.97395
-0.440409
-0.516956
-0.607034
-0.562088
1.18929
0.805239
-0.119746
-0.187021
-0.845396
-0.117584
-0.341656
1.12903
0.425975
-0.273031
-0.0757793
1.13028
-0.255325
-0.740712
-1.69007
-0.460955
1.90831
2.23804
-0.0891287
0.274619
0.109978
-0.738998
-1.12436
0.331809
1.27952
0.554769
0.534551
0.378108
-0.427264
-1.19391
1.26003
0.576974
-1.06065
-1.65136
0.395492
0.447241
-0.00223145
-2.98599
-0.779173
0.352651
1.74262
0.790711
0.345649
-1.34514
0.563856
-0.400632
-0.546258
0.195622
0.220617
0.283011
0.0131831
-0.442635
0.135959
-1.44052
-0.0341809
0.408382
0.260291
-1.58211
1.26213
-1.21119
-0.674426
1.13327
0.870739
0.152521
0.043655
-0.0511502
-0.112396
-0.038472
0.247345
-0.384996
1.64887
-0.243125
1.13695
1.45966
-0.539108
-1.02871
-0.538739
-0.260592
-0.234069
-0.385668
-0.758699
1.29748
0.188719
-2.00179
-0.696992
-0.285848
0.251463
-1.22621
0.550173
-0.71833
-0.573325
0.967134
0.625847
0.403657
-0.0410263
-0.808851
0.764753
1.14783
0.693189
0.18624
0.480823
-1.21372
-0.106421
-0.00853765
0.646027
0.486041
1.26219
0.00855252
-1.07213
-0.0450279
-1.06782
0.501901
-0.167812
0.79396
0.137848
0.00110611
0.234913
-0.881125
-0.174839
0.100151
-0.68482
-0.586792
1.02408
1.1591
1.65547
-0.692635
0.338552
-0.760782
0.326654
0.138324
0.0833971
0.15815
0.139464
0.754207
0.720585
-1.6682
0.289816
-0.532659
1.10174
-0.116566
0.371596
-0.165291
-0.109144
0.193581
-1.27374
-1.17238
-0.341179
0.538204
-0.22151
0.58419
-0.0437266
0.0554936
-0.704936
0.137726
0.644627
-0.746889
-0.559926
0.525757
0.459391
-0.430606
0.655848
-0.474697
-1.39806
0.330921
-1.08997
-1.19036
-0.370265
-0.263415
-1.23727
-0.781646
-0.410722
-0.736584
0.059881
-0.0399122
0.349141
0.425626
-0.33405
0.675134
-0.714934
0.220061
1.08388
2.49036
1.33804
-0.111944
-0.841139
-0.0103391
-1.40076
-0.470808
-1.08601
0.612851
-1.1118
0.559828
0.987138
0.00922617
0.970869
-0.209209
0.251327
-1.34929
0.530628
0.143487
-0.0364894
-0.330086
-0.407622
0.316437
0.334796
0.706285
-0.612251
-0.590875
0.167404
1.70676
-0.545772
1.0791
-0.526324
0.911822
-0.563331
0.3237
0.765938
0.514781
0.544635
1.58629
2.02532
0.19914
0.576641
-1.57468
-0.823819
-0.239716
-0.683976
0.152442
0.47906
0.254601
-0.481673
-0.498132
0.105585
0.465504
-0.705558
-0.902191
1.4075
1.33263
-1.17378
0.680312
0.410324
1.00782
-1.02091
-0.484635
0.373117
0.380073
-2.01104
-0.848547
0.299261
1.12237
-0.313997
-0.216092
-0.295486
0.509669
0.0192208
-0.625639
-0.494139
-0.785714
-0.994337
0.350284
0.836973
-0.361147
0.0573155
1.71332
0.593614
1.2831
-1.22217
0.477931
-1.24111
-1.4362
0.277659
0.466442
-1.30137
-0.354163
-0.651666
1.25774
-0.599839
0.623344
0.113346
1.92762
-0.868605
-1.00737
-0.110953
-0.804789
0.772216
-1.00635
-0.415717
1.69116
0.166814
0.155571
0.557508
1.40588
1.39647
-0.825945
-0.012698
-0.246025
-1.63606
1.53645
0.139281
-0.404172
0.650743
-0.16903
1.12695
-0.616689
-0.337817
-0.186789
0.201646
-1.21526
0.266604
-0.34572
0.349176
0.250522
1.11439
-0.633425
-0.542739
-0.490108
-1.80365
-0.670958
-0.700668
-0.291914
0.312565
0.327275
0.074963
0.230901
-0.213858
-0.974227
0.40876
0.508375
-0.287882
-0.594794
-0.922546
-0.264289
-0.668883
1.39555
-0.222728
0.520138
-0.40151
1.02533
0.496429
0.280133
-0.256265
-1.2067
-0.049465
-0.808741
1.65075
0.888102
-0.359857
0.316263
0.267035
-1.29891
-1.05272
0.119366
-0.932116
-0.559598
-0.286104
1.73449
0.746474
0.317875
0.492094
-0.100773
-0.828808
-0.685147
0.34779
0.268865
-0.641984
-1.004
0.616996
-1.24025
-0.0292357
-0.150456
0.321353
-0.342456
-0.718201
-0.194521
1.18451
1.58517
0.486923
0.0192154
-0.793042
-1.22125
1.20781
0.742434
-0.458294
0.548489
-0.537503
-0.703256
1.06677
-1.05789
-0.587092
-0.758283
0.916736
1.95348
0.766334
0.245337
0.195459
0.539039
0.925381
0.0202214
-0.420114
0.985669
1.20277
0.934613
-0.0568953
-1.15795
0.598883
-0.205268
1.13975
-0.129151
0.502433
-0.412246
0.0761982
0.150161
0.363732
-0.486063
-0.107922
-0.282727
1.03787
-0.740902
-0.774194
0.639586
0.335811
0.0735642
-0.583058
-0.845482
-0.675718
0.307881
0.465498
1.19991
-1.03392
0.120371
-0.465177
0.0716173
0.107638
-0.427176
0.208702
0.162405
0.582595
0.999019
-0.942922
-0.361227
-0.944536
-1.53449
0.501715
1.13681
-0.782707
0.313133
-0.122062
-0.00646376
0.286874
2.01076
-0.745628
-0.469193
0.668667
-0.0939756
1.70998
1.12512
-0.876131
1.23083
0.960767
0.197876
-1.45323
1.27651
-0.52452
0.293549
1.48479
0.388938
0.342135
-0.986468
-0.605451
-0.799374
0.0757198
-1.14238
0.360518
-0.583262
-0.782292
-0.258276
-0.154334
-0.420022
-0.0452316
-0.666802
0.324272
-0.332689
0.172191
1.21877
0.473279
-1.50358
0.0174323
0.199685
-1.10941
0.411433
-0.344624
-0.48167
-0.60683
1.19146
-0.854793
0.676355
-0.679472
1.09112
-0.0408831
0.976073
1.07678
-0.981464
-0.5347
0.180577
0.0330622
0.092943
0.291332
-0.0394172
0.0714106
-1.90867
0.00126493
-0.115642
1.42075
0.204354
0.276768
0.349601
0.829973
-0.641689
-0.939285
-0.133448
-1.42863
-0.679245
-0.301457
1.52714
1.06875
-0.27588
0.932508
-1.38408
0.545694
-0.112203
-0.220114
-0.0722422
-0.203292
-0.938722
0.766571
0.661142
-0.498383
-0.0365306
1.39976
1.6808
-0.128906
1.05545
-0.423617
1.05022
0.241004
0.489918
-1.54736
-1.20132
0.541011
-0.428112
-0.724894
-0.462507
-1.73895
-0.286711
-0.192926
1.27194
-0.585086
-0.10481
0.883714
-1.21635
-0.853344
-0.285467
1.54339
-0.132369
-1.30336
0.572627
-0.631519
1.2673
-1.20149
0.494517
-0.469558
-0.255223
-0.20339
-0.490931
0.696571
0.164651
0.339806
-0.459492
-0.334402
-1.08419
-0.745848
-0.367546
0.995974
-0.709542
1.27395
1.7426
0.574479
0.0660296
0.0194541
0.265902
1.42367
2.50888
0.979458
-0.874381
-1.35768
-0.716655
-1.72114
-0.0696914
-0.735501
0.530227
-0.90341
-0.0809561
0.986321
0.0330119
-0.894261
-0.728957
-0.653334
0.10282
1.07183
0.231077
1.39871
0.471332
0.279343
-0.000929377
0.0623633
-0.214665
-1.00491
-0.0429532
0.724871
-1.14447
-0.485672
0.902035
0.0234243
1.13797
-2.11364
-0.494257
-0.313353
1.52231
-0.721136
0.228465
-0.960971
-0.0260812
0.112958
-0.0872861
0.877405
-0.99258
0.00178197
-0.319175
0.360884
0.409364
0.239188
0.724511
0.537152
-0.909802
0.681442
0.201877
0.129581
0.861908
0.337094
-0.562809
0.549892
0.659981
-1.93556
0.0748626
-0.876842
-0.20373
-0.104872
1.28681
1.85074
-0.28818
0.484023
-2.05548
0.621624
1.13985
-0.103793
0.193701
-0.0333331
-1.31977
0.584973
0.186876
-0.718608
-0.390075
0.0859401
0.166025
1.11311
0.0147876
0.348341
-1.24159
-1.77915
-0.795038
-1.22275
-0.252023
-1.5331
0.996043
-0.403966
1.3269
-0.421728
-0.238358
0.0465434
1.04482
-0.479647
-0.672998
-0.483461
0.143911
-0.313341
0.670011
0.251677
0.448284
0.509629
0.0285149
0.401502
-0.288113
-0.64776
-1.02149
-0.150692
0.75509
0.4466
-0.471816
-0.198987
-1.1968
-0.137166
0.0743902
0.626127
-0.162754
0.708248
0.10477
-0.777575
-0.091069
-0.080602
-0.679795
0.0416958
-1.0609
1.30309
-0.0192447
0.375419
-0.831537
-0.768772
1.18559
0.293161
0.740653
2.19745
-0.492477
-0.524476
-0.451727
1.45902
-0.754548
1.78672
-0.00527876
1.28077
0.382659
0.636917
-0.109834
-0.313713
0.177757
-0.671732
0.103826
0.351816
-0.349649
0.585498
0.189074
-0.0574972
0.696554
0.14791
0.114896
-0.572214
0.520096
1.03871
0.0698828
0.700322
-0.779936
-0.462201
1.4762
0.0182849
0.914336
-0.171642
0.448522
-0.135163
-0.394502
-0.845564
-1.27188
-1.13316
0.157157
0.4577
0.243898
0.0172849
-0.974368
0.861906
1.18271
-1.30248
1.17103
-1.50013
-0.61684
0.207064
0.909301
0.494396
0.179968
-0.482235
0.16557
-0.333187
0.36058
1.15517
0.0360076
0.227155
0.351397
0.678538
0.103175
1.10967
-0.161006
-0.0814678
1.7249
-1.18081
0.323979
0.479943
0.138037
1.14987
-0.85627
0.765648
-0.704308
0.252338
-0.62679
0.979799
0.235677
0.748075
-0.49659
0.57366
-0.223798
0.0226442
-0.799128
1.17947
0.755688
0.48633
0.246536
-0.154606
-0.778137
0.148456
1.32443
0.255786
-0.557507
0.838629
1.75627
0.268952
-0.475808
-0.570051
1.07759
0.0487549
-2.35804
-0.638371
-0.548153
-0.248638
-0.10771
0.531652
-1.06792
0.667652
-0.307937
0.647128
-0.104109
0.790334
1.55736
-2.13722
-0.24267
1.08622
1.08584
-0.81009
-1.56045
-0.393998
0.253368
0.312222
0.961059
0.77272
-0.424323
0.323228
0.324947
-0.236374
-1.05756
-1.60663
0.0183635
-0.439251
0.370426
-0.575883
-1.25028
-1.03834
-1.18057
0.702715
-0.579481
-0.463117
-1.29681
-0.129851
-1.24278
-0.66184
0.308261
-1.05224
0.250679
-0.755701
-0.638588
-1.83796
0.0825936
0.282427
0.291214
0.602841
0.0877703
0.630765
0.152179
1.07247
-0.48981
-0.350215
-0.0956573
1.07038
-0.138379
-0.33349
-0.709897
-0.143479
1.00321
-0.00452779
0.810444
-1.45767
1.71018
-1.00904
-0.343915
0.60141
1.25171
-0.595408
-1.15516
0.287238
0.872175
-0.557727
0.106347
-0.929323
-0.747883
0.286199
-0.533797
0.0270614
0.150872
0.26365
-1.01138
-1.37163
-0.0236842
-0.0398922
-0.308742
1.25537
-0.346334
1.01312
0.564606
-0.881583
-0.935909
0.639527
0.295392
-0.00854766
0.818569
-0.690761
0.625402
-0.0114735
-0.285534
0.0764322
0.664187
0.452177
0.903709
1.67274
0.704074
-2.1019
0.535373
-0.305213
-0.438119
-0.0395673
0.294829
0.185038
-0.487505
0.426133
-0.404704
-0.0316216
-0.366246
0.519076
0.215619
0.11943
-1.14132
-1.71134
-0.53292
-0.242283
0.377863
-0.119966
-1.26
0.329008
-0.769855
-1.15424
-0.0384162
0.160578
0.777341
-0.970073
1.10884
-0.775737
-0.16732
0.944912
0.769945
-0.498868
-0.291614
0.430224
-0.0576658
-0.0801681
-1.23712
0.420513
0.244628
0.265818
0.195616
0.362444
0.735238
-1.53599
-0.542909
-0.919116
0.712773
-0.197526
0.383321
0.624474
0.0101611
-0.870807
0.0640866
0.426534
0.614983
0.264643
-0.171335
0.220397
1.84112
0.705713
1.21433
0.880463
-0.39798
-0.508054
0.400842
2.22512
-0.299374
-0.125567
0.664429
-0.264461
-0.874116
0.313483
-1.29
-0.725374
-0.00766025
0.749201
0.288556
0.189792
0.74157
-0.662104
-0.524007
0.679403
0.0806328
0.233116
0.541231
1.18285
-0.684112
-0.969774
-1.72556
-0.315232
0.629116
-1.63599
1.14937
-0.948206
-0.111321
1.7138
0.0138139
-1.22541
0.587072
0.8698
-0.571421
-0.687062
-0.128017
-0.76139
0.221254
0.0936594
-1.02022
-1.23426
0.0164501
-0.172519
-0.484444
1.32403
1.15103
0.752512
0.560695
0.791617
0.440578
0.0772977
0.419752
0.508917
1.15449
-0.0574454
-1.84107
1.48319
1.07872
0.000870191
0.444534
-0.729586
0.367217
-1.22204
-1.08897
-0.91688
0.841526
-0.227449
-0.675655
1.20925
-0.355186
0.91824
-1.27721
-0.339388
1.33046
-1.08202
-0.167408
0.367668
-1.14549
-2.09328
-0.999907
1.75953
-0.997905
-0.600668
0.706387
0.218246
-0.363708
-1.01696
-0.257219
-0.386652
-0.338725
0.81391
1.67164
0.82602
-0.00731205
-0.445889
1.2767
0.679
-0.0573817
0.3831
-1.25317
-0.132774
0.176347
0.253113
1.11941
-0.61242
-0.000889074
-0.257087
0.200678
-1.37025
1.51751
-0.568685
0.642025
-0.192586
0.251416
-0.849022
-0.0240172
-1.29269
-1.48024
-0.283852
0.729791
0.58134
0.562186
0.280941
-0.360966
-0.0643694
0.831177
-0.503423
-1.05838
-0.803068
-1.13421
0.8516
0.486624
1.07072
0.314222
0.0328282
0.940809
1.11206
0.0154804
0.965255
0.967611
1.29004
-0.0653128
0.758151
0.48854
0.297252
0.331875
-0.854828
0.496368
0.0328118
1.41888
-0.743663
-0.855622
-0.182144
1.27203
-0.062473
0.187487
-0.159232
-1.77064
-0.507798
0.0639411
0.450286
0.700586
0.82482
-1.54719
1.30422
-0.553183
-0.909735
-0.353064
0.281656
0.670317
-0.0687431
-0.107167
-0.105684
1.12782
0.731633
-0.125903
-1.14734
-0.564893
-1.20845
-0.850775
0.898856
0.966707
-2.41659
-0.827723
1.34271
-0.672108
1.06239
0.786001
-0.120259
0.612226
0.330321
-0.424993
-1.7478
-1.3963
0.396904
-0.301421
1.16396
-0.815006
1.16544
-0.489129
-1.17989
1.11671
0.241225
1.05371
-0.329093
0.0192445
-0.457018
1.04433
-0.0561488
1.13736
2.10553
0.123983
0.0796973
-0.699943
-0.435267
-0.445865
-0.109557
-1.62118
-0.217659
-0.497687
-0.147737
0.266373
1.13078
0.390746
-1.57138
0.950818
-0.464749
-0.698017
0.858622
0.847331
-1.41708
-0.0798193
0.820592
0.123537
0.436304
-1.31088
0.813957
0.122608
1.10199
-1.01476
0.00387173
0.605298
0.240005
0.0373911
0.704048
0.0129718
-0.616478
0.178663
-0.206057
0.744738
-0.287651
1.07765
-0.174469
-1.2745
1.00742
-1.09546
-0.405233
-0.692591
0.369203
-1.4479
0.648888
0.183213
-1.55985
-0.202529
0.97969
0.949134
0.0212571
-0.884169
-0.928005
2.13898
1.09659
0.426942
-0.791129
-0.277528
1.26959
0.617933
0.365114
0.899209
-0.55878
0.836846
0.271259
0.524808
0.297196
0.0866953
-0.433575
0.89183
-1.50372
-1.39262
0.00572992
-1.34201
-0.678939
-0.749145
-0.908943
1.18262
-1.04263
-0.319386
0.950377
-0.90004
-0.248417
0.644399
-0.240093
0.0608466
0.505044
0.516407
-0.385346
-1.82267
-0.309787
0.847806
0.449622
-0.915293
-1.29662
-1.51956
1.59109
1.15911
1.18636
-0.101254
0.0368266
0.303136
0.720495
-0.710437
-0.440929
0.910313
0.231576
0.658812
0.000818149
0.44873
-0.805041
0.580255
-0.0484365
-1.10769
0.311946
-1.13388
0.579218
0.297848
0.679421
0.30111
-0.572554
-0.00938556
-1.03368
-1.08831
-0.840248
-0.44228
-1.18906
-0.577277
-0.216222
1.08563
-1.21918
1.34612
0.36634
-0.627883
0.445497
-1.73889
0.396805
-1.11042
-0.0544888
0.617315
0.0479513
0.047615
0.620777
-1.22192
0.301124
0.224828
-0.385679
-0.819708
0.283292
-0.874152
0.326076
-1.16162
-0.0533254
-0.223556
1.04709
1.18661
1.19887
0.143535
-0.472383
0.246431
-0.447885
-0.528882
0.955884
1.25865
1.29067
0.102345
1.65707
0.732357
-0.0215296
0.198569
0.667511
-0.135002
-1.67874
-0.293279
-0.509413
-1.14251
-0.187426
1.14711
-0.23806
1.78062
-0.298894
1.17656
0.458807
0.947293
-1.45867
-0.953137
-0.703619
-0.290369
0.877886
-0.982798
0.806261
1.59214
-0.382065
0.144246
-0.478839
-1.24888
-0.0250037
0.388924
0.0325539
-0.402693
-1.1753
-0.0998274
-1.90225
0.770338
0.031636
-0.651439
-2.63521
0.696912
1.45266
0.545179
0.221567
-0.113591
-0.37813
-0.350265
1.03674
0.964598
-0.590277
1.42651
0.183627
0.77711
-1.00616
-0.263482
0.515095
0.263323
0.556792
-0.77455
-0.258989
0.227962
-0.114657
-1.10885
-0.0120017
0.148173
0.605433
0.863545
0.116786
-0.351871
0.272047
0.0171628
0.0661391
-1.03946
0.54638
1.15143
1.53095
1.8552
-1.56101
-0.427751
-0.530935
-1.01284
0.153061
-0.710915
0.00904912
0.144725
-0.0230482
-0.870711
0.945527
1.11473
-0.265507
0.128163
0.159098
1.2601
-0.769821
0.416192
-0.683987
-0.106252
0.661677
0.922476
0.61887
0.293059
-0.866519
-1.19286
0.03563
-1.06567
-0.524138
-0.216019
-1.37643
0.803769
-0.123384
-0.783396
0.0204589
-1.5255
0.952939
0.800357
1.45692
1.72692
-0.367866
-0.538071
0.498305
1.00334
-0.0324697
-0.295253
0.209966
0.989151
-0.00623472
1.3872
0.0918602
0.814865
-1.14179
0.781302
0.0802224
-1.63587
-0.410019
0.697348
0.267382
-0.304057
-1.05744
-0.729547
0.147963
-0.655936
1.00623
-0.781724
0.0381533
-1.33957
-0.143802
-0.997305
-2.07471
0.0448151
-0.618299
-0.438221
-1.2086
-0.226271
-0.901346
-0.299927
-0.709163
-0.143853
-0.323951
0.359657
0.262017
-0.516577
-0.849572
-0.125725
0.123721
-0.38623
0.142293
-0.440191
-0.619406
1.2318
1.21191
1.31373
0.518989
0.914096
1.77965
-0.124342
0.801144
0.100067
-1.34806
0.109374
0.655218
0.596921
-0.314957
1.7639
0.272589
0.641461
-1.40039
-0.43387
0.801802
-0.173882
-0.0796663
0.266901
1.77936
-0.738952
-1.01171
0.776726
0.157111
0.453238
1.1256
0.0780943
0.115036
0.877392
-0.515913
-0.178085
0.193713
0.736733
-0.76712
0.149321
1.0108
-0.235347
-0.558835
-1.61759
0.196091
0.657052
0.756154
0.0822806
-1.36178
-0.321354
-0.876311
0.420211
-0.685516
0.463278
-0.14487
-0.0121334
0.363453
0.308191
-0.160857
-0.585639
0.0585094
0.552162
-0.716725
-0.908585
-1.05185
-0.581073
-0.655885
0.106529
1.60692
1.16992
-0.742786
-0.404324
0.839236
0.489961
-1.04073
-1.89354
-0.888974
-0.171297
-2.24096
0.160176
-0.523426
0.490887
-1.26742
-0.0299589
0.0364632
0.433932
0.786343
-0.23732
0.0494778
-0.641434
-0.251049
0.0134038
-0.674014
0.461986
-0.688764
-0.611916
0.238295
-0.362523
-0.382012
0.118389
-2.01581
-0.745638
1.89763
0.525475
0.656155
0.185829
0.848214
0.652612
-0.095596
-0.548408
1.18384
-1.38521
0.902521
1.11164
0.558917
0.692231
0.708821
0.120515
-0.818148
2.13728
-0.660052
-0.497668
-0.746514
-0.650083
-0.37974
-1.46029
-0.952488
0.192452
1.16457
0.267489
0.584915
-0.698081
1.29711
-0.978239
0.271611
0.608513
0.288126
0.584912
-0.993739
0.886193
-0.604872
-0.734177
0.0735487
-1.52917
1.18417
-0.675377
0.287824
1.82028
-1.40314
0.518356
0.497048
-1.01506
-0.298636
0.789389
-0.514683
1.30513
0.093754
-1.04174
-1.24997
1.24224
-0.569482
1.06911
1.63191
-0.299544
-0.158705
-0.299733
1.3011
-1.27107
-0.498403
-1.0278
-1.06171
0.725877
-0.420089
-0.727465
-1.51057
-0.94261
-0.0862735
-0.418553
-0.416031
1.68023
0.587971
0.527463
-0.0451144
0.329731
1.05705
0.727787
-0.320478
0.244179
0.434479
0.0713222
0.769271
1.82327
0.336268
-0.965358
-0.254921
0.0661334
-0.253015
0.90481
1.14237
-0.0753359
0.15301
0.528548
-0.0928392
-0.649718
-0.332544
0.628246
-1.08929
0.519379
-0.609783
-0.0924559
-0.396772
-1.5177
0.936235
0.313095
0.451249
-0.21635
0.600304
1.20421
1.62532
-0.295254
-0.0829021
0.405659
0.624024
0.571609
-1.20972
-0.331004
-1.50629
0.194863
-1.23165
0.407036
-0.0660668
-0.315816
0.0325407
-0.606866
-0.627696
0.0464866
0.172536
1.623
-0.4364
0.0163356
1.02661
0.0742779
0.0293131
-1.17407
-0.395833
0.764899
-0.479427
-0.0849365
0.192209
1.16375
-0.581996
-0.645059
1.06473
-0.132512
-1.01275
0.223715
0.453015
1.46906
0.610797
0.790235
-0.125292
-1.28598
0.16093
-0.185314
-0.322154
-1.21245
-1.00849
0.237152
-0.517821
-0.513746
-0.0721114
-0.0501616
0.050301
0.649418
0.189769
-1.73217
-0.821079
0.184295
-0.853065
1.61014
-0.896033
0.0025119
-0.573001
0.909371
0.394702
-0.354944
1.16896
1.15455
1.89966
-0.531908
-0.98163
-0.338116
-0.632447
0.988782
0.270613
0.0376384
0.287786
0.537236
-0.833502
-0.924738
-0.321545
0.69991
0.451453
-0.124859
1.18248
0.54791
1.08954
0.100035
0.976418
-0.136894
0.488435
-1.04662
0.828095
-0.91232
-0.947744
-0.0539649
-0.0970106
-0.447812
0.193039
0.108581
-0.550573
-0.193732
-0.00916445
0.262022
-0.321303
-0.360069
0.350683
-1.60394
-0.156195
1.92727
-0.063242
0.139567
0.00866418
-0.450741
0.518239
1.47786
0.716759
0.601979
-0.0158538
0.459088
1.02173
-1.45772
-0.275776
-1.1682
-1.23829
-0.457068
-0.543157
-1.47539
-1.00678
-1.02302
-0.880773
-1.56294
-1.51071
0.268542
1.9699
-0.491043
-0.5012
-0.855945
1.03105
-1.35599
-0.109021
0.326387
-0.330183
-1.83665
-1.37463
0.658771
0.65064
-0.300369
0.07745
0.931006
0.755488
-1.19291
0.480833
-0.214237
1.27122
0.206924
0.973703
-0.389944
0.854114
0.864453
0.273637
-1.01628
1.89132
1.69224
-0.326676
0.200837
-1.35394
0.500348
-1.22669
0.496893
1.19082
-0.947922
-0.534821
0.235441
-0.404708
-0.0872649
-0.769989
0.175705
0.930146
0.314656
0.142806
0.201511
-0.486636
-0.645697
-0.283461
0.782959
0.437619
0.283743
-0.212397
0.514213
-0.359754
-0.383862
-0.480626
0.275324
0.467414
0.865597
-0.402564
-0.400817
0.507575
1.22119
-1.31041
0.58551
-0.481346
2.13716
-0.344754
-0.162623
-0.119859
-0.00821955
0.606964
1.45829
0.438149
-0.434924
-0.483832
-0.319786
0.461075
-0.662711
0.635134
-0.463832
-0.122979
0.479727
-0.926209
-0.631007
-1.41147
0.056663
-0.371881
-0.517943
-0.425782
0.858814
0.0114771
-0.583333
0.549703
-1.21954
-0.25501
0.967709
0.224273
-1.61234
-0.253388
1.79892
-0.248591
0.0873115
-0.285903
-0.122134
0.539608
0.556661
0.591988
0.0597286
0.341798
0.35653
0.330767
0.258888
0.189917
0.0395515
-0.338469
-0.51907
-0.508759
0.317883
0.255875
0.539966
-1.26741
0.350501
0.417504
0.595641
0.408127
-0.62555
-0.337291
0.728745
0.804127
1.16449
0.650909
-0.136508
-0.0681902
-0.608433
-0.583149
-0.79079
-0.401019
0.581935
0.332353
0.365651
1.87589
0.863041
0.226919
0.570693
-0.80117
-0.752589
0.503124
0.778263
-0.188177
0.128311
-0.844669
-1.45769
0.0989145
0.196194
0.0903405
0.255744
0.543823
0.396117
-1.5068
-1.10546
-0.171767
0.936374
0.746919
-0.267453
0.318075
-0.89638
-0.106634
-1.71614
1.55462
1.05228
-0.406146
-1.63851
0.947423
0.882713
-1.04054
-0.39208
0.27141
0.17121
-0.537171
-0.132894
-1.1539
0.679223
-0.413888
0.333806
-0.427928
-1.70258
-0.771904
0.870029
0.02991
0.44274
1.00024
0.441914
0.0213022
-1.08752
-1.63979
-0.186521
0.587784
-0.52057
-0.412286
-0.880415
1.10652
0.993664
0.745504
0.326059
-0.457315
1.31798
-1.8701
-0.0865
1.0716
-0.237551
-0.445847
-0.726709
-0.823283
0.617273
-0.135383
0.125045
-0.54695
-0.571081
1.53661
-1.40838
-0.772459
0.407945
-0.450687
0.00172213
-0.412885
0.0689101
0.24973
-0.416178
-0.314156
-0.289109
0.196677
0.442207
-0.225087
-0.912878
-1.20883
0.0990859
-0.599458
0.212536
-0.648629
0.55458
0.205099
-0.493078
-0.644547
0.0212495
0.773042
-0.303563
-0.98662
0.0984988
0.330596
-0.893177
-0.644763
0.411916
-1.01046
1.4646
-1.8353
0.134393
0.760772
-0.801453
0.245414
-2.07036
1.46387
0.277786
0.594793
-0.583926
1.15713
-1.64294
-0.939815
-1.62106
0.19008
1.39696
-0.551236
0.795681
-0.438979
0.191727
0.17774
0.577232
0.432334
-0.545715
-1.7034
-0.457698
1.11609
0.0112173
0.548015
0.388517
0.133916
-1.28615
-0.621417
0.548188
0.163676
-0.337097
1.04232
-0.104081
-0.228375
0.629579
-1.33486
-0.383551
-0.711934
-1.52584
0.038502
1.14356
0.821458
-0.461613
1.03801
-1.45886
-0.899684
-0.683643
0.257302
0.131071
0.28177
0.394423
-0.0742208
1.5454
-0.129067
0.162681
-0.442045
-0.675213
2.02722
-0.906478
0.054836
0.539858
-0.850047
0.0610046
0.00143087
-0.0996208
1.77551
0.339659
-1.52543
-0.473111
1.02078
-0.364162
0.150351
1.32837
0.535018
0.366495
