-0.0225706
0.267182
-0.761188
0.131415
-0.325235
-0.231344
-0.571767
0.305015
-0.420637
0.517885
-0.200431
-0.378211
-0.640804
0.0933453
-0.504533
-0.837235
-0.368365
0.156154
-0.971423
-0.589636
1.07014
-0.489078
-0.577298
0.0096162
0.00977143
0.185118
-0.0254669
-0.162946
0.601705
1.24852
0.580975
0.00490234
0.24594
-0.0378633
0.915795
0.327393
-0.306039
-0.291234
-0.0569249
-0.160125
0.747351
-0.259346
-0.993422
-0.196575
-0.114459
0.632489
-0.107507
-0.363492
0.116385
-0.483096
0.664664
0.987487
0.431651
0.391622
0.30329
-0.567209
0.56852
0.917704
0.0250517
-0.396149
-0.694893
0.0558808
1.13235
0.759923
-0.876575
0.552581
-0.113139
0.556107
-0.551554
-0.146039
-0.563538
-0.881911
0.243463
-0.936343
0.30108
-1.23115
-0.215088
0.461338
-0.322495
-0.528068
0.256647
-0.551261
0.199982
0.760598
-0.193471
-0.603904
0.206063
-0.0241731
0.137273
0.489187
-0.332602
1.61934
0.135343
0.0569599
-0.0798399
0.0973095
-0.428756
0.528811
-0.0398079
0.320263
0.695157
0.0510431
0.0333846
-0.381272
0.706455
-0.331143
0.525359
0.818608
-0.103804
0.444776
0.678517
-0.439836
-0.0982257
1.5145
-0.710222
0.177857
-0.33222
0.843555
-0.108429
0.614121
-1.07532
0.748176
-0.642855
-0.234735
1.18969
-0.17299
-0.0616053
-0.255127
0.184286
0.0819771
-0.624192
-0.878654
0.617936
0.840404
-0.350327
0.00887632
-0.696082
0.0265956
-0.0505513
0.288648
0.37272
-0.389593
-0.0776392
0.270213
-0.539861
-0.7038
-0.484485
-0.533781
0.282036
0.204491
0.0697176
0.837333
-0.374055
0.730606
-0.36466
1.21733
-0.228702
-0.0018447
0.166889
-0.886933
-0.245567
0.873199
-0.446154
0.168424
0.093907
0.0385142
-0.585506
0.536648
0.186555
-0.804169
-0.73772
-0.921198
0.416166
-0.348649
-0.2456
-0.299846
-0.212773
-0.235661
0.840018
0.300906
0.16101
0.0636445
-0.0795086
0.775324
0.464456
-0.492361
0.702629
-0.604954
-0.650168
-0.942736
-0.412051
-0.443746
0.0961143
-0.480064
0.387644
1.07368
0.508093
0.226195
1.04192
0.528063
0.854122
-0.631665
-0.610281
-0.787601
-0.420933
0.302132
-0.117077
-0.127696
0.239898
0.0417529
-0.0816981
-0.313886
-1.30724
0.368771
0.429856
0.534236
0.394241
-0.884939
0.68842
0.992181
0.389346
0.985039
-1.45959
0.0463799
0.343826
0.736497
1.03572
-0.327375
0.309634
0.545707
0.282968
1.17642
0.218434
0.697693
0.413982
-0.098786
-0.133723
-0.216951
0.313518
-0.297878
-0.487377
0.132595
0.204965
-0.40562
-0.103808
-0.336755
1.11066
0.317494
-1.20042
-0.361502
-0.80763
-0.652541
-0.472672
-0.114105
0.678128
-1.08353
-0.787348
0.648744
0.813604
-0.0308658
-0.730421
0.179435
0.228974
0.065277
1.21645
-0.573222
0.50283
-0.0738514
0.117423
0.272002
-0.115334
0.70199
0.18906
-0.138156
0.0886762
-0.61849
0.711275
-0.1259
-0.594262
0.351579
0.253232
0.566716
0.0568006
0.512479
-0.1425
0.674185
0.710228
0.547781
-0.27099
-0.511175
-0.558923
-0.0422677
-0.00583007
-1.03253
0.30936
0.0263751
0.677937
-0.615454
0.40742
0.32692
0.796144
0.792687
-0.869694
-0.725053
0.357332
-0.565626
-0.375696
0.0323082
-0.871674
0.236515
0.371651
0.332796
-0.332069
1.21878
0.851328
0.717783
0.375066
-0.775165
0.699768
-0.428624
-0.291148
-0.452243
-0.252243
-0.0638744
0.966171
0.24469
1.04077
0.911518
-0.0399062
0.368691
0.645499
-0.405987
-0.11135
0.31927
-0.713926
0.160286
-1.16887
0.407276
0.617266
-0.506241
-0.750914
-0.204373
0.226932
-0.298338
-0.0964164
-0.644893
0.301553
0.680369
1.07725
0.298382
-0.0407417
-0.109872
-1.03054
-0.450652
-0.0547756
-0.0411138
0.0254237
-0.458543
0.3243
0.0967521
0.814962
-0.353564
1.52373
-0.150553
-0.435887
-0.247742
1.00644
-0.162946
0.0705111
-0.00106077
-0.365266
0.276402
-0.851432
-0.730428
-0.275724
0.392617
-0.232776
0.456094
-0.00930518
1.60912
-0.0171793
-0.137209
-0.604877
1.31309
0.0208985
0.630044
0.0922672
0.431152
-1.01676
0.0145221
0.103193
0.250858
0.925423
0.0361249
-0.14652
-0.191163
-0.594089
0.746027
-0.0261063
-1.19783
-0.573538
0.105989
-1.15615
-0.363482
-0.249807
0.617263
0.224416
0.361449
-0.327034
-0.757344
-0.306737
0.217175
0.313959
-0.543359
0.901999
-0.671452
0.67488
-0.878103
-0.362828
-0.178388
-0.0696472
0.803987
0.550618
0.825636
-1.00259
0.308103
0.288947
0.852508
-0.0978179
0.588333
-1.39717
-0.546823
-0.536602
-0.0693407
0.289817
-0.236801
-0.0712859
0.595292
-0.445745
1.15997
-0.46773
0.200877
-0.316373
0.344644
-0.127121
-0.199396
-0.345033
-0.281882
0.0495818
1.05807
0.929961
-0.574547
0.73983
0.269648
0.560467
0.775621
0.0935566
0.981018
0.157154
0.00129517
0.209114
-0.778574
-0.105491
-0.280769
-0.541153
0.111346
0.259936
0.553218
0.018089
0.143272
-0.431173
-0.381508
1.09154
0.431244
0.399036
-0.602537
-0.0607628
-0.0715665
0.730001
-0.371951
0.0120956
-0.401624
-0.527147
0.288774
-0.19528
-1.01723
-0.443089
0.0773661
0.645672
-0.236909
-0.113253
-0.495265
-0.460204
0.80951
-0.101859
-0.383447
1.00313
-0.792828
-0.719007
-1.06439
0.0247394
0.343636
0.236943
-0.605776
1.21086
-0.830251
-0.181873
1.29301
-0.303191
-0.209586
0.220516
0.161876
-0.056997
-0.236107
-0.384279
0.709047
-0.236134
-0.353494
-0.81398
-0.422265
-0.387376
0.110811
-0.124117
0.373888
-0.0828478
0.37629
1.27761
-0.146291
0.42144
0.433877
-0.184634
0.00904882
-1.18632
0.290428
0.352231
0.00243768
-0.639239
0.604545
0.393896
0.840046
0.322754
0.358695
-0.0787925
-0.200624
0.883223
0.768959
0.14613
-0.647699
-0.135322
0.894538
-0.12807
-0.269684
-0.339579
-1.01301
0.119267
-1.02336
0.00919818
0.482372
0.0594885
1.5974
-0.259421
-0.769503
-0.165809
0.110305
-0.538539
0.523566
0.34048
0.878703
0.000376113
-0.397389
-0.572358
1.29165
-0.657587
0.365306
0.620415
-1.40081
-0.68744
-0.0293486
0.208899
0.556823
-0.0371378
-0.640453
0.803388
-0.566529
0.214475
0.303458
0.156547
1.13067
0.64127
0.547384
-1.40454
-0.846758
0.0690448
-0.0153868
-0.38514
0.259263
-0.423942
-0.427944
0.891204
0.329831
0.0891254
0.16874
-0.301034
0.265236
0.36385
-0.743462
-0.201909
-0.0721465
0.243657
-0.803974
0.396314
0.177972
0.543791
-0.159558
0.409339
-0.15802
1.34971
-0.0539508
0.0250974
-0.737733
0.342346
0.0483645
-0.225736
-1.09141
0.0241665
0.419617
-0.157214
-0.0134958
-0.453287
-0.33774
-0.0717836
0.134509
0.164538
-0.233283
-0.74744
-0.217933
0.046656
-0.0760861
0.36346
-1.14952
-0.347628
0.173732
-0.701318
-0.0959215
1.00352
0.771194
-0.295706
0.513482
0.902123
-0.651935
-0.285167
-0.145401
-0.36208
0.00725274
0.154245
-0.288619
-0.953695
-0.221116
-0.343426
0.565876
-1.18797
0.595027
-0.946681
0.0681403
-1.60675
-0.113296
-0.5847
0.92318
-0.539445
-0.441541
-0.176956
0.0747073
-0.0412262
0.531068
0.594028
0.0158927
0.644641
-0.80639
-1.06115
0.714844
0.421644
-0.893502
0.0196863
0.0549818
0.0127929
0.0803314
-0.87296
-0.442972
0.157406
0.620622
-0.778473
-1.04707
0.06558
-0.323188
-0.554698
1.14005
0.253623
-0.463792
0.563559
0.721558
0.887688
-0.552044
0.309821
-0.017159
0.121944
-1.06755
-0.171068
0.323587
-1.27763
-0.259819
-0.0677221
-0.741623
0.806174
0.189796
-0.403072
-0.247261
0.23461
-0.891057
-0.248873
0.515644
-0.465134
-0.473434
-0.905439
0.290395
0.228507
-0.0949032
0.121555
-0.41065
-0.0608026
0.345977
0.0804961
0.74639
-0.845039
0.249135
-0.302935
-0.00699011
-0.374868
-1.04948
0.611489
-0.213588
0.959687
0.0392259
0.702536
0.0607017
0.137455
-0.047674
0.559304
-0.302288
0.199105
2.43391
-0.336148
-0.00659439
-0.522634
-0.891896
-0.67817
-0.0167303
-0.934545
-0.453563
0.286418
1.13771
-0.298834
0.142743
1.17765
0.799807
0.104159
0.917539
-0.328245
0.226242
0.346583
-0.955114
-0.653507
-0.437581
0.991363
-0.0997786
-0.0854958
0.0528035
-1.05725
0.278802
0.320014
0.18446
-0.151123
0.543576
1.04169
-0.130327
1.17397
0.54827
0.442664
0.430086
-0.303256
-0.438241
-0.303198
-0.290165
0.272647
0.166439
-0.786179
0.799323
-0.831688
-0.707531
0.649606
0.362479
1.02372
1.56616
0.236093
0.0621439
0.184327
0.390911
0.00245116
-0.118731
0.803129
-0.29184
0.00267602
0.277281
0.332489
-0.118273
0.0216373
-0.260254
-0.012149
0.0235967
0.122202
0.929103
-0.253762
-0.445249
0.54272
-0.628858
-0.388075
0.405913
-0.582077
-0.29825
0.428684
-0.290554
-0.781314
1.2022
0.970521
0.550962
-0.182305
0.608742
0.679769
-0.250937
-0.706318
0.723781
0.0744822
-0.802729
-0.764115
-1.16218
-0.847909
0.555619
0.411027
-0.525257
0.188339
-0.66992
-1.02555
0.341958
-1.09671
-0.383275
-0.201848
0.65551
0.242607
-0.820131
-0.114251
0.367834
0.0801979
-0.600154
-0.450489
-0.373456
0.215285
-0.343085
0.353174
-0.785191
0.439342
0.0948994
0.130558
0.14022
-0.533166
0.803232
0.578133
-0.169665
0.363967
0.453142
0.159431
-1.12571
-0.425083
0.0306703
-0.26037
0.0812151
0.138704
0.711357
0.136813
-0.538768
-0.454886
-0.345453
0.587465
0.372564
-0.666587
1.00192
0.174136
0.341012
1.04459
0.0251037
-0.928162
0.722705
0.0734296
0.0452511
-0.0140274
0.808811
1.33577
-0.151804
0.88546
-0.0676383
0.205739
-0.0477482
-0.642907
0.393925
-0.152194
1.39397
0.235125
-1.01961
0.327201
0.94572
-0.115097
0.85457
0.689085
-1.06271
0.0509278
0.394871
0.927952
-0.361247
-0.709202
0.452932
0.180556
-0.161589
0.218194
0.149895
0.214602
-0.521624
-0.590687
-0.164499
1.03714
0.412108
0.130265
0.0544352
0.823995
0.233304
0.0800266
-0.249361
0.294519
0.338666
0.071514
0.160503
0.911983
1.99077
0.67286
-0.319563
0.631126
0.00971929
0.329441
0.0501115
-0.419809
0.205441
-0.904336
0.906886
0.281072
0.36982
-0.318399
0.429694
0.444896
-0.113654
0.609265
-1.08898
0.201501
-0.477944
-0.572913
0.332665
-0.902915
-1.20353
-0.198637
0.075397
0.168607
-0.5871
-0.450066
0.194471
-0.225843
-0.542984
-0.4772
0.730643
0.622423
0.208283
0.0519232
-0.995071
0.031611
-0.181739
0.684943
0.0884755
-0.557731
-1.35824
0.0990968
0.452002
0.203343
-0.270398
-0.000952059
0.40739
-0.417507
-0.851686
0.30802
0.386038
-0.809036
0.153134
0.220737
-0.28409
0.0869218
-0.559931
-0.100543
0.0808463
-0.697384
0.984205
-0.137392
0.706871
0.549894
-0.308055
-0.45276
-0.682621
-0.713114
-0.499061
0.478186
-0.377068
0.144801
0.448564
-0.349145
-0.883395
-0.0924829
-1.15181
-0.484206
0.340472
-0.267911
-0.0742373
0.608816
-0.61987
-0.479423
0.298148
-0.241749
0.254126
-0.0159367
0.278959
0.458308
0.591785
-0.21497
-0.382236
-0.458728
0.00952851
0.204154
-1.36345
-0.800444
0.29156
0.788662
0.401308
-0.294612
0.359105
0.703327
0.433677
0.666133
0.626923
-0.287861
-0.966296
0.480597
-0.998369
0.157325
0.433586
-0.215977
-0.225495
0.725015
-0.717989
0.125248
0.674131
-1.31544
0.47821
-0.0979661
0.571128
-0.297453
-0.335879
-0.211084
0.154103
0.307755
-0.34509
-0.872093
-0.242318
0.457964
-0.136668
-0.0678356
-0.648837
-0.566102
-0.653511
-0.00554523
-0.596769
0.260963
-0.311635
0.178609
0.387002
-0.153906
0.347778
0.301189
0.0596123
-0.261727
-0.15022
-0.293022
0.985384
0.0588962
-0.418162
0.34017
0.467091
-1.10342
0.551313
-0.0082391
1.39048
-0.255502
-0.112572
-0.642155
-0.49881
0.503782
-0.277794
0.351938
0.00139156
-0.303624
0.347557
0.0877023
-0.565243
0.0883539
-0.744585
-0.117168
1.40739
0.749092
-0.168996
-0.330218
0.0461523
1.4406
-0.401184
0.829983
0.449996
0.170262
-1.34615
-0.731566
0.244008
0.592734
-0.019012
0.792962
0.160949
0.175958
0.691569
-0.759854
-0.179102
0.258606
-0.80118
-0.117172
0.74812
-0.418458
0.0510094
0.578312
0.938122
-1.34793
0.18601
-0.476201
-0.942483
-1.17093
-0.412599
0.170256
-0.591685
0.466687
-0.412161
-0.447498
-0.491213
0.0805527
-0.836053
0.825947
-1.36953
-0.367428
0.0392406
-0.683361
-0.259107
-1.39626
0.379426
-0.280006
-0.191429
0.413259
-0.0148864
-0.338864
1.00997
0.0745497
0.696905
0.559796
0.0136147
-1.12584
-0.95037
-0.0378694
1.03735
-0.208014
-0.333907
0.179965
-0.0395156
0.635237
-0.160446
0.562047
0.772114
0.121337
-0.580655
1.29496
0.468166
0.0229182
0.13147
0.289531
-0.249497
1.25187
0.598716
-0.299577
0.721722
0.375649
-0.351883
0.205476
-0.218326
0.4728
-0.0699526
0.618606
-0.505639
0.0126708
-0.0214287
-0.328691
-0.0466921
-0.318936
0.831302
0.0791167
-0.470626
0.45197
0.0132265
0.537321
0.12251
-0.089269
-0.382401
0.783912
0.513242
0.350542
-0.861331
0.197557
-0.138303
-0.0419631
0.77603
-0.109596
-0.231411
-0.160558
0.450333
0.206417
0.00953661
0.569933
-0.0188422
-0.803336
0.347636
0.0756449
-0.227536
0.292642
0.721253
1.3
-0.0179441
-0.190445
0.369733
-0.612571
-0.198272
1.05232
-0.171488
0.0324097
-0.332729
0.84482
0.117826
0.0542782
0.122258
-0.297807
0.351972
-1.26571
0.181577
0.120162
-0.612491
0.0734057
-0.575752
0.534118
0.819664
-0.608816
0.270934
-0.492799
0.509913
-0.0780774
0.698349
0.496798
0.989965
-0.0418935
-0.057276
-0.901007
-0.259649
0.163026
-0.254596
0.4212
-0.591451
0.272896
0.740796
0.154487
-0.129798
-0.125533
-0.43105
-0.242133
-1.04576
0.224053
-0.470608
0.776937
0.325942
-0.462996
-0.548534
-0.883477
0.279058
0.697921
0.202944
-0.486517
-0.0856095
-0.364101
-0.357824
-0.155936
-0.284291
0.310444
-0.93185
0.675267
1.0442
-0.391871
0.12778
-0.302141
0.72485
-0.181992
0.67851
1.45484
0.827507
0.000239443
0.599279
0.789113
-0.282927
-0.41711
0.0130433
0.0280777
0.266928
-0.565162
-0.833588
-0.937193
-0.211648
-0.103739
-0.113496
-0.731303
0.520451
0.394183
0.373158
0.521565
-0.616316
0.479391
0.866622
-0.924135
0.505285
0.514866
-0.550789
0.702299
0.590084
0.169572
0.424709
-0.417655
0.64869
0.26771
0.38902
0.58175
0.424011
0.619663
-0.0236223
0.607515
0.298012
-0.297851
0.431356
-0.384984
-0.376022
0.479325
0.347485
-0.585008
-0.535357
0.156936
0.70089
-0.406194
-0.445347
-0.800153
-0.233969
-0.153475
0.126972
-0.737172
-0.177668
0.836483
-0.318057
-0.785165
-0.315646
-0.244964
0.305446
0.416141
-0.154401
-0.00413089
0.330367
0.147503
-0.231463
0.435809
-0.760465
-0.195494
-0.296273
0.136421
-0.141232
0.601324
-0.0943161
-0.191885
0.552268
0.33392
0.614423
-1.03552
-0.174185
0.993715
-1.09577
0.334864
-0.677743
-0.275339
-0.241268
0.387795
-0.119856
0.677803
-0.857045
0.337844
-0.244333
-0.439517
0.589931
-0.15672
-0.191676
-0.167193
-0.154304
-0.770369
-0.472514
1.24479
-0.0830051
0.302496
0.771062
0.317331
-1.29722
0.740544
0.536395
-0.393481
-0.940428
0.130189
0.424796
-0.614944
0.321926
-0.241007
-0.158263
0.235694
-0.491454
-0.156911
1.05749
-0.267037
0.465935
-0.16554
0.536081
-0.00940284
0.659186
-1.02062
-0.824857
-0.430745
-0.497438
0.115026
0.428558
-0.234346
0.529693
0.475825
-0.0867297
-0.0125053
-0.0987755
0.410619
-0.39254
-0.690901
-0.687743
-0.946218
-0.703301
0.247962
0.588775
0.104951
0.0706649
0.105369
0.177403
0.369482
0.252464
0.225816
0.387851
1.33662
0.835111
-0.0222901
-0.162791
0.017845
-0.561578
0.108049
0.0989862
0.513924
0.780375
0.115459
0.0319367
0.283441
0.576236
-0.179731
-0.430458
-0.882221
-0.348193
-1.29556
0.492906
0.763373
-0.896914
0.340552
-0.702271
-0.348173
0.0456791
-1.25935
-0.036279
0.449518
0.569919
-0.370757
-0.760149
-1.27702
-1.57267
0.497059
-0.156678
-0.540732
0.290187
0.0654275
-0.0104923
-0.394121
0.0192473
-0.364945
0.947477
-0.00742992
0.219689
-0.0510905
0.747842
0.393513
0.0791402
0.0219061
-0.373526
-0.149306
-0.986214
0.681675
0.0217848
-0.463233
-0.0364089
0.114498
-0.45867
-0.0330119
1.05115
0.267126
-0.0567136
0.674797
-0.161422
-0.281746
-0.356678
-0.273575
0.527253
0.340315
1.16356
-0.991991
-0.0522487
-0.163246
0.628867
0.893873
0.239139
-0.684197
0.893523
0.701366
0.357709
-0.716999
0.122495
-0.164348
-0.570668
1.43013
0.215232
-0.121165
0.402282
0.301337
-0.359535
-0.293808
0.323101
0.332607
-0.21821
0.456725
-0.0315384
-0.758356
-0.536545
-0.000331121
-1.37975
-0.0608359
0.45335
0.654784
-0.467857
0.505915
-0.113523
-0.300695
0.894269
0.326398
-0.0317423
1.19637
-1.14377
-1.01794
0.919727
-0.517379
-1.1136
0.267981
0.348646
-0.38759
-0.422369
0.288188
0.246125
-0.0409115
0.996247
0.42137
0.0286299
0.595094
-0.523954
-0.475977
0.227022
0.507597
-0.064442
-0.481401
-0.211788
0.831647
1.13403
-0.199573
0.431724
0.937067
-0.162259
-0.398709
0.0788446
-1.87372
-0.557754
-0.656116
-0.815654
0.398115
-0.708484
-1.21141
0.942618
-0.19181
0.238857
0.877542
-0.0809882
-0.191786
-0.543967
-0.511019
-0.641578
0.702565
0.028057
-0.169481
-0.0578026
0.528522
1.01252
1.03222
-0.427322
-0.103389
-0.822858
0.199847
0.327585
0.15233
0.0357597
0.577149
-0.0233271
-0.0626942
-0.214061
-0.381278
-0.536057
-0.0900479
0.426961
-0.284546
-0.081935
0.179763
0.456586
0.755
-0.855361
1.06069
0.25548
-0.139747
0.809277
0.965817
-0.626836
-0.010732
-0.132158
0.521704
1.28135
-0.957054
-0.241762
-0.868553
1.26747
0.155829
-0.0653384
0.150243
-0.0408596
-0.0145337
-0.523279
-0.0889487
0.596488
-1.44293
0.0474061
0.80474
0.094183
-0.725485
0.666135
-0.573776
0.123899
0.245615
0.0946781
-1.23563
-0.661465
0.254222
0.636767
0.0838745
-1.28916
6.25357e-05
-0.370668
0.927383
-0.170515
-0.784953
0.297215
0.424577
-0.0189349
-0.412447
-0.340633
0.870484
0.34821
0.465652
0.0961616
0.0284579
-0.159353
-0.869827
-0.125287
0.106442
-0.518719
0.794305
0.435317
-0.206101
-0.437957
-0.0455641
-0.489793
-0.554123
0.102098
0.347385
0.12895
0.860239
-0.317639
0.325644
0.135313
0.597615
0.254397
-0.251607
-2.7447
1.13912
-1.0949
0.517015
-0.546478
-0.0209587
-0.390089
-0.876969
0.0939874
-0.369106
-0.103705
-0.071772
0.574399
0.889089
-0.805624
-0.0206171
-0.643616
1.28567
-0.0820417
0.0150633
-0.379159
-0.495545
0.803331
-0.178186
1.183
-0.27713
1.04654
0.373408
0.628865
0.319639
0.129087
0.534146
0.519856
-0.682507
-0.947969
0.0866634
-1.72716
-0.197525
0.0301267
0.17779
0.1548
0.824976
-0.302071
-0.137406
-0.458308
0.257523
-0.163059
0.147296
0.100443
-0.152821
-0.52551
-0.0818614
0.343313
-0.690967
0.0305295
0.268495
-0.259782
-0.614415
1.00473
-0.0818689
0.0334935
-0.581502
-0.924601
0.356418
-0.0989342
-0.26095
-0.539831
1.15762
-1.04676
-0.395788
0.753636
-0.166519
-0.328383
0.11822
0.427294
0.621792
-0.238318
0.0899097
0.522921
0.421407
0.440661
0.270697
-0.142395
-1.18526
0.85937
-0.754675
1.66266
0.0896538
-0.364276
0.439215
-0.129549
-0.234193
-0.932321
0.42371
-0.33018
0.0121529
-0.66915
-0.600594
-0.0957557
0.207353
0.398809
0.903662
-0.731988
0.919424
0.235148
-0.472801
-0.530125
-0.925311
0.375221
0.636862
-0.126713
-1.4145
0.111952
-0.113209
0.258769
-0.840113
0.605457
-0.214703
-0.171845
0.957623
1.14645
0.756755
-0.426095
-0.434601
0.368284
0.672737
0.3784
-0.26439
0.754405
-0.0835327
-1.16673
-0.87639
-0.789504
0.419142
0.539167
0.684982
0.298876
1.1369
0.166802
-0.854108
0.815961
0.896061
1.43498
-0.251176
-0.0437956
1.21104
-0.28243
-1.45399
-0.283831
0.211352
-0.683356
0.232633
-0.0054501
-0.273526
0.0828969
-1.2614
-0.396859
-1.0374
-0.311349
0.726709
0.170022
0.233751
-0.165663
0.00366315
-0.490056
0.7934
0.712794
0.736514
-0.336415
0.249595
-0.107287
0.303812
0.56705
0.644277
0.809058
-1.07482
0.0942961
-0.0554836
1.44713
0.0575396
0.279499
-0.94153
-0.374346
-0.548476
-0.12045
0.671574
-0.0925249
-0.249997
0.156922
0.0227037
-0.614178
0.711743
-0.408946
-0.123975
0.740722
0.0943633
0.221066
0.242668
-0.369778
-0.305409
1.04744
0.107373
-0.979713
0.888887
-0.481558
-0.0478871
0.426958
-0.29379
0.693779
0.00358462
-0.155243
0.549706
-0.345612
1.31129
0.444203
-0.17082
-0.0501362
0.790558
-0.147839
0.378515
-1.32379
0.245263
-0.73168
0.0403491
-0.174744
-0.105128
-1.23662
-0.0321078
-0.219232
1.26814
0.398467
-1.3686
0.00830923
0.66853
-0.272575
-0.409116
0.875243
-0.561399
0.111761
0.665042
-0.116713
-0.20277
0.147065
-0.035906
-0.129283
-0.662159
-0.144786
0.461401
-0.670192
0.435375
-0.6485
-0.799912
0.769907
0.0687517
0.576464
0.397988
-0.929488
-0.0315227
-0.187142
-1.48047
0.287913
-0.327972
-0.0230035
0.0394134
0.275758
0.69627
-0.192292
-0.0802057
-1.25004
0.536851
-0.22697
-0.362301
0.96129
0.824091
0.296103
0.860927
0.424807
-0.0952399
0.140784
0.809256
-0.66796
-0.764482
0.767974
-0.0536685
0.328418
-0.309591
1.6757
1.33171
-0.136076
-0.619769
0.614074
0.100723
0.404037
-1.18768
-1.09765
-0.462747
0.277813
0.708481
0.0948627
-0.457377
0.586643
0.0764533
-0.643704
-0.672277
0.6104
0.873836
0.13266
0.00639734
0.0115889
-0.256726
-0.153048
0.139605
-0.585347
-0.656962
-0.405989
-0.956589
0.774668
0.911027
-0.27155
-0.417143
-0.177322
0.464838
-0.364017
-0.627708
-0.795281
0.781565
0.198028
-0.665525
0.481865
-0.461128
-0.231296
-0.664012
0.0491494
0.0783051
0.221664
-0.445553
-0.824819
0.211235
-0.379476
-0.358181
0.169768
0.42317
-0.119714
-0.07775
-0.302071
-0.0208573
-0.209431
0.223885
-0.430714
0.571993
0.688992
-0.745889
0.324607
-0.202922
0.0881086
0.758201
-0.759512
0.00265653
0.352202
-0.485761
-0.259548
-0.256304
-0.00771475
-0.709689
-0.172993
0.257686
-1.30033
0.214864
-0.172891
-0.935533
0.865924
0.302012
0.965798
0.453356
-1.09152
-0.390511
0.778849
-0.790861
-0.0747601
0.478461
0.149813
0.0300698
-1.29736
-0.680997
0.167687
-0.126588
0.758071
0.13067
-0.455044
0.2633
0.32063
-0.40131
-0.129525
-0.0703896
0.662976
1.06787
0.156083
-0.550744
-0.385362
1.02537
0.357166
1.01791
-0.0179551
-0.983542
-0.728303
-0.338174
-0.22193
0.742929
-0.0431143
1.15118
-0.00665195
0.947357
0.304398
-0.244573
0.159787
-0.161235
0.563116
-0.381575
0.326185
0.136574
0.334479
0.0706904
0.728839
-0.346512
0.283055
0.0186926
-0.197026
-0.419429
0.193106
0.311061
0.0245617
0.601964
-0.0384475
1.00927
-0.585721
0.205045
-0.321059
-0.237783
-0.0522659
0.252005
-0.414908
0.324121
0.370511
0.695124
-0.225695
-0.0551165
-0.612052
-0.315995
-0.0494914
0.0792428
-0.0893407
-0.12063
0.181351
0.0646784
0.464187
-0.210289
-0.435812
0.512861
0.0325034
0.197641
-0.0868563
0.353711
-0.134193
-0.674
1.60392
-0.261676
0.443048
-0.163419
-1.3814
-0.694206
1.13325
-1.09081
-0.572072
0.524071
-0.273597
0.533442
0.319654
0.179491
-0.212914
0.76409
-0.143107
-0.198319
-0.350086
0.499351
-0.141818
-0.00279818
-0.473579
0.732951
-0.00299127
0.633072
-1.30853
-0.740641
-0.218051
-0.472179
-0.0987474
0.546832
-0.0927112
-0.0289985
-0.877195
1.42291
-0.162128
0.110361
0.721181
0.588667
-0.0165039
-1.02655
-0.888123
0.86444
-0.0510691
0.620129
-0.0616801
0.204865
0.13344
0.058263
0.016128
0.109783
-0.00200941
0.434569
-0.572746
-0.392181
0.136251
0.781458
0.0424822
-0.286217
-0.119322
0.553583
0.145846
-0.736754
0.41467
-0.081579
-0.385786
0.170843
-0.472712
0.855221
-0.383407
0.780544
1.16818
0.180036
0.271724
0.32574
-0.124711
-0.93408
-0.0362737
-0.272799
-0.99846
0.649173
-0.676284
0.166514
-0.862839
-0.193734
0.491799
0.0812613
0.849394
-0.834924
0.674524
-0.186797
0.463441
0.802681
-0.0204209
-0.154882
-0.662745
0.065142
0.544853
-0.876304
0.611495
-0.542174
0.185705
-0.0816829
0.77688
0.138743
-0.480651
0.226178
-0.531096
0.080864
-0.663998
-0.900452
0.393233
0.0251842
-0.133024
-0.564271
-0.12451
0.179483
0.690206
0.950902
0.0204412
-0.0221357
0.117179
0.674539
0.161253
-0.133087
0.0767949
0.0319765
-0.067249
-0.847962
0.522432
0.813452
-0.495414
-0.614405
-0.835932
-0.31189
-0.873459
0.967715
-0.0112514
1.30883
0.117674
0.470691
-0.111733
-0.501766
-0.00774858
1.12819
-0.871445
-0.347314
-0.0885074
0.726111
0.769729
-0.104572
0.197918
0.270639
-0.00170936
0.133042
0.151751
-0.757098
0.765817
-0.0116253
-0.133337
0.410986
-0.543913
-0.278893
-0.732027
0.602409
-0.421942
-0.293953
-0.0170485
0.771684
-0.300985
-0.175567
-0.681479
0.0886022
0.434694
-0.87962
-0.402569
-0.0449985
0.959643
0.198076
0.30841
-0.953218
-0.952148
0.189671
0.935433
-0.268227
0.181414
-0.825154
0.0600139
-0.333937
0.455315
-1.44872
-0.310637
-0.644699
-0.856974
-0.0463313
-0.247237
0.399571
0.29
0.497748
-0.42387
0.0882895
-0.354048
0.0715358
-0.465105
-0.706147
1.15388
0.381305
-0.725202
0.124869
0.343961
0.756087
-0.686938
0.203152
0.898958
-0.314891
-0.0930887
0.680746
0.502636
-0.319468
1.41795
-0.0479963
0.636157
-0.390923
0.960643
-0.271747
-0.144473
0.49986
-0.0763815
-0.781955
0.15155
0.424177
0.809881
-0.634077
-0.224381
0.812624
-0.00643482
0.255269
0.0462201
-0.0656877
-0.665798
-0.120675
0.299449
1.07518
-0.0610812
0.863864
0.259942
0.957265
0.124431
0.19434
-1.06261
0.084415
1.08774
0.339247
-0.478857
-0.381791
0.856289
-0.829687
-0.0120175
0.0221361
0.195036
-0.256093
-0.631386
0.589482
-0.411236
0.220304
0.0102048
0.592106
0.0975383
-0.459539
-0.195359
1.34725
0.0842789
0.700302
0.0643308
0.10735
0.542371
0.271518
-0.277659
0.0558788
0.367036
0.0972968
-0.211638
-0.542161
0.544647
0.201857
0.0663335
-0.522375
1.34941
-0.0631857
-0.882443
0.665788
-0.710577
-0.635823
0.279098
-0.704109
-0.0536038
0.595869
-0.448681
0.17197
0.0375608
0.569759
0.00435617
0.215594
-0.314884
0.298758
0.17286
0.392021
0.556589
0.22326
-0.0784305
-0.434822
-1.04621
-0.108467
-0.116397
0.352833
0.588857
-0.193593
0.263914
0.141157
1.03988
0.512846
-0.467687
0.6047
-0.608482
-0.437201
0.519348
-0.551411
0.397515
0.265643
0.212798
-0.0410858
0.16684
-0.00862494
-0.122606
-0.676298
0.285605
-0.492555
0.00942425
-0.284561
0.512674
0.45093
-0.16961
-0.0914805
0.0892036
-0.499145
-0.77411
-0.0910994
0.494584
-0.121374
-0.505919
0.0561498
-0.570026
0.0529185
0.0444127
0.0406773
0.44672
0.11896
-0.599061
-0.815789
0.361215
-1.11149
-0.0949046
-0.97294
-0.45113
0.650095
0.101099
-0.188671
-0.00459883
-0.0122545
-0.497117
0.710949
-0.661263
0.0651443
-0.360692
-0.538616
0.921835
-0.123182
0.0481318
-0.780287
0.128946
-0.49107
0.348628
0.176597
1.18563
0.163097
-0.862181
-0.0636648
-0.16211
-1.02108
0.88847
-0.228434
0.419843
-0.540241
-0.547356
0.242233
0.224332
1.19602
-0.407102
-0.0428538
0.21777
0.194027
-0.24366
-0.31914
0.636978
-0.0247091
0.356697
0.540479
-0.47099
0.461143
0.663632
0.29422
-0.268497
0.735887
-0.861473
0.230976
-0.391736
-0.343831
0.139434
-0.367222
0.361361
-0.160517
0.557821
0.0699157
-0.0267012
-0.105628
0.333312
0.900339
-0.635056
-0.745755
-0.375081
0.424584
-0.801195
-0.771236
0.79844
0.071007
-0.54667
-0.237603
0.532409
0.0391775
0.152955
0.4146
-0.0726851
-0.237961
-0.580042
-1.08375
0.374356
0.212715
0.17434
0.120272
0.296622
-0.787953
-0.419566
0.234153
-0.509828
0.00514356
1.01066
0.79929
-0.0184122
-0.130135
1.02154
0.427794
-0.240262
-0.503095
0.490251
-0.282158
-0.0195089
-0.905871
0.294011
0.281401
0.353536
0.347167
-0.0194679
-1.04288
-0.523023
0.340824
-0.439224
-0.503991
-0.287611
-0.282523
0.405863
-0.489796
0.391328
1.28854
0.439813
-0.42416
-0.316299
0.196316
-0.852159
0.104562
-0.822668
-0.196272
-0.227601
0.247083
-0.842482
-0.806057
-0.0595374
-0.975848
-0.354271
0.0202601
-0.347221
-0.557151
-0.190919
-0.449955
-0.0328094
-0.167811
-0.983476
-0.276397
0.239132
-0.370728
-0.181559
-0.73842
-0.094947
0.0464409
0.562517
0.153526
-1.10827
0.4336
-1.16143
-0.188397
-0.792516
0.396603
0.131741
0.426806
-0.147361
-0.376594
0.0759542
0.338288
-0.419777
0.446766
-0.737523
-0.24865
1.004
0.167063
-0.041868
0.49119
-0.0442406
0.202619
0.88012
0.0568757
0.16066
-0.186989
-0.600808
-0.0326096
1.27575
0.313942
-1.48913
-0.539203
0.0740895
0.730479
-0.626533
-0.191516
-0.281136
0.0689316
-0.736524
-0.939441
0.953805
0.344334
-0.063342
0.447716
0.79595
0.33817
-0.650271
-0.708773
0.199315
-0.204764
0.282615
0.95314
0.382
-1.48662
1.2118
-0.480346
-0.417609
0.522932
0.29068
0.300824
-0.53349
0.363042
-0.177965
1.01283
1.65073
0.385209
-0.110533
0.669932
0.436308
-0.0367486
0.301619
0.315303
0.154386
0.404326
-0.696451
0.323253
-0.739209
-0.123398
-0.128785
0.0690448
0.0212601
-1.15105
-0.305333
-0.400828
0.272423
-0.568655
0.715235
0.212035
-0.38597
-0.276766
1.09226
-0.200463
0.0219781
-1.21597
0.516203
0.0386076
-0.612226
0.532949
0.155103
0.242488
0.748863
0.742518
-0.420519
0.281908
-0.552035
0.650395
-0.277294
0.182571
0.0362689
-0.00672776
-0.607628
0.48938
-0.00805441
0.244927
0.45016
0.224331
-0.587394
-0.143667
0.192363
-0.795002
0.479619
0.771423
0.375461
0.0699466
1.47266
-0.144051
-0.0760239
-1.40089
0.484878
0.0425406
0.916155
1.3435
-0.148556
-0.368047
0.234009
-0.642113
-0.0299441
-0.580118
0.229811
-0.057963
-1.87105
-0.522928
1.13866
-0.15009
-0.185592
0.0670928
0.609276
-0.877119
-0.467851
0.25273
-0.120784
-0.303072
-0.148953
-0.450626
-0.949067
-1.46038
-0.513169
0.219679
0.0824087
0.649658
-0.341871
-1.61394
-0.356684
0.512124
0.463419
-0.189866
-0.160602
-0.248683
0.380428
-0.17581
0.332605
-0.532281
-0.893638
-0.217576
0.428424
0.783109
1.44511
0.377216
-0.0953721
1.02056
0.565369
-0.500475
0.162468
0.290847
-0.0336248
-0.397031
-0.293503
-0.709536
-0.246424
-0.545438
0.251032
-0.490597
0.501291
-0.200823
-0.221094
-0.0081103
0.293937
0.25303
0.156967
0.233348
0.43553
-0.331344
-0.121606
0.10789
-0.439905
0.379263
-0.224
-0.16748
-0.0973684
-0.636167
-0.00933022
0.00785036
0.185056
0.115477
-0.756494
0.531765
-0.6259
0.262022
0.716364
0.0587351
0.0322853
0.0196503
-0.476934
0.406611
-0.326488
-0.153375
0.158374
0.567899
0.117297
-0.237659
-0.00461949
0.831503
0.995578
0.284076
0.857761
0.168312
0.238858
-0.650976
0.00542374
0.991786
0.702992
0.422468
-0.972371
1.4133
0.454164
0.417796
-0.346158
-0.58173
-0.0816515
-0.246977
-0.764791
-0.147418
-0.244694
-0.454026
0.30745
0.102772
-0.367458
-0.463902
0.368485
0.8195
0.0661319
0.890141
-0.0728234
-0.180485
0.185631
0.20613
-0.532742
-0.574673
-0.250513
-1.26604
-0.414186
0.874461
0.434812
0.273963
0.579624
0.749933
0.75319
0.186126
0.350808
-0.48525
0.733622
0.117017
0.000687619
-0.559543
-0.197263
-0.113994
-0.0673131
-0.528362
-0.524024
0.536766
0.753644
-0.432409
-0.160758
0.092955
0.661953
0.143984
-0.170967
-0.8585
-0.0324552
0.155404
-1.1611
-0.12363
0.613659
0.567432
-0.373506
1.22976
-0.059963
-0.551193
-0.821134
-0.437822
0.458465
0.23377
1.5408
-0.911245
0.28891
-0.449309
0.402741
-0.137255
0.764049
-0.384921
0.0377068
0.240753
0.113597
0.180658
1.11785
0.40463
-0.473594
-0.109556
-0.691542
0.378808
-0.228013
-0.149745
-1.18889
-0.116604
0.509963
0.727539
0.117911
-0.355412
-0.0148709
-0.331174
-0.739121
-0.265096
-1.09721
-0.235594
-0.0751406
-0.15148
0.089462
-0.84262
-0.63506
0.00618021
-0.223277
-0.544582
0.586726
-1.04449
0.128235
0.172684
0.475551
0.380586
0.561303
-0.574334
-0.643286
0.888235
-0.761277
0.209675
0.116792
-0.229698
0.322372
-0.203135
0.0183854
0.306316
-1.27055
-0.0673435
-0.32093
-0.604153
0.424819
-0.874642
1.17944
0.185108
-0.830715
-0.27074
-0.266636
0.412278
0.6692
-0.262477
-0.648261
0.5695
0.582612
0.588968
-0.300746
0.294398
-1.48259
-0.637913
0.499628
-0.243753
-0.895777
-0.500186
0.343934
0.238941
-0.233309
0.843207
0.273892
0.304973
-0.703423
-0.329057
1.79647
-0.41674
-0.301328
0.153049
-0.283438
-0.0272203
-0.34049
-0.0208997
0.649427
0.647684
0.974412
1.17876
-0.615527
-0.349605
-0.205804
-0.0542202
-0.404827
-0.278205
-0.0707623
-0.101475
-0.00275784
-0.90464
0.701684
1.47964
-0.00360665
-0.570539
-0.665827
-0.806093
0.116601
0.0463026
0.145112
0.0511319
-0.298602
-0.151535
0.218405
-0.645582
-0.140946
-0.31383
0.235443
0.287406
-0.466713
0.387857
0.167524
-0.336066
1.00289
0.610636
0.108473
-0.186782
0.157001
-0.332215
-0.254195
-0.979256
-0.411165
-0.662364
-0.792021
1.37776
-0.959442
0.206795
-0.400182
-1.27682
-1.44404
-1.00296
0.0146951
-1.10178
-0.00152938
0.238127
-0.0336761
-0.146413
0.361295
0.38977
0.274366
-0.621491
-0.89516
-0.508159
-0.00747766
-0.843267
0.965262
-0.779726
-0.732357
0.24319
-0.15866
0.399686
0.403553
0.0787626
-0.185692
0.0148906
1.1239
-0.401814
-0.323274
0.230467
0.882989
0.833228
-0.751348
-0.0234656
-1.78792
0.149137
0.261349
-0.481286
-0.513439
0.665021
-0.636293
0.785737
-0.107219
-0.992946
-1.23944
0.351828
0.27913
-0.413458
-0.91883
0.235437
-0.438684
0.647686
0.139969
-0.373905
-0.839329
-0.129557
0.228223
0.650793
-0.301547
-2.01139
-0.27981
0.663546
0.146171
-0.401893
-0.1985
-0.145359
0.468103
0.376033
-0.477887
0.0911636
0.378427
0.0699496
0.511753
-0.468104
0.273322
-0.535011
-0.0904418
-0.240186
-0.836451
0.123533
0.067582
-0.407354
-0.0604185
0.0171876
-0.272571
-0.877357
0.848563
0.899573
0.455282
-0.937046
0.603672
0.186468
-0.859763
1.0616
0.166523
-0.0925857
-0.709347
0.354494
-0.681087
0.11066
0.107163
-0.384818
0.927296
1.27391
1.18643
0.227918
0.380144
-0.842625
0.0876024
-0.589425
-0.11601
0.129509
-0.14087
0.125995
-0.101446
0.46838
0.727445
0.0411566
-0.28839
0.534908
-0.419488
-0.92078
0.522777
-0.498577
0.351455
-0.642779
0.0612856
-1.06813
-0.137059
-1.17586
-0.557217
0.868126
-0.178455
1.32982
1.06866
0.436971
0.79956
-0.440643
-0.74115
0.146115
-0.50491
-0.594962
-0.362963
0.6693
0.366364
-0.082894
0.504138
-1.37066
0.901122
0.443101
-0.124133
-0.280923
-0.0139497
-0.447914
-0.557724
0.71601
-0.528233
0.574211
0.649295
0.0750029
0.303927
-0.548384
-0.207388
0.0489257
-0.636864
-0.233729
0.824243
-1.27333
0.170983
-0.622225
0.483893
0.563783
0.106708
0.0652003
-0.195483
-0.00815232
-0.545431
0.398059
-0.496325
-0.634382
-0.323625
-0.789063
-0.507866
0.119299
0.482137
0.302265
-0.745899
0.411823
-0.788545
0.212936
-0.123747
0.0231039
-0.156029
0.434474
0.0107028
0.112886
-0.64544
-1.20818
0.687127
-0.564629
0.538038
0.331267
-0.393207
0.419109
-0.281707
0.257104
-0.336819
0.434829
-0.797148
0.727745
0.505407
0.112622
0.693659
0.706853
-0.430555
0.461889
-0.349662
-0.695797
0.573329
0.51706
-0.39906
-0.594421
0.179049
-0.191224
-1.13844
-0.210335
-0.011906
-0.163841
0.349598
-0.298009
0.0992289
-0.00425515
0.192794
-0.0531659
0.206993
-0.713822
0.159721
-0.578153
0.901773
0.182418
0.361018
-0.024296
0.00633418
-0.210749
-0.326072
-0.107798
-0.624569
0.259134
0.377679
0.622703
0.105859
-0.120297
-0.62261
-0.904998
0.928296
0.72611
0.000680018
-0.161698
-0.543906
0.478126
-0.443526
0.54462
0.344364
-0.0629675
-0.674075
-0.0684078
0.457818
0.743749
0.986834
0.349297
0.928917
0.515303
0.737935
1.36202
0.302501
-0.946439
-0.932521
0.184236
1.32527
-0.313222
0.121577
0.090208
-0.688069
-0.284373
0.245943
-0.140063
0.462114
0.73565
-0.546928
0.565608
1.49369
1.33218
0.544406
0.103538
-0.221376
-0.170248
0.227713
-0.310658
-0.173322
0.230159
0.226417
-0.400012
-0.651535
0.635231
0.321931
-0.528082
-0.16876
0.138246
-0.639337
0.166836
0.923213
0.724832
-0.589365
0.589238
-0.341087
0.515196
-0.23598
-0.31506
0.414366
0.0660925
0.0198419
0.0300636
-0.0276246
-0.775475
-0.681346
0.497419
-0.213618
-0.201192
-0.00498544
-0.725114
0.702593
0.653257
-0.224093
0.162688
-0.811497
1.34506
-0.0216094
0.00527257
0.618461
-0.951823
-0.762113
0.26514
0.630053
-0.0589612
-0.77379
0.176536
0.25292
0.0452466
0.644588
-0.667779
-0.488355
0.659541
0.273675
-0.248363
-0.328178
0.762092
0.715599
1.09315
-0.0030867
-0.1384
1.04742
0.911221
-0.00163333
0.0536063
-1.09528
-0.444959
-0.155372
-0.67419
-0.617847
-0.448964
-0.0742208
0.977772
-0.471991
1.02784
0.719061
-0.0821732
0.267598
-0.105789
-0.340094
0.514749
-0.0721425
0.295225
-0.46237
0.461192
0.213593
-0.61885
0.448258
0.122053
-0.139731
-1.08929
0.876414
-1.01348
0.101878
-0.294754
0.826488
-0.26704
0.0222368
0.131485
0.715405
0.252062
-0.0218765
-0.0110805
-0.900065
-0.144874
0.663559
-0.362864
-0.609931
-0.406849
0.470447
0.118826
0.725712
-0.185717
-0.0363973
0.40867
0.429286
0.128281
-1.02848
-0.155645
-0.565006
0.399717
0.237053
0.0879262
-1.01468
-0.503231
-0.149295
1.50957
-0.901064
0.0646334
0.196134
0.232092
0.489913
0.54835
0.422216
0.29327
-0.12511
-0.901266
-0.820825
-0.643669
0.225056
0.205339
0.125046
-0.432719
-0.045823
0.344649
-0.0408771
0.566602
0.756047
-0.698768
-0.327931
0.0419583
-0.62942
0.139027
0.727666
0.280051
-1.16585
0.452833
0.149791
-0.509756
-0.0782555
0.823353
0.457763
-0.509159
0.310984
0.298601
0.250787
-0.199868
0.904148
-0.268843
-1.63315
-0.146203
0.617455
-0.964667
-0.412883
0.859923
1.23627
0.484068
-1.65282
0.411485
0.0929802
0.0931297
0.0525606
-0.905959
-0.552703
0.125113
0.238966
-0.743258
0.0996463
-0.312256
0.2841
-0.173367
-0.641674
1.07799
-0.206561
-0.471688
0.521846
-0.113591
2.10987
-0.412098
0.117921
-0.0278768
-0.241692
0.0470173
0.0279326
0.149847
-0.0261955
0.410111
0.345477
-0.113917
0.346747
-0.569456
-0.191184
0.434713
0.933622
0.273107
0.478504
0.307685
0.696623
-0.134725
0.410342
-0.619519
0.585017
-0.948182
0.176666
0.386676
-0.928537
-0.0829171
-0.630976
0.174202
0.471052
-0.364526
-0.440937
-0.771852
1.08328
0.385151
-0.0107213
-0.322828
0.343888
0.0866795
-0.0553009
-1.11941
0.369634
-0.0878151
0.580766
-0.0160042
0.200296
0.00181726
0.00181102
-1.75656
1.12861
0.661267
-0.039041
-0.796516
-1.2099
-0.0776109
-0.205946
0.884894
-0.0574929
0.377775
-0.293792
-0.166557
-0.0703549
-0.182203
1.29584
-0.380928
0.853424
0.633954
-0.114889
-0.514976
-0.0583784
-1.28833
-0.441853
0.512805
0.76286
1.03112
0.258885
-0.532447
-0.602997
-0.929235
0.38016
0.54924
-0.527207
0.511196
-0.116236
0.670941
-0.469533
0.637768
-0.130062
-0.276378
-1.26591
0.553743
-0.0718432
-0.440491
0.40042
1.07837
0.586067
-0.520333
0.272885
0.639378
-0.0322883
-1.0001
-0.530858
0.156402
-0.585461
-0.790204
0.0339426
0.455877
-0.382408
-0.286543
-0.644757
0.467469
-0.181246
-0.348546
-0.670923
-0.227838
-0.633903
0.167692
-0.175135
0.373558
-1.15787
-0.0923012
-0.209374
-0.699367
-0.0814645
-0.22805
-0.13057
0.826369
-0.524132
-0.133001
-0.156668
0.308213
0.121155
0.00325771
-0.672914
-0.467566
-0.340545
0.119842
-1.29483
0.399564
0.255792
1.09207
0.108924
0.354474
0.00757508
-0.0253401
0.537263
-0.154105
-0.00749972
-0.00914849
-0.552658
-0.412744
0.130861
0.103733
1.08453
-0.674065
0.360224
0.414347
0.975928
-0.0916637
0.454878
-0.403527
1.0226
-0.398503
-0.140649
0.10426
-0.0835815
-0.232727
0.261059
-0.166012
0.995021
0.452695
-0.216073
0.324868
0.119802
0.178545
-0.220136
-0.447405
-0.230457
0.0715631
-1.309
0.6373
0.286484
0.491086
0.641506
-0.647079
-0.882587
-0.80336
-0.951206
0.943589
-1.01452
-0.165537
-0.0549104
0.405321
-0.226111
-0.224876
0.0627251
0.139849
0.725265
-0.841707
-0.156855
-0.569364
0.583523
0.037875
-0.340293
0.194838
0.30708
-0.421731
0.705885
-0.709556
0.735408
-0.025726
-0.483669
0.223273
-0.619695
0.341831
-1.23246
-0.022735
0.189784
0.606903
-0.280718
0.953842
0.210478
0.320218
0.234772
-0.258851
0.940259
-0.0372359
0.263225
-0.294072
0.152618
-0.67344
0.384885
0.262075
0.318763
0.769432
1.0528
0.120105
0.444298
-0.653858
-0.645519
0.130147
0.745679
1.10079
0.401574
-0.669616
-0.257962
-0.414283
-1.45881
-0.498648
0.200194
0.588353
0.667528
-0.315908
-0.359092
-0.053204
0.272345
0.585623
0.58747
0.586598
0.8967
-0.786131
-0.265419
0.161926
1.2056
-1.11502
0.699498
-0.359306
0.0826515
0.386572
0.175801
0.921437
0.145246
0.0722667
0.780536
-0.569773
0.0582422
0.10076
-1.43562
0.53803
0.957921
-0.423083
-0.166924
0.139562
-0.700475
0.0315948
0.54018
-0.106743
0.415595
0.553394
-0.224985
-0.165399
-0.487394
0.760024
0.0136182
0.573697
0.915615
-1.20796
0.263375
0.751906
0.00105608
1.51995
-0.126167
-1.65327
0.418695
-0.215141
1.56615
0.755409
-0.852896
-0.332458
-0.797607
-0.550842
-0.536142
-0.502536
0.393564
-0.223961
0.205109
-0.653557
-0.374045
0.908574
-0.703965
-0.291397
0.876733
0.357244
1.03838
-0.0673295
-0.0691685
0.0902055
0.584701
-0.228613
0.0385949
-0.506459
-0.523881
-0.0690591
0.0867429
-1.13295
-1.02441
0.660086
-0.942806
-0.383819
-0.708799
-0.859049
0.712003
-0.306819
-0.592871
1.12734
-0.0737187
0.450496
-0.63717
-0.469733
0.252386
0.309816
-0.87754
0.555755
-0.358363
-0.636013
0.353268
-0.366048
0.331905
0.137084
-0.0583203
0.0342984
-0.19711
0.597523
1.09629
0.144587
0.564486
0.307027
0.215573
1.23058
0.50474
0.220467
-0.151473
-0.159667
0.132715
-1.07613
0.761733
-0.343967
0.178068
0.155183
0.915958
0.873938
-0.339151
0.887337
-0.806703
0.666062
-0.0961068
-0.22749
-0.757876
-1.09421
0.082597
-0.953328
0.202124
0.561365
-0.383263
0.118239
0.395656
-0.481461
0.810731
0.145768
0.811876
-0.368768
-0.755244
0.30683
-0.220276
0.672084
0.112564
0.259269
0.529713
0.117451
-0.665948
0.184718
0.272984
0.0795787
-0.424038
0.242801
-0.332122
0.0861387
0.627075
-0.998566
0.40466
0.454112
0.169792
-1.09942
-0.521214
-0.168776
-0.815077
0.851117
-0.531279
0.309641
0.00797465
-0.0216302
-0.46881
0.0805194
-0.422458
0.193156
-0.189568
0.113431
-0.115738
-0.289273
0.273696
0.90501
-0.135162
0.445456
0.456603
-0.305091
0.231011
-0.326405
-0.36525
-0.359317
-0.900357
-0.829926
-0.556286
-0.158435
-1.06777
-0.184848
-0.599412
0.0111258
0.235216
-0.930762
1.16451
-0.630918
1.12402
-1.16972
-0.65701
-0.291326
0.326256
-0.0733214
-0.793063
0.361647
0.502764
-0.513681
0.903713
0.0300271
-0.143515
-0.453704
0.194058
0.93051
-0.678002
-0.494035
-0.0881851
0.725197
-0.204075
1.25618
0.282225
-1.72592
-0.371695
-0.624172
-0.400895
-0.361521
0.345822
0.0739707
1.02459
-0.442304
0.307085
-0.560755
-0.417919
0.114928
0.260503
-0.414445
0.479651
-0.474403
-0.56609
-0.334024
0.166688
0.502733
-0.296782
-0.407832
0.332253
-0.0544232
-0.411797
-0.295552
-0.136174
-0.398932
-0.539523
-0.423883
0.308629
0.636236
-0.256201
1.088
-0.864726
-0.405361
-0.270407
0.296088
-0.358346
1.3153
1.29138
-0.600827
0.240379
-0.0865071
-0.237362
0.0117829
-0.0302614
0.111309
0.500451
-0.0957597
0.0368995
-0.592875
0.142414
0.524872
0.14364
-0.240144
0.351837
-0.254855
0.642868
-0.818944
0.344641
0.308975
1.53903
0.170932
0.674101
-0.273317
-0.0442182
-0.0861839
-0.275056
-0.83667
-1.27475
-0.843535
-0.00616796
0.484797
0.473012
0.858341
-0.0237774
0.24962
-0.125023
0.295229
-0.0959657
0.176888
-0.0232485
0.603494
0.000258676
1.11593
-0.0894545
-0.530436
-0.867161
-0.364249
0.98171
0.196322
0.404947
-0.278743
0.439609
0.393546
-1.20829
-0.397095
-0.580758
-0.813478
-0.631366
1.62414
0.637852
-0.29977
0.677442
-0.189649
-0.197268
-0.0577756
-0.226243
0.405395
0.428434
0.373298
-0.682124
-0.766209
-0.619028
0.144709
0.0796673
0.0173971
-0.546872
0.100331
-0.356415
-0.383224
0.087372
0.564988
-0.216033
0.402824
-0.361094
0.384256
0.942027
-0.116317
-0.318392
0.119668
-0.240957
-0.259391
0.681917
-0.0532836
0.743993
1.19566
0.775093
0.126803
-0.371478
-0.441822
-1.05862
-0.062287
0.373357
-0.455751
0.819215
0.0580193
0.489291
-0.426547
0.132511
-0.158244
-1.21824
-0.663294
0.277591
1.02258
0.355497
0.39406
-0.0157668
-0.147961
0.260231
0.331625
0.273078
-1.29264
-0.540841
0.380738
0.613627
-0.213592
0.358544
0.553446
0.507159
0.548931
-0.728488
0.832447
-0.298035
0.845213
0.330918
1.36378
-0.0959953
-0.538186
-0.352807
0.382183
-1.64623
-0.320356
0.641421
0.662726
-0.47017
1.09412
0.506901
-0.555922
-1.04848
0.973011
-0.0833819
0.0012721
-0.368149
-0.334781
0.621007
-0.516199
0.305865
0.0493693
-0.183195
-1.2368
0.279657
-0.0642896
-0.349825
0.164967
0.033294
0.390221
-0.042642
0.0597763
0.850024
0.319777
0.289155
-0.50684
-0.0202815
-0.108873
-1.1807
-0.455274
1.37663
0.361353
-0.295664
-1.89664
-0.16781
0.405259
0.120128
0.296551
-1.2613
0.125905
-0.553137
-1.11346
-0.84941
-0.928368
-0.103018
0.231863
0.574375
0.749481
-0.866733
-1.05583
0.41401
0.617658
0.770498
-0.318364
-0.932287
0.301376
-0.0292939
-0.420946
0.180904
0.376741
-0.139238
-0.298662
-0.230724
0.400946
-0.735007
-0.781952
0.964178
-0.12758
0.288183
0.0317336
-0.981784
1.65354
-0.777069
1.42514
0.939918
-0.712081
-0.567484
-0.54978
-0.00432036
0.327558
0.483142
-0.316169
-0.110171
0.331367
-0.347521
1.6207
-0.450525
-0.130508
0.396742
-0.104324
-0.487741
0.352587
-0.727284
-1.0274
-0.121282
0.37302
-0.858987
-0.164309
-0.0296177
-0.51553
-0.571706
-0.227006
0.577948
-1.27501
-0.465347
-0.802557
1.32686
0.586086
0.391432
0.0600334
0.149781
0.431161
-0.392472
0.321536
0.0828863
-0.450396
1.60637
0.345939
1.09602
0.10315
-0.351635
-0.0758931
0.873772
0.420588
-0.00619981
-0.562233
0.398365
-0.4788
0.859291
1.00961
0.174974
0.427667
-0.0985117
0.546209
-0.52396
-0.406216
0.740766
0.169609
0.169081
-0.974478
-0.241438
0.0328115
0.514344
0.379872
-0.00242277
0.0274667
-0.749808
-0.012949
-0.286825
0.127453
0.458517
-0.592306
-0.0856832
-1.15441
0.126159
0.845382
0.287382
0.194678
1.18013
-0.484195
-0.17342
-0.282743
-0.308947
-0.660348
-0.308998
-0.512486
-0.269556
-0.291177
0.428685
-0.361291
-0.0442984
0.595807
0.01612
0.752919
-0.28242
0.682826
0.14583
0.494781
-0.616135
-0.279279
-1.02345
-0.0407091
-0.522369
-0.565788
-0.0102439
0.193408
-0.24848
-0.94275
-0.432381
0.228801
-0.598139
0.0389321
-0.280148
-0.0411352
1.0154
-0.584391
-0.180251
-0.120597
0.694637
0.541678
-0.943672
-1.03899
0.430579
0.404272
-0.796289
-0.205341
0.411788
-0.348395
-0.00474838
-0.883363
-0.42858
0.287662
1.16993
0.147414
0.515324
-0.512609
0.0852818
-0.452868
0.627604
1.20103
-0.0495626
0.4921
-0.665322
0.439916
-0.470915
0.652004
0.945364
0.53959
0.0174552
-0.29237
-0.257534
-0.277247
0.639598
0.107196
0.228096
1.13885
0.0911816
0.0618454
-0.180778
0.709363
-0.00776166
-0.0934803
-0.104691
-0.761491
0.289747
-0.183448
-0.592971
0.102735
-0.513789
-0.488102
-0.734459
0.253851
1.35077
-0.484335
-0.571449
0.717556
0.327912
0.837961
-0.205398
-0.0801939
0.534836
-0.333245
-0.0228883
0.0862898
-0.371427
-0.631263
-0.137951
-0.637469
0.416483
-0.269662
0.238628
0.235194
-0.854847
-0.757301
0.213443
-0.367025
-0.255241
0.145607
1.0599
-0.710681
1.21484
-1.22805
-1.85614
0.363271
-0.732448
0.23537
0.18473
-1.5355
0.668411
0.241611
0.158527
-0.216769
-0.0663587
0.290686
1.10009
0.535632
-0.857842
0.786263
0.85977
-1.1345
0.235593
-0.251707
0.872254
-0.214183
-0.108545
-0.073856
0.14637
0.575935
0.352551
0.816884
-0.237143
-0.037028
-1.11272
-0.228356
1.10881
0.375873
-0.123971
-0.466205
0.318884
0.436215
-0.248319
-0.10512
0.0761006
-0.269958
-1.30267
0.633408
-0.540095
-0.333345
0.0333126
-0.174762
-0.0304916
0.220069
0.623072
-0.463358
-0.743999
-0.22214
-0.156872
-0.433463
0.367684
-0.0545369
0.63216
-0.205693
-0.649376
0.0631393
1.089
-0.192108
0.177282
-0.584101
-0.824141
-0.00806704
-0.0901939
-0.541054
0.675218
-0.234049
0.582539
-0.949311
0.0354508
-0.099968
0.108746
-0.424323
0.532502
-1.09981
-0.312831
0.0869834
-0.0484809
0.732459
1.02416
-0.127277
0.87944
-0.0761435
0.359118
0.267558
0.634454
-1.11239
-0.0219405
0.221708
-0.424639
0.386275
0.0391541
-0.152495
1.10418
-0.786799
0.426897
-0.146852
0.575933
-0.20262
1.30733
-1.11301
-0.690175
0.144755
0.852717
-0.748776
-0.0389862
-0.169881
-0.0929914
-0.290085
0.830889
0.120377
0.847357
0.602613
0.538395
0.0153038
-0.377482
0.351112
-0.21163
0.939582
0.70314
-0.901255
-0.785581
0.98816
-0.116009
0.0035076
-0.997643
-0.112317
-0.966649
0.552815
-1.1115
-0.198807
-0.824247
0.217933
0.746536
-0.11059
0.503289
0.118667
0.663194
-0.111466
-1.0493
0.037233
0.206834
-0.667055
-0.0587657
0.20321
0.0168941
-0.0861165
-0.380662
-0.898841
0.0290006
0.24749
0.657348
0.114917
1.01674
-0.246247
0.506032
0.25923
-1.24477
-0.586056
0.585871
-0.0686493
0.0419764
-0.143999
0.294518
-0.710039
0.475453
0.037762
-0.502038
0.610501
0.589275
0.452623
0.443042
0.330491
-0.612275
-0.283673
-0.513061
-0.168896
1.15135
0.16798
-0.0196272
-0.811632
0.234622
-0.746084
-0.162936
-0.498013
-0.517769
-0.410789
-0.00460779
-0.617333
0.046043
-0.304783
-0.717528
0.382004
-0.331487
-0.31486
0.168493
0.0223745
0.214108
0.450959
-0.367655
-0.718541
0.338127
-0.133182
0.442081
-0.236088
-1.04449
-0.30511
-0.793583
-0.0377863
-0.342175
0.159887
-0.114259
0.876156
-0.52772
-0.0450783
0.155129
-0.182675
-0.0517916
-0.242822
-0.432141
-0.56414
-0.139621
0.154505
-0.635855
0.0979407
0.139542
0.172613
-0.830357
0.532984
-0.0648968
0.794947
0.753628
-0.934883
-0.786645
0.0899826
-0.231796
0.635346
0.678827
-0.483891
-1.06405
0.349142
0.866584
-0.271716
0.974612
0.615486
0.415728
-0.267996
0.688263
0.636942
0.460463
-0.427403
1.27886
0.744876
0.209998
-0.660855
0.399922
-0.527223
-0.656439
0.269608
0.805748
1.26262
0.173588
0.397007
0.125879
-0.789069
-0.364229
0.642473
0.121489
-0.515133
-0.96489
-0.133759
-0.243985
0.250166
-0.0684697
0.64962
-0.33514
-0.0394829
-0.781289
0.129613
0.0385508
0.270582
1.1617
-0.986332
1.43506
0.293817
0.312188
0.477642
0.715311
0.147969
0.724259
0.198043
0.408244
0.423192
-0.148072
-0.0386352
-0.420871
0.338895
0.0615205
-0.104663
0.0183244
-0.344987
0.0448702
-0.451595
0.32772
1.38716
-0.208193
0.403601
-0.499139
0.125193
0.11785
-0.232579
-0.220806
1.01655
0.59951
0.120666
0.702721
0.351702
0.342004
-1.23226
0.407371
-0.563254
-0.206717
-0.934889
-0.395523
0.511142
1.12093
-1.08142
0.247159
-0.375486
0.869938
-0.403023
0.815593
0.0645187
0.101872
0.342672
0.496142
-0.687244
-0.199213
-0.643101
-0.430403
0.130498
-0.565989
0.554545
-1.06957
0.00465852
-0.634108
0.665762
0.243673
0.736826
0.0329833
0.602585
0.239917
-0.787194
0.431656
-0.479362
0.222486
-0.165578
-0.144001
0.438926
0.0227754
0.180638
0.310784
-0.402863
-0.768172
-0.608115
-1.28361
-0.0412483
0.215709
-0.0130839
1.20535
0.134527
-0.534238
-0.946248
-0.805488
0.00121183
0.260152
0.249983
0.862849
0.481721
-0.103971
0.777688
0.190502
0.393403
-1.09473
0.314765
0.588033
0.527085
0.191877
-0.744911
0.48313
0.362391
0.415277
0.335025
-0.829451
-0.474582
0.339584
0.324941
-0.0440146
0.470832
0.260484
-0.13096
0.191053
-0.115928
-0.760275
0.423689
0.441719
-0.162781
-0.694068
0.160706
0.198482
-1.01847
-0.803426
0.342022
0.656077
-0.14848
-0.00273224
1.35271
0.21548
1.08591
0.152836
0.152795
-0.579891
0.677601
-0.22087
-0.273688
-0.174269
0.453363
0.579924
-0.359154
-0.3541
-0.707411
-0.385443
0.231702
0.637629
0.22086
-0.62319
-0.304058
-0.102505
0.504091
-0.0460597
0.357251
1.02252
-0.645331
0.0693248
1.06419
-0.0146378
0.43966
1.27861
-0.689057
-0.583524
-0.533925
-1.0616
-0.446678
-0.700424
-0.412456
0.742896
-0.0559613
0.185868
-0.194485
-0.0836226
0.486712
-0.35531
0.591462
-1.02673
0.40215
-0.551667
0.163013
-1.13197
0.505001
-0.722233
0.589819
0.314062
-0.087309
-0.473841
-0.105679
-0.198657
-0.264765
-0.103159
-0.371483
-0.489759
-0.811942
0.582483
-0.669277
-0.008275
-0.661417
0.244181
-0.014565
0.232257
-0.0680466
-0.592453
-0.0133419
-0.51108
0.0900353
0.668807
-0.77297
-1.02201
-0.0692551
0.742788
0.0947337
-0.34373
-0.20042
-0.346659
-0.202196
0.806138
-0.48181
-1.07037
0.239874
-0.388517
-0.465316
-0.192308
0.931583
0.399225
-0.18085
0.395404
-0.0452714
-0.405344
0.624842
-0.115836
-1.20991
-0.0156008
0.82411
-0.0989342
0.621334
0.378265
0.0898421
0.935908
-0.904607
-0.0519019
0.961798
0.337229
-0.4354
0.0893266
0.713734
0.505946
-0.498918
-0.865998
0.950755
0.040857
0.364124
0.956757
-0.322347
0.679469
-0.272794
-1.18878
0.576542
-0.245238
0.225871
-0.496483
0.127383
-0.308481
0.157121
-0.0416862
1.32701
-0.564847
0.53193
0.456568
0.418221
-0.248355
1.17652
-0.0481764
-0.800805
0.205762
0.523012
0.501176
-0.454072
0.0985385
-0.198951
0.339421
-0.016812
-0.420112
-0.25947
0.170932
-0.511371
-0.60051
-0.280362
-1.02312
-0.989675
0.379909
-0.0423563
-0.699942
0.239184
0.00587351
0.111019
0.408889
-0.13336
-0.25081
-0.214343
0.502118
-0.0556774
0.124055
-0.683806
0.585789
0.00883371
0.0869649
0.051296
-1.01203
0.255577
0.377461
0.0609762
0.496155
0.483486
-0.637546
0.41668
-0.616896
-1.16502
-0.109394
-1.18526
0.516913
-0.437532
-0.166673
1.16027
0.173198
0.115237
-0.0943248
0.523828
-0.302205
1.04255
0.357577
-0.786792
-0.337319
-0.839549
-0.47851
-1.66498
-0.500356
0.717964
0.518609
-0.0426742
-0.920912
-0.138006
0.660369
0.556709
0.0805949
-0.285304
-0.822446
-0.160488
0.317515
0.340929
0.913726
0.369926
-0.634992
0.571611
0.192517
0.638136
-0.700508
1.01541
-0.0641798
-0.282013
-0.436404
0.648544
0.139849
-0.0908747
0.181146
-0.330127
-0.301014
-0.149046
0.727768
-0.206023
0.381767
0.390006
0.491255
0.260719
-0.312361
-0.332574
0.493556
0.293116
-0.174713
0.617635
0.871793
-0.582201
-0.550382
-0.423759
-0.667803
0.415263
-0.424198
0.752838
-1.36295
-0.170455
-0.807883
-0.409839
0.774971
0.638917
-0.341943
-0.495922
-0.335844
0.457856
0.42451
0.143175
-0.539779
-0.493075
0.277948
-1.20461
0.792086
-0.470181
0.0612856
-0.322178
0.185212
1.42785
0.596302
-0.402331
0.0601298
-0.384822
-0.285756
0.414447
-0.0244991
-0.0777215
-1.12022
0.54768
0.0377073
-0.507224
-0.937744
-0.189205
-0.248831
-0.278137
0.178571
-0.81088
0.322899
-1.21822
-0.246896
-0.270721
-0.0305293
0.091536
-1.34375
0.379962
0.949804
0.382362
-0.309256
-0.499193
0.752918
-0.739224
-0.00215653
1.22017
0.986609
0.66829
0.765578
-0.207253
0.505078
-0.231784
0.0118872
-0.640725
-0.118773
0.527535
-0.287394
0.235129
0.25709
0.547595
-0.418619
-0.508918
0.0620983
-0.865235
-0.254188
0.211729
-0.0679535
-0.570885
-0.109515
-0.240172
0.0162762
-0.357378
0.0240643
-0.769664
-0.26419
0.959206
-0.375695
-0.417305
-0.0738301
-0.885363
0.203277
0.904501
0.151756
-0.892277
-0.0582005
-0.976772
0.931828
0.0465877
1.07008
1.00628
0.107607
-0.030707
-0.487285
-0.307686
-0.159363
-0.304054
-1.21441
-0.353762
-1.65106
-0.734157
-0.245836
-0.0788824
0.0357693
-0.605625
0.382411
0.746761
-0.0889252
0.0322084
-0.0081815
0.725758
0.577779
-0.591681
0.766417
-0.724368
0.793457
-0.141576
-0.00062597
0.748597
0.174738
-0.0380779
0.101356
-0.0243761
0.0492632
-0.0285247
-0.334827
0.283798
0.175527
0.567916
0.233457
-0.337568
0.0136028
-0.24774
0.102236
0.0500092
-0.147946
1.05257
0.114629
0.504521
0.408871
0.677711
-0.872121
0.395195
-0.222018
-0.607042
0.782041
0.394301
-0.183823
0.741355
1.31476
0.294392
-0.676141
-0.541301
0.164328
0.210678
-0.540892
1.25692
-0.94572
0.414658
-0.0405553
-0.241773
-0.329019
-0.94566
-0.0655634
0.478444
0.502263
0.110789
0.610234
-0.465872
0.364097
0.503405
0.338076
-0.770198
-0.903423
0.823581
1.07757
0.473791
0.262284
0.167896
0.128265
-0.887991
0.36084
-0.0686628
0.440476
0.000902821
0.536524
-0.548709
1.05539
-0.0923046
0.157513
-0.58923
1.02773
0.228303
0.223507
-0.515689
-0.118924
0.186899
0.458675
-0.30705
0.509447
1.13758
-0.631933
0.705515
0.131211
0.503605
0.213644
0.933006
-0.232634
-0.487661
0.69557
-0.0162535
0.373393
-0.420339
0.0346813
0.600217
-0.139375
-1.32355
-0.453269
-0.840899
0.0460595
0.673357
0.149842
-0.444087
-0.134412
-0.523747
0.12033
-0.522865
0.121337
-0.181537
-0.800714
-0.384232
0.0340503
0.180692
1.08522
-0.0795323
0.453248
-0.356616
-0.548513
-0.339637
-0.138125
-0.366516
-0.982992
-0.256702
-0.405918
-1.1058
0.847327
0.252717
-0.0914718
-0.450186
-0.0684992
-0.205548
-0.142482
-0.583483
0.361357
-0.478896
0.283058
0.162759
-0.588908
-0.0700968
0.47815
-0.179892
0.883876
-1.15383
-0.335733
-0.591658
0.20176
0.603372
-0.172408
0.272302
0.0795055
-0.667882
0.229689
-0.111065
-0.108274
1.27862
0.556474
-0.610706
0.161136
-0.632815
0.2347
-0.781
-0.741254
0.229697
-0.0761219
-0.775961
0.215015
0.0130018
-0.468002
0.189095
0.186302
1.14847
-0.19851
0.231923
0.0655081
-0.188393
-0.721611
0.116449
0.60839
-0.109694
-0.494067
-0.654177
-0.126471
0.243311
-0.26861
-0.428751
-0.0151575
-1.13001
0.103168
0.703166
-0.299023
0.315536
-0.391267
0.100067
0.504427
-0.0805395
0.125296
0.0326853
0.595862
-0.363286
0.0889023
-0.184715
-0.182773
0.127964
0.133107
-0.732895
0.507626
-0.603891
0.844685
0.735957
-0.264908
0.474944
1.19203
0.904938
-0.546396
-0.203789
-0.194533
-0.291934
-0.24151
-0.433112
-0.498739
1.21263
-0.114475
0.680131
0.157914
1.00322
0.378243
-0.0762301
-0.737883
-0.226078
0.168114
0.618838
-0.141252
0.433188
0.129584
0.197119
0.814085
0.39702
0.46349
1.04979
-0.350546
0.138267
0.209408
0.945895
0.335005
0.362075
-1.06683
0.0983728
0.208782
-0.190092
0.0589957
0.462727
0.143341
-0.69152
0.536172
0.320434
0.575061
0.0652052
0.112125
0.472313
-0.0426433
-0.316708
1.32888
0.792972
0.263643
-0.546856
0.0801237
0.881731
0.39124
-0.28364
0.570835
0.193079
0.432857
-0.57093
0.44991
0.430327
-0.305579
1.07444
0.778547
0.749245
0.438301
-0.778335
0.202588
0.323891
0.109304
-0.188584
0.428975
0.877129
0.342795
0.624692
-0.029795
0.0436354
0.432291
-0.0420036
0.702506
-0.0403027
-1.03839
-0.474679
-0.476804
-0.0465566
0.552786
-0.44151
0.34293
1.26592
1.07293
-0.56686
-0.572382
-0.403086
-0.31693
-0.323808
0.737631
-0.0391908
-0.482595
-0.49967
0.650904
0.811252
-0.193422
0.630576
0.832746
-1.0775
-0.403585
-0.0353393
0.254685
-0.204052
-0.164384
-0.0282134
0.827748
0.432909
0.888353
-0.6792
0.73238
0.81557
0.350384
1.14128
-0.431935
-0.828814
-0.0813282
-0.425635
-0.0720745
0.537322
-0.783787
0.260935
0.740662
-0.233671
-0.25987
0.319493
-0.02152
0.297429
0.726486
0.553944
-0.166069
-0.233539
0.179484
0.400435
-0.0333716
-0.632293
0.754194
0.134925
1.24772
-0.149873
0.795697
0.420224
0.741142
-0.123092
0.344686
0.184425
0.297462
-0.105274
-0.520088
1.13908
-0.764017
0.338365
-1.08145
0.332576
0.659415
-0.989914
0.142126
-0.266703
0.516727
1.41909
-0.759053
0.756774
0.865791
-0.904354
0.158847
0.09957
0.509341
-0.261527
0.214485
0.832674
-0.289103
0.350675
-0.301545
0.555363
0.541042
-0.886174
1.02873
-0.871874
-0.797768
0.792978
1.03123
-0.634252
0.335056
0.659043
1.47704
-0.851725
0.754258
-1.31242
-0.0157232
0.317753
-0.562297
0.406805
0.370804
0.543533
-0.74095
-0.740687
-0.463842
0.127778
0.785844
0.493382
-0.216425
0.264222
0.0768774
0.0941264
0.00504601
1.50258
-0.406691
0.510002
0.255119
-0.474955
-0.0446724
-0.34796
1.00312
0.307222
-0.312652
-0.928037
0.207273
0.0971528
0.829172
-0.583663
1.41654
-0.518667
-0.223078
-1.05845
0.140289
1.0543
1.33004
-0.267707
0.380694
0.187659
0.163775
-0.058705
0.418393
-0.570574
0.401747
0.677516
0.947135
0.0599476
0.867734
-0.206225
-0.630208
0.734384
0.46258
0.837475
-0.465344
-0.291117
0.351267
-0.582208
-0.0330404
0.967127
0.385211
0.717091
0.219943
1.12217
-0.297562
-0.135258
0.339148
0.232097
-0.330803
-0.473984
-0.0719654
-0.331332
-0.819951
0.682654
-0.602285
-0.297825
-0.324409
-0.446672
0.40702
-1.03591
-0.543036
0.198114
0.196478
-0.353105
-0.992299
-0.0433687
-0.751857
0.0115838
0.0518423
-0.135072
-0.155479
1.23783
-0.414266
-0.289424
-0.00296482
0.827212
0.145415
0.285524
0.635273
-0.126411
-0.228144
0.668782
-0.083079
-0.293021
0.484282
0.798609
-0.831894
0.294049
0.606249
0.762596
0.384273
-0.643338
0.366642
-0.857509
0.36998
0.0968141
0.647027
-0.00186326
0.239704
0.426825
0.254934
0.79543
0.243053
0.383193
-0.0882886
-1.06437
-0.296375
0.705857
-0.244456
0.168879
0.273544
0.18664
0.583215
0.294545
-0.243844
-0.126153
0.660415
0.361656
0.590635
0.642936
0.740337
0.627784
0.198648
-0.196236
-0.165305
-0.36262
0.176514
0.0960417
0.11276
0.0789329
-0.402543
1.27487
0.250713
1.59142
0.253344
0.910619
-0.874228
-0.556285
-0.530811
0.121814
-1.68059
-0.477689
-0.43648
1.00766
0.379659
0.395929
-0.223545
0.349034
-0.106182
-0.306248
-0.738185
0.285731
-0.24256
-0.724705
-0.47674
0.792201
-0.00558208
0.706245
0.10793
-0.144861
0.0631946
0.452326
0.00724773
-0.613178
-0.727349
-0.08415
-0.307978
-0.49546
0.348507
-1.13972
-0.286406
-0.0853969
0.47288
0.204144
-0.574647
0.069691
-0.771372
-0.199174
0.15472
-0.21723
0.182392
0.504662
0.403337
0.186213
-0.342076
0.320554
-0.201907
-0.223414
0.0807631
0.40584
-0.0637362
0.881091
-1.43021
-0.00110929
-0.0430096
-0.0641052
0.527053
-0.291795
-0.409371
0.783857
1.03673
-0.490877
-0.0792383
0.247081
-0.650306
-0.610986
-0.263906
0.0459863
0.436442
-0.0233029
0.638445
-0.00540553
1.29111
-0.439633
-1.17321
-0.510697
-0.0183184
-0.521617
-0.426611
-0.0737802
-1.34965
-0.128586
0.0881938
0.646348
0.503877
0.549205
0.416618
-0.160333
-0.0717611
-0.0825264
-0.3813
1.03048
-0.694508
0.340772
0.300043
-0.235374
-0.620008
-0.566141
0.193701
-0.258245
-0.146682
0.117468
0.0519695
0.182169
0.781754
0.0587575
0.378235
-0.156296
-0.403405
0.274059
-0.55667
-0.234696
-0.465893
-0.0416037
0.807689
-0.695667
-0.528101
-0.410428
-1.72632
-0.147697
0.24409
-0.319168
-1.26219
-0.223272
0.111024
-0.601959
-0.189469
-0.221143
-0.340195
-0.127563
0.237965
0.195093
0.614441
0.693051
-0.929202
0.683673
0.631906
-0.0504946
0.999979
-0.546764
-0.975064
0.144543
0.00353833
0.924788
-0.765886
0.527605
0.692755
-0.843646
-0.193889
0.0772298
0.422374
-0.560813
0.548078
0.0658501
-0.436398
0.560983
-0.267072
-0.308522
-0.142079
0.10872
-0.0308431
0.259857
-0.915987
-0.364113
-0.501222
0.083034
0.152695
-1.19199
0.644861
1.21003
1.12077
-0.476362
-0.467519
-0.4215
-1.15019
0.0929812
-1.17003
0.322994
0.389189
0.233303
0.289494
0.245889
0.770751
-0.0712704
-1.00819
-0.228224
-0.856621
0.356054
-0.528582
0.613976
0.660531
-0.123709
0.411987
-0.329498
1.20149
-0.197493
1.1573
0.379441
0.420228
1.11102
0.136983
0.406772
-0.64244
-1.15508
0.782595
0.195636
-1.36145
0.434537
0.628091
-1.00564
0.11214
-0.778286
-0.224119
-0.022779
0.33838
1.71979
-0.719478
0.136257
0.240165
0.738496
0.00644346
0.445297
-1.04524
0.492943
0.0628878
0.627485
-0.576477
-0.997415
-0.615418
-0.243503
-0.316061
-0.215731
1.05242
-0.0676941
0.749757
-1.0609
-0.299803
0.0149079
0.0235876
-0.0477367
-0.445729
-0.289806
0.128431
-0.603189
0.380638
0.455347
-0.188251
-0.500552
0.108185
0.0310034
0.138523
-0.484427
0.605967
0.61089
-0.930407
-0.12027
0.55713
-0.279541
0.380679
-0.905468
-0.20765
-0.401399
-0.260092
-0.251677
-0.088357
-0.831955
-0.38218
-0.165657
-0.318324
-0.989224
-0.0737633
0.14125
-0.959312
-0.239428
-0.473253
-0.044337
-0.103355
-0.726435
1.28563
0.9042
0.051018
0.3209
1.00924
-0.470741
1.11311
-0.0994863
0.168853
-0.0502867
0.318682
0.5257
-1.14443
0.573151
-0.455632
0.321318
0.081458
-0.465094
0.602873
0.0821255
0.324665
-0.28498
-0.301921
0.730958
-0.442062
-0.354803
0.119783
0.538203
-0.234221
0.469605
-0.061599
0.571462
-0.0203526
0.746069
0.480138
0.632435
-0.35564
0.252404
-0.0526111
0.618269
-0.66189
0.0877389
-0.363729
0.355059
-0.0306007
0.0800179
1.09363
-0.809555
-0.10418
0.0631891
-0.831678
-0.0310969
-0.339306
-0.0520737
0.55374
0.0215919
-0.549697
0.688279
-0.705869
0.509327
-0.163452
-0.785376
0.112001
-0.13422
-0.734513
-0.364958
0.376931
0.183543
0.155795
-0.142612
-0.670404
-0.934891
-0.785958
-0.093847
-0.378256
0.834654
0.551595
-0.895232
0.316729
1.25442
-0.101521
0.147155
-0.179513
0.449417
-0.376711
-0.635173
-0.710277
-0.59504
0.270851
1.08759
-0.0345066
-0.284247
0.0446078
0.441091
0.23938
0.609105
0.607509
-0.624845
-0.646542
0.401114
1.22244
0.458355
-0.530635
0.273044
0.875187
0.39106
-0.683888
-0.851263
-0.25015
-1.13785
-0.81751
0.88936
0.291204
0.133579
0.638117
1.05556
-0.43173
-0.384853
-0.132663
0.0535805
-0.213194
-0.193521
-0.214498
-1.22215
0.144973
0.450262
-0.469274
-0.489633
0.431668
0.704439
0.632752
0.336914
-0.093605
-0.572729
0.48988
-0.549594
1.16527
1.38061
0.164569
-0.731059
0.787544
-0.691088
-0.455442
0.164014
0.973241
-0.0364579
-0.269544
0.947299
-0.162389
-0.320836
0.0615056
-0.697008
0.0995246
0.567295
0.963675
-0.198433
0.341527
-0.710329
0.138831
-0.0251288
0.313304
0.258544
-0.159235
0.228118
-1.17249
-0.17543
-0.71675
1.16101
0.111636
0.442478
-0.51536
1.48021
0.588777
-0.0902079
1.02971
-0.311449
-0.507905
0.744862
0.174921
-0.643462
-0.100323
0.037395
-0.345209
0.407524
0.915979
1.24561
-0.102167
0.679299
0.184094
0.497471
0.431855
-0.640207
1.556
0.645419
0.400206
-0.156096
0.400335
-0.228073
-0.2799
-0.238214
-0.606098
-0.493839
0.558647
0.242939
0.201384
0.448003
-0.423763
-0.521746
-0.844167
-1.3103
0.279417
0.0693629
-0.0325691
-0.310751
-1.24857
-0.710719
0.24858
0.431679
-0.0471751
-0.30927
0.508067
0.119852
-0.135706
0.109272
-0.604408
-0.0820062
-0.0822307
0.195499
-0.421724
-0.837814
0.0680402
0.306392
0.515852
0.000261466
0.128336
-1.24673
-0.696119
-0.0520777
0.664795
-0.740597
-0.0053152
-0.0936028
-0.29675
-0.200066
-1.26948
-0.386981
0.314375
0.341942
0.505443
-0.367179
0.372433
-0.222125
0.511847
1.412
0.542802
0.138164
0.272607
1.03566
1.00848
1.33885
0.656233
0.130747
1.151
0.392523
-0.449662
-0.335534
-0.0797847
-0.234777
0.371282
-0.178965
-0.187799
-0.117493
0.314867
0.183863
-0.0868453
-0.463417
-0.11487
-0.0972703
-0.529493
0.58241
0.675363
0.0568251
0.305583
0.821629
-0.144736
0.208907
-0.304598
-0.875602
0.329471
0.917222
0.196281
0.933347
-0.065352
1.15105
-0.694963
0.276184
-0.793494
0.189451
-0.26541
-0.562471
0.509269
1.35343
-0.253559
-0.0965512
-0.785493
0.0277419
-0.836222
0.34839
0.348873
0.232392
-0.681389
0.303799
0.389408
0.0492656
-0.232543
0.244024
0.34919
-0.586167
-0.0177602
0.378835
0.203629
-0.34257
0.312253
0.494827
-0.0611366
0.0252671
-0.0474592
0.382318
-1.07122
1.05882
0.0842518
0.535908
-1.25849
0.658696
-0.0745824
0.420957
0.065465
-0.357976
-1.18537
-0.468008
1.11941
0.0101749
-0.354967
0.934036
0.591659
-0.096489
-0.243876
-0.262159
0.247606
1.36432
0.293935
0.622425
0.0307309
0.169391
-0.398867
-0.201563
-0.190972
0.607596
0.598979
0.239535
0.649537
0.551301
0.201386
-0.225812
-0.593743
-0.769021
1.15793
-1.78691
0.220998
-0.359003
0.269162
-0.0745617
0.66249
-0.221897
0.133616
-0.364876
-0.058866
0.758301
-0.269724
0.867195
-0.095943
-0.24728
0.315534
-0.696653
0.80814
-0.00527042
-0.161952
-0.366508
-0.949064
0.294207
-0.248611
0.169885
0.870945
-0.134514
-0.0269354
-0.609019
0.859977
-0.401213
0.114548
0.0799908
-0.289133
0.434556
-0.232665
-0.348371
0.521413
-0.421033
0.229528
0.237513
0.614624
-0.737899
-0.00539756
0.631331
0.638445
0.158845
-0.397932
-0.0302918
0.334127
-0.631603
0.884386
-0.491481
0.387352
0.380994
0.295264
-0.103477
0.401615
0.499715
-0.36669
0.468829
0.114553
-0.112973
-0.180824
0.0120912
0.0149398
0.0162154
0.0496703
0.0629203
-0.218261
-0.606607
0.962416
-0.157338
0.656094
-0.784672
-0.544293
0.303461
0.265914
0.111006
0.955832
-0.460034
0.678664
-0.0716801
0.407993
0.537387
0.585467
0.0499979
-0.535685
-0.207955
-0.245871
-0.854427
-1.3955
0.554432
-0.803152
-0.279373
1.09208
0.378811
-0.317299
-0.218565
-0.28524
-0.864697
0.307711
-0.574185
-0.770386
0.372621
-0.446308
-0.193252
0.397959
0.382751
1.05937
-0.161368
-0.247859
1.01619
0.597933
-0.349239
-0.404517
0.00723055
1.08452
0.350423
0.600894
-0.578864
-0.027706
0.915869
-0.358808
0.185579
-0.103935
0.00451572
-0.527841
0.515625
-0.621833
-0.302401
-0.46211
-0.124887
-0.119935
0.315393
0.578165
0.232585
-0.054399
-0.251067
1.09811
0.81774
-0.715902
0.0342068
-0.00934458
-0.199134
-0.0235177
0.0939404
0.302522
-0.861503
-0.098045
-0.136149
0.000396877
-0.685016
0.361657
-0.275724
0.0572674
-0.993883
0.465473
-0.884047
-0.15222
0.791496
0.299934
0.117841
-0.769953
0.17811
0.737058
-0.719582
-0.0438501
-0.875424
-0.521583
-0.0279126
0.0585145
0.492718
0.595141
-0.0584489
-0.282798
-0.715887
-0.223883
0.709671
0.218532
-0.0295168
-0.0782294
0.313867
-0.45199
-0.53238
-0.68665
0.0566798
-1.45061
0.0410596
0.613047
0.169193
0.327134
0.488966
0.149873
0.0065249
0.469326
0.239314
0.888585
0.94054
-0.818712
-0.670124
0.954856
0.841256
-0.0617983
0.443644
0.104551
-0.393102
0.395823
0.229673
0.966797
0.494037
0.192474
-0.847432
-0.0148528
0.197953
-0.025227
0.524333
0.471568
-0.150552
0.873751
-0.678493
-0.456999
-0.689728
0.505907
-0.163872
0.191551
-1.23186
0.348823
-0.489996
0.0630545
-0.380844
0.00493093
0.55762
0.851905
-1.48884
0.558538
-0.107832
0.818984
1.07011
-0.315172
-0.149122
-0.557298
-0.0195761
0.530518
0.853194
-0.397134
-0.247924
0.0989581
-0.104279
-0.427195
-0.648522
-0.547932
-0.179675
0.43081
1.23711
-0.176833
-0.357558
0.0856888
0.509796
0.150842
-0.27428
0.462487
0.00683188
1.42062
-0.692006
-0.206011
0.196841
0.814714
0.500537
1.42443
0.93383
0.0203075
0.238378
-0.0791275
-0.725171
-1.02108
-0.493458
-0.750877
-1.66764
0.0388634
-0.32856
-1.06315
0.860446
0.324035
-0.538978
-0.914806
-0.015711
0.728032
-0.341661
-0.12134
-0.206895
-0.440843
-0.256301
-1.07382
-0.177099
-0.356321
1.04674
-0.0465554
-0.217126
0.148744
0.691993
-0.492303
-0.328679
-0.503415
0.527833
-0.672967
0.143966
0.269986
0.176997
-0.116772
0.505219
0.402448
0.256279
1.09534
0.474085
0.543841
0.0825391
-0.952695
0.318334
-0.880907
0.718746
-0.130675
-0.310366
-0.653585
-0.444285
0.256352
0.917696
-0.287402
-0.183343
0.876903
0.294725
-0.429093
0.0227542
-0.278205
0.347515
0.0142197
0.322423
0.243906
-1.07548
-0.347919
0.737744
0.0548594
-1.35378
-0.455257
0.122267
-0.989108
-0.321175
-0.026333
-0.662274
0.599736
0.547478
1.19106
0.595883
0.189787
-0.13653
-0.175983
-0.180496
-0.0114435
-0.604018
0.145312
-0.636245
-0.643078
-0.214968
1.00325
-0.584719
-0.974314
-0.237986
0.0182549
0.176273
0.187087
0.248343
0.29512
0.504224
-0.765444
0.355632
-0.0809153
-0.254055
1.13061
0.0377968
-0.199776
-0.290973
0.0163497
-0.716037
0.375236
-0.345375
0.0989273
-0.8003
-0.0122591
0.178343
-0.0128232
0.0688948
-0.1056
0.637379
0.632818
-0.550256
-0.303331
-0.644788
1.23179
0.317717
0.395917
0.275996
-0.103327
-0.113982
-0.584169
-0.0750934
-0.560972
0.458179
0.646887
-1.02823
0.637177
-0.773586
-0.0410532
0.146341
0.893768
-0.574504
0.207534
-1.18194
0.622642
-1.8173
0.0157734
-0.203423
0.308294
-0.951016
-0.777823
-0.53216
0.579082
0.300589
-0.35681
0.150901
0.544413
-0.195008
0.0749812
-0.0949892
-0.00149716
0.496893
-0.113627
-0.0854409
0.74093
-0.322629
-0.585903
-0.252532
1.16936
0.227673
-0.204862
-0.161583
-0.373044
-0.609724
0.47025
-0.176926
0.168351
0.597999
0.633825
0.191092
0.150963
0.0759151
-0.354666
0.0142033
-0.178356
0.508553
-0.747886
0.738112
-0.914645
0.143419
1.56754
-0.0640266
0.236605
-0.226841
-0.787797
-0.902697
-0.0622007
0.421393
-0.682296
0.289952
-0.37542
-0.0302876
0.589653
0.13052
-0.101476
-0.348122
0.275101
-0.495699
-0.753601
-0.797593
0.677541
-0.172573
-0.786806
0.0861694
-0.258941
0.104684
0.839434
-0.328587
-0.689791
-0.144167
-0.744403
0.884979
-0.208565
-0.437196
-0.444506
1.21146
1.11313
-0.0452912
-0.809731
0.589048
-0.352985
1.46536
0.619819
1.234
1.21748
-0.485812
0.245515
0.0278549
0.357376
-0.275756
0.495542
-1.0091
-0.659771
0.250857
0.83521
0.344396
0.279784
-0.0589446
-0.670615
-0.963835
0.459835
-0.276233
0.675082
1.09321
0.515723
-0.0614286
0.595206
0.149912
-0.0166722
0.599723
-0.810665
-0.380508
0.788975
0.181354
0.289878
0.871225
0.464822
0.0300095
0.208398
0.958608
0.629579
-0.178714
-0.705243
0.643033
0.345708
0.38603
-0.442539
0.123985
0.872519
-1.22458
-0.246126
-1.07433
0.983606
-0.378017
-0.00614812
1.11417
0.835637
-0.626489
-0.450909
-0.311476
0.414415
-0.101614
-0.531434
-1.37184
0.61731
0.672776
0.125956
1.09157
0.992083
0.631765
0.788812
0.353932
0.0286045
-0.0685036
-0.758199
-0.456198
-1.21609
-0.30484
-0.175369
-0.133543
-0.477282
0.597018
-0.437233
-0.606301
-0.92815
0.0742497
-0.698579
0.148745
0.0601488
1.06838
-0.696111
0.744686
0.267024
-0.477974
0.425398
0.0981362
-0.469344
0.295025
0.851633
-0.617208
0.249165
0.0897811
0.122298
0.509845
0.815814
-0.47559
-0.308814
-0.0869934
-0.766904
-0.468645
0.0373458
0.352834
-0.565976
-0.0994623
0.309225
-0.0915001
0.362251
-0.354303
0.158255
-0.346388
0.0431015
1.14969
1.34661
0.543661
0.16741
-0.0358267
-0.680844
0.96155
1.00581
-0.360994
0.236236
0.77481
0.580688
-0.488612
-0.291908
-1.05375
-0.255491
-0.664858
-0.209263
-0.0321092
0.571778
0.197083
0.000404463
0.86152
-0.45081
0.141882
0.2839
-0.349547
-0.0555954
-0.71418
-0.593449
0.104063
0.741785
-0.54833
-0.17548
-1.33535
0.379233
-1.62184
0.694222
0.0349278
0.454941
0.557299
0.803466
-0.212903
0.636003
-0.188704
-0.030251
0.76243
0.488457
-1.46362
0.647242
-0.832749
-0.269405
-0.465721
0.120173
-0.282168
1.0151
-0.396751
-0.429387
0.189694
0.131412
-0.226923
1.3092
-1.4078
-0.572574
-0.326175
-1.85144
-0.0405797
0.301775
0.0932328
0.0489594
-0.0954008
-0.273112
0.246345
-0.618956
0.120956
-0.38513
-0.595318
0.0154512
0.919524
0.389448
-0.90563
0.103679
-0.383962
-0.923743
0.441547
0.0435303
-0.598284
-0.281472
0.245307
-0.869977
-0.313158
0.188974
0.223221
-0.322837
-0.12617
-0.0553904
-0.762703
0.278191
-0.352792
-0.366525
-0.398608
0.793057
0.513867
0.667702
-0.12264
0.37461
-0.506925
0.401439
1.1929
-0.228501
-0.348395
0.165484
-0.0136757
0.651413
0.596344
0.0129232
-0.486652
-0.883078
0.756145
1.04682
-0.540759
-0.472199
0.116621
0.350138
-0.00282832
0.387168
-0.93044
-0.536129
0.454057
-1.05937
0.122716
1.10117
-0.343993
0.75166
0.464651
0.654685
-0.399474
-0.593022
0.392924
0.0906322
1.11954
0.455353
-0.568807
-0.66123
-0.167384
0.592145
-0.814238
-0.0783818
-0.350558
1.19163
-0.284278
0.460728
-0.756264
0.553101
0.221392
0.207564
1.06511
-1.00249
-0.848281
0.896724
0.0674905
-0.470823
-0.198135
0.0114167
-0.499268
0.0676809
-0.0548538
-0.275882
-0.0310267
-0.940348
-0.736008
-0.0658227
-0.34482
-0.648612
0.53275
0.578515
-1.11704
-0.160934
-0.607692
0.737078
-0.93705
0.642121
0.508384
-0.352877
-0.0709904
0.978502
-0.621817
-0.420367
-0.153565
-1.35451
-0.35618
0.392347
0.323206
-0.592754
0.895942
0.334528
0.687653
0.0858599
0.731852
-0.392718
-0.161692
-0.63525
0.791869
-0.429774
-0.115422
0.965852
-0.425023
-0.25925
-0.233345
-0.786718
-0.370097
-0.0174407
0.360963
0.276477
-0.0357805
0.391533
0.232695
-0.863875
0.0996562
0.190392
0.499493
0.602126
1.04096
1.08088
-0.143329
0.468277
0.151702
-0.281127
-0.958123
-0.444568
-0.713769
0.00674254
0.282323
-0.108806
0.279621
0.0599984
-0.328968
1.08952
0.61752
-0.87134
-1.04958
1.07504
0.711774
-1.39403
-0.327313
-0.0889985
-0.613341
-0.521249
0.643799
0.52895
-0.243716
0.930195
0.525271
0.02185
-0.032594
-0.124844
0.143645
0.895339
0.211901
0.379534
-0.33603
-0.329621
0.0907828
-0.087841
-0.3957
0.404652
0.108875
0.00762521
0.0231427
0.483228
0.96238
0.270128
0.108674
0.730839
0.181093
-0.241194
-0.0614185
-0.33611
0.873689
-0.131282
-0.784716
-0.376013
-0.640926
-0.283744
1.12168
-0.275931
0.901084
-0.0842099
-0.0839725
-0.498741
-0.780457
-0.138476
-0.797669
0.124392
-0.176173
-0.146731
-1.1075
0.616347
0.490486
0.396201
0.256405
0.466323
0.903833
0.22241
0.618461
-0.154806
-0.372259
-0.0992676
0.182589
0.0342469
0.380764
-0.509647
0.881572
-0.753665
-0.0409917
-0.813686
-0.178812
-0.333187
-0.318303
0.0137966
0.561735
-0.813134
-0.545897
0.139314
-0.936623
-0.348464
-0.517019
0.202357
1.10313
0.0933322
0.308214
-0.367496
-0.872527
1.09313
-0.132205
-0.204156
0.823141
-1.35143
0.191219
-0.717539
-0.574941
-0.134895
1.27055
0.359689
-0.457478
0.0426916
0.00114032
-0.34065
-0.444873
0.569256
0.2111
0.58711
-0.37978
-0.0036865
0.127833
0.575858
0.0620181
-0.8917
0.597493
1.25461
0.585195
-0.880942
-0.927543
-0.0663861
0.31197
-0.0650136
0.48619
-0.616993
0.472461
-0.796092
0.577304
0.639601
0.243557
0.420193
-0.4541
1.1992
0.485248
-0.11985
-0.123223
-0.179715
-0.560235
-0.810959
0.0838766
-0.813589
0.245608
0.258979
0.845794
-0.0275282
0.0730308
0.0121391
-0.178609
-0.0883815
-0.196861
-0.609307
-0.753451
0.0137628
0.965683
0.202934
-0.859952
-0.429191
-1.41725
0.277584
0.123992
-0.418775
-0.212838
-0.0101959
0.167532
-0.986593
1.08387
1.09355
0.896124
-1.02357
0.245083
-0.254497
0.436462
0.223967
1.33802
-0.639538
-0.465372
-0.127612
-0.315554
-0.707468
-0.206588
0.404308
0.703889
-0.797216
-0.232704
1.32443
-0.0585409
-0.0583632
0.064743
-0.20476
-0.518895
-0.903734
-0.097529
-0.30645
0.0362878
-0.0142111
0.114062
0.227214
-0.0380898
-0.620772
0.256831
0.345945
-0.826189
1.19079
-1.05384
1.12451
0.0391123
-0.0360333
0.360019
-0.00321236
0.782876
0.218745
-0.422466
-0.277214
1.10595
0.660393
0.194375
-0.19916
0.306146
-0.869088
0.619502
0.177667
-0.073424
0.789019
-0.369411
0.244576
0.734758
0.0133916
0.26482
-0.0547656
0.579146
0.269477
-0.907197
0.0459897
0.704081
-0.493939
-0.580731
0.527675
0.467943
-0.163682
-0.515757
-0.0299917
0.0173361
0.628503
0.64553
-0.435773
1.16625
-0.506599
0.390338
0.0798839
0.19552
0.114029
-0.0411233
1.04426
0.0297715
0.0867578
-0.401583
-0.383521
0.486961
0.511498
0.56049
0.774916
0.215572
-0.0634296
-0.484494
-0.383086
0.103271
-0.238107
-0.361372
0.836878
0.261109
0.281897
-0.202974
-0.692411
-0.00091863
0.44596
-0.103793
-0.289188
0.220571
-1.09625
0.431314
-0.198382
-0.154851
-0.0878906
-0.264689
0.600961
-0.0957542
0.629842
0.198388
1.3798
-0.264134
-0.259789
0.000386911
-0.218367
-0.639577
-0.525765
-0.260668
-0.349719
0.407336
-0.339347
-0.297087
-0.0551022
1.11126
-0.472766
-0.457711
0.427875
0.476376
-0.372863
0.177805
0.195875
0.320646
0.343374
0.621744
-0.297886
-0.566512
-0.147139
-0.141268
0.839549
-0.24588
0.427968
0.193885
-0.57149
0.502417
-0.432512
0.503474
0.0262672
0.862725
1.53104
0.446457
0.99109
-0.532433
-0.437628
1.00393
0.00673287
-0.51208
0.392588
-0.0713708
-0.625758
-0.740299
0.66643
0.994836
0.141062
-0.370299
0.0888832
0.139985
-0.0403349
0.897449
0.529255
-0.40626
-0.0884474
-0.0123043
0.447964
-0.312899
0.107195
-0.198744
0.0112983
-1.81474
-0.352998
-0.351328
0.417612
-0.5332
0.287522
-0.254467
-1.29782
0.104299
0.786172
0.189948
0.287898
0.00596648
0.204727
-0.652836
-0.756681
-0.431635
0.440717
0.6121
0.677426
0.355987
0.167127
0.165895
0.840873
-1.5124
0.34306
-0.489041
-0.286055
0.7843
0.727722
0.743171
-0.560589
0.113847
-0.449995
0.474253
-0.622249
0.102582
0.0489117
0.145426
0.244228
1.04553
-0.557921
-0.750512
0.0421524
0.254471
-0.719384
0.823622
0.95567
0.530441
-0.167264
0.0252702
-0.0386526
1.06092
-0.433935
0.123431
0.174228
-0.10252
0.745705
-1.59138
-0.0990161
0.731879
0.644661
0.409462
0.363477
0.20713
0.468414
0.437349
-0.416867
-0.514873
0.479255
-0.84746
-0.66191
-0.779349
-0.0214095
-0.143696
0.127349
0.440593
1.42441
0.0773117
0.359661
0.623498
-0.0474312
-0.12519
0.587607
-0.331699
0.390792
0.0787847
0.101086
-0.023414
-0.100427
0.558002
1.04204
0.236261
0.323267
0.727311
0.768199
0.114346
-0.163209
0.362949
0.132437
-0.135532
-0.651272
-0.235108
0.136828
0.753216
-0.102936
0.0543464
-0.658218
0.231662
1.39309
-0.526154
-0.356358
0.666907
-0.249857
-0.591617
0.344051
0.367689
-0.431113
0.818886
0.395757
0.586254
1.04373
-0.36978
0.218607
-0.192177
-0.294963
-1.11779
-0.0531763
0.713874
0.443897
-0.0442641
0.0192967
-0.107251
0.34864
0.750061
-0.77321
-0.468962
-0.194561
0.257088
-0.640436
-0.384092
0.496588
0.857725
-0.262817
0.727396
-1.12004
-0.462047
-0.224572
0.543553
-0.411419
0.224277
0.304939
0.309634
0.126061
-0.0605454
0.186334
-0.938989
0.707739
-0.292055
-0.570598
-1.03978
1.18157
0.393754
0.504388
0.36185
-0.600241
0.499564
-0.33653
-0.785363
0.652992
-0.551047
0.466686
0.889867
-1.84228
-0.338026
0.165246
0.18732
0.326537
0.0593599
-0.589137
0.372419
-0.0748711
-1.39951
-0.448598
0.778909
-0.327635
-0.232431
0.584563
0.496513
-0.280172
0.972403
-0.693383
-0.235535
0.108399
0.360834
0.0266552
0.5168
-0.0258757
-0.408038
0.301358
1.05857
0.387016
-0.105803
-0.29729
0.0113098
-0.337232
0.238647
0.204253
-0.667633
-0.129392
0.829509
0.172455
-0.526484
0.0967486
-0.609174
0.0309687
-0.149459
-0.115921
-0.600399
0.485461
0.707239
-0.400997
0.269472
0.165152
-0.447577
0.0471897
1.09259
-0.960089
-0.180761
-0.069027
-0.0831186
0.503909
-0.368423
0.628695
-0.576151
-0.671184
-0.382717
0.338439
-0.0284174
-0.708719
0.0472373
-0.373536
0.504671
0.0611749
0.235349
0.642365
-0.658554
-0.331486
-0.359608
0.210794
0.094581
0.291548
-0.631031
0.269698
-0.402971
-0.946135
-0.498026
-0.100029
-0.353261
0.332467
-0.224296
0.567982
0.352446
0.191401
0.415602
0.23047
1.19402
-0.823416
0.285547
-0.215196
0.722911
-0.00844879
0.898524
0.0805906
1.49097
0.275702
0.233724
0.16848
0.147069
-0.103101
0.433086
-0.112301
0.166671
-0.907333
0.220983
-0.396893
0.125531
1.05847
-0.00171471
0.803446
-0.688524
0.284129
-0.0744785
-0.12545
0.0777981
0.388201
-0.29787
0.212755
0.191652
-0.321899
-0.103379
-0.0925562
0.214351
-0.00500411
0.452096
0.697943
-0.707805
-0.731003
0.879785
-0.291847
-0.155002
-1.84674
-1.13749
0.668691
0.086527
0.229389
0.292756
-1.51844
-0.148191
1.06627
-0.410798
0.652592
-0.945243
-0.0328324
-0.724085
0.32829
-0.398171
-0.405474
-0.836814
-0.00241336
-0.386953
-0.270162
-0.149728
-0.513444
-0.0614245
1.04899
-0.280149
0.66286
-0.985591
-0.92485
0.407118
0.0751403
-0.113402
0.669748
0.116416
1.14293
0.199434
-0.219287
-0.33158
-0.334064
-0.309352
0.108786
0.100575
-0.508673
0.085644
1.53962
0.453741
0.206837
-0.0238627
0.301394
0.289632
0.437165
-0.13728
0.678768
-0.661723
-0.212042
-0.651419
0.815792
-0.467699
0.433986
-0.0610927
-0.629733
-0.680451
-0.140392
0.295
-0.114492
0.295392
-0.126722
-0.254061
-0.456079
-0.644706
0.755558
0.473544
-0.168548
-0.315416
-0.0554327
-0.179019
0.213195
0.0155645
0.740411
-0.684763
-0.458814
0.013953
0.747702
0.400644
0.190064
0.379789
-0.200059
-0.220149
0.467015
-0.0735176
-0.338623
0.812751
0.770779
-0.513506
-0.763569
-0.0120046
-0.384586
1.04141
0.362832
0.697286
-0.670068
0.332735
-1.28444
-0.645007
0.252986
-0.123803
0.110491
0.227719
0.967375
-0.293831
-0.573559
-0.167961
-0.293781
0.259342
-0.477519
-0.227129
0.100919
-0.796911
0.0234439
-0.350058
0.436422
-0.1712
-1.52545
-0.997514
-0.45236
0.133283
-0.510683
-0.670627
-0.252503
1.48701
0.0421517
0.0322702
-0.540316
0.0106217
0.611968
0.276786
0.105928
-0.507186
-0.809815
-0.632962
-0.972176
0.85943
0.706151
-0.384855
0.0437502
-0.227823
0.259536
-0.824932
0.518394
-0.458738
0.113119
-0.240723
-0.283036
-0.795566
0.414058
-0.657511
0.30038
-0.203245
0.752469
0.106639
-0.449213
-0.650055
0.43198
0.476382
0.200204
0.773582
0.0770635
-0.806493
0.305941
-0.722853
0.0375825
0.646849
-0.793977
-0.061503
-1.14369
1.37776
-0.252981
-1.01579
-0.499432
-0.0179323
-1.32346
0.379596
0.258195
0.65574
0.0103546
-0.394568
-0.321049
-0.349471
1.15709
-0.311807
1.07136
1.07572
-0.264976
-1.48836
-0.289435
0.0495143
-0.245575
0.0315647
-0.944617
0.117035
-0.628039
0.402342
0.555525
0.171828
0.434201
-0.128661
0.0105876
-0.956157
0.383078
0.0622144
-0.695544
0.905815
1.34863
0.201661
-0.492752
0.201075
-0.892252
-0.458824
0.395179
-0.13055
-0.0510571
0.0606432
0.722767
0.592511
0.331628
0.540473
-0.402386
-0.800113
0.390041
0.711501
1.09011
-0.103806
0.538779
0.0975149
0.244547
-0.331872
0.439643
-0.945225
-0.453511
-0.441535
1.23835
-0.292445
0.00616559
0.595574
-0.278098
-0.240241
-0.0660504
-0.0172692
-0.711802
-0.894594
0.992657
-0.336852
-0.342042
0.0503783
0.279878
-0.642007
1.54102
-0.6422
0.229875
-0.434384
0.0559802
0.227612
0.120565
-0.129467
-1.65341
-0.13783
-0.0716392
-0.0672167
0.45583
-0.55638
-0.32511
-0.976481
-0.146093
0.909936
-1.11426
0.505373
0.225207
-0.737601
-0.259307
0.429866
-0.453998
-0.144995
0.596623
0.777833
-0.213269
-0.168757
-1.79346
-0.0821854
-0.677224
0.293596
0.0714361
-0.0498118
0.166828
-0.861044
0.489971
0.0725992
-0.973251
-0.0895618
0.363794
0.297316
-0.628077
0.345488
-0.528554
0.686308
0.590755
-0.197685
-0.199365
0.423789
0.256741
0.0279017
1.20286
0.525642
-0.396062
-0.00380677
-0.767636
0.935392
-0.0414733
-0.386033
-1.22227
-0.729832
-0.271068
-0.395454
-0.427308
0.0757493
0.0984629
0.442654
-0.716648
-0.640901
-0.761811
-0.434918
-0.0746597
1.2713
-0.94505
-0.726899
0.364037
0.523652
0.200893
0.944111
-0.642028
-0.752561
0.606022
-0.183043
0.287995
-0.929961
0.192427
-0.235926
-0.855221
0.115249
-0.867175
0.087052
0.892562
0.1947
-0.49119
-0.332282
0.520081
0.145167
0.26834
0.0893177
-0.591721
-0.204258
-0.293913
0.310132
1.92339
-0.555182
0.183831
-0.47057
-0.211743
-0.177827
-0.472048
1.13035
1.10725
0.0742242
-0.391694
-0.340094
-0.818862
-0.194354
0.376036
-0.391257
-0.48365
0.419856
1.14844
0.235663
-0.866109
-0.863212
0.393761
0.121995
0.0668231
-0.310154
-0.204612
-0.294777
-0.227156
0.22705
-0.584985
-0.287484
-0.452854
0.111177
0.0285634
0.400077
1.42095
0.357092
-0.035665
-0.142527
0.665061
-0.295561
0.462128
0.898841
0.12192
-0.345768
-0.342382
0.72118
-1.01235
-0.489294
0.0241363
0.00613788
0.148097
-0.565661
0.446608
0.498194
0.175895
0.523603
0.61536
0.380595
-1.121
0.292277
0.588699
0.817619
0.48595
-0.344039
-0.371461
0.877427
-0.16295
0.301241
-0.156657
-0.484731
0.105194
-0.110158
0.0245638
0.878666
-0.466145
-0.411795
-0.398329
-0.15029
-0.131028
0.510377
-1.35143
0.0270408
0.0403758
0.990834
-0.609594
-0.853252
0.848958
0.200189
0.802091
-0.339983
0.17479
0.192916
0.513478
-0.459986
0.627384
-0.053899
0.929675
-1.10736
0.417733
0.158448
0.0776246
-0.225579
-0.024929
-0.485951
-0.844502
0.0930884
0.890143
-0.142251
0.32507
-0.343406
-0.259609
0.0252982
-1.05367
-0.610488
-0.0635096
0.0119404
-0.34513
0.441202
-0.472028
0.842428
-0.601627
-0.454013
-0.350885
1.24594
0.151601
-0.221981
-0.165977
1.02433
-0.156241
-0.226853
-0.811545
-0.43226
0.410514
0.242135
1.24747
0.680603
-0.0559755
0.192247
0.249262
-0.777458
0.308928
0.827441
0.593535
0.789161
0.423436
0.406649
0.228155
-0.501683
0.519599
-0.154193
-1.19705
-0.107563
0.371005
-0.72983
-0.160996
-0.00447189
-0.089167
0.78474
-0.587587
-0.588419
-0.3453
0.821537
0.24228
-0.825468
0.204745
0.470448
0.715362
0.646132
0.0457745
-0.875956
-0.557826
0.110786
-0.240152
-0.122422
0.25078
-0.436424
-0.363128
-0.484183
-0.0870978
0.237955
-0.242471
0.567693
-0.322937
-0.729556
-0.930908
-0.0391526
1.0676
-0.802384
-0.85901
-0.602433
0.599386
-0.315343
-0.51414
-0.794597
0.306391
0.160346
0.542337
0.95411
0.258474
-1.15472
0.520192
0.502333
0.45715
-0.697186
0.0723323
0.208797
-0.479178
0.0825653
0.360571
-0.122545
-0.8904
0.117515
0.562977
0.696122
0.564185
0.503797
0.152828
0.120671
0.243945
-0.472606
0.369159
-0.243073
-0.15681
0.345954
0.0444112
0.101088
0.373241
0.751905
0.425903
0.17177
-0.420755
0.266714
-0.557141
0.436159
0.177921
-0.447912
-0.543104
0.040398
0.103662
0.337735
0.97882
0.496158
0.172862
-0.236932
-0.846803
-0.00876954
-0.156682
0.0711447
-0.0344814
-0.695171
0.54519
-0.526881
-0.590353
0.146189
-1.37318
0.0426039
0.174918
-0.174234
0.240901
0.653814
-0.780319
-0.66864
1.02231
-0.348195
-0.54774
0.294262
-1.20996
0.153873
-0.0280967
-0.677238
0.349911
-0.0957311
-0.4687
0.206322
-0.0190795
0.822892
-0.546248
0.733119
-0.35746
-0.177327
0.530809
0.914949
-0.912749
-0.112206
1.32369
-0.525265
-0.263023
-0.203949
-0.765742
0.515203
0.575041
-0.724734
-0.540956
0.813841
0.591187
0.659389
-0.65086
0.326751
0.686807
0.126024
0.175396
0.868598
-0.215656
0.667088
0.201089
1.12773
-0.399107
-0.723303
-0.29396
-0.522777
-0.53325
-0.424178
0.0488463
-0.145991
-0.125904
-0.2098
-0.44283
-0.0513715
0.383858
-1.02322
-0.191207
-0.21658
-0.243494
0.301134
0.605386
0.0208036
-0.358359
0.0337218
-0.291689
0.13908
1.30876
-0.299353
-1.43624
-1.65552
-0.679527
0.180263
0.417125
-1.72717
0.468518
0.275258
-0.176061
-0.152084
-0.510024
0.883115
1.93271
-1.05932
0.186871
-0.184949
-0.710326
-0.689395
0.509854
0.539947
0.703326
-0.541572
-1.03605
-0.764224
-0.611712
0.224094
-0.133337
0.951959
0.585005
0.198671
-1.48452
0.893348
0.156705
-0.330779
0.711105
0.596764
0.89176
0.186189
-0.590727
-0.605813
0.801558
0.012016
0.17879
0.0493164
-0.330018
-0.134821
-0.291501
0.0593552
-0.454079
-0.473687
-0.643222
-0.0261194
-0.148088
0.902407
-0.293705
0.0858504
-0.338267
-0.359317
0.810263
0.242672
-1.07627
-0.566693
-0.386841
-0.16976
0.323626
0.777749
1.27994
-0.63765
0.0877806
0.175521
-0.0104109
-0.527579
0.779013
0.0388762
-0.865178
-0.170722
0.392
-0.312738
-0.262461
-0.258797
0.206528
-1.3649
-0.262017
-0.923602
1.02354
0.239159
0.26096
-0.365313
0.0252226
0.595818
0.494026
0.0374413
0.259418
-0.37586
-0.197148
0.0346336
-0.409972
-0.132452
-0.0383962
0.332038
0.325265
0.706968
0.210465
-0.886865
0.718149
-1.2682
0.786503
0.0133659
-0.143252
-0.672292
0.221707
-0.219143
0.0416211
-0.429252
-0.287325
-0.109982
-0.285347
-0.214583
-0.11031
1.35261
1.3613
0.86081
-0.574837
0.245923
-0.308261
-0.156007
-0.346765
-1.14463
0.768024
-0.154817
0.682436
0.777049
0.199363
0.525851
-0.0845974
-0.0523881
-0.724162
0.269783
-0.0288195
0.68802
-0.396263
-1.22882
-0.117805
-0.012488
-0.951491
-0.194454
0.346794
0.226925
0.341431
1.22429
-1.02825
0.867044
-0.275511
0.0436082
-0.923357
-0.57423
-0.818377
-0.754318
-0.0540033
0.170431
-0.206402
-0.549923
0.0788742
0.794012
0.0898101
1.17744
-1.56051
0.911795
-0.263451
0.084316
0.252549
0.674148
0.557893
0.223587
-0.566335
-0.685813
0.626217
-0.25625
-0.166484
-0.226579
0.41557
0.39996
-0.423905
0.000854223
0.481489
-0.548225
0.11781
0.197616
0.96334
0.594482
-1.04767
1.35512
0.776891
0.184496
-0.0641488
-0.560621
-0.231138
-0.486471
-0.19882
0.0425564
0.123123
0.368539
-0.230231
0.600905
0.101299
0.19272
-1.14039
-0.437066
0.0692188
0.193412
0.433399
0.161637
-0.63646
-0.896917
0.605657
1.14899
-0.547129
0.931485
0.177068
0.503307
-0.644089
0.309992
0.475843
-0.878526
0.344118
0.97869
0.158442
0.48163
1.28189
0.592849
0.84508
-0.294338
0.385992
-0.287457
-1.37612
-0.156639
-0.329275
-0.231715
-0.447841
0.372404
-0.00268221
-0.502132
-0.480368
-0.463158
0.781605
0.45691
-1.25575
-0.300366
0.50034
-0.503678
0.958218
-0.797378
-0.835426
1.31476
0.0394603
-0.18674
0.369675
0.239593
1.00596
-0.118023
-0.161066
-0.118455
-0.236187
0.637569
0.0744052
0.651685
-0.441699
-0.661544
-0.275661
0.17763
0.511748
0.0383619
1.03657
-0.277347
0.997771
0.750472
-0.550889
-0.432239
-0.185645
-0.416895
0.124476
-0.212891
0.557026
0.419027
-0.0499328
-0.693852
0.130406
-0.0312905
0.155362
0.611791
-0.830165
-0.0573523
-0.108992
0.508299
0.0865806
-0.00451502
-1.22523
0.00810025
0.195633
-0.223422
-0.327506
-0.382157
-0.666577
-0.0155224
-0.137931
-0.71086
-0.920539
0.25391
-0.395472
-0.251691
-0.320403
0.947957
-0.0402205
0.354209
-0.0300363
-0.808091
0.00187214
-0.297947
-0.0279208
0.161594
-0.0114558
-0.719253
-0.404725
0.585894
-0.315043
0.100485
0.305289
1.1086
0.646896
0.393949
0.536911
-0.763571
-0.36241
-0.276468
0.101889
0.361921
0.387775
0.327396
0.050836
0.374175
-0.519768
0.667055
0.889181
-0.444327
0.629286
0.639964
-0.783533
-0.221531
0.0610408
-0.040927
-0.130372
-0.582849
0.673958
0.149723
-0.206927
-0.611519
0.608342
-0.142109
-0.0970798
-0.960144
-0.813623
1.32422
-0.129283
-0.512772
0.179478
0.574664
-0.0166649
-0.174137
0.549641
-0.177774
0.216019
0.713787
0.0990951
-0.659399
-0.109157
0.194085
0.0136808
-0.314705
-0.466294
-1.12253
0.879241
0.413842
0.0707707
0.606081
0.63647
-0.395853
-0.292461
-0.304546
-0.250006
0.73899
-0.327412
0.369766
0.477781
-0.0364538
0.782351
-1.17228
0.0608165
0.258176
0.399307
-0.443023
-0.275705
-1.02852
0.365148
0.841202
0.517197
0.278723
-0.651663
0.15364
0.58095
-0.732357
0.144456
-0.566211
0.283636
-0.440478
0.138617
0.14714
0.313657
0.191547
-0.00633292
0.221184
-0.335464
0.717429
0.338908
0.176092
0.336133
-0.701363
0.679434
0.038562
-0.298434
-0.0914293
-0.327622
0.19494
1.1058
-0.613556
0.078638
-0.215514
-0.124611
0.242337
0.297271
-0.16764
-0.0467953
0.793558
-0.737115
-0.238233
-0.417508
0.344259
-0.372181
-0.199866
0.280559
0.00532392
0.380518
-0.601697
-0.0164207
-0.645329
0.695834
-0.177809
0.0292644
0.0695611
-0.868253
0.136573
0.184067
0.103058
-2.03236
0.0455684
-0.551739
-0.023147
0.253097
0.33798
-1.26338
-0.294937
-0.394789
-0.26875
0.624443
-0.246781
-0.378207
-0.308709
-0.317107
-0.131506
0.75484
0.111473
-0.0452971
0.853744
-0.146546
0.661217
-0.684062
-0.200381
0.599125
1.12294
-0.145879
-0.154353
-1.34691
-0.110161
-0.0910901
0.783023
-0.30534
-0.242536
-0.396084
-0.21193
-0.864267
0.733904
-0.228457
-0.720649
0.57948
0.841769
-0.620442
0.741066
0.776342
-0.104727
0.086224
0.187899
0.73086
-0.00770627
-0.885318
0.701435
-0.0372803
0.668543
0.430069
0.187958
1.03973
-0.286973
0.0565888
-0.789844
-0.605629
-0.240242
-0.347806
0.538552
0.362669
-1.54587
0.426661
-0.268082
-0.433242
0.384875
-0.464901
-0.402129
-0.229083
0.642347
0.103481
-0.951691
0.632255
-0.431105
0.604937
0.628157
0.405196
1.0684
0.369279
0.535217
-0.312694
-0.498491
0.733431
0.960247
0.494849
0.620603
-0.618755
-0.42804
-0.157423
0.504454
-0.171552
-0.517357
0.503345
0.828058
-0.97772
-0.255265
0.963019
0.343429
-0.435776
-0.34118
0.248228
0.568363
0.423215
0.451692
-0.18176
-1.18865
0.521671
-0.16397
-0.159788
0.680023
0.510354
-0.238111
-0.637855
-0.464247
-0.341188
0.215116
0.425444
0.160365
0.148945
-0.179759
0.0318714
-0.152021
1.23142
0.336917
-0.325201
0.556618
-0.205211
0.23181
0.294135
-0.0467497
0.283876
0.0558759
-0.361597
-0.484798
-0.0679849
1.45709
0.171191
0.959149
0.237573
-0.723443
0.033593
0.597341
0.351708
-0.406822
-0.65178
0.438382
-0.237593
-0.538592
0.418464
1.36988
0.00751603
1.03725
0.263529
0.116099
0.149309
-0.0202729
0.252351
-0.0926975
-0.441002
0.255042
0.0195559
-0.641553
0.281282
-0.971174
-0.229803
-0.351311
0.242396
-0.235465
-0.0578355
0.374825
0.0643832
-0.641542
0.10232
0.682059
-0.872462
-0.658062
0.462747
-0.0408494
0.487251
0.744347
0.815928
0.811398
-1.07168
0.768317
0.502073
0.509156
0.525679
-0.205673
-0.0264908
1.00976
0.225134
0.752395
0.300243
0.722897
-0.175403
-0.036552
-0.667153
-0.0215889
0.153779
-0.177912
0.76349
-1.18368
-1.05183
0.0710915
-0.834245
-1.22589
-0.131286
-1.37023
0.633663
-0.939863
-0.163826
-0.715594
-0.48625
0.0678775
-0.493823
-0.535859
0.0863462
0.58461
-0.373862
1.16586
-1.28496
0.234285
0.681689
-0.0198924
-0.716204
-0.207736
0.0978487
-0.677292
-0.107205
0.600901
-0.108817
0.817575
-0.540112
1.86019
0.666666
0.372683
-0.659115
1.0845
0.0663318
-0.283077
0.0806222
0.573185
0.347622
0.187398
-0.553378
-0.579982
0.24736
-0.464004
0.522683
-1.25847
1.16334
0.747251
-0.0194505
-0.00514788
0.884178
-0.385184
-0.854417
-0.505883
0.377227
-0.161817
0.430619
-0.0578394
-0.275739
-0.478064
0.26032
-0.610368
-0.322407
0.0786339
0.661663
-1.10823
-0.689425
0.115012
-0.569777
-0.511039
-0.753828
-0.0601784
-0.153538
0.352015
0.31354
-0.309364
0.826966
-1.1016
0.0691227
-0.552181
-0.368286
0.682457
-0.878234
0.3708
0.619936
0.11253
0.567207
-1.25523
0.973271
0.17404
-0.406464
0.252218
-0.801383
1.23255
-0.383353
0.331712
0.465328
-0.101786
-1.18367
-0.692955
-0.552234
-0.395823
-0.772742
-0.0770786
0.364957
-0.0613437
0.909933
-0.392871
-1.20835
0.13682
0.0355334
1.58769
0.745346
0.473376
0.354291
0.192066
0.0232885
0.075327
-0.244506
0.576903
-0.825617
0.16223
0.201971
0.45347
-1.3678
0.112093
-0.49758
-0.444977
0.644564
0.561408
1.05537
-0.388596
-0.749644
0.543759
0.228699
0.959266
0.167262
-0.506445
0.266658
0.285593
-0.235291
-0.0964291
-0.234788
0.750896
0.614482
-1.28218
0.425739
0.126711
0.195642
-0.253338
0.564367
0.451276
0.461701
0.476086
0.796507
-0.0925912
-0.216332
-0.0272949
0.489695
0.624112
-1.19083
0.0909151
-0.508546
0.656333
-0.799616
0.768236
0.0293576
-0.423163
-0.0375383
0.0346637
0.2809
-0.151886
-1.00472
0.619983
-1.40715
-0.158271
-0.452888
0.761897
0.403071
0.468115
0.600125
0.0296159
0.309918
0.409462
0.61417
0.159615
-0.841573
-0.143001
0.221405
-0.137948
-0.606897
-0.556101
-1.15161
-0.510505
-0.620201
0.243858
0.371472
0.388236
0.0648906
0.443127
-0.256346
-0.430602
0.151821
0.495569
0.55417
-0.658476
-0.578992
-0.191728
0.0319461
0.117861
0.144951
0.0536499
0.625762
-0.328054
0.67927
-0.150105
-0.24805
-0.0422004
-0.183349
-1.0314
0.316489
-0.156816
-0.583061
0.526134
-0.298337
-0.538079
0.679584
-0.105435
0.629332
-0.0413164
0.367662
0.0378264
-0.417667
-0.448016
0.101807
1.0006
0.0637439
0.0758097
-0.391889
-0.0508961
0.217265
0.0107706
0.306768
0.668852
0.451933
-0.49728
-0.99242
1.93058
-0.10182
-0.431715
-0.693755
-1.06109
-0.27724
-0.123451
0.300173
1.24271
0.227534
0.0812691
0.128848
0.0117504
-0.286453
-0.330714
-0.640919
-1.53448
-0.00118597
-0.211143
-1.56724
-0.140436
0.097901
0.835387
0.760804
0.317086
-0.316747
0.0332243
0.480801
-0.634706
0.167202
-0.0975893
0.58887
0.118876
0.169354
0.959546
0.386696
-0.205127
-0.782147
-0.281531
-0.160796
-0.514392
-0.87106
0.244195
-0.286724
0.0188286
-0.451468
0.00780819
0.542974
0.7946
0.0733505
0.602892
-0.606965
0.358723
-0.360463
0.0400732
-0.0973405
-1.34231
1.01803
0.0705674
-0.550735
-0.0341078
1.26782
-0.106558
0.222478
-0.985161
-0.784785
0.709243
-0.488348
1.12787
0.675827
-0.503601
0.103826
-0.490044
-0.152561
-1.71019
0.0310982
-0.15117
0.592345
-0.526913
-0.570033
0.317857
0.560253
0.530459
-0.476255
0.655492
-0.333563
0.322421
-0.666293
-0.169277
-0.266715
0.657274
0.594219
-0.30798
0.482213
-0.852762
-0.353273
0.207518
-0.523445
0.555082
0.122251
0.564322
-1.18158
0.691347
0.616266
-0.494564
0.407272
0.442863
-0.236536
0.474175
1.56757
0.338319
0.361955
-0.0829201
0.745185
-0.336517
-0.584111
0.862094
0.0164312
0.345979
-0.613889
0.186178
0.408833
0.306057
0.0446063
0.20633
0.189517
0.396507
-0.285635
-1.00507
-0.123041
-0.417816
0.69573
0.47285
-0.365001
0.200468
-0.412409
1.91995
-0.0318538
0.024744
-0.0423255
-0.164099
-0.658408
0.0740362
0.197392
-0.474564
0.703931
0.860628
-1.04794
-0.573827
0.151976
0.169694
0.382265
0.437551
-0.223932
0.408044
0.689842
0.066744
0.722094
0.474152
0.0527276
0.283331
-0.102096
0.070599
-0.0988143
-0.35635
-0.0188041
-0.000825263
-0.504466
0.385558
0.365442
-0.185898
0.555727
-0.413037
-0.455207
0.731017
0.214179
0.0670037
-0.747987
0.533933
0.826637
