-0.489067
-0.243349
0.725587
-2.30981
-0.457095
1.99426
1.58015
0.897154
-0.727288
1.90722
-0.975203
0.589767
-0.395961
1.06314
-0.220951
1.85965
1.13092
-0.376131
1.30964
-1.04462
0.679397
-0.611792
-1.39667
1.21357
1.27233
0.0817539
2.09197
0.131463
-0.21484
0.588415
0.859907
-2.04661
-1.10246
0.617399
-0.553873
0.22931
-0.512031
-1.86105
-0.854358
0.11758
0.359738
0.228487
-0.694307
-0.9692
1.00088
0.793604
2.5632
2.27959
0.566424
1.68153
0.741419
0.804183
-2.0334
-3.13435
-1.16463
0.863346
-1.89037
0.274614
0.475811
-3.55412
-0.950914
0.495517
2.45065
3.77328
-0.306948
-1.19611
-2.80543
-0.653953
0.963185
-0.781335
-0.781134
-3.45076
0.946962
-0.701468
-1.14447
-0.37167
-1.73811
0.15763
0.379579
2.68795
1.59241
1.69075
-1.11552
-3.57318
-1.71986
1.80309
-0.615331
1.31091
-1.84138
-0.51915
-1.01599
0.30994
-0.152731
0.987555
-0.592103
-1.06197
-0.577201
0.356388
-0.0449756
-2.65183
-0.365972
0.352406
-1.13906
1.42382
-0.870516
0.106545
0.527609
-2.11392
2.9689
2.28963
1.82563
1.86773
-1.35951
-1.493
-0.840688
0.873518
-0.554246
-1.49713
-1.84181
-0.917177
0.574931
0.117607
-0.577364
-0.566361
-0.140005
-1.24665
0.260596
-0.9948
1.86203
-0.383258
-0.391527
0.673745
-1.40616
-1.12136
-0.586318
-0.0286952
-1.77155
0.795467
-0.0868389
-1.87998
-1.3933
-2.12966
2.45709
2.49214
0.589193
1.09727
0.945853
-1.47692
-0.885589
0.794179
-0.0671685
1.53965
0.420727
0.533801
1.43479
-0.21127
1.32907
-0.850513
1.44417
-0.532543
0.156775
-1.78306
1.3195
-0.300049
0.23541
0.324392
1.52789
-0.279648
-1.66866
-3.08915
-1.14148
0.552413
-0.679135
0.650456
-0.845189
-0.192072
-1.03071
2.52544
0.789736
1.87372
-0.430841
0.720035
0.181255
0.113048
-0.239752
-0.256954
0.303297
-1.76638
0.508855
-0.663135
-1.79248
-1.44959
-2.95326
1.44519
0.0931999
0.951059
-0.266717
1.69259
-0.419365
0.649025
0.644353
2.28821
2.21292
0.941218
-0.443396
1.8858
1.67203
-0.931023
1.51976
0.635124
-0.595555
0.296071
1.74238
0.233933
-1.59513
0.534489
-0.541908
-0.28934
1.34385
-0.614955
1.66509
0.484039
0.70018
-0.132795
0.54378
1.05341
0.14405
0.921303
-0.530578
1.52162
-0.120622
0.322617
1.22333
0.0848513
-1.34742
-0.909867
-0.556971
-1.92024
-1.23985
1.54796
2.55895
0.944068
-2.24218
0.74419
-1.1055
-0.606697
-1.62729
1.32321
-1.29495
-0.717117
0.874446
1.04956
-0.576454
0.29373
-0.710282
2.78745
0.0492466
-1.55226
-0.0898584
-1.04527
-1.20743
3.17329
0.398994
-1.39665
0.142793
-0.291451
-1.25295
0.783643
-2.36805
0.521627
1.77016
1.12274
-1.38891
-0.950892
-0.672509
-0.757647
0.655122
-0.367953
-1.88116
1.14575
-0.755284
-0.588318
0.858355
-2.1949
-0.0260506
-0.766917
-1.85057
-0.191439
-0.539732
0.671023
-0.508349
-0.197608
0.743867
-3.21807
0.168681
1.98392
-0.561577
0.00346743
-0.0763732
0.100741
0.746916
0.314916
-1.6043
-0.33672
-1.00775
-0.342189
1.24959
-0.378711
-0.523096
1.66241
-0.0811409
-0.00865656
1.74559
-0.0253887
-1.07523
-3.63384
0.463012
-3.29244
0.918198
-0.915391
1.6908
0.366546
0.625172
1.83023
-1.1143
-1.26917
0.514089
-0.0695832
-0.118433
2.02978
-2.58444
1.76443
-0.971927
-1.46123
0.934854
-0.340917
0.742421
-1.67179
-1.05139
-0.124137
0.52698
-0.623563
0.422458
-1.39817
-0.235581
-0.753641
0.686231
-0.29133
-0.46397
0.200553
2.68747
-1.21662
-0.707251
-0.904473
-0.210869
2.25295
0.154038
0.0311913
-0.501923
0.655198
1.61404
0.555542
-0.114118
-0.460091
-0.228829
-0.434789
0.929304
0.485342
-1.11038
1.88993
-0.898323
-1.3633
1.25916
1.03718
0.989283
1.12371
1.24937
-0.648802
-0.142033
-1.14817
-0.417177
1.70111
-2.12012
-0.591455
1.61609
1.03904
0.106262
0.210072
-0.416007
-1.68707
1.40447
0.147628
1.55309
-0.375747
-0.30094
0.482497
-0.908577
0.30137
-1.67707
-0.281654
0.0321762
-1.19452
0.116522
-0.452404
1.1219
-0.622378
0.499039
0.167332
-0.107778
-1.63663
-0.150877
0.704644
-1.6179
0.765505
0.601111
-0.628338
-0.569619
0.887586
-0.102364
0.0929236
1.14495
-0.544048
0.761555
0.565989
-1.80309
-0.0174619
1.15564
-1.11742
-0.0918656
-0.923068
3.12557
0.184579
1.34457
1.42102
-0.176899
0.842599
1.96162
1.94983
-0.0373336
-0.0735928
0.987455
-0.796626
-0.462674
-0.33863
1.55217
1.20235
-1.69844
0.163337
1.77436
-1.49465
-0.262289
-1.19158
1.4493
-0.946912
-0.376592
-0.447716
0.677598
-1.0738
-2.03199
-0.456077
-0.782244
-0.407993
-1.6887
2.64596
0.0980052
1.34868
-1.06191
0.609343
1.33978
2.14193
-0.428535
-0.708571
1.59142
-0.213882
1.55735
2.78072
-1.16539
-1.15701
1.33341
-1.78189
-0.36256
0.463684
0.195725
0.0220801
0.435339
-0.10381
-0.328546
-1.12956
-0.19678
-0.0113856
1.32532
-0.981284
0.871986
-0.761904
2.23641
0.20238
0.0382123
2.34075
-1.46368
-0.896785
0.994342
-0.495701
0.644101
-1.39247
-1.20047
-0.0408116
1.51998
-1.33559
-1.0975
0.201567
-0.927848
1.0659
0.407225
-2.09223
0.133782
1.6975
0.391609
1.26817
-1.18913
0.129913
1.30984
-0.933985
-0.310781
-0.522894
0.200708
-1.22079
0.297108
0.689504
2.70763
1.58273
-0.867286
-0.64456
1.34458
-0.655761
-0.102342
0.719702
-2.20716
-1.55747
0.352646
-0.837973
0.680516
0.568728
-1.52665
-0.0760919
-2.19532
-1.51051
1.23828
4.47525
-0.566987
0.752753
0.50073
0.761814
-0.849207
-0.760016
-0.348356
-0.421772
0.159974
1.40034
-1.57634
1.68083
-0.162852
-0.113729
1.64318
0.126645
-0.252135
2.47151
0.348031
0.660052
-0.982644
0.452711
0.678007
-0.41042
-0.679422
1.85396
-1.62588
-0.489917
0.818357
-1.53808
1.86855
-2.23073
0.561396
0.972151
-0.0132834
-1.70742
1.65015
0.01371
-0.613241
-0.700899
-3.29382
2.26481
1.45552
0.692398
2.49447
-0.276936
1.13892
0.565818
-1.24535
1.31177
-2.45014
0.161363
0.979652
-0.17956
-0.505813
0.233088
0.587206
-2.53482
0.420671
1.16605
-0.52089
-0.081536
-0.441596
-1.82298
-0.650429
-0.105444
-0.371412
0.493813
-1.93288
0.908888
-1.52986
-0.479292
2.12334
0.902567
-0.664066
0.425817
1.41902
0.205629
-1.55607
-1.53159
-0.00299759
1.05272
0.918806
1.05911
1.78024
-0.831611
-0.110936
1.32674
-0.0806438
-0.382963
2.17432
2.48336
2.84581
-1.1075
0.205365
-1.58099
-1.25871
2.00101
0.218839
2.10872
0.793819
0.538966
0.296091
0.776504
-0.372387
-0.321153
-1.00457
-0.45664
-0.45861
1.31643
0.0640101
2.56985
1.2322
1.90096
0.584213
1.12744
1.31125
0.652917
0.241467
0.920102
-0.506522
0.901283
-1.09112
-1.63397
-0.124849
-1.05264
-0.344731
1.35431
0.122892
1.0737
-1.66267
0.184885
-0.682267
-0.327174
0.815809
1.23789
0.250028
1.37453
0.207308
1.64947
-0.261663
-0.699711
-0.578747
0.285103
-1.61476
-0.20593
-1.70038
-1.5505
-0.338139
-0.602556
-0.364603
-1.07696
0.0826715
-3.37
0.19406
0.213328
1.076
-1.24387
-0.747818
-0.911631
-0.165996
0.400775
0.85352
-1.37572
2.41281
-0.0238766
-1.13934
2.17261
0.581883
-0.42737
0.898993
0.821065
-1.20348
0.816019
-1.16481
1.34198
0.0833525
0.629087
1.39821
1.63836
-1.49656
-0.534788
-1.94817
-0.958937
1.70315
0.619901
-1.56505
-0.0149817
0.466352
1.72098
1.26611
-0.29987
-1.15606
-1.29931
1.61279
-0.0474071
0.551748
-0.88303
1.09211
1.66324
-0.334253
-0.484958
0.0292268
-0.306252
1.8307
0.608671
-0.693401
-1.64403
0.981334
-0.822235
-1.71253
2.8375
-0.234935
1.8327
1.83794
-0.268441
-0.532696
-0.321189
-0.343268
-0.622714
0.554765
-1.34206
-0.819233
-3.17264
-1.51956
1.12473
0.486868
1.58996
-2.02949
-0.914708
0.278119
0.599567
-0.594387
0.415088
-0.600165
1.13489
-1.30879
0.432862
1.1512
-1.14807
1.95859
2.11674
1.99717
1.30937
-1.04708
-0.230842
-0.66949
-0.471841
0.0924352
-0.615287
1.06918
-0.51812
-1.57476
0.460349
-0.834554
-0.601278
-0.802899
0.325333
-0.159341
-0.765914
0.877009
0.905707
1.72975
1.14361
1.79482
0.141175
0.203109
0.766381
-0.432183
1.98722
0.206907
-2.2179
0.0472536
-0.0353579
-2.32008
-1.00744
2.32463
-0.00135004
-0.922672
-1.19476
-0.461707
-0.887621
1.10711
-0.379651
1.01919
-2.35536
-2.30028
0.410301
-0.710235
-0.225013
-0.283159
-0.266346
-1.16685
1.40844
0.856735
0.197613
-0.804836
1.89441
-0.527921
-0.753243
0.099964
-1.40173
1.88685
2.38976
-0.875682
1.49369
-0.91222
0.0129881
0.843745
0.72015
0.0378829
-0.0939001
0.360369
-0.928971
-2.80913
0.569889
0.270098
-0.783327
-0.962114
0.617775
0.0722594
-0.736746
-0.687045
-3.85188
-1.55297
1.14847
2.33087
1.34347
0.0266637
0.588093
0.30995
-1.94416
1.10113
-0.322611
-0.108737
0.470939
-0.29894
-0.499453
1.49118
0.523961
1.29783
0.478647
0.693767
-0.894341
-0.790813
-1.02539
0.408041
-1.1377
-0.772432
-2.26419
-0.760389
0.579417
-0.479924
0.940266
-0.671987
2.82546
-2.19993
0.265373
-0.122792
2.21457
0.322112
0.675419
3.09507
-0.438906
-0.21756
2.06541
-1.30015
0.749168
-0.814377
2.16729
0.133563
-2.1205
1.02155
0.809111
-0.783097
1.51746
1.33416
1.32988
0.233562
0.603812
1.63487
0.662431
1.08482
-0.0274244
-0.28028
-0.874205
-0.0020223
2.55228
1.0038
1.22014
-0.348073
-0.439743
1.03555
-0.282815
0.572678
1.95214
-0.338538
-1.4927
-0.177886
0.988819
0.813049
1.84948
-1.20606
1.11501
1.43436
0.864251
1.17405
-1.5756
-1.59307
-0.391205
0.0496521
1.1729
-0.328475
-0.71214
-1.75175
-2.68117
-0.237693
-1.96059
-0.864959
1.19207
-2.26796
0.867994
0.727081
1.09399
-0.622155
-1.20893
-1.00063
-0.754773
0.0220989
1.02757
-1.08383
-4.53907
0.723666
-0.58238
-0.408767
1.13468
-0.216756
0.95857
-0.879973
0.496051
-1.20984
0.278467
0.0674069
-1.68119
1.70641
0.510427
-0.259255
-0.637265
0.158119
1.13632
1.06783
0.999981
0.0986418
3.05859
-1.6387
-1.30437
-0.0885568
-1.19547
-1.44264
0.948477
0.612825
-0.403422
2.22122
-1.336
-0.596733
2.0337
0.940301
-0.510658
-0.377695
0.00382643
-1.55399
-1.45534
0.974676
0.625031
1.78407
-1.41449
0.280106
1.14776
0.223146
-0.800418
-1.00109
0.548647
-0.211882
-1.79263
0.767276
0.922444
0.724697
-0.281851
-0.23637
-0.568095
-0.779588
-1.02218
-1.64785
0.137335
-0.743171
-2.29572
-0.634046
-1.07797
-0.279083
-1.18093
1.52012
-1.81297
2.32769
0.900126
1.14984
-1.40105
1.61791
0.957751
-1.76712
-0.672506
-0.337587
-1.51318
1.88361
1.43577
-0.658774
-2.56224
0.582196
-2.87031
-0.621509
-0.450058
-0.512747
-2.69072
-0.683581
-1.07142
0.560453
1.86293
-0.625632
-1.05615
-0.212846
0.0541965
-0.655052
-0.217527
-1.03714
-0.880875
-2.17163
-0.136997
-0.22785
-1.31974
-1.29728
-0.0513418
-1.32996
-2.54886
-1.27113
-1.53787
-0.039867
-0.873914
0.968711
-1.27213
0.454714
-1.13866
1.2774
-1.07883
-0.853912
-3.21894
-1.6825
-0.656127
0.419683
-3.04359
1.13272
1.36005
1.03282
-1.9472
2.27929
0.0440373
0.00426375
-0.30192
-0.5114
0.947698
-0.467079
1.03624
-2.43981
-0.841183
0.516927
-0.122509
1.1091
0.411274
0.129735
1.02245
1.67845
1.97594
-2.26319
-0.953361
0.377005
0.614809
-0.453702
0.107359
0.683497
0.924836
-0.628678
0.295809
1.16146
-0.0865151
0.163125
0.34567
0.866783
-0.451072
-1.79551
-0.615698
-0.0204802
-2.07484
0.382029
-0.404917
0.347646
-0.294096
-0.0911772
0.74522
0.571059
0.773175
0.430446
-1.90776
-0.54517
-0.463096
-0.62782
-0.750861
-2.20365
-0.201535
-0.543611
1.62204
-0.373453
1.24802
0.207258
0.20551
-0.860416
0.858586
-0.97966
0.0350679
-0.840322
-1.15975
2.5937
1.37861
2.36935
0.247246
0.304584
0.233273
-0.668562
0.468642
-0.997858
-0.349845
-1.25747
0.722166
-0.221915
-0.444108
-0.287982
0.660315
-0.329475
-0.216227
-3.25342
0.182444
-0.9364
-2.24631
0.912097
-1.17664
-0.513055
2.42193
-0.949874
-1.37422
0.48031
-1.02571
0.941869
0.145442
0.0975255
-1.31176
0.409868
-0.97005
0.647077
-0.218026
-0.72482
1.37242
-0.31979
0.287779
2.51396
2.61251
1.18142
-1.63695
-0.756657
0.398013
-0.0307953
-0.687663
-0.409574
1.46863
-0.634983
-0.715362
0.869605
-0.568957
-1.05439
2.50186
0.918639
-1.89794
-0.668904
0.899598
0.577939
0.502194
-2.43702
0.643476
0.0231524
0.229845
0.394382
-0.825986
-1.21178
-0.750941
-1.07862
0.0189543
-0.17791
1.21392
1.39014
-1.61176
1.03945
1.82264
2.78953
-1.51258
-0.30678
0.415278
-0.573266
1.58823
-0.63876
-0.990562
0.171836
-0.910479
-0.844054
-0.791221
0.435831
0.632348
-0.984234
-3.71066
-0.147912
3.14878
0.0335072
2.79276
-0.584346
0.648595
0.205393
0.222802
0.107299
1.12114
-2.49123
-0.938336
0.228934
1.56382
-0.72944
1.14644
-1.36317
0.399602
0.821437
1.5363
-0.198539
-0.197388
-0.141212
1.59201
3.39398
0.816414
-1.31469
-1.37097
-0.0205836
-1.36353
-1.29831
-0.580335
0.990075
0.176596
-0.956759
0.731531
-0.472189
0.764876
3.02201
1.97306
-0.0117194
-1.24893
0.338982
-0.867873
-2.6643
1.76952
0.244948
0.310087
-0.00392734
-0.907765
0.0924454
0.812093
0.0292415
-0.34347
0.537684
-1.22378
-0.309342
-0.609982
2.94111
1.64798
-0.736077
0.800709
-2.32933
0.765841
-1.70248
-1.3349
0.199622
2.30702
-2.15771
0.277277
-0.0620767
0.190039
-0.441189
0.521509
0.330979
0.860774
1.6648
-2.65391
-0.675217
2.18255
0.886395
0.531241
0.533505
0.994782
-1.78476
1.38131
-0.869736
-0.0896372
0.811522
0.073938
0.795815
-0.0646806
2.28546
0.654435
-0.140646
-1.66281
2.6039
-2.54401
-0.38168
-0.150578
-0.214481
0.718026
1.00044
-0.845395
-0.367181
-1.10696
0.00964278
-0.872449
2.66877
-1.37317
-1.13363
-1.22519
-1.20941
0.972441
-0.554803
0.989371
-0.88687
-2.17608
-0.76292
0.358468
-0.144806
0.691158
0.515754
-1.64944
1.87052
0.286096
0.571796
0.429364
0.46351
1.65865
0.769038
-0.971746
-1.8043
-0.925315
1.65741
-2.20725
0.00304115
0.265327
-2.10363
-1.73223
-1.74761
-0.469038
-0.77073
-0.237126
0.75143
2.41422
-1.48112
-0.395827
1.73621
-1.0422
-1.03659
0.536588
0.456669
-1.22513
0.473574
1.49937
0.334088
-1.15914
-2.19129
1.08959
0.441329
1.88341
0.0243585
-0.165339
2.42727
0.431869
-0.440757
-0.374585
0.356409
0.108799
0.11351
1.08059
-2.75804
-0.672066
-1.04278
-0.957835
-1.88469
-0.791091
-0.817619
-0.0148341
0.206911
0.143197
-0.0835781
1.6847
-0.526937
0.637061
-1.09107
-3.06402
1.24461
0.755656
1.77094
1.23939
0.4409
-1.68088
1.18223
0.464026
-0.902471
-0.480395
0.175797
-1.39781
0.834062
-0.158956
-1.15705
1.04735
0.190862
3.87865
1.40667
-0.441202
0.954253
-1.40007
-0.0399809
-1.74816
-0.44972
0.808328
-1.91775
3.06956
0.00865801
0.871563
-1.17222
3.20419
3.02325
-1.08712
-1.1137
0.824435
-1.76053
0.416632
-0.880963
1.04935
-2.22075
-0.328303
-2.57504
-0.80661
-0.000780043
0.512793
-1.0051
1.91852
0.0458282
-1.25399
0.625785
1.81882
1.05853
-1.03926
-1.45502
-2.65799
-0.0036884
0.159086
-0.577353
-2.50768
-0.632564
-0.369636
-0.114735
0.0600543
-0.113842
1.19039
1.16435
-0.198133
0.32499
-0.803975
-2.47734
0.598226
-0.416468
3.06193
-2.25531
1.29546
-1.06021
0.855019
0.243075
-0.997107
-0.403012
1.10565
-0.375022
1.21512
0.567924
-1.77014
0.47534
0.149623
-0.462066
0.564001
0.814192
1.42258
1.1435
-0.0739847
0.223425
1.58375
0.255965
-0.450034
-1.93345
-0.964744
-0.975561
0.903285
-0.598122
0.160147
-0.301653
0.537655
1.91156
-1.72461
-0.267849
-0.0123467
-1.24518
0.144506
0.574787
-2.75979
-0.934718
0.683057
-0.0277232
0.733999
-1.86036
2.70993
-1.05019
-0.784631
-0.546504
0.146148
0.390142
2.22693
-1.56971
-1.26768
0.734063
0.826631
1.68195
0.891788
0.732149
-2.23046
-0.859023
1.49395
1.25236
0.196586
-0.110748
-0.0914212
-1.66915
-1.19529
0.859113
-2.03778
0.457744
1.38167
1.3682
-0.032307
1.83147
1.67733
-0.560008
0.152311
-1.25777
0.390177
-0.734615
-0.806742
-1.48842
-0.520324
1.23692
0.337396
-0.435561
0.405581
0.16109
-0.11928
1.8599
2.53258
0.704526
0.0788537
1.35589
1.19248
0.172901
-0.736434
-1.10638
0.259322
0.563721
1.04511
-2.90043
-1.78362
0.418953
-0.876502
0.584195
0.477472
0.166004
0.0435918
1.83458
0.376328
-1.19993
-0.669011
1.34634
-1.31447
1.13705
2.17756
0.639258
0.821001
0.478618
1.34266
-0.398722
-1.37863
0.98711
-0.379348
0.389409
1.4974
-0.180163
0.390692
0.728615
-0.414533
0.113947
0.938937
1.05031
0.249352
-0.0446982
-0.711826
0.150336
-2.06195
-0.833038
1.59688
1.09303
-1.49876
1.01087
-0.497557
-0.313488
0.641736
-0.441995
-0.430553
-0.0834793
1.33144
-1.28957
0.856712
-1.50988
-0.878791
1.80876
1.02061
-1.50768
0.460496
-1.05405
0.883686
-0.283751
0.78585
0.59583
1.0768
-0.373905
-1.61415
-1.50051
-0.408343
0.633802
0.0537205
-1.07032
0.117618
-1.81718
-1.81599
0.761687
-0.25537
0.580711
-0.442722
-0.16722
-1.23379
0.608468
-0.809575
0.105268
0.501464
-0.366201
0.658559
1.5895
0.755031
0.692013
-1.41514
-0.271587
-2.85351
-2.43411
0.430019
0.59163
-0.157876
-0.983417
-2.99341
0.403821
0.414719
1.33485
-1.75813
0.095368
-1.36922
0.491936
-0.838543
-1.37996
-1.38904
-0.683676
2.20128
0.406464
-1.23536
-0.806811
-1.30551
2.32369
-0.347891
1.33826
-0.59916
-0.164143
-0.158902
1.97566
0.727242
1.79161
0.797306
0.535645
-0.652581
0.0316522
-1.65971
-2.32459
1.62177
0.38353
1.30647
-0.190999
1.42489
-0.639904
-0.599727
1.74866
-0.408398
-2.52166
1.4829
0.483927
0.213175
1.98017
0.227826
-1.86678
1.10386
-1.04628
-0.288885
-1.13591
-1.48069
0.110674
-0.472674
0.284014
-0.662876
-1.56287
0.225037
-0.289673
0.452583
0.819834
0.0122119
1.14597
1.45159
-0.66478
0.187015
1.25929
0.633179
-0.859218
0.0278507
1.2115
0.22291
-2.0834
-2.15373
0.743175
-0.797811
0.584446
0.485911
2.85033
0.594585
-0.663903
0.571094
0.215417
-0.585877
1.96044
-0.45059
-0.0734941
-0.362464
-0.387785
-1.78777
-0.548911
0.439933
0.39284
1.30893
-0.762324
-0.328773
0.137106
0.416553
0.997947
0.229316
-1.76298
1.86217
-1.30843
-0.533768
-1.42445
-0.593791
-0.55538
1.65707
0.56927
1.124
0.384941
-0.0983691
1.04748
-2.46253
0.378021
-1.86383
0.898422
-0.424876
1.30148
1.0872
0.885494
1.20715
0.352665
-0.723342
0.152602
2.12307
0.822825
-0.113235
1.97882
-1.64659
-2.68805
0.0562637
0.582676
-2.58178
-0.0967347
-0.58089
0.637795
0.765997
0.103605
1.08929
1.64196
-1.50465
-2.46756
1.68553
-0.965268
-1.35567
0.347417
0.965047
0.605741
-2.04848
-1.05469
0.0196147
2.11297
1.58922
1.03185
1.54903
-0.365314
-1.37642
0.733935
-1.21201
-0.369588
1.1883
0.410998
2.06435
2.19727
1.24994
2.24117
0.944501
1.47129
-0.589325
-0.661306
-0.586445
1.49247
1.90435
1.70661
-2.41883
-1.71243
-1.16042
-1.53721
0.913542
0.383036
0.0192495
-0.666774
2.2296
-3.00971
-0.0426536
-0.43655
-2.83088
0.362735
1.23126
0.9403
-0.869355
-1.69475
-0.474777
1.22305
-0.445771
-0.946596
-0.228695
1.30085
-0.635288
0.375033
1.23427
-3.10982
0.513739
0.117994
0.439766
1.88272
-1.93301
-0.850631
0.889567
-0.575681
1.21863
-2.83362
1.28029
-0.434549
-1.37433
-0.0644585
-1.64561
-1.16262
2.28216
1.31844
0.0317608
-2.07071
0.473472
1.66225
1.51908
0.621183
-0.60019
-1.02599
1.10566
0.463948
-0.241174
0.713283
0.287812
-0.0505732
-0.188803
-2.89835
2.37262
0.300871
-0.49097
0.0119904
0.594307
-0.0513286
0.181983
0.470227
0.193154
-0.0729286
-2.80525
-0.924099
-2.28376
-3.46947
-0.0377812
-0.00365855
-0.185848
1.8466
-1.23346
1.65461
0.950159
-0.17676
-0.712001
1.02727
-0.156802
0.0554587
1.41658
-1.63853
0.505742
1.19731
0.00364282
-1.08368
-0.491867
1.01235
1.30046
-1.81021
0.63028
0.0262053
-1.28001
-0.000282416
2.61285
1.24351
-1.24979
-1.38655
1.14923
0.616694
0.75953
1.63587
-1.15917
1.62338
-0.663404
0.870518
-1.17034
-0.707135
0.609508
-0.472307
-0.627651
-0.878638
-0.259662
-0.440295
-0.351986
-1.15863
0.341477
0.0188323
-0.0382248
0.303287
-1.87891
1.77509
0.841873
0.390337
-0.907622
-0.0826174
-0.132996
-1.46277
-1.07743
0.351281
-0.431057
-0.124883
0.418483
1.96272
-1.83096
0.627733
-0.179943
-1.07195
0.743732
1.75123
0.734354
-1.52025
-0.125214
1.43634
-0.778344
1.91638
-0.461328
-1.49632
-1.11995
-0.0848088
0.412606
-1.42284
1.36088
-0.557044
0.244365
0.952362
0.21927
-1.36068
-0.673002
-0.216284
0.33997
0.16954
0.875669
1.86654
0.319104
0.608198
-0.319379
-0.25854
1.30607
1.68028
0.726417
2.31635
-0.218087
-0.0989648
-0.524076
0.223324
1.79209
2.33841
2.56903
-1.33853
0.885108
-1.57019
0.383831
-0.6375
0.403969
0.412771
-0.0625579
1.32616
0.673876
-3.80936
1.4704
0.119981
1.31405
0.376482
-2.22877
1.40074
1.13773
-1.47206
-1.80682
-1.45159
-1.55063
-0.839382
1.57279
2.75338
0.762135
0.907514
-0.866207
1.26638
0.9332
-0.967988
-1.03125
-0.740809
-1.39167
-0.0873389
-0.918575
2.49676
2.06891
1.23304
-0.159959
0.797552
-0.813675
-0.312901
-0.730581
-0.429657
0.493002
-1.22751
0.121023
2.35518
0.800742
0.188302
-2.29235
-0.405776
-0.0647722
0.32674
1.0495
-1.99506
-0.447982
0.772098
-1.33224
-1.37671
-1.08351
1.99458
0.160319
-0.284445
-1.44199
-1.71875
2.43674
-0.174455
1.55082
-0.747336
-1.65455
0.213132
1.54151
1.05322
1.95318
-1.38441
0.0501131
-0.424018
0.325965
-0.266255
0.574057
-1.02234
-2.50201
0.0431439
-0.305636
-0.383505
0.598928
-0.378674
0.140668
0.17875
-0.193886
0.463155
2.32951
-0.480892
0.873209
-0.404723
0.208839
1.09955
1.59416
-0.685201
0.792355
0.114079
-0.0272253
1.79496
0.35302
-1.39253
-0.465556
0.725165
0.629876
0.307555
2.06729
-0.265261
-2.44695
-0.815379
-1.51134
-1.77221
1.39358
2.69265
-0.669805
-1.05554
-1.19196
1.22577
-2.01282
0.28812
0.513263
0.731579
1.2647
-0.601907
-1.1882
-1.01923
0.128214
-0.629305
1.50205
1.53918
-1.81712
-0.488914
2.22337
-0.336242
0.722925
1.41732
0.599776
1.09958
-1.36927
-0.378558
-0.433544
-1.2669
1.60306
0.581983
-0.790935
0.830839
-2.09564
-1.59493
-0.851412
0.0134499
-1.50542
-1.85141
0.116496
0.736516
0.748324
-0.851699
0.351747
0.113813
-1.07064
-0.87638
2.72171
-1.18656
0.0206897
-0.0268621
-2.74052
0.104749
0.850914
0.121672
1.49086
-2.7324
2.61536
-0.45466
0.804548
0.0305063
1.08173
-1.06852
1.46669
0.777218
-0.940711
-1.00221
-0.513615
-1.41484
-1.32006
2.53526
-0.540282
1.45525
-0.344874
-0.728963
0.866102
1.28574
0.457518
0.514547
-1.5816
-1.12093
0.827794
-0.989361
-1.26628
0.0585875
0.570089
-0.690247
-0.543377
-1.5116
0.18522
0.707815
0.720948
0.765045
-1.16438
0.479724
-1.15122
-0.19556
-2.12379
-0.584356
-0.488248
-0.386387
-0.537327
0.7075
-0.349129
0.661085
-2.32217
0.573312
1.41102
-1.26771
0.726076
-0.99814
0.117954
0.217099
-0.978109
1.24763
1.48595
0.245115
-0.251083
0.0534539
0.358893
-0.0438727
1.01757
-0.234832
0.339024
-2.068
-0.0239616
-0.184007
-1.70104
-1.352
-0.383299
-0.0818257
-1.74401
2.40052
-0.947242
1.13694
2.25422
0.399282
-1.28148
-0.6146
-1.3083
-0.0263188
0.772012
-0.879086
-0.653681
1.22866
2.08981
-1.13141
0.0248305
0.386967
-1.50015
-1.81067
-2.20158
0.147622
-0.260736
0.72784
1.19409
-0.778002
-1.37262
3.53868
2.901
-0.140731
0.355864
-0.270803
0.762078
-0.461533
1.44884
-0.906987
-2.31483
0.149816
-0.76722
0.674227
0.927314
-0.877771
-2.37583
0.922101
-0.218568
-1.3328
0.0996555
0.0795757
3.21415
0.106638
0.0320448
-1.72947
-0.319922
-0.06101
-0.477815
-0.207808
-1.32443
0.85868
0.155
0.0166672
-0.447028
1.36294
-0.736517
1.47048
-1.16511
0.842918
1.83011
1.40847
-0.979677
-3.52724
0.581161
-1.19965
0.417407
1.98518
-0.485475
1.29888
0.81569
0.238151
0.2153
-0.300417
0.434969
-0.432159
-0.898201
-1.05188
-0.159464
1.80205
3.21689
-0.681677
-0.474965
-2.65558
-0.712154
-0.558071
-1.43539
0.176832
0.541077
0.00445004
0.614996
1.22307
-0.0318923
-0.196214
0.912326
0.887142
0.0180361
1.0949
0.687303
-1.28565
-0.624184
-1.29476
-1.41678
-0.275536
0.254705
1.12672
0.00638706
1.38994
0.426942
2.13821
0.23966
0.92769
-0.671342
0.103284
0.0933664
-1.33209
1.78494
1.76369
-0.640015
0.945528
-0.137341
-3.24863
-0.526735
-0.518797
-1.61006
0.357639
1.11182
0.0273184
-0.132475
-3.022
0.241577
0.603772
-0.407521
1.90914
2.50862
-0.923974
-0.174922
-0.392151
0.00121636
0.109682
-0.377225
1.43338
-0.507589
-0.65482
0.811524
-1.58838
-3.5335
-1.49307
-1.77528
0.579501
0.0372159
-0.691378
0.965355
-0.497218
-3.09282
-0.435472
0.249529
-1.43774
1.16109
0.685674
1.02675
-2.2797
1.18873
0.400419
1.54542
-1.0306
-0.705388
0.0121961
-0.541251
-1.32189
-1.08842
1.17975
1.581
0.555255
1.11513
0.69378
1.73633
0.722273
-1.33127
-1.66269
0.405985
3.16699
2.18552
2.23796
0.914476
-2.14001
3.01256
-1.62379
0.630949
0.257249
0.805155
0.85494
-0.537405
-1.01253
0.702037
2.06521
2.08037
0.170877
0.278244
0.450003
0.0415409
-1.30491
1.20646
0.3557
0.641193
-0.324755
-0.974778
0.3524
-1.43928
1.65655
-0.903587
0.229655
2.25801
3.65778
0.0370028
-1.6316
0.971534
1.41184
0.345158
1.3615
0.434897
-0.361454
-1.03639
0.572688
-0.622909
2.28969
0.248974
2.15046
-0.34474
-1.47709
1.34599
0.848972
-1.16529
-1.31752
-0.495219
0.50954
-1.03843
-0.0613279
-1.71096
-0.555768
-2.81767
1.56586
0.300987
-0.0529529
-0.986059
-0.7574
1.25243
-0.483486
-2.812
1.27237
-0.400995
0.397706
-1.64244
0.955912
-1.13025
2.75886
1.88508
1.08291
-0.284853
-0.118805
1.18462
0.255807
-0.36837
0.399701
-1.58114
1.81013
0.371229
0.658976
0.326371
-0.289197
0.173412
0.524477
-0.17341
0.635851
-1.31167
2.43823
-0.607783
-1.0389
0.361454
2.47407
0.527188
-1.8944
0.309916
-1.44822
1.42984
-3.29846
-1.93458
-0.474678
1.56331
-0.171415
-2.50325
1.08796
-0.231188
-0.659802
0.120222
1.3568
-1.31892
-0.172062
1.67469
1.7217
0.173719
1.24884
-0.492205
-1.20841
-0.504392
0.34809
-2.21417
-1.04522
1.09045
0.246101
1.09702
0.497737
-1.10884
1.35847
0.654923
-0.341303
0.0756781
-1.39056
-0.354734
0.625597
0.901569
-0.883888
-0.358958
1.1314
-0.151215
-2.13437
-0.619091
1.27904
-0.450188
-1.10497
-1.25155
0.177773
0.989048
1.1328
0.145133
-0.709038
-0.432269
0.249721
0.000480072
0.400501
-0.393795
3.59175
-0.180004
1.91655
-0.0929355
-0.707703
1.69828
0.273193
1.75551
0.912822
-0.542208
0.892415
-1.5792
-1.48057
1.41587
-1.86564
-0.746964
0.000519941
1.03823
-1.2934
-3.01771
-0.733966
1.50597
-1.04768
-0.086956
0.360836
0.285652
-0.585237
0.517515
-0.690106
1.59321
-1.23332
0.0260327
1.54911
0.122703
-1.14857
-0.194728
1.14971
1.32202
0.655627
0.542658
-0.0728963
-0.179496
0.497862
0.156969
0.0889416
0.724421
0.224697
-0.012435
-0.0592537
-1.65562
-0.0533105
-0.600576
-0.774026
-0.270974
0.702418
-0.199646
-1.48866
0.517106
-0.403821
3.41136
1.45059
-0.780402
0.400473
-1.73958
-0.598602
-2.02922
0.963197
1.15151
-0.0710328
1.30414
1.59399
1.0267
-0.564704
-0.255984
0.452032
0.154342
-1.73909
-0.200677
-0.745191
-0.510356
-0.626233
0.503451
-0.152153
-0.632999
1.29105
1.1561
3.26344
0.276035
2.52528
1.82515
-0.979128
-0.0219594
1.52764
-0.57033
-0.295974
-0.72171
-0.545162
-1.16787
-0.568147
-0.614605
0.719857
-0.0680208
-1.19181
-0.34326
-1.10626
0.657916
1.5418
0.646659
-1.1806
0.228146
-1.09178
-2.95038
0.731864
-1.36263
0.387896
-0.587077
0.650026
-1.55654
-0.32137
-3.29378
1.21727
-0.794102
-0.712282
-0.100003
0.962756
-0.0988891
-0.400314
1.40928
-0.520145
-0.494086
-0.785085
-1.16989
-0.619668
1.86674
-0.963094
-0.698729
0.885422
0.245563
1.52468
-1.29755
-0.233825
1.30265
0.0299108
0.38116
0.340018
1.14307
1.65725
-2.0759
2.77409
1.48015
-0.861188
1.90231
0.437508
-1.51871
-0.140755
0.867187
0.467605
1.41685
-1.55311
1.14037
0.94519
0.0639047
1.78414
1.29039
-0.164616
-0.339375
-0.152447
1.30734
-2.8722
-0.711438
1.77522
1.57344
-1.7275
0.443674
0.500157
-0.529866
0.0868601
-0.889228
1.27853
1.09796
1.23064
-2.1082
2.9602
1.38392
-2.77288
2.13607
-1.19047
-0.807782
-0.283564
-1.15387
-1.49496
0.236177
0.0769582
0.799524
0.342047
-0.487531
0.477136
0.210275
-0.588041
-0.125145
-3.02664
-1.77032
-1.04469
-1.39694
1.47636
-0.52859
-0.338056
-0.56916
-0.5751
0.347478
-1.01484
-1.27918
-0.983932
-0.996405
0.0596811
2.24169
-0.749343
0.384627
0.534193
1.18421
0.636403
-0.3687
2.5115
0.368691
1.35031
1.55536
-0.618584
-0.506882
-0.691054
-0.37222
-0.9815
-0.778028
0.807142
-0.232256
0.60939
-1.07709
0.638065
-0.869933
0.0994031
1.20264
-0.0144073
1.98066
1.63316
-0.438512
1.20497
-0.575392
0.145724
-3.00018
-0.533514
-3.22186
0.220955
0.84171
-1.29859
-1.42413
-1.39147
-1.28905
1.05373
0.677269
-0.409053
0.912215
2.68482
-0.235554
-1.77372
-0.400159
-0.0607112
-0.662343
-2.42733
-0.20076
-0.0839482
0.794059
-1.40484
2.93059
0.530852
-0.68167
-1.04094
-0.850904
-0.913267
-0.471077
0.542805
-0.235461
-1.23496
0.613265
1.70429
0.714384
-0.127691
0.694391
-1.26916
-1.17933
2.83731
0.596067
-1.46427
1.39634
-0.414353
-0.734332
-2.77112
1.07108
-1.42539
0.193374
-1.3747
-0.93566
1.19331
-0.601167
0.0353909
-0.358175
-0.206083
-2.01014
-2.28127
-1.6395
-2.29367
1.88854
-0.542901
-0.652817
0.991563
1.42967
0.654944
0.16968
0.029023
0.79323
0.61574
0.624775
0.438672
-1.53943
-0.0736095
-1.69689
-0.793102
1.49463
2.92916
0.626916
-1.43052
0.815732
0.897014
2.3985
-0.537501
-0.289309
1.34536
-0.158104
0.32628
-1.02195
1.97502
1.86725
0.546724
0.895092
-1.2093
0.999759
-0.425882
0.0933352
-0.651818
0.0262901
-0.0664923
2.05089
1.65693
0.253772
-1.55636
-2.36695
0.292479
-0.572415
1.26556
0.815733
0.0315394
-0.939733
1.63415
-1.77739
1.50059
0.235336
-1.01613
0.2098
1.4098
0.97536
-3.01532
2.39463
-0.890102
0.391605
0.541249
0.0589831
0.981886
-0.742534
1.3369
0.416927
-0.955105
-1.26548
0.0698272
-1.31666
0.016051
0.639178
0.213735
-0.26383
-1.39037
0.422663
-2.2412
-1.65761
-0.458144
0.459428
-0.791758
0.635595
2.01414
1.46004
-0.56287
-0.666802
0.904599
-0.299946
2.00524
1.182
0.300554
-0.20518
2.25256
0.459943
-0.162924
1.67442
-2.10816
1.72167
2.6502
-1.15375
0.691947
2.15302
0.207654
-0.492652
1.81597
-1.14905
1.08723
1.16664
0.795782
-0.353033
-0.021238
-1.72089
0.644093
-0.557767
-0.08469
-0.436096
-0.612548
0.939588
-0.652752
-1.24296
0.114912
2.132
-0.729699
-1.65606
1.81705
1.0898
0.536923
0.495888
1.6755
0.0283496
-3.08755
-0.622046
-0.795867
-2.07465
-0.315644
-0.191829
0.955108
-2.0644
0.0913483
2.50777
0.0672152
-2.64147
1.38024
-1.35997
0.619295
-0.31337
-2.31599
0.00969782
-0.0100808
-0.136811
-0.851475
0.176693
2.0354
-1.69802
2.51933
-0.489927
-1.39349
0.651882
1.50022
1.68388
0.0652034
0.0973885
1.0966
-0.479961
-0.670563
-0.377047
-0.705235
-0.853469
-1.08805
-0.457603
-1.64155
-1.42071
-0.829129
0.464737
0.420955
0.53267
-0.466412
-0.421051
-2.57779
-0.54343
-0.321793
-0.743069
-1.31824
0.39716
-1.43986
0.767949
-0.466498
0.706306
-0.76201
0.0336671
2.39213
-2.39618
-1.43902
-0.746108
-0.733379
-0.833422
1.47501
-1.38251
0.822297
0.982128
1.38206
0.822156
1.37211
1.55183
0.587583
1.16534
0.40136
-1.30076
1.48417
1.48212
-1.21102
-0.119814
0.515514
-0.914652
0.0277943
0.0107713
0.676379
-0.729785
1.36554
0.113432
2.20791
-2.60103
1.48808
2.71917
-1.97883
-0.252928
0.856413
-0.0181714
-1.73498
-1.32785
-0.424903
1.28413
0.410796
-0.257385
-1.40895
0.802045
-0.0981551
0.689856
0.746222
1.93777
0.136565
0.993067
0.463549
0.824514
-0.394296
0.575476
-0.551905
-1.83978
0.199281
-1.87583
-2.34813
0.0305338
-0.0645364
-0.546958
1.15387
0.983689
-0.705764
-0.649265
0.441146
-1.25695
-0.592111
0.369571
-1.14209
1.24627
0.106543
-2.10243
-1.22913
-0.97485
0.063286
1.17773
2.57508
-1.72702
-2.09997
0.448858
0.435117
-1.51584
0.38284
-0.434998
1.24926
1.97889
0.108416
0.214105
1.22786
-0.0194664
-0.780063
-1.5623
2.04459
0.148627
-1.06804
0.176367
0.348963
-0.99069
1.57311
-0.262311
-0.724682
1.01101
-0.257717
-1.92365
-1.21686
0.96305
-2.90852
0.345723
-0.512134
0.837819
0.355765
0.351793
-2.00012
-2.49133
0.845789
0.0416478
1.63845
-0.88754
1.02107
0.341305
0.23842
-0.0815824
1.48816
0.192163
-0.478671
0.188221
1.71328
1.25332
1.57814
-0.281644
-1.0347
-0.154231
1.10511
0.187274
-1.05351
-1.9384
-1.68513
-2.71487
1.42984
-0.339628
1.67304
1.22176
1.01811
-1.43014
-2.78109
0.285328
-0.592316
-0.085702
-0.172426
-1.2233
-1.47373
1.05757
0.0703086
1.13938
0.738514
1.04702
-1.76587
-1.60237
-1.24378
0.107048
-1.01434
2.06023
-0.407114
-0.780402
0.0425523
1.26417
0.905164
-0.307874
-0.0894165
1.4602
0.38854
-0.560095
-2.49627
-0.892817
-1.14621
-1.00354
-1.92536
-1.17632
-1.79164
-0.667702
-1.20801
0.919239
-1.17283
0.116382
0.56875
0.307944
1.25049
-0.422042
0.679689
1.64624
0.522767
1.63532
0.419345
1.08733
-0.968832
0.790059
-0.0290497
-0.393668
-1.68579
1.348
-1.57797
2.05731
0.506906
0.84103
0.184119
-0.289257
-3.37198
1.11469
1.06266
1.25576
-0.0345436
0.809266
-0.0263535
0.573277
-0.373938
-3.16815
-1.88027
0.00376821
1.2824
-0.847532
-1.92102
-1.44426
0.250674
-1.67128
-0.886225
-0.0519874
-1.53153
0.588496
0.644565
-2.44413
0.312801
1.54194
0.994147
0.904769
2.24164
-2.25691
0.526426
-0.198136
1.53918
-0.551227
-0.83985
1.01383
-2.16266
-1.03031
2.62516
-0.577765
-2.47661
-0.472241
0.33171
-0.400592
0.32326
-1.53062
2.18831
1.16718
-0.824275
-0.601056
-0.812204
-1.40147
-1.54774
-1.5045
-0.586975
-0.039079
0.744798
2.17651
-2.40655
-0.304953
-1.03035
-1.16539
-0.266487
2.66606
-1.07157
1.88467
-2.25222
0.0401032
-0.494184
-0.13774
0.838571
-1.24647
-1.71035
-0.617314
-1.17678
0.607325
2.04602
0.693892
-0.645667
-0.925024
-0.0415593
1.64105
0.447866
0.689795
-0.380363
-0.30828
0.775928
-1.59029
-0.664594
-0.604133
2.51923
0.71095
-1.97793
-0.823822
2.02095
-0.766588
-0.583521
-0.615395
-1.22576
-0.384059
-0.0605104
-0.32167
1.68659
-0.423659
2.17528
0.20476
0.578825
0.120976
0.0357406
0.393001
0.264035
-0.678322
-0.918658
1.1014
0.235007
1.01413
0.369321
0.471355
0.958327
0.725507
-0.992643
0.30076
-1.98331
0.471386
-1.82713
-0.564097
-1.13519
-1.38287
3.54357
0.694362
0.298002
-1.74982
-1.49659
1.70045
-1.57199
-1.26017
-1.27437
-1.82118
1.81274
0.236761
1.43519
2.02488
0.821348
-0.717564
-0.43061
0.591701
-0.0149201
0.452254
0.227631
1.582
0.395154
-0.507242
0.129222
2.07714
-0.473366
-0.830141
-0.789633
-0.236172
0.442501
0.209405
0.30711
1.02646
-2.29701
1.32772
0.284906
-0.516856
1.57126
-0.692618
0.267682
-1.58108
0.0453505
-1.31017
0.286304
-1.00127
-0.446586
-0.394409
0.374343
-0.121181
-0.631649
3.61423
0.864067
-1.03332
-0.476751
-0.854286
0.197971
-0.761844
-1.77123
0.115735
0.130594
0.481037
-0.64765
-0.933703
2.19194
-0.0396938
0.0116867
0.393411
0.983887
-0.3304
1.93222
-1.23078
0.988848
-0.567789
-0.830915
0.79385
-1.53487
-0.200047
-1.53465
-0.521047
-1.59478
1.47355
0.73406
-0.676228
-0.360492
0.394646
-1.54805
-1.30689
-0.39789
1.87328
-0.135874
-1.24135
-0.552052
-0.347493
-0.921135
0.163553
0.2316
1.13003
-1.87667
-0.451489
0.209191
0.077131
-1.71672
1.09012
-0.415419
2.02643
-1.11785
-0.133971
-1.12727
-1.44778
0.96238
-0.60873
0.165435
-0.315298
-0.368336
0.264083
0.181005
-0.28486
0.961103
-1.22543
1.87569
0.580466
-1.84837
-0.216516
-0.509163
-0.209188
0.95561
-1.34756
-1.12244
-0.217482
-0.913682
-0.397374
-1.52807
-0.000606829
-2.09405
1.55758
-0.665839
-1.10614
-1.04886
1.48796
-0.193705
-0.505177
0.701671
0.116313
0.702865
-0.844652
-1.67306
0.264928
-0.998214
0.1108
-1.3519
-3.26584
2.2369
-0.302763
0.269509
0.180043
-0.594202
-0.140466
-1.41213
-1.17387
0.0632786
-0.0398338
1.08521
0.837129
0.165698
-0.465682
-0.0545108
-0.691988
0.871182
0.0688523
0.517981
1.43858
-1.10684
1.19174
-0.557816
1.84726
-2.76515
1.48302
-0.311673
-1.21482
0.375601
0.870054
2.57254
-1.10397
-1.39873
1.15014
-0.0855157
-1.24081
-1.97735
-2.46145
-2.97612
-2.39166
-0.315033
-1.24529
-1.04165
0.832671
-1.33567
1.45311
0.814382
1.3674
-1.1858
0.551182
0.0885254
0.0763719
-1.78756
-3.77624
0.720199
-1.23142
0.163297
2.05162
1.36698
0.0591461
0.246868
1.13901
1.08676
-1.61794
0.133738
-1.07546
0.182835
-0.421855
1.51291
-1.56411
-1.01222
-0.0591749
-0.776964
-2.6633
1.3666
0.151568
-2.35892
-1.1677
0.33191
0.592504
0.0565692
-2.33397
-2.32162
0.747805
3.02016
-1.04567
1.74942
-1.85021
1.23699
0.269137
2.10095
-1.25979
-0.0610753
-2.0323
-0.542472
0.961542
0.416114
-0.542891
0.133153
0.773143
1.45028
1.28076
1.81677
-1.23692
-0.34782
0.396518
0.193442
0.607875
0.589114
-0.570654
0.671921
-0.938048
-0.127594
-1.20656
-0.386725
-2.8758
-0.869835
0.168134
-0.761284
-0.464237
1.92119
-1.15294
1.40803
-1.12387
-0.0129317
1.13559
-1.05236
0.163167
0.461989
-0.556894
-0.401441
1.57013
0.384269
2.3742
-0.958495
-1.74367
0.670359
0.822925
1.58688
0.0402715
-1.68485
0.149958
2.40463
2.08751
-2.84486
-0.588889
0.18552
-0.749252
1.01254
-1.22771
2.96687
-0.923555
0.472846
0.10892
0.215655
-0.846761
-0.210572
-0.193332
-0.519722
-0.0365983
1.00967
3.3443
-0.613679
1.3673
1.45402
-1.30705
1.02384
0.312639
1.18273
0.115803
0.0917425
1.02872
0.454887
1.65387
-1.06674
1.91044
-0.382175
1.64107
-1.36747
0.47517
-0.852191
1.65034
-0.864803
0.797158
-1.19395
-0.938478
-0.807617
-2.4897
-0.0817085
0.28413
-0.0659866
-2.24624
-1.45876
1.53965
-0.598284
0.727186
-2.02434
0.0214379
-0.220282
-0.230898
1.33071
-1.61345
0.6197
2.07771
-0.233812
1.20224
-1.7366
-0.207819
0.707104
-0.475414
0.231659
-0.99863
0.522621
-1.5405
0.166082
-0.923866
-0.365607
0.880741
-0.437172
-1.2207
0.0580724
3.76091
-0.0560586
-0.0570823
0.917207
-0.893397
1.42941
-0.119003
-0.278078
-0.419634
-1.04481
0.294152
-0.284516
0.865199
-0.1423
1.55213
0.611447
1.60631
-0.0271813
0.149735
-1.02681
1.87454
0.549552
-2.11252
-0.98338
-0.0611914
-1.018
-1.6161
1.41417
-0.409044
2.34966
-0.761098
-0.20075
0.183409
1.4766
0.1128
0.620468
-3.64235
0.380124
-1.62445
-1.74539
-1.15847
1.37725
-2.47762
2.03856
0.774166
2.18669
0.886949
-0.255206
-2.21102
-2.16773
-0.252632
-1.32695
-1.79151
0.326037
0.743185
-0.144516
2.58717
0.847622
-1.23786
1.00066
1.53048
1.49472
0.810227
-1.16877
0.252053
-1.71445
-0.992808
0.3295
0.505816
1.70022
0.739997
-2.20007
0.729017
1.02347
0.776471
-1.19783
0.133923
2.55081
-0.121841
-0.58638
-0.432384
1.86024
-0.114257
-1.36213
-2.13707
0.96713
-0.376134
-1.77171
0.242233
1.21638
-1.32402
-3.47887
0.43556
-0.602496
0.179469
0.15694
-0.791985
-0.297701
-0.676923
0.419046
-0.555542
-1.80182
0.0547625
-0.826501
0.500026
-0.646286
1.23676
0.0961922
1.11006
1.53965
-0.927548
-0.265593
-1.59408
0.526866
1.14764
0.103075
2.09394
-0.238909
0.563712
-0.349065
-2.40836
1.59887
0.863205
2.21872
0.862398
0.613492
1.38715
1.60352
0.968186
-0.0398611
1.19041
-1.0725
0.616899
0.164975
-0.777981
-2.29399
-2.66103
2.40861
2.28712
0.124479
0.700684
-1.70822
0.676728
1.01705
-0.31578
-1.24423
-1.57775
0.931357
0.48249
3.63749
-0.732905
3.75583
0.659334
1.53124
-0.444344
0.37696
-0.23292
-1.98153
1.78324
-0.541315
0.257046
-0.253683
-2.98642
-1.93367
-2.02092
-0.110162
-0.106058
-0.0153512
0.145539
-1.09264
-1.84482
1.61056
1.01387
-1.19713
-2.05556
-1.55926
0.60027
0.379722
0.489551
-1.83629
-0.199354
-2.41715
0.992573
0.938761
0.609982
1.94128
-0.224246
2.53578
1.26799
2.37702
-1.38303
1.75991
1.46838
0.0171999
2.0916
-1.65504
-2.73624
-0.301368
-1.364
0.258039
1.55825
-1.93117
-3.1329
1.79916
1.32389
1.0109
-1.85822
0.272627
-0.345338
-0.903878
0.402668
0.24292
1.19185
-0.0835495
-0.0578499
0.933134
-0.022191
0.843638
0.792512
-1.10961
-0.558734
1.2309
-1.26219
0.631432
-0.039794
0.87307
0.569349
2.72682
-0.18657
-0.30773
-0.885651
0.451278
0.386461
-0.00350354
-0.812163
0.751652
0.221584
-1.32805
2.00027
2.05005
1.23292
-1.13532
2.99114
-0.414335
0.401902
-2.3687
-0.280663
-2.26696
-0.479327
2.19807
0.0832048
-0.46944
1.86388
-1.6356
-0.485353
1.52743
0.188717
0.647801
-0.247383
0.812315
-0.590817
0.648297
-0.686193
0.145814
-0.150567
1.96381
0.555982
1.10468
0.697877
-2.1717
-0.560928
-1.54347
2.15125
1.80108
-0.118543
-1.16324
0.350286
-0.114132
0.716543
-0.415039
0.673829
-0.122284
0.908305
-0.00542675
0.547071
-1.83957
1.74168
0.549489
1.39649
-1.18845
1.29315
-0.943547
-0.421806
-0.539708
-1.47592
-0.394562
-0.556976
1.26574
-0.373216
1.91805
0.270024
-0.868587
0.401224
0.212988
1.58312
-0.644324
-0.208077
-1.03921
0.308522
0.949657
-1.06287
0.174799
0.0812472
-0.243857
-1.10003
0.363779
-1.46905
-0.182936
-1.10419
1.5228
1.6578
-0.796806
-1.37399
1.05253
-0.105095
-0.779585
-1.79212
-1.85856
0.654743
0.8205
0.879508
0.064096
0.53682
2.92318
-0.980321
1.9997
0.986765
-1.30809
1.62771
0.760155
1.27703
-0.949489
-0.350705
-1.24038
2.95789
0.711466
1.6268
-1.94335
0.319717
0.921021
0.40288
1.8889
-1.36301
1.50489
-2.88859
1.66633
2.74269
-1.51673
-0.780286
2.14297
-0.0717003
-0.808176
0.825343
0.0603583
-3.10173
0.163523
1.56645
1.29729
-1.31704
-1.09471
-0.379483
1.13756
-1.45461
2.07981
1.51509
-0.189406
-0.644169
0.206363
-0.616753
-0.92489
-2.88548
-2.84693
-0.0450542
-1.81655
2.13692
0.839055
1.25583
-1.32032
1.01704
0.316874
0.587824
0.413212
-1.3978
-0.247183
-0.691287
-0.347937
0.466186
0.0702614
1.53184
-0.117198
1.24225
-1.27426
0.642529
-0.3597
-0.596669
0.796175
-0.533959
-1.84807
0.741551
0.569101
-0.470019
0.244124
0.42221
1.03563
1.63864
-2.24204
0.327462
0.2789
1.33447
-1.32592
-1.00166
-1.16339
1.58532
-2.22933
-1.20635
1.69039
-1.22773
-1.59618
0.707743
1.44448
1.85079
0.676278
-1.16885
0.858032
-1.18898
1.42872
0.934853
-0.36368
-0.821678
-0.944893
-1.14077
-0.521799
-0.370115
0.343495
-1.23719
-0.625901
1.31354
-1.04522
-0.484318
-1.40931
0.945867
0.406916
-2.2911
-0.173797
1.86305
0.828465
1.84749
1.76802
1.3821
-0.485091
-1.2786
-0.860038
1.96408
0.566833
-0.645123
0.318718
-1.14341
-1.00257
-0.192479
-1.36074
0.823992
-1.30412
0.0863508
-2.6829
-2.20457
0.717337
1.22439
1.47574
-0.670418
-0.321806
0.561418
-0.495874
-0.0340934
-0.968507
-0.0999048
-2.00042
2.57769
-0.196321
0.137982
-0.30403
1.08574
0.624356
-0.501702
-0.969238
0.483918
0.48941
-0.232555
-0.344028
1.29158
-2.35388
-0.830232
-0.964346
-1.34683
-1.05763
-0.074733
1.57375
-0.0270214
-1.18669
0.292845
-1.11204
-0.941731
1.68704
0.0412057
-0.00359605
2.77649
-3.74498
1.90362
0.591248
0.0382881
1.81958
1.21896
-0.427353
1.35092
1.13168
-0.975451
0.0704886
0.760055
1.11231
-0.834766
-0.761306
-0.465917
0.377749
-0.384163
1.78617
-1.24743
-2.56195
-0.0330487
-0.451452
-0.547106
1.37746
-1.81049
-0.308732
-0.516644
-2.3642
-1.31499
0.635297
1.885
-0.541837
-0.695508
-1.57569
-0.481982
-0.00310739
0.252564
-0.881569
-0.618182
-0.955098
-2.18007
-0.20236
1.44332
-1.59416
-1.45011
-0.937056
-1.35097
-0.917339
-0.560018
-1.01758
1.49467
1.37724
1.17475
1.70641
0.902611
-0.670828
-0.933026
0.185181
0.00456117
-2.53032
-0.63386
1.02877
-0.600321
0.677302
-1.02826
1.32474
-2.38636
-1.68633
-0.787773
-2.14962
0.512519
-0.585286
-0.407688
-1.22058
-1.23205
-2.03847
0.511821
2.63942
-2.34347
0.207504
-0.589161
0.759064
0.936699
0.60554
-0.680805
0.272765
-0.536181
-2.12243
-0.815811
-1.68804
-1.39137
-0.875834
-0.310269
0.902835
0.425542
-0.8716
1.17843
0.191515
-1.16456
0.352656
1.17541
-1.08519
-1.18599
-0.507229
0.837287
2.19156
-1.0629
-2.80585
1.96413
-1.57147
-0.334328
0.411537
-2.09045
-0.0230046
-0.512276
1.10424
0.303356
0.655979
-1.25891
0.850081
-0.751516
2.52768
0.569938
-0.271033
1.58163
-0.71792
-0.92271
0.966099
0.238876
-1.07815
0.15807
-1.8027
-0.753726
1.54679
3.18549
1.3686
0.0244336
-2.09587
0.0295817
-0.193899
0.845364
-1.66009
-1.49445
-0.817563
-0.540904
1.6539
0.223124
-0.0522998
0.76325
2.45723
1.18952
0.306492
0.413045
1.41854
2.18426
-1.01856
0.443446
-0.98465
-1.22995
0.163916
-0.824344
0.263199
-0.242872
0.697355
-0.847643
-0.347132
1.00998
0.12714
-0.223135
0.799583
-0.189691
1.518
-0.306844
0.893305
1.29289
-1.8034
-0.830849
-0.763733
1.11881
1.035
1.32721
-0.519139
0.881025
0.109456
-0.498476
-1.01075
-0.114499
0.897696
0.420227
-1.12307
-1.45404
1.10379
-0.253324
2.4949
1.67895
1.09811
0.898319
-0.494134
1.72598
1.99582
-0.150818
1.11342
1.7314
-0.459996
1.41325
-1.9331
-1.46596
-0.840054
-0.682551
1.66251
-1.21129
-1.29049
-0.350962
-1.70617
0.0381972
1.40439
-1.54912
-0.987762
-0.854293
-1.25215
-0.498993
2.34666
1.22538
-0.318725
-0.238643
0.854566
0.723618
0.75514
0.445926
1.219
-0.0251148
0.823796
-0.244087
-0.881639
0.182946
0.0410646
1.41887
0.908862
-2.28419
-3.03425
-0.0239269
-0.952096
0.433036
1.45466
-0.0909976
1.05959
2.48797
-0.0212157
-0.0865562
0.535066
-1.43473
0.16063
-0.174385
-0.100533
0.416696
1.51592
0.429979
-2.03265
1.11729
0.070404
-1.76045
-1.80703
1.53376
0.588399
0.128958
-0.00636017
0.929362
-1.51531
-0.90521
0.364729
1.92157
-0.937575
0.259902
1.35616
-2.3684
0.358958
-2.44509
1.61448
1.2714
-1.53656
-2.34299
-1.19764
0.422882
1.18744
-0.56662
-0.379903
1.32118
1.21713
0.484773
-0.27177
0.537731
0.960202
2.06548
-0.561008
0.818898
-0.881446
0.149941
-0.547175
0.891407
0.0308954
-0.238845
2.9249
-0.873265
2.19844
-0.272902
0.979866
0.309207
-1.22807
-0.321852
-0.919681
-0.0815589
-1.06588
0.848048
0.116352
1.51102
0.496567
0.672746
1.4436
-0.515669
-0.636143
0.38324
1.77632
-0.334822
0.360126
0.952563
-0.00258219
-0.163508
-2.61813
-1.3599
-2.12801
-1.24474
-0.0801224
2.08434
-0.767928
0.00457277
-1.23257
0.518257
0.169389
0.293662
-0.619293
-0.451109
0.261655
-0.583504
2.23113
0.0717662
0.194202
-0.0489864
-1.14881
-0.988667
1.32147
1.24617
-0.0709438
-1.33292
-2.85513
0.198909
1.57759
-0.0937648
0.232454
-1.21295
-1.94859
-2.07375
-1.77224
0.0678064
1.67702
0.22477
-1.25774
0.180142
-2.57037
0.904648
-0.854283
-0.931283
-0.968793
-0.0473323
-1.02004
-0.0715218
1.82169
0.337865
0.112834
-1.65253
-0.949931
-0.376762
0.570269
-0.55779
1.01605
0.224753
0.786347
-0.327404
-1.57536
2.08755
-0.444517
-0.0204105
0.89037
2.20626
0.130275
-1.64916
-0.0349628
0.862513
-1.1542
-0.810236
-2.1936
-1.90237
0.642918
-0.617668
-1.42286
-1.07636
-1.63094
0.719696
1.54037
0.00554052
2.15692
0.312081
3.55955
-0.186731
0.850886
-0.413409
-2.5942
-0.0557577
1.49623
-0.639015
0.101401
0.253968
-0.917581
0.915868
-0.656585
1.15451
0.751647
2.1067
-0.834625
0.375817
0.673922
0.726034
-2.27854
0.151369
0.0443264
-0.397067
-0.788314
1.79095
0.617585
0.462064
-0.165964
0.337633
0.595768
-0.190688
0.655754
-0.399522
-1.29695
-0.496422
-2.11144
-1.15705
-1.7041
-0.209185
-1.34075
0.952746
0.528146
-0.876446
0.935086
-1.83973
0.485422
0.184093
0.227293
-1.91855
0.930669
-0.253451
-0.430157
1.30913
-0.257558
-1.71649
-0.602344
1.37154
0.818734
-0.532576
-3.67816
-1.06233
-0.184838
-2.03401
-0.99711
-3.77972
1.55
-0.745096
2.23642
0.137949
1.58703
-0.0592767
0.300441
1.44723
0.274115
0.688636
1.15572
0.00330842
0.814442
0.567013
-1.94489
-1.89718
0.17904
0.0806079
1.37577
1.98002
-0.0858325
1.72148
1.44806
1.33525
1.33366
-0.828856
-1.87817
0.795007
-0.987566
1.48563
1.14637
2.26485
-0.439138
-0.692054
-1.95292
0.581946
-0.153106
-0.423855
0.0429652
2.93984
-1.67399
-0.246399
-0.416463
1.09872
0.909152
0.613966
2.10433
0.0146606
-0.199557
-1.50246
-1.9276
0.771116
2.84193
-2.15289
0.831392
-0.455345
-1.75457
1.85304
-1.19582
0.124998
2.04962
-1.00717
-0.959812
-0.686466
-0.918185
-1.03713
0.577654
0.437543
-0.190136
1.84445
0.450268
1.23425
1.17261
0.341816
0.349833
-1.45132
-1.68398
-0.672672
0.824887
-1.34286
1.10006
-0.515997
1.10252
1.24045
-0.659594
-0.508439
-1.72382
-0.678107
1.53652
-1.1034
0.349804
1.9802
0.309771
-0.439213
1.99717
-0.877699
0.875416
0.258007
3.18898
1.39136
0.198191
-1.12289
0.0543382
-1.3822
-1.98605
0.303558
0.763295
1.49644
-1.64078
0.722419
0.431439
1.95803
-1.03108
0.204393
0.675399
-1.47766
-3.96496
-2.05743
1.73246
-2.03924
-0.936145
1.54194
2.12397
-0.520511
1.05699
0.6289
-0.754006
-0.336953
1.59817
1.15538
-1.00324
0.603085
0.974586
-2.52186
-1.33205
-0.563949
0.780451
-1.77342
0.231966
0.0150886
0.532839
-0.589464
-1.85206
1.77857
1.55367
0.212647
1.50283
-0.050704
0.0384426
-1.30016
-2.40404
-0.411934
-0.274065
-0.509075
1.14626
-0.301869
0.853198
-2.67884
1.57614
0.259393
1.11298
-1.09789
0.283946
0.461813
2.61994
-0.826973
-1.1998
0.367017
0.73924
0.0921948
0.089469
-0.802026
2.10754
0.37836
1.60455
-0.186978
0.531326
0.559501
1.43746
-0.377802
0.446538
0.634444
0.996621
-0.348257
-0.881879
-0.997026
-0.57025
-1.34777
1.71188
-1.20375
-0.853218
1.33971
-2.1969
1.24885
1.69778
-0.737147
1.01856
1.48796
-0.381121
-2.4987
0.687159
1.98661
0.478943
1.56455
-0.757747
0.209514
-0.301474
0.84354
0.287463
-0.207306
0.836215
2.59715
1.77199
-0.165306
1.31587
2.43261
-1.28347
-1.73969
-2.07244
-0.196579
-0.98678
-0.133912
0.203694
-0.659834
1.08168
0.339008
-1.00508
-1.39664
0.236352
-0.501484
0.488866
1.37312
-3.98846
1.75751
-0.190462
-1.43789
-1.78231
0.972592
-1.88283
0.628008
0.0424598
0.277742
1.30475
0.326138
-0.369228
-0.363293
-0.501502
0.33844
1.31174
0.850432
-1.53046
1.67511
-1.54345
0.72164
-0.0585449
-0.65999
0.973864
-0.422061
1.15127
1.25905
-0.619365
1.29825
-0.409691
-1.25976
1.33634
0.669134
-1.66301
-0.454351
0.00182655
0.493363
-1.56745
-0.197019
-1.49812
0.664636
1.4716
0.782515
0.48028
-1.12706
1.23192
-2.53568
-1.86606
0.351995
1.78317
-2.68293
1.26715
-0.824605
0.72548
-0.625025
0.928266
0.390655
0.721165
-0.401376
-1.34998
1.9384
1.31191
-0.965578
2.826
0.0246645
0.0931532
0.475481
-1.60007
-0.0330808
-0.772638
-0.503652
-0.718737
-0.127784
1.73735
2.10471
-0.0468609
0.997362
0.701565
0.132437
0.291999
0.80539
1.30615
-1.79894
1.20552
-1.97557
-0.899571
0.0499727
0.392606
-0.0389703
1.04315
0.356441
-1.76214
-1.27752
0.419653
0.819005
-1.1954
0.450817
-0.0358168
-1.03144
-0.826143
2.73121
0.998609
-0.707243
1.2005
0.672217
2.15434
0.6223
1.90095
0.342702
0.112283
-0.0585835
-1.8469
0.959188
1.18701
1.27408
1.79736
0.210875
0.014709
0.605727
-0.0691888
0.229705
3.29395
0.711323
-2.4561
-2.03519
-0.365904
-1.21774
-1.61833
2.14459
-0.74773
-1.09489
-1.41644
0.592524
0.762978
0.0694607
0.286883
0.31314
-0.882408
-1.16464
0.171614
-2.06809
-0.855264
2.94274
2.5278
2.13145
1.06695
0.674299
1.55578
-2.93139
-0.352567
-1.51796
2.53998
-0.381002
0.67586
-1.3419
-0.228759
-0.0542695
0.938254
-1.12866
-1.03807
2.04911
0.948953
0.26001
-1.7778
-0.0890083
1.38861
-2.50853
-0.658182
1.75213
0.769628
2.71014
1.5442
1.44803
-0.481906
-0.759868
-2.04862
-0.523197
-1.32591
-1.20759
-0.712316
1.18084
-1.35544
0.394629
-1.73287
2.45176
0.300702
-0.615138
-0.801991
-0.188248
0.377385
0.405276
0.397031
1.57691
-0.581915
-1.43167
-1.11148
-1.33042
0.398208
-1.82999
-0.107361
0.430854
-1.43588
-2.0896
0.722621
-0.555875
-0.417201
0.00502333
-0.162243
1.09743
0.267024
1.53699
-0.802203
-1.93257
3.17192
-0.498118
-0.894293
0.595832
3.26028
2.52769
-1.28553
-2.57766
0.771746
1.14204
-0.531369
1.97432
1.11193
1.43417
-0.0697565
1.06845
-0.548694
1.3952
1.6841
0.00723883
-0.735393
2.40322
-0.571675
0.563621
1.24311
0.157986
0.0834442
-0.634044
0.404504
-1.42127
-0.11581
-1.43226
-1.57958
0.441749
-3.55846
-3.62817
-2.67657
0.571259
0.397385
0.393749
0.106806
2.36754
-0.976694
-1.31114
0.00632563
-1.43417
-0.989789
0.887804
0.773042
-1.59673
-1.20981
-1.72252
0.326666
-0.360551
-2.68975
1.26986
0.0232256
-3.22238
-2.44823
-0.210412
-0.545699
0.82693
-0.64216
2.25537
1.10357
-0.88782
-2.41681
-0.567082
1.52787
-0.715543
-0.803647
-0.953717
-1.59042
0.0150194
-0.194558
0.907284
-0.568632
0.301361
1.82782
1.33189
-1.46412
-0.714619
1.08978
0.959143
-0.830364
-1.86578
-0.802338
0.837991
0.889419
0.311861
-0.0202429
-0.46365
0.230264
-0.469259
-1.35724
1.14558
-2.13769
-0.605849
1.3548
-1.11678
1.76086
0.624262
1.6755
0.0179362
-1.56508
0.629852
-0.261489
0.350097
2.17569
-1.30867
0.354661
1.25417
-1.7646
-1.70939
2.51079
-0.128039
-0.888093
-0.166623
0.297241
-1.01429
-0.661165
-1.12832
-0.471453
-0.755935
-1.68056
0.885971
2.11702
-0.682718
0.00481751
0.0869795
1.56121
-0.214288
-1.79013
-1.6961
0.880625
-1.89029
-0.228135
-1.61627
-0.0190418
-1.72084
1.55494
-1.77498
-0.227002
-2.69101
1.51818
-1.5976
-0.134379
-1.31763
-0.305697
3.40305
1.64855
-0.989526
-2.25874
0.522963
-0.530115
0.00749434
0.0287192
-1.88751
-1.41932
-1.36324
1.0777
0.776332
-1.52475
-2.01061
0.670929
0.297831
0.170703
0.836824
-0.132457
0.696375
-1.26565
-0.208447
1.48209
0.555729
0.650344
0.855307
1.44472
1.84938
-0.185697
-0.120409
0.178487
0.631645
0.0510532
-0.50449
0.464446
-1.14702
-0.437324
-0.159755
0.9679
0.964608
-1.01511
-3.93844
1.09404
-0.617935
-0.883964
-0.458866
1.12005
-0.721602
-0.887699
-0.843414
0.884104
-0.0323413
-0.567827
-2.33364
-0.404427
1.76423
2.42238
-1.37347
0.658766
0.717974
1.97433
0.676137
0.251584
0.658216
-0.763081
0.0281766
-0.245814
-1.22479
-2.60442
-1.09935
-0.171997
1.29379
-0.402187
1.67252
1.75114
0.835802
1.81858
-1.57581
0.601389
-1.05747
-0.781391
0.956289
-0.367029
-1.50612
2.27105
-0.160825
0.500112
-0.932557
1.54049
-0.954012
0.0993677
0.29672
0.510389
-1.58796
-1.66307
0.492993
0.869818
-0.345306
-0.176495
-1.10284
-2.0937
-0.889922
-0.395979
-3.03645
-0.261373
-1.16264
1.14972
0.454363
1.7097
-0.714042
0.76574
-0.542652
0.497552
-0.596501
1.7447
-1.83873
1.54558
1.14518
0.618112
-1.18517
-2.50693
-2.58599
-1.02264
-0.716928
0.9304
1.85872
0.854137
-0.258672
0.934303
1.08928
-2.754
1.23773
0.861606
1.05748
0.226848
-2.36107
0.171624
-1.75166
-0.385008
-0.340063
0.995938
-2.89163
0.0879553
0.693066
-0.0799647
0.983944
-0.465337
-1.97283
-0.947572
-0.418854
0.123358
0.231328
-0.174638
-1.8157
-0.72288
-1.06946
0.865617
0.0984735
0.583042
-0.958267
-1.69336
0.626676
2.70761
0.238758
1.10741
-1.98332
1.38312
1.50764
-0.761203
-0.865691
-0.193518
0.39741
0.359072
1.18745
0.391574
-1.0932
1.18748
1.19312
-1.5184
1.65182
1.44043
-0.396436
-1.97304
-0.777967
-1.39416
0.22083
2.34413
-1.41563
-0.775909
-1.39839
-1.48688
0.249154
-0.848946
-0.153498
-1.07325
1.64834
0.463631
-0.813773
0.23441
-0.827639
-0.331802
0.159114
-2.14722
2.09285
-4.66861
1.02851
0.355159
1.30119
0.571695
1.63195
2.32759
-0.426731
-0.0758251
0.156877
1.23522
-1.39961
2.01966
0.132674
1.32519
-0.0101723
-2.40691
-1.29017
1.00315
-0.551383
-0.611668
1.7755
-0.305834
0.378373
-0.748794
-0.863947
-0.199115
-0.134157
1.47112
-1.05893
2.27982
1.28068
-0.341605
1.4432
1.10117
0.446738
-0.706557
0.25343
0.672433
2.19547
0.669832
-0.40072
-1.1007
0.31865
1.48662
-0.369887
-0.635989
0.620083
-0.24202
-0.684082
1.61238
-0.185664
-3.09207
-1.27573
0.638678
-0.405916
0.701667
0.893318
0.158034
1.29299
1.0298
-1.44518
-0.99136
0.837954
0.51876
0.808841
-0.233879
-0.215658
2.13237
1.86194
0.475501
-2.31096
-1.17195
-0.0412002
-1.28071
-2.00987
-0.934816
-1.22033
-0.703698
-0.183846
-1.85906
-1.60946
0.373797
0.375884
0.342655
1.9191
-1.56224
1.42446
-1.31607
-1.90858
-1.40213
1.57201
-0.478632
0.759518
-0.92987
0.510005
0.0155106
-1.81784
-1.55447
0.517886
0.145152
-0.562922
1.47261
-0.24572
1.72093
1.14986
0.649855
-0.400781
-0.329834
-4.18097
2.2397
0.233647
0.260494
1.94638
0.996216
0.209559
1.48321
0.757666
-0.0142181
0.0842618
0.500457
-0.56864
-0.662624
-0.0193986
-0.0878854
-0.00948218
-0.0445909
-0.862382
-0.153112
0.352161
-0.487733
1.29573
2.10269
0.814074
1.0268
2.76581
1.78008
-0.926774
-1.48167
2.57616
-0.520935
0.066977
0.916721
-0.5789
0.984297
-0.446192
-1.32511
0.446889
0.511261
-0.0498513
0.262639
-1.55177
3.02598
-0.141819
0.396174
-1.17043
-0.0141255
2.23015
0.78032
-2.14948
1.3048
0.105964
-0.543811
-2.63526
-0.213293
3.49271
1.01153
-0.945937
0.0402576
1.49881
0.489279
-1.46279
-0.433023
0.821909
2.80717
0.788362
0.149987
0.057988
-0.26735
-1.2836
0.474683
2.36554
-1.69164
-0.690294
-0.891186
0.861442
-2.6281
-2.45959
-0.979068
0.503443
-1.05674
-1.10034
-0.713418
-0.315847
-0.477817
1.5764
-1.67521
1.06202
-1.74068
-0.733907
1.25703
-0.849825
1.08558
0.176901
-1.38079
1.28079
0.189461
-1.58202
0.391112
-0.994925
0.022345
2.9988
0.289719
1.14
-0.245379
-0.206001
1.05727
-0.630414
-0.946995
-1.41518
-2.24342
0.742824
-0.840919
-0.929768
-1.16061
1.16043
-1.3066
-1.64736
1.60014
-1.21139
-0.614529
-0.7831
0.401582
-0.20043
-1.34884
2.46779
0.208568
-1.29875
0.413982
1.35998
-0.338177
2.89569
-2.20121
0.622383
-0.408879
-0.810938
1.18869
0.635634
0.638298
0.638997
-1.92336
-2.83239
-1.40846
-1.17168
-1.4363
-0.676349
0.817815
0.203154
0.433518
1.85273
-1.97632
0.775406
-1.46809
-1.41232
0.457876
-1.49036
1.07787
-0.582943
1.08549
0.572652
1.15863
3.3012
0.387041
-0.342242
-1.16688
0.0595198
0.0556724
1.68543
-2.00423
-0.143896
-0.199279
1.34851
-2.11151
-1.33653
1.33518
1.12626
-0.682105
-1.20853
-1.2178
2.6297
1.6384
0.588835
-0.815941
0.197129
-0.246825
1.61997
1.7198
0.112606
0.515186
0.456248
1.10413
3.13112
2.12728
-2.49472
-1.14674
-0.629982
-0.897453
-0.708925
-0.361796
-1.30488
0.711713
3.99642
-0.11601
2.62149
-2.04787
-1.80981
0.721752
0.169789
-0.645143
-0.454605
1.48812
0.973423
-1.36251
-1.18036
-0.400041
1.0055
2.15872
-1.09468
-2.08545
-0.981423
-0.217259
-1.2955
-0.787869
-1.10691
0.700263
0.0898154
-0.0918603
1.57289
1.05836
0.338993
-1.02955
-0.042274
-1.39845
-1.3095
-1.16631
1.55103
1.69776
-0.72499
4.85158
0.141615
1.0725
-1.34651
-1.44715
1.04457
0.219193
0.867671
1.88491
1.0628
-0.914237
0.702966
-0.572056
-2.67934
-1.19004
-0.858721
-0.336579
-0.74711
0.393516
0.204397
1.49723
-0.586694
-0.405265
-1.93223
-0.730163
2.27404
1.63498
0.258188
-0.671646
0.410155
-0.463118
0.91564
1.12846
-1.47018
-0.794299
-0.471068
0.0597557
0.586304
0.311312
0.232636
1.59776
-2.30316
-1.41941
-0.287223
-1.40196
1.31988
0.00326583
-0.312339
-0.941446
-1.23322
-2.96888
-2.51064
-1.00495
-2.87639
0.587165
0.975701
-1.46446
0.187078
1.12271
2.74765
0.163324
0.126174
2.59639
0.928159
0.758105
-0.78991
-0.161596
0.94921
-0.256253
-1.62609
-2.97721
2.16696
0.599954
-2.13656
-0.117129
-0.983237
0.344216
1.20505
-0.860595
0.902494
0.906311
-0.699942
0.59688
-1.05305
-1.55086
-0.90086
-0.589418
0.749065
-2.32695
-1.27795
-0.149745
1.04475
1.14966
1.25492
-1.06733
0.717288
-1.24714
1.771
-0.85463
-2.04144
-0.145371
1.15278
2.32144
1.40084
0.403179
-1.22175
0.549953
2.19236
1.26053
-1.43948
1.14863
0.736593
-2.36849
-0.498282
-2.8097
-1.46621
1.22216
0.472232
1.94834
1.28168
1.30802
-0.705224
-0.315044
-0.0395947
0.159831
-0.96809
0.34985
0.37147
-1.73223
-1.02218
0.578843
0.582155
-0.673872
0.556421
-0.773705
0.333101
1.42934
-0.613316
-0.651926
-0.277804
0.557659
-2.01318
2.42596
-1.50728
-0.906289
-1.57393
0.413745
0.543471
0.208184
1.10829
1.87101
0.415313
0.269673
0.226746
-0.196189
1.84058
-0.997146
1.47986
0.266589
0.902517
0.334962
0.00533134
-0.59988
-0.0285374
1.75038
-0.705509
-1.1863
-0.604016
-0.28452
0.745695
-0.643742
0.936413
-1.12093
3.32719
0.293117
-2.29123
-0.100816
-0.127405
-3.37025
1.19078
3.0982
0.38699
0.208365
0.466986
-0.117153
-0.763102
1.3707
0.461776
1.14194
2.20215
-1.01541
-2.11443
-0.0792877
-1.63126
-1.97059
1.41655
0.974533
-1.15392
0.0368257
-2.55358
-0.643261
0.298966
1.81424
-0.0111894
-1.65664
0.162914
-0.531622
-0.757401
-1.22206
-1.54252
0.126625
-0.157153
0.0216194
1.51631
2.39329
-1.26178
-2.08637
-0.814375
-0.376745
1.31666
0.655488
0.700416
-0.523815
2.27744
0.163063
-2.48567
-0.0978774
-1.23062
2.37224
0.862418
2.33837
-0.102959
0.296822
-1.41506
0.311165
0.545624
2.46597
-0.279872
-0.0962276
0.546719
-0.406121
-1.02445
0.201122
-0.529298
-0.893193
-0.298837
0.512583
-0.3349
0.20099
0.191768
0.686215
0.53944
-0.733139
0.409655
1.81067
-2.72075
0.950106
0.953366
-0.258309
0.625152
-0.348644
0.0983545
0.181446
0.488431
0.977009
1.08011
0.00637893
-0.517919
0.451723
-0.316328
0.147634
0.740607
-0.565502
-0.0496057
-0.467942
-2.2052
0.451311
-1.49365
0.0284988
0.842697
-1.1996
-1.10934
-2.84934
0.547713
-0.121426
0.368165
-1.3803
0.99852
0.853988
-0.947292
-0.513805
3.38433
0.482467
0.545843
0.971887
-0.305493
-0.0619223
-0.961505
-0.0629025
1.14709
-0.728332
0.247308
2.26664
-1.41789
0.650109
-1.01528
0.0574531
-0.847801
-1.32377
0.757982
2.00456
-0.229146
0.578568
-0.114565
0.398657
-1.08168
-1.17674
-0.464993
0.518302
-1.15505
-0.0451249
0.0484729
-0.798028
-0.712455
0.866433
0.979436
0.410014
2.44235
-1.31582
3.22374
-1.27903
2.96854
-0.0357217
1.39788
0.827356
2.49182
-1.32192
-0.155801
0.169363
1.89414
1.93798
0.117809
-1.71226
1.61351
1.1683
-2.39813
-2.12517
-0.476257
0.152267
0.992563
2.42086
-0.182606
0.667651
-2.00277
-0.747173
-2.84582
-0.246363
-0.82387
1.38542
-0.132086
-0.438421
-0.902887
-1.67816
-0.608564
1.43547
-1.58587
-0.0285784
-0.251055
0.979914
1.03924
0.963294
-0.55445
-0.618868
-1.27226
-0.0100147
-0.57709
-0.0544458
-0.979738
0.767886
-0.482913
0.936906
0.859464
0.939633
0.513073
-0.430687
0.815051
0.391974
0.350052
-0.518151
1.55644
0.247174
0.529499
-0.497945
-1.05647
0.149061
1.45464
-1.80589
-0.541341
-0.633956
1.00375
0.993193
-0.286629
-0.0830339
-0.336499
-0.870509
-0.0345307
1.61377
0.0236613
-1.4251
2.76213
-0.226294
-1.64008
0.244748
0.0287799
-0.552264
1.14206
-1.0235
-0.190683
-0.672046
-1.19555
-2.84746
1.27554
0.580881
-0.924668
-1.50905
-0.853446
0.658195
-1.7209
-0.818854
0.16233
0.355315
-0.140279
-0.294157
-1.30468
0.23758
1.0999
-1.94472
-1.85617
-0.936152
0.496208
-1.0095
0.606529
-1.68098
1.80744
0.582198
-0.226647
1.61376
-1.35063
-0.436975
-0.225301
0.366783
-0.931829
0.0605082
-0.908626
-0.0393301
0.720818
0.537099
1.96498
0.489215
1.75313
0.612106
-0.26269
-0.128458
-1.44275
-1.41614
0.777178
1.18879
-0.537849
0.0903497
-2.02362
0.289559
-0.0770808
1.26191
1.38804
-1.72858
1.34514
-1.84077
1.32949
-0.740057
0.103141
-2.17584
-0.0229347
-1.15944
2.63959
0.0399765
0.590978
-0.630139
-0.2829
-0.356611
-1.33735
0.00941429
-1.51363
0.475268
0.0264667
1.66556
-0.574183
-0.0783917
-1.12393
0.388118
-1.30501
-0.681785
0.154187
-0.329459
2.14702
-0.567639
1.60199
-0.422804
-1.77671
-1.72239
-3.65969
2.05394
1.09591
-0.987052
0.567867
1.6636
0.372405
-0.39677
-0.213125
2.52321
-2.51077
1.0694
-0.82709
-0.55367
-0.415483
0.00802931
-1.179
-0.690295
1.79098
1.88547
-0.434943
-3.23524
1.39421
-0.703597
-0.751979
0.441468
-0.596635
0.281647
0.419417
1.79147
0.300964
-0.513878
0.370994
-0.341326
-0.016359
-1.17257
1.26629
2.0268
-0.641957
-0.85285
1.3233
-1.62916
1.03605
0.0156021
-1.35851
2.24319
0.647977
-2.95517
-0.493582
-1.55406
-3.87377
-0.724281
-0.38759
0.619858
2.33682
-0.270858
0.23306
-1.64475
1.46615
1.83173
1.0759
-0.0317758
-2.53877
-0.0514323
-1.07669
0.724842
0.662999
-0.0843651
-2.30681
0.515332
-0.509211
-0.352723
-0.220198
-0.905946
1.6616
1.13734
-0.410292
-1.13612
-0.587901
-0.943038
-0.207472
-1.02069
-0.591189
-0.0165214
-0.901147
-1.12423
-1.04029
1.20876
-2.91317
-0.823503
0.281822
-0.132176
-0.102707
-3.97417
-0.944317
-1.48297
-0.494061
-0.428556
0.808526
-0.684965
-0.0338048
0.437103
-0.521787
-1.66686
0.209821
0.0459286
2.13849
2.70101
0.50533
0.833831
-0.650759
1.7563
0.304079
0.0439922
-0.254948
-3.20109
-1.57179
-2.99632
0.0753369
1.70279
0.681467
1.40863
0.732683
0.938343
-0.208195
-1.12384
0.232979
-0.560057
-0.582844
1.24306
-0.336729
-1.05278
0.342998
-1.47062
-3.00339
0.0711364
2.09573
-0.0945333
-1.72234
-0.199117
-0.0296103
0.334881
3.19972
0.446641
-1.02975
-0.58984
-1.81483
0.811907
-0.127362
-0.0592472
0.0480031
1.94024
1.94047
1.13596
-0.295509
-0.645963
0.362925
-1.20509
1.67439
1.94502
-1.33945
-1.15584
-1.25016
0.874546
-0.786358
-1.20946
0.40377
-0.573231
-1.68585
2.26704
-2.33924
1.23113
-0.152605
2.18151
0.0417449
-0.349246
-0.626942
1.5483
0.387528
-0.683082
0.96486
0.0528692
0.447047
-0.0127835
1.96503
-2.1274
1.62316
-1.54521
0.317184
0.597746
-1.79283
-0.00746387
-0.839457
-2.36443
1.47573
1.81799
-2.41658
-1.25585
-1.17143
0.478249
-1.65967
0.819025
1.5709
-0.986266
-0.376982
0.947727
-0.596513
1.12182
2.56832
-1.92957
-0.0447278
-1.91049
1.3494
1.25479
1.31571
0.468954
1.72458
0.263922
0.873303
-0.0474355
-1.88232
-1.70189
2.51828
-0.624195
-1.10296
-1.38519
-0.456525
-1.9165
2.27401
-0.964609
0.801026
-1.25018
-0.0986293
0.204592
0.311322
-2.91702
-0.745725
0.33166
0.950628
0.443839
-1.61032
-1.26688
-1.00669
0.397756
0.959932
0.778014
-0.808388
1.21106
-1.07889
0.480051
1.84123
2.5821
0.849808
0.00628361
-1.49081
-1.82721
-0.640338
0.62203
1.69626
-0.223218
-0.462384
1.56017
-0.336487
-1.0986
-1.32605
0.729876
-1.9086
-1.49129
3.0118
1.62977
0.463554
-1.07542
0.0571713
-1.33648
1.09867
0.784847
1.56058
1.73891
-0.524536
-1.73991
0.514337
-0.147409
-0.408473
-0.0491454
0.280122
0.600231
2.09699
0.523699
2.23306
0.0852858
0.727255
-2.61979
0.519562
-0.394633
1.42807
-0.154142
1.19401
1.10885
0.366007
-0.671025
0.306224
-2.16588
1.81712
-1.38889
0.571273
-0.300834
-1.89536
-0.562216
0.645661
-1.86771
2.22017
-1.86748
-1.43735
2.63025
2.07159
1.00452
-2.36682
-0.0468257
-0.45696
-0.445855
-2.44132
-1.83072
-0.895576
0.093439
-1.47201
1.45742
1.88374
2.17316
0.749427
-1.3042
-1.30244
-1.72957
1.70041
-4.76904
0.890648
-0.88376
-0.159547
1.19068
0.838863
-0.735879
0.709298
-1.03268
0.972011
-0.5963
1.42735
-1.15284
2.88301
1.80246
-0.854481
-2.76428
-0.0295254
1.18134
0.00952344
0.0327526
0.347388
-1.55453
0.598013
-2.0446
0.253709
-0.305867
0.203418
0.172886
1.19914
0.968046
0.215012
-0.158492
1.78544
-0.781125
1.5547
-0.462301
1.38962
0.431101
0.521143
0.809909
-3.52262
0.121036
-0.689751
1.79296
-0.741223
-0.472698
-0.383859
1.32438
0.509631
-0.625425
1.63018
-1.2211
1.78329
0.797012
0.0450918
-1.72111
-1.48228
0.928911
-1.11575
0.329529
-3.16957
1.15629
-0.0612754
0.423595
0.965885
-1.00238
0.872951
-0.188177
0.723296
-0.381059
-1.34628
1.86387
-1.23936
2.82831
-3.03701
-0.862972
-2.66066
0.341188
1.2557
1.5585
0.249012
0.360462
-1.01007
-0.934318
1.1152
-1.68733
-0.678482
0.0850918
1.47571
1.19407
-0.12848
-1.76083
-0.767744
-0.860412
0.413789
-0.011644
0.346722
-0.118764
2.03658
-0.653743
-0.519304
2.11083
-1.53391
0.750825
-2.556
2.39182
1.90019
-1.39768
1.17892
0.441004
-0.702281
0.393416
-0.382462
-0.959696
1.40445
-1.6868
-0.186598
0.930715
-1.39521
-2.21955
-0.163039
-1.52722
0.833346
-0.214209
-0.895328
3.10381
1.02358
-0.544579
1.96006
1.40332
1.83875
0.216658
3.97487
1.54566
-0.36468
-2.04012
0.409756
1.70709
-1.38239
-0.140877
1.4082
1.3089
-1.93673
-0.810488
-2.06801
0.0733728
1.90276
0.358632
-2.52944
-0.43007
0.634798
-0.549535
0.051133
0.543094
-0.409936
-1.63202
0.710558
1.21211
-0.94946
-1.50643
-0.614951
-0.0110663
-0.325559
0.441361
0.820142
0.674026
0.342417
1.3365
-0.0073316
0.136363
-1.19959
-1.12314
-0.674982
1.09661
-1.05332
1.49777
0.648612
-0.90594
-0.00325631
2.52409
1.23101
2.90912
-0.545113
0.365666
0.0937938
-1.14952
-0.72299
0.353021
-0.0938618
-0.278974
-1.29636
0.719982
0.270645
-2.26056
2.22559
0.929063
0.74539
1.1401
-1.92236
1.30021
-0.883028
1.40095
0.462015
0.925314
2.55787
-0.884811
0.700001
1.67303
-1.40946
1.09507
-1.89074
0.541056
-1.03168
-0.105228
0.833844
-0.0604722
-0.277951
0.653198
0.225621
-3.49325
0.922149
1.00974
-0.531564
0.641703
-0.473658
1.92401
-1.56233
-1.84538
-1.8815
-0.310333
-0.745037
-2.0907
3.38389
-1.35237
-0.35653
-0.215314
0.875238
-1.65532
2.44486
-0.244583
0.309277
0.858567
-0.983154
-0.430062
-0.376353
-0.549657
-0.286053
-0.76784
0.504518
-2.27366
1.76033
0.494279
-1.44196
-0.430086
-4.19728
0.76094
-0.0260401
0.879896
0.965429
-0.790598
-0.404123
-0.49347
-0.845942
0.455576
2.15651
0.0171686
0.382448
0.969495
-0.117849
0.203752
-0.146527
1.35816
-1.23718
-1.90728
1.99985
-1.52206
-0.282653
-0.707647
-0.0680321
-1.0862
-1.74719
-0.947671
1.5023
-1.27349
-1.07801
-1.32248
0.350355
0.31222
0.705025
-0.82601
-0.0740371
1.91986
0.572927
-0.176233
1.4004
1.42401
0.166423
-0.624347
1.83718
-0.77161
0.0494031
0.165584
-2.07183
-1.71204
0.0897307
1.80282
2.49347
-2.38594
-1.93455
0.112563
0.787113
-0.965578
-0.202319
-0.249408
-3.10587
-0.644873
0.860635
-0.97017
-0.592865
1.52744
0.122322
0.603698
-0.19008
-1.26408
0.379937
0.653248
0.0303051
0.165907
0.387731
0.0422745
0.0423406
0.00608487
-0.14173
0.557279
-0.0781191
-0.720913
-1.82604
-2.37197
2.8072
3.14984
0.704024
0.452326
1.07947
0.253696
0.724233
-0.997807
0.623026
-1.29094
-0.62745
-2.03256
-1.96108
-0.55554
0.0228902
2.646
-1.31391
-3.13542
2.10587
2.12998
0.490762
0.133632
-0.48532
0.0958317
-2.60349
-0.146444
0.72824
0.492454
1.29484
-1.11661
-2.65312
-0.505922
-0.0788857
-0.458421
-3.09214
-1.54987
2.09522
-0.364678
0.285603
0.414449
-0.143672
0.7031
0.557629
-2.03252
0.104197
-0.471691
-0.787484
-0.654505
1.11545
-0.0558041
1.34598
-0.48683
0.897582
1.59028
-0.75756
-0.0851587
0.323097
-0.318634
2.01065
1.89015
-0.773243
0.700887
0.558787
0.45869
0.986841
0.406
1.75728
-1.40413
0.247451
-0.476273
-0.624693
-1.58328
-1.741
-1.06459
1.06989
1.26561
-1.7637
-1.019
-1.28997
-1.84008
-1.14224
-0.691798
-1.45955
0.280781
0.38568
1.71268
2.94755
1.90931
0.53391
0.0956026
0.572323
3.32873
-0.88158
-1.10543
-0.133213
1.53944
-1.10958
-1.57712
1.26934
0.918206
2.40779
1.7627
-1.09091
1.09359
-2.19058
-1.18963
-1.40774
-0.0775988
0.164083
-1.27569
-0.617187
0.570036
-1.29701
-2.80965
1.43259
3.43011
-1.31115
-0.179526
0.386068
-1.87737
-1.54424
0.0571821
-1.27538
-0.116234
-1.5113
1.43994
2.65434
-0.0601995
3.15262
0.0789779
-0.298991
-1.47702
0.887986
-1.08335
-0.194942
0.935836
-0.328339
-0.122517
0.320505
1.56026
0.191075
1.2575
0.240227
-1.20355
-0.295586
0.209993
-0.639685
-0.158052
-0.198348
-1.64116
0.0559983
-0.165721
-0.0582346
3.97585
0.166121
0.206091
-0.896593
0.164478
-0.144082
-0.227977
0.361889
-0.6075
0.296448
-0.672878
-1.51747
-1.38007
1.10935
1.37744
0.986594
-0.696662
-0.612092
-2.06154
1.14306
0.412525
0.0685662
-0.749333
-0.788646
2.77389
1.39288
0.637544
0.0457505
-1.87173
-2.06881
0.479662
-0.209958
-1.24677
0.699248
0.90661
0.453341
-0.623532
1.94685
0.841383
0.843426
0.298884
0.741187
0.267991
-1.26862
-1.41336
-0.899702
-0.850206
-1.05554
0.812345
1.30363
2.41845
-0.80571
-0.421641
-1.61644
-2.24532
2.01774
1.41568
2.18208
-0.696537
-0.683851
-1.16739
-0.204915
0.066054
2.95858
-0.582445
-1.35157
0.614445
0.0136165
0.756468
1.10863
0.84752
-1.3455
-0.418266
-0.196796
-0.535407
1.87006
-1.51031
3.0563
-0.180253
1.64277
0.981584
-0.394774
-2.85525
-0.6486
0.940011
-0.3855
1.35422
0.863633
1.81449
1.72855
-1.9785
-1.81116
0.946841
1.64611
1.67236
2.03368
0.225977
-0.410218
-2.49643
2.05601
-0.302736
-1.45485
-1.19474
0.461827
-1.38379
3.22394
-0.326712
0.289268
0.943626
0.679956
0.994219
-0.22988
0.0935983
1.01827
-1.61844
1.05711
-0.804606
-0.522247
1.03511
-0.433108
-1.76351
-0.820684
1.41189
1.24132
-2.68222
-0.585469
0.149982
-1.60079
-0.718764
-2.57304
-0.627005
1.31761
0.247065
-1.92248
-2.31129
0.939564
-1.02356
2.15979
-1.38872
0.0868447
-2.04796
0.436993
-1.02628
-0.605111
-2.27887
1.59447
0.75076
-0.636782
0.0235549
0.39683
0.78971
0.200075
-2.43654
2.61976
0.125329
-1.24251
0.718869
0.458998
0.636354
-0.642506
-0.25706
0.908037
1.54679
-0.543315
-0.229666
-1.04284
-0.364619
2.1501
-0.12017
1.79176
2.02277
2.23316
0.763481
-3.022
0.869
-3.35913
1.49245
-0.358686
0.740847
0.748958
1.58914
1.06981
2.47292
0.724954
-0.737788
0.749196
0.441349
1.41766
-1.78975
-0.576032
0.290692
1.54774
1.89595
0.781248
-0.206935
0.189035
-1.82284
-0.591404
0.366409
-1.44256
-1.91995
-2.07078
0.205019
2.68671
1.24105
0.827515
-0.492467
-1.38517
0.022347
1.71842
1.04999
1.08806
1.55691
-0.186266
0.11268
-0.930518
-0.194651
1.75458
0.169556
0.0931015
0.221303
2.36156
-2.499
1.93651
-0.565703
0.140368
0.394824
0.0612613
0.297376
2.50275
-0.00508274
2.4437
1.4145
0.86716
-0.207371
-1.83447
-0.133384
-2.49327
1.68514
-1.6245
-0.00178407
1.8227
0.465668
0.359584
-0.0162648
-1.0259
0.58548
-1.10458
0.338323
-0.785419
1.21393
-0.169679
-0.307783
0.115579
0.327132
-2.13475
0.997234
-0.0528783
0.836606
-1.57365
2.09526
-0.366924
-0.921923
1.26305
0.074301
1.32319
1.42707
1.19066
-0.494941
-0.851015
0.476841
1.84415
-0.191197
-3.78963
2.85781
-0.421692
-1.49323
-1.12512
1.47839
0.466739
2.16239
-1.30788
-0.967888
-0.961188
0.129992
2.19338
-0.953241
0.427917
1.86804
-0.451138
0.00403297
2.51487
0.353209
2.36158
-1.55103
0.430454
-1.65993
-1.83361
-0.681141
1.95624
-0.955339
0.637755
-2.77876
-0.280892
1.67955
-0.906703
-0.357676
0.672844
0.888807
-0.334988
-0.753198
-1.41608
-0.329997
-0.217142
-0.921861
2.0303
-0.862649
0.699062
-1.45841
0.998433
1.84388
0.130452
0.682759
-0.369885
-2.59972
2.6859
-0.762857
-0.979091
2.72542
-1.58169
-0.767612
1.1519
1.8955
-0.0167386
1.29852
-2.58548
2.27528
-1.81948
-0.609601
2.72481
0.505899
0.616065
0.161266
-0.845258
0.592679
-1.54618
1.8682
-0.812276
0.307011
2.77389
-2.29715
-0.521476
0.388432
-0.365502
-1.08793
3.01665
-0.492616
-1.00304
-0.597608
0.197979
-0.350143
-1.63071
-0.218002
-1.3648
-0.423954
0.686398
1.18449
-2.15472
-1.35876
-0.6593
-0.309814
-1.15664
0.602628
-1.71804
-1.83637
2.7272
0.766087
-0.842282
-0.766574
-0.140232
0.2442
-0.106534
0.520253
0.453714
0.124674
3.37291
-1.01309
-2.48959
-1.25688
0.551636
0.282635
0.3524
-1.21063
-0.0943707
-0.584314
0.216615
-0.558954
-0.255996
0.095807
-0.144862
-2.02841
0.151432
-1.27838
-0.581166
0.843522
-0.332072
-0.496698
-1.49329
-0.713878
-1.35304
0.798865
1.8609
-1.39905
-0.35005
-0.410873
0.613529
0.541407
-0.731673
1.7852
-0.230522
-0.579039
0.728939
0.417628
1.99781
-0.210851
-1.26388
-0.0161639
-2.62412
-0.693398
2.07867
1.1235
-0.587324
-4.90011
-1.56913
-0.886976
-1.73939
1.66896
-0.563091
-0.0100171
0.204664
-1.54236
0.345082
2.58827
1.18287
-1.57461
0.629766
0.818148
0.155102
-0.540742
0.475825
-1.57739
0.573357
2.73853
0.129084
-0.855209
0.0134912
0.542312
1.06285
1.72087
-1.79297
0.0882052
-0.927135
2.41675
-1.80652
0.162105
0.560238
0.557193
1.77248
1.39598
-0.00267524
0.17688
-0.181283
1.8229
2.64907
-2.15738
0.332247
-0.570407
-1.50936
1.27618
-2.31011
-0.153759
0.420992
-0.920161
0.330002
-1.18381
-0.160508
0.559093
0.968313
1.24835
0.903603
-0.273931
0.261103
-0.206463
-0.437958
1.22296
-1.32241
0.418427
-1.61605
1.5997
2.61895
-1.37283
1.36629
0.621555
0.513505
1.20695
-0.982792
0.222154
-0.836961
-0.360306
-0.129245
-0.825851
-0.881726
0.924099
1.64187
-1.26399
1.49125
0.428437
0.179584
-0.154865
0.933633
0.856081
-0.11661
1.91002
1.02953
0.902727
-2.84143
1.29407
-0.0850848
2.15476
0.589089
0.356373
1.1655
-0.180391
-2.91966
-0.21465
-0.825301
-1.0228
0.0983655
-1.01187
0.483135
-0.276229
-0.108832
-0.117767
-1.0167
-0.47365
-0.634577
-1.04583
-0.383372
-2.2232
1.46724
-0.119942
0.0640436
-0.429917
1.37594
-0.12682
-0.19097
-0.495523
0.586115
0.34686
-1.24573
0.262497
-1.68466
1.11485
-0.155298
-0.00852351
-2.05341
0.647702
0.205736
-0.577666
-0.203915
-0.652485
1.69911
1.55936
-1.41229
-1.10842
-2.54524
1.24457
-0.532814
-0.499208
1.05481
-1.33061
0.889289
-1.13995
0.67468
-1.97246
-2.14464
0.507837
-1.16697
0.689359
-0.424683
1.35308
-1.08283
0.495873
-0.0835513
-1.5462
0.357057
0.604187
1.13847
0.256522
-1.07275
-1.47788
-2.09586
-2.57573
0.343727
-0.997992
-0.642701
-0.784652
1.22542
1.50343
-0.772742
1.13149
0.242476
-0.336774
0.531865
0.782331
0.596898
0.620633
0.25071
0.695755
0.718725
1.56348
2.2116
0.312904
2.6001
-0.265863
-1.87869
0.705626
-2.28073
2.14854
0.478379
-1.09264
1.86389
0.643841
-0.0581297
1.77035
0.589674
-0.227773
-0.657894
1.82916
2.08092
-0.846597
0.0853465
0.21901
-1.03046
1.13223
-0.19531
1.79287
1.78307
2.21397
3.31581
0.12592
-2.22126
0.275851
-0.742776
1.11738
-0.181131
-0.536355
-1.44279
-1.95486
-0.0234174
-0.72179
-0.865424
1.71617
-1.0146
0.13069
-1.78792
1.09172
0.725691
0.783286
1.96133
-0.021173
-1.75772
-0.272378
0.430923
0.329035
-0.337919
-1.22969
0.396685
-1.36228
-0.344123
0.616436
-0.940895
-1.5361
0.709969
-0.486275
1.54023
0.0194692
1.36274
0.396057
1.74928
-1.70484
-1.43601
0.683336
1.81347
-2.49721
0.657294
-0.783007
-1.36768
-0.0344621
-0.0715682
-0.658188
-1.71539
1.85098
-0.0590658
0.530752
-0.303513
-0.933407
-1.6141
0.402296
3.88302
0.528477
0.652208
0.173661
0.734148
-3.26364
-1.5524
-1.18736
-0.481768
-1.16421
-0.812742
-0.447601
0.468653
-0.835472
1.48186
0.0096089
-1.1158
-1.50801
0.394773
0.502661
0.455747
-0.731899
-0.318201
0.0516193
2.01254
1.41507
-1.56903
0.237352
-0.598204
1.01941
0.722519
-2.2939
-1.80621
-0.636137
-0.190875
1.37603
0.694194
0.681294
1.18775
1.22049
0.605289
0.196107
0.270128
-1.38826
-0.286548
-1.34573
1.51622
0.401186
0.979722
0.814545
-1.65539
1.20768
0.809181
-3.02048
2.41749
-0.533432
1.46432
-1.34544
-1.05286
-0.477644
-1.02784
0.0296379
-2.05229
1.14516
-1.96903
0.363518
-0.069729
-1.17431
0.0534567
1.88039
0.0310349
0.103701
0.342902
0.711858
1.57206
2.09834
-0.179994
-0.429058
-0.178265
-0.648883
-1.94805
0.642872
-1.51276
-1.79297
1.11985
-1.4715
0.799234
-0.257065
0.55707
3.77986
-0.900584
-0.976365
0.367545
0.13582
-0.164491
-1.81393
1.12354
0.651169
-0.107946
-0.649752
2.44895
-0.254153
2.95085
-0.0845247
-0.301643
-0.798986
0.215277
-0.753574
-0.923507
-1.1571
0.914103
1.8308
-1.12946
0.123566
0.656058
-1.62145
0.688365
1.45263
-0.832801
1.99489
-1.93359
-3.03717
-1.03776
0.482267
0.374907
-0.576931
1.88694
-0.0375908
0.0859668
0.971133
0.427425
-3.23101
2.16925
-0.622251
0.324854
0.259966
2.18079
0.0241278
-1.89656
1.59034
-1.66196
1.26225
1.43412
0.802852
1.17611
-0.593486
0.818411
-2.02698
-0.350632
-1.4127
-0.220417
1.13525
-0.995077
1.02043
2.55518
-1.89125
0.42648
-0.88757
0.934148
-1.38362
1.1453
-1.80235
-0.324769
-0.918337
1.24781
-0.417617
-0.814926
-2.48606
2.80418
0.723978
-0.990909
1.22032
0.332179
0.466208
-0.674239
-0.736983
-2.10217
1.15394
1.40998
0.201579
0.437687
2.14855
-0.567085
-0.723394
-1.21746
0.60219
-1.83253
-0.0247024
0.325245
-0.210892
-0.802912
1.7061
-1.38271
0.119503
-0.498039
0.397166
-0.994043
-1.52243
-0.190676
0.842741
-0.590754
1.98532
-0.916634
-0.566329
-2.07751
-1.13082
-0.925059
-0.996252
1.67319
-0.885504
-0.501586
-0.0428775
0.724412
-0.804769
2.5503
1.60023
0.109805
0.693531
-0.519765
1.49925
-0.206288
-2.23281
2.31924
0.855995
-0.411166
-1.25561
0.117688
0.507571
0.131307
0.108192
1.57589
0.932875
2.07872
0.35332
1.74417
-0.415908
1.37141
-0.925877
2.34303
-0.293191
-0.620368
-0.946386
-1.77968
-0.438033
-1.06221
-0.637582
2.22144
-0.562749
-0.0338124
1.01625
0.587906
0.0100359
-1.25448
-1.90214
0.185664
-0.103991
-1.12195
-1.14714
-0.690565
1.49969
-1.75146
-0.190735
0.484577
-1.8707
-0.384463
-0.569452
0.331888
0.414561
0.789054
2.77726
-1.82007
0.964043
-0.428999
1.22717
-1.5968
-2.16117
-1.95242
0.210837
-0.611363
0.669427
-0.873887
0.506921
-1.08497
-0.504547
0.104939
1.31585
1.37961
-1.39995
-0.999087
1.22581
1.1684
3.27636
0.757942
-1.08326
2.23077
-2.10359
-0.813656
2.41324
1.49247
0.716636
0.926119
-1.14699
0.626425
-0.15452
-0.642108
0.271822
2.23597
1.07682
-1.02055
-0.729379
-0.328614
0.200564
-1.56618
-0.842613
2.18335
0.947948
-0.792126
2.12998
0.984985
-0.223786
0.66714
0.699198
-0.844639
2.54817
2.49187
-1.41794
2.22834
0.16878
-0.363531
2.34735
3.26676
1.06044
-0.763326
0.47364
2.50242
-1.21764
-1.11555
0.332723
-0.0569529
-0.0135625
1.07697
1.47794
1.08487
-0.56818
-0.560501
0.553969
0.706853
1.96973
-0.388873
-0.213792
-1.29038
0.601366
0.500965
-1.2955
-1.05965
-0.622766
-0.503922
-1.60124
1.21348
-0.212234
0.128992
1.43697
-0.572619
0.0988141
2.35544
-2.22
1.07918
1.14757
0.642207
1.27524
-0.991856
-1.80614
0.900948
0.321774
-1.03472
-1.14329
0.727445
-0.818165
-0.235822
1.88304
0.00209769
0.709503
0.425078
1.72
0.114551
2.36401
-0.87727
-0.038774
0.0111154
1.88338
0.444866
0.52532
1.51229
0.68574
2.61022
-1.25187
2.44109
-0.266446
1.63791
-0.0143635
-1.52507
-0.80742
-1.13958
0.327474
-0.56556
2.60754
0.616625
-0.839593
-0.176715
1.31981
0.904308
1.19914
1.47901
-0.154979
-0.312579
-3.04864
0.760158
-0.474281
1.01109
0.701921
0.335554
-2.30684
0.0829689
-0.141562
0.179526
-1.30877
-0.746193
0.678037
1.18667
-0.415719
1.31102
-0.351411
-0.275717
-2.26008
-0.533253
-0.281274
0.849859
-0.915108
0.248059
-0.0950837
2.3472
-0.189084
-0.146152
0.195835
0.662251
-0.405986
-1.52316
-0.878466
-0.250424
1.54583
0.532447
1.45426
1.71968
1.83348
-1.71652
-1.32851
0.21892
0.134296
1.95621
1.99124
1.2806
-0.439353
1.36726
0.0249467
0.531281
0.712
-0.701618
4.04179
0.907706
-1.48191
0.32037
0.962559
-1.90132
-0.202994
0.287005
-2.51197
-1.45825
2.23006
-2.82403
1.68881
1.47265
-1.92671
-0.00790501
-1.80594
-0.234079
0.962735
0.169989
-0.845808
0.374604
-1.09729
0.210491
-0.459075
-1.18376
1.43001
-2.53922
0.50978
-0.409174
0.112189
0.6608
1.6555
-0.396264
-0.924555
0.266702
-1.7896
-0.0252053
0.795147
0.64514
2.64933
-0.718996
0.790481
0.516684
-0.673262
0.566971
1.92135
0.271221
-1.35686
-1.09186
-0.498634
-0.142362
1.64048
-0.112674
-1.17168
-1.70439
0.641189
1.01911
-1.03911
0.620083
1.11462
-1.01717
0.752519
0.627983
-1.00801
-0.674729
0.559381
-0.560077
1.98697
1.45309
0.433284
-0.938391
-0.152577
1.56507
0.268667
1.34342
2.05535
-0.141616
-0.729492
0.0235725
-0.699888
-0.206411
-0.219147
0.136916
0.0566517
1.34614
-1.85596
1.19682
0.934182
1.89162
-0.202839
-0.501875
-0.034564
2.66498
0.447872
0.807658
0.022939
-0.820507
0.677833
0.83988
0.842747
-0.230272
-0.327611
-0.25943
0.43064
1.38133
-0.523712
0.250801
1.68086
0.925831
0.742227
1.23183
1.15294
1.63341
-1.26115
-0.966093
-2.71958
-0.839316
-3.19226
0.335926
-0.146967
1.65371
-0.0348602
-0.465154
0.654341
1.51158
0.877981
-1.08714
0.0705281
-0.466607
-1.54116
-2.50558
-0.065825
1.01113
0.287601
1.17206
-0.562792
-1.83416
0.814563
1.46781
0.6056
-2.0546
1.52505
-1.0387
-1.57243
0.309747
-0.680514
-0.352477
-1.03313
-1.53179
-1.55151
0.809161
0.307661
-0.185869
0.0971204
-2.00923
1.74727
-0.948885
-2.29408
-1.82917
-0.0992613
-0.347245
0.408205
1.11627
-1.0553
-0.574357
1.31517
0.0232138
-1.24345
-1.57792
2.08073
-1.9492
1.38112
0.938042
1.31844
-1.56565
-1.22752
-0.453704
1.38934
1.83928
0.801418
0.833955
-0.402474
-0.284024
1.34789
-0.350143
1.6969
-0.182326
0.744122
0.0853181
0.831014
-0.234605
-1.92455
1.16079
1.8371
0.180961
1.54854
0.556937
-0.699118
1.25648
1.15662
-3.57132
-1.78753
-1.1444
-0.689287
1.17228
-0.146973
0.281871
-1.80249
0.736726
0.416607
-0.278112
0.749141
-1.38099
-1.06109
-1.11674
0.391503
0.637883
2.02399
-1.51606
-1.06015
1.26102
-1.98153
1.40308
0.246954
-0.821266
0.417461
-0.395904
0.516152
-0.695151
1.88199
-0.803216
-0.85181
0.770154
-1.10346
-0.426709
-0.771201
-1.61791
-1.7247
2.46966
-0.467743
2.54682
-0.0897446
1.55063
-0.234134
0.971466
-1.54166
-0.793031
1.68963
0.666455
1.10739
-1.18434
-0.228874
-2.8101
0.132624
0.818805
-0.0201214
1.11009
0.278419
-0.553191
-1.45266
0.10879
0.997941
-0.0283636
1.19132
0.59419
1.99828
1.0287
-0.444324
-0.185947
-0.360344
-0.90956
-1.14114
-0.16589
0.596707
1.38218
0.52283
0.572106
-1.83943
2.01696
-0.839226
-0.623654
-0.812297
-0.746147
-0.883799
0.469653
0.409342
1.2256
1.38413
-1.83467
0.847132
-1.64888
2.03975
0.82045
0.28587
1.35239
-0.104561
-0.159397
-0.102427
-0.412228
0.711785
1.32608
1.13434
1.06554
0.0097036
1.7645
-0.30262
-1.67386
-0.452507
-0.451325
-1.14739
-1.52838
0.101735
-0.324302
-0.834343
1.71684
-1.22782
-0.43612
1.04078
-1.02258
-1.74667
-0.281746
2.18395
1.10721
0.952405
3.92358
1.03551
-0.869902
2.8557
-2.21906
-0.823104
0.312078
-0.0435817
-0.993367
-0.498096
2.5218
0.702736
0.339532
0.572017
0.58174
-1.13241
-1.85386
-0.699134
-1.22156
1.76377
-2.68105
-0.382252
-0.740952
0.307074
1.59623
-0.739523
1.37842
-2.04539
-1.11844
-0.387376
-2.53848
1.57046
2.26538
-1.4967
1.52167
2.09712
2.69306
-1.11995
0.498579
-1.21903
-0.405104
1.14624
0.8438
-0.677356
0.275423
-1.66834
0.600019
-1.96861
-0.00653012
-0.251054
1.61832
-1.88587
-1.16207
0.902757
0.484644
1.50533
-1.49475
-1.52764
-0.0701176
-0.360502
-0.448425
-0.187803
2.13724
0.960396
-0.490962
0.345234
-1.22679
-1.2913
-0.334746
-0.189944
0.285911
-0.826067
-2.72581
0.575479
0.784679
-0.741053
-3.28962
0.381738
1.4331
-1.36372
0.434328
0.666682
1.29224
1.5352
-0.412891
-0.189271
-0.0909939
0.781548
1.17237
-1.38749
1.60142
1.25302
-0.317459
1.33047
1.1798
-1.38262
0.383447
-1.64378
0.224276
0.932818
0.564187
-1.48241
-1.11183
-1.06942
-1.59266
-0.0525333
0.810785
-0.949424
0.51541
0.0734019
0.218369
1.73395
-0.175242
0.240768
-0.781448
-1.45541
0.151365
-1.54317
0.588696
-0.0877315
-1.93951
-1.97306
1.72264
-0.363247
-1.38761
-0.805807
2.14116
3.06929
1.65884
3.3049
1.07148
0.468113
-0.444567
2.68423
0.192206
-0.576026
0.608468
-0.971074
0.562954
-0.247797
-1.21191
-1.47937
3.14157
-0.377917
-1.18215
0.233985
-0.681997
-2.80874
0.0940603
0.365378
-0.43977
1.76246
-1.33106
0.355617
-0.720745
0.0694466
-0.844554
-3.17349
-0.350336
0.0149274
-2.29089
-0.721913
-2.9781
2.27464
0.033779
1.27225
-0.767368
-0.821223
1.45515
0.0400855
-0.210926
0.792
-1.48093
-0.532859
1.10579
-0.346766
-1.23495
-2.3471
1.06631
-1.56298
-1.61315
-0.0320577
-0.422314
0.610742
5.29719
0.135433
0.877893
-0.739217
-2.17206
2.86073
-2.01899
2.38592
0.0838852
0.349926
0.94628
0.778581
-0.102085
1.73757
-0.80486
0.68223
-1.00893
-2.73877
0.537886
0.563752
-0.717082
-0.195068
-0.958784
2.1947
-0.276891
-2.06925
-0.771108
-0.518418
-1.23997
-1.287
0.953455
-0.385888
0.0461407
0.467483
-0.970614
0.258925
0.727302
-0.121173
0.607087
-0.978915
-1.91618
-0.429651
1.38875
-0.31804
-0.693465
1.67997
-0.0743144
0.733282
0.14986
0.0521039
-0.0134771
2.24711
-0.0761563
-1.72355
0.112215
0.115107
0.500604
0.722673
-0.73294
0.0451985
0.0892886
0.816928
-2.08941
2.042
1.64846
-0.252895
1.13099
1.069
1.28391
1.43708
0.0515626
0.12064
-1.60587
2.65173
-2.27205
-0.432546
0.222958
-0.000301417
1.07613
-0.898736
-0.813017
0.409279
-0.898196
0.192519
0.0484337
1.62662
-0.255934
0.217746
2.16116
1.09426
-2.10955
0.33949
-1.58257
1.67553
2.67016
2.4248
-2.69094
-1.81674
1.29144
1.58042
0.0984934
-1.32387
-1.1186
-0.697639
1.41828
-0.933795
0.272419
0.53959
1.41307
0.132911
-0.403799
0.148362
-0.725537
1.07769
-1.12506
-0.827016
0.227148
2.65146
-0.853563
0.622109
1.05022
-1.25846
-0.742281
-0.668919
-0.662792
-0.167457
1.07466
3.7876
1.14608
-0.321765
-0.320848
3.54758
0.650393
-0.68056
-0.449041
-0.751208
0.715217
0.24847
-1.14831
-1.63458
-0.998495
0.416178
-0.788974
0.00693137
-2.26329
0.951087
0.109617
-1.75598
-0.00790592
2.11216
1.32747
-0.859553
-0.563573
1.44268
-2.60271
-0.814518
1.83798
-0.971784
0.137183
-1.09974
-0.811037
0.15533
0.353193
-0.645794
-0.942113
1.2782
1.75272
2.45292
1.37529
-0.598134
-0.424595
1.21779
1.13848
0.86641
-1.23446
1.06405
3.0437
-0.577512
0.179689
1.54162
-0.437716
0.232991
1.25036
-0.0690498
-1.17265
-1.41589
0.393262
0.238921
0.363939
1.16391
1.08781
-0.426568
1.67785
2.21912
0.636607
-0.902365
-1.2787
1.22737
-0.313831
0.161288
2.32253
0.173419
-1.33433
-0.122223
0.199794
-0.989638
0.926546
-0.659255
-0.0158658
1.05163
-1.24944
0.543746
0.934158
-1.35828
1.22136
0.984813
-2.41758
-0.290138
-0.945675
-0.514984
-0.45528
0.71054
0.0530564
0.642023
1.03619
-1.47411
0.275274
-0.802612
2.24616
-2.27884
0.859856
-0.300689
-1.06805
0.799982
0.240042
0.919145
1.6941
0.800715
-0.689658
2.73221
0.67037
-0.417972
-2.00661
-1.26181
0.183571
-0.88347
-0.0712036
-0.000578596
1.5841
-0.215626
-0.251441
-1.19316
0.577989
0.200267
-0.00782695
-0.576474
0.886768
-0.122629
0.276589
0.939891
-0.80386
1.08311
0.092685
0.763122
1.02283
-0.35716
-1.67866
0.579504
-0.0433672
-2.7874
-0.0207736
-1.21875
2.25461
-0.0182884
-0.803941
1.04692
-1.14562
0.141113
1.97637
-0.820726
-0.123957
2.18684
-1.79379
0.205831
-1.49614
-0.0554518
-1.11839
-0.64831
-0.268418
1.43678
0.657276
0.00674336
0.732064
1.3341
-0.710982
0.129345
1.70524
0.0192438
0.270277
0.0927169
0.0779936
-1.59013
1.54469
-0.177942
1.36306
-2.04851
0.1428
2.02973
0.609225
-1.72146
0.270009
1.52375
-1.37397
-1.5564
0.956416
0.423202
-0.100708
-0.619397
-0.848521
0.417332
-1.51085
-0.419031
-0.215329
0.561289
0.508893
1.10478
-1.02571
-1.38644
0.760469
-0.194666
0.5965
0.448951
0.985447
0.29502
-0.62013
-1.08771
-1.86189
0.632935
0.123535
-1.275
2.37536
1.19827
-2.921
-0.759809
0.769206
0.505131
-1.70946
-0.647602
0.833906
2.78614
-2.03774
2.21745
2.25613
-1.12105
2.92471
-0.185875
0.350751
-1.13477
-2.00612
0.392475
-2.05197
0.358553
-0.97162
-0.575941
-0.337696
-0.764257
2.14261
-1.65509
-0.236221
1.85676
-0.759228
-0.18951
-0.623745
-0.258609
-1.66876
0.661141
-0.286193
3.27325
0.371447
0.666436
3.57357
3.20846
-1.32738
-2.07399
2.25681
-0.223075
-0.806258
-1.51347
-1.17048
0.578591
-1.01383
1.03027
-0.947303
-1.33801
0.919685
-0.770554
-0.718936
1.33996
-2.01115
0.990197
0.600996
2.49188
-0.185259
0.87966
0.138845
-1.631
-0.0970387
3.40104
0.402437
1.23614
-1.67629
0.899515
0.75533
-0.724619
-0.675449
-1.51769
-0.131656
-0.0220273
-0.636588
0.66494
-0.536363
-1.39451
0.119067
0.422762
1.35325
0.343872
-1.96899
-1.072
-0.592232
0.151107
-0.53296
-0.609856
1.03595
1.65551
0.449588
-0.392328
1.20554
-0.648803
0.796428
-1.68702
-1.15738
-0.551725
0.50951
-0.54515
2.36094
0.369603
0.0148169
-1.76506
0.00303549
1.56485
-0.260885
0.245212
1.91144
-0.409409
1.66309
0.570602
0.757567
-0.888562
-1.38101
-1.84782
0.735103
0.318272
1.26297
-1.70129
1.21674
-1.28095
-0.62439
0.178803
0.227065
0.235789
0.0590029
-0.118868
-1.71206
0.410663
-3.19008
0.65219
-0.408508
0.632793
2.85589
0.525573
2.21052
0.0532588
-0.228474
-0.00538773
0.816244
1.12565
-0.0525103
2.26543
1.97805
-0.245839
0.526686
-0.460602
0.538365
-1.14154
1.59802
-0.504444
-0.0827186
-0.248638
-0.584042
-0.19034
2.03412
1.0918
-1.6397
-1.75325
1.05066
1.19685
-1.92491
-0.0986615
-2.27473
-2.24292
-1.4411
-0.091199
-0.42689
0.648461
-2.12474
-1.43014
-1.86433
3.56546
1.27456
-1.29631
0.0497662
-1.3064
0.0900841
-2.03848
-3.15143
-2.05337
0.619468
0.219018
-0.751221
0.429266
-1.04258
-1.3847
0.0700787
1.62012
-0.934619
-1.77476
-0.809862
-1.59715
-0.719486
-2.52333
0.581963
0.235264
1.41399
-2.56059
-0.457123
0.042983
-1.14275
0.307342
2.29459
-1.62665
0.651564
0.704721
-1.35045
0.626004
-0.0689311
-2.59707
-0.211575
-0.00638734
2.10232
-0.916798
-0.700983
2.43011
0.605187
-0.770096
-0.682174
-2.06916
-1.75459
0.771905
-0.827323
0.644492
-0.52557
-1.89004
0.0899631
0.654765
1.17035
0.265097
0.679827
-3.69929
3.17435
1.91137
-0.65951
-0.505586
0.880138
0.288094
0.738441
-1.78376
1.47271
1.23969
1.29828
1.83379
0.696015
1.09036
1.41523
-0.503656
1.75518
-0.594716
-1.58744
-0.508305
-1.37946
-0.24963
-1.0753
-1.89236
1.37365
-1.38565
-0.420947
0.357871
-0.338335
1.68236
2.17905
-2.29645
0.225431
0.260218
-0.30488
0.491143
-1.10869
1.23765
0.817773
1.11969
1.07608
0.906063
-0.564535
1.72489
1.83611
0.591504
0.0159342
0.836274
0.267385
0.125505
0.12701
0.594022
1.36626
0.722893
0.901494
0.169894
-1.46611
1.41833
-0.89164
-0.827122
-0.5459
-0.720167
0.441947
-0.731123
-0.211865
1.92893
-0.855158
-0.4231
-0.231632
-0.937208
-1.33111
0.833285
0.369292
-0.0138694
0.0295694
0.766486
-0.182065
0.77407
0.43953
0.770654
-1.06134
-1.56739
-0.129938
0.769565
0.6263
-0.925202
0.92602
-2.04283
-0.439595
-0.141828
0.860097
-1.65449
1.03871
0.344085
-1.26535
0.384099
1.93559
-0.458445
-0.0726809
1.29037
-0.322689
0.123185
0.997978
-1.74253
-2.11865
-0.902834
-0.495983
-2.54476
-0.103177
0.0652119
0.595152
2.31635
1.55546
1.69795
-1.03639
-0.0914288
-1.06619
-0.479463
0.440789
-0.0440635
-1.2837
-0.710993
0.584228
1.35635
-0.713384
-1.22277
-0.533781
1.06217
-0.151299
-1.00071
0.72503
0.24743
-1.71264
0.536275
-0.739841
-0.445941
1.99433
2.57545
-1.13524
0.635559
-0.520681
2.63283
0.331161
0.125309
-0.325622
0.899055
1.54314
-0.739621
0.457295
-1.07243
0.6994
-2.22845
-2.8617
-0.456529
1.33376
-1.5518
0.783495
-1.2606
-0.858873
1.17508
0.630363
0.730848
-0.10943
-0.189525
-1.2085
2.8507
-0.657066
-0.533528
-1.31652
1.24591
-1.03324
-0.489424
-0.0391522
1.62206
0.587125
0.608686
-0.363373
-0.240231
1.43715
-0.578542
-1.11817
3.12194
-0.180855
-0.440881
-0.932324
-0.257407
1.57239
-1.15144
1.13368
-1.25787
0.586831
0.628507
-1.00754
-2.82931
-1.3217
-0.965751
1.08826
-0.570064
1.34439
0.700111
-0.32183
-0.638752
0.833025
-1.66444
1.73531
-1.26315
-2.16286
2.62429
0.468424
0.531664
2.03726
1.56299
0.312609
-0.394588
0.703409
-0.97753
-0.301339
2.15259
-0.77256
-1.59462
-0.112186
-1.17324
1.04303
1.53142
-0.928777
0.852159
-0.527731
-0.983879
-0.017157
2.03397
-1.37393
0.0486257
-0.404783
0.516146
-0.967703
1.25886
-0.390676
1.49263
-0.244261
0.223257
-0.499048
-1.32902
-0.887137
-1.56084
1.40737
1.27485
0.708401
0.804321
1.30947
-1.47745
-0.691452
0.545475
-0.73622
0.259036
-1.95135
0.213491
0.369257
-0.574957
1.3162
1.75844
-0.840675
0.0923586
1.40068
-1.51121
1.82298
-2.12744
-1.01883
-1.20876
1.07528
-0.79466
-0.654492
-2.09578
-0.426509
2.04565
-1.29494
1.29879
-0.939342
1.65452
-0.783585
-0.745294
0.733365
1.3386
3.25698
-0.688003
1.10907
-0.800597
-1.589
1.46561
0.872416
0.159666
2.96517
1.22504
-0.360413
-0.385309
-0.132379
-0.378021
0.138972
-1.46875
-2.1202
-1.43473
1.87542
-1.45645
3.81668
-0.716607
0.0541056
-1.3391
0.0516638
-3.00968
0.136993
0.929231
-0.788946
1.59746
-1.03411
-0.654819
0.0524433
-0.491199
0.374769
0.722931
-0.486084
-1.41582
0.761604
-1.33948
1.72983
0.389783
-0.431563
-0.188978
-0.0578597
-0.554024
-0.465724
0.281546
-1.43799
-1.80144
-0.443859
1.17021
0.581025
1.13781
-1.58344
-0.337012
-0.9006
-0.270767
-2.07077
-0.453637
0.969966
-1.1782
-0.00158596
-0.883272
1.63716
-0.136107
2.37749
1.09005
0.341294
-0.0224075
1.37358
-1.71348
1.71573
1.39418
0.610786
