-0.513509
1.44146
0.382642
0.429746
-1.16479
-0.0439054
0.158737
1.2227
-0.968341
1.33474
0.885335
0.883724
0.138951
-0.632154
1.51956
-0.738394
0.434701
-0.70721
0.0954534
0.385112
0.0491718
0.613295
-0.366557
-0.716418
1.1218
-0.0136033
0.520754
-0.252709
-1.37323
0.176148
-0.288032
-0.577361
-1.54476
-2.17423
-0.5965
2.73258
1.7849
1.5359
1.35936
-0.968233
0.205804
1.18124
1.67061
0.799125
-0.799497
0.199709
1.34817
-0.199078
1.0415
0.31519
-0.402137
0.604951
1.99908
-0.628812
-1.91219
-0.986918
0.0111536
0.727377
-1.58955
0.995168
-1.00313
0.732757
0.148757
0.637155
0.430072
0.493678
-2.41761
-0.305262
0.591265
1.38736
0.480033
-0.779155
1.41373
-0.0832848
-1.01091
-0.184949
-0.797667
-1.3909
-0.317269
0.277701
-0.00602888
-0.110207
-0.134373
-0.23581
-0.206566
-0.0229217
-0.166224
0.645676
1.45788
-0.886263
-1.55705
-0.562199
-0.512844
0.338807
-0.696835
1.52638
-0.0382433
1.95928
0.773251
-1.35247
0.727546
1.53055
-0.385305
1.46849
-0.231777
-0.580558
0.705923
0.19007
-0.475237
1.09102
-0.21686
-0.497493
0.303323
1.51855
-0.354191
-0.568889
-0.659976
-0.0542149
-0.364661
-0.821108
1.4554
0.0552994
-0.293791
0.395796
1.14086
0.181789
-1.50224
2.14101
-0.235023
0.559295
0.385112
0.121688
1.98353
0.88395
-2.39839
0.359674
0.117544
0.783748
-2.12885
0.339843
-0.214306
-2.19834
0.592354
1.00687
-0.337012
0.286473
0.818954
1.91435
-1.64758
0.178902
-0.22951
-0.0420867
-0.144891
0.0826283
-0.565771
-1.05747
-1.50317
-0.718925
1.87293
-1.6093
0.145984
-0.284307
1.50591
-0.462031
-0.97372
1.16208
-0.21055
0.138075
0.45609
-0.85629
-1.29256
0.141568
1.00375
0.399789
-1.75769
1.63069
-0.0117083
0.243828
0.0277783
-0.974789
0.846942
-0.107202
-0.00782761
-0.199582
0.017158
1.53336
-1.51822
0.602234
-0.818231
-0.504039
-1.50415
-0.234159
0.0813491
-1.37615
-0.463475
-0.11872
-0.691213
-0.614499
-0.385193
0.798677
0.426967
-1.22103
0.334425
-0.241541
0.279555
-0.405068
-0.590561
-1.71116
0.25134
1.67903
1.32027
-1.42633
1.7455
-0.742751
-1.39775
0.0274198
-0.0908606
1.95966
-0.406199
-2.15195
-1.00319
-0.101497
-0.605215
-1.06749
-0.303321
0.379122
0.26725
1.80325
0.255643
0.752991
0.368789
1.1674
-0.122617
-0.403893
-1.96806
1.16267
1.56653
0.767908
1.77738
-0.391612
2.64526
0.0902479
-1.03439
-1.07458
0.0224493
-0.195388
-0.481328
0.51123
-0.390742
-1.07697
-1.3728
1.02416
0.915687
1.97402
-0.167796
-1.33358
0.683096
0.124169
-1.19868
1.42497
-0.79944
-0.467058
1.81698
-0.30237
0.386458
1.57979
-1.28746
-0.446399
0.275306
-1.04602
-2.40823
0.717041
-1.2062
-1.8776
-0.764322
-1.60752
0.98904
-0.216842
1.84731
1.06969
-1.26693
-0.143848
0.803225
2.17562
-0.194813
0.66399
1.277
0.96617
-0.74407
0.933893
0.604827
0.30901
-1.1102
0.888417
0.175196
-0.220767
-1.29596
-0.567496
-0.652929
-0.0964057
0.14155
0.142168
0.709094
0.14721
-0.308811
-0.0261006
-0.150278
-2.0099
-0.266705
0.942303
1.44593
-1.746
-0.932567
-0.249298
0.0593089
-0.0667862
1.7335
1.1113
-0.0357023
0.776874
-0.549167
0.356143
-0.718576
0.315959
-0.672632
-0.0997543
-1.15983
0.800599
0.20312
-1.36776
0.993337
0.654943
0.718632
-0.136126
1.42733
0.748164
0.705331
0.149283
0.0264171
0.790754
-0.0861241
1.64319
0.669281
0.581747
-1.08916
-0.0537499
2.1349
-0.188304
-2.06928
-1.08804
-0.189653
-0.249072
-0.110994
-1.27043
-0.422297
0.00721376
-0.51682
-0.724485
1.32604
-2.07141
-0.684253
0.420389
-0.586964
-8.21286e-05
0.202254
-0.98733
-0.0231166
-0.0957129
-1.02163
-0.282356
-0.577125
-0.69982
-0.516175
-0.921768
-0.680488
1.33137
0.826494
1.93237
0.804326
-2.05712
1.25927
-1.84679
-0.923446
-0.73964
1.46087
1.00693
-1.17203
0.09544
1.81292
-1.13942
1.658
1.26776
-1.43017
0.485372
1.01046
-1.03951
-0.884051
1.35059
-0.960752
-0.874284
0.261946
-0.604155
0.0382991
0.507581
-0.0488279
2.03557
0.23742
-0.160412
-1.57819
0.636149
0.964158
-0.344891
0.0388491
-0.0864
-1.42441
-0.126084
-0.645011
0.88647
0.223808
1.52066
0.0819978
-0.725892
0.377914
-1.53694
-1.02742
-1.96207
-0.367708
0.0958065
-0.3166
0.506926
0.743789
0.322091
-1.73082
-0.187981
1.51748
0.631587
0.366321
-0.330931
-0.107034
0.281356
-0.836401
-0.402128
-0.137311
-0.721445
-0.06138
1.56802
-0.309046
0.573708
0.884112
-0.785914
-0.694293
-0.858934
0.695057
0.338305
1.4105
0.0521517
1.1795
0.640921
0.390564
-0.27919
1.47338
-0.00464285
-2.13712
1.31643
0.145866
-0.308766
-0.0443988
-0.106682
-1.43432
0.133566
0.91748
1.04479
-0.517858
-0.333101
-1.21344
0.201493
1.43866
-0.949467
-0.498601
-1.87117
1.24329
0.792234
-0.398985
-1.50631
1.00059
-1.13857
-0.571966
-0.958684
0.549496
1.50171
0.483045
-0.555908
0.142925
-0.981934
0.0241978
1.40788
-1.0716
0.478779
-1.25313
0.606547
-0.459414
-0.409561
-0.0987838
1.20864
1.18432
-0.535824
-1.63072
0.179591
-2.20539
0.845233
-0.208356
-0.272943
0.750288
0.942908
0.688819
1.41262
-0.0172275
0.13376
0.512954
0.352535
-1.3137
0.687034
-0.341246
0.436973
-1.84247
0.885033
0.248514
0.293348
0.253725
-0.83842
0.0557692
-0.0518805
-1.09575
0.146668
-0.442564
0.295355
-0.397102
1.84059
-0.368507
-0.855195
0.575432
-0.767078
0.523895
1.67131
0.403856
0.681016
0.18601
-0.326116
-0.889688
0.234697
-1.07083
0.111302
-0.0922623
0.406665
-0.0630657
0.933016
0.477448
-0.285044
0.485539
1.74074
-1.29457
-1.08963
0.790745
-1.02951
-0.772596
-1.51377
-0.0408554
0.016969
0.796054
2.33135
-0.063314
-1.2008
0.0809312
-0.986005
1.21457
0.459312
0.696252
1.03336
0.207879
0.432647
0.260978
-0.873319
-0.897186
-0.182776
-0.90578
0.014016
0.933207
-0.224954
-0.257102
1.27418
-1.24859
-1.12847
0.184412
-1.01629
0.540751
-0.37407
-1.59056
1.71894
0.00684649
-0.0770421
-0.740608
-0.0838123
0.109631
-0.899018
0.00897193
-0.372535
0.426574
0.636647
0.790295
-0.859505
0.109715
-0.415637
-0.338579
0.0994499
0.0251756
-2.79408
-0.514859
-1.04912
1.5471
-0.389019
0.446887
-0.730503
-0.0387756
-0.549416
0.170273
-0.571649
-1.0127
-0.208668
1.67659
1.08095
-1.74847
-0.658665
-0.909626
0.38576
-0.269011
0.575863
0.0844837
-1.17482
-0.1679
0.639676
1.0205
-1.37459
0.234207
-0.305411
0.00410689
-0.903693
-0.932757
0.23623
-0.049302
0.158161
2.16645
0.0799467
0.481174
0.970656
-0.343714
0.532504
0.322577
-0.479323
1.60376
-0.956043
-0.890522
0.349042
-1.71192
0.43087
0.0383656
0.625173
-0.643953
-0.207657
1.80219
-1.5376
-0.825797
-1.49108
1.01203
-0.780239
0.22548
0.152
-1.20498
-1.47799
1.06102
0.538328
0.948268
-1.50808
-1.45797
-3.31802
1.21423
1.22183
-0.850206
0.698788
-0.0933096
-0.991947
-0.0649415
-0.14998
-0.261093
-0.606402
-1.70912
0.393501
1.07423
0.490369
0.747377
-2.02284
-0.628821
-0.810501
1.11367
1.67466
-0.146681
-0.151279
0.447318
-0.249251
0.939502
-0.350069
-0.162059
-0.154665
0.444742
-1.48176
0.284801
-0.684319
2.63328
-0.158651
1.84319
-1.83076
1.06051
0.898322
-1.202
-0.842797
-0.974696
-0.175545
0.520648
-0.70867
-1.03104
-0.828564
-0.447918
-0.274329
-0.372784
0.816016
-0.685845
0.503547
-1.08699
0.00847091
2.00817
-1.11396
0.00671973
-0.855685
-0.128758
0.0202167
-0.107654
0.927286
0.468924
1.536
0.484184
0.24788
0.767447
0.25794
1.62314
0.423114
0.593747
0.00281961
-2.17882
2.17081
-0.173886
-0.153553
-1.71194
0.422392
-0.0972346
-0.872294
1.80493
-1.87008
-1.09137
-1.08482
-1.09327
0.438747
0.45888
-1.72395
0.357284
-0.737872
-2.51195
1.98571
0.120753
0.934667
0.683994
-0.536232
-0.064658
-0.544157
-0.389404
1.01543
-1.18249
0.147723
1.33826
0.240255
1.4737
-0.597361
-0.124641
0.222198
0.00104664
-0.0837116
-0.0707815
-0.623649
1.96901
-0.0864982
-0.213571
1.19309
-0.642555
-0.565768
2.24149
0.920502
1.55677
1.40209
0.0113407
0.411051
0.654861
1.02916
-0.12269
-1.15985
-1.11557
-0.775219
-0.148784
-0.633171
-0.161561
0.0546119
-0.496436
-1.10504
-0.0348282
0.441008
1.48139
0.63007
-0.721515
-0.467144
1.64812
-0.712201
-1.26855
-2.61345
-1.15925
0.268145
0.0825438
-0.479652
-1.08247
0.150127
0.236712
-0.317143
-0.0835617
0.7714
0.939681
-0.621906
-2.34498
-0.435457
0.124701
-0.345024
0.737423
0.100909
-2.06
-2.39833
-1.1101
0.0395084
0.157373
-1.00325
0.519679
-0.580921
1.94472
0.993723
-0.71163
-0.318124
0.563941
-1.55522
-0.287976
0.934709
-0.0165129
0.477777
-0.463136
0.104725
-1.04743
0.64766
2.00666
1.47103
-1.45012
0.287935
-0.541608
0.734941
0.116792
0.746044
0.0861197
0.96516
-0.859849
0.301503
-0.827181
0.584352
-0.141375
0.590049
0.15547
1.23013
-1.65633
0.0946176
-1.15968
0.654823
1.18923
0.540446
-0.612138
0.953956
0.773288
0.420199
-1.19283
-1.4731
-0.986086
-1.11353
-1.0697
-0.290838
0.103688
-1.14736
0.89143
1.42229
1.23034
-0.400334
1.26452
1.05381
0.731482
-0.0467804
0.418154
-0.110608
-1.17631
-0.239551
-0.538684
-1.04239
0.276051
1.83203
-2.09356
-0.645698
-1.50674
-0.375492
0.7298
0.975893
0.150972
-0.453363
0.704267
0.823288
-0.308406
0.640986
0.946937
0.0235934
0.114907
0.519966
-0.625935
1.96363
0.450131
0.653283
-0.261768
-1.02648
-1.1575
1.44754
0.0706584
0.736459
-0.44319
-1.23079
0.742078
-1.11631
-0.529483
0.993237
0.620809
2.15527
0.144705
0.716219
-0.43897
-0.957676
-1.12949
0.159351
0.625971
0.591233
2.64295
-1.12654
-1.78921
0.504598
0.561998
0.562119
-1.23231
-2.04835
0.66908
-1.34991
-0.0103452
1.22925
-0.91158
-0.124198
1.34725
-0.0599173
-0.253583
-1.21503
0.601768
-0.0601601
0.0530664
0.364736
1.50636
1.21399
0.639463
-1.76727
-0.54764
0.349219
1.10191
-0.207921
-0.296835
1.51076
-0.654682
1.01007
0.750341
0.618585
-0.294849
0.980381
-1.26038
0.418265
-0.698521
-0.489094
-1.50684
0.2406
1.3128
0.0375168
-0.0692632
-0.523203
1.58307
0.378327
1.95626
0.730301
-0.0825639
0.661149
-1.5401
0.0557337
-0.682541
0.0961219
0.946092
0.399474
0.42309
0.238742
0.243893
0.26458
0.10278
0.183949
-0.812478
0.811201
0.691545
-0.469141
0.17157
0.493146
0.718201
-1.60428
0.704734
0.14475
-0.193607
-0.682189
-0.701383
-2.27101
-0.756999
-1.40968
-0.865468
0.138576
0.352667
-0.304464
0.383566
-0.821556
-1.35532
0.975954
1.48955
-0.750681
0.083982
0.634822
0.463629
1.23867
-1.37982
-0.77384
-0.764026
-1.09615
1.13914
0.422903
-0.0958644
-1.90555
-0.180236
0.62518
-1.29483
0.392066
1.07888
0.144445
0.405942
-0.368125
-0.421044
-0.638572
-0.910522
0.242245
1.41464
-2.49804
-0.182818
0.323969
0.038932
-1.17878
0.171976
0.107088
0.0329509
-0.494576
1.70766
-1.90722
-0.837574
1.64358
-1.32438
-1.04864
-0.0699884
-1.08424
1.11109
-0.883444
2.94069
0.337297
-0.236891
1.48824
-0.118103
0.198217
-1.44086
-0.491194
-0.663397
-2.8223
-1.26535
0.307652
1.21637
1.08213
0.954922
0.27751
0.245524
-0.834834
-0.72383
-1.74759
-0.722288
-0.226115
-0.885609
-2.31894
2.31295
-0.716304
0.954239
1.33521
0.345237
-0.502485
-0.166956
-1.26192
-0.184316
-0.880892
0.316826
-0.482477
-0.0861052
-0.756726
0.317089
-0.704906
-1.06635
1.47397
-0.0677713
0.435196
1.16848
-0.675472
-0.22123
-1.01205
-0.556278
1.1206
0.638038
-2.81544
-2.1014
0.516812
-0.662005
-0.988316
0.436204
1.55947
-1.05231
-1.04001
-1.18574
1.4135
-0.275891
-0.279848
-0.769581
-1.27657
1.14654
0.720502
0.222673
0.745305
-0.957945
-1.83994
-0.0383812
-0.356226
-0.14434
-0.350877
0.735996
0.868921
-1.00455
0.77238
0.436861
1.80787
0.361677
0.0138081
0.433905
0.196911
-0.514231
1.46343
0.752292
0.420641
0.215729
-1.46195
-3.46405
-1.45656
-0.777685
-0.0551865
1.02148
1.14701
1.18377
-0.593587
1.1468
-1.88738
1.46346
0.873097
-0.733328
-0.47335
-1.23462
-0.939184
-0.0726551
0.817158
0.279274
1.57879
0.270545
-0.650098
1.64379
-0.94629
0.227187
-0.798238
1.11342
-1.46766
-0.252916
0.134315
0.228216
-1.05199
-0.713088
-1.92227
-0.72565
0.224342
0.938119
-1.39355
0.819877
-1.74689
-1.66679
1.50205
0.69
-0.928387
-1.22859
-0.490126
-0.080129
2.0135
0.692406
0.919217
0.298687
-1.75676
-1.43316
-0.936885
0.57527
0.439814
0.798038
-0.437492
-1.56837
1.66094
-1.78817
-0.432541
-0.0980716
0.612209
-0.840252
1.30789
-0.0602816
1.01044
-0.167967
-0.0415636
-0.903772
-0.0482411
0.881813
-0.240057
-0.454197
-0.78818
0.735869
-0.885614
-0.0081772
-0.576334
-0.466673
1.26159
-1.25455
0.274992
0.577309
0.359216
0.314219
-2.07521
0.47085
-0.390522
-0.363872
-0.566039
1.59167
-1.17313
-0.549462
0.842395
1.39551
0.756209
1.77244
0.53879
-0.915527
1.32867
0.987923
0.113187
0.0352176
1.31741
0.795521
0.256689
-0.10205
1.26235
-1.60958
0.710412
0.216269
-1.09469
-0.261841
0.978878
0.578303
-0.433829
-0.890265
-0.117067
0.373602
0.246896
-0.673629
0.475281
-2.09718
0.480946
-0.99726
-0.504795
0.652845
0.581674
0.985657
0.502268
0.725078
-0.965497
-0.869154
0.0546958
0.0880087
-0.998897
-0.128837
0.103508
1.36173
0.114101
0.0243648
-1.78232
0.541873
-1.13471
-0.194357
1.72677
-2.73106
1.06914
0.086427
0.989428
-0.330312
1.4393
-0.221244
0.0997642
1.14764
-0.580226
0.440096
0.818236
1.14409
0.707674
-0.283088
-0.366112
-1.05652
1.57528
-1.76046
-1.67752
0.269533
0.118394
-0.0824495
-1.64086
1.93492
-0.0661676
-0.756418
-0.294765
-0.59945
0.397496
0.415797
-1.50042
0.713836
-0.198689
-1.03192
-1.17861
-0.936315
-1.04466
0.862899
1.63196
1.30939
1.23113
0.346376
0.721323
-0.765586
-0.183737
2.49683
-0.532034
-1.34186
-1.07905
0.505998
-0.351021
-0.199608
-0.478376
1.50103
-0.945554
0.78116
-1.13354
-0.431181
-0.852956
0.323732
-1.29651
0.113922
0.275037
-0.315901
-1.27389
-0.418706
0.793517
0.0086029
1.33296
-1.76339
-0.0439768
-1.0564
0.843117
-0.213852
-0.768933
0.274954
-0.250277
-0.31997
0.4807
0.0123496
-1.85335
-1.30665
-1.07967
0.145346
0.830842
-0.0908316
1.01623
-0.00212342
0.865086
-1.64701
-0.251246
0.354558
0.059492
-0.780405
-1.97247
-0.240326
-2.40523
-1.11709
-0.991792
-0.434522
0.2078
-0.503416
-0.780217
-1.48528
-0.400712
0.905988
-0.0168721
-0.186971
0.856736
0.0164172
0.022931
-1.24277
1.05285
-0.403931
0.455906
0.275263
0.893161
-1.44236
-0.411315
-0.074738
0.0141125
0.655159
-1.93771
-0.172521
1.11033
-0.297191
-1.93519
0.203144
-1.31239
-0.0473142
1.37398
-0.623751
0.783197
-1.1233
0.0642081
0.48506
0.197606
1.01986
-0.781035
-0.213138
-0.186288
0.0445474
-0.748081
0.579051
-0.27419
0.205238
0.222602
1.00217
1.01847
0.597261
1.33952
-0.758582
0.554434
-0.553461
-0.539667
-0.698323
1.32462
0.50279
-0.16369
-0.225353
0.153537
0.0566994
-1.7242
-0.808475
-0.43323
-0.882931
-0.301609
2.08205
-2.05592
0.450071
-0.827222
-0.476814
-0.0125781
0.218593
0.22004
-1.12465
-0.269991
-0.60303
-1.10719
-0.0813248
0.695259
-0.0551191
-0.0111228
-1.02783
-1.65907
-1.38569
0.509143
0.913649
0.234887
-0.167534
1.23178
1.82116
-0.934714
0.918646
0.524403
-1.26313
0.191577
1.29144
0.269387
0.626834
0.592799
-0.52789
0.665181
1.37603
-1.49765
0.143103
1.28638
1.33346
-1.18902
-1.12269
0.403959
-0.091681
0.675769
-0.882534
-0.420035
-0.790293
0.56332
0.928531
-0.101293
-0.993676
1.77895
0.358358
-1.47733
1.16596
0.42587
-1.16684
-0.610061
2.32421
0.716678
0.564449
-0.485991
0.260839
0.274674
0.946621
-0.759286
0.341844
-1.77504
-1.30673
-0.738355
0.838863
0.0983698
-1.28445
-0.197875
2.0099
0.217058
-0.899117
1.01264
0.843385
0.638914
-2.56303
0.284835
0.166869
0.588517
0.186497
-1.82206
0.205056
1.35969
-1.59573
0.180009
-0.408735
-0.567552
0.575327
0.839431
-1.14863
-1.11997
-0.215212
0.701161
0.482036
-0.0929279
-0.780741
-0.664962
-0.198295
-0.262425
0.556777
0.193681
0.150142
-0.0544769
2.29634
-1.2254
-0.126441
-0.560981
-0.0224232
-0.477945
-0.264363
1.54914
3.15431
0.945838
-1.64624
-0.0970747
0.438228
-0.669765
0.350182
-0.556143
-0.371829
-1.29447
1.29137
-0.437952
-2.53387
0.244609
-0.180591
-0.599304
0.0256683
0.0295261
0.689237
-0.368731
-0.841602
0.960369
0.712924
-0.0367267
0.0993981
-1.56931
0.596908
0.835851
-0.13878
-1.23761
-2.72948
-0.224322
-1.04569
-0.645494
0.976433
-0.123739
1.5509
-0.155189
0.190824
0.691339
0.0400519
-0.357693
2.10819
1.35676
0.0166553
0.0458376
-0.0919996
-0.409982
0.314195
-0.42461
1.57187
-2.5588
-0.404514
-1.72397
-0.179289
-0.705945
0.434914
-0.546437
2.11558
2.26171
-1.40765
-1.58683
-0.533861
1.94141
1.36796
0.334101
0.320099
0.585987
-1.75123
-0.178686
-1.71224
-1.21059
-2.50694
0.574992
0.814902
2.16497
-0.634921
0.117833
-1.13285
-0.188754
-0.362419
-0.500714
0.864305
-0.892715
-0.16899
-0.404403
0.783665
0.922717
-0.421352
0.380637
1.49108
-1.19053
-1.2711
-0.726855
-0.665071
0.313505
0.249113
-0.216404
0.82634
0.712707
-0.337164
-1.02754
-1.58794
-1.31997
0.621752
-0.889392
0.620954
1.68486
-0.263836
-1.20565
0.506584
-0.0170964
0.662528
-0.904168
0.605917
1.30506
-0.596822
0.758052
1.50666
0.197275
-0.704501
0.905643
-0.808603
0.676009
2.49594
-0.551056
-0.438617
0.515397
-0.173009
0.3692
-0.979101
1.07288
0.122866
-0.0784581
0.556208
0.578625
-1.17431
0.0805452
-1.98991
0.535576
-0.719806
0.622603
0.381894
-1.27367
0.778006
0.0458664
-0.427113
0.728772
-0.148901
0.523292
-0.763975
-0.243075
1.04308
-0.463362
-1.05969
-0.0376442
-0.706821
0.575272
-0.294315
2.94119
-0.47791
-0.300768
-0.625556
0.277367
0.95624
-0.0461669
0.731028
-0.784285
-1.46691
0.298996
-0.32874
0.359169
-1.16078
2.39225
0.407394
-1.05068
0.590612
-0.339412
0.52491
1.6621
1.18743
-1.17369
1.82064
0.378279
-0.33534
-1.08632
0.879045
-0.00957361
-0.328619
-1.00391
-1.26752
0.266549
0.430128
-0.431537
1.17785
-1.08917
0.927631
0.94673
2.47848
-1.02345
-1.20175
1.1574
0.65987
-1.44748
1.22306
0.854382
-0.883639
0.0914528
0.776272
-0.21297
0.0454556
1.36845
0.107441
-1.66681
0.362033
-0.0900799
-1.41805
-0.345045
-0.954406
-0.710624
-0.484024
-1.2291
1.09364
1.1273
-1.17788
0.822518
0.181452
0.20103
-0.251632
0.481874
0.0424886
-0.742407
0.149903
0.864443
0.129346
0.48322
1.21165
0.154107
0.993914
-0.522291
-0.460127
-0.259977
0.0141232
-1.14491
0.275993
-1.52121
-0.783345
1.30741
0.259443
0.408389
1.10458
-0.751686
0.101419
0.791993
-0.150739
0.065354
0.260649
-2.19731
0.768269
0.157997
-0.596127
-0.471602
-2.32879
-0.0360757
0.467536
-0.454366
0.834977
1.20507
0.555423
0.267195
-0.85875
0.830605
-1.65823
0.872425
0.0523873
1.24663
-1.7085
1.10453
0.547414
0.317234
-0.499974
0.593439
-1.07288
0.564949
-1.85951
1.84929
-0.471217
-0.971
-0.508163
0.538526
0.0757046
1.78441
1.40962
0.438869
-1.77653
0.709778
2.11411
-1.57644
1.14867
-1.02726
0.558847
0.839214
0.702126
-0.625732
-0.258194
0.532041
-0.197718
-1.53494
1.21721
-0.00797975
-0.126854
-0.23206
0.0684252
1.86164
0.185115
0.333744
0.408464
0.627083
1.65174
-0.0982042
-0.803568
-0.901928
-0.637893
-0.250335
-0.043427
-0.0536767
0.362867
-0.221282
1.90532
-0.119337
-2.40545
-0.0743303
-0.0929656
-0.0274041
1.26674
0.511554
-0.734135
-0.328137
-0.0252592
-0.262667
-0.4731
0.774413
0.368333
-0.129513
0.631215
-0.387706
-0.36952
0.525089
1.80189
-0.956763
-1.4132
0.18329
0.216578
-0.936919
0.908528
-0.040538
-2.20738
0.672929
0.351031
0.507961
-1.21252
-0.859816
1.03519
-1.8617
-0.938253
-0.17823
0.0235843
1.34551
-0.253462
0.736879
-0.0221787
0.461255
-0.213081
1.43968
-0.615308
1.29198
1.54268
0.473751
1.19594
-1.06385
0.701832
-1.45647
1.55891
-0.421284
1.85136
-0.819768
-0.660984
-0.207876
-0.180624
0.810558
1.25886
0.37719
0.258664
-0.873338
-0.104075
-0.400488
-0.367031
-0.030703
-0.928895
-0.381595
-0.594526
0.221408
0.75209
-0.271628
-1.03271
-0.772415
-1.27353
0.639089
0.603364
-1.02203
1.0327
0.0516907
0.555322
0.163959
0.903144
-1.57087
0.347157
-0.539371
0.0721505
-0.243884
-1.8671
-0.340445
0.647459
-0.269203
0.315662
-0.727322
0.0300222
1.7814
1.03999
-1.41163
-1.48332
-0.852657
0.752237
-1.77801
-0.917803
-0.194607
0.143019
-0.241065
-0.19298
-0.687199
0.690509
0.0007977
0.0545366
-0.894924
-0.138599
-0.560191
-0.230953
-1.16386
1.57825
0.981959
-0.643818
-2.26574
-0.0937709
-0.549434
0.166857
1.56373
-0.429729
0.303223
-0.287053
-1.23164
0.583834
1.21548
1.14275
0.413326
1.54805
0.0144421
0.662526
0.580017
-0.774983
-1.05912
0.359764
-0.253277
-0.798925
0.663243
0.0995992
-0.895116
1.20306
-1.24536
-0.480436
1.56219
-0.247238
-1.22434
0.567838
-0.761324
-2.14635
-1.82923
-0.983461
0.244917
0.216328
-1.79267
0.536216
1.22774
-0.888796
-0.596092
0.181283
-1.17434
-0.379296
1.00991
-0.838453
1.62086
-0.494552
-0.0900284
1.00117
-0.00590765
-0.123724
-1.10584
-0.602506
-1.18676
-0.897275
-1.16445
1.47338
1.28105
-1.61069
-1.09629
-0.475088
0.676662
0.0477638
0.030143
-1.33856
-0.575862
-0.621124
-0.931492
0.0198574
0.553219
-0.819273
0.480598
0.542189
0.422617
0.241508
-0.585837
0.766178
-2.06745
-1.20012
1.86046
-1.48337
1.53644
-1.39701
0.27839
1.50313
0.64002
-0.416102
0.458446
-2.47475
-1.19731
-0.00273315
-1.36626
-0.308595
0.787149
2.54492
-0.0177757
-0.825425
1.14999
0.121468
1.04771
0.276573
-0.963776
-0.775995
-1.12376
-0.708846
-0.295289
-0.149851
1.17184
1.53106
2.39164
-0.954143
0.527308
1.17752
-1.29629
0.462418
-1.0204
0.0476946
0.118195
0.873865
-0.563983
0.0129892
0.880108
0.275407
-0.591584
0.223217
-1.42689
0.445993
0.139605
-0.854318
0.214862
-0.598078
0.459363
0.695122
1.05241
-0.283165
-1.5122
0.729669
-0.304741
0.873688
-1.48592
1.79539
-0.256868
-1.05285
-0.574346
-0.962052
-0.418928
0.0597841
-0.616559
0.293499
0.627512
-0.121929
-0.691495
0.117491
-0.918259
0.202169
-0.180568
-0.720214
0.627238
0.683398
-0.0411743
0.647696
0.0636468
0.225272
-1.35887
-1.50862
-0.150543
-0.84515
0.167702
-2.09438
0.229289
1.55887
0.607184
-1.68492
-0.418396
-0.94067
-0.253943
-0.0658938
-0.301602
0.103634
0.565434
0.176437
0.0995892
1.23091
-0.0287279
1.50108
1.57254
0.665529
0.101292
0.804937
-0.180437
-0.426975
0.0929222
-0.841806
-1.3898
0.501873
1.05937
0.928546
0.236688
-0.50328
-0.862637
1.62534
-0.685644
-0.645219
-0.513121
1.28907
-0.0857109
-0.399816
-1.21439
-0.66979
-0.0822623
-0.40809
-0.419679
-0.595094
0.380131
0.522655
-0.148476
-0.989311
0.980396
0.24551
1.03442
0.18592
0.464582
0.273907
0.978043
0.854843
-1.0727
0.368903
0.83771
0.904721
1.76634
-1.47052
0.237599
0.289739
0.680698
2.29888
-0.806792
-1.3897
0.836242
0.960568
0.755271
1.09281
-0.951361
0.0532032
0.0839672
1.21217
-0.51892
-0.184335
-0.0338549
-0.555506
-0.646556
-0.843218
-0.29788
-2.16524
0.891231
-0.931622
-0.228576
0.537984
-1.48378
-0.442402
-1.07844
0.62642
0.936562
-1.45043
-0.898246
-0.680763
-1.25017
-0.920737
0.0317306
0.772901
1.05776
0.0650934
0.928577
1.34575
0.599987
-0.899232
0.270261
-1.93014
-1.76376
-0.935407
0.710541
0.29613
-0.565923
-1.13654
1.20682
-0.706565
-1.36857
1.49272
0.305885
-0.746749
-0.0412099
1.57051
0.0848684
-0.470017
-0.548869
-1.26303
-0.167804
-0.00406864
0.0814879
1.18239
-2.20382
-1.00475
1.52289
0.969091
0.210509
-0.371502
0.700997
-0.783264
-0.0208004
0.54894
1.65151
-0.107689
-0.471705
1.07476
-0.183194
0.608639
0.82135
0.177651
-0.539296
-0.887462
0.292085
0.953539
-0.124727
-0.264315
1.77315
0.0714532
-0.0495169
1.34375
1.68284
0.234073
-0.696569
1.71184
-0.327661
-0.183319
-0.143318
-0.396124
0.267997
1.63621
-0.695375
-1.57591
-1.97642
1.9299
1.05766
0.962677
1.0392
0.528985
0.162633
0.67832
-1.11961
-0.721628
0.93495
0.100765
-0.0179412
-0.689064
0.0248545
0.0650778
-1.98965
0.44628
0.423397
-0.811227
0.232659
0.329114
-0.432474
-0.651475
0.615965
0.670692
-2.38802
-0.386642
-0.100897
1.15078
-1.25958
0.298079
0.820637
1.72877
-2.57735
-1.12862
-0.228343
-0.0111929
-1.71598
0.451349
1.39241
0.137326
0.104212
0.549496
-0.909994
-0.571145
0.0722765
-0.143863
0.0191174
0.223544
-0.149306
-1.59354
2.62337
0.629432
0.831521
-0.659929
-2.53838
-1.02068
-2.36616
-0.965344
0.466072
0.211335
0.166332
-0.500422
-0.169197
0.831375
-1.84918
0.451994
2.04885
-0.297028
-0.431489
0.528844
0.682041
0.067604
-0.522875
0.190272
1.30942
-1.74781
-1.63924
-0.58368
-0.183843
-0.750487
0.310877
-2.1869
0.746905
-0.250926
0.773981
-1.14147
-0.64624
0.829998
-0.486368
-0.0511327
-0.536906
0.37035
-0.222493
-1.40356
1.31958
0.277566
-0.334099
-1.51323
0.925045
1.0013
0.404674
0.657376
-1.05275
0.674571
0.842177
0.338229
-0.92999
-0.684723
0.929373
0.514922
0.16825
-0.837405
-0.876885
-0.660191
1.15779
1.57483
-1.36215
0.733502
-0.576684
-0.559181
-1.21568
0.289131
-0.255712
-0.642877
-1.06613
0.848386
0.29962
-0.827677
0.266997
0.0287211
-1.71005
-1.89922
0.524013
1.87964
0.768193
-0.0390938
-0.297228
0.247376
-1.4187
0.850879
2.51244
-0.757916
0.590081
-0.12413
-0.459654
0.384399
-1.12456
-0.394349
0.421079
0.62195
0.74062
-0.81018
-0.339599
-0.00247258
-0.107618
-0.986802
0.994894
-0.527438
-0.35334
0.799566
-0.483367
-1.07837
-0.174528
1.12273
0.628685
0.72254
-0.779502
0.21213
-0.4214
0.0748836
0.48131
0.709104
0.483996
-2.23926
-0.480441
0.413181
-0.292299
-0.537013
1.32131
-0.983384
-1.09985
0.407368
2.61666
-0.633379
-0.519105
2.98605
-1.44757
-0.896509
-2.02757
-1.19996
0.416485
1.22658
0.540131
0.986029
-1.21988
0.722912
0.742919
0.141153
0.966213
-1.12598
-0.209737
1.08251
0.784702
0.484777
1.72358
-0.970497
0.838628
0.03102
1.53592
-1.1599
0.917638
-0.356865
-1.01269
0.0562998
1.0937
-0.728493
-1.24696
0.482408
0.355981
0.464907
-0.964879
0.599323
-0.177569
2.10405
0.152534
0.661267
1.06572
1.4346
-1.13575
-0.219377
-0.107763
-0.263456
1.50246
0.25734
0.563111
0.331289
-0.837552
0.260594
0.358688
0.00307938
-0.352082
-0.378563
0.859807
-1.01673
1.15595
-0.402605
-0.711137
0.234071
-0.580263
-1.10308
-1.77106
-0.642996
-0.671975
-0.685426
-0.553785
1.27484
-0.897344
-0.220324
1.35491
-0.179347
2.09424
-0.469008
-0.330333
2.08548
0.796858
0.420891
0.790265
0.717461
-1.12827
-0.0613365
-0.731266
-0.750913
-0.621392
-0.972549
-0.205585
1.00148
1.43234
0.936948
-0.476086
-0.484726
-0.046811
-2.56567
-1.07152
-1.02491
-0.815723
1.01671
0.195904
0.152357
0.0429429
0.771873
-0.269421
-2.09636
1.06022
1.26488
1.23909
0.507426
0.44911
-1.49286
-2.00815
1.34273
0.582854
0.0799503
0.504541
0.403646
-1.10087
0.968316
-1.51786
1.38004
-0.360981
1.14252
-0.552545
0.054613
-0.402299
-0.180653
-0.600458
-0.462884
-2.46687
-0.0697699
-0.770971
-0.740587
-0.261764
0.979419
1.09901
-0.185096
1.01356
0.30828
0.575064
1.58809
0.200528
-0.697063
0.045442
0.113358
-0.577769
-2.30752
-1.14973
-1.46017
0.878713
0.661446
-0.762234
0.795669
-0.960352
0.985071
1.46387
-0.207748
-0.533513
1.1015
-0.386326
-1.1269
-0.123317
0.0821703
-0.206088
0.99872
-0.820838
-0.586771
0.433983
0.747071
0.247757
-0.742354
-0.661421
0.449343
0.0442928
-0.167426
-0.748697
1.18645
-1.2925
-1.41409
-1.07861
-1.60161
-0.69754
-0.623567
0.866066
-0.834365
-0.31501
0.458781
0.958594
-0.882359
0.802399
0.216294
-1.19097
-0.0228642
0.332254
1.74297
2.12826
1.08186
-0.0331883
-0.964272
-0.297193
-0.517281
0.457402
-0.809195
0.902408
0.525499
0.497255
1.06092
-0.254799
-0.47941
0.242382
1.77555
0.714309
-0.941469
-0.0252784
-0.088845
-1.94965
-0.448142
-0.0230173
-0.631083
-0.433122
0.668471
0.452192
0.509782
1.50826
0.498626
1.25369
0.751192
0.952946
-0.303912
1.47267
-0.0412891
-0.86269
0.525131
0.953315
0.302254
0.633578
0.955757
-0.00179503
-0.0813535
0.90251
-0.496438
-0.225601
-1.69858
0.109606
-0.519402
-1.02171
-0.14752
-0.166098
-0.430895
0.305489
-1.60473
0.109263
-0.186668
-2.00123
1.12984
-0.454705
-0.885129
-0.219296
-1.50318
-0.664706
-1.23732
0.196972
-0.401355
0.357304
-2.22931
0.727833
-0.309521
0.524215
-0.0314614
2.26303
1.09187
-0.548487
-0.945011
0.596397
-0.618339
-1.00619
-1.00401
-0.0179497
1.35938
0.193887
-1.08568
0.104129
0.843477
-0.606942
0.55163
-0.107565
-0.543731
0.103014
0.501288
-0.351472
1.13311
-1.61155
-2.48201
-0.686791
-1.02721
0.171467
-0.459274
1.25663
-0.229602
-0.292933
-0.415125
0.0302141
1.08131
0.157893
-0.394025
1.16528
1.62614
-0.623116
0.392608
-1.12232
0.690996
0.476441
-0.54333
1.09376
0.514694
-0.102114
0.801634
1.16007
-0.313084
-0.329316
-0.428109
1.06039
0.268483
-0.338048
0.665482
-0.825518
-2.26426
0.387675
1.28659
-0.673723
1.0199
-0.482949
0.789617
0.378192
0.354192
-1.22837
-0.854874
-0.676033
-0.767875
1.36983
0.76895
-1.29862
0.467335
-2.98547
-1.16664
0.0852587
0.20701
0.042079
-0.103367
1.69273
1.82586
-1.77863
-0.704201
0.00995441
-0.0897411
-0.505484
0.093289
-0.164746
1.17891
0.235149
0.29691
-2.3184
-0.231408
-0.75173
1.89804
0.808001
-0.8173
-0.721876
0.860745
1.08493
-0.375585
0.0848635
0.340837
0.653012
0.334537
-0.540875
1.69412
0.303327
-0.868965
-1.03701
0.44692
-0.101035
-1.28155
-0.696696
0.0834231
-0.718432
1.37351
-0.0907674
-0.129571
0.331892
-1.55466
0.868444
1.40669
0.153761
-0.249703
1.84633
0.460265
0.619196
0.000921423
0.324183
0.714372
-0.0141859
-1.39417
-0.161768
1.04709
1.25659
-0.26128
-1.05919
2.14996
0.934106
0.260042
0.106029
0.587397
-0.738951
0.15982
0.499289
-1.09136
-0.0836218
-1.05611
-1.33541
-0.0336211
0.574077
0.152513
0.0459905
-0.940725
-0.703448
-2.06708
1.26442
-0.245387
0.113384
-0.485571
0.0792025
-0.161658
0.889087
-0.911632
-1.1551
-1.44039
0.850004
-1.22745
-0.243399
-0.732305
-2.01381
0.0631859
0.402466
-0.857171
0.0867179
-0.413628
1.76375
-1.10754
1.52741
0.816522
1.91936
-0.812159
-0.0524018
-1.17405
0.331467
0.557735
1.02002
-1.35758
1.53422
-0.592456
0.759423
0.678741
0.129039
2.87
-2.70866
-0.35634
0.142572
-0.750514
-0.405406
0.395753
0.607588
-0.400223
-0.382592
1.32509
0.805247
-0.75366
-1.27546
-0.0845908
-0.847895
0.564389
1.4591
-1.38344
-1.08297
1.1319
-0.63422
0.714021
-0.255396
0.734432
0.665585
1.72217
0.948635
-0.901179
-0.91048
-0.50617
0.835256
0.566757
-0.329499
0.341673
-2.14687
0.275128
-0.798367
-0.201053
-1.14513
0.279915
1.37867
-1.91604
2.3536
0.233041
0.307055
-0.850237
1.47634
0.604745
0.435678
0.427854
0.679969
-0.509328
0.647847
-1.02168
1.69533
0.376169
0.100835
0.349027
0.137909
1.4677
-0.308308
-0.532474
-1.29273
0.718531
1.13579
0.994747
-1.55738
1.27402
-0.246205
-0.777035
-0.577432
-1.10825
-1.76712
-1.41834
-0.521753
-1.66188
1.44446
-0.254789
-0.608227
-1.56988
-1.12412
1.26048
-0.903738
0.905961
-0.292534
-0.154577
1.07597
-0.0462432
-0.907734
-0.353001
1.63564
-0.678769
0.614393
-0.952377
-0.247174
1.05356
-0.826539
0.404247
-0.523714
2.02762
-0.355233
0.377154
-1.13901
0.81781
-0.425882
0.398418
-0.278989
-0.475553
0.0331282
0.559223
-0.553053
0.314594
-0.960934
-0.450048
1.59303
-1.13019
0.00788291
-1.76546
-0.616426
-1.28609
0.329096
0.166578
0.935028
-0.926827
0.0122945
-1.43765
-0.455387
1.22832
-1.06773
0.00902723
-0.651127
-1.60798
-0.954409
1.20553
-1.6305
0.0465027
-0.974925
-0.910673
-0.568166
0.461586
-0.761133
-0.368102
-1.70245
0.885301
0.737329
2.13698
-0.817546
0.758479
0.1887
-0.354442
1.3739
0.0417836
0.44418
0.0872908
-1.41814
-0.834209
-0.590627
-0.942382
0.835875
0.0363541
0.690601
-1.08243
-0.714737
-1.40858
0.0871746
-0.308296
0.233351
-0.219708
1.78834
0.29803
0.872364
1.05681
-0.47656
-0.15359
0.186889
-0.798357
-0.135423
0.398299
1.31423
0.63671
0.0339219
0.114526
0.981088
-0.600945
1.58196
-1.36939
0.239308
0.846782
0.507421
-1.19874
-1.06958
0.335058
-1.38445
0.702738
-1.53536
0.62069
-1.99282
-0.908735
0.57414
0.54145
0.581283
0.145666
-0.112792
1.43927
-0.855606
-0.68924
0.595391
0.26936
0.152643
0.328296
1.50292
0.63387
1.04416
-0.785578
0.042564
-1.40011
2.80765
-0.87476
-1.22416
-1.91861
-0.129914
-0.877587
-0.510189
-1.07383
0.733785
0.0265119
0.00424588
1.73608
0.893108
2.28134
0.136395
0.123766
-0.353308
0.67795
-0.328213
0.948896
0.977728
-0.0751001
-0.355996
0.835091
1.53323
-0.978554
-2.07328
-1.79923
-0.492595
-2.43564
0.165162
-0.427921
-1.10064
-0.039454
-0.0471642
-0.261358
2.22849
1.89999
-0.439479
-0.27966
-1.38633
-0.396225
0.235746
1.14483
-0.350317
-0.171836
0.207201
-0.476116
-0.752211
-0.0511709
1.71357
0.332672
-0.44716
0.226674
1.17845
-0.221682
2.26317
-0.156395
1.7983
-0.0692437
-0.275641
-1.01498
-0.31146
0.46593
-2.12282
-0.919533
-0.0992601
0.504174
-0.00716115
-0.308861
0.142662
-1.76388
-1.46526
1.38955
-0.493981
-0.204105
0.430801
0.706755
-0.136105
-0.375304
-0.0817948
0.911291
1.23711
-0.0450116
0.851113
-0.917058
0.0744873
-0.989928
-1.10421
-2.52051
0.373076
1.07258
-0.564105
0.82315
-1.3326
-0.334177
-0.116806
-0.15884
0.377039
-1.34274
0.693243
-0.0983988
0.303923
-1.79661
-1.01438
0.740776
-0.0638995
0.411035
0.00973424
-1.41935
-0.904343
-2.14967
-1.03106
-1.2447
-0.928956
0.156173
-0.25683
0.0902702
-0.273162
-1.59503
2.68222
-0.280908
-0.0243615
1.40203
-0.527001
0.0456287
-2.20234
-0.610197
-1.3102
-0.526803
1.97784
0.35108
-1.05544
0.927822
0.464202
0.631598
0.806883
0.787278
-1.56525
0.800686
1.46488
0.362044
1.14675
-0.278952
-0.0183028
1.83693
-0.3425
0.716059
-1.16559
0.406291
-0.950265
-0.329417
-0.00707739
-0.257496
-1.03124
1.68065
-0.97823
0.930559
0.057704
1.82142
-0.0434709
0.442836
-1.59116
-0.962557
0.676138
-0.876418
-1.26629
-0.938203
1.31443
1.57571
0.785487
0.810609
0.731867
0.684738
-0.768363
0.520773
0.654631
-0.287896
-0.451744
1.98687
0.273655
0.224555
-2.93195
0.0798986
0.49336
-1.70337
-0.143354
-1.38764
-0.881907
1.02355
1.4877
-1.28583
0.34917
-1.63601
0.776673
-0.512558
-0.410607
-0.558638
0.968424
-0.673765
-0.84675
-1.00544
0.0176594
0.874497
1.27926
-0.0362439
-1.85088
-0.414958
1.02525
0.0413614
0.938851
-0.864301
-2.19558
-0.332769
0.336642
1.36307
0.873175
-0.96777
-1.54509
-0.576737
0.00230514
-1.44441
-0.774375
-0.581413
1.02038
-0.289096
-0.0356169
0.761229
-0.540788
0.298889
0.711157
-0.0784737
0.426488
1.05641
0.0870055
0.182724
-0.190236
-0.045895
-0.741772
-0.217521
-0.402734
-0.706864
0.24306
-0.0163365
-1.67834
-1.20034
0.511946
-0.575766
-0.833095
0.787622
0.321791
1.3203
0.00726997
0.328671
1.32433
-0.194939
1.24894
0.35781
0.087958
-0.077586
-0.619879
0.181048
0.310979
0.092288
-0.585609
1.21046
-0.832648
0.550356
-0.354354
-1.05679
-0.232568
0.0693175
-0.813281
-0.846725
-0.960899
-0.0519509
-0.62505
2.00217
-0.872661
-1.85107
1.45438
-0.963932
0.348171
-0.127125
-0.952758
1.34182
-0.554579
-0.884886
0.412669
0.529987
-1.35207
1.54873
1.39624
0.690804
-0.582705
-0.28755
-0.0492097
-0.165903
-0.564666
1.88591
-1.23733
0.213992
-0.0860788
-0.888977
-2.01974
-0.0196563
0.205563
1.01767
-0.81474
2.61622
-0.504899
-1.18208
-0.466932
-0.805851
-0.330879
0.888333
-0.176849
0.800256
2.61484
0.786281
0.948803
-0.682743
1.19507
0.763159
-0.0986555
-0.912392
-0.28977
0.887051
0.359697
-0.0734814
0.522221
-2.11399
0.194911
0.747952
-0.167267
-0.608532
0.28561
0.677831
-1.59138
-0.227368
0.442094
-0.849665
0.365544
0.991409
0.459021
0.349443
-0.140549
1.36191
-0.7734
1.1582
0.559915
-0.29379
0.286616
-0.181674
0.21336
-0.083865
-0.275986
0.868625
-2.11113
1.02848
1.62287
0.825022
-0.405681
-1.59782
0.752041
0.122144
1.17047
-1.65403
-0.0120595
0.195567
-0.954684
-0.596671
-2.24726
1.66804
0.968671
1.33638
-0.719007
-1.79729
0.522322
0.662647
-0.091458
-0.559242
-0.887261
-0.421925
0.305492
-0.0394329
-0.242332
-0.421366
-0.899207
0.423499
0.163601
1.60204
0.157652
-1.28147
0.436762
1.08566
-0.172765
-0.114882
1.54221
0.377391
-1.02014
-1.31751
-0.206664
1.90963
1.70756
1.48196
1.36119
1.28054
0.687514
0.720061
-1.0575
0.00885268
0.192618
0.552616
-0.996027
1.45377
-0.290932
1.41593
0.66316
0.318399
-0.623567
-0.849201
1.20765
1.61951
-0.482976
-0.558432
-0.897135
-1.40081
-0.305585
0.915582
-1.1546
0.0564252
1.65442
-1.17339
0.59584
-0.075237
-0.088686
-0.797411
0.514402
-0.474911
1.49681
-0.262481
0.809325
-1.06987
-0.359784
0.729483
0.718691
1.7386
1.15858
0.811055
0.114619
-0.735994
0.379908
0.736746
2.05858
0.417516
-1.39732
-0.266957
-0.283709
0.379186
-0.0708818
1.33989
-0.394001
0.748885
-1.03868
-0.311988
0.576397
-0.232284
-0.362513
-0.896718
1.07436
0.713295
-0.421189
0.552959
0.0301577
-0.146995
-0.00362988
2.03379
-0.488503
0.275245
-0.737182
-0.157095
-0.91734
-0.900236
-0.73281
0.46951
0.494597
-0.566726
1.62628
0.157374
-0.176957
-0.515
-0.170799
-0.869092
-0.035145
1.00457
0.36419
0.964735
-1.04416
0.718522
0.173639
-0.878589
-0.10965
0.323341
0.192706
-0.983045
-0.217201
-1.33978
-0.307832
2.15971
-0.761695
-0.0792268
0.0710076
-0.765229
-0.912973
-0.842534
0.430289
-0.480097
0.653943
-1.48933
2.35346
0.872717
-0.742578
0.691565
0.396178
0.412883
0.0741754
-0.715858
1.32661
1.38766
-0.431384
-0.870843
0.171646
0.804752
0.256789
1.31813
-0.296864
-1.30558
0.728535
-0.617572
0.378888
-0.546954
0.939231
-0.853704
0.00350861
1.49245
0.568745
1.63133
1.15223
0.66457
-0.0842789
-1.15462
0.413752
0.692274
0.000317979
-1.29317
-0.885969
-0.898233
-0.377516
0.688023
1.39308
0.198942
-0.0812151
0.582467
-0.727139
-0.0562968
-1.14003
0.651809
-0.195621
0.372209
-0.287004
0.190326
0.614376
-1.96759
0.809658
-0.303067
-1.23619
-1.60241
1.44813
-1.35514
-1.67329
0.294285
1.15203
0.224789
-1.29714
0.268693
-0.696664
0.100021
0.852352
2.51192
-0.573179
-0.491126
-0.949494
0.132273
1.2581
-0.727741
0.568119
0.216615
0.714168
-0.940644
-0.586135
-0.882679
-1.94713
1.14075
-0.188652
0.496284
0.685833
-0.0593919
-0.348625
1.48285
-0.501355
-1.60136
-0.477089
-0.332981
-0.282817
0.485565
-0.303757
-0.069576
-0.674983
0.220065
-1.93442
0.332785
1.34034
1.4643
0.707685
-3.41111
3.40735
0.929807
-0.266734
-0.410859
-0.173062
0.873757
0.161699
-0.51334
-1.03458
1.46905
1.02516
-0.946671
0.627246
0.221912
-0.652343
-0.463321
-1.61237
1.05028
0.425035
0.668139
-0.325621
0.311138
0.897704
0.839778
-1.20445
-2.09587
-0.0655117
-0.253545
1.39122
0.860395
0.981109
1.7068
-0.701637
1.15812
0.682648
0.388798
1.67064
0.810691
2.18648
-0.783224
0.00715192
0.765033
1.30552
0.362223
-1.29377
0.043821
0.984352
-0.324629
0.297996
-0.951103
-0.0153978
1.26526
0.403359
-0.0602415
1.76838
1.75815
-0.613764
0.448979
0.543713
0.398421
1.04722
-0.993016
-2.14951
-0.108634
0.240059
-0.390645
-0.509396
1.48498
0.878599
0.288692
-1.15343
-0.844579
1.13161
-0.330565
0.278654
-2.88027
0.562998
0.77887
0.753277
2.58704
0.699704
0.086287
0.444443
1.11162
-0.672876
0.752171
1.06344
-0.35647
0.296622
-0.290171
0.743014
-0.417245
-0.442116
-0.450224
-0.108681
1.54335
0.235345
0.481799
-0.309501
-1.14404
-0.0368839
1.99417
-0.16085
-0.0868478
-1.90081
-0.506258
0.0995341
-1.09253
-0.916832
0.425773
0.600271
0.868535
0.242321
-0.0265209
-0.219636
-0.347304
0.353712
-1.99781
-1.88494
-0.666865
-0.61881
-0.146185
-0.161047
-0.688917
0.37746
0.058947
-0.303661
-0.31411
-0.459447
1.19127
-1.32522
0.675276
0.257273
-2.38809
-1.09454
1.02597
-2.14914
1.07826
0.186953
2.79156
-0.641187
-0.542568
-0.043255
0.453615
-0.38
1.79624
-1.5875
1.60348
-1.47457
1.11908
0.395681
1.22388
-0.674929
-0.915701
0.469873
1.54572
1.6609
-0.151536
-1.68594
0.864863
0.522704
-0.53376
-0.480883
0.61534
0.753298
-1.10155
1.06814
-1.16491
-0.635545
-0.558101
-0.138354
0.202835
0.138617
-0.913273
-1.4021
-0.180383
-1.11343
1.34027
0.456529
1.23347
0.573029
-0.45151
-1.9057
0.293353
-0.568922
2.0532
-0.578418
0.513652
-1.8249
0.910137
0.639917
-0.798831
-1.65348
0.0247284
-0.134313
-0.594624
-0.0762096
0.495219
-0.0684737
-0.337187
1.03499
-0.669347
-1.10681
1.53728
-0.183589
-1.76727
0.0819207
-0.0902873
-1.13378
-1.0483
0.11362
0.00734505
0.316585
-0.630935
1.23386
-0.96738
1.31453
-2.34155
-1.66867
1.45184
-0.0819196
1.36618
0.751879
0.200041
0.788039
-0.799879
0.128511
-0.713994
-0.515955
0.455416
0.493279
3.40703
-0.793162
0.866088
0.156797
-0.548012
0.174652
-0.408115
0.487289
1.37661
0.290652
-0.288945
1.9006
0.455338
0.294241
-0.621689
0.13516
-0.423504
0.0393181
-0.23678
1.61257
0.665936
0.640949
-0.722636
-0.260185
0.490031
-0.960436
-0.12758
-1.7245
-0.344985
-1.31089
-0.674987
0.233889
1.8128
0.27397
-0.749817
0.669677
0.692982
1.08499
-0.430628
-1.32629
-1.42789
-0.987849
-1.55782
-1.17111
-2.98712
-0.0131125
-0.315702
2.06759
-0.203562
1.53722
0.767221
0.0617046
1.95712
0.193917
1.50029
-0.902814
-0.605967
1.26381
0.644886
1.40104
0.963416
-1.42746
-1.39562
0.603491
-0.16795
-1.54482
-0.782401
0.378278
-1.42232
0.100834
0.905266
0.849341
-0.138058
1.26601
0.13576
-0.773671
0.290218
-0.467494
-0.391142
0.65209
0.362757
-0.396518
-1.12792
0.617768
0.476253
-0.115676
-0.0128621
0.340848
0.974182
0.169531
0.392692
-0.374287
-0.745552
-0.563665
1.17391
1.22528
-0.876744
1.26847
0.931098
0.326097
-0.306981
-0.165756
0.542821
-1.05542
-1.02461
0.28568
0.343172
0.0826449
0.291784
2.25799
-0.0958852
-2.3862
1.05797
-1.60068
-0.848487
-0.616417
-1.75084
-1.34625
0.239805
-0.505788
-0.09899
-0.288157
-0.284374
0.688042
0.983366
0.226064
-1.08784
-0.251017
-1.78875
-0.395607
0.217623
-0.551585
-0.140939
0.470862
-0.951
-0.415942
-1.33142
-0.551968
1.36621
-1.08675
1.90842
-1.05059
0.371574
0.348236
1.41045
-0.278989
1.2612
1.73807
0.801688
-0.640209
-1.09136
0.0224727
-1.39254
0.654687
0.129591
0.113275
-0.41038
0.366056
2.04772
1.26627
-0.0532466
0.932946
-0.0495437
-1.42513
-0.805597
0.642731
-0.158593
-0.638744
-1.28274
0.0376651
-0.236104
-0.685396
0.543854
0.76647
1.57449
1.32426
1.35837
0.35079
-0.794042
1.15852
-0.239257
-1.11685
-0.921014
-0.814205
0.417945
1.03657
-0.503467
1.23144
-0.670567
0.367086
0.127744
0.273427
-0.14167
-0.457637
1.43201
-0.171523
2.0189
-0.664734
-1.83693
1.85894
-1.0009
0.999003
-0.19717
1.00407
-0.409872
0.874811
1.43337
-1.51644
1.24389
-1.38663
1.71399
-0.105188
-0.491658
-0.474441
0.139614
-0.656221
-0.312287
0.492804
-1.42333
-1.1154
0.241433
-0.4731
0.300234
-1.8952
-1.45648
0.507977
0.108768
-1.26889
-0.0389573
-0.0227957
1.35673
0.474062
-0.442407
2.57146
1.47659
-1.47053
-0.751809
0.275535
-0.905666
0.675278
-2.75077
0.990299
-0.721653
-1.76803
1.96126
-0.182947
-0.808166
-0.213479
0.817162
0.578248
-0.258533
-0.379251
-2.20737
-0.415463
-1.44716
0.650037
-0.978344
1.63374
0.815134
-0.675975
-0.431553
-0.105371
1.8287
0.219589
0.940234
-0.86574
1.39189
-2.28486
0.867411
-0.876966
-0.47273
-0.0408804
0.977821
-1.94614
0.794773
-0.00155183
1.16735
0.115663
0.101354
1.2456
-0.402707
0.35181
0.306808
0.452925
0.76042
1.04449
0.292344
-0.053783
0.705357
0.757898
-1.30457
-0.802893
-1.31774
0.641342
1.52043
0.673754
-1.23611
1.69717
1.08481
-1.41806
0.910781
0.141679
0.0608912
1.28719
0.605593
-0.145295
-0.985686
1.81921
0.777544
-1.51128
0.497446
-0.727667
-0.350313
1.90755
0.483575
0.297738
-0.80522
0.207182
-0.924895
0.303062
-0.38063
-0.439442
0.477418
-1.78846
-0.387532
0.653389
2.39412
0.129172
0.313285
-1.09168
1.03681
-0.029104
0.676588
-0.164362
-1.10893
0.118682
0.713116
0.653139
1.64308
0.251056
0.0168397
0.316918
0.777066
0.114336
-1.32964
0.97626
1.30034
-1.45389
0.698925
0.624196
0.201209
0.522814
-0.0487382
0.985488
0.227628
0.96227
-0.386165
1.24778
0.787134
-0.375277
-1.35947
0.189674
0.0159227
-0.103779
0.303472
-0.865725
-0.126263
0.724684
-0.764958
0.359351
-0.922098
-0.791426
0.688497
0.497634
0.112531
-1.13472
-0.716885
0.420689
-0.176671
0.40736
0.0218928
-0.400062
0.0282257
-0.0505866
0.792255
0.441178
0.820607
-0.265101
0.729122
3.12762
-0.146043
-3.17207
1.32573
2.11917
-1.59874
1.0339
-0.0728391
2.12102
-2.1152
0.0675026
0.0477041
-0.178802
0.71808
-1.11572
-2.0613
-0.784306
-0.378019
-1.46398
-0.559218
0.44862
-1.34887
0.509188
0.884574
0.596843
0.604224
-1.32504
-0.120788
-0.882417
-0.366597
1.26892
-0.562596
-0.646379
-0.213262
-0.806032
-1.11747
-1.40509
-0.764998
-0.0369947
-0.106108
1.0895
-0.39271
0.649043
0.920941
0.789683
0.148393
-0.0977212
-0.55229
-0.889205
-0.759938
-0.414617
0.153429
0.990919
1.31631
-0.839288
0.231297
-0.305262
-0.542983
0.123203
-0.542444
0.0433453
-0.740255
0.595794
-0.782565
0.13397
-0.342227
-1.73783
-0.403669
-2.2336
0.378925
0.347188
-0.651783
-1.03808
-0.237786
0.764803
-0.0188303
-0.518906
0.00715091
-1.07072
0.615231
0.723147
-0.393245
-1.12783
0.274781
-1.08202
0.418332
-0.432044
0.750916
-0.260722
-0.0340301
-0.221621
-1.97208
0.506145
0.586006
0.314244
-0.176607
-0.104714
0.877766
1.55121
-1.68905
0.560849
1.82297
-0.803493
0.435222
0.337664
0.77807
-1.16596
1.8467
-0.837886
0.111758
0.761159
0.557346
0.772551
-1.35817
1.12014
-1.13433
1.77082
-0.223978
1.01583
0.829979
0.951544
0.424412
0.690499
-1.81142
-0.813134
0.584248
0.907888
-0.550825
-1.21682
-0.610373
0.151748
0.712573
-0.13951
-0.395055
-0.26323
-0.625139
-0.031474
1.6158
-0.372624
1.42633
-1.12638
1.22767
0.670219
1.38073
1.55705
-0.53434
-0.675247
0.212733
0.96663
-1.34495
-0.273928
0.125027
1.08481
0.585625
-0.186847
0.198662
-0.758899
0.654362
-0.0445166
0.611652
1.06903
1.62948
1.30706
-1.43588
-0.465096
0.220269
-1.62369
-0.818411
1.25472
-0.079735
-0.925505
1.31365
1.09887
-0.244457
-2.21783
-1.27878
0.393239
0.891953
-0.690483
-0.213984
0.19241
0.246707
0.600659
-1.59557
1.05986
-1.21519
0.0463127
1.753
-0.807206
0.622144
-0.806835
1.39567
0.31294
0.128728
1.32193
1.0504
-1.56649
-0.987072
0.503924
0.00971197
1.9094
0.617222
-0.95177
-0.934715
0.693663
-0.855098
1.96193
-1.35807
0.713908
0.822593
-1.1955
1.30994
1.83022
-1.10788
-0.194487
-0.246309
-1.54117
0.924649
0.492311
0.93926
1.35368
-1.55366
0.879808
0.934044
-2.67337
0.673987
-0.318198
0.62921
-0.598954
0.296506
0.247924
1.02915
-1.0787
0.490586
1.58579
0.98571
-0.990243
-1.15951
0.123544
0.435225
-0.0974114
-0.328622
1.11768
-0.387491
-0.179493
0.265074
0.793337
0.51446
0.0804089
-1.21315
-0.28537
-1.11019
-0.342423
-0.371804
0.059932
-1.02614
-0.199646
0.334407
-0.93788
0.238548
-0.0437441
-0.467092
0.0860816
1.37647
0.317247
-1.56359
0.401773
1.72996
-0.713411
0.984129
-1.54284
0.14769
0.183353
-0.666471
0.671753
-0.546206
-0.060001
-0.637294
-0.842549
0.61552
-0.887787
0.535405
2.00803
-1.03485
-0.365882
1.32311
0.337999
-0.348679
0.448818
0.432341
0.219853
0.10683
-0.620777
-0.40715
0.91374
-0.0379592
0.698413
1.22461
0.171553
-0.409928
-1.42887
-0.101802
1.3331
0.487994
2.01068
0.243338
0.263635
-0.108929
-1.11115
-1.49112
0.0344017
0.603586
1.7051
-0.790624
0.432481
-0.148073
-1.65728
1.78074
1.58877
0.327917
0.989362
-0.718474
-0.637604
-0.122442
-0.801582
-0.755681
-2.07175
-0.289922
1.06821
1.01282
1.08154
-1.41977
-1.49749
0.945614
0.330145
-1.09972
-0.595468
-0.773516
0.215082
0.401657
-0.701188
0.729176
-0.703714
0.81077
1.28172
-1.37474
-1.42483
1.0977
0.809062
2.19937
-0.808936
-0.100007
0.158638
0.0615378
0.0239882
-0.878654
-1.08638
-0.198941
0.167448
0.712562
0.310375
0.596161
-0.210257
0.384811
-1.34684
0.753127
0.24329
-0.74158
-1.16334
0.532397
0.591301
-0.67998
-1.02846
-1.27054
-0.862267
0.852971
0.370989
-0.0634391
0.253036
0.4994
-1.30616
-0.821035
-1.37212
-1.75369
0.417674
0.512358
-0.652578
-1.12982
-1.01619
-1.23555
-0.490935
0.642723
-1.77429
0.0604315
-0.855808
-1.06197
2.21706
0.932431
-1.05782
-0.80119
1.79601
-0.40677
0.484764
0.00134977
-1.2756
-0.320313
-1.14642
1.0785
1.32011
-0.102087
-0.0786356
-0.666421
1.59389
1.24774
-0.623287
-1.16623
0.377907
1.99986
0.885645
-1.21504
-1.20839
0.428525
-0.684981
0.958931
1.7831
0.211221
-1.16633
0.216789
0.815301
-1.46364
1.09406
-0.117665
-1.19938
0.747421
0.173983
0.595278
0.887062
1.5346
-1.15923
0.23532
-0.97893
-0.734575
1.43479
0.710262
-1.54583
0.367591
-0.0176547
0.0800663
0.653227
-0.252365
0.955017
-1.28277
-2.23874
1.39662
-0.312526
1.30551
0.32413
1.67887
0.352696
-0.0326866
0.821303
1.35314
0.440517
-0.380871
2.03643
0.68657
0.422945
2.18145
-0.0372585
-0.700673
0.157401
-0.605045
-1.07797
1.06723
-1.57211
-2.02929
-0.261055
-0.271113
-1.11564
-0.500163
-0.0764655
1.06043
1.88306
0.0216381
-1.94451
0.0952131
1.40042
0.794655
0.27698
-0.987541
0.654647
-1.27463
-0.956012
-0.752283
1.14469
-0.171424
0.900598
-0.718543
0.376128
-0.698041
1.22815
2.12493
1.21623
1.32603
-0.172824
-1.55101
0.893449
-1.30921
0.742716
-0.124619
0.57354
1.26019
-0.271888
0.229207
-0.447776
0.054135
-0.328804
-1.04675
0.424501
-1.02245
0.346696
1.12547
-0.324577
0.807454
0.429188
1.8532
-0.41188
-0.298237
-0.840555
-0.446105
-1.91584
-0.529158
0.962382
0.0432272
-0.127849
-1.14711
0.539463
-2.23663
-2.39352
-0.173765
0.453774
-0.414876
0.292677
-0.060317
-0.734639
-0.650987
1.29032
0.804936
0.311827
0.861357
-1.06116
-0.885294
-0.930501
0.730621
0.346811
-1.61383
-0.176628
-0.814337
-2.29992
0.33675
1.8661
1.84688
-0.929064
-0.54845
-1.22683
0.487318
0.849066
-2.16141
0.0840879
2.09465
-0.736031
-1.14253
-1.17612
-0.619747
0.319077
-1.12394
0.222232
-1.23016
0.578474
1.5808
0.820879
-0.376835
-1.25629
-1.02336
-2.17528
-0.85979
1.27058
0.973061
-0.978226
-0.29704
2.31242
1.78061
0.00777024
0.687898
0.614344
-1.24458
0.55577
1.32763
0.0897542
0.431948
0.998854
-0.0692051
-0.506012
0.309718
1.42503
-0.859318
-1.14882
-0.911312
-0.497833
0.581021
-0.875888
-1.26761
-0.437886
0.844904
-0.427299
-0.0328345
0.804437
-1.01745
1.18874
-1.00232
0.0040082
-0.0314483
1.07394
-0.187068
-1.89318
-0.599788
-1.50512
0.88689
-0.244671
-1.18582
1.38832
0.251663
-1.46783
-0.327791
0.513167
-1.21873
-0.5469
1.45399
1.78429
-0.693334
-0.432607
-0.121829
-0.282335
-0.430386
1.78397
-0.517081
0.746876
-2.49697
-0.350378
-0.639192
0.00382376
-0.514663
0.0883646
0.122468
-0.141775
0.441921
0.94007
-2.28716
-1.04242
-0.998618
-0.0267736
0.458678
0.121024
0.200977
0.834412
-0.173303
1.43296
1.25434
0.683198
0.524813
0.495124
-1.27696
-0.0244066
0.3821
-0.970062
-0.480237
1.86244
-2.12051
-0.921935
-0.835758
-0.150195
-0.165702
-1.23998
1.54958
0.287669
1.88469
-0.470464
0.160429
0.344677
-0.7739
-0.834286
-0.861486
2.40291
0.309134
0.352128
0.66263
1.65041
-0.834105
-0.741347
0.310051
-0.462454
-0.311901
1.39193
0.926157
0.840995
-0.917358
-0.562709
0.703565
-0.240796
-0.0497929
1.40027
0.242522
-1.53665
1.52518
0.948631
-1.09831
-0.224522
0.238234
-1.55882
1.57067
0.0327238
0.528041
0.935409
0.0157346
0.119701
-0.110785
0.34625
-0.616141
-0.497558
-0.178289
-1.14779
-1.16068
-0.851394
-0.462112
-0.213887
0.0787278
-0.546299
0.0564263
0.580166
-1.55228
-0.364751
0.05198
-0.957162
-0.599631
-0.929949
-0.410159
2.17591
-0.900777
-0.580571
-0.389604
-1.80429
-0.758305
1.19071
0.551119
-0.682873
-0.469043
-0.889444
1.63425
-0.310187
-0.055148
-0.802365
-0.00210884
-0.727821
1.73733
-0.434576
-0.734112
-0.920844
-1.82415
0.106688
2.61169
0.0171561
0.602251
-2.21382
0.420056
1.07439
0.575275
0.977387
0.1477
0.7208
-0.854815
-0.324149
-0.141148
0.37297
-1.11807
0.00251853
-0.874005
0.145846
-0.63295
0.555004
-0.323722
1.20487
-1.0468
-1.30726
-0.642024
0.175211
0.790591
0.416312
0.109834
0.489199
-1.46988
-0.801083
0.0335372
0.0884378
0.794892
0.293995
-0.11782
-0.445048
-0.431285
0.893383
0.999266
1.28639
1.1345
0.287066
-1.16852
-0.170692
0.965722
0.991346
2.09404
-0.587445
-1.50605
0.904653
1.3515
-0.36085
-0.0493998
-2.48173
0.990609
-1.9929
-0.273848
1.32783
-0.20169
-1.09574
-0.176697
0.390011
-0.362907
0.512522
0.476335
-1.51218
0.948307
0.208047
0.365448
0.0953374
1.34011
1.33682
0.765374
-0.0463859
-0.773596
-0.288128
1.36067
1.6528
0.186307
0.653027
-0.579278
-1.03132
-1.62116
0.671571
-1.0121
-0.934183
0.426781
-0.328724
-0.708386
1.1183
0.896323
2.35114
-1.39742
1.10944
-0.133897
0.659616
1.20957
-0.751304
-0.993731
-0.612512
-0.357904
0.777255
0.636843
-0.0897388
1.55426
-0.313692
0.0963905
-0.518289
-1.17698
-0.764978
-0.793947
-0.0600652
0.744575
0.833658
-0.480203
0.835634
-0.0659638
-1.51841
0.359278
0.701421
-1.22703
0.640372
0.662486
0.0921378
-0.280778
-0.31452
-1.07923
1.20325
0.529399
3.05167
-0.396619
1.25685
-0.223462
1.43003
-0.222087
0.786103
-2.06911
-0.107624
0.760825
-1.08581
-0.469666
-0.893357
1.19368
0.242006
-0.738697
-1.74121
-0.85517
0.0817057
-0.855701
-0.91968
-0.311406
-0.308819
-1.3851
0.192356
-0.607141
0.790261
-0.0522854
0.333635
-0.173251
1.05502
-0.198375
1.66891
1.43245
-0.263701
0.496441
-1.58252
0.0476535
0.381171
0.42756
0.987876
0.405938
0.356251
-0.418133
0.69086
-1.19977
0.460785
-2.17484
0.613552
1.36901
0.987461
-1.79763
-0.731978
-0.0273349
-0.651324
-0.948867
0.471012
0.673339
-0.535932
-0.4815
-0.578205
-3.04416
-0.690379
-0.972531
0.216433
-0.768406
-0.339062
2.46376
-1.39716
-0.244507
-0.756444
0.367544
-0.219817
-0.965736
-1.0365
-1.35433
0.692254
1.08692
0.636746
2.48467
-1.06869
-0.0416337
0.451731
-0.666167
0.0881349
-0.267456
1.99879
0.212868
1.96282
-0.63154
0.200521
1.6251
-0.340508
0.811668
-1.43516
0.996442
-0.251042
0.114657
-1.04679
0.211222
1.25004
-1.61579
1.16031
0.0882583
-0.00198766
-1.36698
0.92099
2.62811
1.8629
-0.0339456
1.05287
-0.0431241
-0.074551
0.410434
1.39246
0.675273
-0.711036
-0.391816
-1.3194
-0.941842
-0.282841
-0.0018265
-1.2123
0.155272
1.36819
1.05762
-0.0394918
0.682746
0.726585
-2.22845
0.529056
-2.63673
-0.698967
-0.631859
-0.403929
-0.661614
-0.0961976
0.0177612
0.626639
-0.711064
0.268882
1.14605
1.08759
-0.736542
0.908225
-1.64604
0.671509
0.885443
0.105793
0.739528
0.502095
-0.30498
0.303636
-0.160324
0.436844
-0.704383
-0.786827
-0.273333
0.501983
-0.0214744
1.25496
-0.844332
-1.46759
1.04873
-1.65147
1.27285
1.43088
-0.472681
1.51212
-1.07771
2.0466
-0.686581
0.741876
-0.83427
0.524379
-0.0536967
-0.0896209
0.554437
-0.0738236
0.204108
1.05569
0.343202
1.53352
0.839916
-0.0700862
0.171982
0.148898
-0.579178
0.308689
-0.375489
1.46072
-1.71469
-1.87417
1.72573
-1.65477
1.18478
-0.273663
0.239122
-0.0130132
-0.784118
-0.28538
-0.0180421
1.3238
-2.18665
-0.125708
-0.938857
-0.458952
-1.8339
-0.25567
-2.33668
-0.845269
0.673671
0.752055
0.84966
2.09439
-0.0240423
-0.632609
-0.150059
-0.132171
-0.541653
0.725473
1.37236
0.7967
1.59116
-2.06111
-0.390746
-0.337167
1.52394
-1.41209
0.0771179
-0.137893
-0.712125
-0.22726
-1.25862
0.604533
-1.79358
-1.4238
-0.335605
-0.0174932
0.705227
-0.247664
-0.233229
1.41058
-0.31488
-0.551091
-0.840795
-0.38328
0.973532
0.972895
0.983217
0.394826
-1.93605
-1.15779
0.726171
0.913321
1.43772
0.11931
-0.720335
0.300633
-0.30134
0.973688
0.662061
0.529035
0.0638383
-1.39805
1.28503
0.119397
0.680726
0.819665
-1.58819
-0.332753
-1.33556
1.08905
-1.90775
-1.17469
2.32906
-0.770987
-0.473114
0.569852
-1.06532
-1.3162
-1.54013
1.09852
0.518085
-0.758067
-1.13508
-0.0968773
-0.643609
1.08995
1.94744
1.36612
-0.770704
1.80434
2.20415
1.76357
0.33967
-1.42473
-1.4625
-0.23738
-1.20868
0.0823309
0.284932
0.347232
-0.450101
0.643261
1.09816
0.592807
-0.01935
0.0278385
0.598955
-1.74485
0.581979
1.23818
2.84127
-1.34603
-0.129968
0.0345541
1.99985
-1.53023
0.164112
0.481765
0.00797874
-2.525
0.349217
-0.22035
-1.22985
0.281627
-0.14316
-0.226935
0.386118
0.199972
0.337247
0.751572
0.540632
-0.370108
-1.00304
1.08999
-0.933707
1.91722
-0.554073
-1.09894
-0.473833
-0.52659
2.16099
0.373557
0.277179
-0.469234
1.18813
-1.19974
0.271869
-0.152189
0.57883
0.345261
0.33575
0.248463
0.895108
-0.460409
-0.347809
0.772547
-0.269164
1.44827
1.04797
0.29108
0.559904
-2.29966
0.462506
0.61388
0.856003
-0.489307
-0.551488
0.0711975
1.13109
0.23348
-1.40808
-1.68959
-0.25423
-1.11152
-0.565167
1.95706
-1.17809
0.908741
0.791342
0.531362
-1.62422
0.85159
1.4524
-0.0526151
-1.19247
1.07046
1.30853
0.0512638
-0.376291
1.42485
0.842443
1.70287
-0.572529
1.68226
-0.0382899
1.03134
2.00138
-1.55118
1.41142
-1.74376
-0.0500186
-0.734525
0.519143
0.279263
0.898201
0.391109
0.911468
0.231902
-0.456048
-1.96771
0.84545
0.688503
1.22031
-0.391045
0.360754
-0.189725
-0.0117748
1.7095
0.313369
-1.26378
0.999666
-0.670626
1.08577
2.07718
0.512454
0.240786
0.690866
0.959829
0.0316189
1.45886
-0.75382
-1.73808
0.396039
-0.952619
1.36939
-0.523493
-0.737671
-0.183
0.186645
0.0345845
-1.32087
1.62378
1.58727
1.73301
-0.542215
-0.296389
-1.53147
0.283056
0.170789
0.297648
0.0590827
0.534344
-1.23051
1.21927
0.0683211
-0.549511
-0.283984
1.31505
0.612361
1.46163
0.767528
0.288156
0.504351
0.85547
-0.166407
1.92894
-0.613572
0.334929
-0.564253
-0.880887
0.11355
1.1042
2.21131
0.150356
-0.100602
0.712567
-0.30428
1.07076
-1.38859
2.65072
0.423134
1.26513
0.320543
-1.20275
0.179622
-1.53804
-1.63305
1.36082
-1.72181
0.320355
0.676829
1.10019
-0.252886
-0.234377
1.87445
0.514242
-1.20045
-0.746942
-1.37622
1.21588
0.238121
-0.787205
-0.472852
0.0984289
0.1417
-0.396041
-0.338057
1.131
1.39348
0.0471837
-0.977369
-0.642581
0.270042
1.28278
0.80072
1.25607
0.0412283
-0.310171
-1.14769
-0.404513
2.6153
-1.55833
-1.00656
0.864198
-0.386216
-0.582828
1.16196
-0.444126
-0.279363
-0.506273
-1.2655
0.807795
1.16825
-0.699667
0.309764
1.00363
-0.0303017
-0.632605
-1.22168
0.63811
0.012424
-0.790958
-0.909522
-0.111041
-0.788967
0.0577443
-0.112509
-1.47953
-0.174567
-0.568026
1.15764
1.33992
0.0998944
0.0130142
1.55553
-1.08008
-0.686181
-1.09378
-0.542176
-0.763026
-0.391976
1.33871
-2.07774
-0.497754
-0.317517
-0.0731109
0.904122
-1.07457
-0.836989
0.224004
0.670151
1.51156
0.719742
0.804996
0.162194
-1.77698
-0.0532258
0.964752
0.163695
0.590912
-0.251021
2.27421
2.35519
-0.59271
-0.460028
0.383519
-1.27224
0.899862
-0.359553
-1.51849
0.537067
-1.38378
1.37889
0.836934
-0.369608
0.732098
-0.107999
0.079712
0.0718583
-0.500343
0.380901
0.46855
-2.16279
-0.139827
-0.27122
0.590663
0.225007
-1.38973
-0.0299875
1.03322
0.847926
-0.290007
0.212848
0.336506
-0.971086
1.17161
-0.45419
-0.311226
0.712958
2.51173
-0.24171
0.158497
-0.0292093
0.274446
-0.643048
0.317933
-0.388088
-0.444513
0.273158
-0.604983
1.11874
0.365575
1.01315
1.42215
-0.0875327
0.668204
0.234223
-0.463498
0.157337
0.84052
0.568983
-1.03171
-1.35051
0.418253
-2.10385
1.7084
0.850221
-0.208097
-0.440432
1.2617
-0.501105
-0.0093078
0.193265
-0.593266
0.306131
0.113047
1.14619
-0.161177
1.37908
1.04902
0.405679
-0.288856
-0.785074
-1.06621
-0.0964479
0.317744
-0.582503
-0.284069
-1.64705
-0.264972
0.926057
-1.258
-0.56316
-0.825318
-0.0873638
-1.69995
-0.440838
0.747483
0.37733
1.63946
0.456802
-0.0530381
-0.0857861
-0.420637
1.88429
0.226856
1.183
2.70111
-1.51245
0.671251
-0.454419
-0.0681593
-1.05339
1.22027
0.881123
0.230376
0.282806
0.722832
0.45411
-0.989787
0.210867
0.807605
-1.22803
0.441399
0.88207
0.488149
-0.210346
-0.275847
1.11598
-1.46402
1.12496
-0.22962
-0.6826
-1.74115
-0.625496
0.323322
-0.0120236
0.745738
0.105253
-0.418029
0.297622
-0.749084
0.40999
0.76882
1.39777
0.216256
-0.23586
-1.20227
-0.634773
0.0534499
1.14155
-0.362391
0.609081
0.633682
-0.263856
2.2412
0.525433
0.255273
-1.74609
0.127186
0.44139
-0.788069
-1.54185
-0.354358
0.489108
0.257077
-2.75232
-0.861587
-1.45656
-0.784731
0.152216
0.743653
-0.320843
-1.38852
-0.4483
0.795463
0.523659
0.276155
1.43826
0.678607
-0.0974603
-0.922855
0.282733
-1.49554
-0.136724
-1.38356
0.099361
-0.608961
-1.17182
0.409126
2.30556
-1.30913
0.931844
0.696275
-0.64105
-0.270573
-0.630334
-0.30578
1.24575
0.65505
0.0345764
-0.275771
-0.714584
0.0575573
0.55547
-0.231616
-0.607136
1.53244
1.75492
-0.222949
0.327182
-0.451983
0.491163
0.875158
-0.823474
2.02685
-1.44864
-0.262917
1.2323
-0.313515
1.21975
0.42925
0.819822
0.888589
0.213286
-0.408511
-0.863139
-0.963039
0.252791
1.40531
-0.213635
0.74888
-0.195645
0.73768
0.476017
1.64826
-1.29916
2.17991
0.546064
-1.1094
-1.59502
-0.806232
-0.595539
-0.183118
1.32627
-1.65567
-1.07935
-1.78368
-0.758226
0.438962
-0.0302795
-0.35319
0.221891
-0.841608
-1.14076
1.79842
0.200932
0.168914
0.660729
-0.342917
2.00589
-0.621675
-1.72085
-0.832538
-0.87161
-1.62056
1.53139
-1.34101
0.756938
0.904339
-1.76439
-0.0608396
-1.48695
-0.377147
-0.537421
-1.66085
0.0726
-0.25846
-0.526414
-0.896256
2.13765
-0.255812
0.0489654
0.0898301
-1.65578
0.241873
0.193582
0.811289
0.728086
0.0104802
0.24351
-1.76763
0.0112978
-0.340398
1.51085
0.200578
-0.0608307
1.8811
-0.0488984
0.188113
-0.344171
1.59332
-1.03437
-0.0305338
-0.0943869
-0.956714
-0.192121
0.683514
-0.520155
0.171174
-0.333584
0.0409247
-0.345413
0.473862
-0.258362
-1.16681
0.878304
0.544578
-0.366088
-1.32371
0.496297
1.12977
-0.562433
1.49165
-0.564716
-0.887022
-0.281304
0.665015
0.0447514
-0.665665
0.527559
0.426992
-0.726824
0.382542
-1.62304
0.985092
-0.78798
-0.926712
0.0976106
-1.3524
-2.12823
0.000593122
-0.0329846
-1.10758
-1.50262
1.14287
1.80164
-0.867978
-1.14054
1.02575
-1.0727
-1.43521
0.776559
-2.16613
-0.524929
-0.59853
-2.57605
1.18247
-1.29061
0.453452
1.57442
0.71696
0.564307
1.14522
-2.07843
0.359985
-0.480357
0.978858
-0.787544
1.75888
-0.631432
-1.37804
-0.68022
-0.675613
-1.30389
2.37746
-0.123774
-0.259827
-0.385872
0.0616845
0.46539
-1.19774
0.446889
1.5033
1.04559
1.19143
-2.75107
0.795877
0.666954
0.101294
2.37288
-0.459558
-0.291616
0.40435
-0.968945
0.172045
-1.49603
1.00997
0.550225
0.113046
-0.298067
0.811318
0.0744442
0.0536425
-0.771414
0.354892
-0.361228
-0.114032
-1.8025
0.560402
3.07283
0.697699
0.390418
-0.865191
0.570022
-0.449783
0.983079
0.179511
-0.682604
-0.862276
-1.08045
0.614702
0.340722
-1.29576
0.397574
-0.681347
0.0389484
-0.218338
1.02898
0.945217
-1.14888
-0.173348
-0.211896
0.134347
1.14768
0.0842082
-0.461557
0.613864
-2.5816
-0.740976
-1.23832
-0.443187
-1.17951
0.740616
1.21646
1.30268
-0.529453
-0.834916
0.128388
0.403272
-0.0414106
0.380105
1.8911
-0.931976
0.531585
-0.199962
-1.33246
-0.291697
0.00488685
-0.589065
0.460345
0.958598
-0.505737
0.113735
0.222114
0.0318378
-0.373093
1.17553
-1.76479
0.870447
1.05593
0.0936648
-0.213157
-0.652392
-1.07173
-0.388122
0.229418
-0.788565
0.653091
-0.180686
-0.814667
0.142505
-0.504554
0.14614
0.564408
-0.145115
1.06431
1.29599
0.594908
0.243883
0.665705
-0.15138
-0.811858
1.36791
0.247387
1.27855
0.308505
0.501003
0.859918
1.13186
1.59331
1.04467
1.5178
-0.77431
0.118037
-1.75651
-1.35017
0.503081
-0.47131
0.67228
-0.586886
1.39595
-1.28439
-1.92203
0.444012
0.233612
1.34755
-0.557978
-1.06148
-0.211816
-0.957847
0.9486
1.64823
1.01817
-0.547522
0.47164
0.376732
0.249834
0.786205
-1.192
1.11942
0.92563
2.05783
-0.58061
0.637898
1.06322
0.134675
1.36045
1.18602
-1.01452
0.600841
-0.993874
-0.328619
2.11281
0.134936
-0.556772
-0.039004
-0.479491
-1.1585
0.620237
-0.193598
-0.706444
0.128798
0.981005
-0.0641364
-0.575244
0.472706
-0.551947
1.03843
-0.57851
-0.992984
0.379509
0.0476772
0.358327
0.175205
0.0873639
-0.355408
0.874088
0.166454
-0.61902
-1.41926
-0.131665
-0.321405
1.82898
0.793866
-0.52661
-1.10465
1.69586
-1.2373
0.152426
-1.1544
-1.51457
-1.84351
-0.741706
0.530701
-0.834495
1.09139
0.185463
0.200104
0.641354
-0.090822
-1.32995
0.974083
-0.0887925
0.833381
-0.465975
-0.750476
-0.0716568
-2.69534
1.35296
0.30811
1.24907
-1.06671
0.263365
1.3844
-0.296099
-1.0405
0.672854
0.368363
-1.43498
-0.113334
-1.36073
1.33663
0.955592
0.455991
-1.14057
0.193319
-0.160795
0.287476
0.274159
0.604461
-1.68684
0.642094
1.44124
0.269532
-2.14605
-0.0882716
0.39389
-0.134971
-0.151921
0.709319
-0.0337958
-0.605878
-0.209017
0.894994
0.194178
-1.00542
0.677144
-0.0681199
-1.25464
-0.88705
-1.56447
0.829081
-2.75484
0.830572
-0.501288
-0.26582
2.04726
-1.0482
0.923236
0.55023
-0.878261
0.0102563
1.63699
1.15068
-0.0573275
1.624
0.0772994
0.429978
-2.29908
-0.3394
-2.25901
-1.20863
-0.458547
0.42436
-0.552514
1.24946
0.412044
0.669632
-0.836007
0.44042
0.274249
-1.11649
-0.859505
0.333296
0.576963
0.51428
-0.174695
-1.0132
-0.726685
0.643791
-0.586019
1.1398
0.612179
-1.39582
1.37891
0.929254
-1.19893
-0.503205
-1.38355
-1.54534
-0.142233
-1.73059
-0.827989
1.14093
-0.229237
0.523677
0.276461
-0.354189
0.76087
0.335168
0.863951
-0.684445
0.633988
-1.96144
1.65534
-0.256961
-0.0898192
0.0942527
-0.413298
0.0418401
-2.17083
-1.36263
1.75317
-0.836367
1.36144
0.308948
-0.476014
0.510282
-1.6918
0.953491
0.418516
-0.668101
1.9441
-0.116173
-0.677967
-0.971626
0.452541
0.604714
0.319117
0.605468
-0.765422
-0.357955
-0.604504
0.263058
-1.21918
0.775677
-0.205576
0.0484803
-2.35693
-0.213261
1.91994
-0.0114931
0.241619
0.0225356
-0.737426
-1.48417
-1.16978
0.602607
0.844158
0.475946
0.308049
-1.09311
-1.53047
-0.0350338
2.01883
-0.410177
0.590595
-1.02827
1.58191
-0.410285
-1.70407
0.252795
0.621774
-0.137877
-1.37015
-1.43838
0.566455
-0.684176
-0.528833
0.495985
0.926295
0.607507
-0.428718
2.05661
0.56729
-0.878349
-0.528621
-0.46155
-1.02782
0.231734
-0.118794
-0.907703
-0.517109
-1.15129
1.86767
-0.834839
-2.02986
0.226097
-0.246143
-0.399794
1.08901
-0.547995
-0.547339
-0.325071
0.764555
0.805565
-2.99777
0.121423
-0.668728
0.241806
0.521327
-0.721093
0.106323
0.13177
-0.735568
0.471472
0.115587
0.834467
0.817821
0.879161
2.57648
-0.779983
-1.32721
0.314044
0.171829
1.1485
0.201716
1.18232
-0.681055
-1.40722
0.133562
0.669152
-2.52302
0.636286
-0.984689
-1.64264
0.0658881
-0.588286
0.539434
0.755667
0.684931
-0.974817
-0.560589
0.206616
1.34555
-1.5953
0.111663
1.19946
-1.98756
0.847572
-0.603228
-1.15705
0.578783
-0.250943
0.0385508
2.70333
1.50266
1.31989
1.74093
-1.42897
-0.246239
0.298279
-1.43227
-0.188977
0.58069
-0.118604
0.630699
1.62403
0.991345
0.619055
-1.0445
-0.408734
-0.254177
-1.50277
0.169389
2.46223
-0.226569
1.45561
-0.674894
0.431324
0.27385
0.86637
-0.154283
-0.739649
0.227926
-2.5238
-1.80433
0.0403087
-1.01172
-0.992807
0.388725
-0.263249
-0.793119
0.37966
1.08727
-1.28394
1.06657
1.63286
0.181923
0.50692
-2.25525
-0.803193
0.400155
-0.387288
0.915472
-0.744922
-0.780142
-0.975375
0.735666
0.675153
0.487543
0.0963493
0.333012
0.85795
0.615205
-0.911077
0.223472
0.213307
0.328485
-0.164346
0.300413
-0.521723
0.857643
-0.369322
-0.169837
0.67429
0.999934
0.884924
-0.533344
0.365191
1.8946
-0.301418
1.50483
-1.26815
-0.733612
-1.26601
-0.649788
-2.40146
0.898361
0.909231
-1.19552
-0.985401
1.60243
-0.727999
-0.369559
1.13978
-0.556186
2.61192
0.5415
-0.787164
-1.1712
0.815641
1.46614
-0.43779
-0.633883
0.271117
-0.518645
0.148137
-2.4026
0.938037
-0.205121
-0.574843
0.196231
0.789126
-0.0992958
0.501117
-0.49813
-0.417293
1.91668
-0.368396
1.39366
0.29255
2.02958
2.86871
0.337605
-1.21523
0.481946
0.0371748
-0.386838
-0.470948
-0.499159
0.388163
0.24288
-0.939585
0.179533
-0.1718
0.572337
-0.64831
0.237469
1.18957
-1.75675
0.306397
0.417474
0.767823
-1.05486
0.943186
-0.673247
-0.311322
0.448508
0.429365
-0.799936
-0.466606
0.0822498
0.129146
0.727726
-0.868873
-0.404472
-0.498272
-1.51144
1.14937
0.284822
1.45521
-0.0152618
2.83541
0.251827
1.52801
-1.17742
-0.48702
1.06882
-0.689567
1.95609
0.456773
0.403733
1.40274
0.852309
-0.251583
-0.102724
-1.17467
-1.13328
-0.752541
1.27572
-0.422899
0.589271
0.728926
-1.16464
0.261161
-0.219678
1.51928
-0.107024
1.60823
-3.09536
0.682775
-0.286421
0.992673
-0.415994
-0.502008
0.0706395
-0.459518
-0.997676
-1.03997
0.442729
0.00284331
-0.20917
-1.21222
0.899775
-1.41552
0.0914562
-0.398401
1.01594
0.746759
0.177317
-1.306
-1.05617
-0.693106
0.672216
-1.46391
-0.590236
-0.832125
-0.779719
0.251033
0.059513
-0.729947
-0.771383
0.242274
-1.77216
0.00641791
-1.49139
-0.373909
0.0930481
-0.188946
-0.295855
-1.18498
-0.215429
-0.426145
-0.340257
-0.167485
-0.284728
0.546458
-1.59617
0.816241
1.11779
-1.60317
0.446708
-0.719946
0.0604042
-1.13054
1.29508
-0.558032
-0.681115
0.226549
-0.19696
-0.391943
-0.616206
-1.05063
1.76211
1.00953
-0.26174
1.52508
-2.15278
-2.35109
-0.16429
-0.519536
0.611397
-0.372625
0.664398
1.70994
0.0583805
0.105788
-0.738137
1.85246
0.129574
0.641585
-0.619143
0.168693
0.116961
0.894497
1.38726
-0.297871
2.4075
-0.189872
0.598744
-0.615131
-0.14751
-0.907378
-0.514071
-2.10352
-0.831457
1.91062
0.895414
0.648425
-1.11598
2.00982
-0.80219
0.771298
0.70031
-2.00672
0.956791
0.0994355
1.13934
0.310702
-0.631948
0.350574
0.592108
-0.561474
-0.719221
0.587326
0.933119
3.12282
-0.556369
0.0952867
0.748407
-0.992641
-0.356985
1.29738
-0.421115
1.23689
2.38362
-0.211956
-1.31593
-1.52962
1.00325
1.29114
-0.762551
-1.94204
-0.456218
1.26439
0.223491
-0.284318
0.7733
1.28923
2.02716
0.474196
0.742015
-0.771803
1.77772
-1.35465
-0.466589
-0.429646
-0.41968
-0.199872
-1.93685
-0.911241
-0.169551
-0.562149
0.303469
-2.28767
-0.925595
1.08614
1.17208
0.0865407
-0.100218
-0.472318
-0.434611
1.34977
-0.315478
-0.783911
-1.18217
-0.10202
-1.28946
-1.6354
-0.152064
0.213526
-0.0215
2.80982
-0.285927
1.34411
-0.397676
1.53312
-1.11845
0.827096
0.309516
0.26062
0.828992
1.70274
-0.782509
0.954782
0.288748
0.0396357
-0.0240932
-0.633545
-0.173653
-0.104623
0.388297
1.29183
0.816019
-0.348536
-1.00459
0.131393
-0.916165
0.56329
-2.26703
-0.115958
-0.63388
1.46558
0.228444
1.69514
-0.00560166
-2.41533
-0.0336775
0.636492
-2.42628
-1.07702
0.976107
0.751347
0.526097
1.04712
0.271802
-0.249002
0.543533
0.94638
0.123248
0.110231
0.458408
0.0749694
-1.73639
-1.4965
-0.742862
-1.34421
-1.39806
-0.0489261
-1.71071
-1.25295
-0.464231
-0.67863
-0.508948
-0.530736
-0.0308881
0.665492
-0.596953
-0.687299
0.031734
0.404193
-1.20086
0.282068
-0.786594
-0.35184
1.51349
0.428099
1.45628
-0.0548095
-0.959958
0.0482621
1.00504
-0.00127889
-0.613346
1.07445
-0.919108
-1.23935
-0.265919
-0.552037
-0.0324293
0.722767
-0.539644
-0.905665
0.382086
-0.874538
0.942949
-0.45918
0.210299
1.51704
-0.17551
0.649599
-0.309591
0.997289
-0.815238
-1.07659
0.597346
-0.892149
-1.332
0.170994
-0.199673
-1.18455
-1.14112
-0.718221
0.561722
1.38435
-0.525176
-1.08088
-1.42855
-0.397631
0.183251
0.150653
1.66875
-0.324079
-0.102287
0.0661235
-0.832549
0.683189
-1.67989
2.44329
2.54685
-0.0798916
0.416562
-1.34762
-1.11811
-0.773828
-1.46933
-0.616269
0.782292
1.23588
0.0201319
-0.52771
0.47439
0.0621592
0.204611
0.33983
-1.21401
0.486481
-0.802382
-0.656546
-0.317888
-0.877381
-1.67845
0.188029
-0.315721
-0.251766
-1.82182
-0.516706
-1.25435
1.76051
0.277504
-0.0588139
-0.276467
-0.840476
0.595082
0.579018
-0.523554
0.185667
-0.118555
-1.18554
-1.0313
1.70474
0.668938
-0.253976
-0.206404
-0.29188
1.00317
-1.39689
-1.29049
-0.0549851
-0.642424
0.832226
0.218499
-0.410254
-0.422219
-1.73383
1.83582
-0.0358238
-0.455125
0.705649
0.194244
0.802786
-0.286228
-0.117853
1.12561
0.769618
-0.107876
0.647549
1.79241
1.63952
-0.280787
-0.448649
1.02554
-0.147219
0.806272
-1.30703
-0.0890353
-0.57303
-0.889335
0.828158
0.292689
0.831395
0.759769
1.43268
0.405087
0.855844
-0.144879
0.217363
-0.995717
-1.66215
-0.226845
0.132503
-0.143215
1.07129
0.353364
-1.73146
-0.794179
0.599519
1.10823
-0.209204
0.29717
-0.0314169
0.966174
0.276617
-1.27362
0.606302
0.564225
1.07433
-0.799053
-1.05157
1.00627
2.04942
-1.44714
-0.378075
0.929736
-0.159187
-1.62196
-1.56832
-0.495764
-0.288722
0.649395
0.216256
-0.680746
-0.266354
0.65164
-1.42794
0.0377354
0.306654
-0.895115
0.331823
-0.103278
-0.038284
1.63633
-0.60908
-0.154711
0.195103
-0.257173
-0.119239
0.565421
0.926747
-0.351296
-0.795491
-0.294549
0.608175
-0.840462
1.2822
0.135445
-0.629817
1.00542
-0.0976492
-1.01778
0.80067
-0.594734
1.82359
0.939065
-0.23055
0.881153
-1.96078
1.52081
-0.117718
0.539085
-1.04356
1.5627
1.28712
-0.123369
-0.182797
0.850105
0.272356
2.18593
0.527101
-1.02402
-0.800586
1.06903
-0.369543
-0.530686
0.596153
1.30763
-1.26806
0.542171
1.03466
-1.40194
0.489531
-1.43336
0.32449
-0.199478
0.654479
-1.24662
1.68414
-0.0882591
-0.5337
-0.321549
-0.0184633
-0.656016
1.41591
1.27355
-1.69513
2.21648
-0.189716
-0.276653
-1.13446
-0.660863
-0.191174
-0.704211
0.693355
-1.40173
0.794654
1.03258
0.047549
-0.0613816
0.378144
0.761156
0.913495
-0.091839
-0.586794
1.2882
-0.62322
0.579955
0.916468
0.612896
0.73891
2.13272
1.58828
-1.58522
-1.85423
0.4478
-1.12509
0.961938
-0.396455
0.531559
-0.556163
0.190354
-0.905672
-0.854373
-1.04231
-0.348798
-0.872758
-1.87899
-0.122183
1.07443
-1.2785
0.385478
-0.471255
0.610934
0.460255
1.40347
1.29557
-0.146646
-0.0108726
1.26066
1.05528
0.89167
1.92688
-0.146219
-1.48516
0.134864
-0.917738
-0.239929
1.16695
-0.844506
0.320868
0.262884
2.08846
0.0759417
0.471058
0.833363
2.28844
0.315605
-1.42334
0.645143
-0.233398
1.83127
0.215951
0.73838
2.13377
-1.19575
-0.739989
0.379495
-0.168822
-0.979223
0.219586
0.123664
0.308675
-0.457615
-0.220221
-0.39184
0.669005
0.819669
-0.0982406
0.498587
0.603051
2.90078
0.7589
0.34322
-0.331696
1.0163
-0.774417
-0.42708
-0.347803
1.5329
1.78645
-0.0661452
0.431151
0.146893
0.185375
0.256547
0.0505295
-1.45869
2.01831
1.84376
-0.61603
-0.284112
0.338905
2.38607
1.74506
-1.2582
-1.23471
-1.28276
1.37994
1.10864
0.399958
0.10166
0.381354
-1.4802
-2.21511
-1.95501
0.164826
-0.775365
0.805428
0.0933632
0.366104
1.52603
-1.31498
-0.533798
-0.691578
0.033907
0.661451
1.02198
-2.2099
-0.301667
-0.259025
-0.228001
0.626426
-1.49426
-0.0654905
0.915209
-1.23792
0.071546
0.313528
0.502131
-0.909454
0.302753
-0.10637
-0.419496
1.56007
0.347696
-0.410163
-1.7521
0.746674
1.4414
-2.37382
0.610119
-0.794213
-0.152479
0.245911
3.55561
0.734494
0.0168515
1.23462
0.570793
0.267444
0.820292
-0.903186
1.19318
1.24706
-0.890892
1.49747
0.494405
-0.408488
-0.451649
1.42033
-0.596765
0.82189
0.996271
-0.969889
0.484711
-0.50995
0.0841405
-1.12449
-0.62768
0.707341
-0.415666
-0.766993
0.313196
2.17374
0.261554
-0.773687
1.19724
-0.0188249
-0.184701
-0.150875
-2.31655
0.631627
0.464889
-1.05099
0.225293
1.5006
1.79129
0.872583
-1.18536
0.088454
-1.1221
-1.26704
-1.1224
1.03342
1.99694
-2.42397
-0.785816
0.732364
-1.10071
-0.783683
-0.719523
-1.963
1.06268
-1.92555
0.0386702
-0.041785
-0.564645
0.412473
-0.913558
0.993375
0.0531346
1.37323
-1.43706
1.86085
-0.201221
-1.38164
-0.194242
0.424712
0.345862
-0.918139
-0.046916
0.402483
0.222509
-0.76083
-0.863038
-1.49845
-0.77874
-0.541047
-1.99325
0.312007
0.677097
0.277834
1.42333
-0.327801
0.858748
0.144628
-0.615903
-0.214293
0.468382
-0.115195
0.999976
-0.507893
-1.11566
1.69407
2.22231
1.63319
1.14217
0.386826
-0.850987
-0.296438
0.622194
-0.0344785
-0.038762
0.555011
1.51878
-0.604466
-0.116619
0.189716
2.00437
1.13884
-1.47965
0.961465
-1.28855
-0.53593
1.2982
-0.0322293
-0.0489482
1.9318
-0.867295
1.2111
0.428046
0.831192
-1.15953
-0.0792771
0.38869
0.00089254
0.085217
1.57726
-0.553891
1.25682
-0.203359
-0.224106
-1.27279
-0.299964
0.1408
-0.308528
-0.320782
1.21393
0.518266
0.402386
0.410298
0.677591
0.466007
0.531674
0.978778
1.73103
-0.520317
-0.0609522
-0.313851
0.632955
0.54992
-0.415891
1.47165
-0.549553
-0.135232
-2.07077
-0.358608
-0.462536
0.683982
-1.49551
-0.727507
-0.204986
-0.963956
1.98387
-0.295534
0.121366
0.038134
-0.981812
-1.33824
-0.651868
0.527181
-0.185057
-0.726029
-0.348421
-0.0510109
1.04153
-0.929865
-1.58908
-0.410126
1.19776
0.273333
0.67328
-1.91369
0.568714
0.280504
-0.398833
-1.13725
0.353603
-0.0309629
-0.750672
0.276564
0.272191
1.21785
-1.949
-0.496666
1.20226
0.346319
-0.200033
-0.95837
-0.83344
-0.784869
-0.790753
-0.582621
0.671407
0.91394
-0.0548185
-0.152106
-1.11213
-0.200924
0.580143
1.62579
1.21416
0.787225
-0.00470199
-0.0617179
0.238789
1.96434
1.12152
-0.252473
-2.08681
1.06789
0.206694
2.70779
-0.203725
0.481683
0.755996
-0.570767
-0.593182
-1.4335
-1.3761
-0.224173
1.36526
1.59908
-0.956496
0.172009
1.37506
0.599066
0.49434
1.21588
0.459969
0.252669
0.880396
0.833517
-0.341493
-0.287806
-1.54312
0.619927
-0.207728
-1.07274
-0.112163
1.01511
-0.497679
-1.22919
0.499378
0.538098
0.933833
-0.374294
0.697791
0.448376
0.356753
0.457082
1.61558
-0.47156
0.621323
0.906095
0.83894
1.04382
-0.595533
0.829852
-0.329037
-1.53062
0.0827172
-1.46185
0.254589
0.245239
-1.36912
1.20617
-0.537997
0.970396
-0.630645
0.464781
1.62369
-1.2315
1.04238
-1.7609
-1.48367
-0.679775
1.27864
1.51725
0.168656
0.214334
1.68653
-0.904602
0.555116
-0.534307
0.546058
-1.47142
-1.52282
0.173102
-0.478895
0.3197
1.92411
-0.00124367
-0.344086
0.105386
-0.314183
0.304865
1.80221
0.886209
1.30168
1.10768
-0.859226
1.07653
-0.369018
-0.000679106
-0.428053
-0.595424
-1.84336
-0.938455
1.92532
-0.023778
-1.56787
0.0265012
0.256746
-0.967019
0.37375
-1.27854
-0.421855
0.69852
1.73871
0.997243
1.07601
0.0193818
-0.397782
2.33645
1.79633
0.269592
0.933488
-0.446292
-0.940728
-0.24439
1.23505
1.03952
0.23805
-0.631313
0.49979
1.91585
-0.738574
-0.290761
0.462886
0.68357
-0.912561
0.606705
1.77656
-0.0877237
-0.282936
-0.757265
0.62795
-1.10477
-0.549773
0.0844333
0.892466
-0.615324
0.508192
-0.578998
0.00889399
0.175419
1.72597
0.0759776
-0.650867
0.308567
1.22657
-1.3558
1.26036
-0.570741
0.0425623
-0.420109
-1.44247
-1.17344
-1.75199
-0.555132
0.369632
-2.74798
0.743971
0.834975
0.660954
-2.2966
-0.708829
-0.250397
0.943206
0.373883
-1.55556
1.08969
-0.227984
-0.128352
-0.426814
0.0930216
0.963409
-1.10715
-1.42015
-0.447955
2.06094
-0.519557
-1.09992
0.373532
-0.30544
0.765659
-0.415958
0.364492
-0.154434
0.922145
0.624301
-0.247116
2.31216
0.718826
-0.758292
0.933821
0.307714
-0.907408
-0.0762212
1.76242
0.843507
-0.631184
-0.104194
-0.188985
-0.0244734
0.237647
-2.5357
2.82047
-1.14509
-1.36199
0.418193
-1.32676
0.67605
1.13898
-0.279289
0.450267
1.10746
0.339942
1.99076
-0.542685
0.416594
-0.819873
0.152849
1.58062
0.134181
-0.935325
-1.04208
0.318534
0.207553
-0.086253
0.4745
1.27035
0.927843
-0.58333
-0.0858883
2.061
-0.642954
0.0548942
-1.98208
1.02189
-0.42478
-0.547732
-0.604659
-0.722757
-0.00772943
1.58664
-2.26828
-0.308339
0.818684
-0.0769518
-0.494173
0.79541
0.0297285
-1.87441
-2.48198
-0.989436
-1.44416
-0.568601
0.0435797
-0.285915
-0.216097
-0.863864
-0.509267
1.0617
0.14353
-0.11335
0.902347
-1.73249
-0.904183
-0.172827
0.602841
-0.268835
-0.816384
0.374649
0.988282
0.0632466
-3.34608
-0.212429
0.575423
-1.52823
-0.0862402
-1.68637
0.309109
1.86277
0.0811374
-1.04269
0.0589397
0.0963022
0.188363
-1.77926
0.88471
-0.787577
0.748589
0.792099
-1.66142
-0.283683
-1.42832
0.455656
-0.548896
-0.684408
-1.88141
1.82548
1.0013
-0.928214
-0.25905
0.96372
0.242843
-0.122886
-0.160021
0.395458
0.723052
-0.551261
-0.732177
-0.610195
0.857962
1.58699
-0.0227355
-0.810983
-0.635548
-2.04647
0.427678
0.554425
-0.379326
-0.67026
0.192586
-1.30741
0.265524
-0.374135
-0.295683
0.272552
-0.800856
0.106884
-0.617862
0.585596
-0.68789
0.202887
-0.793323
-0.0700846
-0.0507301
-0.36538
1.36038
0.483627
0.103721
1.13475
-0.197131
0.0586002
0.369385
1.87532
-1.28894
-1.59546
0.662308
1.04359
-1.29449
-0.150892
0.178932
0.679337
1.76491
1.17716
0.547683
-0.420206
1.69455
1.02124
-1.39096
-0.687131
-0.615242
-0.51122
0.278063
1.13557
0.356466
0.533204
-2.17017
0.53351
-1.31235
-0.0109736
0.437826
-2.57702
0.029237
1.81622
-0.0760107
-1.95637
-0.534109
1.85217
0.402609
-0.523352
-0.849951
-2.24747
0.452731
1.01519
-0.751245
-0.847088
0.968258
1.31426
0.00840332
-0.115973
1.29536
0.843709
1.76974
0.479333
1.85029
0.771427
0.266692
1.81681
0.656963
-0.373811
-1.77891
-0.802178
-1.19277
-0.324826
0.338479
-1.24843
0.0123979
-0.430097
0.898197
0.948091
0.0528695
-0.143768
0.163408
-1.10312
0.407159
-1.53193
-0.444193
-0.190187
0.975584
-0.59091
-1.27851
-0.96389
-0.0321921
-0.470265
0.673467
-0.894422
0.16939
1.41183
1.7532
-0.525303
0.0154592
-0.511322
0.233926
-0.463695
-1.28003
-0.730325
-1.80596
1.15514
0.403032
-1.0901
0.251116
0.661055
0.978533
-0.251736
0.323221
-0.64099
0.625005
0.0780389
0.506539
-0.320335
0.393571
-0.392855
-0.111423
1.40991
-0.972366
-0.10439
0.369478
-0.562445
0.270047
1.1999
0.160702
-0.0552606
0.161497
0.806105
-0.209033
-0.953282
-0.282105
-0.941058
0.776236
1.26253
0.557188
-0.978486
-0.216415
1.21998
0.795848
2.46691
-1.85765
0.0368572
-0.493628
-2.01601
-0.796747
0.799719
1.47607
-0.34138
-1.03082
0.166604
0.496985
0.204931
0.405664
-0.072444
2.17376
-0.798945
0.105474
1.37641
-1.15533
-0.698585
-0.415355
0.786009
-0.739525
-0.786054
0.0189784
0.229157
-0.0754819
0.387346
-1.20143
-0.412456
-0.0856398
0.395486
-1.40446
-0.153207
0.593722
-0.301904
1.06368
0.170487
0.459625
-0.17399
-0.164213
0.137698
0.463599
1.80485
1.45059
-2.15782
-1.1235
-1.76873
-0.426307
0.485333
-0.1662
-1.80323
-0.418199
-1.69874
1.52698
-0.976718
0.84614
0.253625
-0.0866376
-0.439739
-0.396222
-0.368675
0.400606
-0.889302
2.25798
1.00824
1.27494
-0.322452
0.434706
0.161405
0.920211
0.824604
0.348261
2.0484
-1.77261
0.437893
-0.377132
0.773101
0.268915
-0.94708
0.464977
0.442401
0.0603925
0.981358
-0.929796
0.306245
0.377139
1.342
0.419892
1.1655
-1.19293
0.506253
0.3242
-0.253887
-0.145634
-0.907438
-2.19005
-0.788585
0.221435
0.162305
-2.11693
-0.306916
0.207922
-1.02405
-1.13769
2.51791
-0.572013
1.36045
0.990713
-0.0669609
-0.406115
-0.648617
1.10403
-0.647737
0.6694
1.23798
-0.152937
-1.17708
0.575538
-1.85577
-1.25344
0.45889
-0.118213
-0.345947
0.897425
0.824673
0.214591
1.8563
-1.23745
2.75182
-1.57394
0.49767
-0.679289
1.26829
-0.448318
-0.822005
-0.30188
-1.30042
-0.0868835
1.1375
-0.756327
-0.812324
0.100559
-1.71546
1.4103
-0.483343
1.31376
-0.639612
-0.903161
0.953274
-1.05066
-1.42232
-0.227753
-0.473037
-1.20343
0.637492
1.35367
0.0886317
-0.966495
-0.111347
0.915339
-0.840034
-0.152043
-0.310526
1.32595
-1.4384
1.17692
-1.74553
-0.591775
-1.18402
-0.253349
-0.847553
2.50474
0.961382
2.04368
1.24978
-1.50747
0.856348
1.25254
-1.02246
-1.08205
0.578731
-0.0953852
-0.0917866
0.803121
0.381089
1.2277
-2.36015
0.73695
-0.704182
-0.525355
0.0155354
0.544134
1.27916
-0.126753
-0.876004
0.794737
0.56753
0.630737
0.017731
0.0196642
0.819053
0.10141
-0.137408
0.712187
0.222676
0.796258
0.794495
-1.28964
0.864792
-0.098964
0.00205738
-0.651841
0.44981
-1.22217
-0.346816
-1.01049
1.21584
-1.99203
0.0620444
0.242615
0.258366
1.14466
-0.191718
0.0861007
-0.360615
1.763
-1.00202
-1.57771
-0.753746
0.0510376
-1.07914
-0.925603
1.30358
0.779936
-0.136475
-0.130684
-0.123684
0.976238
1.82994
0.54493
2.05551
0.349541
0.542756
-0.459989
-0.726507
-0.952162
1.29244
0.47661
1.61115
-0.362751
-0.25699
1.03374
0.24046
0.305363
0.747562
0.682212
-1.67819
1.07083
-0.07858
1.09952
-1.41447
-0.0227712
-1.11795
-0.314579
0.0119598
-0.0737004
0.923104
-0.597502
0.626285
-0.358586
0.00124923
-0.752279
-0.160428
0.0715682
-0.520438
0.110636
0.341397
0.0789297
-0.922142
0.206671
-0.335625
-0.192116
-0.475256
0.145214
-0.541037
1.41133
1.33229
0.202718
0.830408
0.125923
-0.976984
-0.420014
-0.580106
-0.380152
-0.431623
-0.563544
0.260067
1.63765
-1.12677
-0.842918
-0.726775
0.0406739
1.20735
1.73591
-0.130264
0.733251
0.515905
-1.55273
1.31575
-0.638976
-1.29027
0.999008
-1.59302
-0.130086
0.36003
-0.948823
-0.886257
0.577305
1.74927
-0.482088
0.602198
1.6131
-0.192637
-1.27267
2.13991
-0.827542
2.65864
0.641283
1.29327
-0.35377
-2.1658
0.418834
-0.889071
-0.0691575
-0.709149
-1.23782
0.376949
-0.730484
-0.722545
0.707594
1.75573
0.887177
-1.90885
0.68329
0.941819
0.10241
0.441172
0.522813
0.336849
-1.07994
0.0406103
1.06546
-0.556996
0.837224
0.43512
-2.4673
0.124509
1.00414
0.187415
-1.78887
-0.222976
-0.225253
-0.745774
-0.714617
-0.0504619
0.388957
-0.0981897
0.809444
-0.00912363
-0.796
0.478561
-0.880716
0.892555
0.645072
0.184763
1.86414
-0.297501
-1.2949
0.656782
1.14372
0.567458
-1.81431
-0.552352
-0.360485
0.788165
0.768922
0.13738
-1.50702
-1.04934
0.500409
0.781525
-0.920841
-0.794635
0.195642
1.28002
1.59637
0.257916
-0.23773
-0.475024
1.09033
-0.0800561
-1.29451
0.309668
2.09104
-0.985653
0.434424
1.16207
-0.0578036
1.22517
-1.03317
-0.275306
-1.41596
-0.393758
1.40489
1.18981
1.57975
0.626437
-0.38287
1.13647
0.95542
0.187518
0.0663041
0.620074
0.842953
-0.463952
0.31608
0.251186
-0.543374
0.810281
1.0794
-0.932358
0.572398
0.895412
0.446143
0.360179
0.873623
0.0231969
-0.324405
1.15986
-0.653223
0.585101
0.736509
0.457164
-1.1393
0.595581
-0.208664
2.74114
-0.839181
2.18582
-0.475582
-0.896644
0.622467
-0.887087
2.02278
0.0683939
-1.92283
-0.552025
-1.6314
1.14142
-0.511683
0.200963
-0.314085
1.18635
1.57066
2.07073
1.62826
-1.05244
-1.91955
-0.677756
-0.780875
-0.261005
-1.59928
-1.53603
0.34002
-0.3209
-0.731631
-0.655146
-0.554962
-0.0375259
-2.12986
0.269886
-0.0225901
-0.734315
0.489328
-0.307886
-0.883401
0.538682
-0.238344
1.90771
-0.147804
1.20283
1.32065
-1.17992
-0.631994
-0.273627
0.959344
-0.170977
-0.291605
0.306685
0.247198
0.790676
0.661347
-0.186066
-0.51285
-0.104286
0.755696
-0.0745639
0.862956
-0.138366
-0.929857
-1.10804
0.481228
1.96029
0.79653
0.763659
0.578741
1.04672
-1.02904
-0.0540754
0.946102
-0.554573
-0.039172
-1.43861
-0.809875
0.636376
-0.170893
1.1601
-0.0019254
-1.13797
1.39381
0.600855
0.647011
-1.01296
0.213912
-0.831159
0.616295
1.56438
-1.5187
1.0329
-0.700827
-1.03948
0.301073
-1.96526
-0.358884
0.183952
-0.629168
-0.905718
-0.248507
0.946499
0.842034
-0.099574
0.63474
0.36868
0.597156
-0.555644
-1.61529
-0.37141
-0.488736
-1.44038
-0.332783
1.293
-0.915085
0.134844
-0.372852
-0.831658
-0.105876
-0.841704
-0.222585
1.11938
0.592116
-1.82417
-0.733064
-0.0324596
-0.726281
0.366016
-0.0480294
-0.144749
-0.130592
0.635215
-0.0919844
0.567395
-0.230421
0.387506
-0.286992
0.0387288
-2.05944
1.76277
-0.508245
1.17012
0.120133
1.05604
-0.550733
-0.00241106
0.671887
0.442127
0.358857
0.0658185
0.560403
-1.30581
1.29271
0.0992087
-0.360598
0.162657
-0.858048
0.925685
0.839053
0.658837
-1.51517
0.783147
-0.411714
-0.41355
1.05874
0.43595
0.20818
0.0562134
-0.146918
-1.52498
0.908099
-1.43034
-0.0505649
-0.283846
-1.39878
-0.196432
0.711523
1.31571
0.0414415
0.230699
-1.25217
-0.875692
0.279843
-1.69592
2.05329
0.156134
-0.146531
-0.885322
-1.11171
0.472961
0.434899
0.693235
0.955725
-0.703106
-2.08256
0.107955
-1.06439
-1.69949
0.321103
1.22436
-1.439
0.182451
-0.6032
0.055923
-0.143533
-0.0262197
0.78788
0.0242357
0.167288
0.613569
1.04447
0.0169036
0.0808284
-0.451585
0.422437
-1.52308
-0.014814
0.337203
0.229914
-2.08558
1.038
-1.48036
-0.0589756
1.67975
0.493014
0.638602
0.386459
-1.16366
-1.16045
-0.821246
0.584843
-0.221597
0.0861202
-0.489321
0.117516
1.59743
1.10401
-0.988131
-1.64377
1.38346
-0.615035
0.614019
-0.111697
0.359518
-0.659595
-0.660394
-0.91721
-1.27126
-0.737048
0.371295
0.916682
-0.846395
0.892837
0.578242
-1.84832
0.185262
-1.32828
0.128097
0.0236398
-1.53491
0.446853
0.038757
0.527868
-1.6184
-1.76714
1.11218
-2.14352
0.0823915
0.0225752
-0.568225
-0.510936
2.33845
-1.57609
-0.470572
1.04821
-0.131433
-1.51093
-0.678518
-0.991689
-0.700403
0.371942
-1.23514
0.256961
-0.561938
0.660702
0.157478
0.82797
-0.306285
-0.748378
-1.57573
-0.861381
-0.0321724
0.568266
0.195523
0.540431
-0.925506
-0.0152084
-2.53035
0.757986
0.0840189
-0.408251
1.96077
1.16578
-0.992856
1.44808
-1.93696
-0.321945
-1.24192
0.329439
-0.85951
-1.47901
1.68686
0.259926
-2.10761
-0.856215
-1.24635
-0.138155
0.256483
0.1366
0.205336
0.502194
0.0792123
0.662326
-0.980504
1.65533
0.307028
0.288014
0.783646
2.35757
-0.327158
-0.651051
0.227924
0.102006
0.234415
-0.210598
-0.333177
-0.467847
0.433384
-1.72575
-0.100119
-0.215121
0.54303
-0.921263
0.753302
0.590275
0.711718
1.13742
0.232249
1.36715
-1.47711
0.576511
1.04393
-1.17086
-1.42489
0.33983
0.2625
-0.117451
0.443454
-0.0763486
-0.284088
1.27275
-0.612874
1.13118
0.258051
-0.677512
-1.16883
-0.980383
0.827081
-1.32406
1.72189
-0.694328
-0.484544
-1.27633
0.66937
-0.501134
-0.643942
0.191802
2.3924
-0.373136
-0.0357856
0.952029
-0.281417
-0.611616
0.471526
0.818564
-0.455332
-0.523097
0.0634498
-0.64104
0.911588
-0.127959
-0.29094
-0.245832
0.396863
0.970256
-0.856152
0.773673
0.366099
-1.10241
0.462507
-0.0753077
-0.249114
-0.075316
-0.983024
-1.7173
0.798607
0.417977
1.03178
-0.763835
-0.964071
-0.516862
0.635178
-0.552766
1.35695
0.930371
-0.853644
0.717013
0.342244
-1.0817
-0.106469
-1.17499
-0.0902297
-0.170006
1.14358
-0.820968
-2.01837
0.229632
-0.250487
0.937105
-0.367749
1.41739
-0.19486
1.20217
0.672553
-0.362188
-0.300575
0.523379
-0.95304
2.08744
0.471522
1.51244
-1.54776
0.454664
-0.69788
-0.472054
-0.647644
-1.24214
1.05555
-0.354068
0.102059
-0.178735
0.619943
-1.83402
1.2753
-0.296564
-1.15166
-1.60303
0.465827
-0.874519
0.893197
0.0749494
1.35377
0.7143
0.0552957
-1.39991
1.22318
0.224511
0.436281
-1.04236
0.877006
-2.12533
-0.470982
-1.15678
-0.543791
-0.75231
-0.70564
1.32628
0.0390794
1.60617
-0.325441
-0.773321
1.42634
-1.53551
-0.194833
0.968339
-0.0651109
0.273895
0.383825
-0.525278
-0.51309
-0.262878
-1.20388
0.48396
0.267489
0.199422
-0.325826
0.949612
0.645262
0.902468
-0.170874
1.12696
0.821004
0.247184
-0.213732
-1.74339
0.152934
0.0915282
-0.462326
-0.484986
0.341007
-0.0633899
-0.903829
0.2362
0.0696859
1.46984
0.25241
-1.61568
-1.00198
-1.61271
0.454397
-0.998044
-0.599725
-0.383823
0.868982
0.852809
-0.0641252
0.0665274
2.26224
-0.696464
-0.62557
-1.19517
-1.71096
0.583897
-1.37216
-1.42388
0.394291
-0.538511
0.927583
1.94642
-1.70023
-1.05356
0.335318
-0.185623
0.812235
-0.684281
-0.205235
0.128243
-0.576714
-0.160138
1.95388
0.00615138
-0.874666
0.965849
2.19559
-0.214697
-0.621173
0.0716414
1.28428
0.126612
1.10439
-2.13198
-0.18378
0.153529
-0.911895
0.117651
-0.342624
0.438031
-0.959365
-1.73842
-0.389117
-1.56982
0.239084
0.963132
-0.492022
0.774345
-0.370138
1.56051
0.624356
-1.48829
0.727129
0.652911
-0.599885
-0.393704
-1.53059
1.22962
-1.14967
-1.60631
-1.11131
-1.16178
0.103362
0.286539
-1.60195
0.810455
0.709702
0.240877
0.0907724
1.52016
-0.99067
-0.525688
0.371106
0.862324
-0.625984
0.648862
0.358064
-1.25918
-1.06472
2.1374
-0.301027
-0.154006
0.407643
0.670015
-0.230566
0.767516
-0.274365
1.19377
0.399384
1.15104
1.57109
-1.22269
-0.897304
0.339064
0.81988
0.94828
1.1719
-2.25328
-0.38394
-0.539173
-0.275273
-1.70915
-0.837034
-1.01307
1.08803
1.07841
0.320299
-1.03368
0.525353
-1.24475
-0.413831
0.66152
0.163656
-0.0318963
0.978057
2.31112
-1.10852
1.2568
-0.114442
-1.62684
0.0549854
-0.383445
0.0400151
-0.924267
0.271264
1.09294
0.0866012
-0.181618
0.018307
0.149599
0.199052
-1.2256
1.05565
-1.31111
1.41912
0.244653
0.0178325
0.0871635
0.357189
0.677918
1.58189
1.22449
0.167049
0.481164
0.180665
-0.235438
1.36103
-1.00237
0.477371
-0.482091
0.570095
0.989468
0.767274
-2.11584
1.59851
0.374748
0.741257
0.71413
1.84779
-0.27495
-0.597429
1.68885
-0.825618
1.65105
0.547928
2.48366
-0.0462446
0.621404
1.55374
-0.0331446
0.89194
1.09273
0.548914
0.0635367
-0.427894
-0.672509
-0.418256
1.00666
0.619411
0.887901
0.584754
1.8065
0.177347
0.23052
-2.16114
-1.25706
0.241529
-0.647162
-0.918647
-1.40031
-0.7342
-1.09604
-1.63947
-0.432084
0.521411
0.537821
-0.072422
-0.429273
-0.467972
0.198433
0.726425
-1.12516
-0.712549
-0.0622049
-0.164556
-1.04858
-0.277724
-0.460894
1.45573
0.402875
-1.17219
-0.780309
0.745482
-0.504224
-0.924992
-0.748791
-0.367206
0.0958692
-0.477778
-0.458892
-0.0501365
2.37004
-1.55188
-0.367307
0.732768
-0.0314204
-0.508557
0.194256
-1.20733
-0.504308
-1.03142
-0.711251
-1.1731
1.42048
-0.0203159
1.08875
2.06609
0.995772
-0.449728
-0.53536
-0.985814
-0.766777
-1.6377
-0.158849
-0.449881
-0.286037
0.683572
-1.21105
-0.80994
-0.0180744
-1.26839
1.07251
-0.0535785
0.227382
1.28359
-0.103628
-1.77085
0.707994
1.03079
1.53023
1.03997
-0.591566
-0.538166
-1.43314
0.417385
2.10129
-0.431062
-0.613273
0.0984868
0.0621717
-0.673452
0.896851
-0.104572
-0.164832
-1.34516
-0.230638
-1.17971
-0.370385
1.00143
-2.27761
-1.05653
0.438604
-1.71632
0.965691
-1.37101
-2.47079
0.177362
0.0442736
0.693676
-1.17989
0.352049
0.719683
-1.61027
1.89133
1.05113
-0.246491
-0.841358
-0.604243
1.77923
1.46996
-0.698954
-0.491638
-0.112381
-0.112855
-0.430997
1.36379
-0.745507
-0.131348
0.575562
0.537721
-0.0798631
1.48069
1.03022
-0.0755602
1.45949
-0.674649
-0.822184
-0.758347
1.39121
-0.566635
-0.245481
2.70028
-1.06393
1.51224
-1.02982
0.27921
-0.569863
0.768575
0.78882
-0.576568
0.515901
1.23764
0.655101
0.486114
0.175487
0.172614
0.184375
0.434159
0.812537
-1.50837
-0.89163
0.582441
0.113363
-0.925901
0.863163
0.730089
-0.448011
1.64076
0.100636
0.524716
0.256957
-0.578608
0.234597
-1.24617
0.529273
0.609649
-1.16905
0.778678
0.617387
0.784386
0.271536
0.969662
0.574617
-1.06746
-0.268647
0.21029
-0.497189
0.205964
-0.0422938
1.62352
-0.602335
0.170526
0.551278
0.76694
-1.28582
0.411613
0.595383
-2.10767
0.154978
-3.49292
0.0371827
-0.852203
0.45936
-0.123111
0.166322
0.76014
2.55895
1.05384
-1.22348
0.516337
-0.838596
-1.68608
-0.0528654
-0.863728
0.7017
-0.0336191
1.50116
-0.467965
0.228795
-0.733079
0.577543
-0.535133
0.350788
-1.11304
-0.823899
-0.526195
-0.0418505
-1.23888
-0.824835
-0.222736
-2.24569
0.536037
-0.285406
-0.760493
-1.53313
0.880775
-0.113085
-0.455007
-0.286622
-2.82456
-0.30737
0.366641
0.286774
0.271986
-0.309461
-0.171919
-0.568549
1.36099
0.494255
-0.149174
-0.632618
1.07895
1.39961
0.268343
1.58256
0.419077
1.45925
-0.128636
-0.412764
-0.588143
-0.838001
-0.0972756
1.4506
-1.07052
0.537885
0.757039
-1.2386
0.226637
-0.180206
-0.0210086
-0.940287
-1.49642
1.01052
-0.272221
1.03279
-1.13302
0.696621
-2.22709
0.245353
-1.6595
-0.169056
1.10777
0.0983676
0.0444809
-0.435736
-0.271101
-0.99473
-0.262797
-0.270413
-1.17852
0.624569
1.01828
0.535982
0.329626
-0.885186
-1.01889
-0.748567
1.37299
-0.605761
-1.8845
1.32477
0.482967
-0.0921705
1.04848
0.503314
0.397157
0.820106
-0.33101
1.67759
-1.062
-1.0088
-0.917558
0.574454
0.0746491
0.75639
0.604682
-0.54689
0.97145
-0.622904
0.636297
1.10025
-0.455383
1.51836
-0.15264
0.372818
-0.047085
1.0288
-1.79168
0.276757
2.16691
1.01365
-0.222869
-2.46133
0.385896
1.90326
-0.498453
0.0750842
-1.35228
0.580432
0.696586
0.82414
-0.369915
-2.03875
-2.21637
0.964289
1.17223
-2.06343
0.0548431
1.11359
1.10189
0.121998
0.942396
-0.656839
0.511338
0.387647
-0.780166
-0.174682
-1.16474
1.58936
0.857207
0.774782
0.619301
-0.583863
0.725858
0.511502
-0.862563
0.446512
-0.000902193
-0.423911
0.586392
-0.185624
0.61191
-0.100768
0.544194
-0.0563806
0.136825
-1.24272
-1.57976
0.417947
0.252944
-0.0159235
-0.279722
0.407191
-2.322
-0.604235
0.130533
-2.58847
-1.37733
1.442
0.176325
0.988073
-0.495126
1.10054
0.431472
0.582042
-0.749828
-1.22686
-1.66107
1.44375
1.14211
0.550026
0.517576
0.780452
0.349673
-0.422379
-0.0411448
-1.29788
-0.0792236
1.12905
0.330618
-1.52717
0.0657728
0.816797
-0.564046
1.04737
-0.712823
0.939792
0.0875778
0.469014
1.04727
-0.0923922
0.036921
0.122624
0.648385
0.238608
