0.813951
0.303329
-0.163095
-0.078755
0.615055
0.253588
-0.35166
0.212729
-0.0323063
0.0402675
-0.0118003
0.0285681
0.332756
0.0925742
-0.506441
-0.365557
0.905485
-0.626115
0.0465923
0.145159
0.147829
0.539955
-0.601509
-0.998848
-0.634204
0.243539
-0.238631
0.126199
-0.240345
-0.65693
0.415518
1.06967
0.85168
0.309818
-0.0131609
0.948171
0.0165186
-0.454665
-1.26095
0.660247
0.692738
0.840496
-0.0310308
0.127562
0.329461
0.405927
0.111695
-0.406391
-0.0465787
0.52574
-0.228729
0.249004
0.772765
0.362779
-0.339572
0.118882
-0.288176
0.19979
-0.161568
-0.250645
0.327547
0.51202
0.647679
-0.0119925
-0.550645
-0.287441
-0.195037
-0.570603
-0.0388408
-0.232393
0.372101
-1.12611
-0.274133
0.484753
1.28672
-0.0616902
-0.541423
0.662998
-0.0850505
-0.0165904
0.098038
-0.236658
0.572664
1.3887
0.268456
0.272102
-0.796671
0.0303721
0.439343
0.710781
-0.455183
0.50662
-0.747625
-0.0802608
-2.29054
0.666346
0.491368
0.646678
0.249483
-1.32627
-0.841367
-0.0551481
-0.479938
-0.187079
-0.408221
0.248969
-1.09533
-0.00388186
-0.72497
-0.257545
0.522209
0.22847
0.740527
-0.240672
-0.715642
0.428718
-0.342886
0.377423
-0.279908
0.1344
0.879413
0.628276
0.377145
0.141007
-0.692435
-0.871203
0.0417826
0.726198
-0.43333
0.61426
-0.716853
-0.779912
-0.51315
0.454739
-1.02233
0.0971274
-1.46695
0.116706
0.652665
0.63241
0.200045
-0.781606
0.453643
-0.41044
0.990805
-0.690938
1.07619
0.384266
-0.592185
-1.04282
0.717168
0.221036
1.21083
-0.211109
0.911511
0.51689
-0.309022
-0.906748
0.095521
0.590337
0.658042
-0.874646
-0.383407
-0.335683
0.26133
0.00486882
0.13737
-0.292867
0.493719
-0.513517
0.295798
-1.00968
-0.344498
-1.91465
-0.839216
-0.213456
0.0691077
-1.0952
0.502485
-0.1631
0.116343
0.0533216
0.75624
-0.473066
0.455564
0.255111
-1.03349
-0.502476
0.0371173
-0.356454
0.651643
0.0481534
0.722131
-0.201601
0.931155
-0.264792
-0.805965
0.0194238
0.488395
0.242351
-1.12906
-0.453822
0.0997233
-0.231625
0.422388
1.34164
-1.21211
-0.289637
0.790212
-0.339453
0.522375
0.101259
-0.93907
-0.0139648
-0.00629464
0.534281
-0.962303
-0.527954
-1.39009
-0.294903
-0.262175
0.0110811
-0.0320536
0.601477
0.73934
0.306631
-0.869738
0.568347
-0.381785
1.10156
0.353858
-0.171293
0.0800693
0.66368
1.53505
0.254023
-1.96503
0.0255477
-0.0653277
-0.0850942
-0.766485
0.136887
-0.739561
2.34898
-0.500361
-0.719844
-0.145423
-0.0481867
1.1343
-0.0555339
-1.74401
-0.0685702
0.249124
-0.823636
-0.233858
-0.596005
0.0732504
0.238206
0.610095
0.138067
0.494992
0.132155
-0.84113
-0.664269
1.19517
0.174644
1.19433
1.0159
-0.423299
-0.292182
-0.658305
0.17705
0.555556
0.586783
0.669861
-0.312689
-0.34723
0.31947
-0.636479
0.869701
0.879992
-0.0489538
0.27673
-0.770924
0.813423
0.375703
-0.0398801
0.54018
0.531666
0.673014
0.283213
-0.368503
0.238646
-0.108058
-0.473241
0.257109
0.484189
-0.559253
-0.254124
-0.791172
-1.14647
-0.949565
0.322566
0.214651
-2.55578
-0.83356
0.267819
-0.518763
0.381126
-1.31136
-0.122351
0.548127
-0.178088
-0.15785
1.48841
0.605084
0.544729
-0.800898
-0.483622
0.584219
-0.445642
0.582469
0.284722
0.170373
0.0792712
0.647851
-0.548748
-0.0429834
-0.281735
-0.334955
0.694515
0.0778164
0.255404
0.335805
0.34809
0.431071
-0.116806
0.380424
0.806802
-1.07799
0.10616
-1.01968
0.651764
-0.900544
0.391771
0.429034
0.940217
-0.363921
0.84624
-0.132886
-0.289403
-0.896694
0.166745
-0.822267
0.0879238
0.0167195
0.333108
-1.43001
0.608348
-0.834875
0.612892
0.565255
-1.06265
0.46221
-0.137542
-0.908447
0.909195
-0.675062
-0.105835
-0.143225
0.500771
0.199048
-0.877143
-0.203494
-0.729861
0.223917
-0.783227
0.450283
0.873046
-0.312204
-0.576673
0.370343
-1.06517
0.588949
0.217642
0.0480033
1.13656
0.444508
1.34641
-0.172751
0.0459922
0.527467
-0.213151
-0.598419
0.487854
-0.18341
0.512347
0.0886679
-0.165479
-0.518121
-0.122477
0.0189989
0.87191
0.830572
-0.144001
-0.484529
0.256725
0.213572
-0.0904099
-0.0552468
0.703427
-0.557611
0.198353
-0.387297
-0.550075
-0.404998
0.944331
0.776751
-0.469647
-0.174653
-0.36476
1.06463
-2.01255
-1.1654
0.278194
-1.12238
-0.474915
0.0245154
-0.860199
-0.319258
-0.118501
-1.14565
0.260626
-0.704738
-0.120826
0.0940021
-0.80896
-0.989309
-0.504535
0.0918692
-0.527604
-0.175962
0.341274
-0.555941
-0.851817
0.0079467
0.561988
0.825488
0.114756
-0.822176
0.389131
-0.0429535
0.819196
1.41217
0.615126
-0.59896
0.640903
-0.364449
0.191714
-1.02509
0.0641444
0.2018
-0.798729
0.172041
0.742514
-0.371648
-0.392158
0.588719
-0.551562
0.365164
0.00133418
0.358206
-0.065504
-0.226195
0.293886
-0.0647189
-0.546482
-1.04727
-1.61828
1.06628
-0.411992
-0.624386
-0.377534
-0.555175
0.255532
-0.421597
0.572157
1.21919
-0.742956
0.55067
0.0994416
0.471734
-0.140268
0.0826227
-0.362072
0.0536915
-0.0221534
0.00524
0.0443074
-1.07636
-0.672409
-0.616495
0.159752
-0.578177
-0.268442
-0.613403
-0.307025
0.0528077
0.495249
-0.669013
0.105548
0.0869437
0.457383
-0.139689
-0.951347
-1.04294
-0.521235
-0.0797094
-0.124373
-0.396658
-0.209802
-1.02287
0.830084
-0.00662833
0.589961
-0.448641
0.52022
-0.0584494
-0.246409
-0.214554
0.0371346
0.0699412
-0.103911
0.739274
-0.361028
-0.194581
0.426578
0.175653
-1.10539
-0.0316229
0.494044
0.581686
-0.0086392
-0.110032
-0.985154
-0.663812
0.00901233
0.220461
-0.0154125
0.0270444
-0.631292
0.816018
-0.436979
-1.24505
-0.989355
1.20406
-0.0415766
-0.101142
-0.275123
0.514412
0.90445
-0.321695
0.298623
0.656606
0.406072
1.16168
-1.03975
0.253931
-0.0430453
-0.663065
-0.34916
-0.620692
0.627442
1.03658
0.927642
-0.663655
0.716426
-1.60319
-0.201546
-0.391824
0.933468
-0.596417
0.689828
0.584865
0.305416
0.137987
0.172556
-1.00912
-1.04546
-0.0862342
-0.181068
-0.550131
0.759772
-0.368169
0.380303
0.651782
0.849041
0.193245
-0.0618094
0.539453
1.14651
-0.180888
0.710757
0.462457
-0.0359753
0.737971
0.788943
0.603644
0.606488
-0.988755
-0.165316
-0.352995
-0.345254
0.208897
-0.308024
1.30212
0.130593
-0.229081
0.373217
-1.14528
0.424592
-0.528494
-0.520423
-0.520561
-0.0917843
0.286944
-0.546791
-0.157161
0.334612
-1.22926
-0.25724
-0.611218
-0.199471
0.501535
0.614861
-0.368742
-1.86128
0.455622
-0.215603
-0.143161
0.170042
-1.82764
0.04391
-0.868315
-0.358922
-1.31091
-1.04815
0.00247614
1.18389
-0.652889
-0.648163
0.133537
0.321593
-0.178267
-0.343631
-0.0032678
0.959285
-0.0245467
0.326075
0.00300889
0.102968
-0.894812
0.418481
-0.800271
-0.618651
1.29471
0.13801
-0.245268
-0.0166288
0.259772
-1.03376
-0.181592
-0.0327766
-0.446052
0.193299
-1.64418
0.239902
0.882959
0.73738
0.730989
0.918043
1.41668
0.53254
0.328623
-0.77592
-0.529322
0.615548
-0.248344
-0.550424
0.206015
-0.697564
-0.519238
0.646243
0.412683
2.41943e-05
-0.361503
0.456035
-1.61274
-0.252413
1.01802
-0.0219756
-1.15512
0.553876
-0.312158
-0.440883
-0.455812
0.207833
1.1761
-0.688411
-0.0638558
1.00981
0.520418
-1.78418
0.226975
-0.236619
-0.169625
-0.565991
-0.495146
-0.2466
-0.789085
0.576225
-0.47489
-0.0226615
-0.0997327
-0.232393
0.0885959
-0.461925
-1.20749
-0.20992
0.121657
-0.445239
0.100934
0.449146
-0.313031
-0.109139
0.587183
0.0181678
-0.766247
-0.440923
0.366394
-0.472637
-1.63207
-0.47327
-0.188622
0.240354
-0.987132
-0.313273
0.441791
-0.164303
-0.0768512
-1.23383
-0.496276
-0.0479703
-0.926732
0.602168
-0.158927
-0.0111048
-0.867158
0.297066
0.342429
0.116908
0.116045
-0.837717
0.172494
0.0681544
0.247547
-1.5383
0.388212
0.913392
-0.177666
-0.280654
1.38077
-0.329067
-0.216434
0.819494
1.69553
0.309717
2.18989
-0.861527
-0.679652
0.802604
-0.53025
0.00221188
0.253089
0.978078
0.0940491
0.720436
-0.0626505
-0.384794
0.270562
-0.0199353
-0.85087
0.130342
1.14266
0.350336
-0.0647987
0.336978
-0.898892
-0.420477
0.428202
-0.825551
0.347668
0.0794031
0.239349
-1.17122
-0.554922
-0.585067
1.19054
-0.234921
0.302344
0.687847
0.18743
0.661264
-0.645554
0.307746
0.771238
0.571779
1.34361
0.423222
-0.327698
0.400776
0.182978
-0.920236
-0.846165
0.248648
-0.0223081
-0.629391
0.57431
-0.217106
-0.105188
-0.407966
0.553895
1.17875
-0.250335
-0.64958
0.387807
-0.173247
-0.789768
0.32231
-0.304279
0.224303
0.791323
0.201814
-0.887949
0.384476
-0.337177
-0.336642
0.286204
-0.807062
0.000493958
0.0617939
0.200042
-0.185989
-0.00437609
0.0153992
0.844741
0.062594
-1.28405
-1.23356
-1.07702
-1.03582
0.708859
-0.702431
-0.370831
0.0986507
-0.333374
0.017969
0.771446
-0.263399
-0.387727
0.0563055
-0.156286
0.179991
-1.07985
0.806925
-0.358929
-0.949924
-0.532981
-0.653181
0.279173
-1.1349
-0.819962
0.718789
-0.905784
0.834074
-0.942347
-0.28984
-0.895938
-0.000345399
-1.55545
-0.296816
0.158616
2.13432
-0.10287
-0.641794
1.09182
-1.4951
-0.467118
-0.407289
0.707993
-1.7201
0.18155
0.27633
-0.0602481
0.154222
-0.306387
-0.43212
-0.0815383
0.438344
0.639583
-0.929227
-0.0563416
-0.302989
-0.738516
0.0470432
0.0765299
0.204087
0.312986
-1.04624
-1.09117
0.246183
-0.561451
-0.0959345
0.476068
0.243422
0.174069
0.63289
-0.72529
0.474624
1.10815
0.208907
-0.10457
-0.0151903
0.86478
-0.191114
-0.820523
-0.258141
1.23333
0.133853
-1.72185
-1.15865
1.41613
0.227559
1.08696
-0.627923
0.13006
0.918687
-0.45838
-0.0692699
0.155239
0.414853
-1.59813
-0.00622901
-0.494424
0.506801
-0.612515
-0.179501
-0.334847
-0.635018
0.49635
-0.315857
0.465082
1.30344
-1.16536
-0.185373
-0.817209
-1.40287
0.585317
-0.324522
0.931318
-0.139063
-1.31446
0.657318
0.383974
0.275312
-0.613405
-0.55853
-0.105455
1.65672
1.24463
0.686334
-0.0831676
-0.494679
-1.49891
0.614369
-0.548022
-2.24621
0.585704
-0.540647
-0.401566
1.15065
-0.157675
0.250432
-0.0859336
0.0719301
-0.719165
0.746068
0.886668
-0.0985576
-0.548017
0.243546
0.936189
-0.171227
0.540787
0.843527
0.0122305
-0.325586
0.734991
-0.453381
-0.0676795
-0.759575
-0.0537993
-0.192229
-0.299094
-0.132611
-0.392355
0.0462041
0.139469
-1.14851
-0.115351
-0.344017
-0.121225
1.10105
-0.466288
0.411107
-0.832861
0.140295
-0.617263
0.533551
-0.0131988
-0.485233
0.162591
0.520564
0.767649
-0.603908
-0.311882
0.197116
0.305478
-0.741549
-0.542268
-0.879044
-1.79089
-0.620626
-1.03177
0.0871386
-0.0334384
0.035159
0.19711
-0.329602
-0.745301
0.894101
-0.861141
-0.16702
-1.07056
-0.348078
-0.222213
0.510808
-0.357094
0.448533
0.777606
-0.268181
0.392945
-0.146301
-0.22465
-0.632191
-0.0134562
0.319921
0.406851
-0.977777
-0.125847
-0.886508
0.22811
-0.927626
0.716549
0.0918379
-0.0491695
0.119335
-0.234459
-1.21746
0.420634
0.226661
-0.536154
-1.74098
0.171877
0.0767386
0.710481
0.884901
0.524751
0.0570599
0.787498
0.0249717
0.679609
1.61196
0.381834
0.576845
0.356181
0.350241
-0.789501
-0.26996
0.385236
0.215174
-0.681732
0.290148
-0.323782
-0.290961
-0.797107
-1.05493
0.681203
-0.308422
-0.544022
-0.560429
-0.0756803
-1.00699
0.996897
-0.602787
-0.411954
0.473818
-0.569282
0.245498
-1.87052
-0.183457
0.705099
1.17664
-0.0293483
-0.394414
-0.504258
-1.26154
0.653517
0.490806
-0.62897
0.0733691
-1.0151
-0.695971
-1.6872
-0.039743
0.386548
0.426831
1.45102
-0.768709
1.10023
-1.81
-1.69489
0.747368
-0.521647
0.93233
0.260317
-0.0188291
0.33843
-0.182108
-0.0947
-0.0690041
0.293998
-1.28163
0.491401
-0.120191
-0.0489087
0.591709
-0.617285
0.489544
0.341301
0.180573
-0.057898
-1.23366
-0.443823
0.58613
0.507993
1.20893
0.361419
0.30498
-0.791423
0.0128649
-0.711107
0.359278
0.693262
0.300408
0.0546767
-0.86761
0.405274
-0.205759
1.55824
-1.07722
0.202911
-0.0952391
-0.783649
0.44782
-0.434135
-1.1134
-0.36114
0.568496
-0.357487
-0.127641
-0.0588973
-0.140161
0.803591
0.27793
0.963446
-1.02257
-0.25777
0.465323
-0.259667
0.42906
0.260917
-0.288901
-0.614
0.297461
-1.05053
-0.44354
0.835895
0.518848
-0.177649
-0.569406
1.16055
0.529442
0.175773
0.859802
-0.590528
-0.124511
0.192243
0.517419
0.128828
-0.444899
0.286104
0.672627
-0.272031
0.244319
0.896343
0.167152
-0.247188
0.366249
0.750881
0.0224835
-0.667638
0.478496
-1.02649
0.741359
0.650158
0.100256
1.24037
-0.579847
-0.75079
-1.01939
-0.737096
-0.309784
-0.0204793
0.443435
0.459614
0.210086
-0.531394
0.39959
-0.736831
0.625677
0.30657
0.276746
0.318742
-0.0889926
-0.319578
-0.429842
0.644573
-0.133563
0.338749
0.744707
-0.308859
0.94702
0.745368
0.592605
0.654286
-0.264153
0.85711
0.573187
-0.63092
1.38661
0.210959
-1.63271
0.50633
-0.421421
0.030139
0.799392
0.267738
-0.437652
-1.16344
0.0297641
-0.0203606
0.778915
0.616643
-1.50977
-0.817358
0.894084
0.897019
1.26779
-0.779463
-1.68682
0.572798
-0.17802
-0.723534
0.806059
-0.345842
-1.08824
-0.007337
0.946983
-0.028531
0.0087245
-0.0406873
-0.49561
-0.47703
-1.63254
0.256994
-1.23594
-0.463945
0.80689
-1.14425
1.25416
0.243672
-0.147253
-0.967738
-0.243736
-0.106781
0.303737
0.0235232
0.414184
0.202817
0.274394
0.785002
-0.301798
-0.468996
-0.241972
0.293693
-0.0184108
0.105436
0.494916
-0.467132
0.110173
-0.927992
0.865785
-0.934872
0.273752
-0.83618
0.318359
-0.572987
-0.705708
-0.63308
0.686468
-0.571834
0.416989
0.253291
0.392681
-0.324131
-1.18076
-0.374494
-0.485395
-0.344544
-0.0712825
-0.425884
-1.28128
0.1099
-0.0107331
-0.384184
0.44905
-0.374748
-0.184841
-0.273658
0.802393
-0.238672
-0.591169
-1.4465
-0.426489
0.836657
-0.108618
-0.486275
-0.378669
0.269066
0.264995
0.743137
0.142387
0.143423
-0.846251
-0.630778
-0.102036
0.910774
-0.439517
-0.530259
-0.437347
0.366219
0.409405
0.146062
0.859043
0.0471163
-0.641682
-0.415035
-0.171531
-0.447181
-0.622628
-0.316644
-0.511006
-0.240033
0.713267
-0.0524265
0.277041
-0.540175
-0.0764154
0.123258
0.906724
-1.0339
0.178704
-0.289554
1.63478
0.799985
-0.676529
-0.894614
0.0128507
1.39373
-2.02719
-0.0416266
0.949813
0.399716
-0.36594
0.669668
-0.354241
-0.0667056
-0.0500886
0.760419
1.36175
0.543319
0.0232006
0.23076
-0.914554
-0.0428062
0.69362
-0.446359
0.294707
1.3766
-0.154404
-0.640266
-0.353202
0.746284
-1.29168
-0.13968
-0.177559
0.334405
-0.701281
-0.384579
-0.928039
-0.102285
-0.542121
-0.696054
0.233255
-0.16242
-0.228716
0.116711
0.650597
-0.3961
-0.44357
0.591084
-0.701142
-0.052282
-0.00343088
-0.46829
0.854933
0.0105888
0.57138
-0.901239
0.106586
0.405141
-1.64057
1.10761
-0.939716
-0.295222
-0.107266
-0.0325453
-0.383368
0.0847951
-0.932631
1.05652
0.253212
0.35737
0.571942
0.16262
-0.192997
1.32145
-1.15881
0.1432
-0.514803
0.389858
-0.547637
0.155267
1.31332
-0.796906
-0.534306
1.1004
0.779952
-0.204638
0.468443
0.769216
0.247292
-0.204121
0.732033
-0.312281
-0.446832
0.368353
0.269012
0.179682
-1.21128
0.0279951
-0.238731
0.427881
0.735232
-0.227929
0.584314
-0.384433
-1.10661
0.0757553
-0.344815
0.10661
0.0282946
-1.17436
-0.613429
0.166293
0.0660008
0.123777
-0.373315
-0.93394
0.66633
0.843181
-1.05404
0.211491
-0.233519
-0.385898
0.655538
1.29004
-0.140041
-0.585359
-0.667058
-0.590634
0.484291
-1.18233
0.770561
-0.568601
-0.07935
-0.982584
0.311005
-0.0455706
-0.570955
0.936729
0.687364
0.295777
0.693811
0.00972636
0.7212
-0.0254691
0.586482
0.0368317
0.432533
0.137176
-0.459119
-0.918408
-0.506796
-0.402149
0.374807
0.542514
0.122987
-0.290884
0.46365
-0.206974
-0.190625
-1.12213
-0.309749
0.884629
-0.279804
-0.156154
0.0251957
0.452418
-0.201889
1.01448
-0.840277
0.341391
0.106525
-0.23292
-0.428144
0.581406
0.768137
0.100489
-0.122268
-0.425951
0.97311
-0.225057
0.440047
-1.34876
-0.301541
0.279216
0.247405
0.296342
-1.41762
0.354875
-0.24043
-0.00286632
-0.30455
-0.0544683
-0.594825
1.24372
0.795586
0.0799128
-0.389127
-0.0442801
0.254167
0.598223
-0.417341
-0.673443
0.885475
-0.678949
1.0446
-0.0661803
0.21841
-0.130731
0.546578
-0.303921
-0.943884
0.371916
-0.861823
-0.540324
-0.11814
0.325026
-0.797353
-0.60855
-0.171348
-0.29028
0.0328216
-0.544477
-0.040116
-0.133236
0.279071
0.174825
0.189651
-0.0694635
0.0665965
-0.145213
0.320722
0.198114
0.0123586
0.214269
-0.0550222
0.139915
1.05572
-0.292954
-0.335349
-1.38731
0.956923
0.674425
-0.0655529
-0.102674
0.355571
0.154302
0.281683
-0.270752
-0.287622
-0.903278
-0.256382
-0.0179926
-0.671245
-0.5363
0.241948
-0.382146
-0.123034
0.890445
-1.28438
-0.430153
-0.959833
-0.168402
0.0333837
0.862472
-0.442364
-0.132644
-0.26529
-1.22808
1.47182
0.115446
-0.506319
-0.198929
0.342198
0.245244
0.173835
0.250396
0.0474371
-0.65013
1.02558
-0.49062
-0.619168
0.120469
1.01039
0.0941565
-0.813835
0.757564
-0.319262
-0.652506
-0.211291
0.632254
-0.377333
0.00107584
0.372189
0.0263626
0.277684
-0.234073
0.0352466
0.505746
-0.533558
-0.0347641
-0.286174
-0.531105
0.0573353
0.15612
0.0758027
0.0129076
-0.516352
-0.250945
0.116984
-0.213841
0.74905
-0.766155
-0.174357
0.372793
-0.160602
1.06847
0.389982
-0.214758
-0.387385
-0.338763
0.524067
-0.398524
-1.13933
-0.540826
-0.834245
-0.247089
1.21124
0.779963
-0.50027
-0.114145
0.530512
-0.186136
0.350388
-0.453325
0.697742
0.0978856
-0.376687
-0.460507
0.298594
0.441782
0.01042
-1.38892
-1.01176
-0.035909
0.505239
0.627775
1.18581
-0.176023
0.0650117
0.309725
-0.404418
-0.519371
1.15293
0.547093
0.0405495
0.0379793
-0.677841
-1.37656
1.14706
0.278587
0.168915
-0.640514
0.109741
-0.359723
0.194142
-1.20119
0.395168
-0.403792
-0.615034
-0.816562
-0.532791
-0.46992
0.299914
-0.53135
0.6783
-0.342818
0.658213
-0.812585
0.591676
0.363911
-0.0726093
0.420277
0.279706
-1.39849
-1.75275
-0.0479266
0.412224
0.219883
0.608661
0.388324
0.129303
-0.401743
-0.963787
-0.109078
0.832248
0.454537
0.805259
-0.00302044
0.553731
0.335768
0.310134
-0.390769
0.0396432
0.309581
0.343813
0.617428
-1.49996
-0.582762
1.93735
-1.43057
1.02146
0.666642
0.888261
1.0598
-0.361707
-0.170145
-0.134499
0.507198
0.0467957
0.781472
-1.116
0.57992
0.531136
0.195707
-0.115005
-0.408513
-0.266536
-1.17637
0.322663
-0.596998
-0.906838
-0.108618
-0.247338
1.45087
-0.0558181
-1.39299
0.135763
0.335583
0.252516
-0.177729
-0.798276
0.207783
1.60047
-0.676811
0.440794
0.982005
0.284009
0.236495
0.0099185
-0.423815
-0.718462
-0.818013
-1.18178
-0.178862
-1.7579
0.954701
-0.0735006
-0.681474
-0.68217
0.00863347
-0.208269
-0.00116704
-0.0243667
-0.664869
0.780446
-0.700978
-0.22898
-1.07149
-0.274902
-0.324709
0.615629
0.70348
0.105105
-0.484672
-0.348287
-0.49512
-0.505209
-0.322976
0.92147
0.820906
0.43856
0.192448
-1.7792
0.25287
-0.21319
0.337555
-1.07163
0.541162
-0.793631
-0.217963
1.0916
-0.677234
0.00391284
-0.496195
-0.275413
-1.08915
-0.310865
-0.0514609
0.329209
0.438234
-0.340742
0.329123
1.6356
0.910079
-0.398268
1.42712
-0.380349
-0.261227
-0.110607
-0.559238
0.273381
-0.11887
-0.164138
-0.0781368
0.291344
-0.614062
-0.270348
1.0922
-0.582664
0.408289
0.462258
-0.660864
-0.614168
-0.265825
0.679605
-0.24764
0.943626
0.240611
-0.488238
1.29788
0.383647
-0.305259
0.748289
-0.210937
0.232621
-0.71767
-0.0327277
0.760846
1.15986
-0.531187
-0.834912
-0.054393
-0.121056
0.764536
-0.293216
1.03377
0.0409314
-0.927977
0.744906
-0.399713
0.425029
-0.722497
0.0615788
-0.273372
-0.507237
-0.129936
0.125001
-0.56424
0.868553
-0.130928
0.906908
-0.634745
0.85714
-0.174091
0.30356
-0.0836677
-0.414669
-0.365313
-0.273005
-0.0592116
-0.598858
-0.312108
-0.659799
0.0608926
0.480572
-0.374762
0.353274
-0.155735
0.685137
-0.311471
-0.187727
0.571951
0.303924
1.02348
-1.01136
0.753158
-0.459712
-0.0773122
-0.346028
0.0929115
-0.291381
-0.295289
0.262525
-0.900704
-0.489905
-0.393019
0.323662
-0.264081
-0.269178
0.536015
0.289517
-0.749761
-1.47574
-0.845998
-0.563161
0.56166
0.391739
0.191938
-0.444254
-0.231381
-0.429936
-0.523484
0.224005
-0.330058
-1.62694
-0.15902
1.4284
0.194653
-0.834931
-0.307058
-1.22577
-0.301537
-0.0220326
-0.0566959
0.946879
-0.554431
0.970702
-0.502812
1.01445
0.658243
0.257051
-0.0242979
0.41472
0.48947
-0.0715387
0.254344
-0.858551
-0.43184
-0.566241
-1.23318
0.359404
0.180529
-0.228431
1.30402
-0.437296
-0.948334
-0.39598
-1.23117
0.309685
-1.34972
0.0418208
0.979029
-0.129814
1.30563
0.449876
0.766156
0.17121
0.320898
0.0360361
-1.16466
0.757672
-1.76737
-0.0557428
-0.0771351
0.64114
-0.0459709
0.607272
0.141797
0.518127
-0.695635
0.251599
-0.321158
-1.0528
-0.42207
0.314455
-0.327553
1.20396
-0.371353
0.953943
0.303543
-0.455122
-0.243334
-1.11078
-0.73842
-0.930371
-1.03916
-0.701571
0.389857
-0.421459
0.359683
0.449851
-0.686721
0.386483
0.000101138
0.64678
0.627498
-0.339588
1.56475
-0.756668
0.952454
-0.0262839
0.0339985
-0.0167923
1.72119
-0.235106
-0.979381
-1.75933
-1.07234
-0.409188
0.338556
0.316006
0.00779369
-0.252181
1.11243
-0.453062
0.522834
0.888474
0.043542
0.232674
0.522813
0.253839
0.383967
0.403315
0.594476
-0.317734
-1.30381
-0.627115
0.741697
-0.135474
0.432017
-0.0891513
0.374142
-0.102906
0.327503
0.418176
0.508955
-0.35429
0.667336
0.151417
0.757692
-0.198603
0.348079
-0.614098
-1.32701
-0.83379
1.10363
0.883101
0.32502
-0.301407
0.836426
0.538329
0.14928
0.567801
-0.115815
0.0480534
0.0531334
0.172683
-0.541565
0.267132
-1.15068
-0.446201
-1.00216
1.21353
-0.999762
-0.880269
0.37942
0.63803
0.707026
0.460343
-0.755428
0.972066
-0.216033
0.311518
-0.181411
-0.751479
1.23879
-0.0284344
-0.103351
0.39046
0.599407
0.846228
0.441686
0.138972
0.509951
0.198101
0.629017
0.282701
-0.979952
-0.0943718
-0.90707
0.738273
-0.463515
0.762238
0.626991
1.0456
0.86598
0.454798
0.437974
1.10169
-0.0898439
-1.24648
-0.498899
-0.235849
-0.68625
0.62827
0.245259
0.280475
0.117692
-0.20497
0.540955
-0.0990536
0.966937
0.564996
0.253516
0.560877
-0.789911
-0.182954
-0.11775
-1.13384
0.538859
0.154188
0.633193
0.80629
-0.115296
-0.257742
0.0466021
1.42604
0.592349
-0.271321
0.0603503
0.128664
-0.201631
0.0154049
-1.24197
0.726333
-0.0765595
-0.942657
0.252964
0.27079
-0.339253
-0.969436
0.236987
0.572483
0.0856331
-0.245615
-1.42881
0.371122
0.76409
0.362195
-0.554599
-0.109563
-0.245879
-0.338559
0.630773
-0.345115
-0.0380073
0.702022
-0.396046
-1.68754
0.417998
1.23528
0.331114
-0.0097336
-0.141729
-0.478409
0.66137
0.343075
0.154127
0.419603
0.36586
-0.456193
0.332133
0.447305
0.146564
0.0436332
1.133
0.650696
0.0572807
0.373345
-0.111826
-0.410874
-0.440084
-0.935321
-0.651218
-0.830093
-0.760908
0.681211
0.393908
0.0506296
0.245196
0.67045
-1.21102
-0.654818
-0.618807
-0.189066
-0.0899292
-0.830356
-0.467447
-1.06727
-0.371671
0.438203
1.07137
-0.680876
0.0655266
0.603289
-0.728313
0.235399
0.445034
1.02968
-0.0767995
0.830802
-0.43902
-0.873331
0.76436
0.412218
0.275463
-0.554986
-0.417851
0.11303
-0.251445
-0.932467
0.390232
0.488197
0.839209
-0.92431
-0.45768
0.524418
-0.325293
0.107824
-0.300139
-0.609185
0.520714
0.627308
-0.642377
0.164037
-0.452218
-0.255263
0.797471
0.507108
0.539655
0.5931
-1.51861
0.117066
-0.403928
-0.705631
-0.683502
0.427789
-0.160388
-0.658385
-0.188069
-0.474576
0.8761
0.56264
-0.277201
-0.812004
-0.0700346
0.799187
-0.00278796
0.228625
-0.0342034
-1.15282
0.372122
0.186078
0.376335
0.229035
1.28539
0.123531
0.379329
0.262187
-0.40602
0.268767
-0.10302
0.0870798
-0.65915
0.0130863
0.292362
-0.0243805
0.375263
-0.0982474
-0.72881
-1.80144
0.534018
0.816152
0.607216
0.333726
0.115083
-0.332672
-0.403252
-0.646036
-0.784048
1.00608
-0.128453
0.00609105
-0.301331
-0.235656
-1.07177
-0.904697
1.31558
-0.0632719
-0.176211
-0.195278
-0.151468
-0.51556
0.693501
-0.164899
-0.315188
0.0398982
-0.536471
-0.00664142
-0.101215
0.366087
-0.535068
0.692404
-0.381629
1.7612
0.930358
0.873341
-0.694221
0.25855
-1.71606
1.11756
-0.485981
-0.968136
0.892919
0.51981
-1.35517
-0.285562
0.723802
-0.973656
-0.854195
1.3111
-1.45319
0.376824
0.552856
0.828544
0.566336
0.519552
0.201685
0.550635
-0.644847
0.120378
-1.00746
0.8232
0.0911567
-0.567795
-0.13085
0.901205
0.0326954
0.637204
-0.139117
-1.15883
-0.146405
-0.503194
0.157383
0.888895
0.602672
1.22951
0.848033
-0.758106
-0.323913
-0.212214
0.44058
-1.14118
-0.352109
-0.904172
-0.232862
0.752988
-0.173257
0.0234889
0.472632
-0.26927
-0.0410826
0.191405
-0.632529
0.896395
-1.36888
-0.363779
-1.01517
-0.0710827
0.359675
0.0747646
-0.0992907
0.0402557
-0.220252
-0.27284
-0.983361
0.327732
-1.19166
0.424388
0.508781
-0.722899
-0.064595
-0.031366
0.0155422
-0.326391
-0.0394414
-0.0813416
-1.38941
0.385009
0.269654
0.434146
0.404077
-0.574117
-0.363875
0.633271
0.652655
0.619684
-2.62588
-1.62217
0.260282
-0.257958
0.0136092
1.17089
-0.468581
0.96924
-0.130453
-0.39851
0.0625694
0.516372
1.27795
0.012101
-0.231629
0.408956
-0.423987
-1.35304
0.291353
-0.16301
-0.50487
-0.26926
0.334707
-0.346238
0.277814
-0.0739792
-0.181555
-0.67901
0.831429
0.20429
0.85283
-0.459718
-0.0796747
0.00962829
0.0552535
-0.403758
-0.0284276
0.717273
0.0425334
0.257553
-1.24269
0.229291
0.307652
0.333786
-0.340552
-0.245613
-1.35635
0.352976
-0.511383
-0.152054
0.0394896
0.339639
-0.372467
-0.750225
-0.046696
0.0253694
1.07397
0.830322
-0.866631
1.27861
0.0746205
0.221339
0.0564091
0.49604
-0.0378795
0.0773235
-1.28078
0.0926306
-1.01451
-0.322163
-0.679529
-0.477086
0.374715
-0.430724
0.0125421
-0.411676
-0.470231
0.603286
-0.878798
-0.124583
-0.362902
0.34723
0.578517
0.17888
-0.367903
-0.356713
0.451437
-0.286728
0.977445
-1.2401
0.499556
-0.398772
0.262288
0.652832
0.517273
0.314028
-0.563551
1.36475
-0.821459
1.18396
-0.871951
0.61534
0.189985
0.679065
-0.387802
-0.718383
0.382036
-0.394535
-0.277223
0.330642
-0.659764
0.429363
0.0689375
0.906495
-1.31103
-1.07212
-0.14998
-0.270708
0.465754
-0.169951
-0.381312
1.46771
-0.295364
-0.620089
0.945699
-0.483975
-0.982329
0.187869
0.684784
0.49804
-1.23169
-0.547337
-0.621239
0.350102
0.67783
-0.753896
0.402192
-0.483916
0.86923
0.209048
0.0319522
-0.759391
-0.719644
-0.224446
0.480983
0.00851769
0.347446
0.722702
-0.16673
-0.087671
-1.11637
-0.989989
-0.436457
0.800142
-0.635956
-0.0657692
0.0246913
-0.859887
0.125236
-0.572408
-0.384379
1.24461
0.307723
0.182929
-0.025143
-0.0221862
-0.320226
-0.965647
-0.935723
0.395267
-0.349182
0.184997
0.374003
-1.15249
-0.961007
-0.411816
1.09721
0.401885
0.862026
0.00278692
-0.222466
0.402559
-0.143567
-0.917637
0.93636
0.568026
0.312161
-0.0845292
-0.616333
-0.23218
-0.741667
0.0389761
-0.315746
-1.20039
-0.624805
0.979723
0.285434
-0.692429
0.286009
-1.05402
1.97159
-0.674697
-0.171851
0.009937
-0.100112
-0.985247
0.0173335
0.0478967
0.20901
0.546172
0.138659
-0.591493
-0.529326
0.336569
-1.01269
-1.0336
-0.129305
-0.520796
-0.398405
0.0827942
-0.020934
-0.495906
-0.921275
-0.493076
0.389494
-0.701457
-0.160807
-0.32372
-0.739363
-0.263711
-0.492128
-1.74903
-0.481283
-0.78437
-1.33877
0.107978
-0.114286
0.895386
-0.413726
-0.304963
0.112945
0.908884
0.272119
-0.105527
1.08329
0.724748
0.897789
0.31398
-0.813844
-0.368821
0.380736
0.290009
0.0107594
-0.169676
-0.145257
0.2649
0.244059
-0.406279
-0.441944
0.483235
0.336231
0.951461
0.173427
0.143693
-0.352413
0.338929
0.749099
-0.827549
0.313267
0.0956735
0.183236
0.841165
-1.0057
0.627481
0.0325871
0.567711
0.818607
-0.460452
0.243686
-0.376067
-0.347744
1.28153
0.953771
-0.438848
-0.00853444
-0.662012
-1.01779
-0.202558
0.221801
0.426064
-0.634188
1.74215
-0.491778
-0.300787
0.185105
-0.232442
-1.08737
0.574521
0.106195
-0.487389
1.31635
-0.356782
-0.837377
0.172009
0.0583554
-0.145112
0.8044
-0.386057
0.876271
-1.55368
0.938935
-0.71931
0.540158
1.20582
-0.274509
-0.0832872
-0.577916
0.72961
-0.305778
-0.771724
-0.236618
-0.127996
0.203795
-0.247896
0.784299
-0.0100446
-0.656987
-0.308245
-0.127406
0.272818
-0.308999
0.605679
-0.366638
-0.408784
1.90234
-0.311084
0.791183
-0.98733
0.451293
0.354609
-0.00172286
-0.22132
1.13378
0.291588
0.265431
0.461264
-0.0640933
-0.109798
0.587873
-0.547486
1.03246
1.41154
0.104781
-0.480532
0.492271
-0.3063
-0.588245
0.0137268
-0.0931745
1.57243
-0.506336
0.121716
1.78521
-0.103824
-0.291786
0.933271
1.55838
-0.362218
0.936173
-0.436057
-0.0134409
0.00928505
-1.08747
-0.482618
0.618299
0.182295
1.54814
-0.430359
-0.914411
-0.447972
0.836568
0.166642
0.299016
0.866876
-0.931959
0.395254
-0.176958
1.48726
0.312513
0.0806414
0.454903
-0.182558
0.281024
-0.391172
0.281091
0.319244
-0.0471359
0.216699
0.560651
0.00188467
-1.00787
0.0716304
0.298507
1.00378
0.522706
-0.218423
0.188181
0.152978
-0.449837
-0.150056
-0.891301
0.654141
0.101322
0.471507
0.395654
1.07303
0.360401
-0.22974
0.129128
0.551988
-0.264992
-1.11476
0.706181
-0.705181
0.387993
-0.512818
-0.477178
-0.115802
-0.969444
-0.0207694
0.00993084
-1.03774
1.03599
-0.372118
0.255352
0.497372
0.688913
-0.623546
0.357283
-1.1971
-0.143644
0.792069
0.65871
0.214446
0.14034
0.273035
0.197429
-0.229246
-0.361179
0.0976058
-0.123494
0.855896
1.03752
-0.0351764
-0.111674
0.102451
-0.0806427
-0.768165
1.14524
-0.0171629
-0.109825
-0.663656
0.698522
-0.177747
0.308261
-0.187813
0.342112
-0.747709
0.348489
0.969832
0.791589
-0.680311
0.263139
0.466862
-0.364951
-0.63789
0.712409
-0.211459
-0.104135
-0.806142
1.01056
-0.518403
-1.05527
-0.653544
-0.637976
-0.423
0.0141642
0.420692
-0.452135
0.649721
0.31015
-0.303491
0.0971723
-0.0419709
-0.181925
-0.33941
-0.279309
0.914065
0.163999
0.431498
0.268258
-0.137155
1.51549
-0.373598
-0.251289
-0.725942
-0.272386
0.140492
1.27715
-0.713982
0.894259
0.862832
0.909421
-0.0321121
-0.048727
0.618718
-0.566009
0.466328
0.21902
1.00892
-0.445246
-0.105012
-0.452088
-0.447051
-0.0823593
-0.0662291
-0.943601
-0.380897
0.375068
-0.889852
-0.372421
-1.71921
0.96707
-0.0195008
1.38549
-0.498091
-2.88129
-0.870283
1.03443
0.572112
-0.967285
1.07421
0.653479
0.51026
-0.249203
-0.0685845
0.632364
0.674482
-0.638165
-0.135294
0.570542
-0.249443
0.428711
-0.354101
-1.48708
0.0683227
0.216172
-0.289339
0.1754
-0.550857
-0.207966
1.40144
0.203219
0.789992
-0.631716
-0.341336
-0.660506
0.0868025
-0.391985
-0.334543
0.432531
0.783174
-0.267692
0.0527817
0.0496867
0.131135
0.540792
0.4327
-0.941868
0.633142
-0.516583
0.275855
0.881927
-0.592799
-0.488613
0.610856
-0.232999
0.495035
0.409616
0.0178896
-0.225144
0.737711
-0.586918
0.214223
0.659553
0.099907
0.178079
-0.115536
0.576476
-0.0854712
-0.698765
-0.0067462
-0.0591718
-1.30516
0.0638436
0.110752
-0.640348
-1.10692
-0.338958
0.43466
-0.308587
-0.0832332
0.515266
0.0286996
-0.422334
-0.0951501
0.184959
-0.82457
-0.108362
-0.440124
0.253851
0.0118934
0.462914
0.209653
1.75729
0.378785
1.3049
-0.133216
0.384707
-0.929304
-0.418136
0.751303
-0.0916102
0.0523494
0.08532
0.312831
1.50718
-0.24956
1.47884
-0.705113
-1.01968
-0.0782601
-0.000478042
-0.409482
0.0542315
1.09529
0.68423
0.509581
-1.45009
0.0134952
-0.0680828
0.138807
0.461202
0.24002
0.465446
-0.228156
-0.413045
0.303334
-0.268773
0.484325
-0.788292
-0.187407
-0.156426
-1.66458
-0.146712
-0.0195492
-0.290843
-0.137375
-0.495777
0.834439
-0.266316
0.170371
-0.427792
0.0641453
-0.217502
0.779113
-0.0756786
-0.166922
-0.372699
-0.399041
0.910423
0.560731
-0.930509
-0.214112
-0.561043
0.693682
-0.604895
-0.402649
-1.53042
0.642712
-0.498339
0.123945
0.449334
-0.124387
-0.22334
-0.656763
0.22497
-0.383976
0.0863097
-0.224335
0.143613
-0.665561
0.400512
-1.24795
0.207557
-0.647856
-0.730413
-0.460497
-0.343747
-1.25559
0.165596
-0.259186
0.114582
0.0140103
0.947828
-0.307783
-0.336649
-0.462657
-0.128829
-0.77909
-0.999419
0.0388338
0.84522
0.114742
0.66449
1.47249
-0.0165617
-0.340225
-0.829261
0.065389
0.215342
0.725488
-0.912266
1.45318
0.193383
1.40608
-0.18667
-1.07557
0.663244
0.142236
-0.341257
-0.015121
-1.42333
0.309808
1.65469
-1.05746
-0.0260537
-0.420057
0.754412
0.195492
-0.233691
-0.313371
-0.192743
-0.0312301
0.130528
0.427215
-1.20043
-0.482787
-0.613026
-0.94234
0.470469
0.00241995
-0.553752
0.0337948
0.88384
1.84615
1.40056
-0.679097
0.139385
0.863692
-0.549601
-0.0994186
0.601788
-0.936726
-0.195144
1.05602
0.186472
-0.709999
-1.14306
0.37713
-0.332996
-0.176368
-0.926751
0.627768
0.323131
-0.034204
0.706725
1.18819
0.400746
0.241004
0.806143
-0.046609
0.811755
0.207328
1.06971
-0.593371
-0.192705
0.637529
0.741114
-1.01102
1.3622
1.20618
-0.739987
0.572366
-0.707732
1.21922
-0.0484192
0.866927
0.539456
0.246279
0.099542
0.435186
-0.732787
0.335913
0.51935
0.673951
0.591409
0.457017
-0.575993
1.08326
-0.188951
0.231875
-0.291093
0.363188
0.095684
0.600072
-0.047595
0.0843971
-0.185673
0.623225
0.170531
1.06958
-0.254015
0.288916
0.62964
-0.615567
0.66989
-0.559733
1.27268
-0.707775
-0.0934288
0.00814741
-0.614654
-0.319207
-0.197435
1.24767
0.554513
0.0490076
0.604197
0.597875
-0.370793
-0.719791
0.282194
1.61344
0.405386
0.865292
-0.31915
-0.242561
-0.882593
-0.588246
-0.0026301
-0.135735
-0.0977189
-0.202828
0.167142
0.684934
-0.919331
0.319645
-0.290882
0.929574
0.67394
-0.230629
-0.125597
-0.340697
-0.11277
-0.209008
-0.702188
-1.51142
-1.31812
0.788054
-0.124649
-0.0834846
-0.0157151
-1.06963
0.138303
0.215369
0.451019
-0.46486
-0.873441
-0.184856
0.703489
-0.313549
0.694474
-0.739481
-0.162653
-0.142283
-0.861256
-0.279191
-0.553917
0.359812
0.436313
0.271322
-0.138838
-0.477045
0.137563
0.160279
0.613577
-0.212241
0.393077
0.384584
-0.104876
-0.654889
-0.628044
-0.331665
-0.341092
0.080012
-0.220165
0.67346
0.964695
-0.637243
-0.0204796
-0.181011
-0.577664
0.0503378
-0.865809
-0.112755
-0.158012
-1.75299
0.303511
-0.835697
0.783571
0.156939
0.725966
1.15806
-0.905431
0.0332847
-0.128665
0.398242
0.360228
0.273158
-0.121284
0.718425
0.636578
-0.13677
-0.303623
-0.352221
-1.09462
-0.418161
-0.886646
0.888191
-0.119587
-0.28258
0.291815
-1.69754
0.500994
-0.463002
-0.119224
0.509242
-0.923629
-0.140078
0.612789
-0.64652
-0.110517
0.382426
-0.740299
0.932582
0.766081
-0.143404
1.16604
1.1328
1.07265
-0.78761
0.135927
0.652645
0.0171414
1.36083
-0.0667812
0.980071
0.0862266
0.663482
-1.91768
-0.482949
-0.190148
0.550041
-0.681009
-1.35033
-0.23422
-0.290197
-0.0991978
0.572341
0.15219
0.886114
0.127726
-0.789266
1.33516
0.491988
-1.13393
-0.863897
-0.309145
0.0300292
0.560057
-1.05912
0.8064
1.1859
-0.735904
-0.691405
-0.196546
-1.01439
-0.0321723
-0.708058
-0.249632
-0.617737
-0.301674
-0.135096
0.946253
2.07247
0.903824
-0.170228
-0.341254
0.467227
0.366778
1.81095
-0.403288
0.620398
0.221854
0.850775
-0.00154409
0.133551
0.442997
-0.02363
0.304808
1.55233
-0.496104
0.301304
0.225715
-0.840942
-0.965125
0.103248
0.97053
1.43322
0.533017
0.344023
0.940106
0.222489
0.376357
0.805305
0.10176
0.0424927
-1.44632
-0.806779
-1.36952
-0.74504
-0.955749
1.39241
-0.831464
0.464957
-0.23436
-0.322269
0.0290407
0.644034
-0.627216
-0.150972
1.80803
-0.871722
0.261463
-0.771908
-0.470407
0.427291
0.713897
1.22655
0.244576
-0.112455
0.751984
-0.300707
-0.246261
0.639844
-1.40726
-0.673842
-0.0237437
-1.74282
0.0778297
0.235561
0.261544
-0.27163
0.564778
0.986655
0.323544
-0.484597
-0.599501
-0.575519
0.610712
-0.195779
0.547591
-0.135304
-0.191138
1.10135
-0.558193
-0.0273279
0.821345
-0.054458
-0.936407
0.486758
0.230893
0.548235
0.236299
-0.383103
-0.0349365
-0.213558
0.374933
0.304501
0.99275
-0.643384
0.11516
-0.72382
-0.252255
1.29619
-0.630565
0.619364
-1.79456
0.529532
-0.548309
-1.10472
0.61965
0.0652724
-0.18371
-0.416446
-1.00757
0.476133
0.0479212
0.646554
-0.46389
-0.497748
0.28367
0.693227
-0.164983
-0.826914
0.27035
-0.425751
0.156716
0.0772703
-0.0558508
0.0812761
1.17902
1.06141
0.519371
-0.408007
-0.789441
0.427197
-0.0600035
-0.104318
0.360809
0.205321
0.91547
-1.34587
-0.196796
0.652004
-0.835645
-0.38804
-0.208278
1.12787
0.766131
0.515852
1.27316
0.099221
-0.141497
-0.134069
0.746886
-0.642636
0.105921
-0.0588106
-0.311699
-1.72543
0.769722
-0.151068
0.532664
-0.207013
0.815866
0.681939
0.14947
0.608424
0.632204
-0.259572
-0.141874
0.549861
0.751661
0.454692
-0.198163
-0.242794
1.85463
1.21376
0.102872
0.567143
0.306859
0.548942
-0.112237
-0.175087
1.49516
-0.24657
0.480403
-0.250264
0.421082
0.696958
-0.542202
0.199228
0.77872
-0.469396
-1.43802
0.755252
0.323065
-0.322494
-0.776146
0.760592
0.263656
-0.246713
-0.191907
1.02562
0.405754
-0.872629
-0.0471437
-0.552884
0.676324
-0.722685
-0.324779
0.244103
-0.440084
-0.323689
-0.43031
-0.433908
0.810126
-0.722726
0.41004
-0.257374
0.371322
-1.13126
0.940779
0.0154262
0.0177823
1.5074
-0.669555
0.945108
-0.489292
0.645439
0.509309
-0.683523
-0.238895
-0.0926299
1.17282
0.3148
0.716185
-0.25237
0.260007
-0.523634
0.0301543
-1.8571
0.525964
-0.0998929
-0.741696
-0.253463
-0.283041
0.175925
-0.452701
0.81658
0.8956
0.817047
0.206402
0.417847
-1.09887
0.929935
-0.238663
0.308422
0.57719
0.547334
-0.0347448
-0.301055
0.343813
1.09509
-0.538474
0.668333
-0.815132
-0.890522
0.594751
-1.70163
-0.214549
-1.01596
0.536099
-0.731093
0.371096
0.515597
-0.687462
-0.597318
-0.114608
-0.0140005
0.025727
0.0195938
0.921696
-0.152492
-0.482874
-0.046167
1.22563
-0.101065
1.39652
-0.126003
-0.0887633
-1.92971
1.10972
0.170641
-1.03372
-0.974498
-0.911892
-0.342908
0.0849474
-0.415965
-0.233156
0.798459
0.259566
0.0341104
0.16907
0.410045
0.66579
0.451662
-0.785042
1.1467
0.31317
0.597236
-0.820235
0.059527
-0.0675317
-0.151194
-0.357432
-0.343976
0.0627245
0.433759
1.08691
0.28088
-0.129838
-0.522638
-0.5447
-0.6789
-0.448911
-0.440491
0.409931
0.1363
1.0415
-0.274999
0.566854
-0.0731658
-0.609675
0.24578
0.332165
-0.92344
0.690734
0.324697
0.120178
-0.0475823
-0.362292
-0.506409
0.00670679
0.0252033
-0.614765
0.59494
0.613049
0.274077
0.747706
0.796778
-0.907829
0.361482
-0.324484
0.72518
0.852279
0.55765
-0.357016
0.230465
-0.483557
0.651476
-1.15264
0.566897
-0.258972
-0.394594
1.28056
-0.708539
0.0712085
0.800838
0.0621831
0.0846041
0.261705
-0.102316
0.138265
0.683901
-0.526265
0.0260351
1.01779
0.494344
-0.365601
-0.113656
-0.89184
0.595554
-1.36022
0.446759
-0.670815
0.345243
-1.0804
-1.47557
-0.269667
-0.356441
0.377849
-0.553168
0.190519
0.0556919
0.219287
0.478962
1.09101
-0.141448
-0.276227
-1.00739
-0.396688
0.12736
0.304938
0.313499
-0.21025
0.562737
-1.66563
0.568252
-0.24892
-0.191633
-0.792993
0.387848
-0.52588
0.976387
-0.608916
0.360468
-0.40618
0.563581
0.236369
0.114419
0.109209
0.496294
0.933972
0.453462
0.410491
-0.664413
-0.679363
0.312828
-0.544505
-0.819205
-0.780221
0.833452
0.279058
0.274869
0.172468
0.0560263
0.163573
0.132101
-0.293367
-0.130607
-0.0734361
-0.494636
0.0503766
-0.355815
-0.902689
0.246358
0.30834
0.29214
-0.0641163
-1.61148
1.26242
-0.512814
-0.534201
0.201772
-0.104114
1.30835
0.127341
0.663226
0.951638
0.138256
0.742306
-0.357015
-0.180853
1.62478
1.40231
1.28871
-0.908916
-1.04044
0.0717843
-0.377114
-1.04751
-0.2441
-0.53024
0.390106
-0.23776
-0.565327
0.873431
0.186842
0.349543
-0.360109
-0.81692
-0.265742
0.274314
0.817088
0.205929
1.97391
0.432348
-0.785635
1.0954
0.581953
1.81665
0.0862184
-1.76227
0.0160216
-0.133038
0.701895
-0.0287654
0.463695
0.431594
-1.15729
0.342855
0.627136
-0.112668
-0.149039
-1.42101
-0.0822428
1.34781
-0.278595
1.36683
0.0977284
0.848212
-1.23227
0.422508
-0.457622
0.38319
0.302828
0.564957
-0.584179
0.248335
0.0289049
0.366737
-0.310079
1.05152
-0.123995
0.192287
-0.751447
-0.84709
-1.00347
-0.256729
-0.294159
0.918077
0.0362104
1.27459
0.821809
1.1748
-0.53427
0.809537
0.0138905
-0.111195
0.74938
1.31817
0.470308
-1.03804
0.909888
0.928057
-0.0991853
0.0101928
1.25264
-0.385561
0.584709
1.34789
0.255389
-0.0566575
-0.743266
-0.962756
-0.0236508
0.736427
0.803014
0.533791
1.15523
0.336635
0.312373
0.684519
0.840921
0.752789
0.691043
1.77986
-0.454777
-0.570657
-1.52749
-0.567233
0.342914
0.220916
0.33382
-0.34511
0.996363
0.431166
-1.20531
-0.451559
-0.209118
1.7695
0.543929
0.834617
-0.451012
0.608095
0.637628
-0.659723
-0.0357328
0.158009
0.214377
0.213915
-1.03139
-0.00561085
-0.339421
0.409256
0.11587
1.18606
-1.19158
-0.70926
0.444655
-0.533462
0.657491
0.496485
1.22591
0.135798
-0.830409
0.325587
0.268908
-0.022182
0.264194
-0.662771
-0.237013
0.51452
1.01505
0.464898
0.533562
0.26476
0.379571
-0.841664
1.11189
0.217357
0.171626
0.246408
0.797456
1.08664
-0.277992
-0.543225
0.16703
-0.880605
0.0145787
-0.656991
-0.156886
-0.0206865
0.575343
-0.99703
-1.64707
0.885001
0.678132
-0.384609
0.156011
1.05475
-0.147255
-1.54135
-0.901305
0.488137
-0.65751
-0.651429
-0.714981
0.748818
-0.623714
0.976428
-0.0676739
0.323356
1.48437
0.538386
-0.950368
-0.236572
0.418158
0.298593
0.148887
0.341819
0.244599
-0.204033
0.455312
0.604491
-1.06054
0.319275
-1.10656
0.317026
-0.0882101
0.0777832
0.0896635
-0.92365
0.342862
-0.0912733
-1.16444
0.363506
-0.904535
-0.5444
1.009
-0.929587
-0.116842
0.149952
-1.61513
-1.59554
-0.464652
-1.54282
-0.62954
-1.07169
0.198604
0.637272
-1.04657
0.891307
-0.196046
-0.0940027
0.192882
-0.549795
-0.417592
0.855321
-0.0333674
-0.617143
-1.12993
-0.380711
1.08731
0.454573
-0.572888
-0.310439
1.09463
0.228217
0.0177938
0.325333
-0.109376
-0.532601
1.98858
1.04985
0.0959278
-0.363899
1.41105
-0.826177
-0.171928
-0.113594
-0.0299002
0.821516
-0.554612
1.58546
1.23615
-0.891308
-0.632127
-0.748043
0.551214
-0.176258
-0.408519
-0.171453
-0.89235
0.247771
0.176559
0.0713068
-0.941388
0.26313
0.0988471
0.0985279
-0.0344273
0.0162177
0.614635
0.309809
0.27559
-0.332959
-1.61142
0.651648
-0.156402
-0.62979
0.637049
0.469148
0.064599
0.121948
0.00011365
0.222849
0.321381
-0.712032
1.07052
-0.333455
0.318916
0.282289
-0.799603
-0.59295
-0.34407
1.22891
-0.688743
0.606271
0.0816136
0.718736
-0.470809
-0.0649899
0.252028
0.0179914
-0.215585
-0.309381
0.182754
0.718151
0.368006
0.741155
-0.0388691
0.64407
0.901567
-0.28021
-0.242484
-0.817948
0.465623
-0.402985
-0.0216492
0.719176
0.289484
-0.293144
-0.163575
-0.294826
0.708352
0.566099
-0.487131
-0.171934
0.185291
-0.832168
-0.210894
-0.939402
-0.571716
0.565996
-0.213894
-0.714773
0.85832
-0.286507
-0.422789
0.150258
0.169975
-0.765699
0.515336
0.517859
0.727464
0.600855
0.0166342
0.906047
0.161706
0.290121
-0.945469
0.993794
-1.35944
0.311725
0.208559
-0.683321
-0.377863
-0.99974
-0.325322
-1.01681
-0.245679
-0.00930826
1.37199
0.773475
-0.957796
0.764067
0.00644081
-0.110865
0.0966466
-1.32242
-1.06747
-0.377384
1.16855
-0.104323
0.484749
0.460875
-0.68724
-0.871846
-0.131802
0.272798
1.7681
0.495783
0.781556
0.211757
-0.360994
-0.984994
-0.400412
0.57084
-0.843671
-0.606153
-0.272788
0.458838
-0.076379
0.047019
-0.0444864
-0.623097
0.0033738
0.336561
-0.160788
-0.296704
-0.200366
0.0618126
0.322049
-0.448123
0.0694002
-0.451964
0.48924
1.68
0.903593
0.507911
-1.75115
-0.478661
1.237
-0.0344297
-0.837844
0.832546
0.164464
0.584541
0.189918
-0.86028
0.0624203
0.406382
0.0289107
-0.0398571
0.220984
-0.433963
-1.1251
-0.366478
0.461425
0.320185
-0.0211494
-1.20815
-0.520102
-0.852534
-0.684541
-0.987296
0.148118
0.648047
-0.385673
0.80457
-0.220439
0.394165
-0.00515675
0.306071
1.09844
-0.770358
-0.695284
-0.843118
-0.423936
-0.645763
0.273084
0.585292
0.0714753
-0.51644
-0.00108943
0.0466181
0.276854
0.24149
-1.36336
-0.748887
0.576741
-1.71532
0.754735
-0.495928
1.50742
-0.465749
1.01941
0.196975
-0.132806
0.265219
-0.509561
-0.707005
0.545932
-0.095409
-0.231104
0.00933896
0.885372
-0.655364
-0.722828
-0.277388
-0.529019
-1.01025
-0.683588
-0.115249
-0.046799
0.960517
0.163901
-0.228089
-0.435578
-0.0118575
0.438938
-1.16533
-0.489864
0.839575
-0.543983
0.486455
0.949804
1.04877
0.172831
0.372733
-0.558733
0.476406
-0.108221
0.574316
0.725147
0.563649
0.187796
-0.118275
2.0864
2.30344
0.990042
0.188919
-0.0178054
0.131107
-0.291298
-0.327402
0.145352
-0.760131
-1.01018
-0.325842
1.01621
0.215766
1.13659
-0.382829
-0.176188
0.614368
-0.245164
0.121401
0.104533
0.699083
-0.111429
0.575596
-0.288979
-0.124961
-0.521946
-0.422578
-0.384999
0.159827
-0.579207
0.62845
0.666419
-0.802172
-0.958636
0.0818787
-1.56256
0.227163
0.603757
0.15649
-0.922185
0.583358
1.51975
0.873275
0.0903014
-0.360061
-0.360019
0.075523
0.524244
-0.109324
0.309369
-0.0992501
0.327669
0.895059
-0.0559892
-0.0228149
-0.92683
0.575359
0.182614
0.527217
1.3181
-0.105395
0.623382
0.296065
-0.148037
-0.326423
-0.284034
0.500573
-1.01381
0.93795
0.872485
-0.331426
0.667179
-1.52126
-0.676498
-0.475018
-0.810894
0.363271
0.676801
-0.835713
-0.178707
0.525935
-0.110217
0.0819183
-1.00558
0.22736
0.209607
0.403181
-0.62838
-2.00395
0.686816
0.158368
0.719452
-0.363469
-0.119388
0.0251017
0.219611
-0.566234
0.472756
0.0448977
-0.622511
-0.701673
0.517967
1.25245
-0.335674
-0.515159
-0.133234
0.265609
-0.604937
-0.0457202
0.334407
-0.124717
0.498111
-0.48733
-0.26835
0.532051
0.296813
-0.5872
-0.711098
-0.266001
0.783682
0.0109578
-0.200281
0.379651
0.212935
-0.0507011
-0.157391
-0.47445
0.898358
-0.764227
-0.999285
-0.488332
0.0759434
0.222433
0.108668
0.673088
-0.482195
-0.10088
0.215063
1.17352
0.886763
0.673903
0.140049
0.208956
-0.362565
0.727499
0.342834
0.6411
1.10478
0.557223
0.045868
0.378181
-0.250702
0.181044
-0.487198
-0.60882
-0.685011
0.4381
-0.117496
-0.879158
0.0908489
0.465019
0.700903
0.665345
-0.389868
0.215754
-0.177057
0.0681582
0.949922
-1.0332
-0.662145
0.883067
-1.28227
-0.795441
0.682726
0.600137
1.42406
-0.0969176
-0.905138
0.636534
-0.0778943
-0.636451
0.173941
-0.59144
0.614872
0.110018
-0.840514
0.966777
-0.385608
-0.195347
0.0252385
-0.433058
-1.65589
-0.771978
0.250157
-0.155555
-0.302077
-0.473531
0.672107
0.237412
-0.0462696
-1.42055
0.591626
0.146352
0.522687
0.298393
-0.324891
1.26258
-0.663592
0.797366
1.13406
-0.126466
0.0116825
1.28474
-1.03313
0.109565
-0.212348
0.460575
1.14213
0.394045
0.157099
-1.39003
-1.20841
0.809188
0.454767
0.125934
0.435685
-1.0276
-0.113451
-0.376121
0.763465
0.115507
-0.0961893
-0.0266224
0.468123
0.968775
-0.186047
0.373389
0.601703
0.429239
1.59988
-0.0265939
0.307703
0.445381
0.278687
0.654317
-1.0829
0.594625
-0.434088
0.554753
1.01926
-0.1192
-0.356884
0.756503
0.295557
-0.0573346
-0.188086
0.628749
0.855566
1.60208
-0.75602
0.204152
0.990929
0.269584
-0.131349
-0.571678
-0.442342
0.25811
-0.785836
0.366203
0.637915
0.107027
-0.563639
-0.682978
-0.904798
1.12007
0.04998
-0.148781
0.418419
-0.752471
-0.351503
-0.0401463
-0.97821
-0.106849
-0.8223
0.827516
-0.984967
-0.406749
0.563978
0.0928132
0.427826
-0.517105
0.963513
-0.273129
-1.97746
0.102154
0.926629
1.02693
-0.574231
-0.286068
-0.226238
0.607703
-0.609299
1.15504
0.133565
0.457405
-0.162075
-0.969134
0.934212
-0.792487
0.440585
-1.16458
-0.873037
-0.396376
1.24987
-0.457884
-0.289679
-0.494002
-0.409315
0.336727
-1.14381
0.537616
0.709965
-0.246848
0.237941
1.33203
-1.7847
0.12151
-0.917741
-0.489129
0.973443
0.570968
0.985025
1.31724
0.141725
-1.09835
0.422219
-0.211118
1.08191
-1.07939
-0.60622
-0.100605
0.461905
-0.0802895
-0.331689
0.571801
0.524301
1.38158
0.220306
0.595668
0.0893776
-0.88907
0.39963
0.286357
-0.141231
0.569693
0.510038
-0.485588
-0.444539
-0.414891
-0.474194
-0.489676
-0.924792
0.208826
0.800157
0.450795
-0.515239
0.814084
-0.396078
-0.927695
-0.452846
0.213617
0.959201
-0.517812
-0.737747
0.500411
-0.30695
-0.894931
0.271215
-0.310692
-0.11384
0.169971
-0.992051
-1.30949
0.972961
-1.0343
0.27673
0.781687
0.382022
0.00356093
0.870917
0.285809
0.429193
0.996742
-1.23188
-0.956675
-0.583285
-0.206114
0.411706
-0.605677
0.148982
1.05676
-0.37588
0.148129
-0.0186417
0.44996
-0.485061
-0.53014
-0.826409
-0.334138
0.443039
0.171409
0.377877
-0.0809347
0.713854
0.0549159
-0.0145027
0.376499
-0.071997
-0.292282
-0.131738
1.1144
0.497474
1.54571
-0.828732
-0.128678
1.20012
-0.0901736
-0.348092
0.047315
-0.0137894
0.598769
0.758114
-0.0862777
-0.452913
0.785276
0.94588
-0.456339
-0.670501
0.347194
-1.16671
0.0187575
-0.323012
-0.952051
-0.490992
0.228283
-0.269911
1.23641
0.28243
1.01249
-0.829081
-0.0362969
-0.707062
0.554647
0.299417
-0.599145
-0.269601
0.851315
0.611641
-0.907888
0.832699
0.979244
-0.118258
-0.606536
0.511556
-0.247788
-0.605645
-1.58414
0.499903
-0.0760744
-0.890238
-0.165345
-0.0216164
-0.10003
-0.0291603
-0.547553
0.111798
-0.22187
0.773255
0.223057
0.403209
0.622501
0.175978
-0.905629
-0.262578
0.051368
-0.464526
0.52002
0.361247
0.689115
0.0814021
0.478429
0.391586
-0.740492
0.073225
0.708219
-0.0429536
0.367123
-0.879766
0.658367
-0.473642
-0.362355
-0.450253
-0.139952
-0.779977
-0.912972
0.307935
1.06978
-1.46481
1.07709
0.602002
0.941606
-0.905842
-0.680236
-0.715888
-0.106378
0.451279
-0.503807
-1.00248
-0.469145
0.166269
-0.329454
0.557517
-0.391707
-0.224114
0.891213
-0.632269
0.397777
0.722019
-0.555729
0.500549
-0.250532
-0.421388
-0.393409
-0.166679
-0.398752
0.00294266
0.564528
-0.743977
-1.3409
0.324895
0.219973
0.396453
0.441149
-0.645288
-0.637556
0.265225
0.38764
0.251233
0.292629
-1.0008
-0.139071
0.603351
0.30701
-0.231681
-0.546377
-0.58557
0.852295
0.384671
-0.130596
0.334979
-0.206255
-0.247735
-0.388086
-0.104202
-0.34544
0.0105959
-0.00250331
0.301796
-1.42552
-0.780916
0.588097
-0.60029
-1.1906
-0.924655
-0.349897
0.401047
-0.0558211
0.498951
1.255
1.07036
-0.0330973
-0.342866
0.645653
0.547733
-0.970615
-0.455702
0.34677
0.120332
-0.542631
-0.992273
0.393026
-0.400945
0.0578761
1.19978
0.265328
0.306566
-0.468735
0.988738
-1.16
-0.945861
-0.135805
-1.02517
-0.568445
0.712077
0.3631
0.57236
0.414697
-0.0413664
0.874141
0.62362
1.28633
-1.1342
-0.33166
-0.552502
-0.0933364
0.234888
-0.157068
-0.199013
-0.968479
1.44521
0.072462
0.041044
0.0565951
-0.157162
0.736486
0.938888
-0.430111
-0.19475
0.301075
-0.255962
0.465568
1.07794
-1.28666
0.792417
1.05885
0.513142
0.0256334
-0.748576
0.00872584
0.453137
0.847809
-0.510078
0.406347
-0.0704932
0.0439369
0.336467
0.336795
-0.160929
0.975851
1.00405
1.17121
-0.429797
-1.082
-0.0813351
-0.203086
0.0271845
1.12375
0.652019
0.489341
0.0589908
-0.980499
-1.13989
0.390621
0.205803
-2.12698
-0.167549
-1.28727
-0.92827
0.890071
-0.68026
0.193766
0.245787
-0.247863
0.34199
-0.0586537
0.423693
0.636478
0.0500266
0.915065
-1.28063
-0.227063
0.494341
-0.122108
0.206325
0.553512
-0.943868
-1.55723
-0.0855197
0.273856
-0.0288114
-0.617615
-1.34524
-0.109506
-0.217836
0.717204
0.224339
0.278397
-0.677051
-0.0365234
-0.24604
-0.135292
0.832883
0.480101
-1.01828
-0.0464044
-0.475336
0.485019
0.95676
-0.955541
-0.252918
-0.157334
-0.147181
0.529736
0.0477656
-0.487363
-0.679768
-0.636111
-0.432112
0.112128
-1.35698
-0.204919
-0.913033
-1.02411
-0.635422
-0.35911
-0.520563
0.336773
0.233746
0.140988
0.402824
0.462315
-0.573989
-0.61578
0.42507
-0.0584775
0.345402
-0.585363
0.679394
0.40265
-1.33419
-0.0918816
0.870984
1.02961
0.8275
1.05522
-0.101323
0.172053
1.30735
1.7114
-0.654869
-0.920054
0.0460371
-0.0141408
-1.02519
-0.469097
0.887349
-0.485962
-0.739738
-1.02277
-0.729093
1.9227
0.177938
0.593178
-0.572312
0.0944707
-0.575429
-0.123703
-0.194258
-0.0645844
-0.865903
-0.755997
-0.223868
0.479847
0.0702703
-0.98962
-0.0649312
0.0779465
0.0761401
0.0727816
-0.288665
0.22103
-0.0856116
-0.311937
-0.156362
0.0733587
-0.297572
0.456493
0.0880073
-0.299534
-0.297235
0.180551
0.183297
0.419037
-1.30031
-1.40194
-0.0234203
0.926115
0.0973133
-1.09888
0.847427
0.373082
0.204606
0.113867
-0.638757
0.0318363
0.452678
0.0215903
-0.118352
0.736215
0.499473
0.484555
-0.624291
0.423484
-0.194101
0.893941
-0.142211
0.118132
0.238869
-0.626783
-0.115798
0.730159
0.491075
-0.623717
0.892318
-0.153764
0.772101
0.211812
1.50524
0.100073
-0.286198
-1.10886
-0.465546
-0.12802
0.167795
-0.90231
-0.0402779
-0.0807708
0.0520896
0.537779
-0.303176
0.136582
-0.294252
0.604022
1.13361
-0.651989
1.26986
-0.931202
0.178909
-0.186665
-1.29487
0.267573
-1.76362
0.274707
1.20303
0.3076
0.215543
-0.691632
-0.925583
0.709388
0.880959
-0.587131
-0.753447
0.292704
-0.769274
-1.02865
-0.794284
-0.269712
0.563978
-0.389278
0.823217
0.231686
-0.380083
0.510398
-0.997163
0.00728108
0.173016
0.798451
-0.643864
-0.623819
0.359279
-0.157083
0.249879
0.839786
-0.37865
0.135636
0.259084
0.438672
0.253451
0.920676
0.896106
0.42032
-0.905065
0.53148
-0.318173
-0.396476
0.685663
0.468685
0.0418165
0.568638
-0.157252
-0.529741
-0.02681
-0.293246
-0.525814
-0.78416
-0.563083
0.596957
-0.330434
-0.356927
1.16762
0.377869
-0.685574
1.16671
-0.385025
-0.536959
0.712508
0.564243
-2.12494
-0.251666
-0.370525
0.533911
-0.210492
0.803794
-1.10335
-0.399996
0.272288
0.261855
-0.910675
0.436683
0.769037
-1.40484
-0.151789
-0.232605
0.151435
0.73415
-1.2194
-0.0294088
1.79486
0.952181
-0.834002
0.117383
0.102422
0.0296936
0.613873
-0.195138
-0.338759
0.564683
-0.777093
0.772473
1.1585
-0.0219209
0.615467
-0.226911
1.06473
0.823462
0.995672
0.478961
-0.483679
-0.0181454
0.406164
0.111314
0.535936
0.638482
-0.187991
0.0792675
-0.130594
0.260873
0.397199
0.745556
0.589283
-0.206745
0.189359
0.106315
0.0312463
-0.106734
-0.0369945
0.59795
0.211435
-0.627488
-0.773912
-0.162191
0.706738
-1.44568
0.146533
-1.28852
0.355587
-0.404687
-1.37225
-0.651138
-0.245699
0.386614
0.801822
0.13807
1.54171
-0.391318
1.40117
1.10206
-0.402161
1.04013
0.0668395
-0.216231
0.81891
-0.681434
0.399359
-0.48084
0.138074
-0.276103
1.64659
-0.772522
1.44415
0.80159
0.624682
-0.0532009
-0.364784
0.504791
0.850069
-0.755119
-0.126901
-0.52637
-0.638954
0.0587269
-0.0628523
-0.214197
0.755883
1.08124
-1.13968
0.436181
0.14279
0.0280494
-0.275257
-0.207351
-0.494969
0.570639
0.446559
-0.868767
1.20756
-0.158253
-0.463664
-0.146631
0.28229
-0.99344
0.0743588
1.12244
0.407282
-0.31312
0.564803
0.0931093
-0.139813
0.242081
0.771367
-0.546582
0.533556
-0.501942
0.187036
0.0968525
0.379359
0.409936
-0.03763
0.617128
-0.875139
0.0825105
1.16483
1.25656
-0.452737
0.167824
0.804232
-0.669284
0.075473
0.856089
1.18174
-0.0351719
0.564975
-0.0496034
-0.322614
0.620752
-0.461287
0.00291169
0.665951
0.239126
0.92219
0.149851
-1.82242
-1.26334
-0.322201
-0.768202
-0.164861
-1.02739
0.503003
-0.750689
0.0732917
-0.369098
-0.738451
-0.136495
0.871033
0.446685
-0.761718
0.392506
-0.779941
-0.491626
0.870838
-0.0520155
0.429281
0.381696
0.314751
0.592052
-0.389872
0.203958
0.105437
1.60463
0.512638
0.42907
-0.59212
-0.227196
0.0491255
-0.653956
-0.145938
0.222979
0.384626
-0.575851
0.337286
-1.02689
0.806898
0.891852
-0.962661
0.329103
1.14252
-1.0987
0.146498
1.03789
-0.820861
1.15617
0.356672
-1.09667
1.34614
0.119218
-0.567914
-0.168145
-0.631738
0.725235
-0.206719
1.31116
0.135023
0.619055
-0.405231
0.692821
0.744498
-0.338412
0.738886
0.0783247
1.05558
0.284311
0.103793
-0.681448
0.411236
0.562568
0.828303
1.09161
-0.209882
-0.911432
-0.458274
-1.34496
-0.80097
-1.49505
-0.714999
-0.030757
-0.0310905
-0.336967
-0.436531
0.803852
-0.089797
0.0935052
0.958625
0.921287
-0.00644339
-0.888651
-0.87952
0.648801
-0.682093
1.02598
-0.0850611
-0.669394
0.870701
-0.406323
0.461585
-0.394858
-0.527401
0.199891
-0.892754
-1.1352
1.63731
0.251138
-0.650288
0.122244
1.0566
0.425621
1.00227
-0.026442
-0.353506
0.797537
0.273545
-0.531071
-0.0580703
-0.507387
-1.60891
0.904051
-0.0613677
3.36304e-05
-0.0861292
-0.252151
-0.105964
-0.207174
0.0857213
0.779161
1.10295
0.156704
1.52856
0.0996731
0.962666
-0.212193
0.44644
0.724403
-0.578587
-0.244048
0.278292
0.455737
-0.790331
-1.03897
0.440272
-1.2428
0.304906
0.0201725
-0.200463
0.0096301
0.104227
0.728602
0.0569469
-0.902417
-0.294322
-0.199102
0.00086376
0.631401
-0.551725
-0.411169
0.539669
0.77034
-0.695299
-0.406672
0.595648
1.08872
0.405821
0.133898
0.626093
0.0795286
0.245003
-0.269227
-0.331906
-0.0977869
-0.0666222
0.560008
0.330001
0.660824
0.772336
-0.193443
-1.06397
0.526682
-0.151563
0.173629
1.19202
0.528859
0.584781
0.102587
-0.255993
-0.814376
-0.95283
1.28478
-0.344414
-0.202303
-1.18505
0.32823
0.732008
1.05938
0.801849
0.27247
-0.309188
0.881725
0.845206
-0.405668
0.958513
-0.109502
-0.725925
0.840072
-0.422819
-0.174612
-0.28206
1.06164
-0.188943
0.166424
-0.509746
-0.401287
-0.474887
-0.490689
0.0180743
-0.826545
-0.142464
-0.545516
0.281489
-0.5989
-0.555347
1.4488
0.437034
-0.0474433
0.375445
-0.361202
-1.65726
0.0527529
-0.431149
0.896327
1.49706
0.647113
0.418637
0.800189
-0.292521
-0.487272
-0.199203
0.333825
-0.447342
-0.604867
0.955118
0.961629
0.534493
0.0373783
-1.31269
1.00144
-0.133146
-0.871359
0.937614
0.164091
0.439455
0.0634385
0.710616
0.594221
0.126121
-0.11471
0.191477
-0.458322
-0.373222
-0.170491
-1.07657
0.288045
-0.399122
0.165241
0.86836
0.948492
-0.0644593
-0.0304102
-0.458513
0.341366
-0.127596
-0.7246
0.486276
-0.800258
-0.578395
0.660779
1.08052
-0.334897
2.09161
-0.475942
-0.0677745
0.110533
-0.243757
-1.48305
0.580424
-0.208816
-0.101827
-0.204309
-0.0378746
-0.268213
0.832847
0.720969
0.358824
0.820303
-0.272157
1.59088
-0.909815
-0.218086
-0.0913598
-1.08047
0.151109
-0.383017
-0.28674
-0.0801122
-0.944985
-0.916561
-0.0814479
0.0558772
0.68447
0.763132
0.386763
-0.809738
0.233864
-0.156982
0.395957
0.286605
0.250885
1.10301
-0.312341
-0.4842
-0.575458
-0.188788
0.717329
-0.265083
-0.943459
-0.135769
-1.197
0.83766
-0.0446588
0.567639
-0.572167
0.0953132
-0.245127
-0.0242336
0.500649
0.520588
0.479826
0.113783
0.453592
-0.960681
-0.102874
0.474546
0.257198
0.968582
-0.239651
-0.29769
0.202211
-0.624199
-0.153391
0.473723
-0.401781
0.720827
0.824404
0.00823044
-0.725248
1.16961
0.0685442
-0.050146
0.303692
0.0885643
1.11372
0.787835
-0.792373
0.0461693
-0.879973
-0.950455
-0.986591
-0.00476343
1.15959
-1.20652
-0.737979
-0.616533
0.499889
-0.835553
-0.358014
-0.194001
0.0150963
0.732765
-1.01218
-0.265519
0.889564
-0.753108
-0.624255
-0.790312
-0.0622453
-0.797273
-0.642983
0.396904
-0.126273
0.638168
-0.133689
-0.112954
-1.63423
-0.693776
0.251341
0.12906
-0.589084
0.506625
0.355373
0.918726
0.361683
-0.845133
-0.769863
0.889438
-0.568815
-0.532924
-0.663227
-1.40534
-0.0483334
0.625012
0.12198
0.42087
-0.533617
0.2765
-0.272049
-0.844846
0.241189
0.51708
0.470377
0.617172
-0.113124
-1.09641
0.418408
-1.12596
-0.82852
-0.623456
1.1084
0.138041
-0.85917
0.291052
0.647633
-0.686462
0.335364
1.22856
-0.0681377
0.443123
0.456863
0.0252796
-0.34122
0.757328
-1.00892
0.310366
-0.365916
0.633166
-0.614459
-0.407146
0.0965154
-0.0731807
-0.451157
0.763583
-0.492859
-0.0329213
0.22584
-0.570112
0.596868
-0.278002
-0.109776
-0.0036882
-1.0705
0.752612
-0.412076
-0.1879
0.958475
-0.226808
-0.752622
1.03186
0.20868
0.307059
1.46492
-0.22635
-0.497767
-0.849267
-0.0142653
-0.637867
-0.118637
0.483741
-0.0498152
1.33835
0.961099
1.04735
-0.583665
-0.859174
0.237501
-0.201586
0.528755
-0.260638
0.0145334
2.07629
-0.653084
0.408732
0.724602
-1.67279
0.922508
0.0879433
-1.10605
-0.113999
1.10672
-0.273842
0.750021
0.849672
-0.53934
1.85024
-0.143079
-0.499213
-0.156481
0.357033
0.291179
0.140711
-0.883313
-0.291066
-1.31604
0.0768329
-0.478316
-0.533014
0.641241
-0.729879
0.628277
-0.0470559
-0.574998
-0.361424
0.944875
0.311721
0.614401
0.69988
0.219606
0.502619
0.393379
-0.118423
-0.717665
0.0285411
0.18466
-0.672707
-0.794773
-0.880205
1.30259
-0.976508
-0.339674
1.72404
0.498952
0.328482
0.80479
0.326959
0.736303
0.25528
1.36619
0.495187
0.543392
0.238724
1.74206
-0.229728
0.849677
0.613381
0.0903558
0.27179
1.60385
-0.0257954
0.316837
-0.101573
0.267233
0.373862
0.237085
0.0690679
0.0193875
0.203097
-1.18574
-0.525706
-0.138227
-1.30783
-0.792933
0.476444
-1.55616
-0.0636298
-1.36886
0.698521
-0.271787
0.183303
-0.0331827
-0.724313
-0.91616
-0.587582
0.132376
-0.263263
-0.371677
-0.023827
0.895147
0.445498
-0.234139
0.134671
-0.374208
0.435656
0.218579
0.308111
-0.321382
-0.0220074
-0.00271814
0.29823
-0.358608
0.934939
0.468977
0.629741
0.0206365
-1.27334
-1.64779
0.118281
0.381948
-0.713335
-1.04131
0.929927
-0.775965
0.521233
0.593652
-0.533389
-0.112058
-0.866748
-0.564211
-0.648492
-0.613159
-0.177076
0.155548
0.569545
0.485723
0.587984
-1.07218
0.129674
-0.370583
1.16186
0.0860669
-0.0821501
0.682558
0.187647
0.125958
1.08116
0.320523
0.0420216
0.555655
-0.554357
-0.813979
-0.229948
-0.667745
-0.503829
0.405659
0.791457
-0.574803
-0.913637
-0.385475
0.696554
0.184766
-0.581828
0.179385
0.0365499
0.773061
-0.402645
0.279059
0.407971
-0.415443
-0.198645
-0.715736
0.311305
-0.81005
1.53938
0.373855
-0.772492
0.927068
0.872926
-0.373201
0.655902
-0.333122
0.000183193
-1.48356
-0.483417
-0.193929
-0.505142
0.772975
1.32975
-0.520705
-0.0605016
0.283363
-0.0710192
0.291893
0.0171555
0.313948
0.171423
0.482417
-0.159024
0.335274
0.644423
-1.93379
0.49109
-0.37619
-0.218288
-0.412263
0.209301
0.416228
-0.470614
-0.458498
1.42523
-0.0970989
1.92141
-0.130913
0.226698
0.164493
-0.263519
0.555343
0.481091
-0.953735
-0.335811
-0.28867
0.0394075
0.256997
-0.312769
0.274994
-1.10735
-0.75198
0.071391
0.503859
-0.357705
-0.628061
-0.0178137
0.0470644
0.84216
0.413111
-0.895637
-0.702493
-0.99265
-0.449675
0.652351
-0.365957
-0.684794
0.440451
1.89115
0.459759
1.16763
0.0655526
-1.72621
-0.134863
-0.739349
-0.740874
0.480252
0.338901
-0.201842
0.277262
-0.0913885
-0.10864
0.916483
-0.922255
0.54595
0.842733
0.161672
-0.802097
0.458968
-0.357299
-0.228103
1.16072
-0.262147
0.972928
0.389443
-0.722356
0.292118
0.179387
1.11845
0.0253241
-0.212688
-0.0348828
0.255519
0.157675
-0.402146
-0.420204
-0.97199
-0.247721
-1.15857
1.12252
-0.627364
-0.2932
-0.493695
-0.903923
-0.235265
1.00855
0.0517015
-1.09213
0.42009
0.840069
0.402918
0.999329
-0.630849
-0.634835
-0.603752
0.23068
-1.44937
0.974584
0.199693
0.351778
-0.81988
-2.00709
-1.18907
-0.812429
-0.768314
-1.14275
0.560582
0.1461
0.0532114
0.116501
0.393523
0.597797
-0.20546
-1.26062
-0.199465
0.896211
-0.921328
-0.0922879
0.0520093
0.223182
-1.0726
0.67304
-0.757044
0.56407
-0.776581
-0.280774
0.354482
-0.727565
0.90659
0.227152
0.268897
0.305043
-0.890339
-0.287835
0.273782
0.936876
0.101109
-1.0105
-0.339811
-0.651143
0.569154
-0.0963892
-0.175415
0.113942
-0.544365
0.525499
0.109235
0.439714
0.318667
0.0234839
-0.0163538
-0.155917
-0.929739
0.19225
-1.03378
0.344937
-0.433241
0.0821
0.0694359
0.144866
-0.358913
0.121345
-0.777739
-0.264277
0.496134
0.448606
0.903636
0.477599
0.338533
-0.287501
-0.385805
-0.797567
0.109353
-0.619352
0.0647651
0.629384
0.90024
0.0262086
0.472525
0.0479846
-0.241921
0.60644
-0.380704
0.785937
0.0382614
0.316065
0.00742267
-1.01284
0.507622
0.25142
0.475269
-0.308656
0.714194
-0.259408
0.476811
-0.543193
0.0122303
-0.68281
-1.00449
-0.327991
-0.44323
-1.06153
-0.141402
-0.140895
0.305479
-0.925448
-0.416434
0.930019
-1.32758
-1.73485
-0.331715
-0.861308
-0.0148089
0.350411
0.374043
0.928774
0.804884
0.704821
-1.00002
-0.250916
0.839855
0.255395
0.231065
0.0737316
0.116123
-0.60783
0.649257
-0.413944
-0.791686
-0.192453
0.743742
0.2373
-0.27314
1.09163
-0.659197
-1.09161
0.551374
1.24617
-0.140676
0.254603
1.25866
-0.527568
-0.236269
0.869333
0.201266
-0.485392
0.0625315
0.221063
0.52251
0.168801
0.786845
0.905677
0.363044
-0.0932172
-0.380387
-0.108836
-0.455275
0.723579
-0.157221
-0.70184
-0.290083
0.332757
0.157152
0.348685
0.0695023
-0.826031
-1.55711
2.4944
0.405075
0.145556
0.818117
0.177973
1.59037
0.551518
-0.234572
-0.926321
-0.181274
-0.0850983
1.17583
0.0122997
-0.379939
0.346228
-0.611899
-0.353789
0.781675
-1.66892
-0.427281
0.0533586
-0.639196
-0.569816
-0.0761432
-0.0352498
1.25558
-0.261678
-0.670669
0.295967
0.157211
0.507244
-0.354534
0.21467
-0.102847
0.585151
0.92335
-0.628152
1.3715
0.952609
-0.242375
-0.13049
-1.13671
-0.381911
0.363657
-0.385301
-1.11688
0.770824
1.28094
-0.828039
0.671031
0.171114
-1.35893
2.33212
-0.295038
0.639428
1.72453
-0.482437
-0.738949
0.267747
0.301013
-1.05238
0.471194
0.973064
-0.687515
-0.444607
-0.149564
2.82561
1.59493
-0.387266
-1.32487
-0.0997673
0.998332
-1.30727
0.81577
0.188056
-0.635735
-0.0348782
1.53527
0.214239
0.0366845
-0.172708
-0.774678
0.734762
0.316162
-0.0321071
-0.414414
-0.639356
-0.585435
0.49653
0.691883
0.0901963
-0.929598
0.612436
-0.500766
-0.139949
0.0505789
-0.52061
-0.0470698
0.251829
0.622942
-0.252462
0.719906
0.376467
-1.37914
-0.0222405
0.883126
0.695135
-1.15967
-0.835031
-0.328935
0.917088
0.0812532
-0.997816
1.14002
1.37469
-0.585253
1.02035
0.387902
1.4707
-0.79683
-0.0252482
0.364874
-0.914515
0.00189364
0.372015
-1.03125
-0.260724
-0.927896
-0.279073
0.181281
-0.645907
-0.0121775
0.454403
0.000167708
-0.163399
-0.367589
0.333534
0.0573197
0.74358
-0.291049
-0.178297
0.495076
1.20347
0.564002
-0.450213
0.651951
-0.774587
0.662238
-0.676372
-1.06389
-0.108523
0.413201
-0.0331371
1.348
-0.57341
-0.895678
-0.384237
0.222311
-0.286365
0.734918
-0.0955319
0.364841
-0.843025
-0.644044
0.710107
-1.30629
-0.00630353
0.212927
0.247787
1.45954
1.10366
0.344496
-1.14993
-0.269369
-0.504518
-1.42619
0.0451715
0.388249
-0.0621929
-0.0900077
0.498257
-0.101051
0.0123182
0.354742
-0.265569
0.26839
-0.418971
-0.364302
0.188229
0.342469
-0.104169
-0.111356
0.593185
-0.596184
1.46415
1.03363
-0.967311
0.388726
0.832879
0.467734
-0.877308
-0.475671
0.77711
-0.140476
-0.190941
0.580807
0.122305
-0.2022
-0.820186
-1.28776
-0.558005
0.454332
-0.479836
0.302058
0.119769
1.0681
0.0738629
-0.213538
-1.32546
0.357441
0.60398
0.309202
-1.26569
-0.133805
0.0481761
1.76317
-0.922736
0.57059
0.498544
-0.944821
0.163303
0.267604
1.0051
0.0288507
0.46295
-0.06323
0.802969
0.377653
0.0640747
-0.950488
0.193714
0.358371
0.0335452
0.313836
0.342844
-0.215067
-0.912456
0.382645
0.836194
-0.265227
-0.979612
0.241489
-0.281946
-1.24335
1.11592
-0.622697
1.49522
-0.776698
-0.781805
-0.473273
0.498289
-0.512895
0.0578335
0.554498
-0.0921558
-0.0874976
-1.56148
-1.04904
-0.163943
-0.953503
0.287276
-0.227015
-1.28079
-0.193899
0.468225
0.0522039
0.120642
0.0164126
0.07939
0.165734
-0.736216
-0.581744
-0.309585
0.925992
-0.928279
0.065591
0.631289
-0.624975
-0.552065
-0.994074
-0.119254
0.26847
0.352021
-0.77505
-0.255483
0.468074
-1.08565
0.198773
0.455964
0.149169
-0.568253
0.309904
0.330406
-0.0148053
0.734913
0.861148
0.381869
1.08498
1.44806
-0.582832
-0.417801
-0.0902582
0.20641
-1.28396
0.31936
0.651604
0.174492
0.944396
0.183984
0.40574
-0.559948
-0.0846272
-0.386059
0.777828
0.867928
-0.192295
-0.313176
1.35297
0.611818
0.222444
0.365579
-0.115026
1.27707
-0.633483
0.736336
-0.24981
0.213243
1.38744
0.210814
-0.479809
0.336584
-0.987307
0.903009
-0.360608
-0.0770004
-0.0608173
-0.660175
0.439103
-0.507732
-0.267506
0.478035
0.331425
-0.399043
-0.325635
0.154434
0.0757691
-0.404457
-0.621758
0.0782096
-0.0918183
0.28291
-0.45185
1.186
1.75631
1.028
0.338314
-1.98895
0.14346
0.886232
-1.42498
0.413258
-0.312425
-0.195236
-0.448374
-0.0281394
-0.585576
0.227822
-0.0617598
-0.579346
-0.432182
-0.332255
1.26349
-0.494445
0.195677
0.235915
0.261417
-0.540636
0.42774
-1.20486
0.630134
0.23711
0.174675
-0.130016
0.628854
-0.153669
-0.728782
-0.329629
0.57094
-0.238463
0.288268
-1.13472
0.0383978
0.752258
0.43086
0.41081
-0.214499
-0.155372
0.514432
-0.600332
-0.546676
0.20811
-0.112963
0.301039
-0.517909
-0.676783
0.632013
-0.66198
-0.0769787
-0.545021
-0.364553
0.0708486
0.418334
0.106532
-1.36786
-0.371237
1.04784
-0.49254
-1.76885
0.663981
-0.337108
-1.673
0.252908
0.787368
0.660383
0.895617
0.270216
0.636246
0.435062
-1.0638
-0.690849
0.693259
0.621315
1.27935
-0.31949
0.0826909
0.908313
1.39367
0.0506692
0.636946
0.839669
1.01548
-0.512333
-0.0103367
-0.183858
-0.0573688
-1.08052
0.148807
-0.455472
-1.34169
0.138065
0.0057945
0.393414
0.249827
0.743458
0.509722
0.562173
0.775794
0.677992
0.234879
0.497757
-0.0677935
0.229298
-0.565202
0.898095
0.0954888
-0.989512
-0.378542
-0.880475
-0.741117
0.202965
-0.766361
-1.0347
-0.0896796
-0.381982
0.493575
0.969219
-0.670994
0.00589255
0.0386573
0.512383
-0.61551
-0.577185
-0.507676
-0.269942
-0.310967
-0.545132
-0.593481
0.903168
-1.03614
-0.109402
0.0340681
-1.29614
-0.322778
0.39126
-1.23885
-0.197328
-0.225874
-0.141169
0.0320049
-0.15836
-1.11611
-0.496892
0.701622
0.396903
0.245771
1.0507
-0.732473
0.851729
-0.556053
0.182539
1.56562
-0.462567
-0.0376183
-0.339077
0.0783135
0.0169356
0.523527
0.261197
-0.168896
-1.75696
0.826401
-0.226872
-1.60212
1.35026
0.0996126
-0.406637
-0.00791807
0.33666
-0.20773
-0.88983
0.86809
0.655612
0.855779
-0.0756399
0.546422
-0.163291
0.2786
1.10789
0.248733
-0.959109
-1.48636
0.0713153
-0.306554
-0.939379
-0.836334
0.541989
-0.657603
-0.479159
-0.696905
-0.905918
0.592422
-0.459267
-0.0538772
-0.395508
-0.60797
1.04577
-0.197491
-1.20626
0.719068
-0.56465
-0.679463
0.218262
0.144865
-0.692016
0.554371
-0.186494
0.467213
0.128267
-0.921543
1.05989
-0.0331257
0.741102
-0.160437
-0.57465
-0.35002
0.675422
0.99956
0.0296845
-0.293816
0.276928
-0.66782
-0.468986
0.368847
-1.1268
0.0330999
0.328873
0.245473
0.106944
-0.240091
-0.611827
-0.188836
0.171979
0.257382
0.421619
-0.0887566
1.58877
-0.527468
0.020679
0.323841
0.128649
0.567224
0.821714
-0.769314
-0.427932
-0.279934
-1.11757
0.0641608
-0.854256
0.684173
0.555439
0.136316
0.109855
-0.393759
0.4027
-0.0634418
-0.72315
0.802367
-1.71245
0.271657
0.911941
-0.410438
-0.800254
-0.189251
-0.138746
-1.44052
0.756462
-0.749922
-0.0176078
-0.306784
-0.297623
0.00895534
-0.254915
-0.196372
0.050402
0.29576
-0.231737
0.305465
-0.353486
1.33556
0.530788
0.934638
-0.277174
0.411347
0.184981
-0.736636
0.0038357
-0.440595
0.532724
-0.952686
0.990622
0.132189
-0.653448
0.183517
-0.690539
-0.943934
0.151227
-0.0767308
0.884032
-0.274102
0.081927
-0.543516
0.814213
-0.130566
-0.805611
1.88298
0.427185
1.15407
0.153663
-0.101429
1.3917
0.342116
0.337863
1.10804
-1.53516
0.326662
-1.2307
-0.207439
-1.18067
-1.15609
-0.315448
-0.0130073
-0.204187
-0.348425
-0.501297
1.61629
-0.683869
0.136321
-0.553553
0.353593
0.442652
-0.474951
-0.378171
-0.52274
-0.0579732
-0.626833
-0.536561
0.336271
-0.695069
1.33264
0.596887
-0.513198
0.187924
0.0291294
-0.267337
-0.145885
-0.754809
0.636008
-0.251518
-0.118199
-1.54838
0.184782
0.785053
-0.244716
0.261909
-0.317382
-0.0860712
-0.701506
-0.712155
0.206321
0.375014
0.578932
1.17944
-1.06323
-0.243061
0.70145
0.993084
-0.769125
-0.315587
0.0382856
-0.521995
-1.44684
-0.647283
1.45799
2.2744
-0.308404
0.843765
-0.387481
-0.653113
-0.197177
-0.0184983
0.394073
-1.38663
-0.89558
-0.960071
-0.540201
0.0550538
-0.37446
-0.432077
0.293458
-1.11026
-0.894552
0.404891
0.409232
-0.117175
1.0043
-0.21095
0.228603
0.623017
-0.98132
-0.239693
0.156641
-0.654842
-0.195269
0.95488
0.545902
-0.348177
0.299258
-1.76253
-0.285913
0.0623904
1.53025
-0.0465657
-0.204756
0.360102
-0.0103896
-0.721089
0.331464
-0.353304
-0.8467
-0.164161
0.392558
0.218112
-0.0517167
-0.604243
0.00455058
1.22203
0.187194
0.0786483
-0.526852
0.854188
0.0269793
1.19658
0.113481
0.754381
-0.136125
0.142187
0.540462
0.203813
0.463841
0.424054
-0.00921193
0.529788
-0.323393
-0.792216
-0.570495
-1.80413
-0.102599
-0.432193
-0.40981
0.430422
0.117453
-0.741324
0.235352
-1.5163
0.0202133
0.40802
-0.393625
-0.119464
-1.46813
1.10179
0.238818
-0.132654
-0.970781
0.315009
0.566005
0.547917
-0.856232
0.398779
0.0432682
-0.370102
0.914938
0.36095
-0.687979
0.132779
0.0296063
0.327708
1.40487
-0.794607
-0.729447
-0.589529
0.0268873
-0.0062279
0.420366
-0.469087
0.468479
0.427379
0.655683
0.0328122
-1.18382
0.296492
0.623882
0.288807
-1.33399
-0.129391
-1.36282
-0.589382
-0.272303
-0.575354
-0.274497
0.339092
0.0522346
0.860131
0.103737
0.555278
0.208774
0.650816
-0.289512
1.07251
-0.331683
-0.0291583
-1.48317
-0.604603
0.186762
0.276237
-0.0983723
0.246878
-0.390767
0.499772
-1.09922
-0.0688689
-0.0371712
0.5401
0.920639
0.256959
-0.461893
-0.361576
0.2701
-0.747796
0.299344
0.927044
0.327465
0.0973382
0.419525
1.45043
0.0133394
-0.557219
-0.264176
-0.807881
-1.42024
-0.475755
1.08976
0.209125
-0.118142
-0.15494
-0.155514
0.173541
-0.575678
0.371594
-1.4013
-0.807323
-0.733068
-0.555657
0.261177
0.519797
0.185805
-0.452335
-1.35947
0.310099
0.766472
0.810277
-0.243839
-0.652063
0.111991
0.557041
1.12822
-0.0906642
-0.865897
0.344603
0.605098
-1.12426
-0.0871854
-1.02032
0.683242
1.34349
-1.83107
-1.18083
0.17178
-0.210815
-0.339299
1.04745
0.283933
-0.667474
-0.0229026
0.00903553
0.316808
-0.695983
1.32724
0.355522
0.462845
0.0666404
-0.0121967
0.562031
0.276721
0.102327
-0.393649
0.539919
0.713009
0.167286
-0.0998867
0.553637
-1.13635
1.6718
0.413112
-0.890859
-0.22423
0.265216
0.172727
0.372995
0.264517
0.273594
-0.472596
0.646708
0.102986
-0.218886
0.0642806
-0.636801
0.268246
0.586117
-0.0436546
-0.0775119
0.457664
-0.356992
0.192489
0.346918
0.748209
0.118356
0.48076
0.624728
0.214859
-1.04983
0.637773
0.446055
0.986138
-0.296162
0.496682
-0.449053
-0.811507
-0.947643
0.122302
1.37434
-0.24009
1.36007
-0.610827
1.20434
-1.08555
-0.0477159
1.36028
0.266084
-0.47003
-0.231948
-0.364759
-0.928578
-0.848586
-1.09223
-0.52873
-0.0807072
0.870505
-0.256633
-0.0397745
0.0560201
-0.16639
0.166704
-0.5385
-0.166874
0.56485
0.443841
0.493536
0.550604
-0.349828
1.01292
-0.00822648
0.645853
0.266654
0.307311
-0.895747
0.360397
0.129214
-0.642987
-0.275649
-0.393073
-0.764917
-0.723941
0.283237
0.801199
-0.0893022
-0.424301
-0.366524
-0.254003
0.216151
-0.832712
0.0177628
-0.0623731
0.516245
0.269728
0.464747
0.511167
0.244115
-0.522339
-1.17561
-0.398484
0.608148
0.366149
1.23779
-0.963077
-0.697274
-0.96877
0.0472196
0.240144
-0.392243
0.190724
0.403742
-0.130878
-0.102766
-0.543384
0.193449
0.027351
-0.60922
0.430226
-0.601708
-0.6816
-0.130477
-0.0530579
0.635488
-0.305192
-0.0543971
0.258087
0.136453
-1.48416
-1.00107
-0.530778
0.839032
1.38032
-0.855537
-1.5904
-0.394507
0.605214
-0.00591509
0.253593
0.517646
1.05489
-0.15439
0.771874
-0.540812
-0.884804
-0.597945
-0.269176
0.601698
-0.352436
1.29631
0.606222
-0.845199
0.716938
0.0956842
0.100271
0.715941
0.431869
-1.46093
-0.722782
-0.689652
-0.642098
-0.163732
0.336739
1.19234
0.910034
-0.15686
-0.395361
0.0908201
-1.4005
-0.520313
-0.473726
-0.208376
-0.450571
1.03446
-0.194688
0.23033
-0.451819
-0.019317
0.842541
-0.310333
0.0951103
-0.816265
-0.511045
-0.471431
-0.943536
0.0052799
-0.742368
0.884855
0.717284
0.521951
-0.29037
0.505711
0.615223
0.33817
0.374316
0.22406
-0.114521
0.321738
0.0138825
0.809592
1.14697
-0.59821
-0.549508
1.4343
0.535173
0.88963
0.124506
-1.53747
0.207195
0.518035
-0.671184
-0.195794
-0.0321217
-0.426689
-0.00955535
0.297661
-0.517209
-0.326725
0.874362
1.41192
0.590951
-0.285649
1.39991
0.538089
0.42205
1.56775
-0.335582
0.131856
-1.23937
0.293409
-0.435215
-0.195399
-0.647479
-0.128694
0.93248
-0.590657
-0.285099
0.087072
0.0604846
0.712203
-0.305863
0.135269
-0.0639038
0.0297232
0.601303
-1.0803
0.908062
-0.13782
0.357263
1.62379
-0.0765515
0.331903
-0.333087
0.635939
-0.0341274
0.179146
0.126611
0.334066
-0.34707
-0.593207
-0.145922
-0.0643065
-1.09434
0.701481
-0.323895
-0.431548
0.221453
0.772067
0.0800455
0.275977
-0.40597
0.0955863
-0.318084
0.380302
-0.976654
-0.234291
-0.528654
0.0425244
-1.08222
0.652622
-0.18611
-0.598922
0.467082
-0.15268
0.178808
-0.82183
-0.347044
0.500467
-0.312275
-0.665023
0.768207
-0.98362
0.0520961
0.515064
-0.160345
0.925329
-0.141375
-0.512026
0.168333
-0.184458
-0.0411376
-0.140184
-0.555363
0.562394
0.133459
0.144698
0.591181
-1.41254
-1.18405
0.0556917
0.254905
-1.13572
0.124532
-0.475706
-0.160689
-0.752166
-0.0417235
-0.854999
0.782313
-0.957778
0.262775
0.60785
-0.470964
-0.58109
-0.338949
-0.324417
-0.0917193
0.378267
-0.655798
-1.2117
-0.145071
0.159627
0.170282
-0.153649
0.404861
0.403624
-0.413258
0.277575
0.0133134
-0.110911
-0.504119
-1.41857
-0.34715
-1.085
-1.10761
-0.161494
0.208951
-0.427153
0.078378
-0.387964
0.0589981
0.103378
0.538921
0.141061
-1.06614
0.471915
0.305042
-0.0523298
0.319724
-1.88324
-0.0210583
0.320668
0.0437056
-0.972078
-0.19448
1.31045
-0.321664
-0.363357
-0.572349
0.501345
-0.0424614
1.11045
-0.190212
-0.973366
0.856893
1.30732
-0.785858
0.0927413
-1.48316
0.801033
-0.540312
-0.569521
0.608491
0.460433
0.025623
-0.288955
1.02188
0.832838
-1.07156
0.484984
0.4201
0.451249
-0.737363
1.10212
0.675585
0.487854
-0.965445
-1.05676
0.767263
-0.288063
0.807687
-0.0640906
0.411573
-0.790697
0.477143
-0.059303
-0.0149495
0.619991
-0.0722925
0.255941
0.387783
-0.347122
-0.0442633
-0.664319
-0.0404847
0.645129
0.403135
-0.000255706
0.66343
-0.257246
0.868342
0.331069
0.903121
0.047801
-0.51519
0.998502
-0.0556743
1.5749
0.948119
-0.397979
0.502357
0.702354
0.84236
0.512167
-0.463617
0.366118
0.511334
-0.84355
-0.462978
-0.410491
0.974785
0.104934
0.593397
0.193708
-0.424276
-0.615171
-1.1039
0.0276276
-0.461451
0.11157
-0.415506
0.81851
0.261852
0.507503
0.488048
0.837924
-0.0571485
1.12662
0.326646
0.836
0.0421679
1.58101
0.583503
-0.645265
0.218637
0.415487
0.0185013
1.49517
-0.336307
0.279801
-0.0199197
0.297641
-0.729255
-0.301517
-0.179621
0.999294
0.145748
1.28675
-1.18095
0.741986
0.942724
0.487949
0.83564
-0.0908317
-0.182792
-1.25776
-0.467505
-0.534567
-0.252921
-0.372364
-0.454984
0.0410382
-0.0560853
-0.754005
0.0167396
0.253661
-0.0200445
0.115091
0.107079
-0.297227
-0.366021
0.662298
0.222999
-0.648167
-0.710992
-0.426639
0.363307
0.55029
-0.733154
0.241853
-1.53113
0.568246
0.873425
0.996348
1.10458
-0.937114
-0.417467
-0.311973
-0.956908
-1.18156
2.0246
-0.148358
-0.17359
0.0699684
0.0417982
-0.77809
-0.086397
-1.01072
0.310159
0.336215
-0.209588
0.318424
1.3002
2.0782
-1.73255
1.08332
1.00218
-0.676772
-0.990714
1.46697
-0.651267
0.227828
-0.524821
1.15293
-0.328437
0.190861
0.0599017
-0.61206
0.672497
-0.593237
0.584563
-0.713088
-0.460307
-0.587548
-0.323293
0.852778
0.707941
-0.533208
0.192528
-0.211413
-1.30009
0.734903
0.755404
-0.0801933
0.48065
0.425052
-0.191081
-0.200065
1.07494
-0.337778
-0.546415
1.19989
0.161718
-1.25527
0.222547
-0.453903
0.94605
-0.718551
-1.17454
0.655599
-0.752184
-1.69068
2.05576
-0.968273
-0.459008
-1.51251
-1.05199
0.112124
0.0184709
0.550192
-0.528833
-0.0137241
-1.13342
-0.283601
0.00196206
-0.11746
0.862294
-0.454239
-0.364203
0.24236
0.411219
0.343501
1.26188
1.65394
-0.213931
-0.460269
-1.57161
0.336603
0.579914
-0.464198
0.000689875
0.493522
1.49217
0.642265
-0.0888172
0.0446121
0.303565
1.02153
-0.448683
-1.79955
-0.131293
-0.697184
0.446068
-1.51964
-1.38128
-0.720051
0.804547
0.995881
-0.0375592
-1.09481
-0.15473
-0.498077
0.765427
-0.216183
0.618249
0.413582
-0.82115
-0.596788
-0.755887
0.110202
-0.321271
0.0832047
-0.939766
0.132177
-1.46369
-0.0957508
-0.27195
-0.0985434
0.0952319
-0.632711
-0.821514
-1.49638
-0.53576
-1.00427
0.223346
0.575667
0.571439
0.615252
-0.000289324
0.285571
-0.355508
0.648575
0.461194
0.120158
-0.402531
-0.194227
-1.12717
-0.163228
-0.833841
0.259083
-0.117405
0.0935894
-0.0626049
0.708316
0.174294
0.500782
-0.553584
-0.460571
0.0363913
-0.637555
0.808558
-0.787888
-0.00458661
-0.104153
1.01196
-0.388857
-0.172362
-0.473957
0.603182
-1.14584
-0.0339463
-0.473374
0.874768
-1.00525
-0.0733582
0.0716436
-0.244803
-0.80709
-1.34737
-0.144602
-0.154261
-1.5327
0.00553996
-0.081479
-0.336412
0.144398
0.161659
0.692574
0.673739
1.0468
-0.323578
-0.215537
0.178789
0.699744
-0.789125
0.693234
0.30436
-0.366357
-0.980019
-0.0278352
-0.780351
-0.0882241
-0.285628
0.52484
-0.0103849
-0.751358
-0.334832
0.410688
-1.15469
0.0733549
0.441122
-0.529139
0.859565
-0.872346
-0.782148
-0.562882
-0.260083
-0.995738
-1.02579
-0.0181092
0.468871
0.0715538
-0.0855438
-0.462697
0.607666
-0.0505269
-0.373334
-0.256759
0.756364
-0.364746
0.842332
0.0932292
-0.62026
-0.368775
-0.396986
0.00649424
0.0422336
0.235414
-0.543263
-0.248499
0.261708
0.461636
0.689881
0.266797
0.183704
-0.355098
0.393721
0.0774735
0.64321
-0.614133
-0.427403
-0.524242
-0.203794
1.21307
-0.278645
0.339655
-1.12127
0.485148
-1.53257
-0.305032
1.43962
0.446656
-0.580352
-0.513254
-1.14765
-0.786321
-0.447022
0.746057
-0.731921
0.0734177
-0.872272
-0.642736
-1.11586
0.470905
-0.114311
-0.995441
0.511623
0.338444
1.75824
0.379664
0.840189
0.038579
-0.969188
-1.0332
-0.135289
-0.151316
-0.642987
0.431636
-0.49948
1.68097
-0.0723405
0.168314
-0.487699
-1.51864
0.715186
-0.771224
0.665078
0.258664
-0.561117
-0.671184
0.749212
0.0647653
0.289358
-0.531745
0.915582
-0.520794
0.294835
0.278521
0.486207
-0.797042
-0.285487
0.712617
0.442285
0.300984
0.883992
0.278766
0.0523262
-0.0776978
-0.855206
0.193301
0.292135
0.0515003
-0.293145
-1.02453
0.731707
0.691352
-0.540402
0.401407
0.311936
0.255939
-0.635196
-0.529348
-0.594319
0.343812
-0.0193268
-0.301155
0.152022
-0.918146
-0.361234
-0.713223
0.349958
1.01573
0.621339
-1.36714
-0.820501
-0.00705632
-0.413053
0.585935
-1.68542
-0.0285223
-0.420816
1.43256
-0.188393
-0.210935
1.94978
-0.356305
-0.164795
-0.338509
-1.31322
-1.06189
-0.00696344
-1.36895
-0.921629
0.0392949
-0.333953
-0.300414
0.374685
-0.243333
-0.618067
-0.523989
1.25364
0.674742
0.0188473
0.218282
-0.117681
0.459414
-0.478261
0.280634
0.788981
-0.672487
0.182041
-1.05656
-0.384381
0.354959
0.216813
0.977862
0.333366
0.807954
0.0842592
-0.631936
0.0948643
-0.721547
0.935654
0.559863
0.826966
0.0935506
0.335102
-0.386438
0.0822538
0.950891
-0.340698
1.47668
0.023348
0.200062
-1.22482
0.266947
-0.290054
0.526635
-1.28179
-0.0887588
0.576565
0.114435
-0.1638
-0.0687943
-0.157689
0.25933
0.0357502
0.841449
-0.0280559
0.284216
0.317942
-0.64764
0.182465
-0.995483
-0.598934
0.163321
-0.170131
0.603532
1.49295
0.181827
0.00230943
-0.646296
-1.87306
1.13717
0.564959
-0.493155
-1.33357
-0.443155
-0.277704
0.580037
-0.532613
0.412196
0.96267
1.25888
-0.708985
1.20075
-0.168431
1.00903
-0.330439
-0.523944
0.148109
-0.0580984
-1.21383
-0.321201
-0.337635
0.119326
0.410897
0.344903
-0.727254
-0.0946008
-0.0652177
-0.241405
-0.17015
1.17782
-0.407728
-0.00377543
-1.00796
0.85818
-1.606
-0.160515
-0.269303
1.4888
-0.271791
0.154703
-0.0960969
-0.676926
0.353353
-0.635931
-0.526501
-0.108655
-0.706468
0.589289
0.43208
-0.139681
0.79347
0.822553
0.0635411
-0.900055
-0.0315758
-0.118856
0.0500588
-0.159678
0.311085
0.20439
-0.0133238
-0.805285
1.24063
0.263606
-0.457444
-0.690838
-0.578314
0.741421
1.60199
0.839743
0.473137
-0.583015
0.113706
-0.659231
0.678548
-0.826195
-0.328469
1.56902
-0.180993
-0.447718
0.561832
0.448366
0.687492
0.0493941
-0.195821
0.00137778
0.481249
0.298415
0.753337
-0.0481449
-0.408722
0.379192
-0.791219
-0.146219
-1.04428
-0.328368
0.574627
-0.113295
0.726199
0.161542
-0.527751
0.813884
0.449494
-0.473441
0.644154
-0.211771
-0.840209
-1.52391
0.39786
-0.462878
-0.16915
-0.205095
-0.679096
-0.497482
0.419324
0.996087
-0.659534
0.472143
1.22324
0.230912
-0.261119
-0.232858
0.867059
-0.67955
0.211883
-0.191426
1.11099
0.423477
-0.27718
0.089532
-0.375247
-1.33214
-1.67192
0.338062
-0.04239
0.0660772
-0.0481861
-0.572978
-0.350483
0.482012
0.0430514
1.74923
-0.279011
0.0955549
0.675728
0.470208
-0.360872
0.181209
-0.0956524
0.474805
0.275364
-0.142306
-1.01549
0.810942
-0.156201
-1.07876
0.622482
0.245993
-0.262531
-0.343623
0.627572
-0.110787
-0.277269
0.118383
1.55832
-0.395967
0.258987
-0.0600128
0.282919
-0.810171
0.0477089
-1.38795
0.571473
-0.544827
1.36798
-0.63239
-0.396669
0.101654
1.02462
0.0386571
0.069875
0.146942
0.462404
0.37589
-0.065139
-0.315938
0.434757
0.0509166
0.101002
1.02817
0.491705
0.667544
0.319661
-0.242858
-0.59404
1.08393
1.04492
-0.586062
0.258325
0.820479
-1.77122
1.39564
-0.313473
0.948875
0.161991
-0.396249
-0.865989
-0.548512
-1.20154
0.884167
-1.02841
1.42296
-0.143248
0.116002
0.501897
-0.112088
0.356169
-0.583238
0.376422
0.144815
-1.17355
-0.0517746
0.604768
-0.46736
-0.713694
-0.785508
1.19109
-0.738265
0.25987
-1.94324
1.40428
0.86298
0.0391286
0.295055
0.206756
0.295813
-0.417999
-0.460031
0.303913
-0.377392
0.400217
-1.26988
0.269309
-0.310405
-1.16862
0.368196
0.281253
1.32562
1.52288
-1.57712
0.353198
0.615061
0.181045
-1.02568
-0.927809
1.60697
-0.555507
0.36696
0.336264
0.161963
0.27867
-0.196013
-0.0116291
0.203809
0.353615
0.115129
1.10241
0.498079
-0.758219
0.387352
-0.178586
0.437074
-0.244617
0.134752
1.17543
-0.444899
-0.312103
0.127885
-0.981495
0.395341
-0.441028
0.700758
1.10918
-0.807461
0.267766
0.0317596
-0.355206
0.0370617
-0.568699
0.117122
0.255034
0.479201
-0.162024
0.632736
-0.614548
0.770099
0.163706
-0.442742
-0.294465
1.22149
-0.457389
0.539657
0.321796
0.551189
0.20935
-0.352554
0.66555
-0.417991
-0.994603
0.690814
0.645022
-0.549828
0.895159
-0.339324
-0.195079
0.0843689
0.58237
0.511872
-1.48316
0.725514
-0.910243
1.24255
0.0283614
-0.615418
1.14034
0.0534347
-1.00939
-0.412419
0.0558152
0.226383
-0.238022
-0.306876
0.841868
0.679303
0.437105
-0.47963
0.0453427
1.22293
0.230106
-0.898337
-0.802844
0.891158
-0.590393
-0.304454
-0.934075
-1.2172
1.03527
0.386246
0.13894
-0.182423
-0.690448
0.839293
0.27866
0.620049
0.610009
-0.28012
0.300539
-0.139977
0.391137
0.538317
-0.0911776
-1.18294
-0.147767
-0.785064
0.190634
0.475528
0.329692
0.386089
-0.969426
0.50207
-0.231804
0.0690348
0.121857
-0.45729
-0.774185
-1.01653
-0.758701
-0.764382
-0.63711
0.443029
0.853926
-0.0910932
0.143574
0.740106
-1.05202
-0.107124
-0.619677
-0.0305143
-0.49244
0.266362
-0.151168
-0.167376
0.442108
-0.407232
-0.0889052
1.08137
0.0292209
0.226003
-0.562661
0.507364
0.965977
1.1336
-0.385692
0.182403
-0.606756
0.344185
-0.7714
-0.605357
-0.565238
0.585173
-0.527039
0.513784
0.778385
0.741992
-0.32217
-0.336057
-0.461533
-0.352809
-0.30423
0.171963
0.881887
1.7809
-0.185965
0.815536
0.200109
-0.462724
-1.16302
-1.34935
1.44163
-0.462718
-0.503418
-0.627825
-0.0586962
0.317777
0.988901
-1.26276
1.249
-0.165506
0.816093
0.00326483
-0.179007
0.170765
-0.429888
-1.69331
0.563988
-0.159454
0.0753143
0.194162
0.290229
0.873215
-0.056514
-0.178046
-0.979958
-0.569194
-0.709745
-0.350186
1.4563
0.0599576
-0.263617
0.212253
0.0344365
-0.149948
0.171035
-0.814413
-0.153196
-0.746452
-0.987641
-0.546209
0.304787
-0.918442
0.189449
0.0294872
-1.01979
-0.026818
0.248216
0.0831355
-0.247287
-0.392125
-1.02807
0.874658
0.00772159
-1.02639
-0.504189
-0.158562
1.38211
0.574056
0.377676
0.597486
0.613639
0.444971
0.190185
0.372238
0.97441
-1.01128
-0.605816
-1.00465
0.472428
1.09811
0.504052
-0.746856
0.533111
-0.214597
0.94515
-0.977557
0.448391
-0.688237
0.338054
0.535773
-0.0205225
-0.200248
1.0516
-0.111918
0.866088
-0.0862676
-1.37117
-0.448598
-0.266949
-1.23635
-0.276133
-1.44948
-0.444139
-0.680145
-1.25221
0.0165966
0.655298
0.255304
0.376225
-0.141113
1.49237
0.852329
0.81968
0.0707072
-0.0287309
-0.649877
-0.181971
0.716974
0.532758
0.723475
0.386134
0.246982
-1.08923
0.2234
0.335203
-0.571023
-0.27953
-0.917914
0.750951
-0.877718
0.896203
-0.262303
-0.865543
0.648448
-0.975829
0.526656
0.0656342
-1.09275
-0.0778405
-0.523038
0.2955
1.15187
-0.0781843
0.680238
0.0426222
0.31582
-0.923801
0.0837341
0.540052
-0.122644
-0.375236
1.1339
0.513586
0.0706029
0.178934
-0.882496
1.55068
0.0584686
-0.0570495
-0.919884
-0.051497
0.612983
-0.411784
0.794916
-1.24988
0.317762
-0.240208
0.660097
-0.874572
-0.559363
0.853492
-0.541349
0.706399
-0.87987
0.730665
0.715268
-0.428361
0.127477
0.546113
-0.431018
-0.406947
0.0648569
0.346281
0.390301
0.0539015
0.1576
0.168096
0.0420989
0.53475
0.174537
0.311913
-0.199337
-0.420894
-0.302052
-0.255048
-0.74799
0.866045
0.399265
0.493478
-0.689146
0.327493
0.568864
-0.116459
-0.175402
0.202511
-1.0778
0.376087
-0.331592
-0.336848
-0.824619
-0.402923
0.465736
0.0941454
-0.592104
0.539808
-0.86853
-0.326949
0.281086
0.568456
0.142168
0.608436
0.541869
0.436685
0.244365
-0.829883
-0.142131
-0.120004
-0.183496
0.504709
-1.13414
-0.703721
-0.246024
0.112907
-0.457133
0.133855
0.38433
0.180357
-0.0193377
1.23873
0.137366
0.182796
-0.759595
0.0771766
0.391996
-0.849646
-0.781592
0.00365911
1.49046
0.353369
0.199869
0.276345
-0.658201
1.70303
-0.360329
-0.650053
0.121145
-0.107978
1.13113
0.0473791
0.359135
0.416443
0.506742
0.0142501
-0.859068
-0.309723
-0.739939
1.62092
0.559656
-0.140223
0.963329
-0.432371
0.286484
-0.430553
0.568355
-1.20169
1.30224
0.861556
0.142428
-0.0823697
-0.185245
-0.219745
0.00172207
0.954562
-1.57261
-0.928567
0.376119
-0.0105914
-0.868105
0.229664
0.49686
0.556894
-0.818105
-0.188216
0.251923
-1.18292
-0.509336
0.273489
0.631938
0.805082
-1.22878
0.756933
0.403816
0.106276
-0.297633
-0.538321
-0.458718
0.495875
-0.659468
-0.521063
-0.473465
0.747434
-0.0505851
-0.313564
0.460897
-1.27871
0.26278
0.841679
0.134749
-0.318269
0.360427
-0.290824
-0.64002
-0.493387
-0.691357
-0.810661
-0.483911
0.68749
1.19815
-0.141452
1.97635
0.487688
0.559015
0.370678
-0.796341
0.210831
0.331881
0.170382
1.10978
-0.357612
0.855981
0.0167332
-0.727086
0.159656
-0.135224
0.240356
-0.230877
0.301574
0.981692
-0.819263
-0.763
-0.253354
-0.240008
-0.35967
-0.502872
0.79543
-0.50758
0.333403
-0.926648
-0.185811
-0.242627
-0.226706
-0.0635832
0.342981
0.43265
1.20657
1.52486
1.46403
0.496203
-0.477344
-0.061693
1.67477
0.309232
-0.903513
-0.850639
-0.254063
-0.611436
0.54102
-1.05368
1.25446
-0.985834
0.307491
0.62297
0.0144349
-0.01532
0.205331
0.00409034
-0.718344
0.498233
-0.691227
-0.613654
-0.332771
0.161144
-0.348047
-0.172792
0.882911
-0.74111
0.707264
-0.809087
0.159638
-0.415739
0.469753
0.844389
0.831155
0.635523
-0.0761246
0.735473
-0.459743
-0.54436
-0.859139
-1.49953
0.769059
1.4538
-1.032
0.258579
-0.261345
0.56228
0.890776
0.732413
0.259612
0.20975
-1.18068
0.507307
-0.4745
0.110974
-0.668095
0.751813
-0.169051
-0.378532
1.15567
0.848247
0.127128
0.915752
-0.219624
-0.286812
1.10604
-1.07991
0.140909
-0.214561
-0.268078
0.694934
-0.277991
-0.0642081
1.0476
-0.060804
0.0908745
-1.2786
1.52902
-0.0875519
-0.0627559
0.0475325
1.45337
0.321056
-0.141298
0.223048
0.052317
-0.00294392
-0.426751
0.285232
-0.270943
0.0405316
0.00112121
-1.64775
-0.147372
-0.745712
-0.932258
0.428262
0.363153
0.337421
-1.11919
-1.1224
-0.0922727
0.360583
0.704471
0.619306
0.115608
-0.140524
-0.825322
-0.279292
0.0289562
-0.220707
0.0383585
0.699879
-0.335534
0.838588
0.422029
-0.432066
-0.285773
0.352012
-0.860827
0.0983564
0.575465
0.721603
0.137851
0.250489
0.394621
0.13403
0.193978
-0.387075
-0.0223322
-0.997977
-0.210148
0.436274
-0.702664
0.356121
-0.133709
-0.0460155
-1.30855
0.145221
0.360088
-0.602192
0.635583
0.154062
-0.139796
-0.328392
-0.728611
0.710182
-0.906788
-0.223965
-0.301247
0.146868
0.173254
0.811814
1.2014
-1.93554
0.669279
-0.511616
-0.94567
-0.359302
-0.803705
-0.349009
0.41472
-0.369543
0.748883
1.29006
-0.917212
-0.534449
-0.797533
-0.137542
1.23353
0.719141
-0.543648
0.0535627
0.211174
-0.698217
0.0364704
0.798001
0.927423
-0.0859599
-1.04234
0.258289
0.389651
0.543023
0.868174
-0.45062
0.74309
-1.32479
0.356395
-0.779237
-0.0518006
0.447136
-1.00619
-0.690628
-0.550118
0.0718555
0.119779
0.41599
-0.432377
-0.668374
0.420623
-0.174873
-0.529223
0.408281
0.164347
-0.0253283
0.213856
0.244355
0.78801
0.876789
-0.200548
0.977196
-0.114385
-0.792732
-0.525959
-0.152378
0.107525
0.686758
-0.365562
0.422172
0.627901
0.443373
0.121028
0.115942
-1.24143
-0.0548433
1.35174
-1.38027
-0.0594895
0.00426494
-1.81844
0.778814
-0.850159
-0.757044
0.703969
-0.42383
0.0741724
-1.26957
-1.1135
1.88583
1.19663
-1.1732
0.744544
-1.49396
-1.01875
-0.19407
-0.721152
-0.436926
-0.43198
-0.16125
0.40733
-1.16942
-0.327327
-0.493062
-0.505042
-1.10135
-1.01788
0.765909
-0.616839
0.346297
-0.137361
1.76345
-0.987383
-1.21066
-0.150903
0.127912
-0.778565
0.841076
0.343494
-0.00733538
0.48202
0.739625
0.477858
0.134203
-1.03531
0.482409
0.512134
-0.197905
-0.817522
0.552833
1.11933
-0.439111
-0.900486
0.655544
-0.611853
0.0233537
-0.666191
-0.726774
-0.391847
-0.314048
-0.587529
0.148652
-1.30474
-0.0247917
0.0544306
-1.59537
0.217167
0.398983
-0.305747
0.0356724
0.543355
0.517994
-0.73839
0.154897
0.16806
0.0216961
-1.03622
-1.12712
0.791992
1.03975
0.456621
0.181605
-1.39255
-0.0299475
-0.636821
-0.0386369
0.0848353
-0.25479
0.645015
0.325437
0.485312
-0.335123
0.711327
-0.94427
0.76313
-0.867299
0.227565
-0.0295044
0.110469
-0.291994
0.529442
0.0944978
0.659782
1.10051
-1.79703
0.531434
0.119607
-0.0567701
0.730629
0.00224501
0.220697
-0.872092
0.134121
-0.150434
0.0375064
1.06934
0.46172
0.263821
0.406644
-0.05205
0.587404
0.084902
0.253966
-0.211091
-0.49035
0.921998
0.860108
0.560649
0.878026
1.00388
-0.157716
0.804257
-0.0403294
0.730541
0.769434
0.542797
0.569825
0.107575
-0.299426
0.43308
0.178007
0.858224
1.12231
-0.953557
-0.0548518
-1.25728
0.735358
0.713974
0.377378
0.923105
-1.30224
-0.121025
0.0733676
-0.0490099
0.300141
-1.08783
0.637306
0.616526
-1.00418
-0.164293
-0.353448
0.310086
0.00548205
0.126798
-0.263216
0.499468
0.842378
1.94258
-1.24397
0.0996336
-0.437243
1.11745
0.171665
-0.241163
0.159042
-0.524374
-0.158908
-0.203726
0.551726
1.30397
0.297389
-1.24822
-0.311589
-0.136581
0.324468
1.27568
0.437735
0.154734
0.106744
0.424435
0.383454
-1.223
0.318029
-0.382046
-0.173784
-0.0403742
-0.710441
-0.316603
0.813793
-0.388017
-1.72454
0.426109
0.625797
0.974527
-0.515942
-0.39642
1.09787
-0.597084
0.482445
-0.0592223
0.500949
0.0249816
0.700928
0.901884
-0.429905
1.3568
-0.835754
0.466908
0.0907807
-0.0240222
-0.139486
-0.259435
-0.249425
0.526034
0.507232
-0.510069
-1.05402
0.489296
-0.0846116
-0.591379
0.0316131
-0.084529
0.672277
1.10223
-0.372906
0.402621
-0.236854
0.575956
0.0302933
0.0998354
0.223509
0.324296
-0.553606
-0.0685188
0.520999
0.726772
-0.860739
1.53691
0.0212222
0.365444
-0.556945
-1.23777
-0.743723
-0.452315
1.30949
0.772105
0.522413
1.26853
0.949175
-0.415099
-0.340554
-0.266521
1.123
0.706365
-0.460978
-0.466663
0.355335
0.429159
0.436587
-0.046069
0.615929
0.87738
0.138823
0.29196
0.855696
0.107381
-0.447224
-0.96185
0.156672
-0.836652
0.717691
-0.242171
-0.319769
-1.00194
0.273568
-0.235893
0.278875
-0.483154
0.866854
-1.14926
1.05085
0.764554
-1.25045
-0.769851
0.725742
0.580952
-0.5062
-0.0155222
-0.544518
-0.0718797
-0.116842
0.596564
-0.400341
-0.507237
0.503231
0.468845
0.623209
1.52293
0.837885
0.768529
0.327546
-0.827331
-0.971035
0.313457
-0.692874
0.144134
-0.497064
-0.890176
-0.383806
-0.885698
-0.10998
-0.523721
-0.805923
-0.23302
1.08759
-0.14005
0.289824
-0.169164
0.501857
0.126957
0.52675
-0.028232
0.188482
0.0121474
-0.0429471
-0.0894114
-0.462083
-0.969564
0.250685
0.307277
-0.0483519
-0.387615
-0.135375
0.0160152
0.60218
0.749156
1.48103
0.920393
0.183033
-1.35122
-0.978209
0.281659
1.16894
-0.0460107
0.200827
-0.377193
1.04301
0.385931
1.27187
0.657295
-0.0658151
-1.19321
-1.26079
0.373574
0.341225
0.800969
-0.712643
0.699704
0.189287
-0.711996
0.0394243
0.598149
-0.0394213
-0.554949
-0.644875
-1.14695
-0.53991
-1.37976
0.178916
0.517307
0.231684
0.0930268
-0.816341
-0.127083
-1.06048
-0.295628
0.525235
0.112534
-0.225383
-0.362894
0.653892
0.33423
1.03667
0.249167
-0.659332
0.423066
0.441864
-0.373577
0.127729
-0.54377
-0.582795
-0.141543
-0.541913
1.62752
-0.334369
-0.0683775
-0.323639
-0.951465
-0.439457
-0.968972
-1.1908
-0.181444
-0.563646
-0.620289
1.09271
-1.27666
0.0581307
-0.0660969
-0.889111
0.255635
-0.129195
-0.592746
0.300403
1.33282
0.0192293
-0.0766908
-0.258484
-0.649649
1.55226
-0.436906
0.365704
1.31965
-0.371633
0.977732
-0.341747
0.917127
1.2986
-0.262586
1.07155
0.903099
0.285372
-1.9132
0.0671011
-0.169662
1.26562
0.715224
-0.643145
0.320288
-0.938469
-0.190516
0.480519
-0.0810344
1.36277
0.89492
-1.24556
0.170181
0.634838
-0.086638
-0.695917
-0.596374
-0.100815
-1.03867
-0.67886
0.217481
-0.0800411
0.820754
0.480925
0.382026
-0.224015
-0.507739
-0.850143
0.805007
0.121924
-0.0103712
0.714813
-0.183029
-0.712158
-0.641679
-0.0152597
-0.369665
-1.17995
0.0214383
0.736861
0.162077
1.28579
0.0798487
-0.228502
0.311646
0.553885
0.319241
-0.676
0.383983
-0.763667
-0.255558
0.285388
0.84745
-0.59686
-0.0201578
0.517783
0.790224
-1.394
-0.86356
-0.327881
0.452753
-0.588029
-0.304172
0.941099
0.694245
0.50932
-0.342551
-0.179779
