0.978507
0.409024
-0.320763
1.23006
-0.372384
1.13588
1.04997
1.32557
1.38622
1.01493
0.130847
-0.438357
0.590657
0.503531
0.00223642
-1.09306
-0.749888
-0.153782
2.29596
-0.107826
-0.00134561
-0.335234
1.30848
0.0160872
0.337201
-0.123581
-0.171494
-0.324431
-0.663735
1.84676
1.12511
1.34325
-1.05611
-0.564897
-0.0835379
1.19702
0.157319
-0.466952
1.76542
0.344233
1.61275
-2.96582
-0.100591
0.503297
-0.830999
-0.917462
0.867276
0.3059
-1.16341
-0.435921
1.31825
0.240291
-0.644333
-1.03054
0.486344
0.125919
0.992729
0.303628
0.49072
0.897803
-0.846612
0.878638
0.530972
1.34678
0.331582
1.11
-0.926706
-0.740186
0.128825
0.658921
0.377979
0.208749
-0.0333203
0.883252
0.857876
0.220712
0.407571
-1.85598
0.435452
-0.0292343
-0.968563
-1.93788
-0.391497
0.40459
-0.331786
-0.102621
-0.71374
0.166173
1.27264
0.538672
-0.425238
0.474674
-0.247312
-0.695091
-1.78861
-1.62112
1.49839
0.900171
0.978087
-1.21308
-1.21807
0.775606
0.791588
-0.0665618
0.333244
-0.845774
-2.03434
0.236188
-0.336941
0.278961
0.253294
-0.899919
0.610357
1.8015
-1.35265
0.0382709
-1.2484
0.183771
-0.0849875
0.0089457
0.784488
0.600321
-1.7361
0.0557474
0.838823
-0.127375
0.314251
0.0162415
0.950388
-0.34664
-0.171337
0.0502834
-0.0333893
-0.30426
1.18695
-1.38605
-0.196845
-0.352961
-0.115719
1.10968
0.161145
0.534952
-0.911215
-0.176619
-0.716588
1.7559
-0.153999
0.248779
0.571559
0.0669938
-0.932508
0.787233
-1.46585
0.59583
0.113214
1.09082
-0.0985679
-1.27872
0.336255
-0.485886
0.648294
1.19587
-0.500563
-0.0599466
1.69359
0.00844405
1.12107
-0.509958
-0.999834
-0.126365
0.301872
-0.451956
-0.00383235
-0.934353
-0.179085
1.54447
-1.06597
-0.0192376
0.178749
-0.658268
0.794249
0.508116
-1.01651
-0.191645
1.41415
-1.91212
-0.144591
0.423203
1.01406
-1.32777
-0.40406
0.533978
-0.969394
0.150615
-1.09407
0.651405
-0.42131
0.0637027
1.08424
-0.309042
-0.180208
-0.686352
-0.120723
-0.429602
1.78643
-0.603258
-0.761469
-0.888456
-1.96746
-1.855
-1.37943
-0.32043
0.205542
0.472155
-0.78488
0.905404
-0.154647
1.14593
0.44029
-1.89981
-1.48133
0.885948
0.254455
0.613992
-0.0846032
-0.616128
-0.307784
-1.66388
-0.729138
1.1247
1.02157
0.819218
0.932821
0.267923
-0.880265
-0.414726
-0.31547
-1.17991
-0.201945
0.102547
0.874866
-0.196443
0.0878093
-0.898798
0.257323
1.09754
-1.55951
0.327519
-0.924922
-0.830664
-0.662104
0.646489
-0.0148875
0.0149138
-2.00703
-0.576193
1.04335
0.23124
-0.401665
0.490622
-0.0014326
-1.18068
0.871919
-1.48095
0.242875
-1.36211
0.796485
0.400204
-0.146113
-0.189391
-2.28986
1.86296
-1.78272
-1.20095
0.581708
-0.115067
0.712184
0.29121
-0.103187
-0.897311
-0.635792
0.958087
-0.119232
-0.70986
0.830723
0.479407
-0.54478
-0.176246
1.61974
0.169345
0.442816
-0.504627
0.836726
0.477286
-1.06419
-0.363892
-0.117651
-0.752074
0.931381
1.0954
1.15985
0.446662
0.351976
0.717623
-1.51546
0.976484
1.11081
1.17488
-0.914072
1.12837
0.490914
-0.585023
-0.0445776
-0.739423
-2.17064
0.888023
1.15656
1.70484
0.921209
0.932976
0.435105
0.65556
-1.48751
-0.0440138
0.661547
-0.28912
-0.836787
0.111498
-0.123515
-0.564235
-0.142153
1.04318
0.803747
0.373901
1.22991
-0.239801
-0.491668
0.459221
-0.423291
-0.30906
-0.0931054
-0.878955
0.183909
-0.878794
-1.17287
-0.579629
0.692237
-0.432274
-0.869594
-0.0397233
-0.660801
-0.862836
-1.44751
0.676114
-1.09492
1.11934
0.277991
-0.895336
-0.0105762
-1.6547
-0.0363083
0.0666013
0.544332
0.0858637
0.846552
2.38686
2.55695
-1.18763
0.150474
1.00709
0.39236
-0.16373
0.192904
0.655117
-0.572046
-0.246613
1.54797
-0.268275
0.639413
2.52527
-1.48024
-0.318632
0.854117
-0.56771
-0.492157
-0.59098
0.613969
-0.433366
1.06985
0.388612
-0.332908
-0.945073
0.45959
-0.329473
-2.07731
0.328298
-0.0211711
0.583137
0.693825
0.545149
1.19903
-1.07958
0.0778783
0.441593
-0.0744696
-0.70148
0.45641
-1.20585
-1.01321
0.618997
1.06644
-0.906694
-0.644515
1.1071
0.215684
-0.543339
0.929495
0.319684
-0.0720726
-1.03985
0.0522609
-0.0599914
0.112149
-1.12384
0.128788
-1.40409
-0.219269
-1.04701
0.604529
-0.644534
-0.357214
0.563162
0.571375
-0.925922
1.53764
0.276439
-0.109827
-0.58528
0.449138
-0.241627
0.212378
1.087
0.37741
1.05227
-0.896738
1.41384
0.0896775
-0.567245
-1.35399
-0.457192
0.0962132
-1.07797
0.252567
-0.177988
-1.95078
0.916298
0.401514
-0.733026
-1.8482
-0.710998
-0.537681
0.178177
-0.406289
0.882663
-0.802663
1.08267
-0.924589
1.24207
-0.201479
-0.383126
0.264176
-0.532571
-1.91461
0.556907
-0.141683
-0.967988
-0.0857223
0.594784
0.0401462
-2.82886
-0.731745
0.190757
0.657587
0.101039
-1.24786
-0.883205
1.64126
1.16872
-2.33856
-0.77983
1.04878
0.987428
1.09431
-0.549695
-0.141581
0.832084
-1.47394
0.469229
-0.0905644
-0.489767
-0.159276
0.375286
-1.14817
-1.90684
-0.665099
-1.44422
-0.673499
0.303639
-1.68298
0.0112685
0.411816
0.686297
-0.0881795
-0.729211
0.856076
-0.638305
0.3857
0.363849
0.415971
0.398896
1.1253
0.418104
-0.0523355
-0.287021
1.0603
-0.49134
1.28808
-1.04842
-2.11187
0.189537
-0.690525
-0.0615296
0.392415
0.368483
0.542806
0.215925
-0.18157
0.849188
-0.832098
0.0320213
-0.397118
-0.430673
-1.08588
-1.42521
0.587818
0.280982
-0.270354
-1.56121
0.696275
0.498536
-0.281272
-0.501277
-0.471399
0.425733
0.778913
0.148294
-0.0481496
-0.954221
1.04147
0.664241
0.228839
0.805052
-0.151538
-0.247307
-0.36418
0.0741425
0.34567
-0.391771
0.0551438
-0.336958
0.696911
0.131179
0.708134
1.1354
-0.787867
-1.66577
-0.271468
0.480056
0.671316
0.747804
0.0835993
-0.148983
-0.185296
1.37656
-0.654324
-0.639172
-1.39909
-1.22074
0.248541
0.961132
-0.426351
0.426365
-0.598241
-1.21744
1.47762
0.316846
-0.17071
0.291144
-0.196115
-0.132518
-0.477754
-1.55582
0.561732
0.60932
-0.747357
0.594062
0.934992
0.503429
-0.914102
0.737097
-0.417657
0.298998
-1.19596
-0.192537
-0.0312716
-1.14292
-0.0052846
0.255842
1.14855
0.829908
-0.472041
-0.620018
0.593478
0.653668
0.703969
1.2329
0.717774
-0.789072
1.04226
0.568497
-1.26229
-0.0239027
0.334867
-1.71108
-1.13
0.861393
-0.00264993
0.101984
0.95012
-0.52366
-0.259822
1.71214
0.20263
-1.85049
-0.511925
-0.0236359
-0.927889
0.71108
-1.19534
-0.2841
-0.680988
1.82657
-0.666127
1.43264
-1.37154
-0.457185
0.541341
-1.36272
1.45445
-0.48394
1.75536
-0.369629
1.07588
0.147925
-0.376308
1.30385
0.272207
-0.562438
-0.0373393
0.119711
-0.507733
-0.692142
-0.978994
1.02634
0.862026
0.0315688
0.425873
-1.37681
-0.318648
-1.30487
0.237801
0.440446
-0.503893
-0.772363
-0.458232
-1.6959
-1.37094
0.431004
0.178579
0.0772788
-0.488335
-0.148176
0.00885794
-0.323581
0.11391
-0.610586
1.56995
-0.912276
0.220895
0.365692
-0.132656
0.0159035
0.748005
0.604569
1.25954
-0.870456
-0.762597
0.851629
-0.621243
-0.1992
-0.287519
-1.38131
0.218414
-0.0952517
-1.52397
-0.0965183
0.519401
0.277648
-0.256848
-1.14049
-0.03266
-0.156008
1.67238
0.844186
0.874905
-0.255735
-1.16775
-0.317085
-0.612496
0.102091
0.198793
-0.573195
1.5957
-0.0518417
0.804658
0.58099
0.449289
-0.630354
-1.49241
-1.92617
-0.276575
0.109449
-0.352446
-0.742587
-1.98983
0.897746
1.29166
-1.06075
0.339655
0.306414
-0.979796
2.13983
0.462565
-0.103903
-0.188165
-0.188444
0.308544
-0.48264
0.194165
-0.0621064
-0.144834
0.224455
-1.73022
-0.780786
0.974318
1.78477
1.11513
-0.463197
-0.237045
-0.707391
0.262114
0.532418
0.0653563
-1.15207
0.818508
0.721087
-0.815939
0.228626
0.000567212
0.525406
1.11444
-0.882534
-0.70465
-1.78314
2.05537
-1.15673
-0.648913
-0.0355793
-1.23833
0.0470319
-0.615642
0.617704
-0.236537
0.254328
-0.0190468
0.86621
0.270471
-0.213774
-0.608591
0.182577
0.20301
-1.81994
0.296758
-0.923859
-0.266045
0.433708
-1.1869
1.18782
-0.164554
-0.30188
-0.523671
-1.37818
-0.181843
0.440405
1.38547
0.217321
-0.73248
0.945605
-0.228506
0.699561
-0.842261
-2.40732
0.252168
0.0448116
0.814196
0.0853834
0.993666
0.607006
0.610214
-2.35792
0.610346
-0.874538
-0.523614
-0.259324
-0.161373
0.454114
-0.852166
-0.543757
1.01518
-0.519699
0.0939224
-0.580868
0.87162
0.300019
-0.984737
0.36264
0.373522
-0.586329
-0.781457
0.463638
-1.29567
0.69327
-0.0967421
1.84743
0.70034
1.13096
-0.592761
1.47397
0.411231
2.59427
3.02878
0.246962
0.882754
-0.387796
0.513574
-0.104658
-0.415206
0.416098
2.34845
-0.496911
0.360167
-0.645569
0.543523
1.12897
-0.19487
-0.73398
0.207954
-0.359981
0.171026
-0.181411
-0.154815
1.22723
-0.535545
-0.246877
-0.484444
-0.465893
-0.943281
-1.37602
-0.916166
-0.401447
0.733047
0.564855
0.725208
0.0598537
0.301771
0.203527
0.304583
-0.891972
0.773545
0.68681
-0.599892
-0.674065
1.50143
-0.525705
-0.232032
-0.831455
-0.375003
0.129586
-0.850831
1.99993
0.116812
0.872715
0.571688
-0.113872
-0.0423662
-0.0126258
-0.681875
-0.463204
1.06733
0.583172
0.806381
0.158266
-0.800794
-1.25974
-0.0625315
-0.606401
-0.790001
1.23415
0.264476
-0.662338
-1.63331
-1.38782
1.23089
-1.20237
-0.711124
-0.177765
0.238262
0.0611894
0.823222
0.37031
-0.174018
0.548162
1.22376
-1.24084
-0.216209
-1.1582
-0.0849962
0.690766
-0.278194
1.16735
-0.634958
0.597008
0.844139
0.520724
2.17916
0.641812
-0.741269
-2.14517
0.996578
-0.545772
-0.0350727
-1.37564
-0.301068
-1.19033
0.471199
-1.6415
-0.232391
0.375294
-0.669922
-1.18274
-1.49174
-0.553429
0.507595
0.674497
-0.1367
0.38842
0.754728
-0.768446
0.15129
0.395838
-2.35352
0.403243
-0.180213
-0.0511378
0.672756
-0.594507
-0.465085
0.337486
1.22603
-0.104019
-0.0760577
-0.103226
1.11197
-0.651237
0.0456646
0.252492
1.35052
0.220829
-0.0737789
0.114902
-0.148346
-0.637856
0.249519
0.227815
-0.396597
0.801635
-0.460902
0.151619
0.658096
0.776933
-1.43777
1.39255
-1.43185
-1.05486
0.798217
0.101844
0.381723
0.459141
-0.444614
0.0197019
0.0918152
-0.597111
1.1863
-0.497928
2.62407
-0.443655
1.15097
-0.456941
-0.0822303
1.26508
-0.0888362
-0.136283
-1.03796
-0.775469
1.05558
-0.196831
-0.436978
0.634958
-0.0467872
0.742531
-1.28564
-0.0901385
0.218536
-0.562306
-0.142165
-0.477744
-0.658536
-0.309891
0.388172
-0.277996
0.238202
-0.739306
1.86447
2.18873
-0.498437
0.833737
0.0889938
-0.0726955
0.25915
1.35867
-0.334574
0.0927428
-0.595706
-1.62467
1.05523
-1.00864
0.300135
0.14373
-0.733574
-0.233106
-0.389188
0.14349
0.923147
-0.769791
1.7902
-0.162635
-0.91323
-0.835508
1.20985
0.830926
0.0535034
-0.431365
-1.04353
0.83137
0.827191
1.17642
0.316267
1.06215
-0.60047
-1.15683
-1.35919
0.372472
1.23473
-0.476218
0.311975
1.31361
-0.951055
1.5049
0.503969
0.462798
-0.813047
-0.115742
0.906462
-0.532386
-0.731524
0.628332
0.428704
0.523472
1.27437
0.414217
-1.0699
-0.386164
-0.796173
0.613085
2.0911
-0.585059
-1.37138
-1.02644
0.465344
-0.147134
0.63136
0.264883
0.489756
-1.52245
0.609629
0.208656
1.01716
0.899048
-0.206207
-0.821379
-0.186113
-0.780059
0.0620994
0.985614
1.11927
0.911882
-0.325599
-0.423012
0.152567
0.697406
0.0600603
-0.14872
0.280306
-0.769946
0.636831
1.00087
-0.392293
1.18872
-0.0298172
-0.216444
0.0161561
-0.549682
0.617956
-0.667109
-0.328081
-0.537477
0.854579
1.40311
0.198784
0.449042
0.0513581
0.96638
0.101338
1.50147
-0.686639
-0.575583
-1.38502
-2.09704
0.581053
-1.28716
-0.524377
0.225173
-0.232206
0.166267
-1.55077
-0.5601
2.49798
0.324718
1.36017
0.115099
0.862498
0.863895
-0.309394
-0.599077
0.537671
1.41637
-0.570798
-1.75391
-0.459399
0.673263
0.976829
-0.257901
2.01082
0.188717
1.10953
-0.495372
0.260075
-1.90377
-0.574995
-1.28138
0.25866
0.129236
-0.0708395
0.00774186
1.08597
-1.34508
-0.400541
0.981145
-0.624193
0.854401
-0.815518
-0.57606
0.444065
0.148077
0.0642256
-0.173189
0.943211
0.523029
-0.0343076
0.316694
-0.828339
0.994505
-0.722817
-0.404893
2.44844
0.0713016
-0.376945
0.0482988
0.910521
-0.332096
0.36398
-0.699834
-0.047234
-0.561863
-0.165939
0.00484201
0.458088
-0.753466
-0.37695
0.383833
0.566805
-0.429663
0.61815
-1.69752
-0.435508
0.564586
-0.44586
-1.74411
0.977996
-1.22642
0.697664
-0.244063
-0.509572
0.554388
0.419111
0.890413
-0.327303
-1.11716
1.7626
0.233269
0.977086
0.668124
-0.152647
0.393652
-0.364145
0.794828
-2.49463
-0.247783
0.567272
-0.239228
0.648819
-0.122395
2.49362
-1.13145
-1.05257
0.649238
1.28816
-1.35522
-0.00709622
-0.333301
-0.829922
-0.0207287
-0.358697
-0.960788
-0.288059
0.306695
0.0250735
1.7706
0.588756
1.94772
-0.781269
0.371869
-0.976114
-0.275629
0.197842
0.907615
-0.106287
0.0121726
-0.201352
0.178285
1.20116
0.646976
0.282259
-0.0599338
-0.430889
0.461479
-0.557119
-1.35969
-0.617508
-0.193745
-0.366771
-1.55328
-0.254632
1.15597
-0.00753679
-0.214238
-1.00841
-0.281646
-1.04014
1.45285
-0.38636
1.28354
0.232356
-1.64728
0.715264
-0.196482
0.31965
-0.811968
0.998914
-0.151451
-0.0347463
1.13293
-0.156758
0.454689
-0.797524
0.379417
0.449024
0.396691
0.288285
1.01308
-0.874032
-0.361886
1.07552
-0.241903
-0.161447
0.292573
1.29737
-0.610219
-0.0947307
-0.0646627
1.05239
-0.419047
0.496979
0.5996
-0.509513
-0.609331
0.95008
0.13705
-0.361114
0.115307
0.335343
-0.497635
-0.740766
0.330107
-1.03326
0.476333
-1.23517
-0.138753
1.93233
1.94589
0.611966
-0.611451
0.875255
-0.843796
-0.807324
1.389
-0.471271
1.67089
-0.168644
0.849234
0.0485133
0.96314
1.58867
-2.42098
-0.580061
-0.594304
-0.25505
-0.231546
-0.830944
1.54493
-1.10106
1.09368
1.29045
0.795317
1.74704
0.159205
0.968802
-0.200656
-0.861108
-0.392382
0.269058
-0.404716
-0.591389
-1.40738
-0.380447
0.855279
0.175461
-0.96719
-1.31267
-0.669212
1.4844
0.740589
1.02859
-0.319222
1.67301
0.351438
-1.26495
-1.16663
-0.184786
-0.840408
-1.48015
1.30572
1.38909
1.22621
0.520893
-1.37319
-0.400383
1.21061
0.254009
-1.16059
0.209025
-1.90222
0.477923
-0.747258
-1.10611
0.956018
0.0671099
0.137095
0.48869
-0.0794283
1.1839
-0.730165
-0.219617
-0.508862
-1.25438
0.224114
-0.118753
0.37094
-0.164563
0.362134
0.169598
-0.0937403
-1.40951
0.989411
0.449831
-0.350118
-0.25191
0.413132
1.14128
1.22492
0.592458
-1.26486
0.157922
-0.128617
-0.953057
-0.911771
-1.06618
0.0943126
0.444113
-0.408452
-0.995944
-0.128739
1.35943
-1.03433
0.524487
-0.578737
-0.706383
0.291165
-1.27985
-0.862734
0.854059
0.669821
-1.32297
0.584724
0.0730722
-1.31591
0.380942
0.205644
0.0567812
-0.665908
0.136941
0.0128852
-1.30025
1.83098
-1.09201
0.776548
0.322847
-0.0670638
-0.687311
-0.718099
-0.716625
0.0864019
-1.29036
-0.684343
0.71524
-1.69623
-0.141665
0.521507
-0.123993
-0.18568
-0.35648
-0.561677
0.300513
1.77185
-0.233814
2.28026
-0.671652
-0.700618
0.991655
1.01552
0.504231
0.124827
0.494963
-0.770032
-0.0541915
0.366486
-1.27649
-0.704398
0.862376
-1.47969
-0.304005
-0.334519
-0.846062
0.308203
0.119182
0.298158
1.30028
0.999949
0.170894
0.713605
0.553635
-0.69106
0.268077
-0.778518
-0.547422
-0.272529
-0.525534
0.801617
-0.657392
0.192181
1.0347
-0.731504
-0.0422976
-0.042678
-0.0235675
0.183712
0.922738
0.417373
-1.65299
0.712581
-0.207433
-0.943242
-2.01859
0.65441
0.0356331
-0.541636
2.19109
0.456248
-0.136193
-0.386522
0.0765246
0.025965
-0.612064
-0.384659
-0.171126
-0.169189
-0.544095
-0.00102378
-0.221525
0.223364
-0.675626
0.47265
-2.36509
1.40148
0.599099
-0.0382801
-0.1777
0.252344
-0.99597
0.626458
0.330493
0.326003
0.764294
-1.05277
-1.3917
0.0458798
-0.532792
1.10109
-0.853743
-0.0990033
0.00499865
0.66544
1.51637
0.930135
-0.293423
0.490077
0.389648
-0.397139
-0.102884
0.0165724
0.268345
1.91094
0.890508
0.239829
0.442266
1.15147
0.984574
0.127719
0.10979
0.0707199
-0.521359
-0.269734
-1.209
-0.0605518
0.787733
1.05084
-0.299297
-0.989916
-0.133406
-0.215195
-0.262716
1.3051
0.792602
0.798313
0.424771
0.2472
-1.09248
-0.720149
-1.12895
0.156475
-0.683076
0.0336377
0.260368
-0.194957
0.383141
-0.709302
-0.743973
0.0469474
-2.41563
-1.757
-1.21785
-0.723614
0.906069
0.316167
1.91204
0.983732
-0.0379088
0.051225
1.09104
1.44625
0.918238
1.14381
-0.917313
-0.617378
1.44796
1.01253
0.00956159
0.147276
0.183115
1.0312
0.124324
0.912608
1.0374
0.815116
2.1976
-0.777751
1.06063
-0.436493
-0.261773
-1.22158
0.854955
-0.261776
0.206221
-1.30398
-0.371411
0.454459
-0.53618
-0.44769
-0.16583
0.621215
-0.848558
0.143449
1.0143
-0.215394
-0.625247
-0.0541882
-0.234956
0.531919
-1.00889
-0.636013
-0.993327
1.28163
-0.860194
-1.00429
0.339724
0.00745378
0.106798
1.07323
-0.59115
0.60466
-0.114768
-0.00488124
-0.664351
-1.73429
-1.2359
-0.0786373
0.197024
-0.492938
0.486423
0.930929
-0.402066
0.305098
1.75232
-1.03267
-0.642775
0.265959
-0.265488
-1.19014
-1.53083
-0.119699
0.770659
0.466461
-0.540427
-0.646316
0.209726
1.51114
1.29483
-1.05961
0.345853
-1.47684
0.746021
0.593985
0.212037
0.547786
-1.66944
0.498399
0.505103
-0.865701
0.0320537
0.0969246
0.428416
-1.05492
0.913505
-0.200713
0.0177957
-1.40449
-0.647844
0.401699
1.02854
-1.14083
0.138659
0.544533
0.408651
0.366052
-1.00291
-1.37547
-0.321475
-1.29696
0.122282
-0.104264
0.672212
0.856102
0.0903502
0.701395
0.358975
-0.527549
-0.227851
1.65317
0.802017
-1.20661
-1.17286
0.665079
0.673654
-0.927415
-0.559417
-0.952041
0.034492
-0.310625
1.16102
-0.929593
-1.66857
0.553
0.60514
0.573532
-1.24954
1.32113
0.0617846
0.835414
0.104186
-0.995381
-0.623011
0.906669
-0.634205
0.703204
-1.01773
0.0683748
-0.580509
1.56961
-0.315248
0.639848
-0.308228
0.7355
-0.247407
-1.28989
0.831526
1.2178
0.626023
1.8905
-0.0390191
1.57999
0.0114435
0.473285
-1.12305
-0.628611
-0.225299
1.32471
0.0774499
1.04149
1.46519
-0.526306
-0.0927792
-0.129468
-0.584624
-0.273477
-0.791917
-2.92623
0.946624
-0.506631
0.189304
0.816268
1.99065
0.249437
-0.578726
-0.693866
0.958631
-0.063184
0.56202
0.552256
-0.424006
0.395794
1.4249
0.0794456
-0.078889
-0.843907
1.58424
-0.267535
-0.931219
-0.085163
0.648966
-0.560984
-0.494508
-0.507302
0.152159
-1.20064
0.98179
0.739858
-0.253948
0.298085
-0.375739
0.444161
-0.363419
0.76393
-0.810597
1.12037
-0.470837
0.14051
0.889738
-0.0251721
-0.974835
1.07539
-0.498676
0.0481839
-0.67036
1.12138
-1.15655
-1.08705
-0.0122229
1.8357
-1.20338
-1.3193
-0.87033
0.0781304
-1.24976
-0.616739
2.95623
-0.385112
0.272708
0.961664
-0.908517
-0.00536205
-0.176289
-0.809334
-0.536171
0.107349
0.394571
-0.15332
0.16836
0.622865
-0.286546
1.71976
0.10337
-1.91783
0.505073
0.983686
1.16901
-0.355753
-0.907926
-1.51031
0.897512
-2.46678
0.73585
-0.362458
-0.668193
0.198468
-0.186492
1.17637
-0.00748823
-0.590884
-0.879316
0.610489
-0.0560761
-0.668076
1.016
-1.58489
1.26118
-0.0939868
-0.108429
0.102489
-2.23648
-0.566455
0.114313
-0.0427811
-1.26213
0.0795848
-0.389267
-0.215749
-0.145228
-0.262104
-1.03181
0.528441
-0.428925
1.60995
1.42813
-0.176577
-0.430218
1.27135
-0.357252
-0.0484367
-0.00755046
1.06888
0.790014
0.889717
-1.56327
0.104664
-0.0119377
0.951462
1.21533
0.68283
-0.464447
-0.857194
-0.521406
-0.840631
-0.382001
1.35844
-1.69329
-0.280126
0.15206
-1.3978
-1.49957
1.04209
0.776768
0.545034
0.635523
0.220611
0.17298
-0.0996557
-0.754143
0.884199
-0.09338
-0.445535
0.0200885
0.26443
0.34403
-1.1943
0.77553
-0.580315
1.85669
-0.58042
-0.330807
-0.314432
0.218591
-1.63097
0.0331038
-1.23789
1.67573
-0.691794
-0.284467
-0.346337
-0.772254
0.67913
-0.390207
0.798292
-0.431959
0.269598
-0.892912
-0.0117816
-0.230963
-1.1367
-0.677757
-0.351781
1.28924
-0.185925
0.635166
-1.40135
0.83441
-1.45203
-0.0606092
-0.284219
-0.270662
0.875935
-0.33779
-0.213885
0.264915
-0.353349
-0.00274955
-1.11638
0.379057
0.127085
0.528722
-0.981383
-0.711876
0.0552223
0.218225
0.584783
-1.05072
-1.8292
-0.906415
-0.237449
-0.137025
-0.875716
-0.563149
-0.163371
-0.222789
-0.0369093
-0.141365
0.749189
-0.675021
0.144633
-0.869077
-0.136397
1.00742
0.541523
1.29699
0.757683
0.78976
0.829435
0.447063
-0.25826
-0.509811
-0.108335
1.10589
-0.903761
0.175666
-1.3547
-0.217382
-1.29562
0.371004
1.17911
1.35804
0.745515
0.158886
-0.545344
-0.0268178
-0.438812
-1.38804
-0.245695
0.550075
0.751731
2.36244
-1.06638
-0.310291
0.442689
0.396781
-1.38968
0.365866
1.04159
1.00834
0.967515
-0.768136
-0.619399
-1.07604
0.169457
-0.755484
0.941633
-0.254603
-0.353259
0.157727
0.903327
0.204644
1.18724
0.729128
0.0174656
-0.956894
0.079183
-0.960473
0.238933
0.364873
1.11071
0.493327
-1.69725
0.324722
-1.26766
1.25642
-0.59609
0.548139
-0.650026
-1.19848
0.0273198
0.141008
-0.0238494
-1.02567
0.33237
-0.23048
-0.412686
-0.814831
-0.985238
1.74925
1.13666
-0.520866
1.09321
0.519363
1.45229
-0.425724
-0.757791
-0.0739253
0.667029
-0.0681195
1.16434
1.62051
0.679545
-0.246783
0.584559
0.530175
0.278264
-0.0476982
0.276062
0.0906655
0.0670409
0.679735
0.193445
2.71808
-0.529938
0.498877
-1.05497
-0.751802
-0.601778
-0.0118899
-0.160446
0.37507
-0.105795
0.517771
0.801195
-0.657107
-0.527919
-0.0537438
-0.905541
-1.44909
-0.364054
0.0391966
-0.582747
0.557125
0.147968
-0.885141
-0.994194
-0.582147
0.00667926
-0.839187
1.4473
-2.04271
1.07721
0.524766
-1.71389
-0.0173355
-0.912638
0.374993
1.50546
-0.205148
1.00492
0.802804
1.00356
0.900831
-0.303848
-0.970547
0.901753
1.08289
-1.51035
-0.415782
-0.0686179
-1.34733
0.0568639
1.31422
-0.195696
0.775255
-0.0801533
-0.00176452
1.50108
0.758279
2.20171
-0.59443
-0.757493
1.77035
0.260318
0.893729
-0.343579
0.147747
-0.179172
0.594291
0.648944
-0.0427592
0.631636
1.24372
0.695266
0.920819
-1.68149
-0.246061
0.0530077
-0.038482
1.70502
0.0578588
0.962404
0.206221
0.168578
-0.68386
0.266371
-0.384607
-0.579122
-1.24902
1.11376
0.276173
-0.31567
-1.03465
1.1901
-0.225468
-0.862918
-1.08106
1.37088
-0.595518
0.59063
-0.574589
-0.0602505
-0.873485
0.585045
-0.457677
-0.333025
-0.773221
-1.36087
-1.93768
0.119604
-0.375529
0.130297
0.829236
-1.11169
0.414107
-0.360496
-0.145327
-0.0315309
-0.352885
-1.5767
0.324637
1.66609
-0.169347
0.321532
1.33536
-0.507466
-0.311139
0.372921
-0.828462
1.09514
-0.285635
1.16524
-0.605331
-1.03787
-0.584891
0.53331
-0.915807
1.24292
-0.120133
0.693941
-0.314173
-0.124166
-1.29497
-0.94982
0.385491
0.203041
0.225454
1.64561
-0.175649
0.503656
-0.392955
-0.272047
0.603865
-0.659103
-0.978143
1.26864
0.000256118
-1.18986
-1.73002
0.335205
1.23885
2.00544
0.470401
0.45769
-0.368942
-0.00605775
0.289518
-0.694674
0.510021
0.71878
0.62128
-1.48875
-0.947454
-1.04444
-1.12745
0.808096
-0.315581
-0.0321255
0.192392
1.14342
1.90733
1.37932
1.39923
-1.43848
0.791361
0.346233
-0.790378
-0.455101
-0.0179503
0.670516
-0.143571
-0.707424
-0.648251
-1.21118
0.18167
-0.12465
-0.964842
0.122785
-1.30635
-0.992332
-0.347287
-0.678439
0.0398301
0.159361
-0.555807
-1.95021
0.327204
0.15839
0.123675
-0.409579
0.567079
1.43625
0.140269
0.190965
1.31716
-0.840149
1.30368
-1.47287
0.264643
-1.31475
0.877637
-0.616473
-0.576902
-0.69449
0.984251
0.149969
-0.386023
-0.0975109
-1.92339
-0.70996
-1.18931
0.281625
-0.736411
-0.0549651
-1.89345
0.0745931
-0.0751797
-0.777278
-0.685698
-1.25102
0.696695
0.0913204
-0.597484
0.639882
0.303026
0.265444
-1.29155
0.29218
0.184355
0.0618718
0.0126165
-0.0188209
-1.08449
0.712518
0.984895
0.776797
0.723447
1.24836
-0.285703
0.192295
0.588407
0.321247
-1.29004
1.04907
0.432639
0.0211429
0.359115
-0.984211
0.750635
-0.284004
0.518147
0.484187
0.760035
1.59628
0.973119
0.295515
-0.85427
1.2825
-0.240243
-0.387642
-0.145659
-1.73606
-0.224434
-0.307323
-2.08193
-0.950174
-1.12772
0.948022
-0.862127
0.934389
-0.580495
-0.648104
0.517225
0.204836
1.19644
0.846372
0.501428
-0.887307
-1.13964
-0.378592
-0.224798
-0.199135
0.97298
0.491962
-1.66426
-1.12956
-0.509958
-0.813381
1.86291
-1.5906
0.860883
-0.455685
1.00162
-0.827883
-0.257958
1.61506
0.769451
0.584729
-0.527872
-0.184538
1.1068
-0.709889
-0.20162
2.40073
-0.586855
0.305329
-0.326282
0.0332236
-0.654609
-0.641546
0.397939
-0.926666
-1.07325
0.350766
-0.441311
-0.287959
0.368369
0.565086
0.25767
-0.914477
0.733457
0.378543
1.97833
1.09776
1.03063
-0.402219
0.317218
-0.661562
1.7357
-0.177953
-0.10431
0.445701
-0.0212438
-0.267239
0.576478
-0.511138
1.39434
-0.0967402
0.717923
0.405894
0.16104
0.214415
1.00764
-0.372539
0.325754
0.618374
-0.533275
-0.883746
0.164093
0.248223
0.956096
0.238261
0.986184
-0.592303
1.34071
-0.22679
2.38882
0.22123
0.495245
0.594285
0.185181
-1.5326
-0.101909
-0.116726
0.0779045
0.827364
1.66447
1.20272
0.0571442
-0.337227
0.389985
1.32064
-0.154048
0.605267
0.198056
0.804559
-0.987613
-0.711971
-1.26935
1.21263
-0.740876
-0.0156492
0.710889
0.715924
1.42011
-0.337701
-0.718875
-0.700284
0.640963
0.628131
-1.39706
0.10549
-0.373888
-0.681511
-0.762861
-0.332182
0.119235
0.519947
0.142925
0.847437
-0.258261
-2.76569
-0.346746
0.328885
0.925224
0.106667
0.00278755
-0.411372
0.254296
-0.0848636
0.0559477
0.792284
0.172744
-0.644074
-0.420674
1.89427
0.0947286
0.827848
-0.962933
-0.117329
-0.0543523
-0.470703
0.738486
-1.26163
1.08943
0.397074
-0.730906
-0.104669
-0.466298
-1.59939
-1.37494
-0.472121
0.763257
-0.00406093
-1.28055
-0.497246
0.783437
-0.562225
1.23559
1.07684
0.3932
1.04515
-0.685127
0.340559
-0.330668
-0.620836
-0.119287
-0.14442
-1.65593
-2.69319
0.0386767
0.66726
-1.45356
-0.539869
0.966623
1.16597
0.0875966
-0.597862
-0.956835
-1.13179
-0.613979
-0.694647
-0.557704
0.493508
-1.79599
1.9167
-0.685139
-0.694675
-0.0430553
-0.914134
-0.556227
-0.936788
-0.242389
0.0588385
1.44503
0.571579
0.146728
0.557659
-0.357017
1.46789
0.71664
0.0529475
0.239265
-0.105912
2.34884
1.46916
-0.286162
0.764606
0.897161
-1.30561
-0.967331
0.326678
-0.363908
0.926686
0.843746
-0.446763
0.230226
0.0251303
-0.0959938
-1.91507
0.715541
0.833243
1.65014
-0.512517
1.59141
-0.519384
0.558999
0.758801
0.872418
-1.51973
0.346726
0.0136196
0.309274
0.952953
-0.0258547
0.678436
0.201012
0.899011
-0.530953
0.894047
-2.21876
1.36696
1.23707
1.24869
0.727389
-1.65335
-0.320975
0.162813
0.411079
-0.840658
0.21434
0.275089
0.0472924
0.64559
-0.116636
0.174695
-0.315522
-1.15344
1.83849
0.268073
-0.902514
1.05098
-1.23473
1.73432
-0.341421
1.19216
0.485477
-1.65912
0.414509
1.64376
1.00274
-0.972521
0.188467
0.524011
0.0352189
-1.13434
-0.52516
-0.520361
0.051252
0.437931
0.331875
-0.626997
0.625069
0.75821
0.0456926
2.15354
-0.695404
-0.325102
-0.341255
-0.688976
-0.19152
0.331894
-0.621364
0.950787
0.152437
-0.137964
0.732801
-0.41408
-0.42894
-0.546779
-0.111539
-0.0712934
0.876869
0.975614
-0.712669
1.22001
0.348864
-0.204386
-0.219626
0.921159
0.817904
-0.037909
0.387648
-1.52391
0.664161
1.0465
-0.775474
-0.11543
0.340609
0.961792
-0.113422
0.101177
-0.491926
0.689601
-0.262379
-1.01857
-0.523099
0.00928019
0.250098
1.03735
-0.327612
-0.146089
-0.51776
-1.3045
-0.852237
0.97238
0.905826
0.307563
0.578434
-0.941867
-0.438079
-0.164464
-0.356695
-0.723193
-0.119411
0.00773452
1.15804
-1.39784
0.562102
0.492314
0.679302
-1.50988
-1.35312
-1.75425
-0.790053
-0.00548972
0.471304
-1.06902
-0.307604
-0.349411
0.0734517
0.634403
0.16487
-0.160505
-1.39524
-1.24967
-0.14675
0.203477
1.29585
-0.599733
0.191984
0.494848
1.04904
-0.454198
0.540454
1.04359
1.51352
-1.4227
-1.16572
1.61305
0.116848
-0.0317938
1.86574
-0.443228
1.06928
-0.172244
-0.76354
-0.575441
0.178441
-1.18978
-0.684163
-0.324651
0.212873
0.804123
1.53188
-0.834346
0.626472
0.62165
-0.25794
1.28085
-0.140228
0.801137
1.2439
-0.69245
-0.121277
0.592088
-1.08411
-0.345468
-1.04469
-0.776548
-0.769365
0.436469
-1.12028
-0.085487
-0.672973
0.890703
-0.650832
0.777177
-0.109308
0.104369
-0.232301
-1.15986
0.713294
-0.30361
-0.805958
0.00826316
1.09238
-1.18202
-1.96386
-0.823326
0.453394
0.159425
-0.475124
-1.04277
0.429935
-0.632968
0.193378
-0.281396
0.517034
-1.74699
1.29155
-0.825812
0.65915
0.666122
0.743885
0.138797
-0.178755
-0.803397
0.166041
1.06475
0.580601
0.447738
0.515046
-0.313697
0.241675
0.533026
-1.44808
0.0460352
-0.46985
0.203763
1.21261
0.335595
0.921394
0.841963
-1.57716
-1.45893
0.999917
-0.211488
1.2082
1.20327
-0.327521
-0.506203
0.382244
0.0531847
-0.607473
-0.727807
-0.604827
-0.400372
-0.783227
0.542692
-1.17653
-0.145476
-1.29135
-0.127718
-0.348862
0.354049
0.481682
1.06364
0.0693687
0.0357305
-0.0330605
1.09271
1.38962
1.29158
-0.523217
0.397605
0.0169861
1.20234
0.448841
-0.15758
0.816706
-0.299328
-0.774629
-1.42624
-0.869288
-0.507448
-0.727949
-0.295523
0.429132
-0.460867
0.691735
-0.0749511
-1.09111
0.0727416
-0.48579
-1.30886
1.24291
-0.842922
-0.821825
0.167412
-0.868692
0.0134055
0.285698
1.23001
0.941668
0.464972
-1.39966
0.00501782
-0.0983821
-0.568796
0.688499
-1.02308
0.664476
1.18592
-0.0198886
0.583793
-0.57971
0.811924
0.170889
0.478782
-0.190718
-0.95134
-0.196265
1.27566
0.122285
-1.71943
-1.5503
0.812401
1.72309
0.248295
-1.08699
0.600811
-0.122033
-0.327533
-0.754598
-0.0136711
-0.231024
-0.822501
0.639959
-1.02502
-0.432869
0.857668
0.964813
-0.834577
0.587819
-0.947491
1.27547
-0.0967172
0.181887
0.64605
-0.570049
-0.0497304
1.13513
1.37068
0.876822
0.0651275
1.513
0.289201
-0.590677
0.0992614
0.218891
0.0579966
0.186842
-0.0610811
0.0792112
0.898112
-1.07836
0.174092
-0.0947249
0.267286
-1.34371
1.36442
-1.18809
0.661549
-0.443959
1.32861
-1.02751
0.802306
0.321683
0.34935
-1.03686
-0.117619
0.687634
-0.455018
0.397039
-0.640107
-0.560965
-0.409986
1.56072
0.43415
0.611262
1.32996
0.776382
0.87852
0.177294
1.29972
-0.439646
0.166048
-0.178768
1.19187
0.267238
0.731175
-0.691141
-1.73945
-0.114249
0.586741
-0.087303
-0.590124
-0.423666
0.00905301
-0.193489
0.948867
-0.755054
-0.430075
-0.950097
-0.750248
-1.19247
-0.0733816
-0.150083
-0.474082
-0.999481
0.867918
-1.26536
-1.20072
-0.489768
-1.20235
-0.00695527
-1.03466
0.579003
1.00853
-1.01621
0.100241
-1.47206
-0.205304
-0.568232
1.37186
0.754323
0.0581265
-0.968987
0.437039
-1.15667
-1.15423
0.577168
-0.271071
0.231638
-0.288037
-0.0886427
-0.489565
-2.02493
0.405901
-0.412034
-1.10277
-0.344085
-1.17457
-0.969895
-0.0178105
-0.192069
-0.42779
-0.827762
-0.711181
0.0824586
-0.980456
-0.785447
1.13047
0.807413
-0.346479
-1.45154
0.397222
-0.427322
0.393429
1.43396
-0.560505
0.0229391
-0.935746
0.261548
-1.66912
0.785505
-1.19096
-0.595319
-0.835936
0.14258
0.631931
-0.54506
0.136999
0.303042
0.752052
-0.577593
-0.30995
0.251116
0.0569663
0.334685
-0.547521
1.51951
-0.467752
-0.0320109
-0.204521
1.1412
-0.299419
0.437493
-1.00528
-1.25114
-2.05611
-1.12892
0.220904
0.804348
-0.951092
1.3687
-0.579344
0.887391
-0.812623
-0.301579
1.29272
-1.13044
-1.70448
0.162913
-0.363197
0.285608
0.70238
0.70352
-0.1072
0.553838
0.373841
-0.122504
-1.84773
-1.39597
-0.654276
-0.72105
-0.331832
0.659712
-0.832876
-0.0313025
0.525071
-0.688972
0.770268
1.12336
1.32493
0.398579
-1.0048
-0.184843
2.12697
0.433398
1.1518
-1.12338
-0.278813
0.898539
0.646666
0.671442
0.531395
-2.16418
1.34929
0.246945
-1.87682
0.671419
-2.52432
0.480551
-0.0521027
-0.823283
0.379576
1.21245
-0.0612174
1.53153
-0.65415
-0.332576
-0.13133
-0.589548
-0.731189
-0.509176
-0.26973
0.00590052
0.296598
0.312232
-2.13143
-0.463528
0.229818
1.55252
-0.0307935
-0.799981
0.906321
-0.13749
-0.210152
0.71592
0.297922
-0.803669
1.87825
-0.231574
0.640895
-0.17075
-0.0837995
-0.0566874
-2.38376
0.0330855
0.195696
-0.220381
0.535204
0.288366
-0.571951
0.510884
-0.613934
0.621136
-0.0297047
-0.517176
0.34831
-0.69618
-0.706245
-0.243316
0.557336
-0.299413
-0.766265
0.0283258
-0.730637
-1.03098
-0.324355
1.3135
0.244975
-0.27028
0.179817
1.21474
1.11146
0.928055
0.024789
-0.695464
0.780603
0.874698
-0.238978
-0.419636
-1.35981
0.241969
0.857056
-1.1418
-0.0637784
-1.18019
0.180603
0.315306
-0.479093
-0.608223
1.01678
0.305674
-0.152636
0.744578
0.270781
1.76983
-0.149771
-0.265444
0.397762
1.26235
1.14665
-0.588275
0.646655
-1.40614
0.407455
0.873122
-0.517791
0.356181
1.0981
-0.107291
0.918764
-0.17824
-0.321633
-0.209086
0.247879
0.74904
0.363253
-0.534967
-0.79732
0.128614
-0.445873
0.098955
0.935121
-0.238538
0.664375
0.496704
-1.22813
0.967018
-0.233223
0.548318
-0.330712
-0.222146
0.073127
0.119821
1.62074
-0.434129
-0.12109
-0.210296
-0.519038
1.00268
0.00011012
0.192664
-0.388249
0.669874
0.772461
-0.0073139
-0.986784
0.498473
1.21148
0.957869
0.0866663
0.262455
0.713558
0.796122
-1.41646
-0.662181
0.0662544
-0.742732
-1.10563
0.792396
1.38809
0.329247
0.532274
0.457029
0.909232
-0.111345
-0.0593108
0.502464
1.65468
-0.887525
0.41579
0.458455
-0.6183
0.735605
-3.04302
-0.0188115
0.624199
-0.299948
0.838512
1.09595
0.395439
-0.97365
-0.456467
-0.194543
-0.416336
-1.52952
-1.34761
-0.0150019
-0.362906
-1.10676
0.253405
-0.58473
0.970927
-0.758071
1.13338
2.46868
1.13815
-1.3549
1.72244
-0.159005
-0.384088
-0.136532
1.04813
0.528039
-0.49975
-0.103105
-0.717691
-0.891353
-1.01902
1.27405
2.0453
-1.04712
0.680294
-0.264154
-0.45676
-0.0525415
-0.267901
-0.402303
-1.34798
1.46483
-0.723526
0.599564
1.46985
-1.86989
-1.2553
1.25875
1.00948
0.448506
0.642474
-0.565581
1.6446
-0.676037
-0.115577
0.560482
0.508639
-0.547096
0.805045
0.0459075
0.890027
-0.358052
-0.400357
0.315706
0.559881
0.0329348
1.53028
1.70583
1.17379
0.120091
1.57875
-1.50577
0.993337
1.11104
-0.250705
1.65565
0.0800963
-2.24947
0.37719
0.323357
2.66854
-0.492233
0.271804
0.766923
0.772611
1.1341
0.459836
0.510183
1.12399
-0.650729
0.23674
-0.602459
-0.0294069
-0.175634
0.564308
-0.677603
-0.351522
-0.615039
-0.422444
0.642788
-1.43123
-0.50127
-1.71198
-1.00714
0.979052
1.28512
0.514283
-0.0292812
0.6588
1.11083
0.689082
-0.423419
-0.658994
0.921038
-0.572613
-0.565331
-0.19801
-0.00174982
0.0186443
-0.519742
1.11197
-0.777788
-0.904139
-0.152648
-0.166286
0.617634
-0.0285573
-0.292241
0.613622
1.31318
-0.769715
-0.993741
-0.0539706
-0.952411
-0.223296
0.520983
0.804802
-1.56592
0.85682
-1.3273
0.413274
-0.584146
1.85665
0.625868
0.0308298
-1.85284
-0.0123647
0.110532
-0.890608
0.479826
1.02504
0.380306
-0.705044
-0.0331694
0.446289
-0.505956
0.125124
-0.24468
-0.464773
0.20448
-0.668814
-0.205953
-0.167707
1.0525
0.634517
-0.119309
0.416889
-0.160618
-1.04278
-0.00742535
-0.459689
0.607909
-0.049077
1.48907
0.336244
-1.13395
0.0139136
-0.337794
-0.757122
-2.409
-1.36239
-1.06622
0.348229
-0.549439
0.368529
-0.301512
-0.113081
1.24542
0.731813
0.167315
-1.03304
0.34547
1.12212
0.00877578
-0.320472
0.248227
0.96923
0.649347
1.07038
0.0041731
-0.95171
-0.0603082
0.334735
0.33405
-0.962411
-0.19414
-0.125755
-1.23847
1.24732
-0.352464
-1.04997
-0.708321
-2.08532
-0.870548
0.693396
1.17209
0.703626
-0.748417
0.210966
-0.409894
0.659388
-0.577176
0.934331
1.65174
-0.0352288
-0.155415
-1.44493
-0.097041
-2.49875
-1.16198
0.088223
-0.663847
-0.641123
-0.137996
-0.0347553
0.349023
-0.887561
-0.15516
-0.826516
0.609424
0.105897
0.501003
0.838739
-0.712768
-0.869616
-1.73042
0.357148
0.0725126
2.4302
-0.386965
-0.455459
0.0102174
-0.805016
-1.11829
-0.731807
0.0735003
-0.939961
-1.21496
-0.302682
-0.375951
-0.744843
-0.901282
-0.173722
0.944358
0.550175
0.652828
0.17709
0.694076
1.03823
0.222199
-1.12451
0.740006
0.882276
-1.39232
-0.410612
0.956415
0.0726311
-0.161827
0.249083
-0.161424
1.9804
1.95988
-0.964609
0.539991
0.749716
-1.18781
-0.636861
-0.109189
0.19078
-0.449175
1.60281
0.59447
-0.212951
0.351571
1.24908
0.224049
-0.200712
-0.351022
0.902552
0.152165
0.694581
0.999984
-0.486
1.66834
0.991613
0.885977
0.0199469
0.0193044
0.23807
0.854836
0.919918
1.57867
2.11846
-0.0974819
-0.0975578
0.0337695
0.0103223
-0.123108
-0.782076
0.41573
1.13498
0.13042
1.31286
1.04567
-0.283328
1.43828
-0.271339
0.987462
0.480845
0.700229
-2.08266
0.00880959
-1.38876
0.640859
-0.440361
-0.0545311
0.276462
-0.16464
-0.579032
1.10434
-0.845219
0.55841
0.834449
2.35776
-1.0512
-0.383597
0.221197
-0.949797
1.12333
0.901437
0.440131
-1.83346
2.34657
0.354316
0.488554
1.49976
0.134718
-0.414911
-0.754798
0.43753
1.79913
-0.763457
-0.361272
0.0430613
-0.546532
0.489176
-0.658137
-0.691232
-0.209731
-0.0635707
-0.634391
-0.00467105
0.00936234
0.333933
-0.252001
-0.494652
-2.54163
-0.859927
1.9161
1.24304
0.103821
0.0172296
0.840471
0.650764
-0.188219
-1.96895
-0.184453
0.226677
0.473021
0.332293
0.45544
-1.08588
-0.321642
1.66562
-1.54785
0.325136
-1.21716
-0.146284
0.412838
-0.0338281
1.71043
0.769266
-0.799373
0.859979
-0.191627
0.156533
-0.326973
0.382841
-0.507343
-0.47545
0.138167
-1.15609
-1.10789
-0.976655
0.876737
-0.500835
1.09872
-0.950767
0.0743174
0.287005
0.118459
-0.716293
0.996129
0.647638
0.834838
-0.470914
-0.0482744
-0.307184
-0.609786
-2.42004
0.125119
0.0961079
-0.572264
-0.181915
-0.0963237
0.779482
1.75317
-0.33886
0.440388
-0.869943
-0.43205
-0.356582
-1.04268
-0.156925
0.221876
0.304593
-0.0660378
-0.0286448
-0.190476
-0.102826
-0.0790493
0.101942
1.01764
-0.151196
-0.291147
-0.286948
-0.287553
2.34165
-0.0276614
-0.461051
-0.200053
0.462195
-0.951437
-0.32106
1.65355
0.498735
1.05351
-1.40532
0.214225
0.156139
-0.0771141
0.753358
-0.799019
-0.93846
0.21558
0.254917
0.46801
0.501945
1.59545
0.325786
0.0122028
-0.321708
0.2819
1.93344
-0.407741
-0.011748
0.812164
0.976375
0.920553
-0.316798
0.33354
0.332943
-0.0664039
-0.0759554
1.54654
1.14894
-0.442925
-1.60934
0.794221
1.23965
-0.877831
0.365432
1.30856
0.581576
-0.147774
-0.743833
-1.03026
1.06002
-0.172394
0.3416
-0.35718
-0.620443
0.115136
-0.230427
-0.216711
-1.23455
-1.2774
1.19368
-0.951752
-0.0886271
0.285285
-0.136982
0.280685
0.319244
0.772756
0.227635
0.274783
1.67356
1.31911
0.294858
0.66083
-1.27554
0.245078
0.346865
-0.444261
-0.877609
-0.393417
0.991672
-0.569594
0.575215
-1.07126
-0.453707
0.278749
0.339426
0.415771
-0.930376
-0.401735
0.247679
-0.207597
-0.361927
1.06927
-1.43637
0.204023
-0.493412
0.284788
-0.146189
-0.3608
-0.111773
1.32135
-0.690844
0.0496316
-0.299458
-0.203317
-0.675143
-0.0063113
0.13552
0.812965
0.176978
-0.457208
-0.648983
1.54582
0.124003
-0.355498
0.267863
0.844548
2.0531
-0.133389
0.23992
-0.227902
-0.558842
0.778798
-0.366081
-0.243935
-0.380319
-0.045957
-0.189707
0.108929
-0.0492799
-0.626243
-0.559644
-0.501383
-0.0582304
0.277772
-0.594902
-0.955315
0.0489733
0.134698
-1.20259
0.0954486
-0.0250115
1.04055
0.321552
-0.109922
-0.275989
-0.729929
-0.918783
0.178847
-0.759221
1.18905
1.48037
-1.21287
-0.557115
-0.707792
-1.2551
-1.52059
-1.23085
1.27885
-0.444881
-1.50425
0.406347
1.91371
-0.241153
-0.00753659
-0.295588
-0.335366
0.202066
-0.0855414
1.40919
-0.400844
-1.26018
-0.235826
0.268354
-0.728707
-1.49198
0.867852
0.990351
0.352813
-0.711613
0.376579
1.51268
-1.13086
-0.373366
-0.281269
1.32754
0.629034
-1.48097
0.987585
-0.00310996
-0.214781
0.00375093
0.573925
-0.489831
0.556285
-1.61912
-0.245032
-1.29722
-0.103214
-0.656199
0.862549
-0.278592
-0.154788
-0.591323
-0.442688
0.625019
0.290408
0.0837764
0.708707
0.478078
-0.302765
0.943865
-1.03403
-0.292456
0.444072
-0.641347
-0.732634
1.09102
0.322988
0.410242
0.313034
1.10578
-0.340419
-0.00652744
0.21342
-0.372603
0.3474
-0.115126
0.479419
-0.452514
-0.338576
-0.612917
-1.09477
-0.585203
-0.964778
-0.630636
-0.0691854
0.0517898
0.101408
-0.833027
-1.04597
0.0723721
1.3209
1.02674
0.83387
1.16955
0.722283
-0.532649
-0.703583
1.33939
0.840436
0.598751
0.379253
-0.468947
-1.14381
0.234245
-1.01821
1.31392
1.26105
-0.0452193
0.815796
0.176056
-0.847039
0.621346
-1.01577
-1.09122
-0.251324
-0.795768
0.865543
-0.869855
-1.14838
1.70159
0.102538
0.832475
0.626357
-0.928639
-0.892115
-0.644964
0.76455
0.713095
0.150598
-0.892508
-0.368593
0.686119
1.19513
0.744616
-0.609937
0.0651202
-0.187387
-0.958518
-1.04296
0.837106
0.712164
-0.178415
0.932614
0.984556
-0.964808
-0.602454
0.714285
-1.07984
-2.29768
0.675253
-0.326771
0.955008
-0.139317
0.670477
-2.18068
0.106861
0.751952
0.430573
1.60199
-0.988752
-1.56381
1.90528
-0.712997
-0.442635
1.3242
1.09087
-1.44157
-1.23741
-0.789862
-0.373897
0.472245
-1.26886
-0.24214
-0.0653113
-0.30767
-0.765967
-0.583994
0.733348
0.427282
0.805421
-0.0122207
0.521452
-0.272041
0.717985
-1.40176
-0.174505
-0.643206
-0.840306
0.350394
-1.08937
0.145515
-0.478189
-0.766733
1.48028
-1.04674
-0.2385
1.26325
-0.782523
0.435469
-0.689022
-0.391143
1.39391
-2.53997
0.0300367
-0.275787
-0.971227
-1.16105
1.27567
0.220562
-1.72469
-1.18906
1.25114
0.236927
0.035647
0.283524
-0.511401
0.67138
-0.367336
0.139446
-0.217493
-0.577761
-1.33167
-0.510575
0.2088
-1.33624
0.437018
0.241262
0.426286
0.0962832
-0.109128
0.35328
-1.33479
-0.498072
-0.0678496
-0.0062957
-1.49557
-1.88822
1.08316
-0.383447
-1.04466
-2.75667
-0.246733
-0.694101
-0.206204
-0.782079
-0.457054
-3.24431
-1.03715
-0.293517
-0.0578638
1.34152
0.412465
0.532239
-1.5348
1.25979
-0.309892
0.274876
-1.72994
-1.39991
-0.61843
0.726896
0.0236578
-0.475223
0.846529
-0.366265
0.86633
-0.00998274
0.74144
-0.2393
0.202163
-0.174265
-0.338354
2.2275
-0.99324
0.214462
0.129608
0.10196
1.14593
-0.483943
-0.510105
-0.156788
-1.0513
0.55232
0.0635427
1.44263
1.25455
0.416747
1.12497
0.433057
-1.13508
0.706138
0.102527
1.37107
1.2783
0.90601
-0.0590681
-1.28841
-0.275966
-1.16436
-0.40875
0.180915
-0.814556
-0.534579
-0.446422
0.842153
0.570777
0.405256
-0.0491115
0.128094
-0.174337
-0.520826
-0.700548
-0.884102
-0.694023
0.517718
0.525187
0.0295891
-1.60468
2.30454
-2.93978
0.796996
1.14187
-0.561442
0.503224
-0.627522
0.561438
-0.590913
-0.307098
-0.590585
1.19615
-1.73087
-0.890517
1.92173
-0.545525
0.0372623
-0.228024
-0.825108
1.61138
0.608066
-1.59431
0.915396
-1.02932
0.293807
-2.24132
0.0724293
0.447934
-1.0165
-0.685532
-0.664428
-0.35789
0.0742685
-0.197924
-0.267496
-0.510423
-1.52664
0.781585
-0.34539
0.464646
0.477277
-0.177137
1.6001
0.454231
0.986154
0.309902
0.461644
-0.0238024
-0.4921
0.600555
-0.201987
0.89243
-0.520148
0.17054
0.127797
1.5735
-0.627935
1.04483
-0.386183
-0.634497
0.619143
-0.431655
1.18661
0.579795
-1.39359
0.326124
-0.216024
0.129583
0.0246666
-0.303031
-0.204371
0.595889
0.337802
-0.916132
0.0924889
1.83266
-1.00924
3.30439
0.897467
-0.384904
-0.844217
1.05173
0.444567
0.811467
0.778437
0.586133
-0.0122353
0.701154
-0.456994
-1.31879
0.219689
-0.773444
-0.0476198
-0.253211
-0.472544
-0.280752
-0.224898
-0.606671
-1.16851
-1.69654
1.00652
-1.48256
-0.212323
2.34904
-1.15927
2.30015
0.639215
1.49819
1.00194
0.921015
-0.528579
0.0913828
-0.230238
0.738998
-1.09079
-0.944494
-0.379305
-0.274307
0.363131
0.114164
-0.438596
-0.753983
0.910784
-1.2049
0.556704
0.641331
0.659031
-0.549579
-0.348463
-0.355429
-0.468229
0.00627736
0.521148
-0.0592802
0.697775
1.04577
-0.822253
-0.325949
1.49868
-1.66348
-0.589188
0.402329
0.560712
-0.462644
0.931834
0.30721
-1.4563
-0.122442
-1.65616
0.191254
1.20177
1.6717
-1.35349
-0.193495
-0.515654
0.294722
0.708617
0.547811
-0.706049
-0.996032
-0.241659
-0.386033
0.548815
-0.923436
0.491778
-0.182948
0.687249
0.528839
0.828856
-1.94334
-0.562703
-0.959559
-0.195951
1.15785
-1.84239
0.0640446
0.379329
0.140332
0.796341
0.845203
0.166486
-0.099587
-0.419181
-0.282473
-0.0906385
-2.00041
0.717508
0.605409
0.803213
-0.0706623
0.563528
-0.821583
1.03435
-1.10072
0.924627
-0.0495982
-0.709938
0.482354
0.0365651
0.531904
1.06341
1.56268
1.21077
-1.65964
0.481719
0.293614
0.466806
0.566923
-0.721477
0.0839544
-1.55634
0.775349
-1.29911
0.647379
-0.716249
-0.065913
-1.572
-0.930089
0.95098
-0.425637
0.064942
-0.0542042
-0.268928
0.777335
0.108957
0.682192
0.206508
-0.346175
-0.549693
-0.0279116
0.419901
-0.404033
1.08047
0.348205
-0.218534
0.485556
-1.12795
0.390877
-0.326816
1.44133
-0.213332
0.43102
-1.96487
0.509337
1.28975
-0.242151
-0.482387
-0.0451134
-0.563493
-0.840243
-0.0478021
-0.157625
-0.62208
0.411175
-0.610359
-1.18055
-0.799181
-0.11661
-1.60812
0.63118
0.362617
-1.0882
-0.0577568
-2.33983
0.0055032
0.993725
-1.53604
0.0657451
-0.521713
2.28597
-1.40023
-0.190247
-0.265568
-0.534755
2.23208
-1.04577
-0.165637
-0.997638
-0.62868
0.651168
0.527282
-0.645806
-0.194289
-0.0517719
-0.379795
-0.827051
0.247242
1.09469
0.545859
-1.0054
-0.330316
1.36743
0.807012
-0.824275
1.65688
-1.14036
-1.42672
-0.847381
-0.959671
-0.926974
2.27065
-0.727903
0.915636
0.928716
-0.356438
-0.633918
0.0838497
-0.291694
-0.850739
0.311974
0.375419
0.0652256
1.05905
1.25665
0.17546
0.483279
-0.0978118
-0.240338
-0.0341368
-2.0018
0.703227
0.789626
-1.10518
-0.544518
1.02326
1.58524
-0.446586
1.26467
-0.816824
0.115576
0.0658603
-1.35088
-0.55949
0.868588
-1.36468
1.00557
-0.565214
0.537098
-0.0975978
-0.270432
0.672407
-1.41441
0.603594
0.33398
0.474925
-0.228317
-0.357777
-0.682424
-1.17928
-0.542326
0.436843
0.292494
0.740399
-1.10081
0.515208
-0.741699
-0.979382
0.940932
0.556198
-1.01204
-0.613191
-0.387816
0.132644
-1.33877
-0.135624
-0.161157
0.652189
0.133492
0.747779
0.691975
0.0753184
0.290664
-0.681688
-0.0439814
1.96822
-0.855982
-1.71053
-0.83295
-0.906226
-0.580669
-1.33143
1.05462
-1.51137
-0.988673
0.991503
-0.544464
-0.0571581
1.94327
-0.325677
-0.485059
1.2716
-1.29162
-0.116152
-0.546537
-0.0917608
0.0613997
0.16566
0.063096
0.833165
1.43234
1.40343
-0.486542
-0.400742
0.939416
-0.180549
-1.88539
0.600709
0.824328
-0.633937
1.0605
-0.414618
-0.13607
-1.54505
0.479213
1.1949
-1.94599
-0.122759
-0.867884
-1.44726
-0.904274
-1.32728
-0.706169
-0.00569497
1.08055
0.774814
-0.25826
0.0876432
-1.51295
0.252427
0.667422
1.35305
2.61634
0.632592
0.50967
0.890423
-0.138995
-1.09429
-0.887579
-0.387513
-1.25341
-1.22143
-0.1991
-0.607734
-1.90392
-1.38017
0.302677
-0.946394
0.645482
-0.223805
2.00115
0.449952
0.175404
1.40723
-0.340929
0.715462
-0.266018
-0.460816
-0.788598
0.100402
0.174734
-1.19644
0.0424102
-1.77356
-0.00345143
0.643816
1.02098
0.363124
0.732827
0.781668
0.518987
-0.645149
-1.21592
-0.0317174
0.0692033
-0.417912
1.14668
0.123403
-0.17762
0.857448
-0.256435
-0.756927
-0.527708
-0.419909
-0.887513
0.168711
0.135531
-0.755447
0.00426823
-0.889935
-0.708876
-0.590051
1.9967
-0.832181
-0.726954
0.223103
1.67341
-0.452477
0.223672
1.17959
-0.767692
0.64533
-0.0149035
0.693496
0.966838
1.85294
-0.0905091
0.16355
-0.205235
-1.70714
0.630247
1.25381
1.03186
0.0972266
-1.17262
0.802084
-0.172833
-0.376522
-1.50493
1.61179
-0.455877
-0.521844
-0.230677
0.124866
0.266124
0.000104261
0.0217337
-1.32258
0.421176
-0.435316
1.57736
0.340978
-0.745903
1.4589
-1.08255
0.931354
0.930445
-0.604814
0.55628
0.239186
-0.964836
0.775751
-0.783805
0.73519
-0.697239
-0.231791
0.189313
0.711918
0.188119
0.650514
-0.394585
1.76872
-0.399463
0.645458
0.499706
-0.918742
-0.925489
0.9811
-0.425689
0.253428
1.44994
0.226898
0.390723
-0.53576
0.124988
-0.38729
1.26468
-0.134646
-1.6069
-1.15852
1.38184
1.75133
-0.141315
-0.908544
0.575726
0.848834
0.153851
-0.569636
0.739975
-0.999109
0.0426164
0.703989
-0.23509
0.26618
0.131239
-0.0426311
1.01571
-0.324601
-0.17117
0.703783
0.31435
0.0756786
1.09371
0.254743
0.295254
0.784418
1.43356
-0.948823
-0.249967
0.17685
-0.214582
1.14984
0.406448
1.63738
-0.628283
1.04438
0.49314
0.19844
1.28994
0.532045
-1.94584
0.016787
0.959959
-1.59099
1.29824
0.823014
-0.0974326
0.118357
-0.425708
0.702613
-0.908741
0.161884
-1.00554
0.90857
0.887366
0.883658
1.24549
-0.394558
0.897242
-0.576438
-0.685786
-1.25103
1.91308
0.43138
-0.505413
-0.140683
0.526165
0.799098
-1.31662
0.239812
-0.457166
0.247892
0.502637
0.253776
0.525306
-1.12671
-1.33088
-1.13335
-0.936957
0.751554
0.448045
0.296053
-0.518034
0.596007
1.69499
-1.14709
-0.0149446
-0.586108
-1.18662
0.729119
0.367086
0.810849
0.582179
-0.265692
0.456263
-0.211036
-0.501788
-0.433939
-0.681039
0.402499
-0.331165
2.36383
-0.529633
-0.791683
-1.5102
0.483295
-0.967332
0.573609
-1.44724
0.607007
0.837666
0.348443
-1.41001
-1.55436
0.554064
0.325966
-0.321943
-0.0577572
-0.298558
-0.507013
1.52425
-0.607945
-0.134136
2.43568
-0.155946
0.38284
-0.203778
0.0611036
0.904423
0.739854
-0.399484
0.697784
-0.519555
-2.23195
1.01249
0.532943
0.00222329
1.32805
0.0395944
0.0609506
-0.0226303
0.34945
0.864054
1.54339
0.32142
-0.646487
0.101602
-1.20733
-2.06706
-0.330281
0.325924
0.358846
-0.680608
0.0340355
-1.10649
0.238425
-0.261947
-1.81532
0.0064285
-0.216823
0.523287
0.0697695
1.37217
0.531983
-0.127259
0.877408
0.513294
0.662092
-1.67094
-0.715901
-0.847584
-0.705329
-0.634486
0.0106719
0.564463
1.48955
-0.629454
0.568783
0.771706
-0.0292821
-0.551065
0.532072
-1.71561
-0.72274
-1.04811
0.760359
0.423895
-0.602924
0.942052
0.00609161
0.768756
-0.250974
-0.782104
-0.189525
-0.693339
-2.3808
-0.299251
-0.790582
-1.16042
-0.754973
0.700062
-0.349151
-0.312829
0.86509
0.163948
-1.22395
-0.156512
-0.228475
-1.08016
0.615969
0.584038
-0.931919
2.01902
-0.803468
1.24454
0.249129
1.0092
-0.112177
2.58873
1.24927
0.311415
-0.916435
0.0548559
-0.439075
0.307917
0.565444
0.909768
0.204817
-0.325175
0.634956
-1.00611
-0.100582
0.893693
0.794425
0.781472
1.51046
-0.654309
1.00085
-0.302099
1.3859
0.287146
-1.64748
-0.293601
-1.39521
0.24451
0.484049
-0.958264
0.305312
1.11235
-1.33406
-1.28532
-0.180211
0.318273
0.913847
-0.974176
0.969608
-0.0892776
-0.827542
0.327348
0.269219
-1.193
0.0323507
-0.531193
1.20822
0.535902
0.972722
-2.16538
-0.488945
0.210524
1.36206
-0.607578
0.672054
-1.93861
0.607344
0.710375
0.429149
-0.0653778
-0.994897
0.901917
0.959092
-0.136658
-1.8512
-1.35003
-0.512877
-0.269706
-2.28371
-0.562322
-0.428777
-0.775312
-1.27451
-0.119296
1.59732
1.45687
-1.51341
-0.114189
-0.261232
-0.44515
0.325059
-0.402843
0.657217
0.254893
-0.844304
-0.803854
-0.583801
-0.56867
1.05952
-0.330405
0.558553
0.104838
0.326994
0.12273
-0.583131
1.7882
-0.0795834
-0.848725
-0.290267
0.870873
-1.82326
-0.0355495
-0.982194
-1.05797
1.01451
0.45558
-0.605873
0.0847112
0.208023
-0.956003
-0.577436
0.608943
-0.294665
-1.72096
0.863346
0.411298
0.189363
-0.389802
-0.214728
-0.590323
-0.560729
1.59906
0.449044
-0.306071
-0.43109
0.57505
0.686524
-0.953896
-1.49542
1.30257
0.6033
-0.444605
-0.762244
-0.911762
-0.737352
-0.0197133
0.64144
-0.202374
0.0530359
1.25504
1.20082
-1.36542
0.766396
-0.429572
0.864274
1.02717
0.464718
-1.55019
-0.183141
2.30907
0.12039
-0.150869
0.581042
0.0994768
-1.40896
-1.72391
0.912591
0.528001
2.29827
-1.2973
0.634455
0.982148
0.145116
-1.47352
0.90805
0.465215
-1.32125
-0.407486
0.588546
0.658884
-0.801911
-0.360774
1.49417
0.485803
0.204346
0.0846966
0.944972
-1.27111
0.641792
0.49248
0.725901
-0.354142
1.1335
-1.45258
0.644771
0.747051
0.471588
0.315824
0.320797
1.0346
1.7341
1.79167
-0.703807
0.827501
-0.694244
0.622624
-0.922051
-0.0709259
-2.29961
0.741401
0.481267
-1.01684
-1.04027
1.19563
-0.835059
9.05667e-05
1.32798
-0.341998
-0.00524443
0.434466
1.42373
0.943642
-0.530818
2.2631
-0.939964
-0.879581
-0.40446
-0.736127
0.647563
-1.18472
0.320647
-1.29087
-0.516737
0.0755746
0.288356
1.58468
-0.466961
0.0863598
0.530839
0.288437
-2.12059
-0.6397
1.03675
1.01299
1.43226
0.869046
-0.166467
0.785852
1.30249
-1.18173
-1.18649
-0.423383
0.193905
-0.301716
-1.53474
-1.20624
1.91051
-0.897286
0.92566
0.656102
1.32303
-0.125511
0.247176
-0.757481
-0.0554555
1.2306
1.02201
-1.26478
-0.0309106
1.27571
-0.00557649
-0.122715
0.672214
-0.739936
-1.92441
0.711727
-0.263962
0.615979
0.320511
-0.019557
2.207
0.602124
0.590962
1.04645
0.509871
-0.053966
-0.77277
1.13431
0.458831
0.496442
0.0106193
0.530814
-0.406966
-0.960801
-0.171999
0.782003
0.460266
-0.201244
1.59432
-0.390059
1.0306
-1.05586
-0.503259
1.32105
-1.38878
0.709123
-1.00706
0.124203
1.14315
1.55321
0.428519
-0.920514
1.1971
-1.24702
0.0140663
-0.390024
0.274671
1.61261
0.398112
-0.465137
-0.682749
0.306656
0.536157
-0.786867
0.151968
0.264659
-0.58536
-0.0814094
1.23135
-0.338449
-0.814837
0.361121
-0.131586
1.47448
-0.293835
0.257451
0.445074
0.196502
0.896263
-0.0586457
-0.375866
0.865976
-1.52956
-0.0666763
-2.48875
-0.198464
0.616956
0.283677
0.331788
0.303671
0.614931
-0.306016
-0.089798
0.882526
0.144348
-1.08843
0.603124
0.461197
0.0275124
0.654102
-0.446598
0.899106
-0.548498
-0.682823
1.20404
0.757745
0.632019
-1.21588
0.548932
0.124684
-1.3524
-2.35628
0.429464
-0.259005
0.813955
-0.286885
-0.0668251
0.1558
0.993173
0.807259
1.04473
-2.14902
0.33956
0.152308
0.81908
-1.28367
-0.496919
-0.698708
-1.22917
-0.271163
-1.76873
-0.487434
-0.321981
0.00570231
1.07683
-0.0286076
0.196661
-0.00892164
-0.939593
-1.20592
-0.110193
-0.556093
1.61325
0.678877
0.217463
0.720026
-1.00968
0.156918
0.577035
-0.261069
-0.205939
0.10973
-0.696286
0.241415
-0.599795
0.959871
1.32411
-2.26637
-1.39236
-1.11884
-1.91946
0.649047
0.914247
1.15688
-0.678424
-0.0584051
-0.205642
-1.25129
0.765329
0.287298
-0.425608
1.5528
-0.167953
0.528481
0.618272
-0.766574
-0.696809
-1.12405
-0.910403
-0.175135
-0.056547
-0.580132
0.603214
-1.0528
1.13577
-0.411581
-0.521282
0.145425
1.08497
-0.686136
-0.486054
-0.72423
-0.894865
-0.909596
-1.16717
1.25074
0.0211559
-0.685791
-0.178929
-0.338941
-0.105014
-0.41145
0.00272796
0.537617
-1.06921
0.850194
0.0491796
0.964426
-0.525152
-0.608937
0.29502
0.484251
-0.597797
-0.369816
0.750468
0.400317
-0.542852
-1.16276
0.649179
-2.24608
0.579273
0.320703
-0.790663
-0.798532
-0.570429
0.34983
1.25963
-0.633436
0.594362
1.31031
0.322263
-0.457838
-1.21825
-1.41737
0.578368
-1.24901
0.805241
0.0244065
0.0147974
-0.795924
-0.675657
0.920073
-1.29877
-0.40998
-0.464235
-1.39586
-0.782696
1.19683
2.35746
-0.887255
0.447316
0.606145
1.90522
-0.902739
-0.449234
-0.690414
1.08591
0.86338
-0.00135836
-0.504954
0.763386
-0.380915
-0.487432
-0.789729
0.239471
-0.735138
-0.910728
-1.01371
-0.00869026
-0.0361855
0.964164
0.122167
1.16386
-0.275243
-0.172115
0.838218
-1.53017
1.69935
-2.01352
-0.9533
-0.604407
-0.554106
1.83527
0.505539
0.12165
-0.211446
-0.040852
-0.0284046
1.20241
-0.347462
-1.63218
-0.256023
0.48165
-1.76109
0.608706
-0.743904
-0.396433
1.14323
1.05034
-0.717911
0.864326
-0.100092
-0.748921
-0.646751
0.215163
-2.32353
-1.61599
0.841894
0.358984
0.0572204
0.73431
-1.81059
-0.903043
-0.39683
-3.13678
-0.273357
0.0991346
0.469794
0.384839
0.164105
-0.347203
-0.487393
-0.513736
0.602673
-1.42776
1.19338
0.722323
0.504519
0.564308
0.948691
0.981322
-0.703978
0.292979
-1.31607
-1.49473
-0.777358
-1.21578
0.973934
0.475515
0.210077
-0.552488
-0.184505
-0.170588
-0.745066
-0.80009
0.0365928
-0.982674
-1.13825
0.228437
-1.14614
0.653423
2.09462
-0.140534
-1.16172
-1.57306
-0.93979
-0.657816
0.418957
-0.187975
0.0330458
1.03324
1.09786
-0.641369
0.655521
0.389753
0.521428
1.12765
-0.170539
1.1923
0.0651167
-1.02274
-0.418132
-0.553727
1.40553
1.22655
-0.0476067
-0.990666
-0.682606
-0.407195
-0.413769
-0.108777
0.192178
-0.110572
-0.307668
0.562199
-0.816564
0.31153
0.123521
-0.979661
-0.0240683
0.4884
-1.6357
0.0878134
-0.586548
1.04043
0.296685
-0.030698
0.0400151
-0.232509
0.125216
1.1073
-0.0652351
-0.953702
-1.17603
0.983109
0.223751
1.2668
0.752568
-0.618513
0.609884
0.864953
0.496943
0.0158612
0.035895
-0.606185
0.313621
0.865864
-0.152155
-0.302983
-1.10856
-0.863483
0.158636
0.800991
-1.78748
0.145246
0.0751475
0.352882
0.561024
0.953721
0.837598
0.0612519
-0.487683
0.742797
0.309456
0.178423
1.3669
-1.28412
-0.559455
0.29379
-0.168881
1.12445
0.82499
0.218884
-0.0674224
-1.26475
-0.299177
-0.194362
-0.85528
-0.617428
-0.251666
0.0040928
0.0698016
-0.16236
-0.375409
2.09121
-2.09345
0.657063
0.0850284
-2.84932
-0.66937
-1.04118
-0.951772
0.0856412
-0.566679
0.206932
0.47196
-0.689732
0.30427
2.32027
1.87054
-1.28012
-1.10386
-0.750717
-1.10762
-0.196725
0.758578
-0.0347567
0.0789562
-0.0583667
0.369432
1.21056
-0.0953651
-0.145967
0.487072
0.953982
-0.153926
-0.374841
-0.555942
-0.864978
0.951619
-0.22591
0.559357
-0.463958
0.100093
0.517133
-0.162703
0.776
-0.606977
-0.649319
0.950656
0.259879
0.469419
0.201336
-0.657201
-1.03635
1.38199
0.56745
-1.62346
1.50467
-0.666606
-0.0614564
1.55111
0.175176
-0.565946
0.664452
0.720912
-0.401767
-0.275051
-0.301748
-1.22054
1.71761
0.416624
-0.00620813
0.328932
0.912302
0.158122
0.410902
0.651683
-0.559637
0.240638
0.144498
-0.891343
0.467573
0.681281
-0.0191706
0.445187
0.0414987
-0.434413
-0.868338
-1.06596
0.849278
0.924533
-0.335817
0.131209
-2.08246
-0.24638
-0.214537
0.8139
0.430215
1.31786
-1.58687
0.0322225
0.196552
1.31542
1.00403
-1.12877
-0.149325
-0.492851
0.631916
-0.0544935
-0.510523
1.05932
-0.620187
0.0319158
0.197262
0.375656
0.375719
0.733332
-0.868491
0.504266
1.02787
0.756794
1.13496
0.0605245
0.00671279
1.28549
-2.7354
0.764219
-1.08164
0.59728
1.42764
0.258968
1.18338
-1.17994
0.121171
-0.75448
-0.302785
0.228791
0.126682
-0.0175762
0.910534
1.16444
0.515218
0.369673
0.702731
-0.206347
1.08871
-0.701448
-0.442252
0.928338
1.00299
0.104088
-0.726593
-0.727938
1.04071
0.000942469
-0.566803
-0.596478
-1.57584
0.778122
0.0829793
1.2
0.293198
-0.0213772
-0.833492
0.589906
-0.951019
-0.304455
0.110988
0.905874
0.869866
0.805691
-1.35008
-1.51761
-0.440279
0.777945
-0.894323
1.46846
-1.4837
2.13685
0.143283
0.421212
0.786021
0.0202967
0.802669
0.846993
0.992984
0.449359
0.676116
-0.237231
1.10035
-0.504132
-1.42625
-0.108787
-0.982946
1.00894
1.44044
-0.724669
0.724629
1.75012
0.259529
0.687631
0.717428
0.19799
-1.08142
0.0524741
-0.212068
-1.10427
0.549141
-0.348943
0.588403
-0.314007
0.646042
-0.396036
-0.695567
1.59034
-1.11426
-0.0137171
0.380749
-0.828667
-1.23343
-0.520764
1.01957
0.83406
1.59648
-0.253777
0.375256
-0.276808
0.116523
-0.636415
-0.698894
-1.20209
0.333198
0.0586093
1.02033
0.844081
0.174218
0.753128
-0.210883
-0.228612
0.220244
-0.822687
0.17845
-1.0059
0.620017
-1.317
-0.0760843
-0.379017
-0.405688
-0.727443
0.496529
0.225918
-1.80333
-0.426926
1.2431
0.782267
-0.670533
-0.703557
-1.33469
-0.758965
1.00066
1.83483
-0.157536
0.773895
-0.117689
1.46472
1.14702
0.0599003
0.583569
0.127306
0.414694
-0.230449
-0.190913
0.675312
-0.763531
0.0241362
1.5627
-0.245878
-0.0558214
-0.177641
-0.292043
0.312922
-0.472841
0.115827
-1.18235
0.391145
2.1407
0.668577
1.74009
-0.544887
0.599682
-0.207939
0.447374
-0.939583
-1.38276
-1.41952
-0.0925894
0.655286
1.13819
0.883768
-0.0795201
-0.271862
0.59803
-0.3569
0.153708
0.997449
-0.891104
-0.48098
0.699578
-0.139669
0.33789
1.03495
0.384186
1.52469
0.284164
1.18687
-0.640306
-0.403172
0.515963
-1.11755
0.382456
-0.492726
0.769678
-0.731617
-0.858421
-0.0593448
0.239717
-0.0849306
0.197099
-1.37853
0.304419
-0.113657
0.534309
-1.51528
-0.503127
1.28568
-0.0896508
-0.561598
-0.302686
-0.277209
-0.533224
0.743193
-0.511203
1.05421
2.88908
0.340647
-0.31755
-0.714267
-0.559709
-0.186114
1.49816
-0.00313782
1.16317
-1.4298
-1.61647
1.04553
1.42893
-0.493658
0.816352
-0.139516
0.139858
-0.474552
-0.747666
-0.170268
0.11639
0.43503
2.40289
-0.943934
-0.181935
-0.583134
-1.79237
0.617718
0.197907
0.372964
-0.844755
-0.380869
-0.418191
0.0528685
0.106743
-0.762229
-0.679968
1.11598
0.669639
-1.40239
-0.995378
-1.1067
0.914859
-1.10353
-0.076678
0.0313507
-1.9799
-0.542287
-0.242249
0.183365
-2.11255
1.24442
0.611431
1.5045
0.265873
1.44718
-2.12342
-0.828124
-0.226907
-1.56681
1.2404
0.689787
0.840627
0.242579
-0.624317
2.03564
-0.859895
0.914789
-0.549434
-0.949723
0.147842
-0.41459
0.297147
0.0750825
-0.922084
0.33395
-0.43165
0.287228
-0.93056
-0.198752
-0.339891
-0.612107
0.785529
0.215065
0.959023
-0.124912
-1.16508
-1.01422
-0.568633
-1.04568
1.00354
-0.0844188
1.23095
0.479515
-0.027672
-0.133633
-0.234545
0.430862
0.0474194
0.577597
2.22704
0.913472
-0.178907
-1.45552
-0.611433
-0.281796
0.10461
-0.0916531
-0.493698
0.245884
0.813338
-0.8412
0.39654
1.20827
0.515002
-0.808652
-0.216245
0.706605
0.741775
0.189051
-0.592521
-0.428463
0.523144
0.214999
-0.452247
1.25333
0.365758
-1.3984
0.519138
0.253416
1.60868
-0.709327
-0.296811
-0.72732
0.270428
0.389894
-1.2652
1.30429
0.196958
1.07215
1.66204
0.00104066
-0.11923
0.00292697
-0.79025
2.25351
0.0793131
-0.322521
0.547908
0.415549
-0.227973
-0.0451186
-0.581069
-0.291632
-0.588691
0.277907
-1.24042
1.00046
-1.67185
0.640751
-0.0137794
0.758144
-0.02285
-0.101381
-2.46903
0.406915
-0.439754
1.14465
-0.826879
-0.831518
1.0328
0.00177894
-0.00540352
-1.44776
1.20159
-0.446311
-1.72321
-0.512026
0.267549
-0.325562
0.946164
-1.30865
-0.920682
-0.374795
0.112609
-0.702027
-0.594147
0.283502
1.48187
2.20447
0.305532
-0.895311
-0.594725
-0.576782
-0.914181
-0.538712
-0.634828
-0.180806
0.424379
0.329667
0.200161
-1.01002
-0.446377
0.402681
-0.526175
0.684989
0.072075
0.0390032
-1.31085
-1.65905
1.29803
-1.45458
-0.0432318
-0.243769
-0.602044
-0.106587
0.158911
-1.35285
-1.11208
-0.131525
0.581643
0.976553
-0.0880422
-0.792329
1.10546
0.632258
0.931979
0.533729
-0.268689
1.00729
0.0655813
0.0898446
0.862889
0.419594
0.0325008
0.875518
-0.767222
-0.298028
0.839755
1.39337
1.20205
-0.0226819
0.506338
-0.757705
1.04001
0.394537
1.03396
-0.312047
-0.914082
0.965112
0.542545
0.454961
1.45223
0.347308
-0.0456566
-0.334702
1.26101
0.406833
-0.952472
-0.272161
0.117502
-0.462727
-0.562731
1.25482
0.501546
-0.331094
0.0121125
-0.233811
-1.16877
-1.64116
-0.955712
-0.817907
0.0133741
0.860554
0.0964516
-0.278785
-0.589884
-1.24506
-0.931015
0.987936
0.166045
-0.516421
0.166415
-0.823277
-1.66141
0.919102
-1.09307
-1.00439
1.07864
-0.659308
-1.04987
0.817495
-1.03441
0.0636432
-0.965808
0.538404
-1.26591
0.227834
0.226278
0.0661079
-0.386901
0.520917
-1.47795
0.182312
-0.143627
0.598064
-0.634794
-1.77122
0.138313
-0.241214
0.00468054
-1.36635
0.959967
-1.90275
0.144876
-0.547383
-0.26603
0.407595
-0.685996
0.948386
-0.226096
-0.615799
-0.0186216
0.278337
-0.0911585
-1.09214
0.725406
0.904726
1.23689
-1.78434
-0.775468
-0.165806
-0.488318
0.867797
0.218662
0.991204
-1.16642
0.786842
0.450687
0.91631
2.14195
0.140941
0.579608
-0.77569
1.50171
0.300386
-0.947031
-0.28431
-0.766175
-0.661793
-0.850964
-0.153915
-1.55572
-1.74625
-0.203323
-0.0844567
-0.439973
0.921631
-0.673988
-1.19872
1.69179
-0.570845
0.475573
0.149662
0.397051
0.323741
1.25639
0.679791
1.16357
1.6877
-0.00322413
-0.776982
1.71791
1.03945
-1.12083
0.415343
-0.0158591
0.224127
1.42033
-0.0350898
0.0649658
-1.76671
0.187601
0.844347
-1.44627
-0.0555764
-1.04316
-1.70897
-0.481037
0.214539
0.613381
0.67565
-0.037441
-0.912421
-0.489967
-0.452956
-0.853188
0.123075
-0.0467664
-0.27438
0.0596622
-0.800708
0.835721
-0.847896
0.717619
-0.77721
0.238493
0.911387
-0.367448
0.917853
0.786275
-1.13019
-0.150569
-0.871921
0.343762
-1.14893
1.46922
-1.0851
0.488363
-0.19696
-0.100864
0.641678
0.962792
0.35637
-0.82635
0.65215
0.460697
-0.0323864
1.03984
0.580102
0.870011
0.918768
0.257181
-1.08822
-0.986027
-0.565638
-0.667067
-0.975975
0.328559
0.0280423
0.542417
-0.935635
0.63704
-0.322844
0.717953
0.0923019
0.00801703
-0.139549
-0.0187404
0.684614
0.236662
0.646447
-0.3902
-1.65592
-0.56076
1.25046
-0.017178
0.372094
0.121275
0.319488
-0.28594
0.583583
-0.796996
-0.330421
0.167943
-0.320274
-1.12871
1.05308
0.807923
-1.3673
-0.0715855
-0.689887
1.47849
0.818932
0.301342
0.46834
1.74213
-0.934958
0.755296
-0.852592
0.137656
1.32958
-1.02952
0.721876
0.504318
0.288786
-0.755268
0.701642
-0.252834
-0.982029
0.699065
-0.459626
1.26561
0.249339
-0.954168
-0.992822
0.312545
1.00088
-0.57537
0.514551
2.14737
-0.380044
1.35818
-0.817299
-0.190106
0.181486
1.59525
-0.923492
0.677415
-1.95173
-0.97974
-2.23554
0.584026
1.06081
-0.64657
0.155094
-0.542389
0.829533
0.194199
0.925881
-0.446818
1.22102
0.484407
1.38173
-1.61861
-1.71212
0.32684
0.456251
0.902138
0.230602
0.429169
-0.596864
0.70892
-0.893714
-0.861191
0.497939
0.647224
-0.718579
-0.478801
-1.64385
-0.415943
0.376147
-1.15174
1.80256
0.20472
-0.376283
0.935194
-0.402224
0.551262
0.430839
-0.10383
-0.11709
0.125959
-0.193077
0.40883
0.174249
0.572743
-0.167071
0.0613718
0.297249
0.17613
-0.766878
0.866483
0.707375
0.58644
1.91911
-0.799479
0.920459
0.951556
-0.574684
0.0508231
0.34262
-1.03345
-0.577133
-0.40167
0.528613
0.286139
-0.125176
0.735098
-0.546631
-0.0357331
-1.46152
-0.134868
0.868231
0.00348732
-0.295294
-0.107194
2.02546
-0.479295
0.440045
-0.163164
-1.0507
0.630162
0.861844
0.786305
-0.0906543
-1.44505
1.56839
-0.133298
1.02862
0.0809895
1.70915
0.224536
-0.261455
-0.235013
-0.491365
-2.75635
1.19576
-0.4641
-0.385938
-0.304598
0.167138
0.817566
-0.600177
0.807582
0.336137
-0.42708
0.153228
1.15115
1.04453
0.437242
0.167402
0.280082
1.6508
1.78059
0.14494
0.196094
0.189986
0.212078
1.89243
0.486887
0.175634
0.559376
0.399241
-0.0869109
-0.221562
1.45673
-0.236657
-0.300063
-0.344511
-0.267404
0.836761
1.23013
-0.824886
-0.0673704
0.365933
0.345424
0.944461
-0.664024
0.964356
-0.186115
0.475847
1.31844
-2.06109
-0.424933
-2.16514
0.657791
-0.818268
-0.0491144
-1.31018
0.190923
-1.87683
0.416024
0.048578
0.875833
-0.04739
0.375787
-1.56946
1.3018
-1.024
1.72004
-0.0786633
-1.04194
-0.00710344
0.246817
-0.0690828
0.0461986
-0.450796
1.7232
1.27882
-0.297028
0.0583992
-0.724781
0.915836
0.00508449
-1.10932
0.0707549
-0.13989
0.527466
0.905076
0.161129
1.20409
0.208224
-0.659708
-1.60332
1.31803
0.769333
-0.848037
0.644907
-0.53054
0.966577
0.79528
-0.677444
-0.738591
1.29948
0.670465
-0.364368
1.45229
0.500843
0.872983
1.37378
0.18589
-1.04635
-1.78735
0.635116
-1.06065
-0.143936
-0.299212
-1.56483
-0.0208972
-1.0399
0.0631492
0.905962
0.897338
-0.453331
-0.532262
1.90304
0.00771185
0.232063
-0.337762
0.333532
-0.20927
0.256819
-0.300906
-1.32291
0.189132
-2.26237
0.015023
1.32843
1.42843
-1.36062
-0.452292
0.868886
0.327311
0.639322
0.406084
-0.0348259
1.1455
0.362544
-0.0649052
-0.642017
-1.1293
-0.49766
0.141828
0.206651
-0.0635149
-0.10919
0.679715
1.75792
-0.986538
0.78826
0.208891
-0.563925
-0.840649
0.0853496
-0.803538
-0.926225
1.18689
-0.316017
-0.674424
-1.22392
1.5062
0.417005
0.215574
0.00540058
1.23167
-0.928264
0.779973
-1.04276
1.08233
0.511413
-0.0993901
1.30965
0.386034
0.544866
1.51154
-0.47591
-1.46332
0.362888
-0.195471
-0.820201
-0.177958
0.0537161
-0.882272
0.860507
0.369181
-1.54349
1.65358
-0.30312
0.480595
-1.1264
-0.481312
-0.531789
-0.279405
0.84173
0.370541
-0.369962
-1.17519
1.21334
0.546058
0.888501
-0.015209
-0.737219
-0.535482
-0.912361
-0.855887
0.332468
-0.405021
-0.00975701
1.08116
-0.212784
0.865997
1.20757
0.342811
-1.30193
-0.889468
-0.260694
0.0878051
1.20855
-0.439952
0.423079
-0.514332
-1.27011
-0.388102
0.974786
1.32669
-0.425272
0.946898
-1.53137
-0.691355
1.41107
0.895495
-1.66299
1.71015
0.932373
-1.30653
1.1675
-1.5075
1.28546
-0.211621
1.36146
0.370549
-0.485161
-0.420862
1.06136
0.203037
1.17084
-0.0514407
0.0650083
0.892137
-0.83292
0.203501
0.689415
0.125883
-0.00662856
0.245322
0.970447
0.17993
-0.603509
1.14117
-0.830558
0.530295
-0.935974
0.501875
-1.78288
-0.0172199
0.338508
-2.11157
0.585265
-1.05902
0.742984
0.215333
-0.390511
1.2343
-0.685753
-0.111209
0.975497
-0.632451
0.0488017
0.290657
0.780869
-0.392602
2.30941
-0.64057
0.588037
-0.237735
0.848195
0.708636
0.307954
-0.894664
0.130004
-0.393942
-0.533072
-0.224078
-0.479035
0.0194882
-1.3293
0.0560738
0.0392981
0.281659
1.09179
1.68759
0.533914
0.330508
0.417892
2.4425
-1.29692
-0.158501
-0.109934
1.50531
0.912087
-1.04791
-1.06309
1.49508
-0.361357
-1.37939
1.05445
0.624277
0.739055
-1.17617
0.375233
1.30611
0.0331816
0.675152
-0.200018
-1.86247
-0.527306
-0.0987041
1.27254
-1.36618
-0.057779
1.69643
0.660896
0.302238
-1.56122
-0.25348
0.901594
-1.12065
0.51985
0.924505
0.0371761
1.47341
-0.316189
-0.165557
0.210082
-0.253385
-0.560636
-0.967923
0.513659
-0.51695
-0.178364
-0.972265
0.427197
0.74359
-0.661974
-0.402639
-2.06415
-0.543623
0.97799
0.0344779
-0.183262
-0.224767
0.52572
-0.148809
1.3178
1.36662
0.576521
0.0473318
0.478241
1.38617
-1.50196
0.528104
1.9327
-0.912237
-0.0753976
-0.35753
0.17262
1.03475
-0.210289
0.870732
0.0996067
-1.62756
1.05535
0.145319
-0.683585
-0.643046
-0.438916
-0.22744
-0.634232
-0.32679
0.611135
-1.33082
5.38943e-05
0.114267
-0.0215275
-0.0835008
0.115607
0.111964
0.00705041
-0.175419
1.48119
0.20906
-0.62964
-0.545062
0.221949
-0.186183
0.110158
-0.583188
0.552215
1.63322
0.970236
-0.415804
-1.55438
-2.15471
-1.2582
0.00458695
0.933548
-0.766594
-0.461091
-0.880242
0.318279
0.229961
0.346448
-0.0755631
-0.125314
-0.369908
2.23847
0.133737
0.354554
1.36173
0.452088
-1.19291
-1.26305
-0.0945347
0.425118
0.725753
1.8512
0.188247
0.544434
1.8922
-0.352483
0.439371
0.33172
0.570217
0.0628779
-0.110822
0.591029
0.337329
-0.0236148
0.374056
1.12381
-0.312716
-0.345498
0.623506
0.625737
0.189441
-0.36392
0.258191
-0.322511
-0.327733
-1.72782
-0.197304
-0.456368
1.43628
-1.35547
-0.449406
-0.379621
0.32809
-0.400331
0.0380975
0.433719
1.15874
-0.588301
-0.545241
1.51674
-0.692278
-0.692845
-0.490059
0.173711
-0.0799071
0.43078
-1.31485
-0.411891
0.352737
-0.0231944
-1.06502
1.31527
-1.17954
-0.0327742
0.137975
1.2859
-1.52545
-0.97407
-1.76062
0.411614
0.017887
-0.727494
0.134178
1.22981
0.106568
-1.25979
-0.826359
0.750611
-0.29377
-0.392793
1.65552
-1.92042
-0.13607
-0.145774
-1.48647
1.29132
-0.314221
-0.0230714
0.808001
-0.397935
0.849074
-0.0103044
-0.134405
1.29818
0.258263
-0.153906
-0.35415
-0.498745
0.763674
-1.14056
-0.913492
0.862438
1.19216
-0.623987
0.791979
-0.379859
-0.346624
1.51915
-0.457485
0.0857117
0.390821
-0.69421
0.244415
-2.68398
-0.00257822
-0.882851
0.0984625
1.86706
-0.0822725
0.263875
1.48
0.423233
-1.43342
0.173632
-0.67013
-0.91067
-0.859383
-0.0348401
-0.135313
0.615913
-1.2169
-0.620158
0.0616304
-0.686686
-0.414977
-0.343854
-0.771442
-1.23587
0.781845
-0.245836
-0.713397
-0.102192
1.06733
-0.821268
-0.640232
0.703159
0.957946
-0.298911
0.451214
0.260205
-0.907551
-0.349513
0.771282
1.43623
-0.380932
-0.0633669
0.35332
-0.122273
-1.19478
0.53741
0.607366
0.0304715
0.0634368
-0.207934
-0.632766
-0.22182
-0.339038
-0.0552988
1.21182
0.516994
0.453439
0.677609
-0.823412
0.15351
0.854757
-0.284243
1.02161
-0.604847
0.0348053
-1.57068
0.455921
-0.22677
0.180555
-0.843614
-0.757166
1.05932
-0.60937
-0.969778
0.51484
1.2894
1.46538
-0.696252
0.0483374
1.33146
-0.0514156
0.634591
-0.767662
0.510583
0.100083
-0.891368
-1.08548
-1.20103
0.418855
0.491739
-0.211692
-0.20772
0.123455
-0.389338
1.45274
-1.30253
-0.794829
-0.4813
-0.211799
0.428861
-1.0692
-1.65638
0.493562
-1.38902
1.04137
0.459749
-0.962501
0.0792365
-0.0884417
-1.02088
-0.46754
0.638679
1.18444
-0.825886
-1.33913
-0.892563
0.213731
-0.140991
-0.106277
0.0728055
-1.39098
-0.198407
-0.547193
-0.629591
1.80405
0.258069
-0.696709
-0.612713
-1.19395
0.54399
-0.201837
0.445434
0.0770127
-0.800899
-0.165568
0.036355
0.370115
-0.790868
-0.764542
-0.293028
-1.81861
-0.898776
1.30213
0.549365
-0.815281
0.372283
1.62314
-0.248997
0.891626
1.11125
-0.434808
-1.86644
-0.292103
-0.892232
2.2262
1.31214
-1.82246
-0.398275
0.702774
-0.0590558
0.204809
0.791876
-0.356883
1.13959
-0.758896
-0.183389
-0.805698
1.14808
-0.10276
0.217097
-1.65962
0.109369
0.197861
-0.358683
-0.275075
-0.930325
1.50637
0.140193
0.625516
0.381659
-2.25705
-0.377936
0.218096
0.64531
-1.02572
0.493879
-0.00138879
0.6587
-0.941761
0.582603
1.01652
0.0921598
-0.469177
-0.106124
-0.997327
-0.976814
1.26374
-1.11069
1.04397
0.135655
-1.04827
-1.54115
1.09369
1.19684
-0.248659
1.26447
0.259437
1.45543
0.436873
0.76582
1.31781
-2.41247
0.211141
0.0118022
-0.0847914
-0.434604
0.525642
0.213629
-0.000289504
-2.22687
-0.634165
1.27718
-0.0657416
0.247891
0.32224
-0.739027
1.07702
1.06571
0.216599
0.48576
-1.09742
-0.988473
-0.805782
-0.367682
0.226419
-0.0504561
-0.00153789
1.89331
0.135376
0.0291063
-0.179873
-0.883662
0.540439
0.522484
0.492518
-0.0280243
0.675266
-1.05922
0.878089
-0.256095
0.254002
0.25125
0.000504047
0.219351
2.34427
0.0217146
1.19861
-0.657568
0.301454
0.256957
-0.0791555
0.592112
-1.34927
1.08349
-1.14688
-0.44856
0.571525
0.967084
1.07234
-0.987719
-0.524986
0.433685
0.0797069
-0.758922
-0.554545
-0.265265
1.27201
-0.604128
0.843095
-0.646809
-0.561283
0.908093
1.47872
-0.30951
-0.719161
-0.460995
0.982327
-0.25599
0.223221
0.873719
-0.133061
-0.305257
-0.857159
0.163701
-0.00763142
0.256723
-1.29581
-0.154767
0.439295
0.595356
-1.34056
-0.904921
-0.152825
-0.00839808
1.03009
0.419252
-0.0998816
-0.0710223
-1.4034
-1.48329
0.865171
-0.570244
0.0111204
-0.312651
1.10149
-1.41558
0.318652
0.544313
-0.897345
0.612698
0.85987
0.73608
0.0967642
1.15418
0.454754
-0.349008
-0.335044
-0.0659497
0.611225
-0.462709
-0.0671977
0.520052
-0.912093
-1.3815
-1.08689
-1.05294
-0.96056
-0.329391
-1.53026
-0.388169
-0.432164
-2.0659
0.598061
-0.0905447
-0.0192287
0.350648
0.778873
-0.222671
-0.841153
-0.217254
-0.12906
0.58574
-0.126018
0.255539
0.631291
0.655777
1.57854
-1.32446
0.110455
-0.47097
0.0431717
0.22294
0.297547
0.173945
0.85301
-0.827502
-0.749071
0.51927
0.317155
-0.467452
-0.802608
2.0148
0.397949
-1.83747
-0.649319
0.652185
0.381273
-1.72963
-0.717597
-0.208903
1.03605
0.449529
1.93502
0.151302
-1.78351
-0.772774
1.09849
0.251473
-0.346798
-0.167611
0.166262
-0.573433
0.670291
-0.0124661
-0.40612
-2.90977
0.748811
-0.730071
-0.289558
-0.960705
0.65794
0.187941
-0.389122
0.162964
0.903948
-0.0798902
1.37986
-1.03098
0.881192
0.0258675
-0.44146
-0.539311
0.186542
0.33801
0.1363
-1.85394
-0.344838
1.955
-0.234182
-1.36175
0.985013
0.30394
0.0228926
1.08116
0.180404
-0.454436
1.08908
-0.919628
-0.169806
-0.104704
-0.948914
-0.817195
-0.772247
1.16095
0.0120712
-0.501927
1.08874
-0.388717
0.686168
0.613281
2.16679
1.88168
-0.467047
1.28909
0.679245
-1.28577
-0.744426
0.0329779
-0.846596
0.400351
-0.389384
-0.366599
0.911736
-1.08107
-0.554005
-0.379402
0.581237
1.71772
-0.132062
0.22018
1.66611
-0.411238
0.736646
0.768837
1.20529
0.363315
-1.26092
-0.353273
-0.978511
-1.31918
1.40088
-0.187061
-0.81043
-0.721466
-2.50072
0.0540221
1.91095
1.04152
-0.948523
-1.41035
0.442039
0.421777
0.323497
-0.390474
0.389416
0.0886304
-1.87552
0.844527
0.00542139
1.8592
2.21312
-0.402735
-0.960536
-0.118321
1.06482
-0.460305
-0.179644
0.185541
0.82378
-1.03204
-0.993676
-0.982274
0.369692
-2.05147
1.50529
0.451486
0.221944
-1.16089
1.20922
0.277863
0.646792
0.00179318
0.177127
0.570423
0.691628
-1.29009
0.281554
-0.574886
-1.03501
-0.238086
0.131547
-0.378412
0.531801
-0.293115
1.34784
-0.531057
0.188069
0.195304
0.490317
-0.574337
0.236028
2.00546
-0.173843
0.697678
-0.233066
0.51908
-0.289569
-0.542904
-0.0916626
-0.497019
0.544377
0.173977
-1.83735
-0.00511252
-0.732421
1.1717
-0.010828
-0.598863
-2.08277
0.621872
-0.18281
-1.43086
0.0926676
-0.234133
1.08675
-1.04101
-0.845147
-1.35056
1.96542
-0.790252
-0.225875
-0.203487
0.111951
-1.05209
0.699086
0.639914
-0.631788
-0.264583
-0.572637
0.801124
-0.0315871
-0.810746
-0.498693
0.16754
-0.672311
1.07114
0.120715
-2.64611
1.82979
1.1898
0.917154
-0.305654
0.586098
0.151178
0.0364035
0.172526
0.942263
0.922497
-0.664339
0.997117
-1.52573
-0.149791
0.476746
-0.906929
0.0431883
0.195397
0.75404
0.862804
-0.332727
0.121313
-0.123926
-0.315972
-0.04793
-1.08777
-1.45394
-1.85321
-0.883489
0.150149
-1.22534
-0.410142
-1.25545
-0.535362
0.882487
1.93776
0.113655
1.07243
-0.060215
1.59901
0.469454
0.617756
-0.836455
0.897409
-0.914355
-0.755778
0.259037
0.736556
-0.186075
-0.575571
0.164368
-2.07442
-0.407295
0.140138
1.01811
-0.743284
-0.172063
0.151898
1.29105
1.1487
-1.53543
-0.0323848
0.951051
0.712301
0.830939
1.12421
-0.393596
0.0791552
-1.18887
-1.3811
-1.97073
-0.0887088
0.894082
-1.27422
-1.55147
1.93246
0.489826
-0.07196
1.81681
-0.316791
0.808801
-1.24511
0.609973
1.97775
-0.763244
0.715341
1.03077
0.931977
-0.0687115
0.253596
-0.680713
1.37513
-0.469825
-0.155479
0.785073
-0.567321
0.613999
1.27217
0.0997139
-0.453537
-0.296637
1.1942
-0.338341
0.244158
0.745539
-0.170359
0.0890501
0.496243
-0.489905
-1.15679
1.29988
0.787702
-0.386731
0.13141
-0.90164
-1.09834
-0.187384
-0.560695
-1.74395
0.505225
-0.510479
-1.22081
0.643325
-0.611968
-1.22462
0.759436
0.258254
0.581606
1.64442
0.361783
0.0622686
0.972028
0.266974
-0.0369814
-0.860979
-0.715266
-1.75366
-0.453361
-0.19926
0.436122
-1.07755
-0.0482311
-1.93551
-0.273187
0.102918
1.68284
-0.209439
1.94665
0.489603
0.0354006
0.17348
-1.29327
0.0267029
-1.40902
0.313699
0.257299
0.945478
0.661869
-0.0972944
1.25002
-0.605409
0.238869
1.85245
0.245501
-0.138156
-0.474712
0.465172
-0.623267
-1.78081
0.162036
0.425491
0.666449
1.28757
-0.764038
0.401403
-0.764684
-0.0903417
1.89343
-1.91407
-0.735986
-0.476674
-0.485461
-0.0541792
0.353339
1.1568
-0.839351
-1.39696
0.826901
1.21434
0.540365
-0.380726
1.46968
-1.40095
2.27436
0.37377
0.711893
0.288325
1.18443
-0.102769
0.672112
-1.50538
0.431668
0.307364
0.60554
0.308257
-0.661333
-0.170272
0.193359
0.527896
-0.348371
-1.1009
-0.989567
-0.24965
-1.02213
0.474794
-0.354175
-0.0219341
0.223932
0.0564101
-0.18753
2.01559
1.0408
0.713555
-1.39716
0.0719364
0.138723
0.542796
-0.119351
-0.3819
0.105099
-0.237246
1.04811
0.746541
0.269854
-0.273962
0.388709
-0.802352
1.46148
0.179619
-0.477512
-0.985234
0.190325
0.46466
1.0857
-0.930768
0.670934
0.539954
-0.544627
-0.834527
-1.88057
1.33997
0.409122
0.953537
2.28588
-0.908206
0.948914
0.239721
0.540277
1.10661
0.00926631
-0.708879
-0.567627
0.232893
0.351511
-0.425085
0.0792887
0.853134
-1.03589
0.531312
-2.29154
-0.37819
0.439811
1.06696
0.41594
-0.0378823
1.33313
-0.497286
-0.872425
0.463562
0.111022
-0.394546
0.912329
1.19608
1.45891
1.15715
0.774404
-0.323035
-0.146259
-0.5701
1.61271
1.16503
-1.05175
-0.233555
-1.07216
1.27691
0.340842
-0.868859
0.396027
-0.181424
0.117727
-0.00336908
0.906425
0.166228
1.02253
1.65641
-0.440114
-0.660838
0.192295
-0.27394
-1.15965
0.0500137
0.261844
-0.0519884
-0.0976388
-0.135266
0.696709
-1.44306
-1.65216
0.364602
0.193452
0.400592
-1.14875
-0.0896803
0.841045
-0.810783
0.532551
0.0474189
0.317965
-1.9842
-0.244497
0.284536
-0.31525
-0.104823
-0.790978
-0.0195022
-1.02582
-0.469059
-0.209488
2.533
-0.191871
1.26074
0.0212538
-0.302502
0.145621
-1.01242
-1.46043
-0.662644
2.04723
0.120958
0.501154
-0.166039
-0.0656059
-2.14399
-1.96266
0.699314
-0.468581
-0.0106272
1.47489
0.916222
-0.875722
0.601899
0.381884
-1.24025
0.151453
0.368321
0.0823175
-2.24728
-0.785352
-0.301653
0.321646
-0.319043
-0.937923
-0.526711
-1.49879
0.573441
-0.665021
0.973663
-0.0917977
-1.14361
0.200075
-1.04932
0.291073
-0.00612933
0.213393
-0.255647
-1.04732
-0.845012
0.855112
0.194792
2.19677
-0.840281
1.79683
1.28447
-2.0196
1.07403
0.264115
0.281418
-0.634435
0.452098
0.711475
0.0580201
-0.756303
2.51518
0.696446
-0.471918
0.112963
0.0475507
-0.118008
1.60666
-1.26506
0.401747
-0.278664
-0.00617881
0.526028
0.211524
0.726438
-0.849499
-0.25525
0.56169
0.310269
-0.543705
-0.0124364
-1.79772
-0.974231
-0.513656
0.357068
-0.475887
0.0669795
-1.36558
-1.03351
-0.56149
0.52982
1.61607
-0.000979053
-0.0450348
-0.803069
-0.372055
0.813424
1.00986
-0.50788
-1.95706
-1.46759
-0.261257
1.14139
1.26364
0.724779
0.0129241
-0.954235
-1.10054
0.182099
1.00041
0.187203
-0.172943
-0.677602
-0.123999
0.110746
1.02169
-0.273787
-0.046637
0.913852
-0.941689
1.50788
-1.6202
0.68213
0.431002
2.36696
0.345478
-0.595524
0.198193
0.45702
-0.335909
-0.470343
-1.49403
-0.2379
-0.357809
-1.28389
-0.455721
0.0742167
0.727038
-1.07061
0.963648
-1.26074
0.663264
0.956844
-1.03811
-1.33365
-0.0851522
-0.251857
-2.12916
0.0655961
-1.17856
0.449605
1.40345
0.685947
0.404927
-0.369227
-0.728118
0.397933
-0.323741
-0.255581
-1.568
1.73849
-1.11598
-0.182542
1.44699
1.98154
0.111569
1.19837
-0.945502
0.165778
-0.12994
-0.117297
-0.87458
-0.0963228
-0.438423
-0.317976
-0.477109
1.24682
0.454456
0.536553
0.779996
-1.03167
1.41668
-0.401017
0.817937
0.314851
-0.747042
-0.833839
-0.868088
1.04573
-0.876809
-0.0357281
-0.898003
-1.63734
-0.205732
0.521728
0.106784
-0.311593
0.11885
-1.01875
-0.215793
-0.538988
-1.25627
-0.825561
0.113214
0.826086
0.668436
0.720659
-0.023324
-0.715568
-0.742593
-0.802703
0.150843
0.322018
0.838867
0.439139
1.49451
-1.8806
0.195533
-1.14134
0.662807
0.81689
0.0409055
1.25295
1.25415
1.43842
1.07652
0.697224
-0.928216
0.314051
1.47747
1.19156
-0.36669
1.49032
0.101668
0.776832
-1.74399
-1.3826
-0.91012
-0.791566
-0.740538
-1.58676
-0.843502
1.61145
-2.09137
0.374966
-0.341944
0.397741
0.803872
0.108208
-0.110549
0.245998
-0.107394
-0.51257
0.810216
0.33896
-0.197683
-0.231569
-1.13998
-0.713763
-0.754495
2.07787
0.689137
-0.0312568
0.614024
0.449323
-0.0440781
0.2409
0.360951
-0.479867
-1.01067
-1.25176
1.01529
-0.86956
0.90693
-0.63373
0.547001
-1.59316
0.210342
-0.549614
-0.261408
-0.677338
-0.399247
0.708925
0.730738
-0.828971
-0.527023
1.05007
0.701081
0.531313
0.413532
-1.97008
1.2377
-0.527428
-0.674175
-0.544146
-1.49
-1.48727
-0.230921
-0.170266
0.334649
-0.757633
-0.717136
1.39053
0.450366
0.710626
0.0957421
-0.308065
-0.521452
0.181998
-0.842696
0.45996
0.251636
-1.04169
1.99761
-0.102325
1.45569
-0.110946
-0.883737
-0.0427982
-0.530524
-1.47529
1.21858
-0.0131731
-0.192042
0.918265
2.08774
-0.543062
0.296063
-0.282325
-2.15961
0.0141334
0.278977
0.279076
1.47306
-0.00390304
0.431448
0.239797
1.65683
-0.577357
-0.00187558
0.434361
1.6168
0.15977
0.299077
0.252718
-0.182001
0.97979
0.0299274
0.484647
-1.2826
-0.180319
-0.591833
-0.0615819
1.09353
-1.0466
-1.43458
0.86436
0.26112
-0.9082
1.82922
-0.607231
0.242813
0.483199
1.23984
0.338041
-1.34781
0.432561
1.0429
1.31499
-0.0967664
-1.17904
-0.612022
0.318534
0.413068
-0.279842
-0.0192312
0.406674
0.633466
-0.553912
-0.283993
0.8788
-1.02054
-1.43192
0.929907
0.210652
-0.164384
0.220332
-0.0613051
-0.708419
-0.892153
-0.158711
0.0330265
1.40867
-0.00134386
1.26877
-0.724452
-0.397561
-0.120795
-0.619693
-0.287792
0.61997
0.185917
-0.32934
0.0613654
0.0369957
-1.67572
-0.0124941
-0.929747
-0.315013
-1.61416
-0.634787
-0.30226
2.1079
0.304362
-0.766538
-0.406951
-0.547625
0.0458029
-0.737361
-1.35502
-0.649179
0.091539
0.950426
1.10681
-0.130408
0.128935
-0.000346381
-1.10951
-0.806726
0.507252
-0.113036
0.265256
0.00237479
-0.85269
-0.320213
-0.411632
0.000820694
-0.137366
-0.411491
-1.09757
0.731604
0.149368
1.16828
-0.618785
0.106392
1.05664
0.147702
0.588351
0.506132
-0.062641
-1.04136
0.671983
0.79812
1.08797
2.23999
-0.676145
0.124414
1.02423
0.770041
0.483243
-1.16274
-0.499421
-0.0352494
-0.352246
0.523432
0.392629
-0.949746
0.630257
-0.0969462
-1.35534
0.236073
-0.585646
-0.221566
-1.6439
1.30836
-0.37271
1.30775
-0.981858
-0.247226
-0.0507865
0.137381
1.06552
-0.652225
1.67128
-0.426581
-0.492005
0.233266
0.00905429
-0.933745
-0.165241
1.33658
0.486877
-2.38756
0.423741
-0.297849
-0.697745
1.60117
-0.927096
-0.0168518
0.153222
-0.32132
0.209404
-2.43502
1.19132
-0.047962
0.13087
-0.73068
0.442968
-0.0245654
-0.910248
0.0694454
1.141
-0.200071
2.49069
0.52366
1.73581
1.0947
-0.590775
0.0101047
0.381982
-0.315161
-0.755324
-1.01033
-0.529963
-1.35804
-1.94246
-1.26391
-1.16717
-0.228575
-0.237129
0.785486
-0.199924
0.447148
-1.25858
1.07164
-1.14434
0.121421
-0.670629
1.44658
0.413774
-0.623803
-0.345367
-2.1267
-1.00814
0.74719
-1.28744
0.841412
-1.10929
-0.439779
-1.83565
0.526868
1.6443
-0.0358216
1.17113
-0.986925
0.323075
-0.182312
0.419196
0.82986
0.0993429
-0.452605
0.616041
0.206944
1.60438
-0.275679
-1.3259
-1.23427
-0.120214
0.634356
-0.549574
-1.36481
0.573032
0.833406
1.02919
-0.164247
1.49208
-1.51913
-0.227306
0.48171
1.14665
0.960504
-1.17847
0.149117
-0.460559
0.108345
0.542826
-0.0894497
1.31783
-0.450689
0.899915
0.246911
0.784869
-2.08677
0.157688
-0.986184
-0.849458
-0.576489
0.0177776
0.972794
0.386341
-1.43234
0.888791
-1.03674
-0.245888
-0.0571064
-0.224498
-0.126465
-0.147067
1.15632
-1.23036
-0.401096
0.0705754
-1.27314
0.343505
0.293567
1.72078
-0.127649
0.710304
0.0212788
0.785884
0.562248
-0.165378
1.27616
-0.298361
0.328041
1.25891
-1.2233
0.843412
-0.523037
-0.112528
0.792525
-1.44558
0.733194
0.221964
-1.17106
1.02816
-0.589511
-0.127744
0.0387208
-0.389379
-0.940862
-1.04702
0.798765
-1.66693
-0.440488
1.36284
0.335342
2.80435
-0.144111
1.02294
-0.231356
-0.188382
0.0128954
-0.21526
-0.328453
-0.486946
0.387116
0.952172
1.02627
0.210908
1.3455
-0.832879
0.0726466
0.201616
-0.731848
-0.0898319
-1.60032
-2.68524
-0.933776
-0.535826
0.419699
0.0193965
-0.789713
-0.279303
-0.141824
-0.0641721
0.629144
-0.68284
-0.736824
1.03232
-0.665278
-1.42921
1.60977
0.418607
0.388064
0.323678
0.770637
1.37165
0.685614
-1.24665
-0.569333
1.04484
0.42213
-1.86108
0.761048
1.59863
-0.641767
-0.449317
-0.474199
0.651847
0.156339
-0.324879
-1.17893
-0.0359486
-0.114486
-0.176471
-0.328926
0.287406
0.129337
0.76081
-0.0977689
0.230391
-0.812379
0.338449
-0.525238
-0.459628
-0.0138348
0.270099
-0.829073
-1.05786
1.13021
-1.33139
0.0604191
0.523274
0.780829
0.796007
-0.885845
0.297311
0.657001
-1.31567
-0.252782
0.727587
0.177846
0.991587
0.545927
-1.26673
1.06455
-0.848193
-0.937169
0.873594
0.554465
-0.658216
-0.614051
1.10523
1.4332
-0.818594
-0.434206
0.758759
0.0158858
0.859046
-0.0218417
1.11071
-0.0438694
1.29175
0.988079
0.513344
-0.804599
-1.79095
0.566825
0.00461439
-0.166391
1.31862
-0.476569
0.342741
-0.0375914
-0.0353176
-0.913448
0.279322
0.338234
0.378846
-0.775361
-0.345343
1.38169
-0.0468839
-1.35436
1.06815
1.01679
-0.893809
-0.26555
-0.533604
0.547572
0.453138
-0.895303
0.754427
-0.0222479
-0.0484769
0.56189
1.66424
-0.242627
0.448208
-1.19557
0.58215
-1.23675
0.320634
1.22839
-0.342065
-0.307201
-0.928666
0.0524852
-0.528812
0.507676
2.13389
-0.0861125
-0.236307
0.56279
-1.23428
-0.515894
1.0597
0.00272419
-0.47995
0.253201
2.49593
-0.648512
-0.0876565
0.160375
-0.262919
0.440905
0.0999421
0.641027
-1.11608
-1.03893
0.45954
-1.79176
-0.250528
0.342484
0.787735
1.12764
-0.143682
0.108056
-0.00153675
0.38234
0.18604
1.48456
0.655369
-0.865866
-0.47637
0.682172
-0.794317
-1.70586
-0.345829
-0.56269
-0.408659
-0.937094
1.0566
-0.801801
-0.57646
-0.415259
-0.166581
-0.709874
1.24541
-0.827072
0.203128
-0.312682
1.63335
0.237841
-0.31616
-0.110535
0.436758
1.53294
0.5922
-0.82233
-0.705603
-0.931047
-0.189813
-0.270416
0.198989
-0.58214
0.253915
2.31675
-1.11028
-0.402801
-0.612942
-0.592944
-0.648081
0.729993
-0.421327
-0.206473
1.85489
0.203082
0.542764
-0.369129
1.17862
-0.468625
0.449453
-0.0188212
1.6617
-1.35023
-1.4242
-1.48041
0.0561308
0.519944
0.828568
-0.725797
-0.182994
0.967538
0.985725
-1.0571
-1.19623
-0.116526
0.672994
-0.376527
1.88837
0.415304
-0.509486
1.17014
-0.436827
1.0312
0.0782265
0.320431
-0.0192713
-0.130643
0.47451
-0.750108
-1.40132
0.60435
0.914062
0.586246
0.0243039
0.605544
-0.574294
0.0636935
0.616384
0.895636
-0.493451
-1.26807
1.16837
-0.691274
0.823417
1.36618
0.208056
0.133669
0.835895
-1.09535
-0.65233
-0.456457
-0.610628
1.21029
0.618393
-1.28936
0.23231
-0.133648
0.0265649
1.03142
0.95438
0.347867
0.66312
-0.6793
1.3037
-0.376397
0.734929
0.395124
-0.0522882
0.560013
1.21492
-0.18835
0.542971
-0.971179
-0.982193
-0.273203
-1.92202
-0.500841
-0.750375
0.0853235
-0.0808868
-0.157713
-0.0384581
-1.043
0.232691
0.935441
0.698916
-0.218494
0.594822
0.651079
0.639594
2.2664
-0.461332
-0.391138
0.686187
0.219383
0.71866
0.278924
-1.30872
-0.905409
0.717063
-0.8877
1.27165
-0.284795
-0.240055
0.0330934
-0.132786
-0.833597
-0.0768827
0.151249
-0.0374855
0.121013
0.683384
0.58784
2.07243
0.221689
0.363501
0.90718
-1.38113
0.854655
-0.600421
0.0259413
-1.42471
0.767898
0.0502249
-1.05107
-0.0697208
-0.0592535
-0.00703425
-1.00271
-0.738641
0.330851
1.07269
0.713936
0.815058
1.24293
1.22154
-0.203008
0.446773
0.40594
0.935997
-0.207875
1.17624
-0.149277
0.71065
-2.18581
0.122204
0.752744
1.30778
0.628864
-0.0644878
1.80866
-0.330327
-1.52285
0.00586264
1.42103
-0.574811
0.14469
0.939193
-0.561251
-0.926158
-0.0879619
-0.71135
-0.698591
-1.92164
-0.802604
-2.6416
-0.81444
0.255807
0.690566
1.9042
1.61472
0.439032
-1.10976
-0.11566
-0.224906
0.676792
-0.380966
0.543399
0.0474007
-0.512574
-0.249
0.336101
0.701376
0.176224
-1.10022
-1.11911
0.899738
-0.769634
-0.0021131
-0.22587
-0.684956
0.562098
1.3296
-0.465305
-0.176464
1.25044
0.151196
-1.62726
-0.67991
-0.165269
0.88182
0.176973
-0.686072
0.744929
-0.856362
0.659753
-0.235947
0.775411
-1.07625
0.233259
-0.0764327
0.963303
-0.0990306
0.0801347
0.776167
-0.140837
2.41628
-1.75942
0.149682
-1.15854
0.220203
-0.280596
-0.00180485
1.98276
0.519803
1.80566
1.50803
-0.892578
1.78302
-0.198283
1.97173
1.89995
-1.4503
-0.552928
0.665658
-0.635893
-0.219724
-1.73924
0.804465
-0.534943
-0.273774
0.555359
-0.570307
-0.913331
1.45402
-1.44958
1.49966
0.340852
-0.672556
0.600229
-0.359661
0.342227
-0.805422
-0.147225
-0.878675
0.815024
-0.10523
0.631736
0.567485
-0.113623
-0.523727
0.349848
-1.13993
-0.201677
-0.293444
0.647288
0.463731
-0.490871
0.554883
-0.65442
-0.988905
-0.588229
-0.190877
1.49027
-0.58728
0.30414
-1.11387
0.31757
-1.21421
0.36693
0.0502813
-0.915072
-0.250931
-0.107562
0.615724
0.590308
0.0442576
-0.325416
-0.269092
-0.832122
0.629687
0.352868
1.20622
0.264365
0.429088
-1.67236
-0.952336
0.554408
0.379589
1.59195
-0.698199
0.0982368
0.815576
1.37955
-0.771195
0.862587
0.182308
1.7534
0.61053
-0.994075
0.737957
0.126842
-1.00237
1.8525
0.0470399
0.0487777
0.750471
1.53927
-1.07245
0.733315
0.396306
-1.71272
0.587917
0.00186503
0.129872
-0.253746
-0.293083
-0.344279
-0.47231
-1.64057
-0.611539
0.323615
0.602766
-1.02323
0.0262381
0.48514
-0.254651
1.40894
-0.529794
1.12766
-0.378886
-1.89261
-0.376637
-0.0840876
0.109704
0.554811
-0.285421
0.840735
0.425225
-0.0295631
1.74555
-1.30399
-1.09992
-0.378624
-0.402245
-0.927624
0.603504
0.141757
1.33342
-0.205152
-0.0078047
2.14869
-1.20798
2.03966
-1.06622
0.447704
0.497804
0.214526
-0.0434042
-0.675783
-0.161072
0.923055
-0.463597
0.799429
1.45661
0.542722
1.64804
1.02066
0.366463
-0.746137
-1.73496
2.36453
-0.168663
-1.09571
-0.715342
0.0041482
0.331805
-0.917697
-0.538463
0.190867
0.107243
-1.39575
0.602612
-1.18156
0.348212
-0.367962
0.748249
0.592456
0.13662
1.20486
-1.3752
0.113396
-0.023204
0.00428837
1.89498
-0.800785
0.372936
1.19895
-0.395537
-0.0283113
-0.404773
0.540793
0.737912
1.08443
-0.816323
-1.09869
0.269425
-0.856814
-0.0416266
-0.203636
0.338125
0.119811
-0.370037
-0.0606602
-0.0994124
0.493748
0.293516
-0.744717
0.593946
-0.915507
-0.111285
0.656542
-0.132458
1.09026
-0.563044
0.389211
-0.625052
-1.82462
0.84367
-0.10519
-0.269925
-0.31835
0.82321
0.785255
0.173194
-0.372352
0.549543
0.360357
-0.0249375
-1.79688
-0.694313
-0.472989
-0.79763
-0.323683
0.303228
-0.897085
-1.94999
-0.541207
0.193223
0.61425
1.16688
-1.30853
0.582122
-0.302645
-0.503453
0.309321
-0.931037
1.24135
0.167266
-0.261566
0.434957
-0.201669
0.569351
0.549172
-0.987378
1.90008
0.342567
-1.14814
-0.00439314
0.334564
0.0385375
0.626535
0.31566
0.30499
0.127906
0.43024
-0.36973
0.580283
0.649718
-0.806836
0.908992
0.670996
0.816725
-0.546989
-0.142285
-1.04008
0.0005323
-0.646737
-0.0738415
-1.29268
0.634211
0.386335
-0.461661
1.37806
-0.503772
-1.04749
1.91604
1.17808
-0.193997
0.641506
-0.840607
-0.972951
-2.99434
0.127306
0.909889
0.485892
1.67339
0.417997
-0.539766
0.759559
-0.190879
-0.386904
-0.350042
-0.784202
-0.794494
1.28586
-0.655685
1.45399
-0.842484
-0.286168
0.499628
0.269738
-1.00128
1.45438
1.22803
-0.983586
0.565199
-2.26206
-0.181606
0.855495
-1.20243
-0.135115
-0.557034
-0.896441
0.0361826
1.0461
0.20201
0.489918
-0.598215
-0.123839
0.00414047
-0.1653
-0.429988
-0.066623
-0.990433
0.388622
0.0370034
1.35583
0.182077
0.68033
0.526976
-0.270238
0.315087
1.5499
-0.888609
1.15155
-0.0130115
1.00191
0.355464
-1.14587
1.27627
-0.558038
0.585798
-0.0413678
-1.23441
-1.46137
0.122042
0.00687285
0.13862
-1.54083
-0.193365
0.106882
0.532337
-0.687746
0.915198
0.13496
0.369261
-0.157235
-0.702909
0.448647
-0.17919
1.13581
0.200768
-0.504791
-0.869644
0.537438
1.01343
-0.161351
0.365858
-0.135801
-0.357763
-0.238146
-0.937109
-0.0861885
0.9111
-0.794787
-0.022529
-0.0455671
-1.44505
0.429381
0.110911
0.278728
-0.692044
-0.369755
-0.53383
-0.696049
-0.161068
-0.852189
0.569343
0.485257
1.10344
-0.0313855
-0.163411
-0.41853
0.998433
0.0919879
-1.06909
-0.0924486
0.0724932
0.359378
-0.237097
-0.00290201
-1.73553
0.393791
1.62794
-0.555257
0.957373
1.36053
0.714595
-0.247661
0.299157
0.581006
-0.509326
0.796837
-0.268938
0.14007
0.619424
-0.129247
0.601564
-0.627224
-1.28785
-0.918336
-0.350084
0.945945
0.392688
-2.07188
-0.241031
-0.652645
-0.0507619
-0.205764
-0.119147
0.290344
0.298051
-0.099279
-1.08921
1.24101
-1.44208
-0.341206
-0.871555
-0.335731
-1.72609
-0.626031
-0.231269
0.00169266
2.38003
1.21464
-0.232209
1.32438
-1.1149
0.662324
0.795495
-0.857794
1.69635
0.200009
0.297658
0.516812
0.523713
0.395329
0.382436
0.200487
0.231741
0.853656
-1.86387
-0.284231
0.246659
-0.418729
-0.402274
-0.684511
-0.211343
-0.451242
-0.572822
-0.240964
-0.208611
0.195441
-1.06333
-0.0864554
0.257104
0.271652
0.529596
-0.247923
0.97704
1.46743
1.10729
-0.688029
1.03918
-0.47538
0.534687
0.0117513
1.4664
-0.742521
0.7781
0.23187
-0.313059
0.829225
1.04306
1.02854
-0.836824
0.474461
-0.822685
0.449909
-1.06292
-1.88234
1.34733
0.87117
-1.00641
-0.385664
-1.11967
0.12718
1.62987
0.875367
-0.613181
-0.164732
-0.013056
-0.203946
0.462597
-0.230958
-0.324158
0.00698095
-2.24355
1.46481
0.170457
-0.938998
-0.325805
-0.472897
0.0168432
0.39858
-0.138416
-0.21144
0.292544
-0.173652
0.618229
-0.502337
-0.321732
0.366506
0.884669
-0.246979
-2.61887
-0.492133
-0.444939
-0.449012
0.957344
0.623008
0.158797
-0.339711
0.960523
-0.486565
0.12122
-0.232218
1.39855
-0.154842
-1.50418
1.19813
-1.39452
-0.583544
-1.6368
1.55698
0.628981
0.361336
0.0494832
0.481538
0.382799
2.47154
-0.790654
0.0390239
0.845161
-0.159524
0.217277
0.243844
0.156024
-0.151406
-0.501608
-1.10688
0.733554
-0.850082
-0.284336
0.249154
-0.662093
0.723461
0.3098
-0.813253
-0.578779
1.38218
0.635006
-1.96946
-0.681031
1.53738
-0.545477
0.351844
-0.957779
-0.965184
-1.15998
-0.545926
-1.32572
0.932945
-0.00969404
0.779804
-0.262847
-0.942128
0.418647
0.784919
-1.23043
0.531191
1.27045
-0.567208
1.63553
0.697966
0.132073
0.441636
0.518939
-1.21696
0.259031
-0.261771
-0.521219
-1.05016
0.512706
-1.69132
0.764043
-0.116089
1.11922
0.234127
0.373357
-0.0527137
2.44461
0.399885
0.102739
1.09778
1.21473
2.16373
0.274
-0.52966
0.162938
-2.53266
1.3205
-0.0571129
1.37834
0.247968
-0.918038
-0.0238419
0.241537
-1.10846
-2.21293
0.690598
0.285704
-0.569055
0.66239
0.746917
0.00707447
1.34642
0.382256
0.510828
-0.910405
-0.41606
-1.49982
0.788571
0.0149373
-0.932678
0.17475
-1.11561
0.314382
