0.350514
0.463348
1.0653
0.340905
0.635672
-0.291252
-0.522397
0.909653
0.0804247
-0.337572
0.431286
0.293595
-0.560682
0.006846
-0.414419
-0.628318
0.682184
-0.181139
0.94686
0.351036
-1.09988
0.810058
-0.157604
0.009815
0.0952543
0.494431
0.0191743
0.0187478
-0.121441
-0.942819
-0.0590389
-0.4523
1.42006
-0.0363399
-0.123338
-0.133055
0.783449
0.177204
-0.914447
-0.49691
-0.419584
1.43055
0.179273
0.725034
-0.270604
0.0593971
0.536388
-0.718033
-0.539376
-0.123635
1.18583
0.517607
0.262844
0.538363
-0.508001
0.290948
0.019588
-0.256547
0.525748
-0.298125
-0.444428
0.697086
-0.186924
-0.633669
0.77289
-0.144724
1.45278
-0.0168456
0.161817
-0.125983
-0.0255878
0.0701222
-0.0592365
0.280711
-0.0245067
0.109228
-0.185773
-0.234189
-0.141083
-0.558839
0.187828
-0.598333
0.0381061
-1.06849
0.0144686
-0.754517
-0.0665835
-0.213386
-0.142962
-1.36894
-0.129111
-0.519371
0.982468
-0.904861
0.344977
0.40916
0.0221924
-0.200612
0.10847
-0.284452
-0.524088
-0.0098446
0.825166
0.325836
0.858064
0.68809
-0.755028
-0.631903
0.502585
0.254654
0.376904
0.059102
0.146425
-0.626093
-0.0588403
0.286275
0.648182
-0.525485
0.796961
0.116727
0.144389
1.71247
0.228606
-1.07764
-0.304276
-0.512083
1.21669
-0.0938832
-0.264519
0.338429
0.609309
-0.620228
0.90783
0.823126
0.063815
-0.317803
0.185629
0.35098
0.382549
-0.281269
0.285166
0.00870706
-0.408704
-0.360804
-0.0944315
-0.514823
0.630238
0.523733
-0.0513571
0.170442
-0.493035
-0.417523
-0.147471
0.122512
-0.835169
0.170803
-0.119798
-0.703023
-0.345123
0.587829
1.01186
1.09375
0.0876083
-0.571027
-0.204334
0.98241
-0.137718
0.957901
-0.291709
0.149557
0.828089
-0.160644
0.0928938
-0.40071
-0.403189
0.109431
-0.160023
-0.768527
-0.231188
0.286431
-0.390482
-0.230174
0.395495
-0.207374
0.189672
-0.640154
0.134099
0.049832
0.516216
-0.839625
0.37953
-0.946799
0.671291
-0.202012
0.093426
0.931333
-0.254041
0.893541
0.861045
0.644168
-0.684302
0.553057
-0.757089
0.469846
-0.414318
-0.689735
-0.0890806
-0.340256
-0.5518
0.222229
1.08424
-0.443268
-0.404773
-0.161034
0.200842
0.908084
-0.0303578
0.37913
-0.517897
0.788903
0.585173
-0.0594879
0.631214
-0.0584262
-0.00435545
0.229585
-0.0862794
0.523554
-0.2828
0.241225
0.0206228
-0.268378
-0.489882
-0.471529
-0.104222
-0.0419998
-0.884703
0.654213
0.321775
0.460071
0.259698
-0.649467
-0.110654
0.761514
-0.094886
0.00242553
-0.249204
0.346407
0.792304
-0.287809
-0.350458
-0.159898
0.459978
-0.538058
-0.390732
-0.140996
-0.516834
0.282959
-0.0588124
0.506747
-0.401856
-0.00171736
0.281681
-0.515777
0.0372732
0.114076
0.75789
-0.559713
-0.278947
-0.371343
0.392771
-0.116806
0.821665
0.00520277
-1.15754
0.223352
0.0143205
0.387581
-0.93213
0.0149784
0.406034
-0.0589022
0.475622
0.665839
-0.122365
-0.539921
0.323367
0.165602
-0.258929
-0.911461
-0.0364329
0.122457
-0.335167
0.453523
-0.0904331
0.455788
-0.151012
-0.551028
-0.645609
0.20817
-0.20339
-0.567478
-0.7132
0.907678
-0.021162
0.0918868
-0.559552
-0.319574
0.703133
-0.408132
1.02925
0.922602
-0.139677
-0.436349
0.621708
0.851208
-0.724381
-0.51184
0.597416
0.220166
1.09242
0.864907
0.512653
1.38326
0.498346
0.271743
-0.071683
-0.0795411
-0.986217
0.393024
-0.0527859
0.259562
0.74476
0.622016
-0.786279
-0.128919
0.311406
0.152818
-0.310764
-0.375488
-0.259008
-0.864248
0.0221012
-0.383281
0.244011
-0.269787
-0.532168
-0.243396
-0.618104
-0.43182
0.141793
-0.754856
0.710932
-0.0620884
-0.179103
0.411424
0.370328
0.408603
-0.834353
-0.897287
0.0248964
1.14881
-0.547315
0.13749
0.388078
0.129586
-1.23944
-0.141605
0.211
0.636284
-0.441589
0.811961
-0.113095
-0.0694893
0.469663
0.539551
-0.98395
0.395192
0.014493
0.199583
-0.586954
-0.576954
0.184264
-0.950001
-0.296305
0.0261565
-1.49208
0.298889
-0.156141
0.377761
-0.128994
0.637458
0.0171057
-0.384391
0.592742
0.0698173
-1.03137
0.781606
-0.0889973
0.722226
0.0789438
0.0935515
0.660933
-0.885876
-0.414429
0.253741
-0.282261
0.893721
-0.557142
-0.458097
-0.0384475
-0.0891496
0.359785
-0.388046
0.634296
0.163811
0.0630536
0.404682
-0.158028
0.729862
0.43955
0.458479
-0.747501
-0.456511
1.1703
0.550694
0.406971
-0.38033
0.00596122
-0.696648
-0.581535
-0.974817
-0.259647
-0.32307
1.32161
-0.572996
1.11434
-1.08299
0.429799
0.151346
0.5002
0.479225
-0.704248
-0.619729
0.263563
-0.109834
0.433441
0.730241
0.445562
-0.119404
0.573951
-0.0249896
0.307364
-0.783127
-0.514297
-0.732785
0.4937
0.683862
0.0257058
-0.229226
-1.05039
-0.399602
0.159033
0.381203
-0.139132
0.550715
-0.977201
0.376017
-0.289401
0.273477
-0.282359
0.571391
0.351553
0.645684
-0.438712
0.173294
0.741334
0.362434
0.607066
-0.520441
-0.394774
-0.0209669
-0.0261487
0.304542
0.804705
0.177994
0.107421
-0.297395
0.211237
0.0276309
-0.170943
-0.570539
-0.0207718
0.395243
0.572217
-0.194995
0.0994054
-0.176939
0.512923
0.126415
-0.0385597
-0.7616
0.857517
0.185313
0.421905
0.102084
0.265965
0.0455104
1.14612
0.36472
-1.34234
-0.0581115
-0.532974
-0.0225124
-0.206913
0.604363
-0.0508732
-0.0113309
-0.30602
-0.00747985
0.382867
0.312885
0.902052
-0.241583
-0.628737
0.00534755
0.39428
1.00984
0.479832
0.0124543
-0.572746
-0.340587
-0.948848
-0.470325
0.422218
1.43189
-0.629545
0.271799
0.31427
0.194997
0.427256
-0.377036
0.0390833
0.870198
0.062081
-0.0119548
-0.119385
-0.295026
1.35896
-0.858549
0.338071
0.0262947
0.634988
0.030696
-0.323312
-0.353108
-0.215167
-0.483336
0.543975
0.939845
-0.657327
0.840617
-0.179167
0.111063
0.442679
-0.21189
0.645645
0.267084
-0.190105
-0.296987
0.283944
0.536481
0.602731
-1.53209
0.435988
-0.836131
0.0447387
1.24469
-0.330623
-0.733976
-0.413808
0.395664
-0.655148
0.427911
0.410532
0.119193
-0.195369
0.160777
0.508433
0.26886
-0.118995
0.275338
0.0203069
-0.0102246
-0.279477
-0.395443
-0.266449
0.5626
-0.704714
-0.532348
-0.306906
0.869914
-0.0224008
-0.336257
0.0354126
-0.340664
0.824238
0.0115832
0.500995
0.517293
-0.586317
-0.392445
0.418557
-0.946953
0.261672
0.114608
-0.501454
-0.125733
0.67619
-0.700114
-0.679821
-0.587586
-0.679577
-0.253743
0.289512
0.581414
0.164774
0.135248
0.296785
0.254264
-1.62952
0.0751269
-1.3023
-0.0816907
-0.165437
0.562449
0.376684
0.00338594
-0.133043
-0.0619423
0.200838
0.696659
-1.06079
0.693126
-0.16449
-0.29058
0.510745
-0.749937
-0.545031
0.147125
0.0281191
0.10686
-0.135158
0.063785
0.941655
-0.359985
0.486736
0.888875
0.0495891
0.9353
-0.0988646
-0.55042
-0.458548
0.877585
-0.238369
-0.40789
-0.579933
0.529994
-0.748353
-0.738032
-0.780093
-0.279938
0.11253
-0.240485
1.02431
0.495641
-0.529786
1.29019
-0.713035
0.45006
0.594177
-1.16562
0.524413
-0.820821
0.790483
-0.786275
0.802744
0.612081
-0.0474739
0.473746
-0.29466
-0.592382
0.402673
-0.359532
1.25348
-0.806491
1.03104
-0.264216
-0.440629
-0.174146
-0.53428
-0.253659
0.108994
-0.245318
0.491437
0.517368
-1.1926
0.332954
0.154213
-1.02992
-0.316829
-0.687611
-0.918385
-0.0150254
-0.795322
-0.792309
-0.37273
0.131087
-0.136418
0.40961
-0.136877
-0.610331
-0.120723
0.614459
0.505028
0.25505
0.296133
0.289978
0.0662202
-0.488346
0.118097
0.487393
-0.423314
-0.441597
0.468931
0.106024
-0.00700637
0.241352
0.129023
-0.144185
0.327693
0.00741441
-0.672449
-0.0160821
-0.549892
-0.850563
0.591976
0.619564
-0.393923
1.16001
-0.757567
0.609722
0.246068
0.0555584
-0.0935899
0.448413
-0.0329265
0.222596
0.451751
-0.387431
0.544982
0.423916
-1.10717
0.353001
-0.891055
-0.0416148
-0.305301
0.245706
-0.328056
-0.420079
-0.16518
0.209332
0.00279861
0.196435
-0.624073
-0.470586
-0.531489
0.611281
-0.475726
-0.289606
0.301106
-0.167491
0.436347
0.495593
0.603675
-0.243088
0.264306
0.0940269
0.593342
0.152463
0.0755082
-0.488807
0.760026
0.604532
1.05818
-0.262629
-0.970194
0.318422
-0.63552
-0.213461
-0.352664
1.15464
0.115038
-0.248526
1.13557
-0.0463428
-0.0255067
0.264264
-0.389533
0.51953
0.188278
-0.00376035
-0.249771
0.427439
0.352095
0.195834
-0.277072
-0.619965
-1.06849
-0.153018
0.127181
0.146269
1.20729
0.131171
0.919862
-0.141466
0.279986
-0.0857531
-0.342993
-1.04224
0.100608
0.0328438
0.503832
-0.09628
-0.47337
0.078681
-0.0611292
-0.668312
0.536633
0.0803863
0.884189
1.16023
0.744053
-0.239232
-0.715432
0.543532
-0.33147
0.0930196
0.0403448
-0.720195
0.0961511
0.0642611
-0.370838
0.0524586
-0.178879
0.052895
0.112177
0.690038
-0.264737
0.719914
-0.0238504
1.1422
-0.433287
0.0284492
0.329093
0.443637
-0.129348
-0.154575
0.275508
-0.256558
-0.288482
0.218163
-0.00881213
0.138666
-0.208582
1.20281
0.667608
0.299226
-0.773744
0.00284727
-0.0332935
0.255691
0.130708
-0.0496704
0.825595
0.125016
-0.339248
0.693551
1.21057
1.11896
0.871894
-0.205155
0.631205
-0.462374
0.305036
-0.369657
0.0946207
0.198888
0.255777
-0.218358
-0.784269
-0.252628
-0.137545
0.535354
0.0577457
-0.310421
0.58109
-0.144822
0.19147
0.456318
-0.947285
-0.805286
0.290769
-0.415367
0.325329
0.477211
-0.564165
-0.54308
0.84744
0.757445
0.477699
0.544632
-0.546487
1.19682
-0.283323
0.185414
0.848163
-0.198461
-0.0361109
0.0461192
-0.246977
0.293112
0.0450935
0.507907
0.0275063
0.325909
0.430807
-0.22433
0.483212
1.04511
0.108151
0.417465
0.147845
-9.2126e-05
-0.245083
0.53865
-0.967808
-0.570176
0.785802
-0.614896
-0.0366434
-0.82503
0.455352
-0.274111
0.516656
0.82797
-0.255975
0.328636
-0.335247
0.934443
0.482224
-0.0667896
0.0338745
0.139762
0.822977
-0.235302
-0.485055
-0.484356
-0.799418
0.0750093
0.663137
0.605861
0.00865908
0.269136
-0.78621
0.458282
0.289668
-0.323448
0.339676
-0.209077
0.25978
0.687486
-0.572699
0.423044
-0.835805
-0.908605
-0.441788
-0.0569574
-0.328832
-0.712021
-0.677704
0.224818
0.526773
0.154448
0.0637414
0.693331
-0.188778
0.511699
-0.0263639
-0.29582
0.110029
0.622517
-0.586257
-0.37769
-0.369615
0.298197
0.0861625
-0.677633
0.724353
0.586165
0.104052
-0.53549
0.717531
-0.389407
1.10893
-0.525053
1.68968
0.926611
-0.472066
0.438238
-0.181769
0.713172
-0.663201
0.0818844
0.560438
0.748406
0.264676
0.141597
-0.523462
0.191146
0.7995
-0.208259
-0.217681
0.304282
-0.0499086
-0.375458
0.00313313
0.180875
0.255773
0.323765
0.207054
-0.159315
1.4838
1.00385
-0.422021
0.584664
0.635966
-0.648086
0.500924
-0.857556
-0.0682279
0.113979
0.179437
0.256746
-1.15189
-0.376057
0.854833
0.066258
-0.652497
0.587451
0.146874
0.0937412
0.595398
-0.265102
0.268489
0.139022
0.104556
-0.0834467
0.337729
-0.165313
-0.487508
0.010824
-1.19252
-0.571235
-0.573093
-0.0918144
0.69353
-0.143222
-0.132415
0.578366
0.71406
0.174964
0.190049
0.6951
-0.00185555
0.150759
-1.03771
0.573285
-0.479584
0.639617
0.398332
-0.0584132
-0.479011
1.15598
0.139097
-1.29599
0.308775
0.0272476
0.175758
0.0424675
-0.160846
0.443814
0.478725
0.621847
0.706689
0.0802163
-0.694437
0.286271
-0.771843
-0.993806
-0.468482
0.0871325
-0.0427706
-0.1203
-0.246521
-0.0514689
0.753506
-1.00966
-0.869106
-0.124223
-0.685617
-0.563606
-0.0535808
0.593019
0.301295
0.802074
-0.724537
0.377117
-0.067481
-0.653537
-0.371226
-0.347967
-0.716748
0.0933808
-0.164752
0.378064
-0.302188
0.0353871
-0.121235
-0.138067
0.299441
-0.0577215
0.498303
1.06327
1.08318
0.626522
-0.562027
0.0159723
0.737897
0.116202
-0.260005
0.266519
-0.148524
-0.763211
-0.0447682
0.00105454
-0.22615
0.227777
-0.282759
-0.959315
0.686648
-0.094024
0.021374
0.300491
-0.361941
0.0312535
0.17153
-0.0415684
0.383857
0.0870023
-0.586526
0.248995
-1.00393
-0.0827947
0.653931
-0.34669
-0.37388
0.1164
-1.36826
0.426256
-1.4042
0.0502533
0.0904331
-1.13314
0.940083
-0.275259
-0.319337
0.622583
0.313249
-1.12173
-0.150228
-0.856829
-0.711934
-1.23178
0.512824
0.234262
0.0422539
-0.407908
-1.77257
-0.225011
0.0629589
-0.336908
-0.0996912
-0.858132
-0.0119333
0.344045
-0.950007
0.574877
0.340904
-0.357147
0.408564
0.70582
0.465234
-0.0981231
-0.738501
-0.268392
-0.444599
-0.278468
0.592061
-0.487583
0.77398
0.701417
-0.19174
0.735934
0.425911
-0.312987
0.323393
0.417864
-0.0666348
0.134606
0.177568
0.150014
-0.000148868
-0.104908
-0.819839
-0.552758
0.0713013
0.00787855
0.93509
-0.724268
-0.631633
0.913274
0.271945
0.378536
-0.295493
0.300904
1.38628
0.00172496
0.281254
-0.196231
-0.455203
-0.330209
-0.394874
-0.77795
0.161707
0.527097
0.899159
0.038907
0.179076
-0.338126
-0.349072
-0.392715
-0.146125
0.213645
-0.700817
-0.054419
0.067442
0.640661
-0.17645
0.468509
-0.0947383
0.192421
0.230698
-0.783267
-0.920701
0.349595
-0.00641789
0.197975
0.544622
-0.0512084
0.26323
0.429221
-0.394834
0.0235887
-0.61635
0.0344913
0.16444
-0.788397
0.457628
0.652849
-0.00100506
0.717846
-0.546802
-0.369624
-0.35338
-0.796029
-0.0993713
-0.142123
-0.648868
0.0357693
-1.17994
0.613159
-0.207188
-0.966631
0.166578
0.256366
0.269169
0.774728
0.127233
-0.162573
1.13561
-0.452631
-1.18109
-1.21588
-0.66217
-0.576997
0.203161
1.28305
-0.724265
-0.51382
0.181521
-0.973278
0.0392083
1.794
0.140282
0.0962296
-1.34325
-0.418675
0.208227
0.244173
-0.0378383
-0.5137
0.0332429
-0.576982
0.833835
0.249876
-1.06136
0.0776604
0.2531
0.666183
-0.803027
-0.173612
-0.92736
1.11395
-0.217237
-0.544579
0.244733
0.609435
0.406096
0.707151
-0.485418
0.682421
-0.352456
-0.0621355
-0.468083
0.943191
-0.531742
0.842996
0.105045
-0.766619
0.0540106
0.161881
-0.199596
-0.244304
-0.286592
0.0159222
-0.813024
0.751833
-0.579689
-0.947466
-0.084259
-0.0643572
-0.00980806
-1.50571
-0.539444
-0.0578482
-0.459915
0.255994
0.130598
0.121681
-0.881874
-0.0367465
0.700556
0.60559
-0.600436
-0.75793
-0.62285
0.160617
-0.438323
-0.0548108
0.236404
0.0240991
0.964206
-0.87259
0.0508895
0.0481122
-0.377028
0.194125
0.0854214
0.755743
0.14495
0.83514
-0.410974
0.490956
-0.228056
0.466619
-0.673307
-0.788365
0.40038
-1.02672
0.11003
0.126781
0.0901509
-0.184174
-0.287168
0.214831
-0.675935
0.000302865
-0.944217
0.285117
0.500752
-0.790437
0.888229
-0.912955
-0.176691
0.411638
-0.931737
0.6307
-0.120836
-0.156839
-1.05119
1.17754
-0.380289
0.777174
-0.152516
0.0357548
-0.288259
-0.252449
0.166368
0.383172
0.602285
-0.075658
0.360963
0.659254
0.00280663
0.886106
0.496813
0.331763
0.640668
-0.698503
-0.538075
0.627451
-0.143185
0.89151
0.745292
0.971572
-0.00768088
0.0282144
-1.04275
-0.359472
-0.435429
0.0560769
-0.201437
-0.559494
-0.0332534
-0.979306
-0.155617
-0.0702985
-0.0526733
-0.308965
-0.0799787
-0.571523
-0.490634
0.553764
0.476515
-0.255647
-0.634279
-0.545648
-0.16419
1.21059
-1.16906
-0.610916
0.286732
0.539049
0.599531
-1.02314
0.43422
-0.42354
0.0363912
0.262925
-0.88051
-0.226658
-0.438251
0.583338
-0.352916
0.146171
-0.650303
0.257647
0.128341
0.654273
-0.25086
0.536743
0.488793
0.0650119
-0.166817
0.093126
-0.153496
0.0618118
0.270846
0.211538
-0.0333641
0.245942
-0.261081
0.494651
0.447886
0.0978649
-0.0177029
-0.578584
-0.731512
0.0606276
0.227921
-0.381115
-0.31656
0.662818
0.041345
-0.645711
-0.276342
0.326477
-0.821591
0.239055
-0.0470775
0.000173717
0.111514
0.0650293
0.322686
0.357781
-0.675319
0.114361
-0.271799
0.233136
-0.092013
-0.442645
0.128953
-0.551832
0.980375
-0.460994
0.306632
0.310811
-0.198174
-0.786279
-0.523736
-0.152809
-0.03192
-0.358754
-0.458876
0.800021
0.280977
-0.544417
0.0597229
-0.0119334
-0.614797
0.0660525
0.0105672
-0.00569535
-0.576016
0.375459
0.751427
-0.627516
-0.148383
-0.996814
-0.0902899
-0.501754
-0.00336399
0.0164688
-0.558558
-0.8738
-0.185922
-0.633189
1.4283
-0.39945
-0.6093
0.765619
0.348936
-0.897548
-0.51401
0.881067
-0.593779
-0.346945
-0.464966
0.0152737
0.533865
0.0269603
0.482682
-0.504472
-0.132378
-0.240202
0.436049
0.195876
0.210534
-0.45261
0.621335
-0.198785
0.190257
-0.859122
0.942765
0.548933
0.609245
-0.0109969
-0.559479
-0.113664
-0.0271375
1.22917
0.357195
-0.21935
-0.479291
-0.110512
-0.0628259
-0.180391
0.389842
-0.312594
0.16727
-0.0124366
0.0739867
-0.347379
-0.367251
-1.28976
-0.340449
0.801014
0.511111
0.111902
-0.238476
-0.137983
0.105015
-0.16782
-0.234296
0.020953
-0.870106
0.916746
0.725773
0.180293
-0.716328
-0.0642777
0.678624
-1.03906
0.459214
0.109824
0.0187329
-0.341291
0.165642
0.0887104
-0.987363
0.592635
-0.259564
-0.214498
0.217987
-0.348219
0.0462643
0.23795
0.706887
-0.646835
-0.157083
-1.33266
0.150664
0.42808
0.546932
0.205267
0.21682
0.298123
-0.277471
-0.871788
-0.224487
-0.570499
-0.478712
-0.255649
0.00638592
-0.870439
0.280961
0.125676
-1.01935
0.924179
0.691066
-0.39768
0.337834
0.417608
0.560889
0.0848088
1.32098
-0.18521
-0.28255
0.993968
0.0169955
-0.647073
0.242049
-0.0867965
0.799235
-0.0578796
0.633118
-1.45441
-0.909155
0.318532
-0.460265
-0.486573
-0.035543
-0.185167
0.55825
0.939554
0.888443
-0.330625
1.49544
0.0695626
0.166027
0.736
-0.260036
-0.708118
-0.736388
-0.0568298
-1.04928
0.282162
-0.573837
1.59383
-0.456107
0.219397
0.858925
0.125154
1.16746
-0.644003
-0.652902
-0.196335
-0.238112
-0.132574
0.252457
0.495814
0.104741
-0.793254
1.16065
1.00266
0.3219
-0.423675
-0.160035
-0.039019
-0.179773
-1.06574
-0.108819
-0.532252
0.258239
0.509047
-0.50831
0.120126
-0.736177
1.25697
-0.0638014
0.315986
1.03312
0.35108
-0.0618583
0.621107
0.212595
0.121733
1.69057
0.127503
-0.0953558
0.219979
-0.387166
0.80074
0.067695
0.854836
-0.275591
-0.585803
0.187616
-0.114467
-0.771305
0.882705
0.188985
-0.0762777
-0.00270226
-0.372083
0.577912
-0.89036
-0.294172
0.980826
-0.177181
-0.6702
0.254895
-0.0712064
0.438979
-0.129718
0.131269
-0.5293
-0.903509
-0.108433
0.633353
-1.35602
0.148587
-0.0381609
-0.720866
0.0394067
-0.725595
0.221197
-0.705596
0.618802
0.386217
-0.27767
0.120125
0.357352
0.0857705
0.580307
0.0673385
0.199459
-0.357603
0.627341
-1.40572
-0.151567
-0.670523
-0.0020977
-0.60124
-0.534936
0.235937
0.16794
-0.540343
-0.00073675
0.0439115
0.300036
0.882111
-0.420379
0.0814075
-0.484809
-0.735444
-0.489264
0.470525
-1.21823
0.298758
0.932603
1.20759
-1.00303
0.458688
0.929389
-0.165506
0.309857
-0.211815
-0.367323
-0.00418252
-0.833187
-1.50069
-0.03792
0.827743
0.120496
0.499971
0.0680673
-0.870321
0.818279
-0.0296893
0.328989
0.303706
-1.18802
-0.260711
0.656534
-2.03562
0.143161
-0.166215
-0.174506
0.703703
0.675875
0.225676
-1.23189
-0.523937
0.458929
0.0530219
0.827663
0.0203735
0.0248069
0.326545
0.102337
0.18499
-0.291014
-0.0552904
-0.137159
-0.252894
0.515318
-0.581225
-0.373432
-0.46478
-0.350305
-0.205594
0.578052
-0.509356
0.615945
-0.216243
0.044136
-0.256384
-0.866783
0.594554
-0.504957
-0.06028
0.329443
0.889274
0.256725
0.393001
-0.941817
-0.137451
-0.261251
-0.427778
-0.0167934
0.293409
-0.688737
0.104244
0.158244
-0.172345
-0.413214
-0.133778
0.633814
0.285455
-0.680992
0.243824
1.09147
1.19878
-1.79059
0.159346
1.13034
-0.483028
-0.715331
-0.023499
0.452612
0.141529
0.562869
0.517239
0.414752
-0.0586675
0.739789
0.38066
0.24182
-0.190902
-1.26591
0.181693
0.91412
-0.132246
-0.249477
0.896091
-0.268054
0.93252
0.897578
-0.211738
0.132054
1.33272
0.44295
-0.63217
0.201398
0.0600886
-0.169539
-0.955852
0.977841
-0.122513
-0.101735
-0.501925
-0.763454
0.197059
0.239709
0.58084
0.106061
0.593961
0.268002
-0.429365
0.856285
-0.212076
-0.45301
-0.159238
0.0190203
0.702885
-0.156135
0.17069
1.03751
0.583752
-0.705592
-0.612256
-0.34197
-0.334794
0.325316
-0.501878
0.131526
-1.02531
0.881793
-0.703913
-0.245305
-0.748539
-0.44279
-0.213311
0.638513
0.627148
-0.0691516
-0.320933
0.0498727
0.338741
-0.337744
1.02962
0.0425864
0.626045
-0.71304
0.293296
-0.901161
-0.568717
1.04586
0.427044
1.01405
-0.101504
0.428593
-0.0860671
1.20541
0.222092
-0.833682
0.278207
0.392331
-0.119775
0.522966
-1.27936
0.585495
-0.383277
-0.00688605
0.00424409
0.939056
0.0784212
0.67127
0.556299
0.114761
-1.25888
0.0664853
-1.06557
-0.132564
0.734721
-0.626696
0.897907
0.352317
0.477413
0.776514
0.531422
-0.144338
-0.0129132
-0.422001
-0.112731
-1.08252
-0.381153
-0.912996
-0.254501
0.225621
0.031548
0.252305
-0.236589
-0.471717
0.0179055
-0.111932
0.450406
-0.409705
0.0989928
0.12694
-0.298233
0.205453
0.296267
0.108506
-1.42162
-0.892902
1.03133
0.0728719
-0.335592
0.669381
0.309179
0.327192
0.664825
0.701294
-0.00483547
-0.475012
0.322084
-1.06679
-0.38157
0.879561
0.0315539
-0.399017
0.171595
0.543388
-0.653618
0.363247
-0.433682
-0.203981
-0.208875
-0.883256
-0.790161
-1.34689
0.46744
0.185998
-1.35224
-2.13287
0.323236
0.209501
0.16545
0.516827
0.494559
-0.204217
-0.230313
-0.877877
0.0272035
0.780768
-0.657714
0.0616114
0.0776043
-0.254512
0.735295
0.0159726
-0.293124
-0.491335
0.00486225
0.547921
0.0223903
0.287447
0.401411
1.0278
-0.615912
0.0891921
-0.186503
-0.117171
0.445589
0.0768127
0.513391
-0.559423
-0.264453
-0.205721
0.341776
-0.836961
0.656254
0.223381
-0.43347
-0.0553568
0.482946
0.110718
-0.583456
-0.813627
-0.455978
0.0133388
0.878991
-0.551552
-1.03569
0.0969789
0.485075
-1.07406
0.403672
0.457684
-0.0406527
0.604476
-0.0901421
0.017105
0.501924
0.114632
0.640483
0.316999
-0.272219
-0.155541
-0.893302
0.0518562
0.377428
-0.838903
-0.00979404
-0.342908
0.710705
0.496424
0.278726
0.4579
0.406181
0.298871
-0.859032
-0.11547
0.326447
-0.124012
0.74023
-0.0761631
-0.60657
0.228229
0.696468
0.662536
-0.62358
-1.15826
0.503516
1.03454
0.0122304
0.73339
-0.105166
0.272051
0.126038
-0.392243
-0.38553
0.0902451
0.634052
0.150303
0.000845491
-0.526953
0.528481
0.300931
0.170257
-0.201405
0.315522
-0.805332
-0.12693
0.0641236
-0.719053
-0.142928
0.537948
0.283232
-0.588616
0.325321
-0.796205
-0.299619
0.506046
0.262022
-0.938966
-0.353188
-0.589131
1.10159
1.36335
0.217954
0.222917
-0.125671
-0.301216
0.663628
0.135166
-0.0816871
-0.44507
-0.877996
-0.0782231
-0.128015
0.192841
0.532359
0.368836
-0.0847892
0.626665
-0.426097
0.597793
0.469019
0.800892
-0.0108164
0.237659
0.249934
-0.674206
0.463907
-0.696202
0.234774
-0.500948
0.337964
-0.0756606
-0.487427
-0.346597
0.208006
0.873277
0.523266
-0.771172
0.0854985
-0.639741
1.00642
0.236652
-0.157143
0.152845
-0.510119
0.0539352
-0.047573
-0.511043
0.0197392
-1.51709
-0.023437
0.183065
0.0262219
0.205889
-0.917328
0.438793
-0.706313
0.210819
0.345989
0.545198
0.0443705
-0.726376
-1.06915
0.486924
0.0697042
-0.705115
-0.68856
0.431498
-0.662707
0.330591
0.13081
0.14324
0.16804
-0.0131426
-0.303457
0.613736
-0.429402
0.505834
1.69095
0.39452
0.386225
0.0436048
-0.0748009
-0.754363
-0.281957
0.385979
0.1634
-0.244725
-0.192243
-0.504071
0.0446847
-0.405923
-0.184632
0.133994
-0.0286505
0.276702
0.308131
0.137177
0.265299
0.708192
-0.0698286
-0.787551
-0.460639
0.19544
0.0300229
0.675266
0.301684
1.11184
-0.349004
-0.378041
1.03734
-0.638586
-0.35122
0.262506
0.310436
1.25291e-05
0.48629
0.337692
0.142149
-0.473053
1.62748
0.460094
0.142698
-1.14669
0.0233384
-0.807402
0.727496
-0.502524
0.305303
-0.125647
0.35747
0.0288388
0.727968
-0.229596
0.702615
-0.303071
-0.161786
-0.924162
0.131621
0.516219
0.00790704
-0.156971
0.00119515
-0.151234
0.715303
-0.293031
-0.214441
0.480335
0.0641146
-0.248747
0.726632
-0.268867
-0.431358
-0.242722
0.427197
0.00130457
0.0865245
-0.109433
0.0386706
0.0718764
-0.547089
0.446049
0.235114
-0.0629221
0.810363
-0.879804
-0.592607
0.373638
-0.368828
-0.872362
0.378054
0.537172
-0.260042
0.523395
0.104971
-0.113188
-0.322278
0.489008
-0.163608
-1.01391
0.36273
-0.479156
-0.585937
-0.0641751
0.256399
0.519969
0.59717
0.340767
-1.11096
0.173532
0.41258
0.821412
0.400926
0.0804135
-0.491088
-0.143614
0.29539
-0.379762
0.510243
-0.0848632
0.389058
-1.15569
-0.363665
-0.686279
0.104356
-0.544121
-0.00130583
0.14406
0.290112
-1.15263
-0.0362047
1.02204
-0.0266329
-0.538089
0.677003
-0.557882
0.781521
0.732238
0.096077
-0.484504
-0.178634
0.476732
-0.0841643
-0.748704
-0.0844869
-0.115737
-0.162104
0.567276
-1.05759
-0.148917
-0.878
0.314971
-0.271002
0.347759
-0.421239
-0.109187
0.458562
-0.190433
-0.0296703
1.03412
0.147872
-0.420852
0.313223
-0.36188
0.827631
-0.0895979
0.0892924
0.252515
0.10007
0.512419
0.86609
0.125964
0.132056
-0.0333949
-0.162393
-0.308833
-0.297532
-0.300636
-0.011427
-1.15847
0.028662
-0.493677
0.132221
0.0757757
0.0947656
1.24034
0.209959
-0.441911
0.758015
-0.472926
0.11436
0.369237
-0.144269
-0.27735
-0.859391
0.374427
1.11774
-1.72822
0.353684
0.353403
-0.102449
-0.141455
-0.0765418
-0.979359
-0.31327
0.211879
-1.1729
-1.07779
-0.375716
1.1829
-0.710514
0.802586
0.719809
-0.246823
-0.246064
-0.504545
-0.926723
0.587159
-0.0737955
-0.0396621
0.182509
-0.0638777
-0.194223
0.474555
0.216852
0.196498
-0.863696
-0.37261
-0.903337
0.651756
-0.574616
0.427374
0.252107
-0.487004
-0.156295
0.842912
0.616117
-0.688849
-0.282109
0.723323
-0.922921
-0.338531
0.863764
0.920324
0.00228471
-0.848871
0.579192
-0.938486
-0.884494
-0.0238258
0.41901
-1.17235
0.807962
0.39405
1.7698
1.08131
0.426648
-0.505188
-0.568686
-0.458135
-0.216044
0.588995
0.776203
0.260296
1.00337
0.944874
0.433667
-0.0897408
0.634069
-0.158517
-1.2007
-0.608236
0.0672497
0.82138
0.292863
-0.655336
0.712295
-0.403905
-0.585253
0.410388
1.45705
-0.652552
-0.188441
-0.487104
0.206263
0.300284
0.110733
0.769647
0.140161
-0.255913
0.180493
-1.22254
0.943375
0.0938406
0.850057
0.889595
-0.0620433
0.944803
-0.18736
0.5277
1.42066
-0.484913
-0.832266
-1.87104
-0.0164399
0.0692387
0.291208
-0.628805
-0.462669
0.324776
-0.135335
0.758961
-0.666498
0.0376246
-0.344998
0.0179549
-0.605936
0.497504
0.357133
-0.00869392
-0.841576
-0.532699
0.454418
0.10234
-0.262488
0.17383
-0.0195724
0.242873
-0.214216
1.12418
-0.948119
-0.438643
0.922658
-0.58812
0.746788
-0.332037
-0.536926
-0.83395
1.35865
-1.48716
-1.21603
0.0563121
0.786923
0.0795952
0.822174
0.0583279
-0.828566
-0.179064
0.412664
0.427315
0.690517
0.264664
-0.125588
-0.0103107
-0.228435
1.09809
-0.390376
1.2207
0.365458
-0.326959
-0.334494
1.05639
0.482411
0.0565225
-0.348658
0.147822
-0.738676
-0.189424
-0.527939
-0.410903
-0.0223577
0.214294
-0.186683
0.477077
-0.285901
0.645268
0.171912
-0.0229766
0.151434
0.363122
0.319765
-0.474646
0.0728588
-0.504156
-0.103897
0.0266819
-0.170486
-0.286526
-0.0129327
0.873893
0.591806
-0.0841587
0.333752
0.0622559
0.794367
0.352791
-0.64536
-0.255898
1.30043
-1.00531
0.544447
0.777652
0.151917
0.902262
-0.605398
-0.216181
0.0735754
-0.0417411
0.0539797
0.750441
-0.80963
0.0522809
-0.633665
0.183531
-0.295954
-0.158569
0.82841
-0.0502883
-0.328585
0.510162
-0.0499013
0.30681
-0.0378495
-0.346598
-0.104746
0.833292
-0.0681266
0.563548
0.0990687
0.606402
0.256807
-0.173505
-0.635658
0.170428
0.272249
-0.232716
-0.595826
-0.579449
0.00804301
0.958338
-0.191187
0.582997
1.02184
0.0575758
0.589071
-0.639462
-0.572068
-0.557892
-0.717915
-0.202153
0.605441
0.475762
-0.346628
0.33512
-0.422517
0.103511
0.272845
0.486737
0.404394
1.09896
0.0461776
-0.436824
-0.074023
-0.0318562
-0.086162
-0.0500313
0.219069
1.2157
-1.31482
0.636797
0.389487
0.077887
0.459682
0.266005
0.779477
0.107449
0.149944
0.786859
-0.51476
0.712869
-0.498369
0.157819
-0.636795
0.0951751
-0.0737191
-0.17231
-0.898004
-0.610515
-0.119124
0.0974297
-0.632501
-1.04278
-0.730392
-0.716545
-0.827798
-0.0908146
-0.0125228
-0.176415
0.730432
-0.500188
0.122953
0.66286
-0.0959141
1.05783
0.771588
-0.376985
0.149263
-0.28148
-0.63891
0.112927
-0.350567
0.335565
0.16934
0.755421
-0.315735
-0.233109
0.369707
0.634504
-1.27372
-0.58145
-0.928234
-0.651717
-0.323586
0.76755
0.044449
0.383316
0.790749
0.635037
-0.729064
-0.00476686
0.235804
-0.199152
0.758284
-0.248483
0.143374
-0.0240254
0.357607
0.609685
0.133834
-0.367168
-0.777216
0.116316
-0.142699
-0.314904
-0.0515898
-0.584495
-0.193853
0.198689
0.974747
0.21109
0.128736
1.21655
-0.0226374
-0.290391
0.620084
0.0152032
-0.511705
0.62808
0.133972
0.995543
1.17278
0.767638
-0.378034
-0.226101
-0.248212
0.101205
0.384338
-0.750841
-0.420564
0.379601
0.226389
1.19929
0.318735
0.19846
-0.236676
-0.662446
0.0852783
0.666825
-1.00872
-0.402607
-0.195463
0.861452
-0.236889
-0.352368
0.399057
-0.869424
0.556223
-0.503977
0.673679
-0.0141446
-0.494927
-0.0674184
0.554003
0.836979
-1.13027
-0.812697
-0.0552209
-0.088788
-0.599717
-0.589869
-1.03811
0.236746
-0.762942
0.0583467
-0.0307879
-0.613096
-0.741223
0.96812
0.701269
0.579231
-0.317385
-0.483124
0.740989
-0.669307
0.000980258
-1.35321
0.430255
-0.436237
0.54251
-0.383127
0.350869
0.664008
-0.828794
-0.643629
0.372159
-0.019068
-1.30565
-0.0764146
0.123202
-0.120588
-0.307038
-0.361472
-0.184577
0.671429
0.112383
-0.0738313
-0.0629247
-0.267248
-0.348717
-0.0228495
-0.0252589
0.759985
0.115494
-0.371476
0.462854
-0.448963
-0.502145
0.035142
0.452399
-0.0954642
0.218197
0.109186
-0.624446
0.288288
0.159144
0.158319
-0.20003
-0.476253
0.821071
-0.725249
-1.32802
-0.18779
1.10553
-0.301818
0.445996
0.419197
0.142241
0.579372
0.553768
-0.106182
0.529586
-0.708456
0.906592
-0.982387
0.99627
-1.27304
0.0609431
0.103529
0.608501
-0.491005
-0.247186
0.704734
0.906134
-0.128628
-0.582297
0.0394332
-1.23907
-0.510578
0.882892
-0.379291
-0.75654
-0.0383447
0.185079
-0.685229
-0.170276
0.206771
-0.201114
-0.581687
-0.390369
-0.372753
0.188152
-0.875262
-0.372333
0.257823
0.3021
-0.101163
0.334359
-1.34512
-0.183141
0.689476
0.824185
-0.726728
0.675251
-0.243989
0.191427
0.294254
-0.95003
-0.141113
-0.340929
-0.725051
-0.0141789
1.16885
0.464284
0.0746363
-0.0525732
0.0128479
0.633253
-0.085085
-0.442852
0.511379
0.177054
0.917141
0.372631
-0.535902
0.480216
-1.20971
-0.0214915
-0.158297
0.368559
0.195169
0.384146
-0.79065
-0.883201
-0.768603
0.00920601
0.0291111
0.175416
0.0861055
0.475127
0.333886
-0.427414
1.29122
-0.411618
0.235983
-0.302826
-0.254309
0.459872
0.059499
-0.333175
-0.422637
-0.422751
1.16836
-0.31508
0.588365
-0.693067
-0.638841
0.336929
-0.149322
-0.19087
-0.299082
-0.445073
1.09698
-0.161799
0.709285
0.22935
0.0984721
0.261713
0.638891
-1.01733
-0.437049
0.0132507
0.528728
-1.38936
0.0482611
-0.413073
-0.459295
-0.966343
0.255395
-0.167259
0.198737
-0.645707
0.105411
0.686693
0.433203
0.230077
0.30767
1.31351
-0.0873058
-0.104483
-0.0550688
0.26379
0.554968
0.0867572
-0.752122
0.678346
0.779447
0.173415
0.254717
-0.476315
-1.44821
0.902307
-0.534746
-0.482486
-0.760303
0.412569
-0.147654
-0.630706
-0.436756
-0.112778
1.20853
-0.935771
0.527069
-0.615049
0.41089
-0.300675
-0.152135
0.0998323
-0.37619
1.77488
0.00744677
0.020314
0.0547589
-0.235819
1.21167
0.255851
-0.3749
0.378781
0.990189
-0.0642027
0.281838
-1.03374
0.184778
-0.261252
-0.690019
-0.594582
0.225452
-0.227627
0.155678
0.511002
0.0599674
0.503916
0.494901
-0.538949
-0.981501
0.196188
-0.128631
-0.433801
-1.2716
0.760671
0.0260054
-0.439538
0.126561
0.128888
-0.0886598
-0.613755
-0.0904946
0.532644
0.421218
-0.999367
0.807934
-1.32099
0.842587
-0.802509
-0.448307
-0.431534
-0.00178648
-0.327935
0.54599
-0.840177
-0.599947
0.110634
1.52235
0.20633
0.602078
-0.813189
-0.492059
-0.0872749
-0.58182
-1.15859
-0.438903
1.1999
-0.244475
-1.04044
-0.115901
-0.373781
0.743124
0.125348
0.418817
0.407644
0.59683
0.271572
0.653829
-0.709544
-0.185779
-0.628676
-0.108781
0.470296
0.0701262
0.29745
0.428451
-0.429082
0.412308
-0.201708
0.239166
0.123809
0.292928
0.487128
0.10983
0.335689
0.898768
-0.364571
-1.42108
-0.019863
1.01593
-0.193316
-1.35753
-0.7113
0.856029
-0.677304
1.06374
0.916003
-0.0586323
0.346416
0.261138
-0.275466
-0.435615
-0.450435
0.388111
0.462842
0.116895
-0.96832
0.32598
-1.1837
0.888311
-0.240221
-0.306827
-0.134663
0.958727
0.156483
0.900358
-0.704685
0.938218
-0.244352
0.24181
-0.218895
-0.396223
0.609698
-0.317914
-0.0764049
-1.13366
0.0508792
0.721933
0.0716051
1.02998
-0.347377
-0.66166
-0.117181
-0.988387
-0.359928
0.641597
0.127787
-0.0152104
0.227199
0.578686
-0.493376
1.08223
-0.565402
-0.212135
0.408215
0.22006
-0.160387
0.407617
-0.616655
-0.967515
-0.894377
-0.736779
0.429219
0.354794
1.58081
0.787252
-0.677403
0.933971
-0.271698
-0.701962
0.0666905
-0.484449
0.993192
-0.110422
0.725842
-0.0888042
-0.286015
-0.942461
-0.291479
0.0166598
-0.807228
0.811277
1.03885
0.529694
0.0917637
-1.42801
0.529994
0.0922701
1.07568
0.43248
0.101891
0.0952097
0.201624
-0.0303998
-0.214779
0.380972
-0.558289
-0.263493
-0.760844
0.220571
0.322823
-0.108462
-0.0950459
-0.283234
-0.199658
0.436842
0.0326734
-0.169577
0.506033
1.04846
0.121276
-0.214353
-0.271577
0.394655
0.446944
-0.253415
-0.276382
-0.20155
-0.193831
0.481023
0.097801
-1.1045
-0.658715
0.236764
-0.799809
0.005387
-0.100662
0.671179
0.207568
0.267707
-0.00458283
0.258221
0.603142
-0.975918
-0.303324
-0.477583
0.70912
-0.408341
-0.962359
-0.586314
0.178211
-0.830701
-0.0546447
-0.580712
-0.718344
0.216402
-0.699428
0.383126
0.528545
0.00944576
0.567854
0.061923
0.249101
0.27169
-0.638546
-0.0674627
-0.597038
-0.578304
0.283097
-0.134576
1.01422
-0.504565
-0.236824
-0.663826
0.116233
-0.571476
-0.485292
0.593062
-0.0455364
-0.207298
0.335189
-0.0245192
0.410314
0.0382711
-0.636658
0.422237
-0.367144
-0.761996
-0.0977106
0.699141
0.998694
0.334778
0.17923
-0.999358
1.44326
0.0627808
-0.160456
-0.256366
0.107484
-0.41103
0.0356494
0.036773
0.589859
-0.118208
0.0370787
-0.0909561
0.349236
-0.367272
0.123054
0.166698
-0.639097
-0.158582
-0.610071
0.208634
-0.457174
0.808908
-0.370695
-0.908558
-0.211469
0.206141
0.308669
-0.825784
-0.441632
-0.0688861
-0.339149
-0.824457
-0.0927645
-0.33291
-0.0971297
-0.277184
-0.736212
-0.484767
-0.627542
0.00053715
0.775658
0.51478
0.329767
0.0506691
0.388265
0.530533
-0.0356512
-0.501804
0.611274
-0.511544
0.178439
0.150212
0.301189
-0.085274
0.182734
0.131359
0.801078
0.893335
-0.0863069
0.0402593
-0.329196
-0.619708
-0.421778
-0.218522
0.450502
-1.07403
0.90921
0.718647
-0.24687
-0.416921
0.398932
-0.159462
0.214729
-1.39573
-0.339226
-0.379289
0.480763
-0.231116
-0.223461
-0.586257
0.198132
-0.609774
0.135313
-0.174294
0.7756
-1.19608
0.719718
-0.294617
-0.024686
0.49407
-0.0871589
-0.146856
0.291914
0.321246
-0.873748
-0.553014
-0.651045
1.13364
-0.0358348
0.43141
-0.140615
0.129791
-0.790593
-1.01163
0.395221
0.493502
-0.193877
-0.427156
0.00485842
-0.373652
-0.319747
-0.331219
-0.38392
0.130681
-0.119346
-0.0361611
-0.620691
1.10107
0.767374
-0.358108
0.402798
-0.574862
0.405686
-0.454463
0.324527
-0.533529
-0.87566
0.28355
0.469113
0.00954191
0.00679977
0.0423693
0.212062
0.033414
-0.255577
-0.551077
-0.218033
-0.286556
-0.633782
0.0009268
0.251771
0.452531
-0.580419
-0.0598062
0.816928
-0.230027
0.0630483
-0.605504
-0.0570142
0.325262
-0.368942
-0.100125
0.0459005
-0.696762
-0.336901
-0.203789
-0.404391
-1.0099
0.446767
-0.408816
0.172315
-0.109485
0.471438
-0.353064
-0.117495
-0.344051
0.172263
-0.530856
-0.27556
-0.574346
-0.280495
0.0726379
0.0488745
-0.82426
-0.363758
0.136372
-0.158344
-0.0509695
0.913605
-0.754264
-0.291637
0.0599283
-0.541997
0.131294
-0.763103
-0.683754
-0.295397
0.659318
-0.435646
0.114728
0.709901
0.963705
-0.39432
-0.32983
1.16191
0.0030605
-0.535033
0.953607
-0.15311
0.105401
0.551866
-0.598243
0.400233
1.4085
-1.21512
0.31423
-0.379584
-0.0734143
0.354743
0.474798
0.850503
-0.465604
0.348745
0.611801
1.07917
-0.254315
-0.517029
-0.0363885
-0.662813
0.568833
-1.05837
0.738909
0.204002
0.102204
-0.608145
-0.00682937
0.0488492
0.75414
0.721095
-0.530535
-0.00911112
0.114026
-0.0659929
-0.00137476
0.599848
1.11275
0.691022
0.517932
-0.277298
-1.45473
-0.0109142
0.326332
-0.389463
0.472414
-0.3487
0.260898
0.335742
-0.434471
0.0473901
-0.621923
-0.370154
0.365172
0.335455
0.159896
-0.263143
0.0818139
0.407889
-0.338653
-0.345461
0.730541
1.23515
-0.454979
0.329658
0.29732
0.419107
0.986622
0.312138
0.718782
0.316
-0.280908
0.749941
1.28658
-0.38775
-0.488162
0.0870969
-0.945684
0.667598
-0.379537
-0.977598
0.285271
0.930108
0.287779
0.255791
-0.285074
0.0274286
-0.573097
-0.0985968
-1.03968
-0.113232
0.908736
0.453481
0.546066
-0.137288
-0.357167
1.15182
0.504045
-0.367166
-1.08445
0.660436
0.627278
-1.125
0.169728
-0.153591
0.672936
-0.0274989
0.296003
-0.692918
-0.711503
-0.459417
-0.394469
0.0626874
-0.253596
-0.385286
-0.574284
0.553719
-0.107766
0.521853
-0.422224
1.03739
-0.537933
-0.0557147
0.208924
0.0325101
0.174495
0.0817049
-0.393215
-0.724093
-0.821813
-0.58935
-0.104613
-0.955845
0.123169
-0.497722
-0.347181
-0.577186
0.293451
-0.482663
-0.685335
0.292232
-1.39094
-0.180776
-1.45819
0.1085
0.356601
0.364967
0.167808
0.881801
-0.912872
0.445846
0.71449
0.965927
-0.288724
-0.625989
1.14082
0.505609
1.33692
0.534343
0.568462
-0.63991
-0.361647
-0.427125
0.778836
-0.0376068
-0.209312
0.662129
-0.661649
0.540087
1.08371
0.613306
-0.454296
-0.0667976
-0.648349
-0.503152
0.241155
-0.302386
1.34416
-0.125892
-0.190277
0.252859
0.224833
-0.198253
-0.665868
0.419975
0.0636789
0.554507
-0.551419
0.584404
-1.04662
0.268641
-1.03909
-0.49735
-0.546874
0.582299
0.678436
0.0466282
0.200294
0.392697
0.524932
1.2229
-0.219767
0.338932
-0.198675
0.581862
0.263255
-0.128101
0.388967
0.225056
-1.48097
0.240327
0.335195
0.218497
0.468895
-0.117786
0.31565
-0.520757
0.543586
1.12776
0.377517
0.0606888
0.288008
-0.166467
-0.508382
0.652651
-0.380544
-0.0193378
0.208115
-0.187962
0.0978744
0.914149
1.0965
-1.04244
0.902419
0.370526
-0.182183
-0.446814
0.6477
-0.699067
-0.151062
-0.032294
-0.634321
-1.09863
-0.782797
-0.678123
-0.492943
-0.810592
-0.0176269
0.123395
-0.415969
0.296504
0.727697
0.408006
0.622429
0.537433
-0.106917
0.059385
-0.295256
0.0560002
0.653796
1.35357
0.517099
-0.102804
-1.49465
-0.953357
0.00665605
-0.0719928
-0.739756
0.00461598
0.192873
0.115162
-0.408297
0.197391
0.22152
0.96619
0.300109
1.26792
-0.644558
-0.00272416
-0.103187
0.147329
0.72765
-0.13013
-0.941172
-0.525634
-0.703986
0.129086
-0.535636
0.94137
-0.523581
0.0368557
-0.717043
-0.0161587
0.044903
0.748113
0.298363
-0.41314
0.646045
0.122919
-0.946102
0.057459
0.070936
-0.314541
-0.164297
-0.391904
-0.310982
-0.258351
1.10959
1.05711
-0.644461
-0.248595
0.836853
0.213176
-0.491387
0.518869
0.0884077
0.468281
-0.303123
-0.44471
0.9351
-0.679843
-0.128776
-0.126163
-0.33575
-0.26908
-0.66308
0.0856036
0.120765
-0.766832
-0.241187
-0.487575
0.308639
-0.612041
-0.127092
-0.865416
0.0812879
-0.430542
0.13849
-0.645712
-0.155706
0.933579
-0.473301
0.0800458
-0.536827
-0.23163
-0.0117785
0.421068
0.857907
-0.4558
-0.146753
0.162831
0.415594
0.523557
1.04218
-0.0913469
0.424027
0.922528
-0.157642
0.147432
-0.828953
0.589832
-1.28928
0.00743948
-1.25635
-0.771503
0.196163
-0.160673
-0.541473
-0.477129
-0.619435
-0.988554
-0.0539298
0.255174
-0.27744
-0.49222
-0.817152
0.174486
-0.446339
-0.420962
-0.337453
0.636199
-0.726934
0.0280438
-0.215719
-0.911489
-0.87147
0.456588
0.023555
-0.248277
0.312745
-0.205712
0.865818
0.573618
0.220427
-0.459257
-0.0901515
0.552723
-0.0102403
-0.360204
0.145584
0.901021
-0.271667
0.83814
-0.793294
-0.38636
-0.226256
0.657731
0.442434
-0.378065
0.788393
0.413364
0.337099
0.256958
0.4234
0.152172
-1.03565
-0.471604
0.534576
-0.404657
1.17349
0.127885
0.370216
-1.06952
0.904872
1.55433
-0.105663
-0.232673
0.220268
0.208579
-0.411154
-0.0246216
-0.990252
-0.0111526
-0.218716
0.622849
0.507216
-0.194574
0.373048
1.26885
0.185467
-0.224085
-0.722887
0.26007
-0.440526
-0.0787382
0.0760909
0.0181435
-0.168302
0.505724
-0.297107
-0.253264
0.430161
0.016252
-0.396568
0.533552
-0.0347139
0.738232
-0.253578
0.155084
0.201554
0.0664924
-0.197293
-0.522305
-0.39644
-0.067987
1.04534
0.236265
0.189224
0.0343922
-1.80295
-0.358768
1.30043
0.863497
-0.62259
0.606128
0.478656
0.162776
0.752084
0.154137
-0.344975
0.118855
0.0916697
-0.298928
0.10836
-0.900465
0.0933781
-0.491553
-0.1029
0.158324
0.819064
-0.36074
-0.600142
0.212372
0.499567
0.28213
0.130962
-0.106658
0.419639
0.0183494
0.206054
-0.383023
-0.942572
-0.437707
0.398165
-0.385427
0.218229
0.356779
-0.406578
-1.13586
-0.313049
0.233185
-0.195942
0.0398989
-1.46894
0.670102
-1.14214
0.414452
1.59927
-0.919245
0.250315
1.05296
0.206175
0.11511
-0.534685
0.828689
0.935707
0.0726081
-0.351627
0.723966
0.379414
0.705982
-0.771685
0.667703
0.667661
0.174229
-0.073657
-1.23082
-0.144287
-0.252226
0.297933
-0.122649
-0.669957
0.418633
-0.56656
0.959036
0.81117
0.163005
-0.113265
-0.782619
1.23317
0.0885318
0.358353
-0.0810635
-0.439537
0.782353
-0.864595
1.15145
0.702691
0.376388
-0.483852
-0.964617
-0.352086
0.301174
0.241344
-0.633029
0.254795
-0.385718
0.65524
0.783149
-0.127553
0.0973969
-0.391511
-0.290834
0.751063
0.0986177
-0.547345
-0.292416
-0.200231
0.156641
-0.756509
0.148796
-0.143923
0.447988
0.516105
0.013851
-0.825136
-0.220493
0.214117
0.0962251
-0.0723517
0.395408
0.682672
-0.134808
-0.000275458
0.650014
0.866608
0.544919
-0.587209
-0.145266
0.850443
-0.181363
0.271281
-0.112829
0.340614
0.186218
0.73597
0.288855
0.912944
-0.725105
0.195134
0.962108
-0.380949
0.560195
1.25286
-0.113611
1.61023
0.207528
0.792132
-0.568031
0.768906
-0.481292
0.646511
1.26564
1.51559
0.25941
-0.4156
-0.183245
-0.0469842
-0.204843
0.325376
-0.119328
0.587639
0.209803
0.745115
0.309223
0.382084
0.0911814
-1.18714
-0.545976
0.447256
0.0208431
-0.682331
0.417542
-0.713006
0.813994
-0.173171
-0.108143
0.274517
-0.0279753
-0.0295808
-0.855867
0.120311
-0.190731
0.464141
0.263148
-1.01185
0.157326
0.131557
0.122921
0.536716
0.860979
-0.2962
-0.239512
-0.567925
-0.864
-0.257194
0.879452
-0.57387
-1.32262
0.352927
0.133687
-0.09848
-0.293895
0.298167
-0.149535
-1.25313
-0.478718
-0.653754
-0.700346
0.355351
0.63331
0.889487
-0.908298
-1.09982
-0.557347
0.198993
-0.978914
-0.543967
-0.142532
0.81004
-0.287873
-0.660552
-0.365428
-0.873842
-0.329972
0.975675
-0.376431
-0.0373253
-0.216755
-0.290776
-0.379043
-0.764567
-0.228815
0.47015
0.216797
0.398622
1.34358
-0.564549
0.507373
0.204093
-0.409291
0.205371
0.613632
-0.0392299
0.633079
-0.535088
0.158934
0.343127
-0.932074
0.974292
0.705511
0.37118
0.817108
0.80797
-0.38568
0.134187
0.622217
-0.63947
-0.697725
-1.31414
1.05862
0.13603
-0.0264795
-0.359284
1.39292
-0.0582463
0.00513187
0.318591
-0.202469
-0.327547
0.287906
0.301649
-0.327725
0.0102147
-0.315251
0.0300445
-0.255643
0.353109
-0.219761
-0.056688
0.0452646
0.173816
0.54611
-0.464021
0.0865699
-0.2944
0.764741
0.589898
-0.770691
-0.060909
-0.027897
-0.416622
0.0365108
-0.375093
0.139641
0.242453
-0.572819
0.068465
0.738267
0.476124
0.306043
-0.774992
-0.30724
0.344258
0.479347
-0.582702
0.135279
-0.380736
0.000212512
-0.088893
0.489181
-0.0923743
1.2316
0.942813
0.0343814
-0.26316
0.738732
-0.275744
-0.41141
0.084541
-0.00712993
0.0599072
-0.120854
0.41881
0.30948
-0.582359
0.168034
-0.6127
-0.261779
0.530177
0.213355
0.451136
0.0574275
-0.38553
0.225243
0.152399
-0.233958
0.462366
-0.33822
0.778898
0.706154
0.57511
-0.244203
-0.535319
-0.103447
-0.38077
-1.17386
0.572649
-0.669585
0.61584
-0.398879
0.0893602
-0.761864
-0.358323
0.954378
0.384302
0.632643
0.43328
0.939793
-0.470529
-0.0461191
-0.250888
0.148678
1.39183
-0.0728875
-0.637364
0.549995
-0.550877
0.143237
0.891015
0.515437
0.0810929
-0.809559
0.632615
-0.280194
-0.181727
0.893687
0.132848
-0.659588
-1.24324
-0.171157
0.180919
-0.0139254
-0.18335
-0.15679
0.503215
0.501778
0.0195576
0.217257
0.541369
0.509614
-0.239885
-0.989061
-0.531566
-0.186359
-0.810165
-0.485128
0.421869
-0.122881
-0.252327
-0.422721
0.115352
-0.0676666
0.101937
-0.402578
-0.154536
-0.448834
-0.884513
0.763981
-0.241978
0.13209
0.536616
0.470401
0.394765
-0.153308
-0.182327
-0.322475
-0.63758
-0.602469
-0.00564132
0.774763
0.279445
0.102387
0.470963
0.276586
0.3105
-0.10748
0.303457
-0.0325431
-0.0540309
0.0315872
0.0712217
-0.189328
0.456554
-0.040108
-0.138342
0.458885
0.934437
-0.356561
0.0994486
-0.0576484
0.177563
-0.357156
-0.250978
0.248727
0.694512
-0.506309
1.15819
0.363851
1.02501
0.678107
0.020256
0.634567
0.127965
-0.542352
-0.377909
-0.75208
-0.50334
1.01365
-0.234865
0.075761
-0.33541
0.107962
-1.05886
-0.89704
0.604475
0.0631774
-0.2283
0.642932
-0.883554
0.0919104
0.0644749
-0.258078
-1.0778
-0.35244
0.810354
-0.491376
0.414329
-0.594039
0.182993
-0.415874
-0.496302
0.466075
0.248834
-0.47082
0.876915
0.157243
-0.39458
0.466163
0.253602
0.544637
-0.683431
0.170673
-0.344226
-0.291281
-0.105632
0.431397
-0.844386
-0.409193
-0.705029
0.00691029
-0.504869
0.0587578
0.582298
-0.102698
-0.576641
0.938833
-0.470035
0.00734069
-0.124194
-0.0317428
-0.731981
0.423971
0.185396
-0.581401
-0.186142
-0.0524639
-0.462967
-0.195069
0.909149
-0.318652
0.0477653
0.527594
-0.548061
1.07353
-0.661785
-0.241755
-0.292436
0.172793
-0.729614
0.454267
-0.913809
-0.563583
-0.0651577
0.323043
-0.506306
-1.3
0.378877
-0.297529
0.0793095
-0.32008
0.248479
-0.559951
0.845338
-0.364344
0.681271
0.194466
-0.845193
-0.301099
-0.246481
0.685859
-0.317196
-0.448933
0.694312
-0.775332
-0.0265672
0.0296514
-0.00304218
-0.128735
-0.0846641
0.0848579
0.990122
1.28232
-0.21707
-0.294103
0.60767
-0.00593208
0.995382
-0.467284
-1.15589
0.673892
-0.157433
-0.245439
-0.395089
-0.494037
-0.249868
-0.0510137
0.372946
-0.0323535
-0.064566
-0.586276
0.967688
-0.243435
-0.381067
-0.569653
-0.292168
-1.3226
0.181701
-0.184172
0.519389
-0.564715
0.204419
1.26518
-0.478355
-0.0769138
-1.28914
-0.264899
-0.0183257
-0.201459
1.24669
0.458783
-1.30144
-0.659457
-0.0415523
1.00401
0.747173
0.248394
0.137418
0.400316
0.361691
0.331068
1.16339
0.391109
-0.246391
-0.113852
-1.42868
-0.737409
0.523408
-0.264914
-0.215967
0.490693
-0.179213
-0.79027
-0.411281
-0.440547
-0.323915
-0.0951334
-0.398447
-0.284364
-0.141055
-0.505444
-0.435168
-1.11078
0.870603
-0.196108
-0.620114
-1.11437
-0.156558
1.33482
-0.504005
-0.106824
0.272407
-0.450507
0.365037
0.203758
1.40655
-0.101447
-0.496405
-0.828539
0.330947
0.932483
-0.111909
0.157027
-0.304672
-0.566744
-0.553672
-0.0479565
0.231572
-0.345745
-0.0305133
-0.354954
0.0927104
-0.941517
0.0149768
0.0879634
0.261002
-0.347536
-0.232341
-0.316529
0.65596
0.00594996
-0.0522507
1.19091
-0.651706
-0.139399
-0.67924
0.101155
0.514409
0.357508
0.0501381
-0.611324
-0.537227
0.636295
-1.14741
-0.880931
-0.0176732
0.541446
0.842428
-0.439244
-0.479421
-0.0392099
0.901492
0.196359
0.138693
0.797113
-0.660754
0.68643
-1.13668
-0.0876775
-0.65467
0.263736
0.205126
-1.39985
0.324513
-0.205898
0.592823
-0.752331
0.0150964
0.00557787
-0.712179
-0.0737024
-0.215858
0.0379304
-0.33342
-0.195521
0.253922
-0.156678
-0.299413
0.261179
0.519241
-0.526238
0.611621
0.967693
-0.268771
-0.796992
0.28083
0.636918
0.665601
-0.143644
0.0115776
0.240985
0.0777157
-0.106837
0.271296
-0.92177
0.412838
0.488908
0.204872
-0.280362
0.493829
0.170099
-0.657951
-0.192027
0.493502
0.28861
-0.890203
-0.387501
-0.936891
-0.609915
-0.564401
0.135052
-0.555191
0.439809
0.366653
0.568507
0.048374
0.0698714
0.109129
-0.243713
0.233714
-0.395589
0.346835
-1.10496
0.000742437
0.0199023
-1.18013
-0.185705
1.35453
-0.509543
0.849794
-0.964162
0.014095
0.648265
0.496095
0.0551032
0.33304
0.282017
0.629032
-0.142492
0.217248
-0.646686
-0.355199
-0.631794
-1.0172
0.289135
-0.519555
0.0687103
0.181392
0.0525426
-0.373256
0.168097
1.06173
-0.24178
-0.361202
0.0410944
-0.593371
0.459092
0.74032
0.345186
0.0321922
-0.552852
0.586261
-0.0827825
0.0787545
0.0210726
0.0154273
0.893244
-0.305269
0.212141
-0.534523
0.483901
0.728737
-1.43049
0.230393
0.192546
-0.0861432
-0.0867524
0.20318
-0.0463458
0.79158
0.530508
-0.1208
0.391983
0.0914985
0.864492
-0.219727
-0.167926
-1.2029
0.790042
0.267213
-0.4519
0.204907
0.25364
0.698762
-0.106623
-0.540042
0.224738
0.748761
0.332614
1.33453
0.00998909
0.809552
0.339156
-0.0448731
0.517947
-0.272947
-0.437358
-1.43992
1.25922
0.290792
0.704992
-0.332527
-0.771023
-0.257419
0.513864
0.116967
-0.476577
-0.365197
0.258623
-0.2907
-0.163577
-0.884315
-0.664712
-0.608375
-0.376511
-0.0603428
0.393552
0.0727824
0.158594
-1.25587
-0.0170408
-0.7577
0.0522888
0.233358
-0.884698
-0.142138
0.0536756
0.539114
0.437735
-0.677792
-0.27421
0.0488404
0.216961
0.178133
0.101589
0.142546
-0.658117
-0.210858
0.521603
-0.357272
-1.10823
0.275877
-0.651732
0.0319505
-0.127968
0.35788
-0.225999
-0.446646
0.532106
0.264413
0.0101723
-0.0188942
0.0694059
-0.0745556
0.0828969
0.178948
-0.0468386
-1.75943
0.237351
0.118863
0.476934
0.159239
0.127979
-0.185828
0.00455387
-0.137179
-1.27764
0.671282
0.398837
-0.360975
-0.914472
-1.18855
-0.778725
0.914116
-1.29228
0.784352
-0.293851
-0.294861
0.27999
-0.123487
-0.465264
1.03276
0.61939
-1.34412
-0.518741
0.0471092
0.170413
-0.862463
0.0291824
0.576267
0.0664289
1.29381
-0.280314
-0.00168133
0.177906
-0.129304
-0.57006
-0.691012
-0.0754097
0.136184
-0.0556037
0.383122
-0.140146
0.630464
0.433572
-0.958658
0.300753
-0.163895
0.299305
-0.387665
-0.310483
-0.0831258
-0.569491
0.126392
-0.0556563
0.185223
0.361858
-0.557271
-0.746423
0.373226
0.521397
-0.134325
0.848298
0.377866
-0.287163
-0.012413
0.00540648
0.0509845
0.188522
0.168025
-0.135998
1.24036
-0.675394
-0.828453
0.841374
-0.396355
0.30411
0.415112
0.503077
0.102646
-0.210176
-0.591078
0.990773
0.955014
-0.376066
-0.14554
0.0439524
0.323279
-0.583196
-0.731131
0.132654
-0.17358
0.26022
-0.862261
0.0262768
-0.404747
-0.293712
0.268122
0.55249
0.187746
0.323416
-0.54178
-0.146227
-0.449316
-0.243717
-0.0549225
0.666971
-0.305029
-0.218078
0.557263
-0.474881
0.216459
0.0794427
-0.0306742
-0.426383
-0.331037
-0.931904
0.237891
-0.400615
0.153634
-0.288697
-0.729148
-0.129506
0.0726627
0.375662
-0.128913
-0.421121
0.0842446
0.766468
-0.166332
-0.273979
1.01058
1.06123
0.422676
-0.660904
0.732318
-1.09662
1.4975
-0.800798
-0.707746
-0.218301
0.971657
-0.1764
-0.498729
-0.697033
-0.0476379
-0.842019
0.164864
0.125216
1.03402
-0.331137
-0.396395
0.194256
-0.0390237
-0.618081
0.0137254
-0.686026
0.356416
-0.64851
-0.25555
-0.12631
0.27796
0.154918
-0.804473
-0.189137
-1.00228
-0.401038
0.449945
-1.24281
0.332208
0.584444
-1.3686
0.504822
-0.909664
-0.646971
0.300522
0.556176
-0.273446
-1.21052
-0.573222
0.128959
0.352611
-0.187865
0.184199
1.05207
-0.643506
1.31164
-0.968348
-0.178622
0.323053
-0.486451
0.522422
-0.274761
-0.373543
0.0884198
0.181117
-0.762649
-0.502833
0.00258235
0.0248642
-0.385442
-0.167763
0.0358784
0.300305
0.264934
-0.317951
0.946087
-0.124441
0.220728
-0.517979
-0.158652
0.0413838
-1.0068
-0.157701
-0.943419
-0.337229
0.284159
0.822196
-0.324207
0.110722
-0.732602
-0.448882
0.365124
-0.377092
0.00101875
1.19993
-0.612667
-0.195097
-0.02374
-0.0741988
0.477833
0.171425
1.05814
0.449779
-0.921614
0.744484
-0.0989858
0.241432
-0.159947
-0.81061
0.42311
-0.216535
-0.202997
-0.265091
-0.924643
-0.514457
0.803687
0.112048
0.654754
0.744649
-0.312487
-0.310577
-0.056109
0.547399
0.703888
0.0311838
0.286949
-0.263622
-0.0851518
-0.255224
0.93332
0.360386
0.600303
-0.659714
-0.514607
0.0131764
-0.60055
-0.286649
-0.321996
-0.116929
-0.230619
0.990174
-0.301395
-0.133434
-0.480116
0.616877
-0.119421
0.710341
0.000989347
-0.478976
0.0617219
-0.0911414
1.12171
0.0557416
-0.203601
0.0353617
0.0678446
-0.963271
0.178017
-0.293962
-0.396515
0.604101
0.465844
-0.108251
0.0282585
-0.0298384
0.163811
0.396916
-0.311338
-0.491562
1.0572
-0.695614
-0.0293074
-0.263024
0.149143
-0.613592
0.105959
-0.306994
0.0644617
-0.188169
0.0343661
0.106068
0.754098
-0.229315
-0.277392
-0.477296
-1.02268
-1.19052
0.622867
1.23276
0.0238691
0.694029
0.786486
-1.14058
-0.79959
0.18531
0.598722
-0.0406219
0.39887
-0.633395
-0.891154
0.343255
-0.614445
0.0825131
0.222137
0.311993
0.0370722
-0.70442
0.0107109
1.21692
-0.132924
-0.445023
0.0372339
0.361087
0.0114875
0.28961
0.24385
-0.142323
-0.0467544
0.0998725
-0.283459
-0.474102
0.056443
-0.553407
0.678674
1.20464
0.325165
0.0664901
0.00545079
0.372073
0.063903
0.215212
-0.501127
-0.649792
-0.146484
-1.23632
-0.336401
0.0340585
0.00860126
0.634155
0.227807
0.177283
-0.0689595
-0.0968322
-0.591664
0.507265
-0.317896
-1.04834
-0.244094
0.837946
0.589487
-0.558918
0.0514468
-0.894365
-0.532046
-0.423729
0.278542
-0.264347
-0.202455
0.0487238
0.152536
-0.0507669
-0.398704
0.28442
0.198507
-0.0991171
0.412219
-0.406033
-0.204573
0.0481339
0.513366
0.129232
-0.239617
0.274349
-0.413226
-0.311098
0.11181
-0.922254
-0.666895
0.265668
-0.868092
0.973269
-0.292643
-0.453693
-0.371125
0.623969
-0.051143
-0.596026
0.201126
0.269466
0.255061
0.128413
-0.011631
0.558569
0.206148
0.657294
0.748724
-1.1568
-0.788458
0.996466
-0.178283
0.12291
-0.71026
0.315051
0.727191
-0.98482
-0.315906
0.420033
0.205177
-0.296064
-0.545352
0.0942149
-0.536891
0.329304
0.416564
0.629738
-0.616303
0.0185492
-0.351842
0.78905
-0.0798577
-0.593236
0.23917
-0.137615
0.223833
0.629689
0.460569
-0.504219
-0.640473
-0.772648
0.699134
0.805562
-0.659846
-0.357527
0.281795
-0.148523
-0.119983
-0.191577
-0.44371
-0.603711
0.408118
-0.501015
0.480808
-0.757622
-0.465228
0.497393
1.18648
0.0130786
0.541542
0.198591
-0.685935
-0.219039
-0.744229
0.728488
-0.736707
-0.391885
0.590728
-0.760039
0.329112
-0.822029
-0.429987
-0.304772
0.0367361
0.221549
-0.0247479
0.638275
-0.0832473
-0.0538276
0.833559
-0.166247
1.11242
0.912013
0.165091
0.0443244
0.12751
0.740654
0.43493
-0.464599
0.083689
0.495847
-0.715588
0.225286
0.359013
0.101084
0.681338
0.187159
-0.490292
0.472477
-0.698863
-0.69924
0.272533
-0.443201
-0.15499
0.255923
0.525384
-0.0569569
-0.197214
-0.614597
-0.587071
0.548997
-0.00634928
0.137251
0.536194
-0.47123
0.0756951
1.46076
0.0562903
-0.593707
0.345034
0.330519
0.0264839
-0.444476
-0.432159
0.562637
-0.363174
0.614931
0.0780985
0.200957
0.281756
-0.393422
-0.548125
0.216889
0.519379
0.657181
0.785438
0.432604
0.811147
-0.703272
-1.06182
0.432987
-0.645028
0.5976
-0.763634
0.193389
-0.260551
-0.176549
-0.410531
-0.0208333
0.688667
0.211797
0.362239
-0.158102
-0.945386
0.765212
0.165575
-0.415978
0.475216
0.221002
0.305415
0.525757
0.377402
-0.028649
0.304285
-0.301442
0.0980026
-0.194788
0.14576
-0.162047
0.723971
-0.00567796
-0.668561
0.0919263
1.2466
0.630409
-0.588613
-0.275899
-0.400062
-0.776924
-0.433592
0.115972
-0.47647
0.36867
0.10959
-1.20524
1.04059
0.344796
0.0636781
0.687187
-0.869752
-0.97897
0.950649
0.595819
0.765337
-0.662759
-0.162556
-0.676659
0.131167
-0.056936
0.125043
0.0319404
-0.970591
-0.126324
1.09042
-0.672705
-0.016676
0.00339919
0.383868
0.626512
0.329881
-1.17806
0.817714
0.20376
-0.221542
0.0382421
-0.684799
0.474929
-0.945247
-0.521142
0.366644
-0.0947927
0.180276
0.0967212
-0.385518
-0.606999
-0.0287286
0.226376
0.595375
0.357471
0.00618215
0.960911
1.13996
-1.31891
-0.0520142
0.050438
-0.776553
-0.0890076
1.11139
-0.840466
0.357093
0.11336
0.0970328
0.745067
0.779394
-0.0431482
0.668014
-0.134299
0.123275
0.798042
0.427666
-1.02025
-0.17422
-0.274945
-0.508805
0.393149
1.39144
1.4854
-0.412491
-0.351324
0.282635
-0.111245
-0.358651
0.495991
0.487616
0.486952
-0.107785
0.34407
-0.142367
0.860264
0.305717
0.223582
1.10149
0.104397
-0.430615
-0.184294
-0.169608
0.0211219
-0.0872115
-0.00889069
-0.68901
-0.244432
-0.18408
-0.284143
-0.596946
0.27869
-0.182612
0.371506
-0.352378
-0.690814
0.0429121
-0.125711
-0.0481484
0.214462
-0.368169
0.876549
0.419548
0.389764
0.200478
-0.629037
-1.08573
-0.0554129
0.22678
-0.371176
0.64934
0.546733
0.273564
-0.447179
-0.559475
0.249253
0.463048
-0.788729
-0.0325499
0.196738
0.212916
0.533064
-0.164555
0.433663
0.607891
0.0687874
-0.440083
0.37939
-0.357544
1.4746
-0.469991
0.31893
-0.071592
-0.394356
-0.595567
0.362695
0.898974
-0.447478
-0.794548
0.69794
-0.684568
-0.618982
-0.217053
-0.873743
0.540437
0.239538
-0.139666
0.505465
0.898778
0.800856
0.345747
0.103994
0.584296
0.651046
0.216892
-0.0168141
-0.758753
-0.206707
-0.294713
-1.29154
0.544378
-0.374227
-0.98368
0.358169
0.439024
-0.705643
1.35383
0.753012
-1.08818
-0.548638
0.428469
1.19211
0.54349
0.271394
-0.158318
0.233331
-0.0939319
-0.527734
0.00642255
-0.361111
-0.840856
-0.377148
-0.342893
0.426139
-1.24279
-1.06007
-0.26843
-0.0886143
0.1151
0.410702
0.0705795
0.621448
0.0952936
-0.489022
0.88331
0.685737
-0.395529
-0.182786
-0.585602
0.218922
0.314302
0.511102
-0.503883
-0.95015
-0.488473
-0.274318
0.703261
0.605812
0.474458
-0.365892
-0.0877908
-0.296133
0.649064
-0.542512
0.217947
0.397725
0.148655
-0.633589
0.222737
0.472696
0.14063
-0.0842624
0.577509
0.538886
0.28743
1.01621
0.442028
-0.0425961
0.0199954
-0.830406
-0.907633
1.06687
-0.00244664
0.00763551
-0.303398
-1.05217
-0.790434
0.754834
-0.278069
0.204486
-0.0909037
-0.67337
0.261203
-0.276384
0.692596
0.316626
-0.468067
-0.352411
0.215723
0.796595
-0.973877
-0.277562
0.0289138
-0.578779
-0.0899889
0.622005
-1.00551
0.0255563
0.0556745
-1.06939
0.223994
-1.10495
-1.10759
-0.333737
0.379875
-0.082369
-0.27561
0.0645154
0.616656
-0.178201
0.167681
0.264111
-0.324421
-0.286477
0.579229
-0.537297
0.185975
-0.57451
-0.000684477
0.447427
-0.106395
0.649331
0.257111
-0.234415
0.834861
0.140295
-0.0652102
0.111022
0.5681
-0.516544
-0.234444
0.485019
-0.402523
-0.522927
0.899776
0.0507631
0.167474
0.79965
-0.113153
-0.0494793
-0.124474
0.203149
-0.50938
0.162553
0.0909042
0.355886
0.146913
-0.00502304
-0.4666
-0.207882
-0.535882
0.311738
-0.105116
0.224125
-0.163735
1.1606
0.612722
-0.357768
-0.151154
0.447578
-0.862083
0.458014
-0.118951
-0.308954
-0.482322
-0.242059
-0.137239
0.259507
-0.545002
-0.710827
0.115811
0.508455
0.0954361
-0.357321
0.451732
-0.851273
-0.758075
-0.362517
0.609315
0.499276
-0.549246
-0.279433
0.0642129
-0.118817
0.884434
-0.0292924
0.418041
0.201871
-0.774644
-0.151418
-0.422424
-0.154675
0.536934
0.152345
0.72842
0.119481
0.457599
1.09445
0.165716
-0.912733
-0.383977
-0.324668
0.187767
-0.12299
1.16687
-0.62354
0.0258587
-0.86544
0.235727
0.355492
-0.704817
-0.0760131
-0.588919
0.0269557
-0.432814
0.633786
0.584459
-0.367853
0.461176
-0.780705
-0.0972871
-0.116657
-0.178414
0.0430994
-0.458918
-0.00517205
0.684349
-0.157562
0.337717
0.269121
0.181869
0.0215992
0.237873
0.551951
0.0218766
0.569852
-0.211496
0.861199
0.748701
0.843007
-0.769357
0.789088
-0.0209731
0.502555
0.854973
-0.0911455
0.31033
-1.00975
-0.569111
0.853679
-0.805135
-0.765005
0.00557951
0.0871796
0.458887
-0.229407
-0.138825
-0.657157
-0.740005
0.149793
-0.186169
-0.696687
-0.169157
-0.219175
0.415169
-0.189176
-0.165589
0.140437
-0.418076
-0.340097
0.255002
0.764315
-0.892893
-0.28059
0.961775
-0.00891951
-0.0364555
-0.617914
-0.00422446
-0.31532
0.237949
-0.398403
-0.419401
-0.654196
0.495611
-0.745186
-0.245727
-0.401452
0.796781
0.0653404
-0.213638
0.116913
0.771422
-0.978577
-0.54762
0.0342191
-0.409434
-0.325612
-0.530075
-0.18386
0.377742
0.0214115
0.0208718
0.357131
-1.05695
-0.774723
0.910945
0.00459433
-0.332213
0.722124
0.38999
-0.104172
0.51922
0.515994
0.292775
1.4069
1.07081
1.00123
-0.540113
0.45671
0.114072
-0.241377
-0.252553
0.589065
-0.649155
-0.435749
-0.171912
0.0491178
0.915595
0.180701
0.636727
1.24929
0.887679
-0.812049
-0.675558
-0.210411
-0.0827078
0.988958
-0.411389
0.184638
-0.432465
-0.320767
-0.00406699
-0.210975
0.198321
0.768709
0.48026
-0.0197383
0.387888
-0.326104
0.0186132
-0.756414
0.3778
0.144235
-1.15867
0.675205
0.179484
0.327433
0.139849
0.866816
1.20276
-0.643453
1.12409
0.698245
0.612278
0.313261
-0.168399
0.491079
0.0362937
0.578235
-0.538393
0.236229
-0.191004
-0.231149
0.10437
-1.15867
0.590227
-0.0753375
-0.601772
0.0886374
0.0767847
-0.121085
0.0164532
0.137416
0.453245
0.0498647
-0.0998665
0.925516
-1.18891
0.422975
1.01391
-0.0545598
-0.468224
-0.420765
-0.519573
-0.279149
0.909355
-0.159169
0.420611
-0.141726
-0.434036
0.652362
0.00582696
0.357341
1.36052
0.0540323
0.364573
0.796736
-0.312535
-0.108419
0.205088
-0.751661
-0.0509996
0.716709
0.594418
0.278621
-0.193602
0.127299
-0.215363
0.409136
1.05902
0.836953
0.0880321
0.500839
-0.751591
-0.48377
0.135367
-0.429324
0.47484
-0.972043
0.659357
0.414751
-0.23347
0.273002
0.407614
-0.559031
-0.735355
-0.469589
-0.678525
-0.0414578
0.366502
0.521242
0.614518
-0.437988
-0.301597
0.886639
-0.0931337
0.501692
0.734344
0.186348
-0.294984
0.20695
0.16472
0.26922
-0.559924
0.483367
-0.320383
0.543333
0.0336797
-0.148893
0.11068
-0.7179
0.413297
-1.29364
-0.210066
1.04578
-0.240008
-1.23786
-0.8198
-0.208846
0.700755
0.694004
-0.0412109
0.0954829
-0.463629
0.344249
0.513187
0.977884
0.0315724
0.0966661
-0.023211
0.245084
0.578726
-0.904788
0.464129
0.508929
-0.00371258
0.254589
-0.183806
-0.295709
-0.59166
-0.0315826
-0.48538
-0.780102
-0.113293
-0.193728
-0.0602454
0.460142
-1.0485
-1.15329
-0.00211252
-0.1442
0.888383
-0.216872
0.0634865
0.7647
-0.383242
-0.467364
0.609571
0.0133974
0.0609294
-0.0502405
-0.349469
-0.541885
0.997681
0.0853406
0.0845914
-0.324693
0.396475
0.198708
0.713634
0.752584
0.608615
0.13176
0.101871
-0.0763117
-0.184392
-0.579024
0.786234
-0.123851
0.851494
0.523234
0.335286
-0.0588291
0.37431
-0.162166
-0.410999
0.571341
0.47411
0.536113
0.0968244
-0.119701
-0.66499
0.104189
0.790119
0.48461
-0.0984243
-0.209756
-0.514296
-0.453038
-1.12346
-0.0273337
0.724916
-0.773195
0.677289
0.491289
-0.223337
0.226627
0.00246104
-0.0317694
0.515266
0.811017
-0.120923
0.278916
0.943272
0.393076
-0.0172126
0.231372
0.0948726
-0.602144
0.323211
0.671583
-0.220595
-0.881112
-0.213891
-0.745616
0.62132
0.104339
1.01791
0.688109
0.10385
0.964861
0.56283
0.171877
0.0967456
-0.278067
-0.0691535
0.504332
0.0016302
-0.356726
-1.03408
-0.520209
0.128823
-0.407127
0.595703
-0.526758
1.46361
-0.314989
0.27103
-1.41188
-0.218387
-0.386815
0.340148
-0.938717
-0.641941
-1.71672
-0.0242045
0.000516184
0.0328652
-0.0467877
0.133186
-0.1374
-0.550943
-0.331944
-0.317174
-0.567436
0.858679
0.415838
-0.297624
0.293482
-0.802891
-0.198965
-0.846522
0.0576006
-0.104008
0.752027
-0.16122
0.147326
-0.189302
0.668995
1.02218
-0.0951738
-0.280339
-0.893283
-0.775283
0.722923
-0.400954
0.559159
-0.190282
-0.171785
-0.310236
-0.579923
-0.307111
0.0135544
0.797455
-0.51349
0.285315
-0.0468699
-0.821216
-0.165615
-0.64922
0.661578
-0.33882
0.290254
-0.654863
0.945883
0.239638
0.391491
0.313085
0.0505177
1.27507
0.038373
-0.151795
-0.548734
-1.08996
0.725778
0.814824
1.15521
-0.467071
0.0801858
0.121674
0.441727
-0.253277
0.535004
0.667065
-0.204735
-0.2243
-0.0408419
-0.319152
-0.272079
-0.089445
0.813161
-0.550584
-1.48029
-0.513437
-0.185627
0.592309
-0.0336062
0.552776
0.241853
-0.399257
-0.909105
0.208957
0.10602
1.0969
0.0376029
-0.0358755
0.00993776
-0.550266
-0.016439
-0.954623
0.688366
-0.600115
-0.0672633
-0.389451
-0.06232
-0.551399
-0.320443
-0.0389223
-1.14767
0.0749067
0.766848
-0.805082
0.0340248
-0.808008
0.409005
0.241415
-0.136873
-0.245295
0.41862
0.0670676
-0.106512
-1.11521
0.587415
-0.813862
-0.914393
-0.198762
-0.227483
-0.535083
1.30454
-0.0600687
0.204783
-0.757097
-0.144345
0.466408
0.59209
0.682584
-0.445158
0.545491
-0.311644
0.993766
0.973767
-0.189685
0.803398
-0.14818
0.132498
-0.154217
0.270607
-0.249527
-0.272683
-0.0566953
-1.01926
0.00171554
0.748744
0.92393
-0.69081
-0.0974906
0.459329
-0.58936
0.283006
-0.0923767
-0.853953
-0.48089
0.186834
-0.144048
0.511453
-0.964093
-0.969691
-0.540234
0.600258
0.259222
0.617942
-0.0931512
-0.663696
-0.424015
0.175583
0.209412
-1.09028
0.0781105
0.114246
1.57988
-1.20797
-0.0311399
-0.518044
0.298961
-0.394166
-0.211114
0.661831
-0.627843
0.0399032
-0.175228
-0.266409
-0.166735
-0.257787
0.458183
-0.023765
1.15184
0.890967
0.265774
-0.447399
-0.0977543
0.179627
-0.0289604
-0.318799
-0.023319
0.126845
-0.0911874
-0.963013
0.513753
-0.81081
-0.309373
-0.354315
1.2787
-0.687316
-0.826467
-0.337403
0.970554
-0.940046
0.248793
-0.628507
0.533078
0.330435
-0.269683
0.436239
0.137244
0.167092
0.170714
-0.516886
-0.667206
-0.447294
0.407316
1.23926
0.240216
0.113629
0.822346
0.189273
0.80695
-0.417034
0.281088
-0.212929
-0.139275
0.600559
0.468767
1.41138
-0.227186
-0.0320666
0.190555
0.112719
-0.626679
-0.163659
-0.854602
1.22626
0.186735
0.152891
1.00097
0.784601
-1.22411
-0.524373
0.201823
0.0282184
-0.163718
0.0425715
-0.0989573
0.0568274
-0.055136
-0.381836
-0.534656
-0.289231
0.740446
0.71731
1.0816
0.697047
-0.161198
0.0310099
-0.10383
-0.14267
0.530888
0.0956179
1.44794
-0.105814
-0.0850714
0.722946
-0.102129
-0.0411171
1.02507
-0.306288
0.487371
-0.381882
-0.145538
-0.186951
0.0531536
-0.242061
0.612988
-0.138065
0.192639
-0.907787
-0.448608
-0.239355
0.107588
-0.32385
0.308667
0.0508188
-1.56044
0.367338
-0.0410268
-0.438657
1.16698
0.712565
-0.461914
-0.358894
-0.331852
0.743312
-0.253301
-0.457648
-0.539268
-0.475766
0.0956603
-0.245558
-1.08541
0.481173
0.367286
0.224631
0.569123
0.0926656
-0.743657
0.238222
0.0620896
0.370182
0.783887
0.661105
-0.097151
-0.0801482
0.0273745
-0.594073
-0.395856
0.229868
-0.460653
0.181374
0.744711
-0.888185
-0.00412076
-1.49388
0.0845678
0.469479
-1.06129
0.625561
-1.08137
0.343351
0.697616
0.656255
0.22487
-0.431748
1.01152
0.190997
-0.415259
0.101157
0.17602
-0.211267
0.00446705
-0.312501
0.00760359
-0.84525
-1.41238
0.325694
0.350132
-0.497257
-0.0202364
1.0724
0.207065
0.508077
0.288156
-0.423834
0.0531784
0.998296
-0.712669
-0.545054
0.391123
0.532321
-0.927272
0.284538
-0.0201283
-1.24905
0.418851
-0.255952
0.450665
-0.548067
-1.05
0.109571
-1.77439
0.792834
0.756067
-0.2132
0.57851
0.769878
-0.254104
1.12002
-0.627987
-0.293529
-0.0293719
0.63006
-0.0769664
-0.179039
-0.0677472
-0.259562
-0.166899
0.53967
-0.162946
-0.0638255
-0.0909355
-0.73109
-1.2866
-0.618493
-1.09978
0.174336
-0.132922
-0.126514
0.161106
-0.0163871
0.610898
-0.415623
1.10084
0.393936
0.152561
-0.57905
0.286008
-0.48004
0.246064
0.0268834
0.677036
-0.409597
-0.436207
-0.923181
0.096542
-0.757716
0.0316038
-0.587293
0.757246
-0.749147
-0.312888
-0.088606
-0.332021
-0.598201
0.470944
-0.195278
0.191514
-0.621206
0.381954
-0.0462935
-0.881631
0.441595
0.406378
-0.0470441
0.655627
-0.532358
0.222328
0.0868175
-0.705895
-0.0807146
0.0946864
1.15477
0.0490267
0.317433
-0.177725
0.310594
-0.214222
-0.196894
0.494733
0.796414
-0.281571
-0.521895
-0.230704
-0.176643
1.03595
-0.439829
-0.847772
0.437301
-0.140316
-0.748721
0.506723
-0.504754
0.659788
0.404177
0.0744313
1.26422
-0.229511
-0.308449
0.951609
-0.514957
0.416365
-0.274639
0.180017
-0.394919
0.411228
-0.722955
-0.110889
0.153371
-0.102036
0.740871
0.946921
-1.47295
0.0627955
-0.841446
-1.0135
0.852997
-1.24346
0.673304
-1.58996
-0.57198
0.704063
0.278275
0.538903
0.378211
0.134418
0.153513
-0.14506
-0.336009
-0.666613
-1.14079
-0.52688
0.362289
-0.274022
-0.0696178
0.0354662
-0.0620991
-0.415817
-0.595258
-0.846035
0.0962844
0.3552
0.257676
-0.831604
0.46692
-0.291317
-0.782224
-1.20707
-0.617111
-0.431915
0.186951
-0.775223
0.102055
-0.820265
0.36019
-0.099387
-0.109951
0.369183
0.627164
-0.212421
-0.12929
-0.509408
-0.347689
1.19616
-0.484593
-0.296262
0.995273
-0.525589
0.290272
-0.182277
1.29327
-0.435015
0.643733
-0.479808
0.522385
-0.056723
0.38381
0.0268466
-0.0741072
0.10853
-0.0408745
-0.401484
-0.783216
-0.72835
-0.352281
0.395305
0.76356
-0.101365
0.276213
-0.797459
0.0996977
-0.554444
-0.174708
1.16218
-0.0455409
-0.540979
-0.217636
0.628164
-0.251968
-0.83914
-0.312038
0.231589
0.664192
-0.80279
1.19884
-0.717144
-0.354087
0.278533
0.74518
-0.0176151
-0.413889
-0.691344
-0.587695
1.54587
-0.660669
-0.632643
0.845584
0.347285
0.148829
0.786293
-0.0291672
0.164423
-0.178419
-0.480901
0.752944
0.0564391
0.343
-0.681558
0.0443021
-0.0892398
-0.0433959
0.531165
-0.31869
-0.838944
-0.64162
-0.508956
0.172178
0.551425
0.643891
-0.664694
0.841975
0.127582
-0.282282
0.376195
-0.400171
0.483763
0.329511
0.084627
1.48403
0.158903
-0.348036
-0.505448
-0.210337
0.274274
-0.0343097
0.802779
0.0110749
-0.147212
-0.192986
-1.04653
0.0505476
0.338573
-0.294954
0.782159
0.373408
0.106064
0.0153994
0.456358
0.106569
0.603736
-0.0955424
-0.561674
0.529571
0.0707696
0.101515
-0.389093
-0.13834
-0.608397
-0.27642
0.179631
0.304808
0.546417
-0.288289
0.500702
0.640825
-0.908197
-0.439169
0.320305
-0.261344
0.428565
0.01065
-0.725399
0.0243952
0.64796
-0.373356
-0.696798
-1.15496
0.281965
-0.217959
-0.0641539
-0.0869923
1.43152
-0.938928
1.24208
-0.516883
0.118954
0.35746
0.778405
-0.359051
0.201438
-0.289239
-0.703953
0.129392
-0.609455
-0.131051
0.60166
0.200974
0.371375
-0.623693
-0.0149084
-0.0917432
0.268004
-0.645044
-0.233838
0.299837
0.216714
-0.0688069
0.18016
-1.12389
0.955443
-0.489684
-0.0776036
0.272048
0.402146
-0.519454
-0.90337
-0.210045
-0.0824556
-0.454889
-0.32938
0.208717
-0.547884
0.593272
0.211976
-0.474238
0.689429
-0.00291495
1.22222
0.443151
0.181431
-0.0252394
-0.204517
0.0679136
-0.476972
0.19284
-0.603317
-0.228521
-0.686324
-0.0662718
0.319385
-0.14171
0.141429
0.0520054
0.153795
0.897666
-0.233836
0.307109
0.227141
0.35558
0.403362
0.464675
0.540373
-0.01342
-0.287082
-0.250655
-0.398783
0.690359
0.43699
0.031878
-0.525646
0.361966
0.193531
-0.0942683
0.0785903
-0.756384
0.100172
-0.0616782
-0.43672
-0.540935
-0.3734
-0.6922
-0.413061
-0.549794
1.04297
0.317456
-0.0950118
0.697192
0.177174
-0.617166
0.957507
-0.268457
-0.649347
0.207604
0.374748
0.310099
-0.382981
-0.35281
-0.0913448
0.415145
1.01378
-0.569034
0.745245
0.770393
-0.00654965
-1.28515
-0.140862
-0.590992
-0.51552
0.720159
-0.0381999
-1.14051
0.559452
-0.641284
-0.442372
0.462219
0.46249
0.143166
0.322333
0.158429
-0.602175
0.274323
0.245483
-0.0673089
-0.767251
-0.45966
-0.309226
-0.490723
0.405617
-0.321726
-0.550345
0.644452
0.174652
0.559837
-0.275143
-0.147928
0.575038
0.340475
0.525401
-0.0539989
0.443731
0.316494
0.71121
-0.12013
1.22433
-0.733773
0.865195
0.0893518
0.271247
0.704379
0.407172
-0.00831431
-0.916665
0.298733
0.688935
-0.0715431
-0.655131
-0.454956
-0.767124
0.350345
-0.317763
-0.69326
0.00270186
-0.963164
0.78427
-0.207367
-0.41645
1.0343
-0.0694845
-0.330281
-0.621055
0.392108
-0.169188
0.692989
0.0685926
0.11711
0.459483
0.227868
0.0603097
-0.404916
-0.190606
-0.442631
0.30778
0.864801
-0.362978
0.276581
-0.846025
-0.351603
-0.40948
-0.304389
0.952496
-0.175871
0.455871
-0.421263
-0.174676
0.10699
-1.25565
0.185024
0.330454
-0.601531
0.154292
-0.833415
-0.134923
-0.1804
-0.306408
0.662153
0.215008
0.124209
-1.03256
-0.722007
1.29341
-0.566842
0.197966
0.046398
0.636721
0.438709
0.552096
-0.297768
-0.397133
-0.759248
-0.790528
0.195977
0.770453
-0.141129
0.890251
-0.167499
-0.916639
0.0888883
-0.0671814
-0.130259
-0.230289
0.648338
-0.494474
-0.452021
-0.442654
-0.051744
0.615651
0.213601
-0.809506
0.147267
-0.577569
0.6758
0.878095
-0.32963
-0.246065
-0.581801
0.274598
-0.276052
0.604912
-0.466924
-0.00386915
-0.716364
-0.65011
0.716859
-0.395462
-0.779442
-0.125623
0.686427
-0.247849
-0.12986
0.554551
0.0755444
-0.414469
-0.579683
-0.939798
-0.322895
-0.556918
-0.2207
0.861147
0.682076
0.196688
-0.453632
-1.35214
0.755215
0.445369
-1.07423
-0.172221
-0.622884
-1.12983
-0.251333
-0.519481
0.701696
-0.901025
0.170244
1.11452
0.735396
-0.495161
-0.939625
1.16692
0.210596
0.0290393
-0.0213198
0.588625
0.92898
-0.197511
-0.920772
0.213503
0.305031
-0.151531
0.187899
-0.367
-1.46021
-0.478468
0.92969
-0.523314
-0.52333
-0.742461
0.749144
0.559473
0.581392
-0.873313
-0.282781
0.721877
-0.023736
0.631782
0.00115309
0.182934
-0.403039
0.363173
0.25053
0.0313752
-0.0264519
1.01328
0.341342
0.138855
1.01767
-0.26001
1.1937
-0.974558
-0.938242
-1.03271
-1.25053
0.258704
-0.605393
-0.138925
-0.957334
0.156667
-0.168871
-0.440714
-0.0473227
-1.10915
0.0389031
0.543724
0.560567
1.46232
0.558614
-0.429794
-1.10908
0.85038
-0.222515
0.0339828
0.368495
1.30782
-0.602348
0.662739
0.197299
-0.710317
-0.410228
-0.287953
0.907883
1.45658
-0.621031
0.191303
1.10804
0.526398
0.514888
0.253673
-0.67159
0.999804
-0.655959
-0.626344
-0.748472
1.54151
-0.533551
-0.654541
-0.656299
0.10686
0.714228
-0.716853
0.718533
0.171003
-0.779806
-1.00527
-1.54106
0.271136
0.141162
-0.781331
0.0596761
-0.894516
-0.122355
-0.00380148
-0.098881
-0.103704
0.129924
0.191467
0.397272
-1.02162
0.5589
0.323453
0.632346
0.816867
0.394252
1.0182
0.0750112
1.00167
0.126852
-0.442421
0.854306
-0.0487819
-0.421413
0.0672033
-0.740534
-0.473499
-0.419775
-0.20952
1.91891
-0.98334
-0.371766
0.255317
-0.0619213
-0.278108
-0.0878625
0.494632
1.54775
0.574381
0.506827
-0.15959
-0.552271
-0.364776
-1.58558
0.00660704
0.189902
0.453239
-0.517744
-0.143397
0.214512
0.0864026
0.420318
1.29493
-0.386356
1.07677
0.600974
-0.478749
-0.0593587
1.08264
-0.0880918
0.436486
-0.352915
0.0998273
-0.119735
-0.0561163
-0.514886
0.0818257
-1.07979
-0.927819
-0.0180995
0.760938
-0.0459339
0.248968
0.365815
0.492679
0.233312
0.443453
-0.183537
-0.25444
-0.153673
0.13636
1.18465
0.0584463
-0.835221
0.319998
-0.716133
-0.20595
-0.0877546
-0.202503
0.463812
0.304807
0.245687
0.388326
-0.490726
-0.5044
0.525609
0.203277
-0.150833
0.532269
-0.48806
0.56502
-0.100733
0.127999
0.0972374
0.686857
0.194023
0.575832
0.042507
-0.611033
-0.501352
-0.016571
0.0359374
0.900941
-0.939232
0.625215
-0.0788863
0.284985
-0.381138
0.776605
0.50118
-0.250173
-0.53292
0.451702
0.199863
0.412026
0.7787
-0.356795
0.278146
-0.696861
0.504295
-0.774216
0.630158
-0.691946
1.02201
-0.224224
-0.476226
-0.539526
0.750754
0.532357
0.889379
0.185424
1.18553
-0.117732
-0.102333
-0.271084
0.0715206
0.813557
-0.273012
-0.276982
0.00934252
0.436319
0.267806
-0.0550805
-0.502695
0.158258
0.431051
0.697632
0.449958
0.169748
-0.715412
0.694894
-0.125815
-0.0284906
-0.598275
0.623402
0.823359
-0.771962
0.738856
0.108455
0.761747
0.00999413
0.151084
-0.0961394
-0.295827
-0.0841849
-0.0956048
-0.530666
-0.612184
-0.280192
0.538533
1.48116
0.702724
0.675363
0.503079
-0.847986
0.271913
0.645682
0.957427
0.807739
-0.179663
-0.092431
-0.144395
0.421136
-0.421979
-0.558575
0.187347
0.192441
-0.40496
0.405644
0.594659
-0.158662
-0.312806
0.0348997
1.04295
0.313467
-0.893429
0.228659
-0.0469309
0.23449
1.22207
-0.773094
-0.477057
-0.383756
-0.0154213
0.160882
0.0239179
-1.04995
-0.249299
0.643338
0.507954
0.112625
-0.137564
-0.737818
-0.143931
-0.577044
-0.233848
-0.14173
-0.32333
0.42203
0.713869
0.872715
0.679107
0.0647322
-1.37049
0.477029
-0.126076
0.0774592
0.962731
-0.683656
-0.719724
-0.990759
0.31847
0.757292
0.013377
-0.979064
-0.231488
-0.15442
0.748141
-0.517802
-1.32556
-1.11984
0.306821
-0.433223
-0.603942
-0.0434843
0.504557
0.315845
0.829553
-0.303207
0.969387
-0.309877
0.947443
-0.0173631
-0.440214
0.877095
0.345324
0.639463
0.119126
-0.682161
-0.172485
0.15232
0.0831911
-0.306961
-0.746747
0.483134
0.455871
0.640303
-0.442307
0.866814
-0.276461
0.284504
-0.574754
0.104404
-0.137536
0.483495
0.241144
-1.3641
-0.254727
-1.08285
0.0461672
-0.595621
0.0596022
0.20991
0.118794
-0.537649
0.473039
-0.541956
-1.29944
0.21863
-0.782865
0.902532
0.43723
0.00213533
0.0892371
1.21914
-0.0304581
0.706806
-0.255138
0.189359
0.222189
-1.53303
-0.663976
0.332244
0.425951
-0.0252009
-0.471635
-0.09949
-0.17933
1.39623
1.2956
-0.693416
0.0888542
1.0594
-0.0808146
-0.0912365
0.0364672
-0.585946
0.0990013
-0.201004
0.494319
0.132494
1.16702
0.274295
0.455541
-0.226193
0.515378
0.154745
-0.351236
-1.39617
0.48145
-0.0121358
-0.113071
-0.619829
0.417606
-0.690333
0.156237
0.262284
-0.336977
-0.872002
0.611757
-1.46315
0.462062
0.459679
0.170693
0.242847
0.249214
-0.212439
-0.19438
-0.988692
0.176654
0.276252
-0.172216
-0.441869
-0.354252
0.44125
-0.955139
-0.435115
-0.108309
0.948776
-0.502899
1.26022
0.599842
0.62375
-0.390017
-0.123614
-0.0530845
-0.323184
-0.660394
0.881579
-1.7428
-0.181128
0.417836
-0.207546
0.619316
-0.253282
0.119562
-0.424017
-1.06181
-1.77939
-0.282979
0.209931
0.681207
0.240238
-0.606226
-0.303015
0.35612
0.718358
0.209729
0.124699
0.135557
-0.160773
0.0562224
0.0873468
-0.704775
0.489304
0.354639
0.280394
0.421077
0.237746
-0.143016
-0.549302
-0.454944
0.216643
-0.523234
0.0088892
0.0814243
0.197985
-1.09039
0.932675
0.881825
-0.190888
1.30019
0.568244
-0.500448
0.0629404
-0.0803184
-0.333567
-0.0925177
-0.0404792
0.128312
0.378944
0.126547
0.207563
-0.855085
0.529013
0.994377
0.461431
0.332312
-1.07187
-0.0319418
-0.0257167
0.0235912
1.45597
-0.076659
1.49593
-0.32037
0.311706
1.38743
-0.76031
-1.08522
0.465191
0.275325
-0.307231
-0.051404
0.300265
0.0664186
-0.691243
0.390578
0.0818993
0.343532
-0.419344
0.350655
-0.98054
-0.154306
-0.545825
0.79285
1.09175
-0.0330565
-0.307231
0.628602
0.147409
1.24911
0.184606
0.319678
0.775348
-0.187716
0.688015
0.00657512
0.261341
-0.459251
-0.653973
0.965258
-0.556481
0.288015
-0.0662301
-0.428878
0.309282
0.989
-0.553099
-0.22977
0.020811
-0.473456
0.313184
0.24247
-1.2082
0.0516829
0.135758
0.740316
-0.789861
-0.39335
-0.203733
-0.314789
0.267381
0.688001
0.175965
-0.499816
-0.0495963
-0.517067
0.650959
-1.02811
0.293069
0.713443
-0.68185
0.596393
-0.198387
0.307771
0.334284
-0.522998
-0.127803
-0.930013
-0.0505121
0.55939
0.188726
-0.399617
0.1707
0.107404
-0.0778837
0.312043
0.200118
0.640475
-0.658957
-0.216794
-0.633241
-1.08889
0.121863
0.951111
-0.0971545
-0.365153
0.302428
-0.158365
0.72272
1.02497
0.0439395
-0.660462
0.430069
0.220178
0.0363854
-0.0761112
0.0295174
-0.306515
-0.00620105
0.130932
0.183127
-0.00368056
-0.496885
-1.00901
0.218448
-0.584309
0.251482
-0.805419
0.22079
1.28616
0.211892
-0.365884
0.843614
0.326233
-0.818574
0.306666
0.428104
0.34516
0.908037
-0.106375
-0.0338855
-0.595123
-0.202516
-0.321278
-0.603096
-0.138667
-0.0324268
0.086938
0.625049
0.805655
-0.548161
0.357939
0.0787965
0.378242
-0.0591302
0.0421325
-0.0764163
0.188108
0.0842952
-0.297553
0.604268
0.911043
-0.472788
-0.480406
0.0303838
0.575911
0.426531
0.644167
-0.731377
-0.49812
-0.1265
-1.01004
-0.604046
-0.312678
-0.345457
0.905078
-0.274549
-0.142766
0.566143
0.367566
0.097013
0.357899
-0.0196885
1.19003
-0.275681
0.295263
0.590316
-0.960334
-0.468853
0.0650294
-0.932281
-0.490772
-0.344236
0.728591
0.517123
0.0223609
0.31345
0.423226
-0.0196324
0.316095
-0.490372
-0.433365
-0.197472
0.709182
0.272936
-0.443372
0.465356
-0.755067
0.508682
-0.452871
0.257423
0.991394
-0.871415
-0.377628
-0.405137
-0.636364
0.0797247
0.272124
0.472749
0.513798
-1.4842
0.0480866
0.380396
0.827965
0.857814
-0.383225
0.437547
-0.450853
-0.0192258
-0.627366
-0.0595036
0.643444
-0.215569
0.0703209
-0.926046
0.402147
0.24063
-0.801154
-0.937293
0.51819
0.475086
-0.477148
0.212935
0.486595
1.02637
-0.300781
-0.792768
0.183095
-0.142954
0.461267
-0.402555
0.408458
0.70615
0.627333
0.0417665
0.871625
0.368407
-0.902002
-0.542834
0.835726
-0.480225
-0.350718
-0.492536
-0.163545
-0.316109
0.220329
-1.74287
0.0864404
0.455296
0.967031
0.95893
0.358122
0.178121
0.055136
-0.503741
0.0390181
-0.557216
-0.214284
0.0860662
0.254657
0.614477
0.384227
-0.344292
0.471476
-0.849794
-0.15116
0.453439
0.942749
-0.19832
-0.124675
0.0440583
0.0310111
-0.247264
0.470389
-0.000839568
0.162584
0.400348
-0.483165
0.441643
-0.264241
0.857381
-1.00203
-0.0704715
0.742837
-0.765885
0.356511
-0.542975
-1.38155
0.677555
0.0652584
0.659217
0.684047
0.00912289
-0.520236
-0.111363
-0.0428617
-0.358957
-0.134973
0.25306
0.377754
-0.104241
0.0106706
-0.481668
0.0812236
0.588687
0.164755
-0.0770786
0.103182
-0.0201947
0.484818
0.391895
0.308259
0.320423
1.34357
0.372236
-0.501149
-1.10137
-0.32646
0.157659
-0.510121
0.227754
0.181474
0.460172
1.18287
0.0843672
0.444151
-0.423054
0.323166
-0.660891
0.436581
0.407507
-0.469334
0.102704
-1.33109
-0.634624
-0.29809
-0.669889
0.358133
0.170404
0.601488
-0.0150059
-0.939237
0.768317
-0.0273191
0.29237
0.852606
0.655604
0.250163
-0.389093
0.133553
0.628121
0.575773
-0.962252
-0.293838
-0.282904
0.169797
-0.253295
-0.0803887
0.86376
0.259277
-0.211482
-0.437515
-0.752543
0.417105
-0.236421
-0.0871315
-0.156846
0.255913
-1.00496
-0.616966
-0.296609
-0.271215
-0.0944012
-0.0923871
0.577272
-0.391399
0.695737
-1.08005
-0.340203
-0.850893
-0.497819
0.797354
-0.552706
-0.463038
0.595918
0.419634
-0.359857
0.187606
-0.557153
-1.46545
0.345028
-0.00150807
-0.467794
-0.490358
0.344285
0.037694
-0.214383
0.235595
0.557017
-0.751012
-0.23136
0.101169
0.493989
0.196891
-0.0423369
-0.123404
-0.558975
-1.49661
-1.18159
0.649424
-0.0577673
-0.603558
0.00762073
-0.26246
0.260621
0.469582
0.146596
0.397262
0.312508
-0.475512
0.782471
-0.308406
-0.266143
0.16832
0.220633
-0.242678
-0.51211
0.502031
-0.526601
1.00404
-0.0760734
0.768222
-0.264414
-0.325739
0.558823
1.17298
-0.4705
0.329609
-0.0231136
0.0651384
0.478003
-0.517299
-0.185347
-0.815213
0.94616
-0.509661
0.346713
-0.0241591
-0.21716
1.01755
0.230828
0.655871
0.349759
0.606533
-0.516259
0.321667
0.42672
0.0615889
0.114172
-0.222466
-0.451048
1.92492
0.806396
0.401955
0.0557611
0.0755688
-0.496344
-0.48401
-0.66639
0.599901
0.325036
0.123136
0.188064
0.273111
0.562091
1.4595
-0.165776
0.064648
-0.609287
0.333022
0.0753653
0.0723976
-0.513996
0.461354
-0.617812
0.109262
-0.396587
0.835132
-0.436962
-0.905991
-0.385639
-0.304716
-0.706246
0.0356613
-0.101292
-0.116052
-0.513603
-0.102484
0.568435
-0.14587
-0.0544625
1.10598
-0.124516
-0.818219
1.23963
-0.252653
-0.670415
0.190662
-0.668471
-0.1031
-1.13709
1.52985
0.0199111
-0.85966
0.616492
0.294502
0.671777
-0.534727
0.456353
0.540079
-0.00819693
0.634553
-0.202355
0.125899
-0.804578
0.407236
-0.781518
-0.107569
0.347763
-0.190756
0.105549
-0.211578
-0.530329
-0.060102
0.505993
-0.204954
0.701738
-0.140448
-0.693743
0.898282
-1.61754
0.624165
-1.08157
-0.635844
0.607643
-0.333505
0.426326
-0.150759
-0.118331
0.389996
-0.987483
-0.0970971
-0.000579151
-0.411086
0.951262
-0.151649
-0.375879
0.303885
-0.247129
0.0150294
-1.03223
-0.157384
1.2645
0.243746
0.590799
0.865796
0.227052
0.414286
0.934756
0.828369
-0.9546
-1.08769
-0.456039
-0.522462
-0.794498
-0.676229
0.256824
-0.0898437
-0.377991
-0.252605
-0.935355
0.252118
-0.801642
0.404964
0.353037
-0.169918
0.69934
0.113511
-0.541132
-0.197222
0.311298
0.10172
-0.506142
0.211148
0.225694
0.127863
0.322815
-0.616392
0.770845
-0.263544
0.772552
0.143713
0.499919
0.376247
0.127956
0.0300573
-0.218619
1.23125
0.104809
0.171448
-0.448588
-0.312519
0.234968
-0.164264
-0.24435
0.683581
0.0271353
-0.320612
0.306157
-0.916489
0.505911
-0.0564836
0.486227
0.989135
-0.235441
0.105813
0.219911
1.01534
0.596714
-0.556238
0.00997417
-0.408257
-0.0823945
-0.403623
0.734936
-0.453478
0.57262
0.476965
0.832688
-0.781769
-0.115507
0.770984
1.38821
-0.49441
0.115666
0.591684
-0.38748
-0.821504
-0.0974186
-0.236002
-0.076816
-0.245447
-0.284899
-0.171309
-0.580326
-0.322416
0.322076
0.471829
0.23439
0.542165
-0.154369
-0.965548
0.09473
0.358318
0.0367191
-1.09125
-0.150467
0.608181
-0.631286
-0.353955
-0.551194
-0.564967
0.25853
0.304074
-0.370228
-0.399913
0.574994
0.984013
-0.0146239
0.381939
0.310182
0.570584
0.763176
0.409099
1.05648
0.700642
-0.248519
0.947171
-0.962735
-0.0865302
-0.322552
0.0643269
0.819322
0.580835
-0.134595
1.02665
-0.416386
-0.558957
-0.199306
0.134387
-0.473619
-0.462806
1.00811
-1.32613
-0.275575
-0.152159
0.381808
-0.842527
-0.0987532
-0.0860442
0.857957
-0.187363
0.405169
0.317003
-0.72334
0.836478
-0.745024
0.316538
-0.0616285
-1.27734
-0.283559
0.363889
-1.59857
0.291325
0.211163
0.0578204
-0.411099
-0.341266
1.14202
0.278491
-0.206062
0.148235
-0.122484
-0.399839
-0.723754
0.464943
0.621593
0.267256
0.364388
-1.1825
0.270649
-0.218572
-1.04875
0.0162907
-1.16492
-0.0733308
0.792726
-0.143773
0.902682
-0.131332
-1.01292
0.545091
0.331581
0.420054
-0.873246
0.190059
0.218052
-0.557515
-1.19543
-0.0328247
-0.627805
0.432236
-0.912418
-1.17323
-0.69238
-0.216898
0.0635779
-0.530861
0.874503
0.397108
-0.553807
0.525692
-0.0082393
-0.111586
0.895084
0.229436
-0.356658
0.0987456
0.380088
0.284479
0.119247
-0.631079
0.392068
0.111565
-0.370225
0.184891
0.799649
0.0857752
-0.757046
-0.857427
0.115042
-0.205237
-0.784631
0.180703
-0.326821
-0.469526
-0.277956
-1.05528
1.21299
0.0526072
0.279635
1.41322
-0.397486
-0.45693
0.844864
0.174673
0.509433
0.146608
-0.190977
-0.954731
0.944212
0.676044
-0.443411
0.586423
0.706782
-1.14135
-0.214121
0.0067739
0.132254
1.00966
-0.660559
-0.479769
0.407167
-1.02026
-0.536432
0.470836
-0.598905
-0.283179
-0.425524
-0.0302967
-0.810098
-0.233854
-0.237226
0.712455
0.00179901
-0.036175
0.0994721
-0.322703
0.375442
0.0662704
0.644482
-0.0308204
0.122806
-0.0520974
0.832316
-0.0897075
0.269147
0.605318
-0.349643
-0.617571
-0.0300536
-0.413953
-0.358145
0.516829
0.2948
0.926633
-0.525321
-1.04799
0.317428
0.892306
-0.0620639
-0.38638
-0.852251
0.156812
-0.514023
0.17284
-0.0642916
0.686519
-0.360562
0.291416
-0.0455121
-0.339837
-0.383729
0.742727
-0.430002
-0.960322
0.783037
0.0942013
0.255286
-0.0398532
-0.236401
-0.00869931
-0.698226
1.19775
-0.512842
-0.124994
-0.64001
-0.524926
-0.0644921
-0.0371622
-0.236391
-1.01461
-0.69721
-0.181313
0.464397
0.0294081
-0.707157
0.808617
0.801492
-0.407422
0.113378
0.874185
-0.176108
0.649274
0.418981
0.848118
-0.153311
0.376977
0.00198675
-0.120786
-0.0541804
-0.855029
-0.151069
-0.353141
-0.151927
0.743721
0.651657
-0.00365176
-0.227989
0.0750794
0.0945604
-0.357782
-0.943413
-0.96794
0.348036
-0.374924
0.535857
0.822805
0.111627
-0.926102
0.501329
-0.348709
-0.173282
0.601292
-0.0822514
-0.30278
-0.0360761
-0.742881
-0.288946
0.335782
0.5105
0.0364272
-0.324201
0.740892
-0.240917
0.0695219
-0.197554
-0.654005
-0.234651
-0.293252
1.09206
0.603082
-0.354018
0.553475
0.512763
-0.0746693
-0.163421
-0.905003
0.131695
0.362422
0.0608583
0.445644
-0.649505
-0.125932
-0.102191
-0.239967
0.100513
0.476468
-0.00165408
0.508548
0.491807
-0.100403
-0.0308331
0.153277
-0.182194
0.452243
-1.03605
1.12044
0.649753
0.14697
0.239543
-0.288559
-0.350696
0.138587
-0.189055
-0.707107
0.112441
-0.38386
1.06672
0.451176
-0.443297
-0.343594
-0.0878327
-0.0399903
-0.859627
-1.36295
0.0945712
0.553922
0.283125
-1.36448
0.410419
1.06416
0.0944478
0.190496
-0.0760461
-0.0796109
-0.490603
0.401795
-0.85547
-0.371235
-0.338974
0.284964
0.358325
0.902278
-0.706353
-0.41964
-0.354452
0.33453
0.474049
0.236357
0.689401
-1.49821
-0.166378
0.354069
-0.167204
-0.271044
0.0118407
-0.0883455
-1.17191
0.049329
-0.975957
0.160938
-0.500403
0.127435
0.369447
0.149479
-0.227143
0.64723
-0.159161
0.603154
0.213289
-0.29359
0.485377
0.520979
0.327167
1.31841
0.486795
0.190291
0.323722
-1.6609
1.20665
-0.307823
-0.105842
-0.766904
-0.395268
-0.106356
-1.56145
1.2959
0.352251
0.418092
0.485174
0.455635
0.940461
-0.538846
0.0311198
0.00864825
-0.202239
-0.278191
0.744134
0.0413512
0.59871
0.393297
0.73475
-1.18426
0.90005
0.639296
0.652374
-0.598904
-0.403854
0.527008
-0.596614
0.456269
-0.313966
-0.899269
0.902466
0.242755
0.581668
-0.660339
0.313375
-0.0926344
-0.811559
-0.530516
0.0895049
0.23165
-1.01907
0.249693
-0.260115
-0.333639
-0.303505
-0.0203352
0.708359
0.588886
0.533169
-0.462719
0.741701
0.128581
0.721488
-0.0369053
0.994235
0.79785
1.14555
-0.510406
0.237856
-0.343904
-0.12718
-0.167322
0.0928487
0.232262
0.343566
-0.0423879
-0.100012
0.384303
-0.597559
0.582762
-0.221544
0.0247419
-0.173077
-0.395054
0.405375
-0.0636683
1.09696
-0.35634
0.178133
0.25018
0.473902
0.137321
-0.400217
-1.09046
0.0605678
0.118442
-0.163913
-0.954138
-0.183124
0.173513
0.201295
0.730555
0.524845
-0.0519708
0.0556589
-0.264241
0.102367
-0.268912
0.144354
-0.304405
-0.146949
0.166257
0.185486
0.540913
0.0953807
-0.554005
-0.41404
0.129156
-0.407209
1.0624
-0.476926
0.710802
-0.388427
-1.12405
0.488592
-0.117676
-0.389267
0.90673
-0.240247
-0.144447
0.198096
-0.437435
-0.862752
0.107256
0.217209
-0.559042
0.328141
0.141688
-0.229228
-0.708888
0.192162
0.533105
0.604381
0.0427023
-0.173626
-0.480358
0.994144
0.692072
-0.292907
-0.0488934
-0.229482
0.27132
0.462583
-0.298819
-0.401674
-0.573079
0.436579
0.0968025
-0.649982
0.0441369
-0.215146
0.801239
0.170624
0.222273
0.67738
-0.129611
0.354181
-1.01254
-0.333325
0.681032
-0.2076
0.614639
-0.492647
0.813838
-1.36429
0.637038
-0.569777
-0.438773
-0.0106737
-0.0683078
0.400208
-0.399944
0.0649012
-0.803586
1.0682
0.294156
-0.125949
-0.340709
0.230373
-0.127685
1.04047
0.346193
0.240925
0.0668395
0.00185453
0.047074
0.15672
0.0809753
0.606688
-0.828691
-0.868592
0.287567
0.662114
-0.140656
0.597884
-0.441633
-0.165535
1.21302
0.604161
-0.457992
0.436409
0.228849
-0.503618
0.18973
-0.833321
0.092433
-0.634337
0.450367
1.00242
-0.149848
1.34396
-0.479004
0.948367
-0.822549
0.32861
0.380653
-0.585826
0.283068
0.312558
0.202955
-0.0281185
0.138795
0.209401
-0.159613
1.95313
0.57752
0.245123
-0.300441
0.5018
-0.162151
0.270017
-0.0574056
-0.372118
-0.175659
-0.15795
-0.0638129
0.31315
-1.23649
-0.0884397
0.357474
0.220192
-0.133204
0.88751
-0.259912
-1.0672
-0.0713257
-1.08399
0.203746
0.0936791
0.0118488
0.557141
1.01969
-0.151481
0.195695
-0.0998972
-0.93627
-1.00282
-0.0607567
-0.406977
0.202328
-0.0473354
0.331045
-0.474773
0.040325
-0.835359
0.547753
-0.751709
-0.350425
0.320454
-0.336094
-0.590393
-0.0708241
1.43288
0.257263
-0.316055
0.209662
-0.384092
0.34986
0.736478
0.0274145
1.12348
0.205753
-0.876351
0.613323
-0.590438
-0.673452
0.630407
-0.466703
-0.209437
0.422266
-0.0896695
0.612501
0.0513789
-0.5937
-0.669256
-0.122466
-0.0357856
0.72914
1.11188
-0.313134
0.191347
0.633261
-0.0289533
0.186404
0.784245
-0.416683
-0.107463
0.199852
0.736986
0.292367
0.673179
0.388462
1.02357
-0.103584
-0.0258789
0.15227
-0.126981
1.3875
0.435365
-0.849292
-0.42164
-0.293773
-0.224344
-0.363333
-0.28937
0.941016
0.449578
0.147084
0.346415
0.728427
0.7877
-0.694811
0.130738
0.736282
-0.838813
-0.866411
0.76051
0.153954
0.773912
-0.458626
-0.371612
-0.729363
-1.25732
-1.05525
-0.234441
-0.194149
0.720915
0.249668
0.142064
-0.0305493
0.234918
0.739164
0.193518
-0.25319
0.51821
-0.21401
-0.352223
0.0639116
0.233382
0.650441
1.08055
-0.164938
0.409057
-0.0895784
-0.116379
0.253763
0.944147
1.99053
1.09708
-0.10691
-0.439353
0.152382
-0.222525
-0.0675622
0.0851515
0.275004
0.729313
0.523676
-0.587592
0.166046
0.247272
0.451106
-0.704586
0.599655
0.782916
-0.205271
-0.451817
-0.636764
0.239398
-0.804547
0.508859
-0.329723
-0.0303512
-0.114299
-0.0949682
0.0113878
0.817865
0.0133281
0.0726664
0.345741
-0.479572
-0.993028
-0.53915
0.109241
-1.16301
-0.0988512
-0.696815
0.0570099
-0.387835
0.740591
0.32776
0.0066424
0.969128
0.294017
-0.15655
-0.0385088
-0.679304
0.115337
-1.13999
0.00505361
-0.173795
-0.449233
0.0403154
-1.1846
-0.500115
-0.582839
-0.300645
0.00141113
0.880492
-0.252192
0.304138
0.534325
-1.33325
-0.666878
0.0787889
0.297504
-0.296291
0.275135
-0.0381405
-0.750059
0.12225
0.0742363
0.699878
-0.738455
-1.74583
0.149704
0.0875571
0.636295
-0.395102
-1.10854
0.0566639
0.090824
-0.0581939
-1.35542
0.539099
-0.735638
1.28193
-0.42423
-0.181486
-0.564317
0.989607
0.909661
-0.0515291
-0.398215
-0.4066
0.990737
-0.00674557
-0.611032
-0.216282
0.198404
0.273866
-0.423493
-0.549828
-0.11432
0.137653
0.317342
-0.344651
0.0375186
0.633919
-0.0790431
0.251909
-0.798812
0.454289
0.055211
-0.804163
0.521834
0.748717
0.16709
0.393874
1.01218
0.478556
-0.530792
0.696097
0.0396147
-0.831521
1.04894
-0.228533
0.559647
-0.177407
-0.69121
-0.492629
-0.424346
0.329632
-0.386539
-0.205856
-0.0712286
0.72939
0.203908
0.117278
-0.721356
-0.0997748
0.544389
-0.408236
-0.843273
-0.392066
-0.315579
-0.118397
0.273702
0.358075
-0.0437249
0.236419
0.320907
0.022282
-1.00314
-0.147558
-0.235319
-0.0209773
0.523421
0.361467
0.807772
0.235264
-0.487894
0.179375
0.141171
-0.944515
0.164262
-0.872864
0.46893
0.213684
0.327937
0.0486078
0.268359
-0.559259
-0.042429
1.04315
-0.238563
-0.355959
-0.243522
-0.136478
0.222561
-0.394218
0.308954
-0.102028
-0.943285
-0.371643
0.148281
-0.19128
-0.0272469
0.945089
-0.495954
-0.262725
0.154053
-1.07711
-0.364123
-0.358091
-0.540748
-0.327295
-0.844198
-0.561934
-1.34897
0.701014
-0.414605
-0.535986
-0.898327
0.782886
0.0671799
-0.344387
-0.841398
0.117711
-0.495615
0.0536091
-0.749022
-0.801631
-1.05126
-0.268147
-0.181104
0.375984
0.77622
-0.599605
0.0673781
0.246234
-0.108769
0.657775
-0.362958
-0.0588585
-0.0407215
0.167243
-1.34878
0.653471
-0.0794483
-0.754377
-0.173065
-0.491403
0.272729
-0.137284
1.13667
-0.669184
-0.303498
-0.729496
-0.00050597
0.677691
0.467673
-0.242241
0.506147
0.645073
0.26174
0.710023
-0.512441
0.770669
-0.0420132
0.770167
0.36689
0.71348
-0.0144645
-0.890085
-0.297656
-0.345311
-0.28176
0.168219
-0.74689
-0.453836
-0.762544
0.245646
-0.801167
-0.146277
-0.0391855
0.0928399
0.419018
0.572822
0.525727
-0.354264
-0.203381
0.85824
0.0281632
0.402316
0.0988313
1.19975
-0.222413
-0.527175
0.390774
0.277498
-0.299057
0.183889
0.074777
-0.790296
0.320205
-0.472586
0.270694
0.608608
-0.527432
-0.365764
0.394295
-0.530998
-0.219192
0.709555
-0.203832
-0.399353
1.05702
-0.0624131
0.0500455
0.56698
-0.531087
-0.737985
-0.428869
0.885837
-0.527036
0.463811
-0.319907
-0.701636
1.3936
-0.626234
-0.146594
-0.647412
-0.83995
0.0255169
-0.0666023
-0.275535
-0.119648
0.347989
-0.898097
0.295961
0.670101
-0.368837
0.479151
-0.051861
-0.587024
1.19458
0.524851
-0.463574
-0.187679
-0.642186
0.196951
-0.628726
0.299368
-0.155407
-0.0606736
-0.507615
1.29368
0.0207505
0.37593
-0.795024
-0.0845705
-0.347177
0.0465864
0.43456
-0.908562
-0.522001
-0.405169
0.62078
0.367647
-0.133452
0.0523692
0.864673
-0.582304
-0.635604
0.840675
-0.40119
1.05597
0.218153
0.134563
0.400804
-1.05234
0.290256
0.0399508
0.400513
-0.341598
-0.904666
0.576047
0.0388824
0.448942
0.880883
0.27671
0.42702
1.04956
0.314089
0.194874
-0.839592
0.0644586
0.277939
0.285554
0.811173
0.931425
-0.24167
-0.400598
-0.316198
0.142149
-0.13709
-0.674669
-0.861018
0.255386
-0.379115
0.661287
-0.436782
-0.44617
-0.144844
0.26801
-0.296397
-0.830258
0.264909
0.438917
-0.303672
0.638061
0.658314
0.106061
-0.747247
0.417528
0.926352
-0.470052
-0.180858
0.238387
0.0799512
0.0425971
-0.0598445
-0.159279
0.48801
-0.837172
-0.381175
-0.0102336
-0.917685
-0.595593
-1.2151
-0.0716122
-0.34458
-0.253225
0.350996
-0.062149
0.547825
-0.0734086
0.180362
0.722828
-0.0213217
-0.0858196
-0.433514
0.979923
0.496361
0.288733
-0.507701
-0.441444
-0.101253
-0.65646
-0.398674
0.0850825
-0.00759856
-0.131683
0.619284
-0.842448
0.174974
0.104005
0.0714575
1.01735
-0.239896
0.274581
0.0573391
0.325214
0.181816
-0.35446
0.290698
0.251817
-0.589007
-0.477206
-0.473909
-0.379579
-0.392039
-0.629734
-0.00420291
1.69677
0.24709
0.679479
-0.578554
0.611826
-0.0983029
-0.54883
-0.263124
0.158817
0.24148
0.190547
0.833229
0.414833
0.288744
0.309348
0.542363
0.547193
-0.00717816
0.487584
-0.52246
0.725911
-0.293833
0.468763
0.528222
-0.619328
-0.90392
-0.0276937
0.52547
-0.510093
0.289348
0.0381221
0.0282419
0.598084
0.17913
-0.0812863
0.109203
0.0512104
-0.125687
-0.612261
0.285071
0.298329
-0.707465
0.994585
-0.338706
0.213427
-0.112494
0.810154
-1.19327
-0.0129884
-0.0720906
-0.103247
-0.557608
-0.0846372
0.196789
0.140253
0.055255
1.05332
0.055341
1.21895
-0.474984
0.139957
0.538452
0.593711
-0.401351
0.334189
-0.13586
-0.53315
0.190858
0.766603
0.023835
-0.293421
1.111
-0.939702
-0.723664
-0.148953
-0.782545
0.766757
-0.962984
-0.496235
0.369958
-0.162815
0.676109
0.146828
-0.652983
0.350354
-0.634071
-0.533967
0.959117
1.22591
0.86179
0.0398911
-0.169168
-0.468769
0.462045
0.167951
-0.183181
-0.489045
0.442409
0.318547
0.270867
0.271715
-1.25389
0.110562
-0.456145
1.15382
-0.949129
0.452193
0.757704
0.533942
-0.112038
0.237043
-0.717881
0.439091
-0.757455
-0.242325
0.0933426
0.728249
-0.66851
0.0149594
-0.067456
0.636409
-0.286491
-0.373223
-0.0642838
0.251314
0.0344368
-2.01899
0.378734
0.920328
0.494358
0.583906
0.130748
-0.00969517
-0.0538369
0.44931
0.000209063
-0.117906
0.143039
0.924121
0.173637
-0.618711
0.70747
0.661782
-0.186379
0.050433
-0.178966
-0.872292
0.0363069
-0.269133
0.147546
-0.470846
-0.0490926
-0.351742
-1.28232
0.399151
-0.67591
0.345918
0.390182
0.250072
-0.0437484
0.77932
-0.073294
0.282468
-0.0586646
-0.00615049
0.178913
0.40011
0.441806
0.101188
0.388161
0.21549
-0.621326
1.5871
0.284423
0.041212
-0.0778778
0.131257
-0.0509911
-0.415385
0.595384
-0.0845872
-0.583961
0.662322
0.257095
0.543075
0.0549089
-0.684606
-0.760435
-0.2297
0.802679
-1.33024
-1.30556
0.92127
-0.0886082
-0.205045
0.254217
0.432931
0.223089
1.01437
-0.70913
-1.96782
0.407432
0.32851
-0.110144
0.13804
0.0326767
0.294833
0.388229
0.695916
0.703748
-0.0115677
0.130823
1.17483
0.0201623
0.655537
-0.193117
0.0755502
0.157657
0.602167
0.351066
-0.0953206
0.893526
0.464501
-0.0204683
0.430844
0.154983
-0.301439
-0.491801
