-0.723779
-0.761715
-0.472987
0.274504
-0.0787261
-0.127491
-0.172232
0.515759
0.533716
0.402279
-0.386118
0.955703
0.322496
-1.45107
-0.110846
-0.245394
-0.659994
-0.0419562
-0.163081
0.459562
-0.13668
-0.183459
-0.628102
-0.357668
-0.940257
-0.610387
0.609431
-1.07131
0.537692
0.228626
-0.135487
0.312499
-0.240417
0.181218
-0.434692
-0.169933
-0.499689
0.661348
0.188006
-0.314484
0.0978323
-0.374051
0.0923714
0.643519
0.241398
-0.157984
0.8733
0.723189
-0.00868088
0.0186963
-1.09019
0.238336
0.676981
-0.672185
-0.290091
-0.624955
-0.154491
0.263774
-0.782947
-0.172857
0.464837
-0.374159
-1.07502
-0.142211
0.291231
-0.107967
-1.22632
-0.350688
0.626685
0.0515916
-0.534133
-0.0639972
1.08937
0.0533301
-0.303113
-0.361787
0.140434
0.982326
-0.986411
0.00782457
0.00232325
0.428647
-0.533283
1.05944
0.526255
0.184285
0.49617
-0.430775
-0.288183
-0.789749
-0.999871
0.988363
-0.498257
0.510146
0.483483
-1.35512
0.846355
-0.431145
-0.1203
0.423961
0.713626
0.192896
0.799164
-0.728342
-0.0710329
-0.390162
-0.417608
-0.601209
0.0632288
-1.43374
-0.507277
0.337169
0.434328
-0.32561
0.250738
-0.714714
-0.405996
0.682234
0.333806
0.50224
0.0741698
0.337493
0.564308
0.0636959
-0.180728
-1.40603
-0.249577
0.222815
0.876851
-0.05023
-0.0997602
-0.404927
-0.373113
-0.367461
-0.162488
-0.759664
-0.216205
-1.09652
-0.475651
-0.480694
-0.396007
-0.535155
-0.198136
0.401787
-0.00895251
-1.41007
0.851228
0.607229
0.491362
-1.06489
0.882805
-0.287073
-0.318451
-0.0555749
-0.688907
-0.547231
-0.939029
0.48946
0.50336
0.884272
-0.0738298
0.936294
-0.130332
0.972632
0.674688
-1.02794
-0.37664
0.58026
0.531287
0.258702
-0.440863
0.258863
-0.181431
0.174092
1.14914
0.103718
0.656022
-0.311182
-0.152652
0.863361
-0.538992
0.643352
0.413733
-0.297658
-0.897364
0.481717
-0.677624
0.112906
-0.385899
0.302459
0.475388
-0.230815
-0.86194
0.294737
-0.261236
-0.469878
0.80188
-0.490426
-0.0972189
-0.777936
0.169887
0.775395
-0.159112
-0.258108
-0.0456342
1.22588
0.35077
0.213877
0.0411856
-0.63674
-0.492554
-0.037228
-0.499477
0.126162
0.0340035
-0.106527
-0.0728656
-1.12892
-0.192607
0.735684
0.0505602
0.65979
-0.0982561
0.551367
-0.279415
-0.335123
0.672457
0.311997
-0.0821339
0.878463
-0.19196
0.149588
0.0957605
-0.433572
-0.725015
-0.198387
-0.00598931
0.769738
0.723985
-0.308546
-0.676134
-0.211284
-0.146681
-0.352898
1.42972
0.0532502
-0.775095
-0.191458
0.042286
-0.0302902
-0.32229
-0.329353
0.260141
0.111923
0.445315
-0.441056
0.113213
0.260947
-0.442269
-0.13972
0.915722
-0.565866
-0.162788
-0.746546
-1.10857
-0.964132
0.480167
-0.295541
0.534663
-0.463558
-0.143755
0.225032
0.718588
0.165523
-0.31156
0.635289
-0.457607
-0.497487
-0.621825
-0.215129
-0.3102
0.601501
0.149136
-0.0394223
-0.440294
0.0887663
-0.46911
0.153942
-0.756418
-0.458155
0.094017
0.260576
-0.907833
0.552238
0.263303
0.203806
-0.310732
-0.0833191
0.160412
-0.282266
-0.582426
-0.305645
-0.685532
0.0201431
-0.222357
0.353242
-0.497087
-0.052756
-0.368729
-0.208259
-0.177155
0.529014
-0.725632
-0.16998
-0.324508
0.0155344
-0.695542
-0.893961
0.45823
-0.0111066
0.0663459
-0.284713
0.12238
-0.0571623
0.133365
0.630474
-1.14116
1.24244
0.0631433
-0.137004
-0.0436618
0.0325345
-0.13876
0.0350109
0.122541
-0.450613
0.218678
0.377293
0.0349544
0.136754
0.728655
-0.686382
0.116265
0.273718
-0.0764682
-0.0131242
-0.447786
-0.358164
-0.316448
-0.0450128
-0.446301
0.0529823
0.226127
-0.927836
-0.125211
-0.00437799
0.461062
-0.986465
-0.0212139
1.04563
-0.00433682
-0.53453
-0.756972
-0.97313
-0.0403015
0.489627
0.305994
-1.32004
-0.353501
0.021568
-1.11515
-0.421035
1.19788
-0.290734
0.0338942
-0.880279
0.334118
0.881197
-0.741622
-1.0312
0.938825
0.514422
-0.858973
-1.22746
0.209873
-0.701444
0.0877924
0.223642
-0.428963
-0.327886
0.115837
-0.684288
0.387132
0.408805
0.0477999
0.190174
-0.532141
0.282676
1.23257
-0.249005
0.115723
-0.0903168
-0.105077
0.190564
-0.00731105
-0.015055
-0.44007
0.830515
-0.926137
-0.456187
1.71701
-0.4373
0.0604603
-0.0890864
0.417532
-0.264923
-0.428002
-0.574896
0.310902
-0.196607
0.37979
0.188756
-0.460036
0.0163897
1.40859
-0.71201
-0.135401
0.371553
-1.11577
-0.807378
-0.258759
-0.456803
0.472641
-1.39828
0.121741
-0.808093
-0.383819
-0.291451
-0.351246
0.194103
-1.19392
-0.0734784
0.172353
0.884086
0.0150761
0.884647
0.183169
0.0900984
0.154334
0.614513
-0.669703
1.18297
1.151
-0.651857
-0.136013
0.10174
-1.15763
-0.635812
-0.361628
0.32763
0.0442779
0.0619156
0.334375
-1.04536
-0.0964996
-0.450487
0.420277
-0.421618
0.591197
-0.904457
0.404069
1.06809
0.746014
-0.762425
-0.161261
0.0155374
0.183066
-0.502616
0.183635
-0.00801904
-0.596707
0.342198
-0.251903
0.0808346
0.112943
0.553087
0.87735
0.515741
-0.236175
0.242244
-0.0803421
-0.344978
-0.226713
1.20581
-0.741524
0.53178
-0.395073
0.602912
0.363335
0.144236
0.118194
0.177534
-0.130064
0.656111
-0.420506
-0.153318
0.407947
0.270267
0.302202
-0.701309
-0.790202
0.512729
0.566617
-0.433027
0.33436
-0.0399215
-0.279729
0.142711
0.78225
0.695364
0.384605
0.415482
0.0902466
0.314501
1.66031
0.390883
-0.392332
-1.04152
-0.702178
0.409583
0.319769
-0.0490766
0.174803
-0.263489
-0.246951
-0.217048
-0.0506653
0.0318308
0.722793
0.19971
0.385416
0.885124
-0.309829
-0.78509
1.034
-0.171689
0.315153
-1.27437
-0.0136627
0.693072
-0.471413
-0.356578
-0.965538
-0.173906
-0.0994132
0.276814
-0.1277
-0.499127
0.405161
0.442359
1.02513
0.400868
-0.244984
-0.260169
-0.916613
-0.980236
-0.0395407
0.424749
-0.966441
0.246524
0.99965
-0.0990861
0.290165
0.0673529
0.0126034
0.157414
-0.711405
0.183178
0.491599
0.291117
0.769515
0.0698875
0.397265
0.833224
-0.0808332
-0.280745
-0.118417
-0.81843
0.299991
-0.368793
0.461051
-0.882391
-0.554748
0.56624
-0.195653
0.576809
0.555525
0.476453
0.343025
0.113434
-0.0734585
-0.417521
-1.63611
0.573346
-0.945806
0.585579
-0.0387435
-0.266772
-0.692621
0.596352
0.267155
-0.797513
-0.805072
-0.553821
-0.222854
0.648717
0.11129
0.225197
0.0766438
0.0518499
-0.347559
-0.320446
0.269643
0.464149
-0.0214044
-0.115312
0.293227
0.603739
-0.103734
-1.16408
-0.187805
-0.655421
1.35687
-1.09438
-0.0220547
0.250692
0.509445
0.270412
-0.842895
0.250501
-1.02894
0.613122
0.329955
0.106529
0.0768546
0.982231
-0.422705
-0.47601
-0.257821
0.339429
0.106592
0.554683
0.465793
-0.241368
0.706444
-0.2266
-0.206556
0.370401
-0.433495
-0.691732
-0.220382
-0.0032674
-0.632557
-0.816574
-0.345559
0.537067
0.712547
-0.000175082
0.205879
-0.235832
-0.112093
-0.0283849
0.324806
0.955593
0.237492
-0.264692
-0.526941
0.0801533
-0.208898
0.0628266
0.148147
0.565187
0.421835
-0.191445
0.52137
-0.101128
0.799919
-0.0146057
-0.365381
-0.325251
-0.0687494
0.288177
-0.559291
0.110909
0.292854
0.319501
1.31057
-0.443014
0.303548
-0.334851
-0.907453
-1.00039
0.12226
1.34281
-0.238962
0.672193
-0.275325
1.13618
0.454665
-0.550806
0.283371
-0.139434
-0.211966
0.00721727
0.467318
0.35156
0.123699
-0.145703
0.0197982
-1.16782
-0.268475
0.172717
-0.463335
0.405191
0.851579
0.964721
0.338267
0.332821
-0.0565802
0.16362
-0.544302
0.565405
-1.08097
-0.0158597
-0.669119
0.296058
-1.45886
0.745603
-0.571923
-0.331315
-0.602588
-0.941244
-0.204792
-0.697284
-0.0880678
0.194734
-0.0517166
0.100024
-0.702983
0.425527
0.732271
-0.278972
0.556548
-0.835001
-0.964259
0.948181
0.0632456
-0.48782
1.08856
1.13529
-0.947025
0.147575
0.0203739
0.251956
0.500767
-0.170898
-0.640346
-0.626894
0.344439
0.256916
0.170032
-0.0465804
-0.259005
0.613927
-0.28208
0.633142
0.571793
-0.00105926
0.833547
-0.250683
0.469493
0.256068
-0.264793
-0.0367688
0.878956
-0.15638
0.431784
-0.74039
0.0747411
-0.63358
0.894226
0.802111
-0.825368
0.720608
-0.628745
0.633579
0.0599497
-0.047808
0.707324
-0.163563
0.169678
0.321716
0.319671
-0.452435
0.21417
-0.791158
-1.00747
0.0337521
-0.39391
0.274789
0.412083
0.181057
0.93529
-0.453886
0.742252
-0.112229
-0.14652
-0.193239
0.529495
-0.625269
0.781453
0.454759
-0.981939
0.877434
0.0402346
-0.108194
-0.671614
-0.616185
-0.599065
-0.680496
-0.863366
0.618106
0.30743
0.613759
-0.504253
-0.900388
-0.37703
0.719232
1.37348
0.0853424
-0.0307379
0.520831
0.89378
0.524483
-0.444145
-0.167609
-0.270639
0.967564
0.846047
-0.573363
0.292875
0.438985
-0.0460028
-0.375267
-0.237885
-0.537639
-0.198095
0.0196755
-0.593008
-0.367962
0.511881
-0.0470575
0.389399
0.547784
-0.0737639
-0.144723
0.20874
0.163539
-0.0833454
1.20635
-0.253253
0.11799
-0.0959696
0.04871
-1.09689
-0.375205
-0.585085
0.354461
-0.37527
-0.999493
-0.774847
-0.392426
0.670863
0.0320486
-0.710012
0.497015
-0.336469
-0.223865
-0.765998
-1.4641
0.522877
0.203169
-0.675074
0.91648
0.537656
0.27443
0.0279327
1.56739
0.0152951
0.498463
-0.304888
-0.599649
-0.534606
-0.308907
-0.433192
-0.638663
-0.390542
0.327135
0.325619
0.849766
-0.219647
0.794394
0.796138
0.0149899
0.384179
-0.41919
-0.201813
0.681594
-0.358678
0.0167471
0.829885
0.0128713
0.608116
-0.092769
0.488011
-0.625943
0.200501
-0.140074
0.583675
0.742494
0.263599
-0.279772
0.45579
0.13737
-0.208936
-0.649829
-0.968184
0.00593213
-0.534089
-0.873843
0.505291
0.272047
0.734047
-0.510975
1.08098
0.0304707
0.97276
0.113108
-0.727275
-0.449643
-0.0567986
-0.297611
0.297522
0.584354
0.656752
0.428615
-1.09983
-0.345922
0.277594
1.11025
0.287872
-0.485737
-0.420513
-1.02502
1.5215
0.544919
0.192988
-0.220619
-0.409353
-1.04106
-0.523076
-0.675806
0.485774
-0.429003
-0.0640257
-0.558031
-0.109185
0.160902
-0.293693
-1.20906
-0.0487156
-0.297474
-0.266962
-0.339267
0.15921
-0.060263
-1.69343
-1.22347
-0.847239
-0.328926
-0.722592
1.0716
0.642318
1.02193
0.0985534
-1.29776
0.466351
-0.226849
-0.332589
-0.339878
0.323731
-0.421162
-0.328276
0.26587
0.423132
0.692901
-0.433086
0.165219
0.334094
0.188874
-0.0202676
0.104617
-0.356602
0.0836737
0.859028
0.480391
0.119743
-0.796253
0.562936
-0.929065
0.122357
0.16948
0.168778
-0.601784
0.302651
-1.31062
-0.293185
-0.346273
-1.20246
-0.296732
-0.28399
0.125559
-0.532409
0.102057
0.514384
-0.181908
-0.399016
0.705837
0.139824
-0.45702
0.156068
-1.08913
-0.22812
0.506859
-0.26914
-0.732154
-0.807303
-0.231431
-0.750693
-0.858767
-0.0673418
-0.388449
0.450872
-0.17759
-0.430449
0.0463367
-0.399933
-0.506902
0.16777
-0.142679
0.158197
-0.194584
-0.318111
0.529084
0.215029
0.00760815
0.344017
0.1966
0.00653873
-0.871472
0.675898
0.343318
0.353797
1.27561
-0.148998
-0.696358
0.449335
-0.167383
-0.00747
0.062985
-0.107206
0.140196
0.0331112
0.547799
0.29111
-0.212046
-0.167005
-0.173168
-0.109269
0.514217
0.451225
0.8624
-0.809393
0.910028
0.300641
-0.246667
0.497423
-0.252198
0.0299689
-1.34652
0.902191
-0.275371
-0.117325
0.400492
-0.266507
-0.0994467
0.66228
0.123766
-0.570827
0.370699
0.308598
0.990027
-0.470308
0.118714
-0.187581
0.10279
-0.678606
0.0390804
0.224649
-0.256392
-0.575632
0.0476169
-0.360079
0.288598
-0.146911
-1.14666
0.4843
-0.456869
-1.01102
-0.281061
-0.295076
0.271143
-0.257682
0.700727
-0.872721
1.20971
-0.545331
0.384509
0.620141
-0.121413
-0.000570817
0.437317
1.20354
0.228687
0.120751
0.156641
-0.45153
-0.538846
-0.583685
-0.214079
-0.560328
0.512362
0.287447
0.840386
-0.0097474
0.412051
-0.0976744
-0.941109
-0.0978399
-0.0206568
-0.30338
-0.163539
0.124278
-0.703032
0.700875
1.54861
-0.238022
0.150434
0.151657
0.228077
-0.177608
-0.577912
-0.36696
-0.852022
0.0828262
0.115018
-0.259167
1.4449
-0.909625
0.0376259
-0.378417
0.400908
0.0414246
-0.393808
0.236912
0.075569
0.221486
-1.11126
0.0747396
0.0655553
0.243337
0.984048
0.63315
-1.19657
0.0780212
-0.403613
-0.253197
0.445674
-0.0337678
-0.779127
-0.889859
1.01251
0.629438
-0.116016
-0.361611
1.04307
-0.0576512
0.968055
-0.563293
0.0653647
-0.012513
-0.0319865
0.461312
0.492262
0.837368
0.450767
0.509806
-0.334502
-0.225581
-0.735672
-0.362321
0.791686
-0.190079
-0.134786
-0.247936
0.111449
-0.175398
-0.904702
-0.264809
-1.11757
-0.924251
0.501776
0.618471
-0.446473
0.235871
0.960098
0.356833
-0.931424
0.549784
-0.260188
0.00564287
-0.498724
0.075516
-0.396322
0.0123286
-1.14045
0.480371
-0.450502
0.866469
-0.661713
0.678387
-0.77104
-0.192464
0.362411
-0.399733
0.0950215
-0.231849
0.392677
-0.132909
0.574901
-0.82484
0.123621
-0.330422
-0.169736
-0.218689
0.0793942
-0.0123835
0.260461
0.174103
0.857697
0.262555
0.772077
-1.38254
0.511794
-0.149676
-0.0467854
0.741415
0.469969
-0.330418
0.178519
-0.758158
-0.377591
0.567164
0.0368602
-0.138846
0.585432
0.0307484
0.552561
-0.0189441
-0.364893
0.142893
-0.472597
0.428835
-0.382578
-0.124213
-0.0516123
-0.512753
0.165262
-0.185579
-0.099658
0.282578
-0.345649
0.300011
-0.346323
-0.231662
0.792867
0.696082
-0.633118
0.681186
-0.316387
0.696281
-0.300065
0.183457
-0.406301
0.164095
0.0841257
1.60043
0.0170079
-0.44282
0.599907
0.60373
-0.787958
1.21804
0.963661
-0.425482
-0.962818
-0.260303
-0.152374
-0.204393
-0.456946
-0.448796
0.133025
-0.548067
-0.570712
0.474567
-0.00405794
0.636226
0.0478379
-0.0537519
-0.216171
0.904207
-0.682834
0.139017
-0.50271
0.529403
-0.394018
-0.0987383
-0.514326
0.169112
-0.436871
0.149056
1.58709
0.639416
-0.139538
-0.0759132
1.29012
0.382814
0.259271
0.15026
0.194103
0.316758
-0.172594
-0.411749
0.358882
0.325925
-0.740125
-0.133143
-0.14051
-0.0943773
-0.572091
0.521429
-0.411489
0.580112
-0.180764
1.32329
-0.550238
-0.0838996
0.0519976
0.334895
0.936744
0.947915
-1.14206
-0.190999
0.24406
-0.269364
-1.19819
-0.18006
0.174111
-0.0272493
-0.394277
0.169004
0.520269
-0.817778
0.516966
-0.0432918
0.317168
0.333618
-0.328009
-0.169746
-0.197403
-0.206997
0.564707
1.03554
0.557228
-0.0561095
-1.13244
-0.461284
-0.167428
-0.207661
-0.230513
0.694589
-0.841348
0.0600597
-0.48893
-0.709006
-0.489463
0.23367
1.51832
-0.164204
-0.239343
-0.206719
-0.929628
0.329441
0.219205
0.129399
0.475766
0.392469
1.05537
-0.242028
-0.540269
0.117168
-0.567228
0.436838
0.679907
0.110405
0.469908
-0.0380078
0.0520988
0.0412007
-0.0736357
-1.04837
0.215128
0.502729
-0.491299
-0.41354
0.00990161
0.411365
-0.0467304
-1.37592
-0.196935
-0.568615
0.969974
-0.141119
0.777086
-0.509768
0.888769
0.0390297
0.0641595
0.289602
-0.653849
0.720729
-0.0336644
-0.201579
0.777378
-0.405577
0.00801388
-1.32325
-0.165993
0.477677
-0.731654
0.624985
-1.36072
-0.128821
0.278096
-0.668636
-0.228094
0.553068
-0.314312
-0.558652
0.633382
-0.611914
-0.593674
-0.136835
1.04267
0.410105
0.273519
-0.0679142
-0.143729
-0.0267366
0.0435074
-0.866939
0.27247
-0.647627
0.633933
-0.663844
0.0213286
0.115506
-0.0937755
-0.745664
-0.0913185
0.634923
-0.758528
0.0372477
-0.776749
-0.0751562
-1.26418
-0.593803
-0.136709
0.336594
-0.26151
0.0314566
0.0596794
0.291272
-0.244335
-0.528564
-0.140784
0.297088
-0.0257588
-0.674483
-0.816673
1.0338
-0.596263
-0.174205
-0.0428687
-0.151783
0.164049
0.782708
0.405225
-0.0942377
-0.906298
-0.0588559
1.17695
0.464587
-0.222629
-0.335569
-0.648402
0.1518
0.480776
-1.33867
-0.198078
-0.125018
0.371155
0.277211
1.25544
0.311994
-0.268671
-0.481672
0.158529
-1.31292
-0.423606
0.0793753
0.794209
0.667812
0.0705306
0.0293075
-0.307673
0.0581645
-0.0823329
0.181818
-0.920659
0.587621
-0.704205
0.781536
0.402416
-0.398861
-0.669642
-0.293618
0.485444
-0.0278127
0.516172
0.0636725
-0.230881
-0.240141
-0.135968
0.863363
0.489798
0.0419895
-0.705206
0.228238
-0.475609
0.178679
0.845728
-0.304523
1.13089
-0.154102
0.00689579
0.905468
-0.0856836
0.0044009
0.258205
0.26005
0.223335
-0.475199
0.156574
-0.205516
-0.381529
-0.813677
0.256948
-1.0288
1.18143
1.07405
-0.577493
-0.161482
0.605827
-0.438482
-0.634164
-0.20224
0.669579
0.367482
-0.0513812
-0.372922
0.266322
-0.512847
0.59595
-0.287599
0.105421
-1.05907
0.343282
-0.293484
0.266905
0.56125
0.237663
0.593513
-0.10703
-0.591636
0.0159687
-0.513559
0.688513
0.532374
0.937318
0.11901
-0.220695
0.0815937
0.195456
-0.47127
0.0975696
0.192745
-0.311319
-0.812893
-0.74788
0.295215
-0.163855
0.516306
0.69941
-0.650309
0.332808
0.877908
0.43193
-0.359686
0.952943
-0.605518
-0.114234
0.186278
-0.00120145
0.108296
-0.232876
0.00169344
0.137343
0.650823
-0.275612
-0.352094
0.00848186
-0.69223
0.21656
-0.0185076
0.736656
-0.211895
0.656238
1.35317
-0.328811
-0.940449
-1.04733
-0.0722378
1.25217
0.15231
-0.749437
0.374532
0.211107
-0.783989
0.484633
0.0625398
-0.159488
0.677678
-0.182851
-0.233021
0.53841
-0.935948
-0.0449789
-0.226156
-0.744589
0.172956
-0.594462
-0.487752
-0.371872
0.418527
-0.343222
-0.179074
-0.0763074
0.450642
-0.595885
-0.253541
0.970767
0.150831
-0.55042
0.872735
0.00340651
0.22107
-0.472875
0.906602
0.427642
-0.424167
0.301163
-0.38165
-0.158552
-0.0501573
0.0313719
-0.571762
1.19403
0.390287
-0.578352
0.209101
-0.427096
0.0409867
1.18041
-0.434987
0.644626
0.257624
-0.800572
0.208152
-0.992532
0.744013
0.456258
0.122525
-0.868394
-0.0879423
0.132938
0.0431362
0.526212
-0.0414472
-0.35737
0.0810468
-0.511637
0.521622
-0.0723395
-0.0745193
0.0952558
-0.92773
0.189994
0.483414
0.461657
-0.692772
1.21179
-0.843859
1.18704
0.333863
0.0405134
0.13257
0.259778
-0.64287
-0.289155
0.429693
0.600941
-0.438474
0.0384396
-0.537273
-0.201788
-0.126174
-0.4532
0.391723
0.234714
0.0866205
-0.0507704
0.54786
0.708811
0.0701608
-0.0216369
0.0959927
0.961256
0.623144
-0.243464
0.522581
-0.830231
1.04903
-0.100089
0.685342
0.313563
-0.250104
0.141985
-0.299601
-0.166502
0.326642
0.526391
-0.643054
-0.207421
-0.149164
-0.143492
1.28904
-0.156642
0.227276
0.759957
0.0590557
0.186737
-0.693839
-1.17124
0.177023
0.0861734
-0.0383816
0.0819752
-0.457921
-0.174205
-0.0193493
-0.411447
0.252263
0.944202
-0.261747
0.106268
0.537874
-0.114498
0.275594
0.134155
-0.162982
0.343736
1.11965
0.414324
-0.450082
0.541211
0.28993
1.52641
0.912993
0.145864
0.576897
0.983006
0.8038
0.0146471
-0.107902
0.844543
0.0713612
0.163018
1.00752
-0.0239398
1.46723
1.27458
-0.778096
-0.00349897
-0.719593
-0.332484
0.42165
0.35791
-0.0897894
0.295377
0.428017
-0.0864774
0.557684
-0.411498
-0.395221
0.677489
-0.918669
0.169611
-0.0251501
-0.114495
0.258984
-0.010196
0.487234
-0.159227
0.871641
-0.343957
-0.181618
0.0829895
0.629389
-0.347759
-0.694457
-0.0919926
0.371363
-0.121104
0.262666
0.53618
0.397748
0.299619
-0.444725
0.816578
1.1161
0.0571509
-0.211989
1.56552
-0.362872
0.108681
-0.234184
-0.15843
1.94654
0.415062
-0.185997
-1.45124
-0.432149
0.355879
-0.950139
0.653115
-0.565922
0.451051
0.481752
0.504074
0.0619318
-0.286442
-0.0499316
-0.119918
-0.465428
0.62767
-0.0344049
0.759173
0.133603
0.456959
-0.217767
-1.00975
-0.271335
0.204367
-0.00907179
-0.400576
-0.145961
-0.519544
-0.156577
0.338796
0.266376
0.35026
-0.125747
0.394295
1.17056
1.04483
-0.29325
1.53282
0.634201
0.423578
0.73454
-0.00356291
0.961953
-0.0530367
-1.42832
-0.206597
-0.139869
0.0793637
-0.355204
0.01069
-0.593926
-0.384135
-0.359148
-0.55474
0.914953
-0.00358209
0.000465637
-0.55737
-0.204352
0.947353
0.853789
0.00175656
-0.298337
0.380071
0.0647539
0.247929
-0.83974
-0.426974
1.18216
0.398283
0.459685
-0.2854
0.702357
0.585202
0.163806
-0.218186
0.0366094
-0.0170724
-0.162613
0.214776
0.264886
1.0967
0.433166
-1.16236
-0.0971
0.39586
-0.0277043
-0.0347099
0.154659
0.693268
0.0514329
-0.341866
-0.367918
-0.52237
0.319222
-0.0563294
0.998382
-0.402557
0.148021
0.483013
0.257939
-0.595555
0.191575
-0.324807
0.535481
-0.407826
0.337725
0.628906
-1.13285
-1.71449
-0.0304418
-0.386635
-0.457666
0.92039
-0.617025
1.17592
-0.500029
0.183125
-0.177069
0.0315674
0.475049
-0.85036
-0.110577
-1.00604
-0.186025
-0.060248
0.756658
0.656198
0.29603
0.325958
-0.935001
0.994706
0.00141977
-0.462967
0.0926613
-0.805965
-0.268737
0.572446
-0.269123
0.11241
0.623712
0.367126
-0.463116
-0.458887
0.787898
-0.248695
-0.764786
0.931194
-0.215626
-0.113324
-0.14505
-0.698101
-0.062245
-0.330275
-0.0102015
-0.219752
-0.385869
0.245819
-0.247557
-0.0729608
0.558232
1.45835
0.318441
0.117768
1.00648
0.55223
1.02614
0.73432
0.155151
0.680941
0.398271
0.0721183
0.0186829
0.777996
0.50666
-0.52211
-0.325155
0.392568
-0.0957282
-0.245836
0.130908
0.327936
0.723179
0.283147
0.154251
-0.524897
0.0257074
0.340663
0.675381
0.307577
-0.12317
-0.117379
-0.210196
0.681035
-0.714852
0.0876389
0.427501
-1.27256
-0.431168
0.518047
-0.702896
-0.22693
0.373147
-0.411144
-0.524309
0.887758
-1.25429
0.104506
0.624629
-0.707704
0.203437
-0.823682
0.341016
0.0220368
-0.750532
-0.433042
0.561986
-0.485969
-0.327203
0.0411358
-0.282244
0.925172
0.259863
0.161541
-0.804306
-0.808606
0.307496
-0.654005
-0.294545
0.10235
0.129571
0.328449
0.648122
0.161913
0.175736
-0.653406
-0.313572
1.01111
0.0367306
-0.0323309
0.271922
0.660466
-0.275094
0.0802539
0.681606
0.648239
0.401232
0.675798
-0.217391
0.522574
0.152669
-0.655787
1.29406
0.80101
-0.0897475
-0.68289
-0.393902
0.0391627
0.389938
0.169071
-0.492316
-0.367684
0.869376
-1.1278
0.966319
-0.305147
0.227182
-0.679834
-0.124405
0.455601
-0.0973187
-0.517327
-0.276826
0.194933
-0.887849
0.414794
0.133984
-0.361389
-0.0721249
-0.0967413
0.0648774
-0.179885
0.52699
-0.138981
0.618167
-0.715909
-0.300015
0.036165
0.110493
0.951292
-0.43524
-0.00704847
-0.266413
-0.6082
0.53419
-0.444966
0.957196
-0.271226
-0.201965
0.143534
0.29662
0.601655
-0.337935
1.02931
-0.152072
-0.411913
0.190862
0.419405
1.06395
-0.256268
-0.201991
0.0989689
0.455816
0.156079
0.329726
-0.272625
0.260801
0.839202
-0.344874
0.60392
-0.388197
-0.295181
0.835392
-0.417424
-0.455912
1.28904
0.825598
-0.510322
-0.16675
-0.501896
-0.673476
-0.208561
-0.843382
-0.523603
0.0177966
-0.12831
-0.334354
1.48194
-0.453982
-0.304675
-0.100793
-0.583314
-0.702987
0.338354
-0.0186537
-1.03341
-0.724116
1.36148
-0.207227
-0.595823
0.571496
-0.159939
-0.843982
0.846623
-0.0376567
0.0737239
0.581721
-0.660355
0.936631
0.384938
0.0714174
-0.594574
-1.07682
-0.562612
0.431095
0.112662
0.455692
-0.0289862
0.719336
0.355543
-1.38359
-0.94521
0.629016
0.543422
0.0321391
0.560532
-0.0416762
-0.543932
0.537857
-0.0128195
0.521075
0.242331
-0.0444936
0.418487
0.377075
-0.32738
0.198983
0.309146
1.19233
-0.462546
0.584286
-0.222127
0.587277
-0.373234
0.768781
-0.947463
-0.000638832
0.58307
0.0686851
0.603367
0.373826
0.746039
0.481653
0.496664
-1.06459
-0.0870684
-0.254836
-0.606715
0.314718
-0.368014
0.429988
-0.427352
-1.10786
-0.388267
-0.386042
0.511078
0.467898
-1.27479
0.0393449
-0.212263
-0.192822
-0.36547
0.492027
0.132468
0.792284
-0.422712
0.537304
0.353242
-0.269454
0.126716
0.402597
0.355891
1.3314
0.868215
0.449504
0.298224
-0.688073
-0.612641
0.0220871
-0.151975
-0.692909
0.483162
0.267231
0.185946
-0.340766
0.0624348
0.368597
-0.852127
-0.719865
-0.702047
-0.0506578
0.0408269
-0.451015
0.193476
0.234159
-0.8742
0.333306
-0.0431546
-0.290629
-0.226461
0.344546
-0.339358
0.78045
0.81117
-0.213092
0.965768
-0.0970704
0.102561
0.360286
-0.256873
-0.900765
-0.00105121
-0.235841
-0.108083
-0.615475
0.735615
-0.680042
0.126326
1.00991
-0.793849
-0.243788
-0.555307
0.373609
0.983631
-0.918178
1.26253
-0.0479485
-0.278991
0.00273816
-0.143559
-0.0480142
0.0798848
-1.05588
0.909475
-0.405933
-0.188394
0.491684
-0.885185
-1.59409
0.801028
-0.596387
-0.376475
-0.161431
-0.088058
-0.26015
-0.542671
-0.101053
-0.313503
-0.405185
-0.538893
-0.135034
0.84866
-0.764744
-0.0545512
-0.235665
-0.517398
-0.26365
-0.414638
-0.0358825
-0.642897
0.117673
0.0560462
0.279797
0.199005
0.680873
-0.390554
0.12032
0.925156
-0.352226
-0.121633
0.294335
0.610062
-0.00605993
-0.0909483
-0.335148
-0.0991732
0.629805
-0.666337
0.32616
0.078235
-0.135429
-0.243233
0.0835899
0.164829
0.586978
0.0748597
-0.344132
-0.193762
-0.379334
-0.422186
0.0783991
-0.378423
0.85485
-0.114296
-0.0118639
-0.54942
-0.372322
0.56855
0.880341
-0.224369
0.910447
0.328929
-0.353276
-0.0625671
-1.15865
0.152168
1.3512
-1.00219
0.0280748
0.449564
0.472259
-0.285822
0.0790231
-0.129057
-0.164549
-1.04189
0.0611641
0.29708
0.0705784
0.541659
0.20037
-0.310723
0.921069
-0.736157
-0.4931
-0.514632
0.360483
0.136868
-0.327557
-0.593276
-0.593565
-0.754552
-0.884808
-0.487623
-0.602211
0.419613
0.436239
-0.192492
0.110622
0.158103
-0.493119
0.151493
0.567209
-0.0227542
-0.0235762
1.25659
-0.0861777
0.674129
0.37337
0.566733
0.127511
0.36367
0.490357
-1.1882
0.0606373
0.125683
-0.59931
0.146233
-0.628095
0.183799
-0.278174
-0.138374
-0.193476
-0.115833
0.586978
-0.388849
-0.404226
-0.0137083
-0.000894867
0.257446
-0.167135
0.0272816
-0.284835
-0.353536
0.405736
-0.551221
-0.802153
-0.438331
0.20471
0.307335
0.00981584
-0.891973
0.389921
-0.413028
-0.596049
0.46125
-0.647416
0.317907
-0.0521953
0.657901
1.2931
0.278793
0.423259
-0.992914
0.380299
0.972633
0.121276
-0.662238
0.216003
0.217643
0.17682
-0.347567
-0.342941
-0.154585
0.403881
-0.512805
-0.325845
0.686671
0.323914
-0.461469
-0.798254
0.146001
0.135739
-0.0328806
0.852769
-0.896819
0.0291296
-0.295909
-0.381521
0.511422
-0.106498
-0.501058
0.0604737
0.256805
0.523736
0.384094
-1.22706
0.583437
-0.31768
0.854616
0.459776
0.821647
-0.247567
0.577718
-0.0583709
0.321844
0.262568
-0.150999
0.467808
-0.457371
1.21569
-1.11185
-0.295106
-0.382137
0.445663
-0.676138
-0.0669703
-0.0313289
-0.56931
-0.260399
-0.305318
0.133406
-1.01168
0.189811
-0.688101
-0.316118
0.149
-0.172241
0.999381
-0.257708
-1.05344
0.424467
-0.462166
0.274772
0.790027
0.0363132
0.399158
-0.0408596
-0.418385
-0.661704
-0.0273025
0.577072
-0.190483
-0.938142
-0.0541835
-0.838932
0.425281
0.761624
-0.0775364
-0.738877
0.802342
-0.914085
0.0169153
-0.404897
0.847834
0.802739
-0.155728
-1.30793
-0.17386
-0.447238
0.185883
0.0738335
-0.287643
-0.36617
-0.188102
-0.729946
-0.036897
-0.122513
0.288258
-0.0791903
-1.16706
-0.797889
1.08682
-0.953031
-0.286297
0.243259
0.0717171
-0.266393
0.189493
-0.300655
0.0177244
-0.13928
-0.30904
-0.077365
0.397613
-0.197166
-0.232182
-0.534693
-0.43058
-0.321421
-0.610902
0.34453
-0.331105
-0.0210997
0.145605
0.349154
-0.624395
0.346368
0.610379
0.0186183
0.481472
-0.0216705
0.235791
-0.149874
0.461312
0.722865
-0.751128
0.0815321
-0.697537
-0.374856
0.158822
0.342447
-0.997713
-0.169234
-0.553982
-0.830088
0.561621
1.29587
-0.408287
-0.447966
-0.0013061
0.217017
-0.297017
-0.441341
0.308413
-0.540436
0.907294
-0.345213
0.62987
-0.175753
0.813359
-0.199495
-0.231209
-0.234381
0.00120185
-0.259604
-0.0843048
-0.708209
-0.857026
1.05282
-0.308514
-1.27699
-0.175606
-0.202591
0.399756
-0.0356677
-0.370539
-0.140755
0.568671
-0.26735
-0.263304
-0.431889
-0.22832
-0.382386
-0.0742298
0.0759766
0.027488
0.206522
-0.877297
-0.315766
-0.22434
-0.183186
0.319249
-0.904574
0.423481
-0.41972
0.0300393
-0.21052
0.466173
-0.209861
-0.106413
0.903221
-0.112947
0.0139029
-0.299064
0.225157
0.342096
0.420745
-0.21824
0.486892
-0.494255
-0.219965
-0.456416
0.703461
0.442874
0.334846
0.737467
-0.292151
0.651351
0.119875
-0.481821
0.883366
-0.594728
-0.462265
-0.177209
0.580511
-0.093787
-0.352244
0.135674
-0.0971597
0.037711
-0.255819
-0.258898
-0.53565
0.44569
0.822917
-0.0609644
-0.403965
-0.458007
-0.445682
-0.506876
0.0577167
0.478945
-1.13018
-0.157521
0.0856554
0.685046
-0.669879
-0.219872
-0.441011
0.206402
-0.969237
0.159869
-0.192976
-0.254422
0.461188
0.147734
0.269009
-1.08762
0.361206
-0.297006
0.247514
-0.715149
0.0615739
-0.46821
-0.256123
-0.0885396
-0.552785
1.11223
0.483164
0.259892
-0.556452
-0.818885
-0.00475308
-0.0412388
-0.18814
0.366867
0.925317
0.259226
1.12033
-0.72459
-0.133226
-0.088561
-0.306775
0.313454
-0.375563
-0.0188336
0.457423
0.248263
-0.116956
0.30292
0.368632
-0.0287252
0.133837
-0.472867
-0.638437
-0.190513
0.205067
0.360493
-0.170185
0.0900313
0.155483
-0.517471
0.173647
1.24316
-0.080679
0.752276
0.0181848
0.381351
-1.19431
0.204201
0.184792
-0.418619
0.374864
0.696359
-0.621683
-0.108858
-0.37871
0.399073
0.189148
-1.07481
0.269601
0.27572
-0.154344
0.0681396
-0.0479671
0.082128
0.363571
-0.484811
0.0182194
0.0315017
0.0687748
0.12296
-0.0329187
-0.864694
0.713666
0.252525
-1.07972
0.101585
-0.0154604
0.991008
-0.0043449
1.02032
0.152064
-0.527444
-0.349499
0.464654
0.300196
-0.860692
0.191248
0.702177
-0.32619
-0.904486
-0.859453
0.402092
-0.463076
-0.333634
-0.638044
-0.0227207
-0.319262
0.0692786
-0.38536
0.140699
-0.0693484
-0.637286
-0.21037
0.403214
0.507613
-0.501262
1.03686
-0.718719
0.0823657
-0.150043
0.95312
-0.681043
0.421783
-0.335362
-0.782442
-0.656725
0.612902
0.460636
0.221842
-0.345116
0.87705
-0.664185
0.302852
0.651527
1.13899
-0.529622
0.0115416
1.24329
0.0246677
-0.25959
0.206581
-0.221171
0.164364
1.3269
-0.0627912
-0.296136
0.317906
0.176422
-0.0302172
-0.901836
1.07676
0.641441
-0.919735
-0.433807
-0.548589
0.135899
-0.130429
0.78783
-0.333612
0.0738206
0.0523114
1.21696
-0.793607
-0.31885
-0.56748
-0.383039
-0.199981
-1.36842
0.661302
-0.685788
-0.0542367
0.698956
0.725616
0.901851
-0.523939
-0.494608
-0.180702
0.323243
0.028716
0.787058
0.0663106
0.313913
1.15318
-0.00801623
-0.172822
0.317858
-0.0882336
1.38318
-0.69603
0.645381
0.588671
-0.543377
0.403052
0.143145
-0.138587
0.0879922
-0.481755
-0.158521
0.456479
-0.0752702
0.100789
0.782678
-0.740103
0.199356
0.809623
0.0824909
0.172014
-0.479267
-0.415591
0.0834494
-0.767939
0.901811
-0.835156
1.37257
-0.0246506
0.431868
-0.728423
0.929456
0.0786222
0.136082
0.360119
-0.0903814
-0.334774
-0.434064
-0.276293
-1.5186
0.832444
-0.495525
-0.393441
0.140105
0.87502
-0.535095
0.0288489
-1.22
0.379508
0.626384
0.893766
-0.700252
-0.339722
-0.819901
-0.208858
-0.864662
-1.20782
-0.0176289
-1.15893
-0.836761
-0.564576
-1.02689
0.305432
-0.18457
-0.622139
0.755067
-0.101337
0.529157
0.133241
-0.140851
-0.824448
-0.279674
-0.0536312
0.123296
0.631927
0.605027
0.108787
-0.189359
0.799418
-0.874041
-0.684153
-0.722032
-0.191274
0.0427757
-0.330109
-0.207388
-0.528726
0.457995
-0.277987
-0.437604
0.111512
-1.20416
-0.252571
-0.625393
0.429685
0.301919
-0.334723
1.22647
0.216564
0.810691
0.487268
-0.983215
0.127546
-0.530104
-0.0754298
-0.0514171
0.162933
0.17396
0.0616926
-0.285208
-0.639087
-0.0344588
-0.275234
-0.682613
0.216728
1.08846
0.961592
0.122958
0.662096
-0.739528
0.341707
-0.27882
0.13027
-2.31201
0.745498
-0.710159
-0.400156
-0.138563
-0.221291
0.644959
0.705636
-0.20952
-0.605989
0.856701
-0.129043
-0.628548
-0.02331
0.100151
0.15094
-0.0858648
0.826526
-0.567307
-0.460127
-0.665632
-0.25464
-0.645373
0.024098
-0.511294
0.846805
-0.485868
0.253566
0.18515
0.968214
0.0999606
0.2072
-0.27933
1.3845
-0.768056
0.646212
-0.216667
0.18563
0.268151
0.538422
0.373674
-0.102801
-0.00372603
-0.525676
-0.1458
-0.213636
-0.606966
-0.328492
0.450011
-0.0324215
0.337964
-0.374245
-0.192203
0.999298
0.447234
-1.53184
0.368547
-0.719435
0.600864
-0.983964
-1.17838
-0.149063
-1.08016
-0.627199
-0.285546
0.184174
-0.512529
-0.0723249
0.469901
-0.782958
0.331304
0.298088
-0.24351
0.851458
1.12568
0.375823
-0.614568
-0.687625
0.108881
0.222506
-0.0420374
-0.0978463
-0.470782
-0.966418
-0.0444777
0.0713587
0.124415
0.698854
0.00156645
0.533261
0.488806
0.185043
-0.413918
0.480101
0.8535
-0.788294
-0.144552
-1.73817
-0.870961
0.908078
0.0963496
0.315886
-0.539393
0.953891
-0.387267
-0.795234
-0.263573
-0.168959
-0.626512
-0.255506
0.87484
-0.0940163
-0.558809
-0.139002
-0.771624
-0.0822119
0.869076
-0.4106
-0.197545
-0.112923
-0.619152
0.0783418
0.111429
0.915733
0.568224
-0.0218979
-0.754519
0.254615
0.293229
-0.284653
0.505308
0.556814
-0.413496
-0.224043
-0.253206
0.460029
0.793561
-0.567596
-0.179534
-0.744954
0.363069
0.0450341
0.512427
0.436636
-1.61762
-0.538469
0.305969
0.552516
0.654001
0.328265
0.279741
1.02971
-0.73332
-0.926357
0.108223
0.377606
-0.64066
-0.124621
-0.287961
-0.674624
0.27858
0.0594591
-0.857029
0.742438
-0.135216
0.421169
-0.200537
0.100111
-1.55618
0.0351521
-0.82229
0.368253
0.850926
-0.498378
0.626706
-1.18999
0.756052
-0.734205
-0.483658
0.0230554
0.306798
-0.851413
-0.795603
-0.766901
0.18413
0.119748
0.892599
-0.372075
-0.856541
-0.578187
0.432044
-0.420292
0.0199133
-0.132618
-0.285676
-0.0472129
0.0658449
0.262437
-0.876537
-0.217381
0.482903
-0.466602
-0.380467
-0.0811251
-0.702169
-0.633632
-0.116666
-0.279513
-0.356512
0.568797
0.318911
0.197821
1.14705
0.425985
0.524227
0.631798
-0.576885
0.172643
0.209256
0.347963
-0.503568
0.372352
-0.103228
-0.238618
0.0365498
0.219721
0.0364894
0.385894
-0.503235
1.22315
-0.446858
-0.896891
-1.17304
0.554304
0.107524
0.616777
-1.05426
-0.151861
-0.390401
0.572196
0.749732
-0.54058
-0.106032
-0.520872
-0.0609057
1.11525
0.319645
0.688093
-0.712613
-0.146721
-0.422052
0.868759
-0.146812
-0.750549
0.464474
0.706178
0.748058
0.640218
-0.372353
-0.454325
-0.258246
0.489659
-0.409532
0.715241
0.452661
0.349093
-0.60031
-0.393633
-0.0479896
0.0263161
-0.468833
-0.0998716
-0.625992
-0.158187
0.835532
0.211491
-0.019358
-0.549891
0.098993
0.41264
-0.926112
0.17941
0.615007
-0.0997232
0.324477
-0.602116
0.874416
0.911792
-0.396688
0.623489
-0.175061
-0.394346
-0.449377
-0.167161
-0.901545
-0.756471
-0.363402
0.753185
0.529262
-0.0637544
-0.073059
-0.790462
0.599182
1.21356
0.376023
0.635067
-0.398854
0.0978235
0.151147
-0.389743
-1.22465
-0.200187
-0.0381797
0.340599
0.0968778
-0.226067
-0.0884765
0.119802
0.245431
-0.376744
0.63161
-0.0699657
0.0666973
0.807303
-0.088925
-0.466941
0.227569
0.316287
-0.232466
0.283758
0.192967
0.77751
0.548658
-0.449992
0.355663
0.333972
0.725897
-0.529495
-0.38781
-0.444335
0.293539
0.157629
-0.425275
-0.297124
0.345957
0.0508961
0.234981
-0.593875
-0.667509
0.216786
-0.721741
-0.112342
0.408702
-0.234517
-0.996377
0.161228
0.126247
-0.650797
-0.218705
0.256906
-0.37072
-0.900587
-0.591773
0.677841
-0.0422892
0.639599
0.463157
-0.139758
-0.125128
-0.201199
-0.0466359
-0.865182
-0.0898632
-0.144914
-0.471945
-0.36822
0.1599
-0.837478
0.662365
0.571871
-0.13215
0.192956
-0.173962
-1.39895
-0.158732
0.10637
0.189577
-0.955256
0.180492
-0.0475658
-0.361542
-0.118165
-0.464622
-0.764606
0.279831
0.436211
0.297058
-0.0675089
-0.479846
-0.526605
-0.30768
0.0847427
0.110095
-0.264866
0.90296
-0.553849
-0.418116
0.220217
0.301108
0.670073
-0.577284
0.389309
-0.413486
-0.199981
-0.349546
-0.686463
-0.04604
0.807656
-0.403008
-0.36934
-0.167375
0.193501
0.629484
0.212106
0.673588
1.82782
0.148922
0.310262
-0.411264
-0.361741
-0.0372149
-0.182562
0.559886
1.60312
0.508769
0.468546
0.145619
0.564246
0.130533
0.103021
0.724525
-1.10276
0.641256
-0.313146
-0.035821
-0.0488748
0.139912
0.561951
0.0210945
0.0610454
0.135164
-0.212718
-0.620328
0.317483
0.534224
-0.470755
0.862926
0.846284
-0.445786
-1.10226
-0.162229
0.231762
-0.0690001
0.139015
-0.489025
-0.0590259
0.100325
0.733712
0.163305
-0.0883027
0.214087
0.362404
-0.113929
0.305179
-0.442149
0.717868
0.0426305
0.195065
-0.231452
-0.519081
-0.467089
-1.46838
0.450339
-0.689601
0.485778
0.362956
-0.228693
0.0310092
0.580839
0.252562
0.78662
0.389751
-0.662674
0.972868
0.162783
-0.00424637
0.0596028
-0.274866
-1.23175
-0.16232
-0.245882
0.823396
-0.242727
0.414325
-0.368543
-0.0510021
0.15828
-0.352707
-0.985381
0.19949
0.195919
-0.459747
-0.160915
0.407166
-0.461697
-0.167031
0.702635
-0.320535
-0.139082
0.845423
0.372124
-0.383642
-0.728296
-0.635096
-0.0917061
-0.665084
0.017902
0.0848492
0.629719
0.754327
1.46636
-0.0755313
-0.220485
0.558011
0.909463
0.633429
-0.452716
-0.890541
-0.297415
0.82281
0.723563
-0.597809
-0.190394
-0.361021
-0.0420214
0.692855
-0.199072
-0.0880945
0.44468
1.05724
-0.652248
1.37665
-0.796969
0.369489
-0.0195158
-0.258387
-0.0732085
0.00349087
0.278257
-0.161406
-0.0820825
-0.161446
-0.377255
0.190769
-0.292207
-0.827713
-0.00469269
-0.403658
-0.118074
-0.191707
-0.00928143
-0.507567
-0.228472
-0.674772
-0.315005
0.456026
-0.16853
0.161577
0.210751
0.219177
-0.235037
-0.364982
-0.904417
0.274085
0.240303
0.314535
-0.188294
0.355187
-0.491776
0.270338
-0.489919
-0.663559
-0.659863
0.216902
-0.461648
-0.239946
0.102682
-0.706787
0.359369
-0.160769
-1.63776
-0.17702
0.444411
-0.631237
-0.338999
-1.41071
-0.18061
0.259912
-0.0353427
-0.384194
-1.05357
0.124134
0.842647
-0.754732
0.37847
-0.871508
-0.695307
-0.131182
-0.624151
-0.396761
-0.484765
-0.305374
0.556857
-0.522009
-0.216853
-0.219499
-0.536088
-0.258513
0.543556
0.397841
0.405177
-0.772588
0.814164
0.611774
-0.0746139
-0.749474
-0.00835618
-0.607375
-0.545979
0.75268
0.0277285
0.366156
0.804388
0.365173
-0.516267
0.721615
-0.422361
0.0958073
-0.0132441
-0.180375
-1.08017
0.585435
0.682878
0.428062
0.650952
-0.191552
0.0249702
0.345075
1.12081
-0.547139
-0.935431
-0.72779
-0.302937
0.417534
-2.10636
-0.241047
0.226103
0.41706
-0.013196
0.713285
1.00005
-0.196646
0.484644
-0.681695
0.668146
-0.425453
-0.0093439
0.487343
0.568627
-0.299124
0.720991
0.0158079
0.199958
0.0915062
0.101414
-1.14273
0.382815
1.40101
-0.571478
-0.0816914
0.334698
-0.319694
-0.65917
0.155677
0.68939
0.353215
0.0119292
-0.152156
0.442874
0.158291
-0.665806
-0.234469
-0.0913127
0.782172
-1.4288
0.263959
0.39427
0.307012
0.199132
-0.6911
0.53966
0.319672
-0.464381
0.488011
-0.607024
0.243476
-0.244763
0.129817
-0.232312
-0.27029
1.35867
0.642091
0.722528
0.947496
0.571666
0.0127865
-0.157737
0.00697176
0.120855
-0.192782
0.00183041
0.733511
-1.00498
-1.02879
-0.484373
-0.758504
-0.101375
-0.0345635
-0.412424
-0.584118
0.307438
-0.142092
-1.28947
-1.22242
-0.145407
0.655182
0.0469171
-0.146977
0.365561
0.589203
0.19995
0.233884
0.334874
-0.0844537
-0.0753774
0.724809
0.0342559
-0.189441
-1.04726
-0.014601
0.48943
0.165829
0.25461
0.750394
-0.0455149
-0.109397
0.246426
-0.117385
0.239237
0.0501115
-0.771036
0.347306
-0.198308
-0.140704
0.00418396
0.331994
0.376625
0.649398
0.284201
0.0147539
-0.322905
-1.07274
-0.0101419
-0.529201
0.484662
0.297267
0.168375
-0.455022
-0.807189
0.70564
-0.556617
-0.729105
0.107963
0.148074
-0.387967
-1.24378
-0.343365
0.271814
0.0772009
-0.245194
0.755922
0.275198
0.735564
0.457602
-0.510037
-0.884289
-1.43272
-0.567059
-1.26741
0.617478
0.264704
-0.362836
-0.21021
-0.118045
-0.356295
-0.227475
-0.337764
-0.427456
-0.31281
-0.0561794
-0.897769
0.551718
-0.108031
0.340792
0.631336
-0.447735
-0.418792
-0.338533
0.460456
0.0966496
1.04632
0.193194
1.04814
0.400266
-0.404439
0.246322
0.109692
-0.058564
-1.07259
0.0276711
-0.364384
0.463565
-0.223486
-0.171754
-0.792804
1.13951
-0.01749
-0.277921
0.101491
-0.112092
-0.124948
0.959013
-0.21785
-0.610964
0.32301
0.612913
0.266698
0.14018
0.252336
0.354487
-1.12172
0.563938
0.0185008
0.280653
-0.489068
-0.159336
-0.352856
-0.705305
1.46085
0.703098
-1.39411
0.238846
0.299485
-0.54436
0.0915554
-0.00607499
0.0146041
-0.654219
-0.533496
-1.62762
0.705171
-0.375019
0.092204
0.289233
-0.432938
-0.321332
-0.541327
-0.197487
-0.19705
-0.189633
-0.347628
0.335651
-0.200337
0.192717
0.858971
0.260389
-0.512825
-0.303572
-1.17039
0.573592
-0.0656049
-0.320257
-0.417149
1.49197
0.0011837
-0.289366
0.714659
0.0986665
-0.853315
0.25847
-0.538276
0.274828
-0.232476
-0.412162
0.315083
0.0749488
0.416756
-1.13396
-0.366973
-0.291199
-0.334171
-0.331896
-0.202359
-0.6285
-0.11448
0.205171
0.335461
0.17695
0.262039
-0.551201
0.333979
0.0637105
0.279727
0.288493
-0.488518
1.08291
0.107579
-1.17273
0.045069
-1.04874
0.403884
0.0294996
-0.683011
-0.204414
-0.0473962
-0.349396
-0.549948
0.289351
0.467375
-0.423794
0.261767
-0.480736
-0.526622
0.255949
0.243358
0.127936
0.219608
1.39151
0.457301
-0.176103
-0.32699
-0.314348
-0.045731
1.05801
0.180682
-0.309685
0.748905
-0.0790818
-0.658286
-0.234495
0.292373
0.498487
-0.132193
0.257888
0.260079
-0.270463
0.154671
-0.201421
-0.250689
-0.0751491
-0.129442
-0.263715
-0.0991096
-0.158223
0.265312
-0.196063
-0.509171
-0.6245
0.905702
0.467226
0.374266
-0.263563
0.641203
0.746043
-0.492062
-0.428279
-0.656642
-1.16662
0.0410013
-0.0336929
-0.609209
-0.0683045
-0.112731
0.320609
0.927655
0.00473323
0.771024
0.454823
0.632868
-0.419954
0.709497
-0.222748
-0.151388
0.550563
-0.170354
0.529992
-0.238714
0.961238
-0.954063
-0.0995279
0.0543647
-0.0626592
0.112175
0.0657459
0.866641
-0.41933
-0.490802
-0.461991
0.425339
-0.756997
-0.192468
0.392955
0.0357898
-1.36511
-0.200007
-1.51289
0.172301
-0.560156
-0.607988
1.1118
-0.688162
0.147317
-0.338077
0.208975
-0.463649
-0.287356
0.0715157
-0.0499385
-1.2111
0.0434468
0.00305584
-0.513891
0.631297
-0.44567
1.09394
-0.253391
-0.461014
0.407764
0.0428441
-1.10939
0.590672
-0.389004
0.19794
-0.0272859
-0.585232
-0.178824
0.174775
0.367937
0.902693
1.04382
1.00975
0.301249
1.45662
-0.0139595
0.335964
-0.193729
-0.118919
-0.69204
0.216961
-0.319339
0.116679
0.58988
0.114592
-0.79575
0.204859
-0.15065
0.165613
-0.146398
0.637802
-0.307247
-0.3523
0.525747
0.0815696
-0.311971
-0.174639
0.617393
0.400555
-0.979719
-0.747026
-0.291132
-0.0488704
1.12562
0.385686
-0.577058
-0.479016
0.417428
0.819559
-0.312541
0.388119
-0.0781345
-0.0999408
-1.01712
-0.428812
-0.708444
0.241368
-0.0427533
-0.746691
0.320166
-0.193943
0.255491
-0.137155
-0.414647
-0.162348
0.461083
-0.246825
0.269218
0.571308
0.726303
-0.66151
0.565531
0.828624
-0.515731
-0.465272
0.371328
0.764512
0.346017
-0.956596
-0.464396
0.353705
-0.266279
-0.274922
0.153837
-0.390556
-0.223918
-0.332993
0.865555
-0.586468
1.47007
0.213414
0.326655
-0.206838
-0.122576
-0.493235
-1.20766
-0.215208
-0.00486161
0.61505
0.527244
-0.124526
-0.410466
0.570055
0.149473
-0.869061
0.552224
-0.690065
-0.305555
-0.000801017
0.146501
-1.03902
-0.114329
1.22743
-0.718587
0.267721
0.608054
0.715826
-0.0373881
-0.43526
0.494122
0.460841
-0.641144
-0.219668
-0.641263
-0.046599
0.704665
0.349403
0.132907
0.372479
-1.22617
-0.135536
-0.213613
-0.736849
0.0302972
0.694284
0.600613
0.46348
0.0658205
-0.587792
0.0766602
0.0780202
-0.295871
-1.05981
0.317132
0.226113
0.241697
0.0762231
-0.0716735
0.0608858
-0.0441119
-0.890974
-0.428964
0.448929
0.228311
0.55593
0.0113774
0.506839
-1.17368
0.131078
-0.370736
-0.332456
-0.0527274
-0.0889655
-0.168357
-0.206845
-0.780634
0.0954565
0.113666
0.897753
-0.00850946
-0.0363497
0.0265986
0.413378
0.36177
0.740289
0.451363
-0.472805
-0.312273
0.12578
0.268905
-0.512462
-0.263447
0.256981
-0.136144
0.993312
0.079891
0.583938
-0.559469
0.410048
0.134113
-0.462166
-0.0878865
-0.0713724
-0.137748
-0.117783
0.0698046
-0.44695
0.182613
-0.0602156
-0.911512
0.726409
-0.545173
-1.02853
0.239317
0.312815
-0.171435
-0.0288412
0.613497
-0.740963
0.14858
0.162674
-0.279677
-0.0408479
-0.847123
-0.0869042
-0.416988
-0.0492302
-0.24725
0.318463
-0.138539
-0.301602
-1.40465
-0.156163
-0.0455801
0.0990379
-0.160106
-0.126358
-0.0839402
1.0281
-0.0690604
0.569908
0.0998205
-0.295464
-0.145702
0.0228429
0.742987
-0.411591
-1.23575
-0.477113
-0.852327
-0.335912
0.570001
-0.0344256
-0.871377
0.483261
-0.673142
0.290851
-0.221203
0.0566333
0.157808
0.0551867
-0.257469
-0.41472
-0.284884
-0.220063
0.139089
-0.292007
0.256851
-0.0206814
-0.189417
0.685667
-0.200145
0.242426
-1.79913
-0.607845
0.506007
-0.345974
-1.6729
-0.127289
-0.381652
0.0551024
0.00469219
-0.0224817
-0.557704
0.397818
-0.720435
-0.00742106
0.365331
-0.183001
-0.198272
0.0739774
-0.297654
0.0287658
-0.216218
0.149503
-0.750647
0.233838
-0.182573
-0.37523
-0.391199
0.0749996
-0.258321
-1.06042
0.543992
0.235039
0.51354
-0.254195
-0.00909958
-0.663159
-0.375052
0.0478484
-0.349747
-0.418766
-0.665925
-0.031519
0.524502
-0.631352
-0.69956
-1.1912
-0.809686
0.444062
-0.0283243
-0.286274
0.281627
-0.692446
-0.373675
-0.734315
0.180372
1.16165
-0.383078
-0.412351
0.28161
-0.912284
0.1385
0.970052
0.0803721
-0.979295
-0.771688
-0.324603
-0.147946
-0.188689
0.0845557
0.600181
0.471554
-1.03529
-0.0132729
0.41712
0.605811
-0.275197
0.274842
0.323061
-0.471282
-0.961089
0.317065
-0.618643
0.719459
0.27627
0.95846
-1.04717
0.847993
0.56892
-0.0473717
0.709898
-0.270488
-0.223987
0.373007
-0.435558
1.04869
-0.185827
-0.319297
0.390971
0.274564
0.0953384
-1.63136
-0.401544
0.380905
-0.010107
0.154796
1.05519
-0.79221
0.198001
-0.0914443
-1.16438
0.0489833
-0.234099
-0.33414
-0.877217
1.8822
-0.70441
-0.448951
0.0220487
-0.392127
-0.0986299
-0.345162
0.220151
-0.367952
1.72332
0.397276
-0.526988
-0.0385267
-0.0151573
0.132807
0.420904
0.230319
-0.0449063
0.0284975
0.381904
0.620898
0.02932
-0.553684
-0.105698
0.486728
0.195082
0.11154
-0.410041
-0.0919288
0.108277
0.00702134
0.469768
-0.601261
-0.70708
-0.976132
0.525357
0.919067
-0.828125
0.0708168
0.541461
-0.0929031
-0.590459
0.0859669
0.124773
0.573923
-1.41774
0.8757
-0.0847409
0.354278
-0.371187
-0.383955
0.351817
0.614004
0.339367
0.229738
-0.0370839
-0.251623
-0.0462447
0.526753
0.294839
0.0555742
-0.937915
0.821085
-0.844835
-0.544318
0.359039
-0.168746
-0.258322
0.6664
-0.308129
-0.42194
0.987556
0.849136
-0.153106
0.142603
0.0563997
-0.455437
-0.655672
-0.612799
-0.0519479
0.721623
0.0788394
0.049963
0.240428
-1.3557
0.111974
-0.0368832
0.209474
0.400225
-0.473436
0.0102872
-0.135136
0.239761
-0.348038
0.316421
-0.750526
-0.0380523
-0.342294
-0.250138
0.270263
-0.271099
0.558716
0.865018
0.08619
0.376356
-0.0305479
0.0327823
-0.335284
-0.43819
-0.70045
-0.271298
-0.273779
0.665796
-0.283528
0.236943
-0.427054
-0.352641
0.39973
0.488911
-0.291579
0.176253
1.24997
0.925735
-0.0232925
0.101282
0.807184
0.481993
0.499295
-0.430225
0.00241048
-0.366665
-0.958126
0.409869
-0.6048
-0.102491
-0.755762
-0.568523
-0.16803
-0.382972
-0.817452
-0.263884
0.183145
-0.628154
-1.14803
0.102626
-0.361374
0.474085
0.593663
-0.202999
0.258604
0.167173
0.263324
-0.554705
-0.209943
-0.107647
0.284601
-0.234168
0.089564
0.0462278
-0.65471
-0.27574
0.0778842
-0.722992
0.278581
-0.227606
0.522743
0.15448
0.602927
0.249897
0.732883
0.497345
0.362848
-0.554162
0.0523313
0.16875
0.477477
-0.534463
-0.11174
-0.00703555
0.290959
-0.831415
0.632696
-0.210194
-0.472324
-0.515776
0.338095
0.77981
0.203994
-0.54081
-0.450147
0.424693
-0.249926
1.20404
-0.8942
-0.796281
0.204513
0.748491
-0.489496
-0.726289
0.0152806
-0.151364
0.24019
-0.701562
-0.340049
-0.247139
0.064531
-0.0310504
-0.0872131
0.542245
0.535839
-0.351459
-0.691445
-0.869746
-0.589754
0.438255
-0.77506
0.546069
0.721667
-0.0516873
0.335619
0.308543
-0.887783
-0.794341
-0.227094
0.948259
0.141021
0.232591
0.0807852
0.230911
-0.261236
0.58853
-0.407939
0.154745
-0.384347
0.0591045
-0.196752
0.62741
-0.0743318
0.837648
0.270626
0.0794396
-0.119684
0.650444
0.408488
0.655303
-0.956835
-0.100628
0.402526
-1.31299
-0.303125
0.277519
-0.914806
-1.19403
0.0693563
-0.606969
0.693612
-0.776822
0.632206
-0.275297
-1.05263
-0.13488
0.0308981
0.320419
-0.132733
0.326444
1.22006
-0.285643
-0.425228
-0.297989
0.835661
-0.882254
0.352873
-0.116938
-1.01729
-0.168344
0.584398
0.431745
-0.858596
-0.825063
-0.641641
-0.163588
-0.459669
0.228031
1.20842
0.229006
-0.41362
-0.810228
-0.604815
0.293013
0.183326
0.0401808
0.367322
0.81162
0.803099
0.412463
-0.384101
-0.0225862
0.425188
-0.179501
-0.375054
0.19363
-0.152904
0.0663565
0.232489
0.0881497
0.554135
-0.642199
-0.151596
0.0421302
-0.70301
-0.0255282
-0.471687
0.0801584
0.193895
1.16018
-0.0292788
0.649549
0.742942
-0.951192
-0.691552
-0.0750785
-0.373166
0.398827
-0.481283
-0.286784
0.193745
0.870235
0.735721
1.62589
-1.21725
-0.645954
-0.243565
0.271597
0.362909
0.410145
-0.149401
-0.943217
-0.458347
-0.169677
-0.889105
0.841041
-0.477789
0.0389505
0.299714
0.255577
-0.521538
0.230882
-0.170607
-0.15518
0.0159609
0.222086
-0.292227
-0.371154
0.330941
-0.313457
-0.0606004
1.16778
-0.185734
-0.715091
-0.807664
-0.719224
0.0831562
0.444475
-0.379728
0.390223
0.913766
0.0268184
-0.495825
0.62537
-0.302294
0.81432
0.655009
0.657202
0.928101
0.427799
1.08501
0.251316
-0.641047
-0.287247
-0.116372
-0.206204
0.859699
0.323407
0.347476
-0.360641
0.0517542
-0.319931
0.722678
-0.254901
-0.21779
-0.136031
-0.0935
-0.429146
0.448869
-0.226182
0.0817149
0.293185
0.551063
0.219526
0.726504
-0.420536
0.805818
0.17366
0.237718
-1.00001
-0.184378
-0.588578
-0.497894
-1.08625
1.10322
0.403416
-0.694299
-0.439019
0.026613
-0.172751
0.614796
-0.183949
0.992782
-0.964374
0.396079
-0.108031
-0.525938
-0.00742268
0.513516
-0.830788
-0.491881
-0.00823298
-0.297008
-0.298216
0.301937
-0.602326
0.634123
-0.740295
-1.0745
-0.259162
0.151242
0.701299
-0.88539
0.777
-0.41157
0.299632
-0.162329
0.270545
-0.321536
0.489567
-0.516619
0.624414
0.399797
0.33775
0.00362816
-0.31922
-0.734902
-0.155944
-1.08181
-0.486753
0.292707
-0.205778
-0.102341
0.114902
-0.539111
-0.464211
-0.756068
0.252292
-0.26726
0.442098
-0.463987
0.770389
-0.291751
0.920521
0.0976921
-0.396435
0.205415
0.103706
-0.56723
0.326369
-0.0347588
0.405241
0.608841
0.376118
-0.844063
-0.727847
-0.785463
-0.272561
-0.799876
-1.02779
0.167678
-0.0120269
-0.654754
-0.166245
1.63871
0.737748
-0.0718196
0.249182
-0.342591
0.154697
-1.26134
0.715952
0.063147
-0.356282
-0.534214
0.895917
-0.36998
-0.108184
-0.429092
-0.293793
-0.0374645
0.93525
0.023162
-0.270929
-0.0221488
0.454585
-0.062218
0.61629
1.13505
0.174888
-0.31011
0.837751
0.836368
0.287119
-1.32109
1.0131
-0.0659511
0.184536
0.929309
0.589525
-1.50299
0.0743048
0.0571353
-0.628137
1.49797
0.755684
-0.254357
-0.148914
0.0428772
0.556644
0.684749
-0.211474
0.509254
-1.56022
-0.516793
1.58916
0.37774
-0.380705
0.0603782
0.733484
-0.180369
0.112243
0.0492949
-0.0203931
0.143995
-0.0530185
0.449335
-0.929339
0.640006
0.895283
0.00864296
-0.930964
-0.0893543
0.6976
0.732203
0.444498
0.078721
0.934667
-0.157343
0.0565145
0.711367
-0.490961
-0.790213
0.029364
-0.408648
-0.303676
-0.391687
-1.02225
0.324565
-0.858359
-0.224521
0.336007
-0.363748
0.627576
-0.606773
0.512734
1.11714
-0.260393
-0.433875
-0.136442
0.67458
0.220701
-0.574998
0.1709
-0.131496
-0.436024
-0.0673923
-0.201043
-0.876641
0.0558803
0.541814
0.140099
0.242081
0.669082
0.60999
-0.0662285
0.023187
0.431036
0.726288
0.200686
-0.165662
-0.16007
-0.127674
-0.135016
-0.385398
-0.647997
-0.286659
0.498075
0.177403
0.517631
0.14273
-0.373629
-0.0371438
0.0130767
-0.137333
0.141841
0.446027
-0.290216
0.294084
1.12609
-0.26805
0.378983
0.227657
-0.0206106
0.825035
0.415019
0.346091
0.91809
0.31219
0.159574
-0.386338
0.0373189
0.712578
0.588925
0.858574
0.128637
0.243388
-0.852107
0.992744
0.612266
-1.18362
0.445729
0.397987
0.409299
-0.481999
-1.15412
0.364198
-0.211616
1.00175
-0.359902
1.22213
-0.933403
-0.373637
-0.153626
1.71271
0.155432
-0.791456
-0.0775685
-0.69162
0.820306
-0.420248
-0.90689
0.498925
0.165359
1.16119
0.48825
0.91497
1.02543
0.0189538
0.63099
1.19269
0.299546
1.13335
-0.47852
0.877146
0.773913
-0.623257
-0.434764
0.00957256
0.51361
0.153853
-0.434028
0.019613
0.100587
-0.629679
0.157372
-0.445636
0.825596
0.0579505
0.250241
0.199573
-0.221037
-0.5587
0.276694
-0.762422
-0.418708
-0.763853
0.124701
0.308901
-0.554625
0.0244064
0.18959
0.541109
-0.54752
-0.262882
-0.0944968
0.236158
1.04396
0.0459853
0.525052
0.561139
0.0965198
-1.42637
-0.708399
0.33722
0.617888
-0.974457
0.14483
-0.717044
-0.331455
0.296127
0.161842
0.718688
-0.551414
-0.549412
-0.172252
-0.203866
-0.0591052
-0.38267
-1.09079
0.471362
-0.174217
0.766786
0.306766
-0.0277993
-0.0545141
-0.901643
-0.207093
-0.217958
-0.973808
-0.00707006
0.0851099
-0.256882
-0.0909506
-0.652072
-0.818216
0.249972
-0.0379523
-0.039873
-0.614305
-1.2895
0.578153
-0.226676
0.334393
0.1031
-0.074711
-0.321509
-0.474302
0.457401
-0.685005
-0.317819
-0.0693686
0.29508
1.03071
-1.22556
0.278553
0.304585
-0.11689
1.0549
0.819055
-0.848543
0.586533
0.129681
-0.89345
0.698646
-1.11525
-0.253486
-0.717246
-0.353339
0.0150612
-0.0210349
-0.258377
-0.0226029
0.0183118
-0.0670081
0.224511
0.415756
-0.551857
0.421252
-1.29006
-1.12406
-0.585912
-0.846679
0.284224
0.327949
-0.648704
0.808173
0.286211
-0.576358
-0.249092
-0.139065
-0.30175
-1.59726
0.600482
-0.315712
0.314428
0.170276
-0.746586
0.287307
-0.700201
0.475546
0.307457
0.808583
-0.676443
-0.4024
-0.938872
-0.519436
0.579376
0.417666
-0.0911548
-0.858993
0.858145
0.14707
0.170494
-0.364865
-0.136773
0.232488
1.07462
-0.102183
1.16552
0.163948
0.456818
-0.0733657
-0.282647
-0.502586
0.112321
-0.620508
-0.295403
0.0937384
0.206905
0.464901
-0.592664
-0.169204
-0.187097
-0.846329
0.339332
0.153579
-0.677358
0.704775
-0.685422
0.248809
0.0663505
-0.820162
1.07901
-0.209661
-0.649374
-0.436334
0.573586
-0.0935272
0.253044
-0.434845
-0.478275
-0.974637
-0.449587
0.0449832
0.980067
-0.441958
-0.734397
0.570049
0.271599
0.284375
-1.28836
-1.44902
-0.730696
0.0406822
0.0269827
-0.443379
1.00063
0.214474
-0.153447
-0.238117
0.195
0.606847
-0.262348
0.132556
0.343257
1.12829
-0.0726631
0.0436565
-0.183038
0.101377
0.0341084
0.394433
0.385667
-1.16244
0.293037
-0.0369286
-0.868373
0.197574
-0.845902
0.836529
-0.188882
-0.0496265
-0.470519
-0.308197
0.768731
-0.468373
-0.070427
0.0583813
-0.193422
0.80456
0.0834049
1.03573
-0.474994
-0.372432
0.471225
0.326195
-0.102608
-0.623429
-0.173079
0.515903
-0.0479664
-0.71102
0.208666
0.865401
-0.234125
0.255962
0.346564
0.0397029
-0.157796
0.846223
0.660041
0.0866073
0.673049
0.413686
0.501594
-0.0157027
-0.108189
-0.806303
-1.03874
1.21614
0.286498
-0.513121
0.409866
0.506334
0.487121
-0.129447
0.834399
-0.332887
0.358427
1.05422
0.0798633
0.255798
0.242554
0.0303204
-0.544419
1.04358
-0.399616
-0.427351
-0.0144383
0.416807
-0.224148
0.696952
-0.147885
-0.0992037
0.0484644
-0.63995
0.875157
-0.0096526
-0.365132
0.664646
-0.863133
-1.37492
0.157264
0.346605
0.00176917
-0.382613
-0.577313
0.612894
-0.581813
0.311575
0.644974
-0.0637143
0.483992
-0.043067
0.0390284
-0.380923
-0.171526
-0.0103943
0.619244
0.730573
0.639415
0.597538
-0.732382
-0.39069
-0.610244
-0.119622
-1.1393
-0.0698193
-0.578952
-0.11751
-0.301715
0.464611
0.0818705
-0.0906203
0.521686
0.206451
-0.365398
-0.067443
-0.0607707
0.376167
-1.05635
0.58768
0.0150667
-0.433359
-0.646008
0.140469
0.254419
-0.65513
-0.115419
-0.772008
-0.609928
0.843909
-0.104437
-0.166722
0.386016
0.00921901
-0.412991
-0.585772
-0.696123
0.43085
0.272893
-0.821793
0.217655
0.195855
0.0909192
0.432732
0.519763
0.0537416
0.369909
-0.742219
-0.167581
1.01724
1.1734
-1.05141
-0.765086
-0.1682
-0.143196
-0.849279
-0.745598
-0.119733
-0.179118
-0.589743
-0.1022
0.142492
-0.310232
-0.834348
-0.213779
-0.856655
-0.553049
-0.449849
-0.0631105
0.0925825
0.55608
0.761463
-0.737217
0.0456966
-0.0288209
0.481668
0.0992667
0.657424
0.0692324
0.394217
0.875498
-0.224343
0.0448932
-0.397627
-0.220881
0.59656
0.22016
-0.456666
-0.310978
0.382641
1.11082
0.0180092
0.00144863
-0.209878
-0.205951
-1.2639
1.10083
-0.746547
0.0429217
0.509145
-0.360562
0.221103
-0.4274
0.112643
-0.0263766
-0.854597
-0.509728
0.00758225
-0.271622
-0.520295
-0.642873
0.182165
-0.105714
0.432781
0.218871
0.0629242
-0.731091
-0.176792
0.0830476
-0.136269
0.596137
-0.971549
0.564903
0.940902
0.293777
0.25152
-0.981401
-0.307441
-0.0136458
-0.248692
-0.563803
0.191563
0.70085
-0.783152
-0.2167
-0.317564
-0.188564
0.18745
0.243573
-0.522096
-0.262544
0.18103
-1.03287
-0.12594
0.134507
0.208372
-0.195781
0.624403
-0.0264532
0.39253
1.26826
-0.919634
0.369576
-0.127117
0.0155432
-0.296643
0.386618
0.714199
0.56882
0.127304
-0.457727
0.395174
0.218237
-0.587368
0.440433
-0.149477
-0.221918
0.259807
0.401581
-0.0209304
0.892002
-0.288338
-0.384327
0.454539
-0.742792
-0.255775
0.483585
-1.13042
0.162371
0.207243
0.477518
-0.213472
0.236152
-0.0618632
0.537427
0.796159
0.118989
-0.560122
-0.939167
-0.271266
0.435274
-0.301036
0.968697
0.277886
0.202163
1.6311
0.457465
-0.188994
-1.4356
-0.535722
-0.542866
-0.261495
-0.623898
1.11581
1.14016
0.639677
0.370968
-0.592832
0.731813
-1.02234
-0.317942
-0.613842
0.554742
0.530539
-0.715014
-0.605167
0.573388
0.849738
0.100878
-1.08618
-1.05665
-0.15844
-0.78033
-0.127742
-0.458513
-0.925998
0.490011
-0.724572
0.232413
0.00919895
1.47264
0.258994
-0.351995
0.0513766
0.271586
0.273252
-0.436824
0.397332
-0.0711504
-0.32666
0.197019
0.287664
0.42644
-0.306163
0.330262
-0.1786
-0.498885
0.554256
1.0865
-0.758723
-0.483308
-1.02336
0.562729
-0.022875
-0.354256
0.135482
-0.898786
-0.207327
1.0623
0.203029
1.14175
-0.692515
-0.282646
0.187019
-1.26708
0.622876
-0.115898
-0.25401
-0.0771637
-0.128012
0.0321617
0.136432
-1.02618
-0.00455223
-0.403309
1.22148
0.259963
-0.089352
0.15927
0.061037
0.200533
-0.537545
0.11434
0.0311163
-0.176043
0.54123
0.123161
0.15083
-0.112963
-1.17191
-0.166285
-0.395139
0.667707
-0.692576
0.673042
0.185549
0.210334
-0.322686
-0.405343
-1.02528
-0.666862
-0.494607
-0.0994785
-0.674841
0.185063
0.283345
-0.384875
-0.238686
-0.241859
0.17052
0.286518
-0.560058
-0.0591138
0.970416
0.55467
-0.304584
-0.167072
-0.834943
-0.156359
-0.617031
-0.670622
-0.64187
1.02189
0.450759
0.608909
0.47838
0.490657
0.548523
0.507693
0.280448
-0.673547
0.123439
-0.716805
0.382212
0.0411873
0.720111
-0.353463
-0.0406011
0.691042
0.936927
-1.13248
0.833626
-0.509952
0.881125
-0.867619
1.1413
-0.136587
1.12716
-0.17125
0.216022
0.526
-0.0253541
-0.275195
-0.426268
0.211495
-0.699895
-0.0797814
-0.230218
0.868212
-0.168485
-0.554173
0.766648
-1.04611
0.166261
0.428408
-0.163858
-0.29478
0.120661
0.503754
0.236028
0.697432
-0.424594
0.0285454
0.15199
0.0952631
0.812807
-0.458692
-0.318158
0.124091
0.476126
-0.664019
0.530536
0.128953
0.234817
-0.853096
-0.674625
-0.138008
-0.325053
-0.0247266
0.295252
-0.00667028
-0.751559
0.362074
-1.06486
0.588788
0.343053
0.683969
-0.388351
-0.121202
-0.576818
-0.147412
0.0491421
-0.431643
-0.0221194
0.191782
0.430106
0.0971958
0.66348
0.252057
0.443041
-0.533908
1.10579
-0.537024
-0.35683
0.923713
0.114043
0.813954
-0.156222
0.364039
-0.69482
-1.05089
0.868081
0.00717208
1.14163
0.195858
-0.0274791
-0.857786
0.176027
0.487134
-0.420996
-0.050317
-0.638987
0.180394
-0.383899
-0.00784665
0.524951
-0.650278
-0.239283
-0.332868
-0.143179
-0.77459
1.17696
0.556633
0.392493
0.236049
-0.046943
-0.443989
-0.691847
1.26661
-0.710905
-0.361594
-0.350601
0.286899
-1.24786
-0.641126
-1.11499
0.120645
-0.244846
-0.770994
-0.355541
0.151237
-0.227849
1.04255
-0.339532
-0.221494
-0.582826
-0.620049
0.672377
0.0535705
-0.257661
-0.267117
0.0119657
0.479861
-0.808446
0.178906
-0.146961
0.309481
-0.0575045
-0.0478258
0.660498
-1.18166
-0.215593
0.709332
-1.00206
0.255007
-0.179647
-1.37243
-1.21419
0.480982
0.73452
0.342738
-0.132042
-0.00787448
-0.484798
0.453981
-0.389247
0.537949
-0.341635
0.268125
0.0540918
0.487406
0.858934
0.373517
-0.368517
0.772741
-0.711827
-0.650472
0.168409
-0.224267
-0.106237
-0.18076
-0.747398
-0.0123649
0.668429
-0.314872
0.160949
-0.559689
-0.0665929
-0.565426
-0.300848
-0.631296
0.244884
1.21552
-0.147029
-0.404586
-0.226924
0.727426
-0.305601
-0.028575
0.775452
-0.935818
0.732545
0.461916
-0.423877
-0.397624
-0.250059
0.570063
1.14523
0.556914
-0.157197
0.209914
0.940398
-0.178998
0.635003
-0.328349
0.623542
0.313806
-0.131214
0.585936
-0.747657
1.42932
-0.223039
0.513835
0.116595
-0.883036
-0.577353
-0.139972
-0.535708
-0.571381
0.0832433
-1.1122
-0.0288939
-0.615297
0.103077
0.655405
-0.224111
-0.726905
-1.04942
0.271425
0.305252
0.219494
-1.23625
-0.400487
0.314329
0.167387
0.342616
1.47115
0.0895557
0.28843
0.388135
0.201035
-0.00309992
0.44794
-0.226187
0.896662
0.181246
0.380347
-0.443386
0.617797
-0.522581
-1.1413
0.0176388
-0.381526
0.0535407
0.954457
-0.0855066
-0.935097
-0.272509
-0.113961
0.219265
0.247169
-0.564341
-0.4608
0.600613
-0.724435
1.83134
-0.0890243
0.754085
-0.0820222
-0.249576
0.36789
0.910043
0.579224
-0.0836254
0.473493
0.147092
0.571648
0.833575
-0.158374
-0.299037
0.451133
0.885219
-0.35954
0.707082
-1.63415
0.286791
-0.0261038
-0.612428
-0.205174
-0.893238
0.0165163
0.526356
-0.417552
0.552204
0.930442
0.244321
-0.0996162
0.705852
-0.14253
-0.0894333
0.648836
0.00823255
0.0751379
0.317745
0.927478
-1.00282
-0.778912
0.255456
-1.24986
-0.074636
0.270144
0.0911424
-0.544056
0.384041
0.293122
-0.337379
-0.123891
1.02704
-0.458446
1.12766
-0.558946
-0.0489034
0.0518202
-0.593556
-0.849274
0.932238
-0.160007
-0.211854
0.236033
0.0657832
0.313973
0.931054
-0.499316
-0.392814
0.431233
0.498434
-0.506109
0.213375
-0.630512
0.280766
0.0384109
0.33618
0.515843
1.24767
-0.519068
-0.558716
-0.184304
0.272505
-0.294134
0.41022
-0.232517
-0.389051
-1.03657
0.387583
0.4756
0.0566826
0.183156
-0.726394
0.698898
-0.203488
-0.157872
0.499262
-0.231095
0.199132
-1.06181
-0.489808
0.417172
-0.15548
0.330041
-0.370664
0.159147
-1.2655
-0.405486
-0.547158
0.443506
0.663822
0.779682
0.0323283
1.18192
0.271396
-0.0556436
-0.559694
-0.553196
0.689754
0.711511
0.635972
0.339167
0.185987
0.00818008
0.514536
0.711005
-0.255746
-1.30642
0.395852
-0.938264
-0.908456
-0.53936
-0.628487
-0.791313
0.0627454
0.337458
0.388694
0.0253122
0.408286
-0.518802
0.245149
0.798003
0.459191
-0.458341
-0.412197
0.282156
-0.285817
0.200958
0.520337
0.668867
-0.998413
0.426519
-0.844402
0.623999
0.511421
-0.399121
-0.268074
-0.197626
-0.382945
1.01767
-0.729327
0.442022
0.398558
-1.01148
0.344809
0.797272
0.232375
-0.496286
-0.0881817
0.694104
0.865522
-0.227362
0.469682
0.848478
-0.236524
0.190539
0.40701
0.221304
0.135039
0.0526974
-0.563617
-0.338146
0.342909
-0.240706
0.245809
-0.151579
0.151436
-0.431565
0.525671
-0.283127
-0.144364
0.890789
0.517825
0.168747
-0.228349
-0.626246
-0.160637
-0.0173785
0.0468264
-0.0924655
-0.994034
-0.0302186
-0.212275
0.167494
-0.770673
-0.374407
0.0564251
0.305117
0.90999
0.344542
0.399425
-0.552255
0.331498
-0.556999
0.42396
-0.633664
-0.649078
-1.31647
0.0818767
0.530346
-0.28741
-0.238781
-0.920852
0.359649
0.433804
-0.444904
1.14744
-0.0412564
-1.16346
0.299855
1.04105
0.0215349
-0.235026
0.445953
0.894625
-0.172884
-0.195084
-0.148335
1.02159
-0.210566
0.243931
-1.0755
0.486582
-0.439621
0.188565
1.08451
0.620053
-1.01558
-0.442732
-1.10406
-0.310251
0.237857
0.752929
-0.69556
0.0702677
0.909264
0.354188
-0.282475
-0.379554
0.0842792
-0.107415
-0.862828
0.0720974
0.495588
0.324343
0.00439994
-1.42493
-0.469148
-0.564119
-0.588585
0.904214
0.700774
0.903006
-0.53612
0.251432
-0.750741
0.659273
-0.116925
0.817983
1.11161
0.634696
1.2114
0.231762
0.539673
0.572879
-0.319751
0.243137
0.688043
-0.428621
0.714519
0.149439
0.0214324
-0.548152
0.493943
0.862909
0.0421397
-0.582654
0.35932
0.46229
-0.35685
-1.08626
-0.0651062
-0.148254
0.697214
0.36702
0.732006
-0.0957739
-0.72611
-0.0226452
-0.181448
-0.645356
0.187896
-0.579185
-1.0346
-0.552817
0.274025
-0.0230567
0.0575994
-0.183378
-0.531778
0.000536628
-0.194519
0.374512
0.554785
-0.0264161
-0.430212
1.11202
0.14817
0.142448
-0.290535
-0.277066
1.20035
0.446881
-0.137172
0.385875
-0.605619
0.00611329
-0.280561
-0.369721
-0.46497
-0.361239
-0.319835
-0.214147
-0.279127
0.211034
-0.293748
0.906691
-0.743916
-0.487273
-0.28918
1.19974
0.300506
-0.0487281
-0.446974
0.932289
-0.298546
-0.680243
0.504166
0.00700392
0.0632208
0.841516
2.13686
-1.26924
0.106402
0.347139
-0.174096
0.602733
-0.0142291
-0.15643
-0.0904591
0.40229
-1.13728
0.478499
0.403626
0.299881
0.353511
-0.479015
-0.381237
-0.0748908
-0.907859
0.278221
0.935312
-0.530697
-0.458354
0.304784
-0.334993
0.159064
-0.112696
0.131905
0.170673
0.403718
0.156892
0.62885
0.0796888
-0.446491
-0.063426
-0.652366
-0.50299
-0.208549
-0.309236
0.383412
0.0275903
0.174234
-0.53695
-0.00366012
-0.802463
-0.413762
-0.565698
0.877245
-0.0106716
-0.661709
-0.351101
0.947387
0.540169
0.548707
0.623844
-0.459701
0.260848
-0.586567
-0.376314
-0.588156
0.0139654
-0.86471
-0.506448
-0.0831835
-0.188802
-1.06281
0.235171
-0.456612
0.397019
0.211844
0.644203
0.333286
-0.404036
-0.677207
0.30092
0.126149
-0.450768
0.334358
0.107177
-0.32709
-0.0605722
-0.260978
0.654364
0.460065
-0.699657
-1.01467
-0.815369
-0.325753
0.355033
-0.335885
0.766837
-0.687002
-0.411833
0.104893
-0.483329
-0.566456
0.208857
0.0813469
0.302789
0.151665
-0.274224
-0.737162
-0.28113
-0.58981
0.00847126
0.686592
-0.192135
0.0590445
0.764329
0.0171853
-0.0763823
-0.70101
0.705461
0.974816
-0.199692
-1.42512
-0.611384
0.307026
-1.41834
0.483862
0.217471
0.964424
0.541105
0.47821
0.509072
-0.0547175
1.47475
-0.0339865
0.726816
-0.747023
0.315835
-0.544748
-0.518604
0.285557
0.173276
1.12448
0.549788
-0.514283
0.321758
-0.0169627
0.475028
-0.107747
0.0220453
0.388534
0.310821
0.446205
0.705574
-1.22831
-0.612211
-0.194803
0.287996
-0.0761532
0.312388
0.328457
-0.128261
0.454664
0.114423
0.172582
-0.278559
-0.0118615
0.0965116
-0.055602
0.789974
0.127569
0.216095
0.42216
-0.300159
0.777863
-0.725933
0.200851
-0.969632
-0.247904
0.956522
-0.261055
-0.476482
0.228999
-0.44836
0.297389
-0.0862907
-0.110651
-0.993151
0.268837
-0.172374
-0.207327
0.104982
0.00944743
-0.338211
1.33883
0.837759
-0.693926
0.640504
0.230699
0.518787
-0.404774
0.473313
-0.578761
-0.682726
0.341843
-0.861902
0.283436
-0.810417
0.110946
-0.916342
-0.246644
-0.581259
-0.306844
-0.509918
0.132518
0.482886
0.248361
-0.648051
1.44043
0.0123962
-0.701552
0.263622
0.792625
1.15747
1.04022
1.46647
-0.188462
0.422041
-0.178951
-1.02171
-0.352267
0.364283
-0.354974
-0.461924
-0.89794
-0.58095
0.370561
-0.210783
-0.359216
-0.87954
0.104454
-0.58474
-1.41955
0.776873
-0.58169
0.615817
-0.321509
-0.980327
0.513177
-0.0088082
-0.178035
-0.0203496
0.343578
0.787752
1.77794
0.269022
0.751503
-0.328648
0.186614
0.200454
-0.120751
-0.767562
0.549501
0.717971
0.246312
0.691632
0.84682
-0.263766
-0.429523
0.79436
-0.697504
-0.373994
-0.213226
0.429443
0.0893935
0.79361
-0.142311
0.482812
-0.447511
-0.308447
-0.293567
-1.24088
0.513371
0.515068
-0.42121
-0.525934
-0.489309
0.143586
0.825386
-0.262603
0.296024
0.174624
0.251813
0.273198
-0.514062
0.676489
1.207
0.180127
0.591674
0.312098
1.00339
-0.319143
0.901414
0.347718
-0.600985
0.381715
-0.279223
0.41714
-0.599744
-0.00576614
-0.521873
-0.048335
0.296902
-0.8754
-0.503501
-0.518991
-0.343953
-0.1061
0.969234
0.288133
-0.0698561
0.51519
-0.929732
1.36629
-0.275557
0.0430408
0.297868
0.101122
-0.3969
0.32466
0.113023
0.152385
0.608969
-0.52521
0.258906
0.138534
0.320077
0.134404
-0.505797
-0.731222
-0.983185
-0.711256
0.333355
0.176844
-0.489845
0.380488
0.627049
0.192467
-0.5368
0.357742
-0.942631
0.298574
0.368183
0.852797
0.900117
0.332961
0.498876
-0.356438
-0.571546
-0.179371
-0.0829118
0.366132
0.291287
-0.656021
-0.365619
0.855714
0.468526
0.188183
-0.112583
-1.17729
1.0389
0.807238
-0.782408
-0.54432
-0.521807
-0.153127
0.448712
-0.309297
-0.57391
0.718868
0.578119
-0.0898403
0.567282
0.108072
-0.239006
-0.282616
0.441084
0.484018
0.503041
-0.536356
0.489161
0.437892
-0.240197
-0.694601
-0.592816
-0.400497
0.0757872
0.301263
1.11232
0.325531
-0.301005
-0.478586
0.655581
-0.258768
-0.70363
0.866442
-0.0771543
0.35321
-0.82302
0.360436
0.853833
0.616995
-0.789959
-0.251005
-0.158913
1.25437
0.425593
-0.257118
0.0179171
-0.257932
0.350473
0.319946
1.04601
-0.433543
0.782947
-0.451952
0.398373
-0.0218117
0.47336
-0.573353
0.119182
0.604074
-0.902675
0.254121
-0.819182
0.921864
0.325226
-0.281845
0.628613
-0.202514
1.06722
-0.733762
-0.535841
-0.149412
0.662827
-0.808841
0.123605
-0.563911
0.596209
-0.76344
-0.359471
0.24735
0.428401
-0.575472
-0.828158
-0.283693
0.0216829
-0.642345
-0.305712
0.232888
0.322057
0.101911
-0.156593
0.643156
0.84273
-0.268455
0.800733
0.366942
0.384014
-0.589089
0.462069
-0.0995539
0.336961
-0.750156
-0.595938
-1.2111
-0.503522
-0.28245
0.463834
0.317421
0.0658898
-0.320756
1.02196
-1.16935
0.062223
-0.00706671
0.734893
-1.01899
-0.505861
-0.734586
-0.318735
-0.950039
-0.321878
0.509869
-0.10832
0.0527057
0.932509
-0.629564
0.645712
0.0663702
0.199732
-0.531791
0.0890784
0.0606547
0.299718
-0.180446
-0.380167
-0.073368
0.224374
0.529121
0.884592
0.499963
0.0966816
-1.43909
0.325883
0.661237
0.00553399
-0.0479046
0.682431
-0.606219
-0.305733
-0.872759
0.0634054
0.0953116
0.480348
0.281151
1.17772
0.304681
-0.743817
0.330313
0.378011
-0.139711
0.434882
0.45899
-0.23157
-0.669964
0.518948
0.317449
-0.674622
0.211086
1.21058
0.333533
0.253062
0.404033
-0.637367
-0.0771295
-0.468258
-0.0683856
0.0708066
-0.270965
-0.217264
0.327754
0.218654
-0.643578
-0.69673
-0.0157389
0.302048
0.883856
0.450592
-1.22679
0.146781
-0.499187
0.174311
-0.16194
0.393045
1.23292
-0.578299
0.083214
-1.34283
-0.658272
-0.334697
0.382273
-0.527463
0.256563
-0.242051
0.58823
-0.245084
-0.182872
0.745952
-0.745927
0.0645491
-0.0637777
0.221264
-0.897693
0.307404
0.114284
-0.31438
-0.395712
-0.0225747
-0.390879
1.4941
-0.221685
0.0717732
-0.939978
-0.0999909
-0.599851
0.278975
0.290395
-0.363061
-0.574052
-0.567448
0.193807
-0.331946
0.292202
0.223223
-0.189244
0.81809
1.20874
0.243316
-0.010875
-0.238946
-1.07371
0.282059
0.754084
0.489185
-0.0541207
-0.457301
-0.300325
0.443073
0.549661
-0.857395
-0.549461
0.223592
0.0740592
0.237914
0.73781
0.865227
-0.433452
-0.87449
-0.384466
-0.0613873
0.00758752
-0.440885
-0.158786
0.561086
-0.940356
0.926977
-0.705571
-0.427343
0.19343
-0.339338
-0.0282209
-0.238417
-0.0838198
0.760075
-0.11696
0.726783
0.0203967
-0.69275
0.471454
0.767069
-0.128857
0.166205
-0.511132
-0.484751
-0.467915
-0.186458
-0.00856696
-0.653272
-0.210298
0.450789
-0.195192
0.59006
0.556578
0.0439073
0.239016
0.180097
-0.746101
0.0343711
0.313483
-0.632702
0.56743
-0.088995
1.26184
-0.776474
-0.299403
0.270835
0.229007
0.623223
-0.571465
1.13953
-0.077051
0.0167161
0.150749
-0.583278
0.103878
0.0996204
-0.0733262
-0.278338
-0.0919283
-0.709665
-0.347467
-1.22188
0.538958
-0.0976165
0.100019
0.36501
-1.27213
1.33386
-0.324224
0.280221
-0.438746
0.931474
-0.774099
-0.578453
-0.276517
0.0524679
0.459061
0.600495
0.297519
1.02105
-0.546472
0.481625
0.173503
-0.158667
0.909074
0.143875
-0.254226
0.0919886
-0.0660306
-0.48358
-0.158115
-0.0982976
-0.333057
0.369316
-0.415881
0.0148122
-0.265189
-0.379025
0.281801
0.724507
-0.337774
-0.373455
-0.0130447
-0.391266
-0.560105
-0.276908
-0.524137
1.66358
0.102712
0.522833
0.175294
-0.106301
0.654237
-0.714382
0.147939
-0.132713
-0.392242
-0.20645
0.433374
0.179309
0.341582
-0.201728
0.0115944
-0.326912
0.068035
-0.0291379
1.00992
-0.261637
-0.616077
-0.19798
-0.592204
0.0995596
-0.398266
-0.766186
0.604456
0.584524
0.632914
-0.746095
-0.146264
0.49808
-0.4781
0.0269841
-0.392138
0.751742
0.269219
-0.0995423
-0.580948
0.221706
0.950892
-0.0828314
-0.628175
-0.331943
0.258331
0.2605
-0.158108
-0.00835121
1.08244
-0.747372
-0.124041
-0.0628014
0.33896
0.026538
1.21873
0.565858
-0.652289
0.502072
-0.152852
-0.136472
-0.872653
-0.585463
-0.592579
1.21869
-0.818317
-0.59167
0.453861
-0.163238
-0.838543
-0.145287
-0.179688
1.25743
-0.690519
-0.961054
0.362645
0.287265
-0.173267
0.203569
0.19744
-0.327657
-0.293376
-0.787687
-0.474249
0.00771547
0.0329673
-0.211291
0.33111
-0.153152
0.213788
0.126218
0.634262
-0.0294561
-0.138848
-1.33844
0.021614
0.214542
0.236826
-0.545558
0.485054
0.143131
0.280806
0.209563
-0.56041
-0.856626
-1.7752
-0.143312
0.0859276
-0.201678
-0.264376
-0.874472
0.417099
-0.0572791
-0.0671377
0.656307
0.0308949
1.44408
0.716983
0.335845
0.107143
0.690316
0.0533225
-0.125544
0.00260565
-0.718039
-0.626205
-0.605018
0.0344453
0.586415
0.193537
-0.715456
0.405286
0.302708
0.162571
-0.419347
-0.11278
0.00949431
-0.264597
-0.529936
0.492884
0.228558
0.319381
-0.598725
-0.210671
-0.944033
0.135008
1.16543
0.872268
1.09057
-0.397476
-0.442701
-0.418286
0.717233
-0.958072
0.45456
0.606319
1.183
0.143832
0.979024
-0.0512556
-0.805464
-0.133278
0.162679
-0.360892
0.177478
0.369937
-0.00888102
-0.298204
-0.667365
-0.0783323
0.288348
-0.288177
1.34403
0.210866
-0.141107
1.02738
-0.363855
0.0144986
-0.137269
0.929116
-0.576773
-0.456377
-0.11672
-0.164422
-0.122134
-0.402109
-0.0272463
-1.12846
0.162852
-0.940489
0.811459
0.556525
-0.201385
-0.209179
-1.00346
-0.533089
0.262071
0.104385
0.123341
-0.0514795
0.184007
0.287418
0.270525
0.994402
-0.648047
0.140668
-0.195477
-0.513729
-0.823392
0.583071
-0.131646
1.16232
-1.3093
0.239164
0.747236
-0.224441
0.416901
-1.15073
0.195326
0.843868
0.241589
0.900975
-0.301964
-0.860046
-0.0477492
0.904141
0.308593
0.279168
0.441967
-0.581077
-0.990905
0.419372
0.0790145
0.420786
-0.396079
0.149797
0.605929
-0.99837
0.213336
0.114393
-0.0515675
0.466694
0.307963
-0.217289
0.252487
0.438997
-0.262734
-0.36141
-0.0269641
-0.477998
-0.676716
-0.271588
-0.513519
0.73901
-0.344142
-0.881143
0.00318278
0.937424
-0.901744
-0.387585
-0.648445
0.154295
0.88349
-0.479737
-0.354063
0.0635386
-0.06951
0.694217
-0.631979
-0.47651
0.00469352
-0.330839
-0.354873
0.815574
0.853928
-0.679693
0.946752
-0.351184
-0.328994
-0.263677
-0.00240916
-1.05802
-0.788765
1.09973
-0.00146751
-0.271164
-0.717124
0.988701
-0.0580981
-1.04285
-0.543007
0.706805
-0.208574
-0.698611
0.943435
1.29394
0.303613
0.273756
0.73825
-0.0863133
-0.675005
-0.1895
-0.504873
0.689591
-1.19938
1.18831
0.0487999
0.225594
0.281688
0.0580002
0.257928
0.261394
0.0617945
-0.0292447
0.300318
-0.216696
-0.60347
0.221224
-0.85577
-0.131724
-0.662
0.411808
-0.327167
0.157564
-0.794854
0.00505758
-0.673898
0.336391
-0.314032
-1.04144
-0.174832
0.330719
-0.474194
-0.254453
0.0236534
0.162613
0.151273
-0.103233
-0.212595
-0.855222
0.854718
-0.683332
0.189314
0.323747
-0.158371
0.361312
0.676423
-0.236253
-0.0719319
0.506087
0.112845
0.584508
-0.965039
0.324622
0.982758
-0.263285
0.0361048
0.342895
-0.043475
-0.288327
-0.913451
-0.618816
0.588457
0.539586
0.858482
0.0404567
-0.570964
-0.539089
0.00388606
-0.0331075
0.621024
-0.669179
0.682531
-0.793246
-0.165915
-0.217335
0.69561
1.44191
-0.58623
0.536875
0.483886
-0.0088955
0.190733
-0.331344
-0.72404
-0.255439
-0.473147
0.142018
-0.332073
-0.170407
-0.977606
-0.2323
-0.340873
0.190989
0.0892569
0.175294
-0.727812
-0.404417
-0.345758
-0.194693
0.309186
0.663919
1.29659
-0.162534
-0.147924
-1.07595
0.395519
0.416906
-0.0964325
0.353619
-0.0180464
0.346253
-0.656899
0.0647296
-0.521309
0.113368
0.322173
-0.157663
0.997101
0.267624
0.411654
-0.155346
0.14517
0.433136
-0.292198
0.148376
0.939098
0.36086
0.979992
-0.227043
-0.643038
0.590621
-0.616764
-0.706499
0.405704
-0.277836
-0.000117679
0.245891
-0.57073
0.50785
-0.318854
-0.347943
-0.0432238
-0.115218
-0.355435
0.330574
-0.397238
0.198311
-0.418962
0.114084
0.0395612
0.219578
0.31408
-0.523963
-0.532019
0.642268
-0.184357
-0.342517
0.338605
-0.680091
0.240257
0.130923
0.852037
0.30594
0.779222
-0.326682
0.66939
-0.7741
-0.326016
-0.0136813
0.277752
-0.328727
0.060061
-1.01408
0.197882
-0.719031
-0.440834
0.487194
-0.659913
-0.000596952
0.426341
-0.368731
-0.00777109
0.457185
0.464262
-0.196937
0.063079
-0.135783
-0.831932
-0.407651
0.194145
-0.327803
-0.0725984
-0.749287
0.878121
-0.559073
0.090002
0.398161
-1.14213
-0.0843675
0.76088
0.102439
0.724407
-0.0442826
-1.48356
-0.188906
0.495941
0.148828
0.11797
0.494209
1.15356
0.383275
0.327442
-0.45935
0.731063
-0.0415164
-0.494605
-0.0412643
-0.540917
-0.894742
-0.286865
0.236315
-0.160791
0.0279467
0.416221
0.712023
-0.59279
0.131341
-0.223956
-0.198106
0.0835636
-0.160407
0.342628
0.204055
0.917912
-0.366902
0.200983
0.160967
-0.0431388
0.734561
-0.137388
0.326122
-1.14898
0.695693
-0.363964
0.0196776
-1.30349
-0.476337
0.178096
-0.331595
0.557532
-0.371709
0.0691536
-0.219002
-0.604744
0.622229
0.330642
0.192829
0.350234
-0.369371
-0.537716
-0.0826935
-0.257056
-0.396185
1.12364
0.202039
0.570904
0.346424
0.108162
0.492627
0.261819
0.320693
0.292887
-0.507339
0.412347
0.258103
0.53443
-0.59793
-0.0767585
0.634058
-0.640071
-0.82482
0.145981
-0.537383
-0.609852
-0.0817909
1.04976
-0.294705
-0.172879
0.469718
0.582949
0.0539005
0.625178
0.139915
-0.615403
-0.227852
-0.586087
0.251423
0.280794
0.538762
-0.664116
-0.138764
-0.359402
0.250492
0.0274504
0.00855675
-0.26909
0.0808205
-0.553726
-0.988711
0.562741
0.259415
0.405219
-0.516051
-0.0247067
-0.171995
-0.190716
-0.0165008
0.246053
-0.195203
0.0786482
-0.265771
0.736217
-0.198259
-0.635631
0.394033
-0.300321
-0.247152
-0.254659
0.0325166
0.914149
-0.0901133
0.777797
0.0615548
1.14547
-0.0613142
0.0658263
-0.0220085
-0.212084
0.384274
0.570927
0.415052
0.385501
-0.0357997
-0.565054
-0.646673
0.0095893
0.081818
-0.0519734
0.211058
-0.137768
-0.185864
1.48394
0.628748
0.173782
0.727694
0.781855
-0.267737
-0.729042
-0.958966
0.205932
0.713769
0.732594
-0.267219
0.0471856
0.0453133
0.932745
0.343602
-0.309528
0.339838
-0.169518
-0.637586
-0.977569
-0.559349
-0.0913821
-0.505683
-0.522897
0.359296
-0.504521
-0.303767
0.977346
-0.441256
0.705466
0.201973
-0.535496
0.326682
0.348335
0.232378
-0.247068
0.535892
-0.647301
0.486734
-0.134208
0.398425
-0.527671
-0.681225
0.531822
0.263748
-0.103021
-0.271881
0.250327
0.497035
-0.945494
0.962966
0.0190247
0.442303
1.12179
0.0652252
-0.344926
0.265872
-0.430737
-0.400883
0.257717
0.17811
0.217668
0.431475
-0.216235
-0.109211
-0.504732
-0.657787
0.740183
0.0519213
0.317848
-0.0102171
-0.361589
0.425187
0.796394
-1.26277
0.051749
0.784961
-0.533314
0.11295
-0.0970516
-0.575537
0.254635
-1.29141
0.414949
-1.06171
0.637607
0.131688
-0.0222337
0.335711
-0.0475643
-0.36356
0.51473
-0.0140047
0.781301
0.311296
0.870097
0.0254779
-0.0942289
-0.334645
0.938205
-0.458225
0.30603
0.373193
-0.0551189
1.0214
0.313678
-0.452711
-0.153136
0.104098
-0.0358767
-0.00582775
-1.06807
0.0690372
-0.585523
-0.35195
-0.0992817
-0.212303
0.0314545
0.429903
0.481694
0.113141
0.542848
-0.631324
-0.341532
-0.395199
0.381103
0.29944
0.0213268
-0.845821
0.0268784
0.54583
0.561632
-0.00349382
0.251579
-0.478873
-0.325654
-0.916355
1.20351
0.548914
0.391115
0.243527
-0.0962194
0.166268
-0.198406
-0.404994
-0.594338
0.561114
-0.14809
-0.522367
-0.404025
-0.389748
0.199988
-1.19966
-0.275498
-0.78444
0.0107545
-0.331524
0.279574
1.5468
0.803079
0.3549
0.368928
0.140021
-0.415626
-0.676543
-0.271653
0.0454603
-0.179024
0.0582394
1.12234
0.306435
-0.0766901
0.262012
0.297163
0.471357
-0.478648
-0.203
0.00286643
-1.05647
-1.13082
1.15149
-0.890944
0.560546
-0.235595
0.129238
-0.3233
0.414672
-0.466905
0.383182
-0.123769
-0.455389
0.236938
0.0473935
-0.354164
0.88591
-0.0794657
-0.617995
-0.525423
0.722266
-0.511389
-0.626808
-0.502887
-0.372065
0.461082
0.378367
-0.457127
1.0824
-0.304098
-0.356413
0.0598822
-0.120162
-0.25546
0.21817
-0.301796
0.245034
-0.0761777
0.0950742
-0.549537
-0.968162
0.360842
0.0245979
-0.139006
0.195802
0.28427
0.33981
-0.668504
-0.803351
-0.468691
-0.121531
0.100634
-0.235572
-0.316436
-0.183366
-0.256502
0.026391
0.0710898
1.06716
-0.836031
-0.308282
-0.500729
-0.238061
0.422392
0.265266
-0.488389
0.034978
0.0616208
0.104256
0.910788
-0.274484
-0.0622934
0.917392
0.296336
0.261022
-0.245113
-1.24084
0.834809
-0.0464867
0.303279
-0.235964
-0.264365
0.0518958
0.188923
0.151995
-0.740949
0.272764
1.02886
0.205956
-0.997283
0.0276448
-0.326721
-0.228892
0.664312
0.198057
-0.316144
0.0385865
-0.293248
0.244621
0.272935
0.463717
0.440797
0.742836
0.0563554
-0.0616801
-0.224391
-0.504538
0.477097
0.239508
0.0586478
-1.38772
0.340955
0.958851
0.915456
-0.409167
0.508669
-0.260508
-0.21818
0.403481
-0.00306375
0.194217
0.0715491
0.467548
0.0768429
0.276547
0.55083
-0.0689695
-1.13134
-0.0771945
-0.0998605
-0.387334
0.257239
0.388943
0.0906861
0.501479
-0.767525
0.0673915
0.947518
-0.112148
-0.92837
0.222357
-0.711502
-0.926193
-0.308953
-0.347128
-0.281532
0.473789
-1.59932
-0.439152
-0.0802114
-0.441903
-0.704904
0.725172
1.43294
-0.28151
-0.298926
0.789262
0.124656
-0.393126
-0.682647
-0.351367
-0.953969
0.399224
0.116429
0.152951
0.455666
0.664643
0.160782
-0.11759
-0.836263
0.059734
-0.342587
-0.376257
0.560845
-0.000770392
-1.05584
0.888817
0.205479
-0.175288
-0.0557652
1.10528
0.220928
0.698312
0.519454
-0.0834124
0.124362
0.327895
-0.593049
0.0098378
0.612648
0.0327431
-0.190715
0.325871
0.668832
-0.44363
0.381227
-0.27677
-0.707995
0.161255
0.120698
-1.3308
-0.184263
0.513806
-0.434588
-1.06207
0.820007
-0.477149
-0.574351
-0.568051
1.20109
-0.849033
0.298962
-0.549129
1.09396
0.0835767
0.429121
0.236507
0.0644585
0.886742
0.315561
-0.40759
0.754493
0.310448
-0.232062
-0.200572
0.595844
0.30724
-0.206559
-0.151337
-0.0446761
0.168819
-0.57471
0.573466
0.640365
-0.495673
-0.396137
-0.103806
0.806138
-0.582293
-0.316584
0.45336
-0.900103
-0.087737
-0.973851
-0.379706
-1.05815
-0.545827
0.0271105
-0.322007
-1.12596
0.740853
-0.711952
-0.0188887
-0.506625
0.285944
0.534534
-0.23015
-0.295339
-0.373
0.493386
-0.553329
0.400046
0.0969483
-0.0653335
0.312241
-0.335767
0.507146
0.251343
-0.229324
-0.351593
0.801467
-0.337773
0.240992
-0.232529
0.0937499
0.817815
-0.116678
0.850803
-0.399526
-1.29465
-0.364141
1.09981
-0.51629
-0.619053
-0.393978
-0.164811
0.121597
0.0889993
-0.398068
-0.817944
-0.569501
-0.534409
0.268127
0.226369
0.624701
0.311557
-0.391151
0.418219
0.489195
0.917428
0.179534
-0.722546
-0.456629
0.475535
0.517319
-0.493822
0.682115
-0.0215275
-0.0660631
0.363109
-0.822191
0.776287
-0.177255
-0.748508
-0.319339
0.235132
0.274083
-0.0868101
0.245275
-0.44509
0.17035
0.261716
-0.609964
-1.46572
-0.559364
-0.371103
0.0669865
-0.120258
-0.56503
-0.34017
0.150826
0.0236426
0.0253159
0.0102409
0.409912
-0.315485
0.14137
-0.153089
0.346604
-0.603057
-0.224278
0.0633011
0.0781533
-0.604281
0.488151
0.14153
-0.223224
-0.383683
-0.241647
0.108656
1.4804
-0.000893766
0.383256
1.02036
0.0671168
0.0379574
0.23034
0.124335
0.305398
-0.502494
-0.250513
0.437513
0.0446885
-0.815916
0.695577
0.333968
-0.893907
0.342815
-0.343407
-0.896104
0.281989
-0.227799
0.792133
-0.547432
-0.0867422
0.303315
0.0688034
1.29722
-0.836414
0.321197
-0.321217
-0.264621
0.177885
0.500456
-0.516633
-0.0909435
0.290269
-0.580635
-0.711657
0.318969
0.816538
0.986186
-0.503946
-0.412771
-0.357871
0.414483
-0.330349
0.247186
0.728431
-1.20121
0.695714
1.15686
-0.141572
0.735006
-0.226719
0.0925406
0.253485
1.34915
0.193001
0.521088
1.11462
0.241486
-0.967271
-0.418017
-1.32577
0.40205
-0.0771658
0.243469
-0.425764
0.396361
-0.43499
0.574016
0.187046
0.371338
-1.17432
-0.592784
-0.987209
0.768606
-0.508074
-0.0458179
-1.21253
0.692701
-0.398381
-0.609569
0.626186
0.451673
0.368605
-0.422766
0.963651
-0.341096
-0.634418
-0.509427
0.224189
0.236745
-0.228891
-0.246234
0.206931
0.19459
0.10825
0.455875
-0.446852
-0.0692326
0.341611
-0.333354
0.960488
-1.09166
0.304657
0.124634
-0.106152
-0.432916
-0.7964
-0.0328525
-0.468572
0.148794
0.549831
0.240721
0.105502
0.103303
-0.00830712
-0.0198275
-0.445643
0.493059
0.729899
-0.558452
-0.18408
0.27239
0.155309
-0.19515
0.105071
-0.103604
-0.206808
0.0325906
0.879332
0.0678726
-0.173951
-1.14879
-0.0483597
-1.49267
-0.0246584
-0.542107
0.126358
0.0639648
0.796385
0.0144622
-1.10022
0.382553
-0.72487
-0.601055
-1.4284
-0.240448
0.185156
-0.586907
0.275573
0.50334
-0.0723517
0.145753
-0.721381
0.242003
0.389169
-0.543208
-0.528262
0.732969
-0.458662
0.341835
-0.606214
-0.489138
-0.291405
-0.0607801
-0.416049
-0.188812
-0.506954
-0.0732848
0.0886261
0.0274902
-1.27696
-0.607656
-0.00749878
1.06701
0.300514
-1.38688
-0.00216942
1.82507
-0.100512
-1.01404
-0.574314
0.379486
-0.109019
0.803371
-0.324342
-0.20033
0.0318893
0.20296
-0.591778
-0.0358783
-1.02667
0.115526
0.0281136
0.313772
0.609575
-0.606034
0.476622
0.588863
-0.19026
0.449864
-0.0757295
0.174315
0.550941
-1.06847
-0.492313
-0.194512
0.128022
0.501617
0.171519
-0.305339
-0.866425
-1.20681
-0.95937
0.171597
0.353843
-0.0402953
-0.233671
-1.01934
0.329506
0.933235
-0.266105
0.0413461
0.43506
-0.39818
0.891059
1.04018
0.0703637
-0.431077
0.460757
-0.313121
-1.14264
0.458449
0.355201
0.272248
0.358879
0.580097
0.479238
0.232577
0.619345
-0.187342
-0.599939
0.665472
0.272366
-0.141764
0.258999
-0.638835
-0.0872786
-0.132154
-0.0136853
0.501156
-1.14718
-0.427772
-0.106938
0.295038
0.51741
0.395356
0.584658
-0.118823
-0.592727
1.25018
-0.0444058
-0.162105
-0.926058
0.337716
0.476814
0.390311
0.428659
-0.381163
0.173964
0.494746
-0.115396
-0.532805
-0.235814
-0.38594
-0.216789
-0.934633
0.551137
0.739688
0.164734
0.448584
0.311008
0.0738983
0.452096
-1.02367
-0.0188884
-0.154976
-0.201253
-0.122295
0.0391596
0.534177
-0.0831779
0.0852359
0.211976
0.000665643
0.323589
-0.569763
0.00170812
-0.437164
-1.05592
-0.223208
0.111734
-0.0919521
0.492382
-0.902706
0.016041
-0.26957
-0.147004
0.94583
-0.257368
-0.109407
0.334546
0.577649
-0.0462195
0.457203
0.134825
0.171303
-0.1582
1.59615
0.306803
-0.334899
0.0885448
-0.433937
0.283591
-0.778007
0.996474
-0.448685
-0.265999
0.324347
0.427008
-0.447478
0.0363695
-0.573527
0.663578
-1.85552
0.229401
-0.309838
0.579531
-0.941283
0.052398
0.130147
0.719979
0.28314
0.00958688
-0.0393814
-0.227296
0.419835
0.0815627
0.988332
-0.942089
0.0357933
-0.379002
0.807083
0.457095
-0.436403
0.515564
-0.214141
0.613237
-0.746564
0.274074
0.337906
0.435627
0.327044
-0.299211
-0.144156
-0.156266
1.2538
0.650387
-0.0155352
0.228287
0.430214
-0.161023
-0.761572
-0.11
0.107236
0.42286
0.0801181
-0.714008
-0.59035
-1.05827
0.0816813
-0.36687
-0.735227
-0.125587
0.639204
0.28722
-0.976626
0.327893
-0.429783
-0.787041
0.186525
0.301999
-0.322568
0.0196525
-0.0897605
0.0223336
0.0553401
0.68231
0.359958
0.315105
0.246674
-0.720477
-0.0925466
0.287155
-0.5904
0.923703
-0.909162
-1.24824
-0.0109681
-0.707372
0.0634393
0.0150505
-1.01435
-0.277907
-0.0942433
0.135456
0.407654
0.348127
0.0189481
0.0949253
0.565696
0.521183
0.306728
0.642326
0.153058
-1.27954
0.289931
-0.169407
-0.139507
0.73002
0.0879034
-0.323702
1.51621
0.446721
-0.784106
0.788074
-0.272421
-0.336461
0.383661
0.195482
-1.05868
-0.172229
0.0934579
-0.38297
1.27989
0.102391
-0.220782
0.65486
1.01618
-0.516144
-0.380819
-0.842584
-0.185068
0.324379
-0.179835
0.886373
0.316263
-0.0812007
-0.757838
-0.348489
-0.0871352
-1.20557
0.805662
-0.308013
0.071623
0.328834
-0.13597
-0.229804
0.523194
-0.110824
-0.499471
-1.19415
0.181718
0.624422
-0.153122
0.453093
0.525225
-0.114985
-0.69739
0.667414
0.888883
-0.633311
-0.326881
-0.529952
0.515179
0.549985
-0.987022
0.361022
-0.0753769
-0.112139
0.976871
0.139513
0.177063
0.0254764
0.645697
0.141602
-0.250496
-0.676689
-0.400096
0.537637
-0.078162
-0.501904
-0.049879
0.115446
-0.450992
-0.797959
-0.713528
-0.124968
0.065864
-0.535768
0.26839
-0.631559
-0.312563
-1.10583
-0.215201
-0.366063
-0.371158
0.700169
0.0498375
0.227124
-0.531261
0.833703
0.277486
-0.137376
0.566873
-0.965182
0.142076
-0.0909384
-1.03082
-0.722345
-0.0921117
0.783494
1.25457
-0.145289
-0.195034
-0.306885
0.0765621
-0.336466
0.047309
-0.24558
-0.719296
0.33327
-0.476406
0.289091
-0.318971
-1.40432
-0.074
-1.10977
-0.869695
-0.65582
0.595455
1.43848
0.397839
-0.245731
0.189991
0.775684
-0.1791
0.357908
0.374444
-0.695353
1.07771
1.35797
0.234237
-0.488244
0.556186
0.159317
0.0156927
-0.0790658
-0.791744
0.265525
0.0627027
0.589128
0.544497
0.439786
0.124466
0.123418
-0.158631
0.640333
0.305441
-0.0924912
-0.241838
0.652763
-0.417252
1.13449
0.500441
0.476445
0.19856
-0.259494
-0.663842
-0.118111
0.154045
-0.0653761
0.0942123
-0.358855
0.272627
-1.49646
-0.394572
-0.921222
-0.808606
-0.45813
-0.759715
0.782982
0.478639
0.264943
0.678192
0.186791
-0.273758
-0.622457
0.0334494
-1.23843
0.236144
0.844206
-0.630777
-0.769815
0.0364468
-0.279664
0.551019
-0.00996989
0.545826
0.878188
0.180635
-0.0264426
-0.387923
0.221434
0.0969985
0.296711
-0.863538
-0.0791525
-0.124066
-0.292099
0.904603
-0.542861
-0.0661502
-0.116294
0.910421
0.533242
0.758149
0.218262
0.368494
-0.768558
-0.4013
-0.202234
0.317977
0.568249
0.00970778
-0.28718
0.398847
0.0284308
-0.210298
-0.593426
-0.491715
0.21723
0.279059
0.283635
0.543914
0.133664
0.436321
0.252964
0.906539
-0.789336
-0.995152
0.0166815
0.222035
-0.124367
-0.179288
-0.456018
0.135137
-0.113202
0.111064
0.290078
-0.969184
-0.256615
0.424648
-0.439209
0.245776
0.0011727
0.583805
1.07502
0.18649
-0.0282265
-0.499006
-1.17965
0.21063
-0.529007
0.454293
0.0701002
-0.746439
0.0879554
-0.469888
0.521359
0.0683798
0.418801
0.618059
0.803466
-0.225048
0.590389
0.49076
-0.0313051
0.0701624
0.346191
-0.0720934
-0.166698
0.385529
-0.6263
0.0806068
-0.672015
-0.515081
-0.390559
-0.498945
0.865211
-1.06285
-0.666381
-0.240042
0.0238757
1.88941
-0.425361
0.421963
-0.630646
-0.319073
-0.0765481
-0.0390618
0.508362
0.204378
-0.129482
-0.0385035
-0.304577
-0.71911
-0.0527146
-0.0647921
0.984157
0.961115
-0.188071
-1.17708
-0.848834
1.13825
-0.122649
-0.580752
-0.188662
0.680478
-0.785446
-0.830955
0.383242
0.202583
-0.523778
-0.81891
1.21791
-0.739124
1.36592
-0.356469
0.0347267
-0.0267197
0.318905
0.224265
0.00385284
-0.347886
-0.744732
-0.16623
-0.695741
-0.0145181
-1.10041
1.25481
-0.390976
0.0259147
-0.234269
-0.00334832
-0.0712117
-0.392918
0.419793
-0.582455
-0.0949534
0.0394601
0.180686
0.333313
-0.494507
-0.824603
-0.687772
0.734924
0.425889
0.0615409
0.0126985
-0.261082
-0.660592
0.100722
0.48597
0.271576
0.131911
0.235524
-0.730184
-0.0928462
-0.258361
0.557093
0.133899
0.1949
0.444645
-0.218611
0.12836
0.236638
0.0301116
-0.0867097
0.0363407
0.344967
-0.101575
-0.19296
0.0688671
0.245376
-0.359049
0.233342
-0.260456
0.197768
0.219251
1.29321
-0.174562
0.0525738
-0.156099
0.268609
-0.0331447
0.40935
0.513988
0.309945
0.261736
-0.679691
-0.237749
-0.384081
0.454578
1.38136
-0.385704
-0.891265
0.443686
0.07683
0.769514
0.276258
0.584654
0.128409
-0.228446
0.127755
0.275287
0.459505
-0.254786
-0.0769689
0.761014
-0.189617
-0.771584
0.526997
0.552384
0.650503
-0.963106
0.202301
0.232677
-0.0966051
0.0710189
0.0111998
0.743935
0.346972
-0.817776
1.09822
-0.10157
0.24365
0.10446
-0.164979
0.524298
0.254073
0.0659417
-0.705096
1.63492
-0.584563
-0.180428
-0.0946816
0.221523
-0.118869
-0.86194
-1.01983
-0.369729
-0.221136
-0.640274
-0.198542
0.659754
-0.465705
-0.124259
-0.26312
-0.421702
0.98927
0.267303
0.501819
1.1069
-0.909683
-0.678383
0.541473
-0.163744
0.363324
-0.279379
-0.538133
-0.760458
-0.74178
0.15065
0.72392
0.0361835
-0.80667
-0.134298
-0.763141
0.52033
0.755457
-0.3474
-0.311132
-0.298722
0.0928405
-0.294835
0.583061
-0.467552
0.602347
0.807758
-0.452863
-0.375954
1.08247
-0.130424
-0.148709
-0.33052
-0.765817
-0.228861
2.16813
-0.0951633
-0.74752
-0.330072
-0.192051
-0.0985489
0.243478
0.274679
0.451389
-0.406876
0.346886
-0.251753
0.142568
-0.444367
-0.148636
0.262796
-0.0359732
1.2107
0.423737
0.573652
0.239925
-0.806034
-0.844899
0.325796
-0.498503
0.985135
0.25548
-0.382972
0.889233
-0.176392
0.816904
-0.422699
-0.593563
-0.417602
0.379517
0.806733
0.0588847
0.267608
0.841588
0.203997
-0.658633
1.38224
-0.178437
0.259219
0.042053
-0.20453
-0.00742818
-0.218771
0.715901
1.27359
-0.0141762
0.987071
-0.174195
-0.432268
0.729616
-0.547588
0.319578
0.431314
-0.392337
0.187984
0.0701752
-1.43566
-0.422884
0.321788
-0.0399481
-0.114891
0.763392
-0.191192
0.492368
-0.566581
0.375898
-0.450512
-0.168045
-0.135195
-0.566893
-0.730418
0.517298
0.334798
-1.11622
-0.953931
-0.218342
-0.946645
0.0758253
-0.219877
0.932175
-0.0936021
-1.53371
-0.493068
0.086699
-0.269025
0.0581545
0.154527
-0.0550453
0.509326
0.215387
-0.881909
0.576012
0.694006
-0.333852
0.204964
0.522769
0.2649
-0.17693
0.0268062
-0.652188
-1.02956
-0.31068
-0.128211
0.5456
0.516041
-0.59046
0.26018
-0.00960888
0.098054
0.425614
0.981482
0.0450245
0.334271
0.332926
-0.739684
-0.0790615
0.815158
0.395163
-0.426086
0.633425
0.525758
1.71926
0.444854
-0.131353
-0.895336
-0.148947
-0.759363
0.027805
-0.861741
-0.356878
-0.535204
-0.745808
0.285652
0.305308
0.766396
-0.281577
0.726244
0.592769
0.455741
0.0160644
-0.604875
0.896173
0.178795
0.129731
0.0172295
0.708161
-0.50069
0.0537288
-0.99075
-0.0500751
-0.308426
0.46843
0.780578
0.571563
1.36542
0.523887
0.399294
-0.837697
-0.572469
-0.0545631
-0.149089
1.18112
0.247488
-0.498093
0.308951
-0.189
0.36707
-0.0187324
-0.357993
0.746593
0.18207
0.801303
0.359176
-0.385154
0.0949897
0.0314773
0.708702
0.226786
-1.07283
0.690382
0.501466
0.1912
0.170444
0.879546
0.0219413
-0.463674
-0.0135095
0.631029
-0.309205
0.0762737
-0.337921
-0.0769881
0.751565
-1.17439
-0.216073
-0.845329
0.42777
0.0173954
-0.66752
0.311535
-0.116464
0.274612
-0.879966
0.0620249
-0.203144
0.725749
-0.684794
0.63554
-0.788497
-0.52919
0.297796
-0.661362
-0.331665
-0.0289176
-0.230822
-0.465739
0.0487876
-0.409295
-0.373348
0.604792
0.0174053
-0.540525
-0.300033
0.00438412
0.190275
-0.0505617
-0.0075928
-1.01991
-0.109635
0.263093
0.616825
1.44941
0.345237
0.727284
-0.0897501
0.904318
0.489716
-0.235611
0.264698
1.01312
-1.4112
0.169168
1.07962
0.189706
-0.66308
-0.48278
0.426509
0.126064
-0.875111
-0.0254545
0.194604
-0.953941
-0.924262
-0.0899166
-0.649173
0.150573
-0.312035
-0.56059
0.0498577
0.484216
-0.239782
0.527236
0.26256
0.416621
-0.000860553
-0.448412
0.503786
-0.162423
-0.46026
0.65505
0.878077
0.00790786
-0.292778
1.02212
0.566093
-0.109832
0.160935
-0.725567
0.514264
0.191198
0.374715
0.292203
0.359881
-0.619425
-0.790768
-0.956475
0.0655897
-0.301379
0.0685151
-0.365818
-1.12221
-0.194942
0.297792
0.0949166
0.462631
-0.143949
-0.324099
0.99242
0.446362
0.164476
1.4116
-0.14198
0.196819
0.0175858
0.814552
-1.04603
-0.478725
0.250221
-0.735428
-0.597605
0.053223
-0.576655
0.0162255
0.592668
0.351602
-0.91898
-0.0310423
-0.839463
0.372803
-0.386345
-0.0942723
0.288511
-0.51651
-0.0362135
-0.3855
-0.932557
-0.0264789
0.11741
-0.288781
-0.0880863
0.0721925
0.151594
0.339907
-0.377874
1.35222
-0.104547
0.348367
0.281291
-1.19748
0.322392
0.533436
0.354222
0.193163
-0.506083
-0.169748
0.261517
-0.862813
0.617106
0.126453
0.0044395
1.50949
-1.38588
0.0383036
-0.23109
0.702361
0.695414
-0.555123
0.193863
-0.0485532
-0.465233
-0.383172
1.44904
-0.773255
0.123017
0.70437
0.698999
0.512558
0.303144
-0.156725
0.558444
0.646746
-1.29168
-0.879202
0.796673
0.62667
-0.104904
-0.149945
1.04332
0.308494
-0.661352
-0.294573
-0.229789
0.58122
0.256245
0.551117
-0.367864
-1.36236
-0.133484
0.234326
0.197336
-0.761936
0.267477
0.25912
0.388469
-0.0226103
0.618729
-0.817066
0.162899
-0.58438
0.779918
0.370327
-0.264552
-1.03067
0.652825
-0.197088
0.909909
-0.205374
-0.0333957
-0.439446
0.47259
-0.206223
-0.135663
-0.463615
0.660708
0.483653
-0.13757
0.0950087
-0.203441
0.926203
0.157776
-0.0883375
0.252522
0.0696737
0.110655
-0.269696
0.432476
0.376326
0.75251
0.203321
-1.06475
-0.448914
1.26749
-0.222493
0.142267
0.0231521
-0.448855
0.370477
0.0722262
0.458833
-0.10374
-0.280544
0.00188908
-0.188503
0.577392
-0.385642
-0.866288
-0.615059
0.424466
-1.31739
-1.26007
-0.561375
0.129964
-0.225384
0.682751
0.2444
0.564242
-0.897143
0.477066
0.481342
1.13445
-1.27493
-0.0956703
0.0107536
0.791178
0.913823
-0.00732071
0.146138
-1.00785
-0.196905
-1.10949
-0.0128286
-0.193672
0.234183
0.124574
-0.640983
-0.930168
0.0303525
-0.158867
-0.618229
-0.284285
0.106337
-0.482153
0.154415
-0.707977
0.475259
0.875264
0.791551
0.583662
-0.0647173
0.412978
-0.331702
0.525448
1.02571
0.502145
-0.898795
0.0771713
0.613848
-0.939822
-0.260477
0.658266
0.343115
-0.060474
0.0231095
0.671362
0.504768
0.387379
0.440624
-0.372578
-0.0239869
0.0491758
0.0909974
-0.132372
1.21677
-0.532806
0.3279
-0.000916094
-0.518367
-0.308776
-0.327803
0.597698
0.488216
-0.390748
0.32592
-0.215237
0.294859
-0.117401
-0.292116
0.184301
0.118094
1.05614
1.62258
0.00367481
0.557163
-1.05896
-0.0322269
-1.23144
0.32053
0.231771
-1.03382
-0.618596
0.688966
-0.140427
0.502951
0.340654
-0.137897
-0.00018697
0.303431
-0.288247
0.296306
-0.157767
1.15534
-0.121491
0.343167
0.708001
-0.566167
-0.0182244
-0.179477
0.512904
-0.633379
0.715848
0.915368
0.542285
-0.320315
0.103729
0.165288
-0.683608
-0.204308
0.00801748
0.63442
0.592698
0.218658
-0.247499
0.175561
0.783406
0.657929
0.881893
-0.57902
-0.577347
0.734451
0.635346
1.11491
-0.519796
0.614809
0.153231
0.103653
-0.0248552
0.670299
0.0517617
-0.00115769
0.133612
0.225205
-0.0210247
0.669809
1.03088
0.767074
0.967685
0.523702
-0.750114
-0.314218
1.03554
0.136213
0.659876
0.176237
-0.30037
-0.503893
0.490273
-0.00747482
-0.229002
0.262105
-0.250927
0.0996468
0.517485
0.164173
-0.692302
0.493628
0.195485
-0.391491
-0.434542
0.554224
0.448418
0.185058
-0.0458943
0.412058
0.756288
0.492287
0.132533
0.30022
0.895091
-0.741282
0.774746
0.352277
0.747177
-0.299652
-0.103533
-1.15746
0.945509
0.58967
0.0730252
1.01017
-0.206646
0.795635
-0.245427
0.396593
-0.241315
0.255629
-0.370094
-0.577975
0.74162
-0.198444
0.496557
-0.107891
