1.84893
1.52806
-1.03615
-0.147396
0.843717
0.15068
-0.514302
1.07553
0.540926
0.742856
1.14451
0.84665
0.889992
-0.00950378
2.56798
-0.202015
0.480866
-0.500993
0.278517
0.121023
-0.442933
1.54649
0.816919
-0.0482512
-0.999701
1.09017
1.59254
-1.66997
1.18716
1.2947
-0.145592
1.34298
-1.23612
-1.2771
-0.96167
0.1217
0.115911
-1.80072
0.779986
-0.82549
-1.06659
0.364505
-0.271337
-1.50486
-0.0929347
1.355
0.452182
-0.00645336
-0.967339
1.36535
0.515395
-0.452754
-0.647158
0.551969
1.02837
-1.53641
-0.854238
1.84992
-0.236262
0.266289
0.442659
1.27271
1.01438
1.01103
0.604132
-0.353186
-0.65822
0.294347
0.19702
-1.07031
-0.873895
0.0203492
-0.895617
1.60663
-0.837781
0.820021
-1.04386
-0.423229
-1.08416
0.758913
-0.327551
0.302828
0.924672
1.79427
0.157492
0.709519
-1.6899
-0.103547
-1.0154
1.11006
0.753744
-0.31932
-1.47485
0.382257
0.141801
0.364523
-1.06682
0.213038
-0.713123
0.604738
0.483354
0.533209
-0.340881
-0.449993
-0.110695
-0.104271
0.472151
-0.735453
-1.07273
0.268776
0.490493
-0.833256
0.389584
0.0651368
1.03931
0.806141
-1.75149
-0.724096
0.361169
-2.01603
2.50307
-1.17898
0.479958
-1.67858
0.248689
-0.439511
-0.624748
-0.298878
-0.389119
0.442574
1.28281
-1.31325
-1.04728
-0.281731
1.32139
-1.44281
0.513791
-0.796358
1.44614
0.331854
0.512286
-0.915573
-1.33308
-0.301746
1.18402
1.65058
0.466565
-1.15506
2.34769
1.64947
1.40133
-1.35673
0.711004
-0.326774
0.00436541
1.84341
0.97317
-0.0010308
1.01355
-0.779377
-0.310485
-0.131036
1.44875
-1.41052
0.661627
0.531219
0.823255
-0.122946
-1.51218
0.673621
-0.560117
1.42722
0.0553413
-1.96906
-1.05062
-1.70482
0.581886
-0.0493537
0.861239
-0.177057
-0.451408
-0.373787
-1.00125
-1.55302
0.581066
0.398136
0.208621
0.124354
-0.195867
-0.380449
-1.32051
-0.54101
0.0757773
-0.304486
-0.282296
0.0889362
0.827829
0.483571
0.980661
0.233305
1.27299
-0.184212
0.302851
-1.11834
-0.278705
0.500939
0.643607
0.787372
-0.223114
0.173508
-0.686566
-0.0307246
-0.961871
-1.07588
-1.34005
-0.252124
0.245533
-0.977755
0.375236
0.517722
0.456775
-0.564173
-0.304909
0.406949
-1.35762
1.19707
0.775877
0.244749
-0.847641
1.32656
0.13533
-1.05266
2.19443
0.140951
0.351154
0.187085
0.707473
1.60868
1.86676
0.39225
-0.541031
-0.28648
-0.0726776
1.46329
0.664512
-0.822489
-0.440816
-0.531827
0.454244
0.796983
1.87458
0.300037
-0.339444
-0.116624
0.169784
0.00294805
0.418861
-0.644388
-0.171785
1.61899
-1.09602
0.472482
-0.508383
1.26823
1.84833
0.796006
1.73088
-0.782056
-0.0353569
-0.0951823
-1.39471
1.3135
1.18559
-0.0588012
0.46739
-0.54469
-1.27163
2.02177
-0.554392
-0.602334
1.17429
0.965722
0.212107
1.02397
0.405305
-1.36687
-0.113937
-0.740512
0.849307
0.0536285
2.76593
0.0153091
0.0868756
0.848409
0.501435
0.41177
0.699415
1.73027
0.602737
0.772117
-0.783378
-0.413748
-0.234584
-0.67984
1.86605
1.69295
-0.32214
1.42358
0.311831
2.34401
0.187952
0.539836
0.675687
0.184102
0.0422859
-1.33087
0.327791
-0.299144
0.278254
-0.385547
-0.016731
0.0751063
-0.300848
0.843823
0.392434
-1.02081
1.00663
1.05224
-0.320903
-0.16888
-0.47486
0.228179
-0.0409805
-1.74577
1.13685
-0.584799
-0.13488
-0.178276
-0.172132
0.927569
0.0833451
1.01607
-1.20659
-0.837189
0.741057
0.384811
1.07271
-0.825736
-0.551682
-0.292542
-1.34774
-0.14867
-0.304694
-1.42807
0.225456
1.15004
-0.32241
0.0354295
0.1648
-0.974994
1.00642
-1.72216
0.552389
-0.23395
-0.138254
0.949777
-1.96926
0.910193
-1.41162
-0.243231
-0.00162428
-0.232237
-0.920608
-1.36571
0.448485
0.655891
-0.368128
1.54006
0.489388
0.03516
0.0373862
-0.340242
0.879893
1.66301
-0.139701
-0.135864
1.44035
1.68372
0.807584
0.358312
0.329768
-1.18648
-0.100904
0.493753
-1.73022
-1.06512
-0.0272031
1.08319
0.417786
-0.305155
-1.00725
-1.39752
-0.278197
0.734076
0.165472
-0.977185
0.560242
-0.1745
0.640735
0.13354
1.24078
-1.75589
-0.7826
1.22659
-0.200875
-2.60569
-0.779221
-0.971347
-0.000636721
0.810739
-0.696161
0.805043
0.795636
1.52578
0.00021527
1.76283
0.646741
-0.150594
0.637879
1.90198
-0.739241
0.266384
0.178193
-0.394044
0.85064
0.257438
-0.134067
0.287489
0.0716827
-0.247686
-0.315451
-0.630951
-1.67643
0.0852221
-0.152919
-0.816012
0.81735
0.330471
0.147227
-0.534313
0.0931259
1.31763
1.07829
-0.559483
0.681894
-0.20059
-0.647078
-0.68901
1.42374
-0.509699
-0.947763
1.32277
0.286931
0.963453
-0.664826
-0.0554
0.0639774
0.97363
-0.282821
-1.02304
-0.23689
-1.46243
0.0668725
1.32281
-0.500734
-0.848986
0.91339
-0.589346
0.266214
0.23523
1.3589
-0.647504
0.0352656
1.21825
0.115884
-0.0100931
1.62787
0.00784533
0.599204
0.02919
-1.2852
-1.56037
-1.25228
-0.611483
-0.965783
0.206466
0.550396
-1.82657
1.95098
0.260678
0.291053
-0.575579
1.22171
0.418098
-0.885778
-1.161
-0.820031
0.595243
-1.09898
-0.252281
-0.101239
0.909917
0.641166
1.51175
0.113244
-0.460179
1.5457
0.509401
-0.208664
-0.85409
-0.87574
-0.409505
0.253755
0.420917
1.09246
0.272763
0.212551
1.48482
0.666046
-0.627875
-1.53056
0.946827
-0.288246
-0.543321
-0.821757
-0.648526
-1.05687
-0.261055
1.371
0.162708
-1.16849
-0.947468
-0.31366
0.874381
0.307785
-1.32934
-0.499793
0.385161
0.562016
0.0175114
-0.660578
0.266589
-0.678112
-1.18098
0.866743
-0.601094
-0.652566
1.28484
-0.972831
0.347757
-0.0092541
-0.0954271
-0.0858651
-1.55471
-1.15251
-1.48164
0.388694
1.53153
1.92988
0.562843
0.140849
-0.562952
0.702756
0.117267
-0.0213999
0.0450432
-0.42783
-0.462321
-0.0959596
1.63525
1.07115
-0.118886
-0.644323
-1.0529
0.533262
0.0590153
-0.0145683
-1.8598
1.84595
-0.782575
0.718973
0.838453
-0.731986
-0.239096
-0.521404
0.106085
-0.995215
-0.541015
0.622182
0.455909
-0.480506
-0.0947581
0.968759
0.00395902
0.175395
1.05909
0.731918
-0.922518
-0.493512
0.0891373
-0.820515
0.16509
1.34193
2.01635
-1.55491
-0.520271
0.752743
-0.32053
-0.199482
-0.423686
-0.518423
-0.162879
-1.15358
-0.331872
1.60885
-0.042543
0.352206
-0.0909252
-1.24416
-0.0220165
-1.57707
0.0052677
-1.54344
0.192131
0.502871
-1.14447
0.722898
0.413632
1.43685
-0.641153
0.35215
1.77419
-0.0280931
-0.286045
1.72242
-1.06739
-0.427222
-2.46242
-0.175461
-0.415504
0.729559
-1.17082
0.469048
0.0381157
-0.556522
-0.719511
-2.30605
0.878701
-2.40191
2.00774
0.88219
0.0847292
0.24648
-0.728444
-0.43556
-1.35944
-1.02188
1.43391
0.548136
0.311503
0.59441
-0.168732
-0.566524
-0.208777
-0.135017
0.165131
-1.44064
-0.10247
0.266116
-1.99235
-0.830401
1.56215
0.223588
-0.741562
-0.573992
-0.151849
0.453099
-0.220037
-0.320341
-1.58977
-0.141217
1.33835
-0.16651
0.335144
-1.73503
1.21321
0.854943
-0.00719892
-1.2652
0.935876
-1.16692
1.07568
-0.0777919
-0.385005
0.297658
1.16293
2.5574
0.748509
-0.851249
-0.265001
0.293128
-0.452319
-0.980089
-0.566466
0.866423
0.700653
-0.737711
1.26872
-1.05678
1.18031
0.835899
0.0151188
-0.608248
1.20832
-0.246929
-1.49375
0.086018
-0.328273
0.341027
0.658121
-0.332893
-0.18214
0.0056765
1.06624
-0.779367
-0.0539487
0.944164
0.360478
-0.420294
1.3884
0.624555
0.361928
-0.610096
1.06913
0.84863
0.924589
0.157045
0.600694
1.63926
0.0698289
-0.14042
-0.426916
-2.49106
0.660072
2.99956
-0.0235437
-0.608933
-0.390351
0.332852
1.47634
-0.531609
0.298025
0.873276
0.23436
-1.4069
-0.701601
-1.24556
-1.49817
1.50696
-0.171448
0.407988
0.636702
-0.150276
-0.706633
0.926053
-0.460288
0.658952
-1.55659
-0.750532
-0.656261
0.935294
-0.915226
0.717834
-1.81667
-1.54982
1.83692
-0.475706
-0.347191
-0.210957
-0.300533
-0.125415
-1.40687
0.78312
0.956922
0.678344
1.17203
0.0291406
0.00949192
-0.300824
-0.0109467
1.81498
-0.838937
1.59819
0.929653
-0.11186
-0.340322
-1.07615
-2.22206
-0.124691
0.669887
-0.62257
0.240332
0.643976
-1.37646
-1.30879
-1.19005
0.982475
0.0984423
1.49517
-0.547028
0.66225
-1.10334
-0.62978
0.712961
-0.542937
0.401201
-0.0762835
0.0777853
-0.710299
-1.11024
0.219372
1.50085
0.318534
-0.765704
0.593506
-0.826719
1.21981
0.41271
-0.596524
0.0886123
-0.587554
-0.655058
2.20362
0.213408
0.272424
-0.267327
1.03281
-0.434913
-0.323864
-0.899643
0.537054
0.409638
-1.18094
0.998319
-0.251631
0.273494
0.343239
-0.320915
1.16649
-0.914562
1.09019
0.441526
-0.858014
0.338241
1.21435
-0.288508
-1.14508
-1.11194
0.289883
-0.48531
0.886088
-1.15846
0.0122178
0.64069
0.00810824
-0.117284
-0.446514
0.823657
-1.13626
-1.44564
0.313868
-1.33324
0.0630529
0.666843
-0.587493
-0.0442676
-0.0573274
0.338227
0.204607
0.101836
-0.488085
-0.880993
1.204
0.399389
-1.84947
0.0113602
1.02454
0.200692
0.146278
-0.467639
-0.465511
2.22599
-0.526402
-1.96181
1.1764
1.46428
0.270617
0.389834
0.714982
0.457387
-1.69405
-0.652097
-2.33763
-0.0368981
0.377264
1.49953
2.27064
-1.01894
-1.3926
0.950744
0.493106
-0.492893
-1.62007
-0.217491
-0.42726
-0.453502
0.42353
0.28552
-1.64743
-0.409633
-0.895182
-0.589915
-0.0975336
0.315666
-0.52895
-1.82832
0.163776
1.88016
-0.572561
-1.17855
-1.04699
-2.1268
-0.411481
1.2722
-0.509639
-1.11752
-1.05017
-1.43014
1.70481
0.419128
-0.230116
-0.0550736
-0.217527
0.764871
-1.22
-0.478715
0.332975
1.21682
0.150186
-1.02958
-0.0893136
0.646207
-1.56227
-0.351675
0.512407
0.693651
0.171008
0.818535
-0.184622
-0.448939
-1.0167
-0.887283
-0.548178
-0.724883
-1.03164
0.828015
-1.84282
-0.481365
0.506043
-0.47202
0.589451
-0.428286
-1.10175
1.20778
2.04622
-1.4257
1.18983
-0.441891
-0.134827
-0.469367
0.502949
0.15892
-0.169034
-0.638558
0.225323
-0.0803448
0.733585
0.653335
-1.3902
-0.039029
0.315088
0.718494
-0.541571
0.674081
-1.03184
0.195752
0.75326
-0.231844
-1.15334
-0.796618
-0.263237
1.24732
-0.0586671
0.447527
0.336119
-0.129383
0.207627
0.160129
1.19532
-1.24849
0.46866
-1.63606
0.113858
-2.04168
-0.076113
-0.0461423
0.740542
-1.08185
-0.0400368
0.0244151
0.76481
-1.08146
0.384722
0.992256
0.523824
-0.0506693
0.392878
-2.03051
-1.23194
0.0703448
0.887442
0.287163
0.733132
0.0963168
0.616376
0.0119746
-0.717421
0.592237
-0.848321
-1.87187
-0.494894
-0.471839
-1.8967
0.40446
0.362079
2.12798
0.452242
0.925873
1.37197
-0.560192
1.2557
-0.696102
1.259
-0.114771
-0.746968
-1.94344
0.38509
-1.21013
-1.47967
-0.121259
-0.711694
0.151205
0.757067
0.286324
-0.378016
-0.591239
-0.469594
1.50555
-1.04214
1.02482
-1.40952
-0.637221
0.774205
0.0957765
-0.124418
2.29412
-1.86742
0.646128
-1.21658
-0.302694
2.08493
-0.931015
0.906201
-1.36942
0.0472825
0.851545
0.63351
0.701089
0.937202
1.79251
0.272701
-0.554903
0.745055
0.166331
-0.373891
0.381632
0.0138013
0.307891
-0.968874
-0.936812
0.171887
-0.380724
0.938061
0.335823
0.0368031
0.293652
0.631115
1.62846
0.496047
0.485295
-0.706469
-1.84171
1.03234
-0.786367
-0.75986
0.083251
-0.0114232
-0.104805
-0.495345
2.09464
-0.409289
-1.23702
0.549671
0.143521
0.327123
0.563629
0.712509
-1.18514
-0.328095
-0.145349
0.565062
1.51695
-0.355659
-0.149732
-0.452276
-0.11167
-0.202578
2.40218
0.94652
0.888383
0.891242
-0.727525
1.5206
0.279565
1.23685
0.910527
-0.158813
-0.776435
0.295267
0.269202
1.18347
-0.20435
-0.978527
0.556203
-0.735989
-0.327201
-1.03308
0.0187525
-0.0832077
0.320581
0.647912
0.0108561
0.198574
0.350671
1.17131
-0.388686
1.81824
-0.146578
-0.814363
-0.295067
-0.791495
1.47305
-0.742204
-0.0513167
0.075973
0.590213
0.553279
1.29344
-0.424433
-1.13904
-0.314474
-0.892724
0.499366
0.571615
-0.304314
0.991802
0.897243
-0.331953
0.538454
-0.1292
-0.507558
0.17993
-1.08102
0.344779
-0.184656
0.562297
-0.607562
-1.30261
2.06159
-0.201102
-1.25154
-0.737123
0.197221
-1.11069
-0.699848
-1.92152
0.52689
0.0878813
0.232493
-0.272951
-0.384022
0.623667
-0.869398
-0.0964588
-0.650282
1.09959
-0.678934
-1.28683
-0.780464
-1.08337
-0.262562
-1.13094
-1.10598
-0.955872
-1.35513
0.79593
1.27721
0.618522
1.77257
1.63382
0.332251
0.311405
-0.460964
-1.03866
0.699555
-0.987082
0.0110839
-0.643187
0.0383552
-0.789513
-0.662513
-0.912812
0.331851
-0.0526657
-0.0409209
-1.71689
0.465785
0.533576
-0.688119
1.46034
-0.322386
-1.79306
0.368899
-1.27104
0.485618
1.19427
-0.622304
0.193223
-0.0134254
0.394624
0.405059
-0.34774
-2.34196
0.0356547
1.26712
0.639283
0.525566
0.387605
-0.134237
-0.317891
0.887289
0.207204
-1.04737
-0.927635
-0.129122
-0.327902
0.488795
-0.222758
0.529148
-1.27464
-0.809781
1.05311
-0.17095
0.412463
-1.07717
-1.50147
1.90516
0.323052
-0.580024
-0.577631
0.386933
0.1028
-0.847609
-1.12683
-0.948326
-0.692674
-0.37747
-1.59149
-0.62496
-2.20302
-0.0688357
-1.90956
0.848784
0.476004
1.4673
-0.0932924
-0.014724
0.200371
0.457113
-0.446257
0.0904259
0.879403
0.105088
-0.493261
-1.5797
-0.938633
-0.216492
-0.264115
-0.955287
0.151099
-0.886679
2.68618
0.0561422
-0.74229
2.04963
0.0775716
-1.0093
-0.110272
0.374911
0.0451646
0.517189
-0.0494624
1.71171
-1.9382
-0.23031
0.252722
0.921232
-1.53518
0.958567
0.0570499
-1.01281
0.27787
1.20664
0.914811
1.95369
0.596691
0.223712
0.416219
1.34084
-0.427308
-1.13256
0.310254
-0.361347
0.424723
0.0974121
1.21164
0.402721
-0.320172
0.449043
-0.70089
-0.376489
-0.819642
-0.331098
-0.988048
1.76182
-0.310788
-1.19116
-0.920559
0.0657225
0.369739
0.401077
-0.634247
-1.90887
1.93162
0.196012
-0.0992784
-1.85005
-0.0400819
0.473374
1.18081
0.405779
-0.573069
0.396594
0.255513
0.714393
-0.66894
0.259345
0.952595
0.213063
-1.26358
0.681632
-0.310198
0.567743
0.310492
0.653108
-0.391678
0.00384355
-0.656184
1.94898
-0.899202
0.0843278
0.992091
0.327085
0.837413
0.263665
-1.51811
-0.863605
0.813197
-0.807594
0.490947
-0.156524
1.543
0.436047
0.188181
1.30156
0.516114
-0.392322
-1.87649
0.216149
0.0267038
-0.615384
1.04514
1.77276
0.125199
1.79012
-0.252994
-0.882028
-1.54428
0.347235
-0.471095
-0.42222
-1.02259
-0.564267
-0.254784
0.016137
-0.433208
-2.43482
-0.453318
1.10265
2.02572
-0.511942
1.24518
0.940038
0.153165
1.02803
-2.02951
1.30386
-0.848253
0.898551
1.02098
0.260257
0.237318
1.20556
0.400578
-0.829071
0.122108
0.483157
0.700612
0.587644
-1.64256
-0.630994
-0.64018
-0.631977
0.529005
-0.918051
-0.338755
1.44167
-0.382679
0.567741
1.23983
1.24363
0.106699
-1.24545
0.929924
1.19392
-1.18157
0.921824
-1.65764
0.865588
0.251266
-0.978726
0.520763
-0.479588
-0.978478
0.00045274
-0.46469
0.662722
0.280935
-0.0415412
-0.779234
0.877222
0.595869
-0.821824
-0.451715
-1.50808
-0.0671667
1.00196
0.552782
-1.08559
0.327984
-0.198477
0.759196
-0.596193
0.426105
1.1786
1.27859
0.785111
-0.00144046
-0.293422
0.249743
-0.68808
-1.20754
-0.309627
-1.0248
0.174604
-1.27025
-0.497718
-0.577937
-0.637032
2.34004
-0.165958
0.59122
-0.0197838
0.453519
1.28386
0.163756
0.188484
-0.944818
0.0286153
0.0235541
0.673899
0.150592
-0.914077
0.527333
-1.09696
0.267335
-1.39331
-0.666747
1.81072
-0.0133431
1.39605
0.0697457
-0.716762
0.352776
-0.157379
-0.533882
1.75405
0.350678
-0.267578
-0.357213
0.224884
2.5477
-0.150003
0.791602
0.561481
-0.010765
1.55839
0.652045
-1.35918
0.584954
0.787058
-1.39008
-0.399015
-0.765186
0.037389
0.780632
0.73072
-0.720353
0.664861
-1.10039
0.484797
0.379402
-1.19911
0.487352
0.275269
0.693295
0.885515
1.78128
1.32546
-0.0505098
0.0600115
0.560573
-0.647266
-1.17602
-1.90012
-0.0693631
-1.60858
-1.28394
-0.630637
0.506438
-0.623283
-0.389332
-0.766791
-0.364113
-1.10124
-1.00107
0.0307663
-0.517083
0.239343
-0.855697
0.607123
1.35813
-0.769338
0.161165
-0.792113
-0.936697
0.625012
-0.0674208
-0.158613
0.213399
-0.396596
-0.924758
0.689222
-0.144334
2.04796
0.0182305
0.850312
0.528314
-0.143472
0.105222
-0.516753
-1.98571
0.209068
2.09855
0.509972
0.320476
1.11506
0.0465449
-1.7382
0.782213
1.54831
2.35933
-0.28792
0.982756
-1.05391
-0.155486
-0.362094
-0.276079
-1.93133
0.18966
-0.92325
-0.0852839
-0.561937
-0.288752
-0.154208
1.45062
-1.3172
0.205754
1.14384
0.190611
-0.733307
-0.0531143
-1.33762
-1.00707
0.704379
1.17844
-0.587156
-1.10722
0.628679
0.191055
-0.999535
0.0319048
1.57624
0.339565
0.525841
-0.278567
0.298673
1.4597
0.853552
1.16781
-0.227974
-1.31227
0.573175
1.74722
0.61967
0.610683
1.56618
-0.633422
0.620467
-0.643999
1.89293
0.706492
0.0140136
-0.641219
1.64113
-1.30567
-1.49865
-0.408092
0.468237
0.278538
0.195983
-0.478808
0.100231
-1.06855
-0.886701
-0.12281
-1.05755
0.58427
-0.317342
-0.518622
1.31886
-0.792322
-0.908294
-0.0544446
1.13933
-0.590374
-0.549633
0.287929
-0.288832
-1.52678
0.243822
-0.728995
-0.0234726
-0.410707
0.58223
0.763799
0.229103
-0.419988
-0.164816
-0.27287
-1.05433
-0.612813
-0.571921
-0.28179
1.41859
0.011424
-0.0114806
-1.38311
-1.15875
0.530257
0.715289
-1.56621
0.63716
-0.212496
0.419609
-0.14124
-0.165976
0.153231
0.986135
0.534647
-1.60467
-1.33278
-0.512671
1.24946
-1.29258
0.367002
0.108196
0.186018
0.644275
0.997652
-0.545992
0.145601
-0.264372
0.956251
0.951032
-0.205161
-0.859753
1.19272
-1.11776
-1.85234
-0.452526
0.441416
0.709961
0.959952
-0.177175
0.265766
0.100308
0.630302
0.0818856
-0.545673
0.405495
-0.49502
-0.596383
1.19981
0.101734
1.61316
-0.0208417
-0.893878
0.302888
2.1944
-1.02801
1.02923
0.311182
-0.992939
1.13939
0.213221
0.550889
-0.381278
-0.357551
-0.666155
0.551145
1.1862
-1.27534
-1.49922
-0.783256
-1.41965
0.206779
0.148118
0.764283
-0.146866
-1.31578
1.4114
0.0967773
-0.231316
-0.562902
0.894097
-0.387118
-0.894578
1.34667
-0.662293
1.52594
-0.74377
-0.395359
0.674736
-0.408269
0.541713
1.85147
-1.00668
1.98302
1.28207
0.0391749
-1.02199
1.50252
2.02377
0.308397
0.536262
-0.0321572
-1.27151
-1.81469
0.143135
-2.05664
1.78884
1.09532
0.75398
0.483335
1.18606
0.578905
0.823361
-1.3426
0.0431173
1.46745
-1.01769
0.465117
0.175487
-1.22367
-0.177651
0.107201
0.737552
-1.91278
-0.516048
1.2776
0.293155
-0.0818783
-1.6121
0.0660749
0.438711
0.254197
-0.676587
-0.235292
0.361567
-1.04893
-1.08452
-0.676394
0.637631
1.19908
0.903406
2.04169
1.52849
-1.00757
-1.35452
-0.250907
-1.21739
0.608803
-0.0387342
-0.331774
0.818067
-0.120066
-0.593719
0.00666904
-0.750246
-0.742576
-0.759028
-0.0818353
0.00727295
-0.0820217
-0.845587
0.434618
0.00896279
0.0148394
0.307114
-0.584151
-0.0244235
0.962425
-0.589197
-0.551005
1.7701
-0.286781
0.344745
0.354389
-0.826591
-0.605125
-0.478924
1.26652
1.32872
-0.0706034
0.884071
-1.66718
-2.35112
0.0217316
1.21313
-1.0854
0.588809
0.04934
1.58302
-0.416684
-0.996803
0.11803
-0.198419
1.29639
0.401155
0.354585
-1.20216
-0.855505
-0.217592
1.55095
0.17388
-1.12105
1.5594
1.44995
-2.8006
-1.21341
0.79369
-0.843258
-0.765319
0.201234
1.01029
-0.521638
1.45955
0.59079
-0.281927
0.76707
0.219018
-0.451873
0.120524
-1.03354
2.25524
1.04865
-0.543098
0.606425
0.491848
1.67703
1.19953
-1.68066
-0.605213
0.307824
0.544364
0.178883
0.118575
-1.99529
0.539943
-0.320653
-0.242113
-0.0668331
0.379982
0.742678
-0.490428
-0.992477
1.05398
0.4881
1.0979
0.600022
-0.829883
0.369941
1.67134
0.971062
-0.344429
-0.0309854
-0.53092
0.460307
-0.198455
0.0557705
-0.651324
-0.236272
0.788802
1.13827
-0.938035
-0.260672
-0.630306
-0.171208
-0.902197
0.485565
0.492325
-0.256354
1.46191
2.0586
-0.198155
0.500569
-1.04657
0.0427874
-1.28264
-1.21894
-0.558096
1.05061
-1.36446
0.169294
-0.561194
-1.06382
-0.241857
0.939886
-0.252747
0.776999
0.0453476
0.432017
0.232802
0.489751
-0.669673
0.383009
-0.18375
0.760111
-0.142328
-1.3601
-1.18787
-0.0861646
1.85278
-0.0215135
0.795043
-0.286114
0.535288
1.45326
0.684215
0.190663
-0.864108
0.789429
-2.34601
-0.0168661
-0.187846
1.18481
0.977728
0.136144
-0.185648
-0.683204
-0.00165496
-0.81705
0.148989
1.35145
-0.840376
1.7046
-0.340699
-1.55084
1.14278
0.42495
-1.00123
-0.0342729
-1.13787
-0.608798
0.980725
0.17491
-0.967208
1.24445
-0.687011
-0.155905
-0.0108234
0.136214
0.477155
1.00735
1.23861
0.0430019
-0.534841
-0.645893
-0.215447
0.355173
-0.677958
-1.02913
0.667423
1.16185
-0.840534
1.98645
-0.84497
-1.39206
-1.3311
0.434981
-0.733712
0.283611
-2.03966
0.621531
1.28451
0.166458
-1.20306
-0.930718
2.28499
0.0164
0.214771
1.68016
0.654446
0.693084
-0.471303
1.06228
0.090546
-1.11541
-1.05012
-0.709198
-0.203544
-0.514352
-2.67764
0.14036
1.87196
-0.599579
-0.757155
-0.528075
-0.414349
-0.657317
-0.340808
1.58351
-0.696211
-0.824402
0.21809
-0.264554
1.05457
0.30061
0.703885
-1.22399
0.788775
1.47721
-1.91089
-0.934252
-0.00460388
1.79897
-0.980494
-0.599181
-0.94229
0.0697558
1.6685
-0.831563
0.230448
-0.338049
-1.09465
0.565339
1.90636
0.444358
0.502046
-0.379848
1.00876
0.414682
0.683389
-1.43218
0.398763
-0.0235504
-1.63841
0.547983
1.07591
2.20725
1.01872
-0.655218
-0.787966
0.0669672
-1.45335
-1.066
1.93349
0.29246
-0.922182
-0.623089
-0.574479
-0.155633
-0.919014
-0.00855948
-0.174165
1.49143
-0.680702
-0.105559
0.168188
-0.748194
0.396995
0.49558
-1.32085
-0.588998
1.1133
-0.603969
-0.0198353
-0.693507
-1.66854
-0.45659
1.45035
1.1823
-0.367703
-0.0319228
0.68083
2.65462
0.0436432
1.34402
-0.166884
-0.609503
1.16726
0.818899
-1.14871
0.704809
-0.145143
-1.01504
-1.34326
-0.906973
-0.0604451
-0.662367
1.02346
0.716094
-0.433181
0.998413
-0.427188
-1.09123
-0.6821
-0.778865
-0.38354
-1.11444
-0.157698
0.394146
0.249911
-0.469912
-1.42243
-0.20073
0.240257
0.00233003
-0.0684736
-0.0344884
-0.575544
-0.720449
0.137745
-0.620327
0.756755
0.676408
-1.2914
0.168412
-0.0578554
-1.78804
0.361068
-1.23521
1.13224
-0.302483
1.17887
1.33434
-0.216174
-2.19844
2.5634
-0.33779
0.111913
-0.246408
0.760054
-0.532364
0.460494
0.143383
-0.432153
-1.0592
-0.369484
-1.13767
0.0594529
-0.0920839
0.14109
-0.162973
-0.694921
0.580273
-1.65702
-0.367219
-0.821781
-0.939223
-0.343845
1.09394
0.252279
-0.170719
-0.460116
0.360301
-0.124459
-1.25061
0.140193
0.840943
0.88262
-0.100866
-0.471663
1.31163
0.533767
0.412388
-0.203169
2.12521
-0.041608
-0.753552
-0.395837
0.38756
-1.57988
0.218511
-0.413539
0.398738
-0.657963
1.2579
0.133683
1.56057
-0.195556
0.887863
0.290411
1.0003
-0.934488
-0.435104
0.0890185
0.426707
-1.15676
0.375504
0.625805
-0.457444
1.78108
0.78283
0.154346
0.379474
-1.11822
-0.00297219
0.952517
0.540673
-0.100713
0.661348
0.581016
-0.188508
-1.25686
0.0544473
0.770026
1.64773
1.68143
0.759066
0.803245
1.40141
1.7952
-0.289287
0.598201
-0.287119
1.10099
-0.394563
-2.31476
-0.676966
0.648168
-0.365385
0.91491
0.957977
0.6886
-0.420047
0.42603
1.18461
-0.196544
1.56483
-1.35952
-0.2109
0.878739
0.444396
0.203202
1.31872
-0.277202
-1.03735
-0.821142
-0.284738
-0.728212
0.346612
-1.86006
-0.65104
2.1908
-1.24378
-0.595472
0.474767
-0.227258
0.239821
-0.135009
0.367216
-0.564107
0.718297
1.89456
-0.0818951
-0.0301048
-0.338205
-1.69326
-1.43918
-1.0453
-0.672781
0.660804
0.541736
0.923879
-0.874136
-0.0130561
1.04982
0.0270709
-0.879855
-0.481009
0.905454
-0.89118
0.648449
-0.0997645
-0.547002
-0.132252
3.13543
1.91825
-0.0333485
0.079371
-1.30895
-0.549081
-1.40027
2.13401
-2.07595
-0.555074
-0.829958
0.670468
0.268979
-0.496233
-0.385563
-0.535712
0.243215
0.237776
-0.283538
0.618309
-0.564519
-1.66337
-0.0971931
1.05641
0.86145
0.273501
-0.564909
-0.532725
-0.434225
1.86869
0.487833
-1.78794
0.314905
0.712761
-1.11429
0.88031
0.568809
0.701844
-0.0134188
-0.637858
-1.22229
-0.78294
-1.95251
0.198456
-0.627661
-1.19055
-0.36126
0.596168
-1.94518
-0.818491
1.5418
-0.759255
0.178219
1.13809
-0.451385
-1.40106
0.0363988
-0.995671
1.85556
0.0748694
0.663161
-1.39873
-0.218341
0.202874
1.52318
-0.058413
0.436811
0.0781455
1.07511
1.05597
0.336417
-1.2316
-0.308637
1.00685
-0.727992
0.830416
0.487913
0.554937
-0.44511
-0.332322
0.154489
0.0097606
0.0905153
-0.551229
-0.106164
0.613599
0.688404
1.92986
0.560948
-1.77162
-0.0158611
-0.128484
-0.650044
-0.689553
1.63078
-0.983853
1.41117
0.741302
-0.86144
-0.393612
-0.540834
0.454957
-1.52721
0.83334
-0.331793
0.0706979
-1.89611
0.251293
-0.94978
0.453363
0.117301
0.485261
0.300958
1.02248
-0.171649
0.269648
-0.705025
-0.511136
2.39015
0.915252
0.442557
-0.0209086
2.07772
-1.42184
-0.799963
-1.1656
-0.048318
0.263508
-1.08628
0.957084
0.424762
0.311089
-0.129614
1.52702
-1.15988
-0.407745
-0.05053
-0.428002
0.272259
-0.719992
0.183804
1.27217
0.349621
0.123926
0.180319
-0.987476
0.124848
-0.354244
0.0400796
0.963613
0.622448
-1.09538
-0.898676
0.0930101
0.0337506
0.927122
-1.10167
-1.5059
-1.46243
0.993011
0.515306
0.0613219
-0.866057
-0.919898
-0.436666
-0.296945
0.914826
0.163421
-0.455525
-0.652005
-0.736506
0.297512
0.546607
-2.0327
-0.15387
1.12206
-0.435105
-0.572184
-1.11132
0.981502
-2.72553
1.30311
-0.543581
-1.11136
1.2027
-0.435309
0.426041
1.29754
-0.586637
1.04071
-0.495956
-0.89565
0.726305
-0.00666565
0.42079
-0.263145
-0.170734
0.190795
-0.0938316
-0.139172
-0.456426
0.32236
-1.59313
-0.0771453
-0.934805
1.20698
0.231802
0.1853
1.45998
-0.855878
-0.803514
0.040123
0.810405
-0.200767
0.339674
0.109455
-1.63141
1.5509
-0.114485
0.4689
0.297171
0.326718
0.67655
-0.368492
-1.4229
-0.295993
-0.722834
-0.521232
-0.387841
1.11616
0.36965
-0.339603
0.13295
1.61649
-0.530079
0.0373155
-0.576425
-0.238909
0.747014
0.620048
-0.972864
0.582631
0.719897
0.510582
1.51378
1.85548
1.22683
0.71643
-2.24896
0.409094
-1.31367
-0.11875
0.0355116
1.70939
0.855926
0.222632
0.735495
1.21613
0.0822895
-1.56758
-0.133009
-1.93004
0.128598
-2.52026
0.611538
0.569952
-0.179537
0.131066
-0.936709
0.648109
-1.57404
-0.593009
-1.10144
-0.310117
-2.33182
1.5459
0.205083
0.289891
-0.59249
-0.227762
-0.178063
-2.17634
0.665234
1.96635
0.130064
0.800274
-0.506974
-0.481199
-1.00196
0.184639
0.636532
-0.436295
-0.266697
-0.976432
-0.0492852
0.548266
-1.41803
-0.309089
0.26905
1.13016
0.762431
-3.26048
1.70737
-0.35593
1.11239
1.13774
-0.800719
-2.13691
1.28017
0.0472673
-0.293711
1.32887
1.20289
-1.26975
-0.943615
0.743929
0.111309
0.705356
0.422701
-1.51174
0.921521
-1.82994
-0.975164
0.791471
-0.112005
1.09213
-0.982283
0.843995
-0.240434
0.892722
0.384843
-0.151819
0.630686
0.849795
-0.36707
-0.192163
1.78651
-0.0445635
0.123127
-0.514118
-0.0258375
-1.28354
-1.00404
0.0932423
0.51266
-0.744465
1.36435
-0.136187
1.8028
-1.49303
-0.523566
-0.394239
1.57754
-0.00354275
-0.555653
0.241988
-0.208591
-0.135844
0.499908
0.190497
0.689597
-0.299061
1.14767
-2.08135
0.463525
1.35195
0.441928
1.08823
0.175784
-0.682146
0.562249
0.67087
-0.604514
0.396201
-0.619939
-0.935483
0.19445
0.375914
-0.0103294
1.04655
0.651398
-0.814793
-0.0947107
0.253599
-1.10876
0.210992
-0.238027
0.611227
-2.00365
0.872655
1.20989
0.469284
0.659385
1.67724
-2.03137
-0.245885
-1.75972
0.518164
0.192887
-0.217846
-0.146986
0.195589
-1.04431
-0.36321
-0.915009
-1.91655
-0.261253
-0.547448
1.37025
-0.935877
1.22018
-0.292051
-0.00222399
0.560843
-1.43023
-0.821401
0.610251
-0.0141323
-0.843503
-0.832447
0.404244
-0.096167
-0.510235
-0.496829
-0.241833
-0.346488
-0.443074
-0.691748
0.56903
1.71126
-0.387053
0.708928
0.384901
-0.538948
-0.693961
0.429647
0.0279348
0.741812
-0.970152
0.490161
-0.163198
-0.467823
1.29854
1.15812
0.582978
-0.441925
0.165449
1.1409
-0.0232974
-0.950272
0.388685
-0.262082
0.640575
-0.820532
0.521995
-0.119839
0.823532
-0.834936
1.37309
-1.93227
0.852143
1.87233
-2.13875
0.41544
-0.103769
-0.0867316
1.0477
0.0877013
-0.609839
-0.660709
-0.151974
0.287083
0.271265
-0.795711
0.320118
0.183431
0.00401187
-0.394358
-0.42279
0.253211
-1.56335
1.34494
0.0123544
0.290751
-1.5708
-0.0179964
-0.518934
0.711959
0.24482
-0.258244
0.512142
0.449029
-1.28824
0.43716
0.0505772
-0.0656187
-1.16971
1.10273
0.028946
-0.989274
0.653236
0.492098
0.147844
-0.727958
-1.54165
0.219674
-0.0844226
1.2363
0.577099
-2.49796
0.568105
1.29339
0.145847
-0.984812
0.0431336
-0.291668
-0.333718
0.440366
-0.834639
0.122512
-0.403857
1.44455
-0.0313038
0.402018
-1.92204
1.16954
-0.615991
0.91906
1.27369
0.439422
0.677372
1.46793
1.54805
0.213984
-0.278937
-1.15111
1.52327
0.779254
-0.222505
-1.2823
0.370193
1.16355
-0.619474
-0.516112
1.06228
1.95361
0.12108
-1.08277
-1.63132
1.80152
0.779449
-0.438222
-1.07812
0.190661
0.0204314
-0.0212345
1.38514
-0.981201
0.749494
-0.288907
0.928529
-0.286161
-0.49892
-0.233961
-2.00808
-0.60489
0.126986
0.0783815
-1.88733
1.93146
0.981368
0.416008
0.419268
-0.126748
0.350155
0.432091
0.233229
1.03207
-1.56999
1.23429
-2.1788
0.374517
0.284507
0.769714
1.26562
-0.163898
0.925604
0.893844
0.331334
1.01694
-0.0769188
-0.95073
-0.73222
2.44772e-05
-1.89641
-1.58085
-0.608347
0.643651
1.70401
-0.168964
0.42548
0.630226
-0.323355
0.0219443
0.142357
0.906226
-0.70158
-0.643803
-1.07577
-0.820673
-0.0282054
0.105372
-1.48303
-0.67065
0.434503
0.353695
0.413321
-0.0655276
-0.841435
1.47371
0.691761
0.913083
-0.278877
-0.822449
1.44452
1.4025
1.04532
-0.235782
-1.30324
-1.41981
1.46238
-0.552641
0.125977
0.335257
0.0375861
-0.0986015
-0.75953
0.0434075
-0.0668496
-1.7149
0.0229949
-0.134686
-1.75613
-0.0767456
-0.0355191
0.634019
-1.2401
-0.227137
0.737464
2.04315
-0.685606
1.49302
-0.542841
0.519977
-0.720829
0.173114
0.255737
1.32146
0.0825405
-0.240611
-0.548714
0.771491
-0.882441
0.614212
-1.34579
0.390334
1.25618
0.288308
-1.14814
-0.0760065
-1.73653
1.41277
1.09065
-1.6548
0.626842
2.13992
0.803811
0.3339
0.865714
1.91095
-0.420908
-0.598527
1.60119
0.316306
0.0916895
-1.8934
-0.296792
0.686787
-1.26274
0.0170613
0.292203
-0.920855
0.766963
1.02501
0.838345
0.224122
0.092522
-0.130985
-1.41081
-0.354031
1.43903
-0.875342
-0.7011
-0.15675
0.316916
-1.06855
0.982464
0.291464
-0.92045
0.263349
-1.34954
0.472121
1.02258
1.40178
1.07452
1.33032
-1.93918
1.65357
-1.06387
0.62013
0.520071
-0.217025
-0.464096
-0.476323
1.77525
3.36732
0.734281
-1.09491
-0.0335405
-1.64898
-2.27343
-1.96088
-1.17225
1.82018
1.86658
0.731
1.16205
1.08544
1.92911
-0.0215669
-0.581602
-0.642219
-0.714482
0.196213
0.443217
-0.332864
0.315233
0.261324
-1.54582
0.506003
0.315282
0.193225
0.164866
0.459949
0.211729
0.0778171
0.643154
-0.61144
-1.41937
0.720109
-2.33092
-0.395361
1.0332
0.719577
0.709145
-2.38593
-2.17073
0.20876
-0.572325
0.231589
-0.0969989
-0.358542
0.892374
-0.438568
1.54042
1.05827
0.335094
-2.0573
1.2179
-0.550434
0.713434
-1.0496
-0.294759
-1.2571
-0.407398
-0.564694
-1.4388
-0.131115
1.20359
0.672641
0.841915
0.867695
0.338524
-1.12021
-0.0919343
-0.192425
-0.407058
0.297677
-1.35387
-1.627
-1.11891
-0.224452
-0.768949
-1.61386
0.127351
-0.181365
0.305988
0.00717265
0.700489
-0.494137
-0.468905
0.652415
-1.16187
0.596522
1.40147
-0.031487
2.67328
-0.22953
0.0305314
1.79374
-0.668699
0.318803
0.232426
-0.798247
0.510185
0.965311
-0.734005
0.263423
-0.261617
-0.011643
-0.189575
0.960068
-0.00757731
0.315129
1.51575
0.426811
0.210769
-0.401279
0.843418
-0.0683733
-0.727754
1.0422
-0.114519
0.412028
-0.792642
-0.12798
-1.52412
0.130224
-0.0900573
-1.29711
0.906603
0.0820503
1.38599
0.286199
2.13099
0.0976396
-0.0525276
-0.0776638
1.13509
0.0316819
-1.59203
-0.730794
-0.589297
-0.0346008
-0.0572511
0.476651
-1.00977
-0.474918
0.932509
-0.0786052
-0.407928
-1.03795
-0.310599
0.979465
0.244723
-1.02101
-0.122462
0.499394
0.638774
1.07734
0.384522
0.272206
-1.36193
-1.01297
0.415221
0.736056
-0.650227
-2.44451
-0.182783
-0.255636
0.460468
0.536601
0.33983
-0.798925
0.0499488
-0.840606
-0.142059
-0.335652
0.415016
-0.100898
0.493801
-0.134969
-1.16257
-1.65409
1.89146
1.54408
-1.36838
-0.0470381
0.220173
-0.955403
1.77498
0.721944
-1.49611
-2.2963
-1.17234
-0.0570115
-0.884893
-0.234577
-1.31
-0.392689
1.10797
-0.638113
-0.85075
0.496898
0.923485
0.84903
1.36256
-0.636377
-0.443141
-0.308182
-0.587656
-1.34607
-0.535905
-1.27452
-0.358992
0.0703603
-0.390599
0.721499
0.404751
0.326883
0.162616
0.851951
0.158718
0.566198
-0.584376
-1.15879
-0.148921
-0.209174
-1.03839
-0.203963
0.0890577
-0.738349
0.419617
-0.0312649
-0.616903
0.104843
-0.713365
-0.663092
0.0933352
-0.881019
-0.454563
-1.03826
0.0734145
1.32448
0.25811
-0.359066
-0.607037
0.958603
0.387696
0.010909
0.00800343
-0.730246
-0.835145
-0.201265
-0.310954
1.49139
-1.41731
-1.61252
-0.44856
0.471461
-0.352375
1.05028
0.0555638
-0.529127
1.4164
-1.24045
-0.623857
1.04618
0.129626
0.0475807
-0.61439
-0.451949
0.582166
0.131424
0.116067
1.25435
-1.45246
-0.500761
1.03584
0.919394
0.0598734
0.622913
0.990074
-0.312185
0.320029
-0.819655
-0.0418322
0.611937
-1.17845
-0.228821
-0.75211
1.57398
0.590438
-0.0549762
0.532225
-0.817684
-0.724844
0.0670766
1.09673
0.236955
1.46536
-0.0135863
0.438074
1.12683
-0.389668
-0.62054
1.22163
0.463958
-0.0647017
-1.75163
0.385308
-0.211034
0.508401
0.909468
-1.66948
0.804008
0.147256
-0.973503
0.0725816
1.00426
-0.623637
-2.27753
0.48547
0.0403329
-0.0507587
0.91377
-0.391687
-1.20571
0.799398
0.0436755
3.11395
-0.451645
0.533412
-0.409732
-0.823586
-1.05379
-0.926387
-0.65757
-0.145601
-1.32751
0.200204
-0.58396
0.167972
0.795079
-0.742847
-0.769458
-0.985744
-0.0600395
0.610615
-0.292884
-1.51877
-1.62191
-0.603786
0.657497
-1.65747
-1.06874
1.31345
1.46907
1.12702
-0.801905
-1.04304
0.586195
0.279626
0.000871495
-0.575237
-0.381295
-0.00217375
-2.01705
0.0721804
1.4511
-0.0332548
0.77083
-1.33575
0.687109
1.46385
-0.56247
0.618644
0.32976
-0.96281
1.86466
0.452041
1.68753
-0.707247
0.273654
-1.61977
0.507354
-0.903412
1.7719
-1.87027
-0.488255
-0.624079
-1.68536
0.389898
-0.826495
0.584723
-0.200863
0.237482
0.696684
0.824458
-1.26471
0.617855
-0.852968
-0.564604
-0.955642
-0.614025
-0.225737
-1.38969
0.240253
1.21415
-0.0262759
-0.603986
0.741578
-0.496461
1.43491
0.429058
-0.797004
1.74996
-0.98331
-0.462247
0.761169
1.11406
0.344411
1.17733
-0.521148
-0.535168
1.02162
0.422211
-0.109977
1.20264
0.40244
0.602696
-0.580767
0.714876
-0.392419
1.32038
0.478207
-0.116864
-1.65541
0.526874
-0.436835
-0.752536
-1.45706
0.542406
0.607904
0.496576
-0.988286
-0.165208
2.26618
0.326754
-1.29619
1.69839
0.412387
0.180352
1.29663
-0.188462
-0.0501217
-0.323416
-0.866012
-1.65198
0.208793
-0.0671678
0.658379
-0.035089
0.346375
-0.308592
-1.92509
-0.624795
-0.345608
1.03511
0.337957
-0.972268
-0.359212
-0.977657
1.00812
0.333944
-1.82805
0.687181
-2.43803
0.289856
0.424954
0.223381
0.290427
0.551031
0.0279859
-2.40512
-0.668317
-0.284645
0.415042
-1.37346
-0.144484
0.151596
-1.36203
-1.25635
-1.72588
0.550923
-0.442448
-1.04171
1.08639
0.425895
0.945235
1.49843
0.205725
-0.19787
0.652359
0.510183
0.626028
-1.22762
-0.89801
0.928871
0.802103
0.906455
1.73985
-1.40242
-0.19258
-0.763584
0.793499
0.103509
-1.01255
-0.969894
0.056082
-1.3446
0.49382
0.129574
-0.516932
0.209053
-1.31524
-2.09077
0.828408
-0.235225
-0.499556
0.536081
0.912079
0.466909
-0.642255
0.449532
1.47302
0.510581
0.234312
-0.719201
1.18487
-0.647275
1.62677
0.443862
1.00351
0.747733
-0.406003
1.51083
-2.01968
-0.311793
-1.38527
0.697229
-0.849687
2.52174
0.510346
0.407042
-0.853494
0.667496
-0.044803
0.592333
0.459731
-0.054635
1.74468
0.874952
0.485761
-0.486421
1.19528
0.929977
1.07665
0.11402
-1.53253
0.295202
-0.671733
-0.389338
0.427745
-0.258913
-1.09351
-0.94114
-0.71214
-0.363322
0.417224
0.726184
-0.769031
0.406939
-1.00871
-0.850256
0.712199
-0.170763
0.275776
0.933245
-0.076685
0.0134518
0.262733
-0.690846
0.0813375
-0.048449
-0.461711
-0.594091
-0.0673122
-0.876655
-0.78829
0.897626
1.21175
1.01353
-1.07734
0.417296
-1.17089
-1.30105
1.31176
-1.02136
0.180983
-0.596072
-0.447464
1.37701
-0.392543
-0.907388
-0.409829
1.26283
-2.01165
-0.796183
2.5902
0.754709
-1.4042
0.892585
-0.981732
-1.44815
1.11732
0.232735
-0.892934
-1.51378
0.210018
-0.365703
0.55841
0.707552
-1.53236
1.08052
0.0645399
-0.0950218
-1.83613
0.0783445
0.575389
1.26915
1.26087
0.904116
1.0478
-0.777619
-0.71705
-0.623516
0.622454
0.802335
0.316047
0.768867
0.387722
0.0684056
-0.0634678
0.607647
0.101508
-0.502063
0.215822
1.70658
0.329906
-1.21922
0.151154
2.24126
-1.13493
0.797486
-2.69647
1.71351
0.749048
1.13863
-0.166903
-1.14994
-0.389075
-1.23923
-0.705221
-1.56462
-0.183123
-0.571678
0.797152
1.28718
1.96083
0.724218
0.207573
0.704275
0.695919
0.444541
-0.0373163
-1.65915
0.196345
0.745714
-0.749716
-1.07566
0.120927
-0.136412
1.05791
0.505852
0.446486
0.535431
0.188885
0.934225
1.14144
1.34968
0.13855
1.62562
-0.998669
-0.543974
0.511081
-0.768254
0.461597
-0.644396
-0.54849
0.0414845
-0.274823
-0.821841
1.09259
-0.764442
1.43592
1.72701
-1.24882
0.110079
2.04776
0.457489
-0.345126
1.42072
-0.561873
-0.581244
-2.20542
-1.86748
-0.626448
1.34308
-1.10989
0.445382
1.13383
-0.569498
0.906416
-0.993266
0.264427
0.555512
-0.45961
-0.0400489
-1.02663
-0.379377
0.674108
-3.15077
0.123128
0.417146
-0.63307
0.174121
0.464371
-0.950401
0.851767
1.52305
-0.246362
0.443266
-0.928066
-0.329903
-0.894418
-0.666608
1.51671
0.11521
-0.127646
-1.68924
-0.445462
-1.06961
0.489193
-0.141625
0.10615
0.0196974
0.422292
1.13994
0.350324
-0.593745
2.47171
1.23868
0.314645
-1.36832
0.250714
-0.628407
0.957909
0.592337
-1.57565
0.409774
1.70251
-0.887615
0.219726
-0.57312
-0.774225
1.09117
0.220441
0.327633
-0.656446
-0.17965
0.711327
0.118662
-1.37903
0.0571719
-0.273029
-0.716119
0.000180495
-0.483791
0.655722
0.0723493
0.551673
-0.46492
-0.109677
0.684373
1.02567
0.831959
-0.582645
-0.177001
-0.487168
-1.2154
-0.511957
0.0100387
1.06498
-0.123368
-1.49174
1.83026
-0.717652
0.894229
0.745017
0.684335
0.560228
-0.957974
0.884843
1.20784
-0.362861
-0.249324
-0.737192
0.337878
0.47078
-0.596604
1.16892
0.0897034
-0.174662
-0.00817361
0.752765
-0.910308
-0.109277
-1.57842
-1.54353
-0.51646
-0.14007
-0.118426
0.544557
-2.29062
-0.352363
1.42265
0.209569
-2.32582
0.798179
-1.07926
0.342175
0.770564
-0.178561
-0.171161
1.11442
1.82816
-0.363813
0.718319
-1.68109
0.290236
-0.0972238
0.842587
0.664293
-0.582882
-0.376768
0.674769
0.4802
-0.781946
2.23497
-2.13507
-1.70724
0.759043
2.23688
1.24371
0.37822
-0.516647
-0.048622
1.0035
0.0364334
0.554864
-1.31717
0.698047
-0.740309
0.109783
-0.971368
-0.470329
-0.0062086
2.27294
-0.509565
-1.50809
0.686304
-1.07445
-0.843001
-0.00717012
1.37088
-0.00565449
0.00699416
-0.357788
-0.410216
-0.687853
1.03216
-0.785067
-0.551258
0.608131
-1.12342
-1.16611
1.51681
1.04018
-0.545351
-0.518624
-1.35962
1.00677
0.233873
-0.488338
0.457849
-1.72714
1.26293
-0.0111144
0.117083
-0.265615
0.231156
-1.07543
-0.531724
0.210025
-1.6494
0.2874
1.61778
-0.527616
-2.18372
0.263397
-1.39475
-0.85496
0.847424
0.459363
0.534976
0.768573
-1.28366
-1.41394
-1.47123
-0.328598
0.141675
-3.43096
-0.0520168
0.713601
0.51122
-0.470392
0.526396
-2.13216
1.13956
1.3595
0.0753522
1.19921
0.884523
0.128917
1.93807
-0.174009
-0.101063
2.01866
2.23382
-1.1976
2.63195
0.283135
0.0859954
1.74634
-0.661644
-0.589339
-1.29738
0.0735636
0.328771
-0.0123746
0.325909
0.891192
-0.0247739
-0.346783
1.24941
0.244526
1.21067
-0.205178
-0.553221
0.31865
0.275017
0.310883
0.429627
0.466952
-0.890942
1.41499
0.68151
-0.822373
0.205521
-0.400255
-0.865673
0.541048
-0.799578
0.151882
-0.44885
-1.13526
0.902736
0.115764
-0.46093
-0.638792
0.285345
-0.112964
-2.03263
-1.33199
-1.20699
0.863271
-0.293071
0.539011
0.0742209
-0.985056
-0.685131
-0.405949
0.594314
-0.0044562
0.34893
0.0503785
-1.3461
-1.45416
0.371193
0.18274
0.144957
-1.17533
-0.92215
-0.134369
0.709751
-0.912439
0.635187
1.23643
0.931449
0.671901
-0.0958834
0.861928
-0.229809
-0.631522
-0.709398
0.429569
-1.66998
0.175132
0.136372
-0.619793
0.967055
0.763955
-1.03068
-1.25194
0.772493
0.544825
-1.2941
-2.37348
-0.72771
2.10355
0.526267
-1.65083
-0.880077
-0.61987
0.519309
-2.08665
0.300521
-0.243086
-0.270759
1.21429
-1.86934
-0.568198
0.969742
-0.053843
0.530972
0.248567
-0.216279
0.363861
1.56787
0.0738992
0.333402
0.534914
-0.597468
-0.641336
-0.919647
-1.91733
-0.703394
-0.811844
-0.0422499
-0.448245
-0.585791
0.383854
0.0611837
-0.211836
-0.828699
-0.495491
0.120271
0.248698
0.404828
0.813438
0.0229994
0.342494
-0.0838429
0.556163
-0.136611
0.302687
0.53268
0.103993
-0.21478
0.226443
-0.421281
0.914462
-0.539659
0.0732489
-1.30899
1.75334
-1.35162
0.128629
-1.56597
0.691197
0.0559607
1.90662
-0.541416
-2.20234
0.62179
1.27022
-0.585421
0.177913
-1.52877
-0.232091
0.222846
0.946633
1.22853
1.06558
0.905461
1.58818
0.214282
-0.64427
-1.39717
0.371008
-0.648758
0.229025
-1.79415
0.00272877
-0.894468
-1.13326
1.62856
-1.22215
0.828457
2.85478
0.102206
1.04634
-0.14753
-1.13763
0.443696
0.0640347
-0.203274
-0.266021
-0.677164
-0.474923
0.341283
-0.534379
0.41541
0.221416
-1.77669
0.0293604
0.0661553
-0.457139
-0.08651
1.83074
0.55528
0.036743
0.655679
0.193882
-0.0255087
2.06986
-0.45458
0.836117
0.329205
0.731327
0.910996
0.223848
-1.11038
0.875455
-0.0725663
0.675819
0.486577
0.32567
0.699019
0.696872
0.291184
0.479875
-0.973277
-0.700261
0.006494
0.0434425
0.923712
1.16129
0.443643
0.92641
1.02046
0.128694
-0.346902
2.30376
0.474277
-1.09451
-0.341484
0.707856
-0.677703
-1.34443
1.85025
0.671056
1.6292
0.165373
0.362934
-1.32673
-0.705158
0.288172
-0.604724
-1.50919
0.180102
-0.103764
0.386473
0.569824
-0.959015
-0.437187
-0.156864
-1.36981
-0.247438
0.18874
0.605459
-0.112523
-0.0864914
0.927803
-0.430419
-0.410724
1.80818
-0.924971
-0.925209
1.90624
-2.02709
0.09585
-0.0591825
-0.903251
-0.202889
0.806768
1.26576
-0.203745
-2.61844
-0.437624
1.01905
-2.17165
0.562902
0.238677
0.432208
-0.515671
0.0725529
0.313649
0.63952
1.36731
0.123806
-1.24365
-1.67121
2.55037
-0.441441
0.822025
-2.05517
-2.5922
-1.21631
-0.373578
-0.28187
1.19343
-1.03792
-0.603224
-0.461027
-0.197501
-0.432731
-0.838006
-0.106799
-0.155085
-0.421424
0.124132
0.861552
-2.41768
0.0466821
-0.446999
-0.0417607
-0.121306
-0.563631
0.900611
0.116992
0.712475
-0.424285
-0.481045
1.76264
-1.9075
0.971326
1.64275
1.20222
0.0722056
-0.183865
0.618945
-0.18274
0.365859
-0.941952
-0.150071
0.0997767
-0.531347
-2.24355
-0.768687
1.2165
0.641798
-1.4037
-0.23032
-0.0665038
0.95065
-0.380045
0.392978
0.829005
0.311318
-0.606129
-0.0274988
-0.503077
-1.13373
-0.63967
0.0586667
-0.138151
-0.655443
0.639658
-0.844958
-0.358287
0.930233
0.530161
-0.96973
0.922677
0.0758705
0.883545
0.0708258
0.0272618
0.996578
0.372205
0.303961
1.26778
-0.734508
-0.130669
0.562802
-0.288161
-0.225025
0.590236
0.461418
-0.327103
0.644207
-0.959744
-1.85162
-0.458815
-0.464212
0.462931
-0.222368
-0.311668
-0.566486
0.835707
1.13539
0.711274
0.0871754
-2.17846
-0.481411
-1.65812
1.80284
-1.08065
-0.915948
0.20411
0.711537
-0.546427
-0.531956
-0.283883
0.186345
0.69607
-1.63124
0.213804
0.350886
0.551121
0.306057
0.872585
-0.773642
0.882704
-0.883502
-0.0309991
1.43476
0.823918
1.42576
1.59207
-0.98681
-0.567692
0.978993
0.463291
-0.0362885
-1.89331
-0.678466
-0.134176
1.75002
-1.77185
0.463576
-0.556643
-0.51413
-0.754981
1.21032
-0.867519
-0.478522
-0.109431
-0.979243
-1.36616
-0.177168
0.80169
0.583575
0.646874
-1.64848
0.819604
0.0465157
-0.617729
0.572884
-0.366217
0.432026
-0.760692
2.07579
-2.93344
0.488598
-0.889349
-0.530084
-1.23598
1.42296
0.423447
-0.0181782
-0.570503
0.0390111
0.288076
0.523227
-1.3649
-0.115698
-0.432943
0.443157
-0.810372
-0.83606
0.350546
-0.477062
-0.745722
0.0111737
1.99552
-0.035888
0.203391
-0.226953
-0.376203
-0.593014
-0.442123
1.29379
-0.22926
-1.19406
-1.14261
-1.01447
-0.723409
0.0793118
-0.417645
-0.529584
0.237289
-0.778196
0.339029
-1.46643
0.114432
0.171424
0.537639
-0.608699
-0.127827
-1.2651
-0.191604
-0.737753
1.06934
0.748607
-0.594942
0.508205
-1.00266
0.637474
0.912871
1.932
0.610626
-0.937529
-0.32508
0.2116
0.194949
-0.739993
1.94364
1.00266
-0.52844
-0.0200078
-1.03133
1.34983
2.12876
-0.488181
-0.521102
-0.269403
0.747819
0.414093
-2.20191
-0.282094
1.2312
0.262566
-0.494861
-1.23122
-1.04272
0.822139
-0.0573931
0.722098
0.633883
-0.388743
1.31597
-1.09205
1.08063
-0.105497
-1.36218
1.07377
-1.08467
0.797563
-1.07919
-0.709915
1.42682
0.0900774
-1.53101
-0.185845
0.919685
-0.448944
-0.301832
1.18907
-0.682422
0.1557
-0.192384
-0.412248
0.054948
0.0469513
1.39968
0.51284
-0.209341
-0.57904
-0.492171
0.30513
-0.117511
-0.289779
-0.0196211
-1.47181
-0.843676
-0.874366
1.40594
1.15403
0.672707
-0.907339
-1.82368
-0.182928
0.260493
-0.519923
1.44201
-0.873681
0.0963972
-0.396772
0.37398
0.0334475
0.544732
0.183417
-1.13608
0.455079
-0.544591
0.20771
-0.725433
-0.19552
0.080789
0.0662363
1.7017
1.18267
0.566766
-0.533843
1.16691
-0.378022
-0.151101
1.65025
-0.870915
0.827753
-1.0726
0.875492
-0.856638
0.176349
-0.745579
-1.01874
-0.396025
0.364936
0.177919
0.763618
-0.239291
1.40293
-1.5414
-0.415307
-0.259005
-0.447128
0.311969
0.525845
0.814568
0.114743
-0.125569
1.14803
0.0938294
0.386424
0.0859031
0.317708
0.5962
-1.03331
0.528486
0.80394
0.201454
-1.62984
-0.686501
-0.970347
0.348599
-0.900016
0.648095
0.462574
1.02882
-0.603689
2.2087
-0.276771
-0.528822
1.52777
1.1693
-1.28053
-1.11981
-0.313363
1.40217
-0.135743
0.467627
0.313865
-1.28128
0.107294
1.10817
0.0665526
-0.887716
-0.717404
0.505986
0.964056
-1.38327
0.134919
-1.65632
-1.04013
-1.15232
-0.164088
0.966151
0.820376
-0.040174
-0.50777
-0.382151
-0.351119
0.625284
-0.857961
0.958867
0.788382
-0.382403
0.999358
0.41761
-0.0665313
-0.116614
-0.470158
0.242863
0.729777
-0.843571
-0.570506
0.321395
0.433553
0.760756
-0.534407
0.616042
-0.394421
1.45267
0.635992
-0.397789
-0.0774184
0.818109
-0.486079
-1.60525
-1.18453
-0.108761
-0.523023
0.66715
-0.939383
1.04457
0.969334
-0.0349079
1.74358
-0.599461
-1.02747
-3.33594
-1.22452
-1.07441
0.936917
1.49394
-1.21501
1.5796
-0.506638
0.397906
-1.14404
1.73569
0.0408066
0.360012
-1.49064
-0.610157
0.243214
-1.36087
1.39091
-0.853641
0.0129559
1.28472
0.199049
0.302041
-0.0468671
-0.267257
-0.264873
-0.558257
0.769766
0.328527
0.741827
-0.727751
1.0796
-0.906874
-0.728239
1.28662
0.434436
0.571874
-0.793436
-0.63541
-0.526343
0.170495
0.602031
-0.929712
-0.287553
1.84855
0.07461
-0.457786
-1.57639
1.68619
-0.887791
0.970414
0.735182
-1.20237
-0.73317
0.677311
-1.51308
0.926482
0.372341
1.14446
2.20189
0.331424
0.790409
0.13275
-0.0176071
0.381604
-1.78666
-0.326177
-0.108803
-0.251341
0.255405
-1.71153
-1.89136
0.259649
0.322358
-0.000411253
-1.99519
0.656007
0.672198
-1.62649
-0.855979
0.969459
2.26148
0.650161
0.986844
-1.26401
1.46682
-0.0340895
0.786496
0.32125
-0.680894
-1.39727
-0.613259
-0.176097
0.778614
-0.452158
-0.41576
-0.606095
-1.07821
0.891512
-0.0569151
1.30617
-0.0991004
0.0594219
-0.562495
1.31481
-0.202225
0.611065
-0.544342
0.350982
-0.68997
0.0704298
0.945891
-0.707725
0.927536
-0.0584833
-0.520515
0.424319
0.717123
-0.277109
-1.07685
-0.0453575
-0.600975
0.414925
-0.226892
0.7373
0.544762
0.780091
-0.393177
-1.38916
0.0635758
-0.487963
1.14859
-0.768198
-1.46147
-1.07101
1.1473
-0.583379
0.215848
-0.231825
0.861461
-0.588165
-0.449476
0.263536
-1.06191
1.47226
-0.580336
0.988311
1.6134
-1.21002
-0.525557
-2.54039
0.651144
-0.164178
-1.10757
-1.37583
1.75948
-0.970106
0.637691
1.49692
-1.68216
0.910177
0.938749
0.202828
-0.018573
1.28342
-0.956672
-0.772837
0.0999037
0.84768
3.04023
1.54475
-0.118315
0.116982
1.03064
-0.317086
-1.02038
0.859985
-1.80954
-1.26882
-1.03012
0.973751
0.166753
0.223159
-0.629553
-1.28804
-0.612343
-0.501217
-0.631856
0.569537
-0.900654
1.13268
-1.04482
-0.789217
-0.0203685
-0.232381
-0.0791718
-0.142865
0.360472
-0.112874
-0.678073
0.42965
-0.397405
-0.344984
0.996862
-1.94918
-0.0357844
0.0495571
-0.19269
1.16557
-0.0421124
0.107362
-2.484
0.137455
0.212908
-1.3663
-0.723253
0.148535
1.09794
-0.23584
-2.09437
-0.72732
-0.490428
1.21916
-0.588751
0.556227
0.140609
0.326862
-0.234398
-0.290745
0.1661
0.652874
-0.857919
-0.228409
0.632266
-0.304178
1.72834
-2.65338
1.27775
-0.0870621
-0.786931
-0.611399
0.222962
0.034108
0.111495
-0.453502
0.735807
-0.401454
-0.452582
0.0252591
-0.560606
-2.18295
-0.203723
-0.701152
-0.942798
-0.227528
-0.127807
-0.359984
0.285471
-1.60344
-1.24396
-0.275764
-0.461871
-1.554
0.448446
1.32947
-1.38816
-1.32844
-0.690289
-0.49603
0.435135
-0.496734
1.52225
-0.204022
-0.84086
-0.0878323
0.719858
-1.00501
0.613127
-0.916029
0.413535
-1.39205
0.652451
-0.694149
-0.0711748
0.659798
1.69603
0.422487
1.02231
-0.58664
-1.57453
-1.98377
-1.43394
0.117425
0.581007
0.508751
-0.13501
0.997699
-1.72628
-0.374439
0.209617
0.384398
1.66816
-2.02462
0.606199
0.873134
-0.912391
-0.197557
0.391487
-0.278203
-2.50416
0.213332
1.54784
-0.765494
-0.117499
-1.27549
2.31269
0.466847
1.07519
2.79816
0.37099
2.02626
0.122204
1.06409
-0.359484
-0.124312
0.909244
-2.35611
0.0223046
1.34311
0.343444
0.178124
-0.565872
0.646723
-0.843149
-0.186981
-1.59463
-0.303344
-0.279535
-0.0887285
-0.0769972
0.628431
0.135915
-1.53899
-0.747219
-0.205492
1.08264
-0.774097
0.242168
0.272661
1.43726
-0.0296895
1.48552
-0.840553
-0.503584
-0.739597
-0.324931
-1.01749
1.90171
1.07623
1.74778
1.02597
-1.66652
0.7801
-1.80413
-1.23233
-0.951112
1.47295
-0.235866
0.0299563
0.834921
-0.891474
-0.355478
2.0781
-0.657264
1.25759
0.436051
0.109008
1.56197
1.08231
-0.525504
1.57925
-0.363698
-0.318799
-0.53422
-0.405553
0.68366
0.684885
0.328528
-0.320438
-0.966285
-0.118473
-0.600559
0.0963708
0.242949
-0.754875
-1.08252
1.0033
-1.01816
-0.999264
0.599131
-0.47486
-1.4392
-0.111426
-0.845173
-1.29418
-0.065974
-0.247432
-0.208753
1.45082
0.00414354
1.34874
-1.03733
-0.68181
1.89516
-0.48257
-0.352727
0.916091
-0.260555
1.37758
-0.392814
1.94382
-1.07941
-0.922877
0.250861
-0.0454617
-0.883349
-1.14258
1.39542
0.699182
-1.2771
-1.70775
-1.35121
0.289684
-0.486938
-0.534564
0.210485
0.153543
0.22052
-0.923743
1.50134
0.30005
-1.55002
1.11615
0.825663
-0.262273
1.37785
0.315513
-1.26652
-1.08441
0.1081
0.181845
2.3054
1.33422
-0.949395
-0.78714
0.863008
0.354881
-0.932366
-0.308172
-0.157832
-0.825848
-0.14752
2.54778
0.0920926
-0.203761
-0.03642
0.91697
0.453463
-1.15648
-0.447742
0.629116
-0.184847
2.25993
-0.367316
-2.03205
-0.591485
-1.66674
0.147952
-1.11428
0.483215
0.157725
-1.1606
1.32005
0.731881
-0.00135353
1.5243
0.0198986
0.291452
0.808857
2.42125
1.65326
-0.600244
-1.76844
0.728624
-1.03699
-0.621518
0.623395
-1.18535
-1.21925
0.0748312
0.329664
1.1192
-0.58064
-0.863509
-0.203603
0.836803
0.980662
0.551222
0.182664
-0.0490846
-0.693478
0.248506
0.0384978
-0.607817
-1.23091
1.02593
0.510355
-1.43902
1.70946
-0.805863
-0.74779
-0.446049
-0.821277
-0.746268
-1.57867
0.205425
-1.56848
0.746633
-0.255789
-0.423362
1.26469
-0.204168
0.601232
-0.947078
0.423094
1.25057
-1.67995
0.402619
0.566205
-1.37777
1.17283
-0.546066
1.00893
0.495673
0.550213
0.745668
-0.381408
-0.0326027
-1.40447
0.330104
-1.67139
0.902756
-2.19063
-0.372562
0.570814
0.10938
0.828665
-0.555722
-0.672354
0.175849
1.66524
-1.33907
-0.00135418
-0.693224
-0.306372
-0.418185
-0.722203
0.791179
0.436738
0.547723
-0.90844
-0.492238
1.47335
-0.234482
-0.565855
-0.862713
0.823593
-0.37608
1.7614
-0.371931
0.993641
1.48795
-0.232875
-0.426019
0.802361
0.445663
0.00800917
1.32119
0.802985
-0.583141
-0.509957
0.773067
-0.141037
-0.619484
-0.417563
0.58307
0.107045
0.939172
1.33865
-1.16082
-0.272032
0.41799
2.45856
1.1609
1.5273
-1.42316
1.27775
-1.13172
-1.01567
0.392139
0.0845177
-0.513849
1.10399
-0.0600337
0.0646537
1.08622
0.889918
-0.878797
1.29399
0.160556
0.22532
0.130248
-0.102547
-0.140204
-1.04463
1.22569
-1.73859
-0.10389
1.07539
0.337458
0.381953
0.619936
0.189954
-1.42045
1.49668
-0.667853
-0.572452
-0.036894
1.04489
-0.682997
-0.695013
0.16407
0.54891
1.4311
0.927749
-0.337038
0.86487
0.520166
0.223924
0.168179
2.25414
0.727774
-0.101705
0.934489
-0.668854
0.0561026
-0.231977
-0.636919
1.9235
1.05233
0.414779
0.182331
0.679414
-0.447375
-0.196223
-0.589954
-0.570069
0.473592
0.383154
-0.229049
-0.595574
0.768198
-1.11187
-0.840749
0.251975
1.42366
0.231695
1.09817
0.356193
-0.345888
-0.831096
0.275755
0.856694
1.08577
0.455675
0.673132
0.293862
0.170242
0.310118
-0.150837
0.116179
-0.855097
0.327861
0.168888
-0.613549
0.13337
-0.504923
-0.90875
1.45774
0.018121
0.692285
-0.0171743
-0.278206
-1.26998
-0.469683
0.655673
0.0292444
-2.05366
0.136918
0.42929
0.650907
0.134041
-0.337208
-0.266061
0.292758
0.327673
0.511255
-0.285831
-1.17167
0.253617
-0.579221
0.217184
-0.911259
-1.40737
-0.768003
-0.2764
-0.346133
-1.81568
0.866511
1.10801
-1.89743
-1.17387
1.04436
-0.890954
-0.675949
-0.210949
-0.164121
-1.43387
-1.16234
0.352233
-1.51655
0.0596287
0.205246
-0.80587
0.459893
-0.392269
2.06964
-0.475581
-0.152961
-0.531822
0.315429
0.340342
-0.311868
0.0092772
0.0101962
-0.292311
-0.880007
-0.410997
0.245596
-1.38963
0.418132
0.163542
0.383237
0.317777
1.16648
1.9412
0.319698
-0.777795
0.320308
-0.369674
-1.05628
-0.597973
0.389381
0.255222
0.520424
-0.0579792
0.275059
0.951194
0.958142
1.45429
0.800586
0.67703
0.489802
1.46786
-0.169158
1.1499
0.428623
1.71468
0.00269997
0.862531
-1.07396
0.871395
1.46982
-0.981761
0.603402
0.524953
1.839
-1.92062
-0.654291
0.804724
1.40204
0.652192
-0.437506
-0.99847
0.865091
-1.12502
-0.433466
0.929523
-0.634919
2.41142
0.702627
-2.1151
-1.15252
1.22502
0.989921
-0.0060888
0.508355
1.47961
0.550067
-0.415059
0.801821
0.301346
0.108211
-0.130604
-0.284197
0.107951
1.2186
0.989108
-0.00669415
1.89826
-0.872886
0.398222
-0.571678
-0.147423
0.321608
1.41096
-0.163113
-1.01365
1.11183
2.2573
-1.66251
1.11042
-0.145716
1.53944
-1.32898
-0.629057
-0.196912
-0.0699743
-0.505925
0.491227
1.26398
-1.04987
-0.70908
0.564267
0.142904
-0.0720413
0.726794
-0.233604
0.4651
1.43805
-0.322485
-0.360333
-0.426874
-2.47238
-1.29885
-0.197201
0.46359
-1.24773
-1.80837
-0.471237
-0.896511
0.112569
-0.189752
-0.61059
-0.1969
0.366889
-0.485528
1.48399
-0.596132
-0.0828799
-0.773906
0.0729766
-1.10923
0.979096
-0.874563
-1.32204
-2.16707
1.23955
-0.944838
0.270585
1.28019
0.693955
0.240448
1.16064
-0.831837
1.27645
-0.618142
1.46575
-0.00975078
-0.665612
1.34262
-0.0744222
1.73694
-0.14407
-0.464092
-0.328896
0.547028
-0.981367
0.671519
0.299436
-0.639717
-0.355226
1.49999
0.598812
0.00956042
0.623105
-0.270116
0.907029
-0.428664
-0.882313
0.209749
-0.299902
-0.110345
0.312268
0.197214
1.56125
-0.741836
0.493109
-1.49858
-1.13028
0.814428
0.127719
-0.338238
0.772841
-1.57418
-1.68195
0.318214
-1.02411
-0.276872
-1.3333
-1.33192
0.187983
-0.365002
-1.75983
1.57045
1.20691
-0.78587
-0.947441
0.788226
-1.39082
-1.23289
0.293221
-0.436911
1.0172
-0.566303
-1.57604
0.866153
0.661355
-1.00766
-0.109661
0.0764497
-0.195424
0.815239
-0.473538
-0.636918
0.655849
0.154249
0.228837
0.899064
2.09089
1.45443
-0.960915
1.73178
0.624289
1.40664
-0.260569
-0.210528
0.711903
0.250199
-0.568305
0.647599
-0.172804
1.00393
1.20212
0.80192
0.517868
-1.06209
-0.241488
-0.0968492
-0.714378
1.05754
0.915311
-0.800725
0.035483
-0.46207
-0.179753
0.500348
2.41526
-1.29589
2.42886
-1.64692
0.907424
0.720507
1.47755
-0.794065
0.68692
-0.497317
2.22768
-0.422891
0.844982
-0.188612
-0.620464
0.398826
-0.360182
0.325245
1.37542
-1.64915
-1.15484
2.17157
-0.0403654
0.150698
-1.85514
-0.801618
0.228857
-0.782285
0.446613
1.15344
-0.882341
-1.41754
-1.37325
0.475666
-0.622296
-0.400834
0.184151
-0.970565
-1.16655
-0.703145
-0.577638
-0.419783
-0.905466
1.1485
0.876697
0.945749
0.428604
0.889236
-0.207055
-0.673457
-0.705794
-2.12043
-0.304373
0.672936
1.02075
1.8766
0.0829833
0.389899
1.24963
-0.75952
0.719244
0.99508
-0.0989318
0.175927
1.20968
-0.50976
0.0744866
-1.79091
-1.82328
0.223448
-1.35436
-0.715859
0.16277
-0.473673
0.0243718
0.00227437
0.287223
0.0858443
0.37083
-0.310585
0.483726
0.875084
-1.48722
1.26759
-1.17203
-0.573186
-0.612477
0.524205
-0.0408646
-1.25802
-0.560829
0.337671
0.17317
-1.04779
-0.80098
-0.565566
-0.183595
-1.17809
1.48563
0.382253
0.274943
0.0405724
-0.632734
2.57802
0.0873507
-2.57554
1.64902
1.69146
-0.416758
-2.16731
-2.35332
0.970031
-0.413804
-1.51832
0.355472
0.684933
-0.603595
-0.937497
0.0207007
-0.621612
0.00599463
-1.12078
-0.686166
-0.562598
0.310227
-0.0443756
-0.10593
-0.611777
-0.3328
-0.0163901
0.233855
-0.496968
-0.0702086
0.261522
0.372164
0.500659
0.984608
-0.402161
0.134771
-0.520419
0.800547
-0.358397
-0.285223
-0.445225
-1.36847
0.861462
0.16105
-1.8192
0.403736
-0.26992
-0.281934
-0.516999
0.412686
1.35767
0.51263
0.246832
-0.189629
-0.1
-0.327515
-0.0354906
-1.79929
0.467046
1.06983
0.685737
-0.679022
-2.70325
-1.95868
-2.00613
1.88112
0.282365
-0.850406
1.03549
-1.88304
-1.06866
-0.383335
1.21995
0.476
0.0335334
0.152002
0.519723
0.127671
-2.33752
-0.455463
0.918592
-0.632098
0.31995
1.36416
-0.572061
-0.135557
1.30823
-2.04071
-1.06647
2.42286
-0.900619
-0.222886
0.264826
0.846056
-0.71777
0.0983298
1.90171
0.312821
1.72248
-2.15674
0.155867
1.73229
0.644289
-0.0443569
-1.82571
-0.653291
-0.876351
-0.203205
-0.965126
-0.999799
-0.572021
0.166629
0.941903
-1.12252
-0.907503
0.51715
0.116321
0.0739577
1.87596
-0.276537
-0.620676
0.62992
-0.715242
0.146501
-0.631037
1.01086
0.115131
2.72506
-0.102022
0.835122
0.0935884
-0.43861
1.62504
0.987566
-0.271249
-0.729921
0.892606
-0.567053
-2.01202
0.390325
0.670505
0.844744
0.193588
1.00548
0.758572
1.36075
0.121381
-0.0789732
-0.178005
-0.485724
0.823288
0.786183
0.432899
1.77879
-1.14316
-0.0795972
-0.232763
0.41699
2.07875
1.60505
-0.0931024
-0.693092
1.07836
1.29195
-0.0271256
-0.622307
0.291361
0.925619
-0.0948971
-0.346387
0.526079
-1.95218
-1.80598
-0.587677
-1.30378
0.332847
1.05612
0.12922
-0.777632
-0.641747
0.19223
-1.9189
0.153899
-0.565656
-1.92072
-0.639364
1.96311
-1.59605
-0.0283324
0.741892
0.780477
-0.299267
2.31583
1.17724
0.49302
1.11469
-0.30794
0.33318
0.122198
-0.217905
0.621079
-0.770208
0.210477
0.932759
0.970006
-0.240783
-1.39052
0.58683
1.68017
0.239236
-3.30461
0.648608
-0.328836
-1.16321
0.388928
0.481869
-0.436548
0.560614
-0.470885
-1.25054
-0.0854181
0.276689
0.327576
-0.484625
-0.885388
0.488159
-0.506672
0.311674
0.93854
1.18572
0.603221
0.366838
-0.0106471
-0.221607
0.123454
-0.193456
0.674222
0.00215618
-1.10144
-0.459493
0.412604
0.883062
0.351795
1.21721
-0.587841
-0.404569
-0.330049
1.06387
0.0400412
0.208202
0.0174414
-0.31522
-0.365065
0.186637
0.278726
0.530534
-0.895795
-0.0529343
-0.14639
0.150991
-2.57985
-0.153093
-0.701555
1.11721
-1.1751
-0.75037
-0.477565
0.998776
0.042864
1.91354
-0.151949
-1.00265
1.15339
0.110574
1.1735
0.539655
-0.947236
-1.27156
1.09587
-0.201043
-0.0577389
0.263749
0.488351
-0.211481
-0.183951
-0.031402
-0.864953
-0.161525
0.504776
-0.272026
-0.920444
0.568
-0.777836
0.66909
0.533768
-1.38842
-0.00536654
1.48252
-1.27708
-0.430922
-0.688195
0.563793
-0.660853
0.876128
-0.987713
-0.427736
0.484003
1.22198
1.17911
1.10667
0.244603
0.973728
-0.153222
-0.0541142
0.632308
0.192779
-0.183282
-0.405267
0.528279
-1.20867
0.400793
1.1284
-0.272125
-0.336353
-0.172197
-0.0903098
-1.14805
0.983344
-0.462596
0.913794
0.249757
0.882844
0.267435
-0.751511
1.13905
0.837796
0.803516
-1.02235
-0.28649
-0.36085
0.171795
0.152728
2.26076
0.272515
0.109164
-0.591954
-0.647924
0.521996
0.0152881
0.629108
0.124842
1.33732
0.250852
-0.782907
-1.12471
0.973774
0.507223
-1.07008
-0.399125
-0.371657
-0.222703
0.837348
-0.098811
0.514883
-0.00981773
-1.16818
1.04368
-0.721566
-0.514447
0.588792
0.476645
0.553714
0.152932
-0.35939
0.417332
-2.01025
0.107414
0.156425
-0.615248
0.808766
0.405268
0.827351
-0.122398
0.50215
0.304469
1.17729
-0.688492
0.969009
-1.71883
0.755004
-1.89127
0.370038
-0.366738
0.196727
-2.0071
0.903095
-0.57844
0.290237
0.0271608
-1.39747
1.41603
1.13842
-0.996099
0.15244
-1.47452
1.08845
-0.60109
1.90399
0.447598
-0.0986993
-0.633003
-0.229941
0.582502
-0.578905
-0.337621
1.45337
-0.696735
-1.28862
-0.215653
0.205221
0.597561
0.0837751
-1.55856
1.01055
1.09587
0.558081
0.833452
1.02745
-0.660123
0.174966
1.53553
1.15561
1.35785
0.276911
-1.61609
-1.05042
-1.5812
-0.384555
-0.973879
1.7871
-0.653253
-0.857577
-2.1129
0.944742
0.328023
0.834925
-0.0150279
0.318158
0.933692
0.636124
0.3153
-2.2947
0.179001
0.269139
-0.681583
-0.0820167
0.667048
0.637199
0.300589
-1.2159
-1.15104
0.624375
1.60057
-1.45044
-0.00851186
0.917425
1.85311
0.977365
-0.271483
0.896221
1.20632
-0.549411
0.973115
0.305574
1.17767
0.801708
0.182644
-1.63128
-0.503053
0.556241
1.04255
0.690494
0.0471047
-0.388992
0.115747
0.610802
0.935021
-0.877497
1.40877
0.259479
0.529695
0.356451
0.59116
0.459107
0.325237
-0.418934
1.07705
0.357683
-1.1185
-0.175106
2.0179
-0.0651548
-1.25691
1.54263
-0.110496
-1.50544
0.202492
0.71655
0.666224
-0.883927
-0.00898477
1.65865
1.29703
2.04751
-0.134722
-0.593854
1.31313
-0.0549066
0.605021
0.17638
0.803695
1.0786
0.928229
-0.63782
0.258612
0.903927
-0.869018
0.823247
1.36308
1.49851
-0.606906
-1.26791
0.411996
0.181993
-1.34486
-0.201055
-0.532811
0.190925
0.423596
-0.194856
-0.0777443
0.994659
0.185685
-0.225936
-1.96523
-2.26079
1.38258
-0.385549
-1.66094
-0.759192
0.634456
-0.913193
0.691605
1.07781
3.20248
0.0215133
0.426484
-0.132171
-0.388075
-0.762457
0.101627
1.32383
-0.759052
-0.150578
0.66928
-0.00510763
-0.68958
0.922255
1.13459
0.264549
0.0881824
-1.09555
0.176748
0.511475
1.18532
-1.33722
0.4964
-0.357173
1.14377
0.920013
-0.34434
-0.312413
-0.668448
-0.14638
0.479017
-0.469264
0.108685
0.188647
0.62975
-1.91752
0.255968
-0.0579157
-1.63742
2.47303
1.09278
0.795694
0.809692
0.608342
-1.30872
-0.291792
0.854533
-0.221369
-1.34693
0.605429
1.38184
3.76649
0.321674
0.570375
-0.676633
1.16844
-0.910115
0.410369
0.299947
-1.2965
1.53965
-2.50636
0.895582
1.3539
0.352929
-1.34956
-0.879861
1.00915
0.182422
-1.33989
-1.04611
-0.801891
-1.39512
0.197009
-1.46718
1.55541
-0.095046
0.705312
-1.80262
1.06053
-1.03554
0.166528
0.327621
-0.521779
-1.45385
-0.656236
-0.740948
-0.637057
-0.289513
-0.557198
-1.41334
1.53806
-0.201038
0.175914
-0.45408
0.593835
-0.42394
2.38473
-0.0755148
-0.740561
1.18964
-0.309412
-0.884147
-1.04939
0.311285
-0.89257
0.899312
-0.857183
-0.624727
1.52543
0.39962
0.00420201
-2.83968
-0.114313
-0.586458
-1.18597
-1.00565
1.46304
-0.706229
1.57137
-0.737884
0.552428
-0.852772
0.989152
0.0151346
-0.787073
-0.458954
1.08493
-0.0804044
0.14903
-0.23336
1.07306
0.0830705
-0.415887
-0.290599
0.283726
-0.0118978
0.124131
-0.0856757
-0.460802
0.0304564
-0.729291
0.907634
0.055725
-0.631823
-1.11753
-0.078871
-0.587315
-0.250279
0.829277
-1.49438
1.20945
0.100318
0.143768
-0.0131251
0.206746
-0.02381
-0.147428
-0.030403
-0.756202
2.52895
-1.04699
0.248839
0.741254
-0.643513
-0.745975
0.636611
-0.463988
1.19463
0.227128
-1.22538
-0.615334
0.161701
0.746121
2.06505
-0.282419
-0.164578
-0.0776267
1.41392
-0.00267123
-0.973876
1.21884
-0.0865587
-1.65608
0.15034
-0.825104
-0.430412
0.394576
-0.281411
0.889333
0.0851218
0.474229
0.526471
0.425349
-0.00491622
0.12254
-0.510496
0.00312656
0.915602
0.341432
0.183543
-0.0502916
-0.0462044
-2.05676
0.129581
1.20583
-0.821013
-0.182011
0.632214
-0.348415
0.902602
-0.501572
0.0665394
-0.913076
0.355561
-0.578134
-0.796278
-0.305869
0.0359542
-0.761321
-1.11818
-1.41199
-0.373621
1.88255
-0.0182925
0.395111
-0.818854
-0.0684723
0.391271
-0.280814
0.955749
0.265926
1.57237
-1.31091
-0.237262
-0.0317209
0.458353
1.69384
-0.486554
-0.185292
-0.360004
1.71102
0.409456
-0.380354
0.0862779
1.75023
0.897437
-1.80948
-1.53811
1.614
0.4574
-0.803241
1.28072
-2.03586
1.12674
-0.199508
-2.02092
1.31411
0.602396
1.31597
1.49227
-0.287275
0.567803
0.786477
0.475323
0.702971
-0.670007
-1.99348
0.45151
0.947133
-1.25321
-1.15313
0.358466
0.11631
0.729711
-0.217815
-1.46855
-0.386681
-1.59349
-0.503032
0.516714
0.074343
-1.23246
0.19846
-0.734747
-1.36245
-2.93001
1.44301
0.234668
-1.66097
-0.867647
1.25593
-0.895461
-1.59138
-0.0371773
-1.60268
0.637115
-0.10417
-0.397972
-1.30161
0.523823
-0.383873
-1.92823
1.55885
-0.166209
-1.47085
-0.775911
0.1818
-0.456585
0.359542
0.142081
0.160665
-0.210975
-1.34825
-1.90527
-1.60333
-0.871886
-0.0357308
-0.510126
-1.15508
-0.13944
-1.09872
-0.683426
-0.157683
0.562734
-2.04336
-0.0420937
-0.844072
-0.519833
0.848846
-0.956205
-0.262826
0.478092
1.32901
0.242263
-0.849394
1.71178
2.47684
0.956019
-1.24632
-0.982182
0.860792
0.110797
0.0211383
0.485246
1.50303
1.406
-0.112714
0.669332
0.0649761
1.01469
-0.437993
1.52276
-0.290721
0.624188
-0.568237
-0.208811
-1.5038
-0.151326
-0.694996
0.399425
1.56278
0.0521724
0.442507
-0.822931
-0.273692
-0.195401
1.23696
-1.69748
0.258582
0.317891
0.856639
1.06625
-0.718552
-0.258137
0.836927
-0.851318
-2.72799
1.9566
1.70691
0.558877
-0.0932477
-2.34231
0.861609
0.36164
0.523535
-1.3717
0.624902
0.116491
0.902159
1.02313
0.566225
0.0253235
0.338709
0.830072
-0.343501
-1.22175
1.05449
-0.342246
-0.207793
0.474987
1.3635
0.23803
-0.972485
-1.12706
-0.0391534
1.26356
0.141374
-0.959525
1.22268
-0.377737
0.397989
-0.163318
0.536779
-2.12052
-0.454231
-1.31196
1.48258
0.615563
-0.601722
-1.81774
1.84256
1.29592
-1.47906
-0.288521
-0.640156
-0.409751
-1.62975
1.01598
-0.318928
0.486647
0.716599
-1.28882
0.360015
0.401362
0.47234
-0.986336
-0.601967
0.375276
-0.714869
0.973335
0.0462172
-0.532365
-0.38094
2.11056
-0.256416
0.0223367
0.119353
-0.256619
0.359714
0.245986
0.0996967
0.286709
0.167862
1.22941
-0.136552
1.2686
-0.706924
0.0485229
-1.61441
-1.59115
-0.0752366
-0.211936
-0.603825
1.24411
-0.383861
-0.889895
-0.410253
1.36358
0.202266
1.51181
-0.597888
-1.30192
0.871527
-0.129169
-2.22972
0.309244
0.151554
-1.32003
-0.228254
0.327266
-0.201003
0.265415
-0.153049
0.619475
-0.682868
1.54425
0.746354
-0.859056
0.212397
-1.27091
-0.744682
0.277441
-1.18736
0.55122
0.403227
-1.82508
-0.558673
-0.730942
-0.57694
0.395366
-0.812444
-0.196655
0.714251
0.224345
1.03627
-0.2628
0.996881
-0.798763
0.47967
-0.165102
-0.17541
-1.21051
1.99434
-0.616435
-0.540938
1.86607
-0.451334
0.00209635
-0.33214
0.796666
-0.984263
-1.59058
0.468434
-0.466303
-0.422012
0.167811
-0.346068
-1.65166
0.830557
0.78984
-0.0446561
-0.0689838
-0.163426
-0.556614
-0.176506
0.484405
-0.226394
0.311444
-1.28611
-0.538963
0.0953487
-1.46595
-1.37945
0.382951
-0.260667
0.299814
-0.0716895
0.27557
0.571651
-0.839192
-1.55382
1.64383
-1.60424
0.375313
0.0261694
1.22324
-0.64638
0.0970628
-0.130687
-0.0474107
-1.49452
1.27712
0.223589
-1.01365
1.18532
0.288863
-0.207663
-0.298431
0.613889
-0.422015
0.20139
-0.694241
-0.160234
0.0307826
1.1719
-1.04633
-0.845835
-0.0706389
1.20303
0.945576
0.54511
-3.34742
0.186706
-1.58672
0.608037
0.181965
-0.652728
-0.469132
2.13926
-1.14714
0.240472
0.571412
-1.09922
-0.94135
1.28262
-0.867742
0.949001
0.746531
-0.163199
-0.895503
2.21349
-1.64776
-1.70064
-0.201481
0.0446784
0.580154
-0.143957
-0.873415
1.291
-0.0937616
0.614827
0.0240722
1.03399
-0.107692
-0.109978
0.718643
-0.209095
-0.00592766
-0.624017
-0.453824
0.275021
0.311115
0.724123
-0.525357
-0.528762
0.236939
1.33848
-0.561511
-1.6385
1.18112
0.0313502
0.672199
0.448495
-1.20054
2.27401
-0.16031
0.468596
-0.741911
-0.572845
-0.790918
-0.583591
0.632071
0.056975
-0.704269
0.391566
-1.70661
1.18074
0.59712
-0.204124
0.730966
0.35881
0.0378178
-0.594735
1.61537
0.303545
-0.182089
1.28276
0.258136
1.43204
-0.736878
0.0470057
-0.0721657
0.155609
-0.160519
-0.791846
0.0387642
0.184827
0.0513178
-0.611301
1.85499
-0.370142
0.271902
1.46992
-0.760912
-0.113408
-0.0579979
0.195993
-0.925233
-0.396752
-0.381993
-0.251161
0.573308
0.144058
-0.382238
-0.252634
0.999836
0.37247
0.602847
-0.372015
-2.90098
0.603017
-0.230335
-0.410569
-0.471552
1.47059
0.266443
-0.317212
-2.02497
0.0781365
-1.06866
1.05262
-0.0277082
-1.03494
0.456763
1.26264
1.48762
-0.203396
-0.466258
0.0469397
1.5137
0.605972
-0.822622
-1.73923
0.956442
0.168694
-0.170377
-0.0701715
0.686999
-0.120986
-1.09571
0.84744
-0.701278
0.700866
1.75864
-1.76496
1.15729
0.353101
0.592889
0.00011829
0.898692
-0.336709
-0.016522
0.890707
0.457098
-0.237476
-1.19626
1.72092
-1.7651
-0.391611
-0.690208
-0.00985328
0.604138
0.572558
-0.8776
0.362251
0.511041
0.984289
1.99263
-0.0604973
0.445533
-2.59836
0.0505709
0.997795
-0.336344
0.164729
-0.161878
-0.0051606
-0.229075
-0.323155
-0.067336
-0.727685
-0.101577
-1.57106
-1.42339
-1.28311
-0.811316
-0.0492905
-0.559118
0.232451
-1.71029
-0.129691
0.403925
-0.5147
-0.128069
-0.244056
0.0949169
-0.08625
-0.468382
-1.64602
1.39204
-1.12618
0.377564
0.193017
0.803296
-0.746555
-0.348021
0.588098
1.52883
1.18251
-1.65419
-1.52959
0.381248
0.79403
-1.02672
-1.23427
-0.535396
-3.46645
0.805886
-0.218841
-0.955617
-0.769268
0.861776
-0.551281
2.22367
0.0313413
-0.947623
-0.971368
2.23501
0.836358
2.23048
0.839355
-0.897164
-0.347116
3.04714
0.795639
-0.616142
-0.382438
-0.372706
-0.218793
1.92118
-1.09966
1.37365
-1.37704
0.286093
0.550447
0.956724
-0.765486
0.340474
-0.0507636
0.0207046
0.157819
-0.568869
0.695477
0.934736
0.088879
0.704268
1.96542
-1.01903
-1.49672
-0.0895684
0.753758
-0.481623
2.04734
0.00458606
0.901329
1.31264
1.17841
0.117141
0.0676401
0.32909
0.0830184
0.500741
-0.412099
-0.653039
-0.468572
2.11259
1.01698
-0.753392
0.472466
1.16257
-0.477987
-0.868451
-0.145126
-0.67386
0.468922
-1.41674
3.07363
0.667488
-1.29411
0.254001
-0.0611068
1.17075
-0.482436
-1.01956
-0.257345
0.646181
0.161081
0.0539039
-0.763899
-0.376574
2.02593
1.57206
1.13977
-1.503
0.113737
1.46449
0.127462
-1.36031
0.160882
0.895163
-0.754269
-0.844196
1.73826
1.25935
-1.42904
1.7188
-1.38056
0.385163
-0.0556373
0.324069
-1.31743
-0.0176173
1.3438
-0.208166
-1.25659
-0.910081
-0.167045
-0.684751
1.28932
1.18336
-0.947349
-0.228813
0.434038
1.31882
-0.385434
-0.668401
-0.0231786
-2.10493
-0.568314
0.829633
-0.482971
-0.243607
-0.426403
-0.545759
-0.439784
-0.755876
-1.20507
-1.59463
-0.292036
-0.228105
1.21464
0.0647473
1.02806
-1.1559
-0.457957
1.02328
0.770493
-1.00117
0.160519
-1.35247
0.885579
1.80829
0.127366
-0.461509
1.68937
0.408165
1.6685
-2.50449
0.433951
-1.902
0.400824
-1.01261
-1.6388
0.574219
-0.000334192
1.03624
0.935653
1.55914
0.164941
-0.365028
-0.552007
-1.08633
-0.334576
-1.49362
0.305414
0.241655
-1.14255
-1.95019
-0.343994
1.8663
0.947888
1.34862
-0.1026
-1.00296
-0.373625
-0.288041
1.24857
-0.270699
0.734573
1.20019
-1.34231
0.171612
2.06585
0.139169
0.241514
1.26971
-0.947408
-0.326288
-0.0274514
0.355151
-0.270461
-1.63369
2.44263
-1.09828
0.278287
-0.792474
-0.700632
-0.208685
0.14536
0.61173
-0.2557
0.508744
-0.087662
0.333425
-0.0202187
-2.12071
-1.54826
0.914928
-0.420751
0.449277
0.453375
0.641988
0.248303
1.44152
-1.3896
-0.481905
-0.285488
1.40712
-0.741826
0.121008
0.542488
-1.07509
-0.79464
-0.272552
-0.0716306
-0.268611
0.608718
0.836589
0.0818262
-0.587946
1.42626
1.66943
0.415884
0.195001
-1.40313
0.869631
0.208666
0.149594
0.494963
1.66389
1.26065
0.423355
-0.381011
1.59006
-0.0990146
0.381362
0.31193
-0.631851
-1.53816
-0.476829
1.00257
0.0821309
0.252931
-1.1005
-0.6276
-0.178334
-0.199836
-2.08829
-0.318602
0.432284
0.838347
0.492339
1.23206
1.85206
-0.601485
-0.164885
-0.123094
0.164586
-0.663688
0.130009
0.237922
-1.9976
1.03191
0.204598
1.33391
-0.122253
1.37228
-0.347815
0.521307
-0.572003
-0.784363
-0.687791
-0.716427
-0.383076
0.348868
-1.18789
-2.1903
0.784491
-0.957072
-0.657594
-0.302455
1.37788
-1.0886
0.122226
0.768336
1.13838
-0.0374236
-1.9862
-0.337472
-2.26986
-0.695215
-1.61289
-0.442337
0.549964
0.57344
-1.00665
-0.631578
-0.658681
-0.274149
0.549434
0.267766
-0.0372481
1.24472
-0.749879
0.267013
1.05155
-0.26164
0.716388
-1.3626
-0.633443
-0.337614
-0.986953
-0.780258
0.282548
1.06158
0.174486
-1.59792
0.61721
-0.995737
0.293902
0.256876
0.938603
0.16499
0.413291
-0.727796
0.136433
-0.0774685
-1.47286
-0.604614
-0.541108
0.01645
-0.343179
0.3203
-0.18282
-0.194945
-0.998962
-0.475184
0.206628
-0.22924
-1.15754
-0.555848
0.316179
-1.12555
1.71292
-0.512241
-0.916461
0.893228
0.420161
-0.900642
-0.52478
1.34841
0.957119
1.24673
0.378208
0.746316
1.29115
-0.5069
-2.02563
0.0176761
-1.45467
-0.874556
1.05566
-0.434624
-0.510017
0.235912
-0.629968
-0.309208
-0.328811
-1.2794
-0.62542
1.09399
0.343173
2.42486
0.309399
-0.099201
0.189324
-2.26609
0.916513
-0.531425
-0.131109
-0.120173
0.500692
1.27925
-1.24137
-1.47694
1.33892
-0.543541
0.735413
-0.40528
0.660604
0.781326
0.103777
-0.143837
-0.767891
2.1582
-0.325361
1.85148
0.395497
0.215109
0.467633
-0.734844
1.66553
-1.04247
-0.246264
0.516501
-0.188983
0.138603
1.80988
-0.0219875
-0.635118
-0.27541
-0.38489
1.22551
0.783768
0.422788
-0.528067
1.64453
-0.939267
-0.921338
0.766836
-0.518393
1.39729
0.0343237
0.161987
0.378552
0.722978
-2.44115
-2.06121
0.678937
-1.36046
0.0774997
0.60792
0.259977
0.0696176
0.795372
0.0556628
1.04322
0.965803
0.520024
-0.810898
-0.00336589
0.416729
-0.724946
1.80788
-1.25246
-0.424912
1.4738
0.238627
1.66593
0.253911
1.43164
1.27054
1.4431
-0.0762801
1.15589
0.731449
-0.062206
0.571718
0.551411
-0.554813
0.127552
1.20691
1.32412
-0.174881
-0.828825
-1.74107
-0.88506
-0.224616
-0.0816303
0.0616657
-0.501659
-0.61031
-0.074071
0.227267
0.521314
-0.118617
0.391237
2.32674
1.98302
0.102967
-0.878262
-0.0381993
-0.904121
0.750674
-0.47325
-0.946754
-1.38523
-0.823012
-0.400221
-0.897362
1.18742
-1.68173
-1.3651
0.983357
-0.801904
-0.92909
-1.62399
1.05619
-0.148575
0.573519
-0.200337
1.51393
-0.759876
0.79471
1.26868
-0.987323
-0.343291
0.657677
0.340142
-0.320255
0.0996382
-1.27238
1.55474
-1.08335
0.345126
-1.02701
0.861844
0.686408
-1.01587
-0.15844
-0.589597
0.787014
-0.307775
1.27437
-0.602857
0.810012
-1.65682
-0.137754
-1.40519
-0.994171
-0.514588
1.26715
-0.325606
0.338432
0.0108977
0.0667119
1.05861
-0.605589
1.39354
-2.17396
-0.158455
-1.61574
0.175092
1.53547
1.1072
0.283062
-0.581715
1.2148
-0.806035
1.01015
1.63995
-0.123686
-0.448916
-0.384492
2.10653
-0.372981
0.672117
1.29392
0.281308
0.903055
-0.69782
0.520448
-1.65162
2.01624
-0.52341
1.71825
1.46215
0.583627
-1.01325
-0.681912
-0.378532
-0.46459
-0.792932
0.768039
0.265101
0.007067
-0.235671
0.420971
-0.0952639
0.306169
-1.85799
0.171171
-0.00270983
0.703294
0.828728
2.43543
-1.20691
-0.209785
-0.990505
1.31524
0.429057
0.281616
0.940555
-0.812154
-0.949597
0.984773
-0.729142
1.50399
-1.11743
0.0492034
0.726541
-1.06686
1.64523
0.699556
-0.91104
0.79895
0.159498
1.09389
1.65313
0.529487
-0.105597
-0.583258
1.08056
1.37982
0.388955
1.05412
-1.6172
-0.433836
1.1823
0.331184
1.86804
-0.0226129
-0.742065
0.0704997
1.59367
-1.06238
-0.215954
0.438817
0.589219
1.17527
1.10267
-0.582966
-0.0691662
0.783682
-1.28826
0.162185
0.0476031
-0.496839
-0.937987
0.833651
-0.0881462
-0.610392
-1.56084
-1.40332
-0.444783
1.38594
-1.31807
-0.869105
-0.131437
0.584402
-0.115369
-0.164855
-2.06762
0.244541
0.470938
0.735492
0.633534
-0.917828
-0.32119
-1.16617
-1.07978
0.354502
0.331449
1.58355
-0.790397
-0.796087
0.620594
-0.703037
-1.30465
0.112137
2.78528
0.0327608
-0.0300015
-0.0402053
0.0915736
-0.399821
1.10895
-1.05171
0.682433
0.101885
-1.75994
0.10839
-0.0218096
-0.20476
0.79647
-1.36303
-1.44152
-0.232381
-1.10105
-0.617352
0.516115
-0.471617
1.11442
0.800539
-0.998513
-1.52898
0.80263
-0.157609
-1.27044
-0.335234
-0.492283
0.162896
0.802367
0.980853
0.860871
0.164404
0.0412622
-0.261513
0.894437
-0.000914564
-0.195892
0.472497
-0.324539
1.05949
0.0258746
-0.0596983
0.593901
0.247026
0.979372
1.12317
0.238728
-0.232096
-0.672649
2.14667
-1.80089
-0.379653
0.875358
-0.676726
-0.300927
-2.00505
0.809127
0.263902
-1.0911
0.763233
-1.24701
-0.0166899
-0.131926
0.39972
-0.222129
0.788302
1.50038
0.560522
0.455049
0.865597
0.272245
-0.277911
0.64155
1.62504
0.927
0.317533
0.86541
0.00581599
0.528098
-1.22035
-0.4698
-2.74843
1.67337
1.42463
0.928572
0.370831
-0.689608
0.427155
0.305169
1.57494
-0.303852
-1.81028
0.379216
-2.0147
0.592948
1.32152
-1.09848
0.260081
0.654057
0.369367
-0.680666
0.275708
-0.878866
-1.04842
1.26398
0.238952
-1.28471
2.70606
0.0720896
-0.152793
0.611094
0.704024
-0.542059
-0.791985
0.0597437
-0.957333
-0.335263
0.47224
0.710469
0.814226
-0.813963
1.33932
-1.61529
-0.355187
-0.00725092
-0.542175
0.364266
-0.367574
-0.699932
0.504705
-0.831641
0.162004
0.746483
-0.401224
-0.220067
0.267564
-1.15975
2.04023
0.54986
-0.0302954
-0.359904
-0.211317
-0.568627
1.469
-0.983118
-0.160107
-0.749233
0.0922334
0.901839
1.41942
-0.547544
0.35587
-1.53488
-0.0257724
0.708613
-0.800411
0.382502
-0.467934
1.18079
-0.903022
0.214422
0.316452
-0.192417
-0.0555209
0.0736533
-0.249011
1.35151
-0.197002
1.0516
-0.775129
0.546138
-1.30344
0.40197
1.80165
0.153792
0.69772
-0.254938
0.000468743
-1.00252
-0.406484
-1.47367
-0.352862
0.673827
-1.10645
-1.21968
1.21146
0.743297
1.41631
0.21989
-1.84437
0.954411
0.208118
1.97163
-0.235754
-0.714255
-0.654421
0.539449
0.477712
0.021669
0.614073
0.186806
-1.31013
-0.382817
-1.49221
0.9439
-2.01869
-0.46633
0.965472
0.458645
-0.285513
0.691285
-0.861979
-1.39246
0.587592
-0.688943
-0.0788388
-1.30833
-0.690992
0.851588
-1.62064
-0.0741545
0.16492
-0.633146
-0.89173
0.142427
1.14111
0.765449
-0.493029
-0.134559
0.34398
0.242198
-1.33716
1.00651
0.753758
0.468126
-1.03955
-1.55725
-2.77542
1.45908
-0.884262
0.764061
1.09348
0.913528
0.65934
1.13702
1.16963
-1.687
-1.16567
0.244513
-0.180753
-0.220525
-0.0818249
0.460669
-1.02935
-1.1572
-1.02115
-1.45463
-1.46244
0.52745
0.0531356
0.1578
1.22333
-0.403613
-1.46805
-1.6986
-0.120941
-0.232796
-0.0811659
-0.909861
1.95337
-0.12919
-0.63557
1.06276
-0.772671
1.13926
0.76496
0.804444
0.0229624
1.23557
-0.749084
1.40787
-0.36242
-1.76521
-0.316273
-0.736987
2.07054
1.15737
-0.738322
0.174472
-0.539519
0.396594
-0.0358577
-0.384388
0.331292
-0.108105
-0.27285
1.1474
-1.09726
1.45248
0.524994
-0.224343
-1.11463
0.559428
-1.19038
0.368492
-1.50326
0.651164
-0.264734
-1.4417
0.775985
-0.530543
1.23539
0.398488
-0.770755
-0.294114
-0.404862
-0.0884188
-0.124514
1.03816
-0.662488
0.123933
-0.476511
-0.14459
-0.235363
0.0547949
0.221855
0.644644
-0.236846
1.6203
-0.350759
0.992743
-0.758193
1.10994
2.14234
0.0429982
-1.77523
-0.681819
-0.136738
-0.612535
1.31835
-0.474697
-0.656291
0.0556772
-0.564746
1.04343
0.287702
0.492587
-1.46031
-0.223576
-1.61767
1.2181
1.21792
-1.91345
0.955369
1.23537
1.10432
1.59429
-0.332328
0.266779
-0.0258196
1.08144
0.131835
-1.45552
0.448191
0.387036
1.95956
0.437005
0.745315
-0.704584
0.21391
0.543371
1.53235
-0.747746
1.30359
0.683265
-1.04622
-0.340439
-0.347474
2.1943
-0.332225
-0.975855
0.745004
-0.485618
0.0925659
0.762948
0.482376
0.887686
0.803778
-0.590423
1.00043
-0.757822
0.212904
1.03434
1.03415
0.719808
0.589553
0.629844
0.0306102
-1.34838
0.0518908
-1.81989
-1.08694
0.476353
-1.35264
-0.61338
0.988596
1.61305
0.33281
-0.181792
-0.0548255
0.218198
1.40952
0.111114
0.880273
-0.597222
0.284281
1.2722
-0.293689
-0.447977
0.52985
-0.0613083
-0.856739
-1.15603
-1.10277
0.282573
0.177899
-0.397499
-1.81697
-0.914071
0.81395
-0.875528
-1.46298
1.82968
0.893173
-1.82627
0.273365
1.49519
0.215901
0.325719
-0.0915644
-0.356623
-0.379212
-0.461732
0.787511
-0.691082
0.873426
-0.400162
-0.553154
-0.0121692
-1.97304
-0.102904
0.559556
0.941811
-0.0803823
0.863317
-0.377431
-1.40211
-1.12547
0.0227506
0.347651
-0.231238
-0.155005
2.12704
0.382829
-0.702512
1.66428
-0.00263081
-0.198699
1.17216
0.8824
-0.832417
0.641198
-2.41679
1.11369
-1.01942
-1.95505
0.491072
-1.03318
-0.364526
0.677392
1.05511
-0.219711
-0.620755
-0.362952
0.940632
1.00406
-0.947238
1.95982
-0.220951
-1.36247
-0.210128
1.2288
0.481808
-1.54348
-0.0206876
0.511119
-0.890967
0.585661
-1.38234
0.536924
0.185914
-0.00299887
0.0983884
-0.317941
-0.560468
-0.00176937
-0.314569
-1.5191
-0.984788
-1.36928
-1.90831
1.76593
-1.24805
0.58601
0.783106
-0.157628
2.4096
-0.438086
0.0307061
1.37314
-0.488037
-0.190899
-0.428816
1.47131
1.05621
-0.458194
-0.23511
-0.648656
-0.43669
1.75687
-0.388923
-1.05961
0.265972
-1.05552
1.56033
-0.906943
0.876333
0.1547
0.173467
2.13736
0.691495
-0.241769
-0.471244
-1.70707
-0.461867
0.0178685
-1.4127
-1.62862
0.0183171
-0.0325299
-2.8144
-0.121662
1.91882
-1.17966
-0.731314
-0.364437
-2.06375
-0.0505731
0.256055
-0.25574
-1.09201
0.86244
0.811282
-0.555652
0.454583
0.00880631
1.69151
0.850312
0.246227
1.05634
1.40357
-0.579491
-0.386703
0.324675
0.315259
0.276445
-0.847007
0.103601
-0.0527426
0.975685
0.180499
1.23083
-0.0319342
0.0201064
-0.356606
0.0692048
0.0698603
-0.382832
0.885252
0.774643
-0.00579806
2.11304
-0.249657
-1.67698
0.985279
-0.344353
0.042799
-0.958231
-0.560455
-2.15951
-1.20544
1.23957
-0.17164
0.467994
0.0809188
-0.726212
-0.981719
1.32825
-1.28954
-1.49735
-1.57975
-0.130528
-0.817911
-0.656174
1.54792
-1.06949
-0.368747
-2.06839
-0.645326
1.13149
-0.91161
-0.553285
-0.306607
-0.589232
1.14849
-0.371259
-0.195385
0.898498
1.09766
0.0424393
2.07995
-0.95603
-1.27065
0.735125
2.01444
0.670336
-0.552298
-0.813118
-0.909613
-2.07962
0.669576
0.713592
0.70217
-0.2449
0.838262
0.977879
0.401679
-1.03258
-0.23777
-1.18891
0.432683
-1.86488
-0.80892
0.427177
0.0150783
0.116214
1.38019
0.556268
-0.306018
0.785976
0.641974
-1.64166
-0.0869667
0.0959186
0.399289
-0.0567547
-0.961391
-0.443693
-2.12073
-1.41254
1.675
-0.791907
0.0134836
0.27912
0.532465
0.248294
1.21376
-0.182512
0.984432
1.27752
-0.943006
0.816116
-0.104105
0.27301
0.344084
-0.433653
0.141115
-0.710367
-0.0472613
-0.97831
0.535235
-0.0799148
-0.129878
-0.110499
-0.958284
0.194163
-0.616201
-0.80077
-1.0461
-0.404018
-0.853833
-0.441778
-0.461186
-1.56099
-0.355454
0.609037
1.06919
-0.537702
1.31143
-1.10513
-0.272777
-0.642822
-1.38544
-0.63278
0.0697051
0.152249
0.869385
0.310649
-1.08665
-0.0276429
-0.999342
-0.245462
0.319871
0.173524
-0.635773
-2.15608
0.716746
0.130852
-0.510798
0.864223
0.238961
1.61355
-0.0366247
-0.538412
-1.18763
0.935076
0.364857
-0.0331256
0.388712
-0.150551
-1.29106
-1.54781
0.812768
-0.484349
1.05618
-0.133393
0.698323
-0.485976
-0.424828
-0.633244
0.423411
-0.914627
-0.0348051
-1.49076
1.42946
0.423828
0.575482
-0.286528
-1.46017
-0.0501733
-0.841188
0.0616311
0.0929954
-0.465114
0.396137
0.198362
-0.0963883
1.06024
0.588674
-0.443797
-0.457682
-0.863138
-1.46975
-1.04612
1.70342
0.267331
-1.28301
-0.0465374
-0.221695
1.97937
0.154836
-1.16137
0.702363
-1.64861
-0.893498
-0.373408
-1.06522
-0.985287
1.38688
0.560776
-0.216855
-0.807821
-0.790872
-0.707758
0.615756
-0.520819
-0.12817
0.368472
1.25714
1.02892
-0.979972
-0.858239
2.80783
0.0821543
1.7859
-1.54863
-0.18525
1.36174
-0.13341
0.253517
0.407066
0.689736
-1.11337
-0.289767
1.19816
0.318601
1.16924
-0.384597
0.834399
1.33554
1.06704
-0.782866
-1.86995
-1.59503
-1.73504
0.505573
-1.16562
-0.761776
-0.110048
-0.352047
0.114615
2.24248
-1.36166
-1.19314
-0.781737
-0.0523038
1.12954
0.615763
-0.12718
1.07719
0.741013
-1.00013
0.330691
-0.898536
-1.59627
-0.0075796
0.27857
-0.979775
0.741192
1.78616
-1.39576
-0.915976
-1.00073
1.13519
0.356883
1.20134
1.12118
-0.666851
-0.683293
0.183139
1.11107
-0.52732
1.07174
0.42489
-1.16395
-0.301322
-0.423934
-0.28004
0.872569
-0.662828
-1.00302
-0.491998
0.391776
0.495638
0.638623
-0.00815456
-0.680059
-0.289267
0.779216
1.47594
1.62909
-2.08865
-0.912804
-1.09536
0.589213
0.235074
-0.832128
1.26225
0.215931
-0.65511
0.403717
-1.11996
1.83851
-0.584905
0.073246
-1.11906
-0.154222
-1.13476
1.08562
-1.1657
0.958115
0.729165
0.0270449
1.49948
-0.0992501
1.01694
-1.63518
-0.212881
0.831002
-0.18233
0.105853
1.63322
0.884027
-0.591466
-0.420171
-0.254772
1.20263
-0.059278
0.421834
0.378044
0.78671
1.20239
1.15099
0.250148
1.05123
-2.20523
-0.124227
1.06659
-0.674866
-0.112122
0.715027
0.480782
-1.51372
0.408368
-0.234734
0.0489427
2.69578
-1.54685
0.198023
1.17475
-0.22384
0.20777
-0.255967
-0.240323
-0.299493
-0.0594305
-0.4214
-0.0296815
-0.585872
1.5754
-1.39769
1.17102
-2.26172
-0.108841
-3.50911
0.556617
1.72598
2.45902
-0.109089
0.636301
1.43303
-0.420819
-1.41747
0.664001
-0.981685
0.80455
-0.535818
-1.15765
-1.21801
-0.699338
1.01334
0.734917
0.610758
-0.257779
-0.317273
0.355203
1.09719
0.254856
-1.16545
-0.785673
0.582604
-0.982992
0.340065
0.734684
0.223231
-0.372354
1.26306
0.391371
0.597098
1.01361
-0.745884
1.36124
-0.000957018
0.288744
-0.546141
0.450573
0.192613
1.92269
1.09582
0.716409
-0.875716
0.319252
0.773334
-0.435174
-0.00805375
1.10444
-0.508482
-0.6385
0.0617632
0.288874
-0.159666
0.0287401
1.62885
1.36589
-0.533037
1.16547
0.993273
-1.02352
-1.30446
-0.205617
-0.642126
0.189082
0.866727
-0.585998
0.423434
-0.621032
-1.36479
1.2108
-1.39428
-1.31272
-0.0917332
-0.604409
-0.764566
-2.04852
-0.574451
-1.41641
0.223642
0.903984
0.442751
-1.37337
0.233825
-0.388794
0.82955
-1.6312
0.626032
-0.429683
-2.45389
0.6484
0.625677
0.518565
0.151553
-0.0404672
-1.11573
-0.154136
-0.37248
0.299168
-0.0246472
-0.00998732
-1.128
-1.461
-0.806206
0.386647
0.207284
-0.883977
-0.176317
-1.03046
-0.919602
1.47217
0.0796041
1.56801
1.17193
0.53455
-1.34548
-0.985882
0.814529
1.86061
0.456422
1.55892
-0.368213
0.406834
0.575775
-1.16619
0.501207
0.93111
-0.726322
-0.0628667
-2.3834
0.117398
1.55923
-0.091618
-0.00428134
-0.718222
-0.191901
2.122
-0.215557
0.0867549
-0.604831
0.14699
-0.790703
-1.13416
1.10614
1.51345
1.37393
1.14025
0.107989
0.598599
-0.470817
0.316959
0.641767
0.105889
0.447647
0.353317
0.270895
0.444253
-0.947989
1.55961
0.237125
1.07242
0.193708
1.73308
0.30204
0.794193
0.939527
-0.515259
-0.435486
0.0250697
-0.699242
-0.612886
-2.5562
1.03121
-1.48807
-1.63668
0.655501
0.234974
-0.138659
-0.317834
1.00442
-0.719973
-2.2607
-1.39486
1.02741
-0.0373135
-0.389629
-0.309449
-1.38046
-0.104322
0.339034
-1.41267
-1.09851
0.594373
0.220188
-1.22771
-1.23013
0.539315
-0.0224021
0.115868
0.370497
-2.34767
0.924139
-1.20783
-0.824894
-1.74056
-0.0468892
-0.229408
0.282589
-0.407255
1.27922
1.20835
-0.261107
-0.0406953
-0.987875
0.101493
0.142585
0.496585
0.777477
0.785244
1.88054
1.24481
-2.05389
0.0896809
-1.88027
0.67982
-0.00513667
1.58109
0.853738
-0.373083
-0.38062
-1.35094
-1.78159
-0.629772
-0.457547
-1.97422
-1.66432
0.104279
-0.666886
-0.364312
1.23605
-0.75391
-0.649793
0.452918
0.300195
-1.39483
-0.361773
0.0968339
-1.66614
1.31172
-0.837228
0.282824
-1.07819
0.56133
2.02842
-0.221327
-0.051288
0.262294
0.660202
-1.0049
-0.790364
0.529251
-0.00291996
-1.00373
-0.460964
0.559139
-0.450301
-0.164338
1.41632
1.46954
-1.33553
0.141472
0.224407
-0.35078
1.76598
-0.850916
0.17809
0.413448
-0.653735
-0.16022
-0.187726
0.369635
0.693354
1.79043
0.600533
1.60589
-0.108198
0.136383
-0.0491361
-0.701979
-0.274252
-1.35436
-0.281358
-0.641552
0.0937254
1.16337
-0.234738
0.300397
-0.224659
-1.3697
-0.293696
1.79286
-1.68908
0.375827
-0.243791
-0.918687
1.8689
0.198869
-1.06681
-0.14463
0.373173
0.288395
0.406724
-0.586941
-1.23192
-0.485297
0.282243
-0.795394
0.271615
-0.347118
-1.33165
0.260943
-0.161855
-0.592859
-1.76527
-1.59822
-0.862029
-0.147641
0.517098
0.558561
-0.51631
1.35579
0.463614
-0.516685
-2.13077
-1.94091
-0.608144
-0.418527
1.23234
-0.691645
-0.233149
0.882088
0.253808
0.0526273
-0.82523
-0.0783339
0.284226
-1.33899
-0.259116
0.705264
-0.360702
-0.824662
-0.582534
0.533255
1.78908
-0.583443
-0.599245
0.467189
-1.77088
-0.839149
0.126723
1.07647
0.999089
-1.58084
-0.267161
0.266392
0.795636
2.14049
0.735733
1.25165
-0.5153
2.21402
1.27862
0.0970415
1.44443
-0.769463
-0.73579
0.753203
-0.407953
-0.862863
0.0523557
-2.38681
0.69929
-1.85306
-0.829727
0.220237
0.126728
-1.35549
-0.636674
-0.24755
-1.81959
-1.1687
-2.13754
-0.125639
0.58839
-0.842943
-0.167322
-0.167844
0.599152
0.370626
-0.347652
0.310533
0.533265
0.622442
1.00137
-0.952129
-0.0299087
-0.0274641
-0.171258
-0.105513
-0.287634
0.371448
0.144418
-0.0245142
-0.0200751
0.167816
0.0150759
-0.377485
0.994213
0.0328705
0.232505
1.03063
1.24082
1.51741
-1.11555
-0.937346
-0.957502
-1.56212
-0.0720145
-0.802197
1.31453
1.09914
0.393909
0.383725
0.371868
0.449032
-0.154244
0.398077
0.528634
-0.583386
1.24476
-0.127952
1.47747
-0.560795
-0.119221
-0.565513
-0.459155
-1.46396
-1.27782
-0.421019
-0.59212
0.589046
-1.5366
0.534229
-0.0592972
-0.788556
0.733265
-0.0566614
0.575483
-0.563342
2.0626
-0.740037
0.165997
-0.59596
-0.524212
1.35431
1.87753
-1.15859
1.12068
-0.194607
3.28491
1.35011
-0.719526
-1.4415
-2.13811
0.823284
1.27075
-0.680524
1.25803
-0.237319
-0.615899
-0.870185
-0.927838
-0.470893
1.46542
-0.478101
-0.33668
-1.74512
-1.12693
-0.826757
0.192761
-0.172484
-0.463522
-0.0353237
-0.936759
2.81612
-0.803558
0.0763645
-0.529172
-0.985515
-0.0160182
0.898595
-0.697951
-0.815879
0.45777
1.07441
1.16795
-0.956892
-1.80337
0.226959
0.978085
-1.2073
0.675755
0.985637
1.50386
0.467113
-0.724024
-0.0779438
-0.804798
-0.0164538
-0.378676
-1.19152
0.725576
0.530221
1.26753
0.405171
-0.795473
-0.542113
0.862409
1.05113
0.438474
-0.0736672
-1.18662
0.178473
0.541992
0.91403
-1.35659
-0.354212
-0.889405
-1.7734
-0.183771
0.687201
-1.7386
1.91165
-0.547473
0.120891
-0.90106
0.692039
-0.424125
-1.39286
-0.637631
-0.866635
1.32177
0.914321
0.175263
1.24446
0.607652
0.299113
0.505535
-0.461012
0.572314
0.0214182
-0.0142874
-0.436554
-1.86404
2.19192
-0.480777
-0.641575
2.41159
-0.83435
1.22378
-1.13813
0.99447
0.261387
-1.31432
0.691369
0.796215
0.104444
2.14219
0.385186
-1.07889
-0.459416
-0.0793593
-1.49969
-0.927837
0.154423
-2.17155
-0.316461
-0.841386
-0.026582
0.335439
1.61126
-0.881537
-0.17865
-0.071108
-1.26803
-0.202009
-0.295541
-0.82867
-0.211772
-0.2054
0.403433
-3.52525
1.07234
-0.0664231
-1.69318
-0.321393
0.621686
-1.58012
-0.0490947
-1.57824
0.169882
0.335564
-1.2187
-0.35368
-0.839202
0.215969
1.53499
0.479615
-0.47912
1.10145
0.258006
-1.09062
1.12503
0.306171
0.0847482
-1.10678
-0.640842
-0.14054
1.05897
0.113346
1.21458
-1.51723
0.928568
-0.613993
-0.0587904
-1.39612
-0.596166
0.0825745
0.70276
0.210016
-1.09908
0.109685
1.68605
0.453949
-1.13261
0.933118
-0.728384
-0.834101
0.163833
-0.565127
0.119789
0.500051
0.661964
2.24151
-1.33232
0.135337
-0.423036
0.512336
0.353899
2.61652
-0.837642
-0.708178
1.49143
0.156376
-2.0429
-0.233107
1.34427
1.54182
1.0467
0.240685
-0.745469
0.758428
1.13471
0.311645
-0.229207
0.050657
0.397509
1.32888
-2.89994
-0.893274
-1.41144
0.759504
0.735617
0.542812
0.881588
0.326441
-0.232315
-0.513479
-0.688527
-0.263872
-0.622613
0.827554
0.49952
-0.243772
1.51711
-0.693388
0.541183
0.132383
1.20407
0.970796
1.1602
0.873949
-0.163514
-0.241028
-0.689433
0.419017
1.65636
-0.610931
0.633312
-1.90376
1.13231
-1.36203
-1.4329
1.12717
-1.05887
-1.1669
1.1891
0.435621
-0.327564
-0.882552
-1.17657
0.384705
-0.894538
-0.304491
-0.901157
2.36194
0.18711
0.354348
1.85067
-0.0586177
-0.274446
-1.17983
1.27181
1.31749
0.42149
-2.68478
-1.76179
-0.219013
0.141767
0.230821
-1.02938
1.24472
0.704248
0.0136545
1.55565
0.939158
-0.692435
1.62829
0.318918
1.15234
-0.674955
0.544766
-1.63882
1.4734
1.08066
0.266126
0.0520759
0.384503
1.06534
-1.93858
-2.31785
-1.3819
-1.27236
1.20618
0.628841
-0.714576
1.18486
-1.14085
0.10266
0.562663
0.151211
-0.644064
0.583298
0.701648
-0.778231
-1.18376
-0.344844
-0.0644712
-0.653062
1.41944
-0.0801123
0.521979
-0.681065
0.840797
-0.248369
0.654726
-0.623955
-1.11564
-0.0913188
-0.787751
0.689556
1.63466
1.04715
0.265736
-1.34432
0.948332
-0.587485
-0.105948
-0.692357
0.0731462
-0.363499
0.857214
-0.658288
0.866609
-0.673518
0.138959
-0.969855
-0.215052
-0.842819
1.24758
0.0925128
0.895974
-2.14437
1.12892
-0.0785982
1.1815
-0.289728
-0.113506
-0.544093
-0.598693
-0.69014
1.72359
1.2591
0.617594
0.58524
0.450472
0.132035
1.00178
0.904211
-0.254744
-0.0585374
-0.167479
1.18995
-0.779864
-0.947126
0.914221
-1.08153
1.40451
0.356983
1.23375
-0.727307
-1.08728
-0.769818
-0.248146
0.332745
-0.403321
-1.34663
-0.0999679
1.41578
-1.53132
-0.486073
0.903039
0.638953
0.32384
-0.4258
0.880506
-0.835883
-0.124337
0.622971
0.434278
-1.4901
-1.3427
-0.586982
-0.833479
-0.0451425
-0.121478
0.703832
1.81908
-1.25646
-0.444701
1.02719
0.546648
-0.0302513
0.105652
-0.745315
-0.105962
0.00228256
0.224568
-0.189944
0.83687
-0.00143963
0.879807
0.570963
0.335578
-0.0122223
2.99938
0.512816
-0.738193
0.130482
0.301027
0.0462421
-0.316191
-1.6582
-0.434133
0.690031
0.446513
1.61653
-1.05372
-0.860895
-1.39473
0.150291
-1.83837
1.64121
1.63341
0.838893
0.888632
-0.350907
0.249253
0.464024
-0.0882872
-1.10538
0.141767
-0.488313
-0.606574
-0.870051
0.738523
1.10012
-0.630567
0.560748
1.08593
1.43048
-1.15921
2.10894
1.26836
-0.416699
-0.40632
-0.857931
0.362815
-0.419361
0.11374
-1.82988
-1.76048
-1.14241
-1.13818
-0.947692
-0.156639
0.548848
-0.648021
0.555398
-0.947154
0.162019
-0.29716
1.72127
-0.48843
-0.287338
0.106896
-0.367494
-1.42049
-0.144758
-1.5538
0.435011
-0.041899
-0.624423
-0.914798
0.483865
-0.297739
1.40253
-0.101187
0.857622
0.652926
-0.383067
-0.899465
0.965706
-0.592029
1.31363
0.969517
-0.938583
1.56191
0.187343
-0.709376
0.457303
1.51545
1.09889
1.12228
-0.0285804
-0.658895
-0.377881
-0.219704
-1.32528
1.38082
0.769137
1.64173
0.589078
-1.59945
0.549451
-0.996237
0.993333
1.06345
-0.977728
0.717503
0.0258244
0.0993545
0.0644682
0.269903
1.39819
-0.00644056
0.83133
-0.788843
0.0596989
-0.825796
0.396227
-0.244658
1.31083
-0.444612
1.53135
2.13416
-0.288974
-0.727768
-0.646983
-0.290734
0.107705
-0.374737
2.02996
0.788005
0.462886
-0.238115
-1.2266
-0.784209
-0.0571306
-0.513434
0.347896
-0.74767
-0.887474
-0.943387
-0.511738
-0.324698
-0.101062
-0.288571
0.500534
-0.273759
-0.346248
0.507846
0.632482
0.140551
2.34849
-1.17551
-0.832576
-0.900646
0.128982
-0.559509
3.07174
-0.134268
-1.19226
0.514551
1.16337
-1.55794
-0.480631
0.261969
-0.364433
-0.348394
0.274178
-0.456875
-0.556677
-0.112691
-0.72482
-1.4322
0.044938
0.62095
0.996709
-0.665426
1.06865
0.171462
-1.21944
-1.35998
-0.584231
0.0111738
-0.21501
0.253782
1.21685
-0.536571
-1.57508
1.16039
-0.0597334
-1.34296
0.506584
-1.09935
0.584426
0.336282
0.391499
-0.739235
0.691163
1.21127
0.927197
-1.02692
0.246729
-0.961593
0.251723
-0.57161
-0.194102
1.09917
0.672503
0.160084
1.77861
0.26497
-1.02297
-0.396541
0.0414591
0.379895
-0.297046
0.310892
-0.758376
1.30735
0.735425
