-0.201043
0.627729
-0.485789
1.33419
1.88041
0.194644
0.533862
-0.747237
0.163369
0.186269
-0.298257
-0.297061
0.375575
-0.00715936
-1.41677
0.685692
1.61705
-1.19159
0.324565
0.862899
0.895482
-0.132202
-0.321546
-0.7255
-1.01217
0.320168
0.316491
0.400393
-1.15045
1.37662
1.27596
0.0771357
1.27936
1.07325
-0.533896
0.0259311
-0.0980376
-0.451218
-1.09868
0.588497
-1.11422
0.120868
0.144724
0.106068
-1.00654
-0.0524988
1.51894
0.316193
-1.01594
-1.25417
1.31606
-0.573873
-0.206783
-0.729352
-0.544636
-0.40937
0.782634
0.626382
0.779738
-0.933703
-0.145651
0.201778
-0.899935
-0.439044
0.75816
-0.218749
-0.882895
-0.547255
0.943271
1.09851
1.32912
-0.919628
-0.898566
0.927213
-0.971071
-0.11659
0.977033
-0.600691
-1.18579
-0.391898
-0.200144
-0.83139
1.60471
1.45995
-0.101778
-0.262223
0.143677
-0.964076
0.0789942
-0.786489
0.0169552
0.922827
0.567838
-0.908611
-1.14613
0.434099
-0.413176
0.774475
-0.00953829
-0.466943
0.0404762
-0.239152
0.280173
1.11906
0.478953
0.514982
0.0746781
1.20563
0.422709
0.331126
1.66551
-0.647231
-0.584369
-0.896129
0.271436
0.610272
-1.27976
-0.151804
0.95818
-0.588069
0.568928
0.840082
-0.627661
-0.150092
-0.347713
0.073353
0.674212
-0.108509
0.411488
1.28921
-1.11109
-0.223239
-0.200551
-1.54349
0.990188
1.25284
-0.101849
0.119925
0.0999719
0.159472
0.731321
-1.12737
0.0107476
-1.08671
0.975517
0.261767
0.811685
1.11587
-0.967765
-0.478848
0.582366
0.0333522
0.490826
0.396898
-0.536971
-0.635106
1.15655
0.55988
-0.230601
0.0927149
-0.7181
-0.320268
-0.292851
-0.755838
-0.241161
-0.753767
0.106565
0.522625
-0.575146
-0.25098
-0.590336
0.628047
-0.879932
1.25879
-1.13392
0.448261
0.899547
-0.247547
0.654118
0.629354
-1.51976
0.554987
-0.558403
0.470072
0.434792
0.0901004
0.0644921
-0.56007
0.465284
0.343841
-0.421325
-0.0248555
-0.36532
-0.413389
1.37699
-0.319121
0.596484
-0.261194
-0.870595
-0.929899
-0.0729069
1.80525
-0.826911
-0.997354
0.486675
1.07235
0.117959
-0.0676691
0.0583378
-0.0534944
0.715075
0.305549
-0.279605
0.998338
-0.934509
0.602289
-0.298595
-0.881195
-0.198089
-0.540277
-0.172618
0.177117
-0.014377
0.0266946
-0.0303172
0.126024
0.409934
1.3049
-0.46046
-0.467583
0.0271335
1.08133
-0.413215
0.154843
0.368896
0.374015
0.219423
-0.265198
1.70031
0.53649
0.796045
-0.115844
0.280516
-1.31471
0.184844
1.0443
0.632557
0.21222
0.67797
-0.277469
0.26612
0.711568
0.0971672
0.0211849
0.74139
0.160845
-0.616035
-1.09581
-0.223196
0.783742
-0.323941
-0.30157
1.46513
-0.197795
0.159218
-0.4642
-0.551252
-0.306389
0.0598455
-0.377911
0.717495
0.0107121
0.111861
-0.710193
0.525302
0.0879196
1.0786
-0.311258
0.115658
-0.38537
0.0391138
-0.38497
-1.13301
0.0921376
-0.543207
0.150972
0.892982
0.274165
0.887817
-0.910379
0.561019
-0.647287
-1.59409
1.0208
1.6955
0.659147
0.371524
0.843027
-0.112584
-0.851997
-0.619074
1.71143
0.0554146
-0.0364042
0.872389
-0.128727
-0.744997
-0.119907
-0.419636
0.201343
0.150471
-0.457433
0.236063
-0.743134
-0.859678
-0.081453
0.761277
-0.0315493
0.326728
-0.202952
0.659418
0.0891631
0.404278
-0.787375
-0.631819
0.10899
-0.144611
0.0520814
-0.138658
-0.176907
0.539281
-0.58727
-1.04755
-0.216909
-0.60918
-0.550592
-0.504983
0.22599
0.480642
1.16657
0.858875
-0.211874
-0.890408
-0.125367
-1.37553
-0.572082
-0.0803742
-0.0142488
-0.426817
-1.28351
0.0659507
-0.0375748
1.22246
0.343016
0.35265
0.294463
-0.369617
0.326156
-0.634632
-1.16736
0.178588
0.15733
-0.974485
-0.283797
-0.436946
0.0398846
-0.357043
0.956281
-0.334202
-0.616074
0.748922
0.00533128
0.780482
-0.65613
0.698724
1.19331
0.0820449
-0.551157
0.839081
-0.33298
0.536339
0.690383
-1.09986
-0.0613407
0.994759
0.200863
1.79359
0.590347
0.072991
-0.365794
-0.0930835
0.163771
-0.528419
-0.471039
0.312349
-0.0155121
0.449226
-0.903159
0.787127
-1.3543
1.03367
2.19378
-1.03152
-0.159885
-0.0744543
-0.947359
0.105458
0.880371
1.04173
0.881225
1.40183
1.02491
0.0794668
-0.313821
-0.164551
0.746052
-0.363488
-0.328747
-0.605774
-0.127541
0.487313
0.600235
-0.74587
1.0715
-0.93801
1.97003
-0.510804
1.12821
0.460418
-0.383563
-0.398917
-0.894396
0.334995
-0.059256
-0.921504
0.209342
-0.341443
-0.202453
-1.18495
-1.48189
0.491429
0.89906
-0.722876
-0.447133
0.258482
0.451602
-1.69638
-0.381076
-0.381355
-0.217931
-0.73786
-0.865047
-1.28768
-0.141601
-0.115628
0.0464603
1.11969
0.313122
0.0389109
0.558622
-0.272566
-0.078233
-0.19584
-0.918901
1.34522
-0.775888
-0.379656
-0.21148
-0.143232
0.587365
-1.08976
1.01359
-2.10735
0.279325
-0.0874933
-0.893397
0.223045
-0.291644
-0.270499
-0.635517
0.586867
-0.0112602
-0.155195
-0.273242
-1.51685
0.0373893
-0.814466
-0.380188
0.380823
0.484606
-0.499637
-0.251531
0.892664
-0.651245
0.289164
-0.0691845
0.0131531
0.3606
-0.415298
-0.777372
-0.0243902
-0.706468
-1.06692
-0.266434
-0.050054
-0.00972409
-0.751757
-0.331995
-0.145028
-1.67131
0.306341
-1.03313
-2.36304
-0.100245
0.662754
0.755304
0.174983
-0.522193
1.32209
0.26552
0.358408
-0.0653106
-0.411606
0.176848
-0.363549
0.938695
0.568612
-0.144799
0.557583
0.73662
0.490226
0.101028
-0.0537486
-0.19691
-0.412151
0.219458
-0.96112
-0.758104
0.111936
0.324624
-0.0976712
-0.44358
-0.299579
-0.557935
0.0393511
-0.152685
-1.29972
0.410328
-0.398202
1.06908
0.393444
-0.725492
-0.395832
0.323194
0.685396
0.639473
1.29833
-0.140095
-0.517976
0.19381
-0.468585
-0.409545
-0.0438657
0.787677
0.204063
-1.36053
-0.465495
-0.0372953
-0.129974
-1.17042
1.22039
0.199314
-0.757078
0.679888
0.085716
0.57144
-0.778298
0.284952
0.171106
-0.4841
-0.158509
0.144294
0.290347
0.460751
-1.31806
1.0645
0.281874
-0.92784
-0.776061
-0.252767
-0.221921
0.585816
0.147034
0.382842
-0.179914
-0.398402
-0.64253
-0.570952
-0.139793
0.117054
0.572028
-1.10808
1.60999
-0.51621
-0.151701
0.553853
0.14696
0.344304
-0.243716
0.350182
-0.721212
1.82603
0.423721
0.023303
-0.0908011
0.334729
0.735702
1.09619
-0.0562064
0.633488
-0.392013
-0.598611
1.16957
-1.29821
0.00515238
0.946303
0.77361
0.432961
-0.548538
-0.190255
-1.46047
-0.27537
0.121053
-0.362992
-0.309454
0.0266645
0.344297
0.734846
0.626039
1.77536
0.160282
0.0351036
0.820512
-0.0451163
-0.0840039
0.28254
0.0726208
0.77132
-0.696193
0.505567
1.09977
0.914652
0.502326
-0.0954544
0.259653
-0.226619
-1.39756
0.612245
-0.832399
-0.076419
-0.396278
-0.422955
0.384866
-0.32666
1.08038
0.627453
0.354381
-0.175732
-0.808434
0.530141
1.21552
0.309502
-0.327841
-0.624021
0.951407
-0.417597
-0.0779286
0.827352
-1.21765
-0.483686
0.822319
-1.75944
-0.975234
0.30097
-0.823482
1.24944
-0.382179
0.169683
-0.251515
0.208222
0.474381
0.589942
-0.313355
1.07606
-1.07169
0.016459
-0.118278
-0.0084177
0.382158
0.614796
0.0606019
0.67363
0.0973277
-0.789759
-1.36909
0.841329
-0.667191
0.0901252
-1.25664
0.525813
-0.03168
0.328852
-0.792019
0.0735804
-0.423176
1.19856
1.39731
0.33349
0.539636
-0.00434068
0.871757
-1.29077
0.536934
0.331146
0.325717
-0.271438
0.738449
0.13632
1.25735
-1.10252
0.332637
-0.368953
0.287132
-0.152746
0.0128294
-0.00963914
-0.267222
0.659104
-1.65976
0.171821
0.41279
1.17603
0.701458
0.531365
0.928475
-0.220296
0.386089
1.18303
0.236328
-0.182317
0.183468
-0.317901
0.525783
1.14851
0.793716
0.223357
0.719576
0.0837668
-0.0688301
-0.140032
0.141572
-0.484102
0.789108
-0.0650766
-0.720225
0.274854
0.723747
-0.2596
0.95201
0.661252
0.485204
1.35181
0.795823
-0.203706
0.348326
-0.478447
-0.553662
-0.868682
0.40399
-0.123039
0.349174
-0.590042
0.252251
0.0479762
-0.415817
0.277961
0.0959545
0.406004
0.587777
0.0836956
-0.0873761
0.0712348
0.305524
0.198354
-0.339439
0.46288
-1.20917
-0.509662
0.709729
-0.448253
0.451292
-0.936577
-0.590198
-0.697683
-1.32764
0.188056
0.694644
1.14307
0.701185
-0.652436
-0.170587
-0.02869
0.342635
-0.087309
-0.194601
0.424057
-0.20868
-0.438892
-0.613725
0.220749
1.21659
-0.140592
-0.238771
0.784927
0.140702
-0.238164
-0.0519336
-0.147156
-0.208509
-0.361192
-0.676341
1.38932
0.288097
1.37298
-0.288371
-0.061806
0.0103033
0.67408
-1.05221
-0.589137
-0.892283
0.513406
0.585038
-0.0237214
0.643786
-0.492183
-0.694233
-0.275411
-0.064748
-0.924521
1.05434
1.15914
-0.389067
-0.259903
-1.1421
-0.232274
-0.315493
-0.0204336
-0.1494
1.26787
-0.804407
0.555518
-0.579804
0.0322652
0.3322
0.995291
0.134767
-1.54771
0.253854
0.487133
0.840169
-0.611296
-1.33629
-1.75139
-0.0603755
0.627427
0.967487
0.106074
-0.407917
-0.731826
-0.459681
0.591848
0.916898
0.617313
-0.186366
-0.859501
-0.786926
-0.398535
1.13921
-0.191395
0.749888
-0.937825
-0.428608
0.566738
-0.84821
-1.94771
-0.373116
-0.879842
1.72952
0.146773
0.517711
-0.10747
0.478763
-0.138168
0.57593
0.324816
-0.399754
0.491921
-0.605294
0.435156
0.159039
-0.32046
0.0132247
-0.680458
-0.348162
0.641511
0.130904
-0.816507
-0.489064
0.337868
0.272081
-1.08546
-0.741147
0.357389
-0.742193
-0.809101
0.480613
-0.125254
0.178056
-0.00501193
-0.0194808
-0.190946
-0.148572
-0.200185
-2.33894
-0.468355
0.348784
-0.0662472
-0.00767996
-0.019918
-0.249891
-0.797756
-0.869198
0.108512
-0.188026
0.0728423
0.358293
0.484961
-1.40898
-0.0658065
0.37562
0.592092
-0.468582
1.07993
0.582615
0.672784
-0.0275444
0.964938
0.363642
-0.507934
0.257012
0.327959
0.563324
0.805412
-0.0474581
0.638925
0.453001
-1.36009
-0.905358
0.57583
1.03095
0.594961
-0.0326463
-0.416235
0.991512
0.190648
-0.396969
-1.19543
1.11064
-0.185004
0.0555911
0.352286
-0.433036
-0.501106
-0.311432
-1.20416
0.135271
-0.474491
0.53628
0.484348
0.115229
0.168267
-0.756081
-1.81049
0.401035
0.211863
0.276647
1.46053
-1.59984
0.233762
0.188421
-0.123007
0.641542
0.229091
0.769663
-0.32489
-1.00295
0.451554
-0.473559
0.444848
0.454537
-0.530864
0.407351
0.528299
-0.0383196
0.71853
0.608117
-1.05861
-0.766173
0.238859
-0.359639
0.168447
0.123194
-0.570146
0.306685
0.671679
0.881406
1.681
-1.0946
-0.189577
0.109105
-0.676396
0.199611
-0.679583
-1.03089
-0.397425
-1.29072
-0.225191
0.31215
-0.820964
0.0304231
0.881639
-0.703225
0.911815
-0.532805
-0.494239
0.133678
0.0380792
0.59084
-0.994637
-0.48216
-0.322638
0.0261298
0.47436
-0.304588
0.834327
0.435507
-0.836465
1.0066
-0.173353
0.0574074
0.437975
-0.152
-0.40108
-0.383711
-0.091114
-0.158555
-0.0558434
-0.987114
-0.708601
1.32835
0.0276618
-0.244371
0.132605
1.27173
0.170672
-0.805134
-0.629497
-0.101194
-0.0607604
0.239807
0.157467
0.954108
-0.412147
-1.26809
-0.142873
0.742186
1.29122
1.10375
-0.0187024
0.574491
-0.575962
-0.665156
-0.92638
-0.213195
-0.601367
0.518569
0.15301
-0.963121
0.924961
-0.348157
-0.0612771
0.701787
0.36558
-0.0170834
-0.217696
0.833878
1.21816
0.147571
0.0397959
-0.45244
-1.07315
0.215621
0.387151
0.242811
-0.990042
-0.276952
-0.985103
-0.269194
1.26317
0.956758
-0.205298
-0.96159
-0.294233
-0.744256
-0.0555286
-0.0310179
-1.14315
1.14553
-1.13927
-0.281004
0.439996
-0.437518
-1.07089
0.138525
0.0516292
-0.0705532
0.163039
-0.731527
0.301554
0.761351
0.113306
-0.529519
-0.282249
0.621963
-0.106507
-0.820167
-0.256198
-0.462932
-0.11857
0.12718
-1.01818
-0.570812
0.33271
0.540557
0.221458
-0.715727
0.203278
-0.0947614
-0.922362
-0.336678
-1.19663
0.963875
0.382399
-0.685798
-0.319578
0.61488
-0.466425
0.577847
-0.762183
-0.274961
0.109934
-0.0336243
-0.329844
0.917152
0.471621
-0.0242436
1.13093
-1.14748
-0.00310571
0.358524
-0.474722
0.482049
1.34218
-0.264696
0.145243
-0.523849
-0.297806
1.91422
0.180145
-0.619035
1.00877
1.49212
-0.546307
0.238909
-0.454262
0.135499
1.32355
-0.0132404
-0.427682
-0.373903
-1.23731
-0.763891
0.421509
0.436405
-0.530468
0.950517
-0.797994
-0.087306
0.608749
-1.63834
-0.377086
1.1242
0.408029
-1.45301
-0.405918
0.15791
1.03252
0.64113
1.27502
-1.17399
-0.228975
-1.06998
1.02852
1.52865
-1.40919
-0.406693
0.802506
0.213816
0.12516
0.725083
0.0637613
-0.333714
0.410364
0.278781
-0.714626
0.293464
0.138513
0.537189
1.02134
-0.493514
1.50875
0.0334157
0.131058
-0.117724
-0.646753
-0.0305172
1.08963
0.926515
-0.406887
0.605143
0.0311743
-0.198812
0.455355
-0.151581
0.118341
-0.3541
0.529536
-0.296304
0.00124933
0.921651
-0.338811
-0.513412
0.301828
-0.880972
0.0363349
0.558264
0.217285
0.0754873
1.04996
-1.13685
-0.0166262
-0.450647
0.466116
0.397396
-1.00284
0.516574
0.974417
-0.422067
-0.171476
-0.40865
0.0488542
0.832136
-1.19801
-0.0811371
-1.3762
-0.157795
0.900723
-0.27361
-0.60281
-0.420167
-0.932203
-0.605016
-0.49003
-0.790476
-0.391749
0.102348
1.18778
0.242974
-0.141769
-0.539331
-0.223269
0.277331
-0.154438
-0.0896884
0.832374
-0.976607
1.35592
-0.752482
1.09841
0.931554
0.180434
-0.61007
-0.279521
1.05485
-0.657978
1.45936
0.416105
-0.176179
0.26102
0.0562705
1.68378
-1.183
0.256003
0.115985
1.30825
-0.0717776
-0.398516
0.443702
-0.967165
0.732814
0.841393
1.45299
-0.0726255
-1.40846
0.17408
0.872264
0.0419486
0.248061
-0.653577
1.11438
-0.0209397
0.804374
0.399886
0.628314
-0.305912
-0.0214668
0.1599
0.0207911
-0.228428
-0.795099
-0.249806
-0.139204
0.593526
-1.42957
-0.205566
-0.39904
0.174995
0.339485
-0.274937
-0.175134
0.323202
-0.068261
-0.550229
-0.566564
1.31197
-2.82992
0.106162
-0.171444
-0.291563
0.797632
0.381259
0.00690033
1.15302
-0.123174
0.452614
0.929727
0.619425
0.134048
-0.267808
0.595728
-0.331049
0.473722
0.755833
0.842777
0.0255417
-1.02246
-0.531224
-0.304089
-0.382805
-0.406232
0.297004
0.628615
0.0129526
0.575298
0.411273
0.087092
-0.633616
0.093449
-0.556923
-1.16395
-0.520588
-0.491394
0.297613
-0.659085
0.814911
0.389069
0.560117
0.21377
-0.259949
0.0537948
0.925573
0.116343
-1.01273
-0.0072432
0.161123
-0.655291
0.234309
-1.17611
0.180646
0.890758
0.703934
-0.462724
0.999714
0.308
0.783039
-0.272166
-0.630279
-0.387877
0.660287
0.481029
-0.595436
-0.10266
0.470492
-0.537173
-0.00787241
1.2923
-0.773221
0.445705
0.786326
-0.401993
1.02488
-0.446916
-0.282548
1.13016
-0.323288
-0.698753
0.0208247
-0.150327
-0.478246
-0.782133
0.419741
0.855268
-0.890939
-0.0139222
-0.177678
0.190436
0.293334
-1.00497
-0.245862
-1.01652
0.732652
-0.605409
-0.29865
0.102348
-0.704139
1.61014
0.762882
0.823858
0.19083
-0.689979
-0.193463
0.0168784
0.360648
-0.00474641
0.512044
1.0787
-0.29251
-0.180281
-0.627952
-0.251047
0.484855
0.486247
-0.268702
-1.44774
1.40647
-1.08448
-0.533035
-0.109913
-0.378079
-0.613121
-0.589903
0.54469
0.406078
0.326605
-0.00250532
0.803841
0.719921
0.980801
0.655379
0.479249
-0.34412
-0.304652
0.182026
0.986395
0.663631
0.323696
0.424271
-1.12197
0.197777
0.72664
0.411494
-0.997718
-0.774476
-0.96635
-0.0801646
-1.0626
0.477516
0.638544
-0.744246
-1.57447
0.136684
0.586434
-0.157155
0.449521
0.336736
-0.037604
-0.324454
1.07904
-1.67303
0.255931
-0.33757
-2.10089
0.962647
0.802572
0.45562
-0.624905
-0.614493
-0.503038
-0.0427942
-1.09874
-1.04798
0.0632703
0.050872
0.463302
1.02315
0.058227
0.680474
-0.220437
0.503396
0.440604
1.21941
-0.214695
-0.273842
-0.827583
0.931765
0.263855
-0.687333
1.48077
-1.07737
2.17559
-0.123902
-0.13298
-0.53646
-0.409843
-1.25343
-1.01506
-0.777705
0.814012
0.125695
-0.254065
0.190162
0.966267
0.996337
1.15915
0.0142872
-0.336367
0.542199
0.18395
-0.820456
0.591864
-0.904751
-0.294597
0.0891171
-0.679565
0.709797
-0.287704
0.569499
1.53927
-0.0909861
-0.212556
0.307626
0.0930697
-0.0828202
0.38661
-0.338482
-1.17148
0.233273
0.391288
-0.396445
-0.341159
-0.385219
-0.997249
1.07458
0.894877
1.15221
0.347738
0.584762
0.56278
-0.877226
0.296198
-0.425318
0.734802
-1.22059
-0.726235
-0.336388
0.654857
0.0134538
-0.69506
-0.97347
-1.51624
-0.253339
0.68931
0.810121
-0.0372531
-0.184511
-0.430055
0.812801
-0.463613
0.330377
0.0538868
-0.66266
0.299604
-1.02642
-1.54274
0.521562
-0.289514
-0.119544
0.0942421
0.831561
0.933204
0.400267
0.108628
0.00964924
-0.671703
0.137684
1.06601
-0.00620173
-1.72408
-0.909344
0.691389
0.281409
0.00627841
-0.0491459
0.378319
-0.385556
-0.955041
0.112893
-0.27634
0.143219
0.850592
-1.2814
-0.55578
0.103315
-1.58993
0.529409
-0.022017
-1.19566
0.279477
0.636886
0.0519927
-1.30859
1.35817
0.679174
0.231524
0.757106
1.00767
-0.502171
-0.809268
0.843753
-0.0372112
-0.84305
-0.437235
1.5456
1.08243
-0.544717
1.35984
-0.178021
0.252048
-1.13045
-0.739788
-0.328644
0.283013
1.16394
-0.210825
-0.247856
-1.08751
0.594705
-1.32975
0.0571375
0.439652
-0.156096
-0.374264
0.443125
-0.423189
0.297502
-0.713704
-0.236919
-0.405099
0.810587
-0.247179
-1.19933
0.709144
-0.574674
0.509239
0.188197
0.0427324
-0.471802
-0.0243516
0.197743
-0.476175
0.257784
0.895547
0.580987
-0.642523
-0.117394
0.530391
-0.476926
0.773251
-0.194612
0.782556
0.0147361
0.260614
-1.30174
-0.238201
0.635975
0.254477
-0.61601
0.676945
-0.521833
0.539
0.0500938
0.442787
-0.328376
-0.330621
0.59055
-0.344284
-0.772736
-0.435478
-0.549217
1.11714
0.773061
-0.202678
-0.501262
-0.316618
-0.867685
-0.558106
1.07355
0.454559
0.690328
-0.159699
-0.306218
0.991244
0.274886
1.55906
-1.16876
0.475319
-0.268308
-0.330442
1.96661
-0.345247
-0.147875
-0.82332
0.111049
-0.661074
0.0891475
0.316183
0.0926762
-1.20906
0.313565
0.91905
0.589878
-0.464867
-0.361977
0.628234
0.1553
-0.774861
-0.897121
-0.00447696
1.23716
-0.0421635
0.94116
-0.110851
-0.0850857
0.437403
0.30881
0.85813
0.440775
-0.202205
-0.391178
-0.0300362
0.740939
-0.363717
-0.222248
0.442157
1.08313
-1.69699
-0.0646238
0.285724
0.263396
-0.821297
1.11853
-0.398726
-0.206693
-0.0271646
-0.0637322
-0.264429
0.170576
-0.0954336
1.21323
-0.593687
0.302197
0.517297
0.290602
-0.0599904
0.312097
0.24511
0.406344
-0.00673838
-0.0957551
0.404762
-1.19099
0.684397
-0.0572863
-0.77545
-0.347757
0.736873
0.102029
1.72485
0.971368
0.5579
-0.158834
0.516934
0.199507
0.223196
-0.504816
-0.0895865
0.972108
-0.440997
-2.15955
0.456292
-0.441976
0.856122
0.646091
0.483301
1.24955
-0.134332
0.285475
-0.268061
-0.968322
0.256865
0.0791097
-0.280115
-0.456653
0.356129
-0.598845
0.730611
-0.312255
-0.413493
-0.581913
0.199989
0.262358
0.826267
-0.289739
-0.41141
-0.1796
-1.07868
0.409582
0.125532
-0.301078
-0.801302
-0.571222
0.532208
1.20565
-1.00691
0.046815
-0.251947
-0.295282
1.41889
0.208082
-0.512925
-0.148567
-1.1737
-1.01253
-1.27369
0.182169
-0.10917
1.29095
-1.41885
0.645651
-0.216744
-0.295231
1.46332
1.02611
0.12597
0.313799
-1.76496
-1.18302
0.721602
-0.10982
-0.294401
0.396341
-0.160271
-0.89155
0.641085
-0.30164
-0.114385
0.108343
0.59269
0.0317859
0.968087
0.321179
0.614109
-0.685738
-0.00211065
0.218276
0.645442
0.834023
1.38481
1.4877
1.32406
0.069314
0.904457
0.0708154
0.880411
0.490413
-0.322745
0.581539
-0.0973984
-1.01313
0.436474
-0.115063
-1.09156
0.0159906
-0.729232
-0.0607846
0.884891
0.383634
1.42213
-1.33706
0.526333
0.00143229
-1.699
0.560602
-0.615717
0.0216374
0.326959
0.0902169
0.707127
0.842347
-0.301717
0.663262
0.902417
-0.53575
1.25404
-0.389172
0.764601
-0.439617
0.383297
0.222587
0.288675
0.123408
-0.240532
-1.06552
0.947813
-0.860906
0.821483
0.865349
-0.39593
0.390298
-0.0171914
-0.557352
1.45546
0.951903
0.348095
-0.477579
-0.0588635
0.372328
-0.254164
-0.38329
-0.146179
-1.08377
1.04729
1.36867
0.36876
0.496274
0.863333
-0.296127
-0.307707
0.549086
0.415675
-0.890989
0.633448
-0.0890605
0.123978
0.550279
-0.256381
-0.154159
-0.386677
-0.0690716
0.917894
0.0881182
0.697069
0.317061
0.208174
-0.73804
0.693225
-0.570279
-0.39523
-0.136993
-0.260617
0.490824
-0.46035
-0.250522
-1.47392
0.150421
-0.451346
0.637111
1.01681
-0.473456
0.940942
-0.14042
0.366206
-0.127934
-1.12056
-0.366912
0.931288
-0.0902734
0.591265
-0.331292
0.734607
0.991382
0.988208
-0.31639
0.240789
-1.03609
0.403738
-0.544894
-0.899847
0.341814
-0.267961
0.710786
-0.867266
0.240693
0.562534
-0.835362
0.403756
-0.0522182
0.00299508
0.355207
0.70051
0.497931
1.37971
-0.623705
-0.28455
-0.698338
-0.340279
0.383409
0.0291366
-0.82419
-0.509597
-0.103497
-0.204238
-0.987632
0.328804
0.895132
0.627961
0.231927
0.168723
-0.707857
-0.859782
0.666949
-0.109326
0.648418
0.355465
-0.15764
0.42559
0.144924
-0.56735
-0.753657
-1.27923
0.078517
-0.218834
-1.3055
0.250794
0.132375
-0.0958183
-0.11916
0.769907
-0.390587
-0.0325156
0.228715
-0.319118
0.093263
0.419498
0.0387616
0.53812
-0.272747
-0.494603
-0.835309
0.448769
-0.312606
-0.694348
0.16033
0.0879426
0.911072
0.117651
1.08609
0.134384
-0.0494189
-0.0163783
0.729803
0.368696
0.118529
-0.080249
0.851893
-0.445367
0.774639
-0.335352
-0.350196
0.596638
0.799046
-0.540177
-1.14693
0.138926
0.331279
0.329686
-0.00304988
0.178416
1.02232
-0.595518
0.287183
0.406961
-0.731773
0.391303
0.0807551
-0.0430319
0.650559
-0.473741
0.0530357
-0.517638
0.15435
0.207206
-0.58797
0.171173
-0.733219
1.35112
-0.857981
0.649467
-0.326197
0.294405
0.29206
0.0551601
1.88342
0.519486
0.428905
0.32938
0.350492
0.464094
0.0477827
0.369886
-1.32814
-1.86736
-1.47846
-9.21182e-05
-0.755896
-0.49406
0.298437
0.0518215
-0.627844
-0.906938
0.719483
-0.192265
-0.371832
1.05297
-0.583546
-0.8707
-0.617068
-0.442098
-0.765178
-0.96169
1.38873
0.236026
-0.025099
0.774852
-0.0543869
0.400884
0.141762
-0.670854
0.747709
0.247544
-0.554849
-0.753623
-0.0965498
0.0464898
0.280037
0.253809
0.557875
0.443865
0.235762
0.294887
0.175598
-0.244782
0.489397
-0.0820507
0.172513
0.501388
-0.311137
-0.368868
-1.03225
1.40017
0.957395
0.996824
0.236147
-0.0789547
0.259546
0.00359033
-1.33316
-0.721921
-0.208138
0.851237
-0.692089
-0.319575
-0.599544
-0.0415233
-0.861484
0.770286
0.486167
0.86664
-1.19677
0.472043
-0.602724
-0.193211
1.03529
0.544041
0.238537
0.507525
0.491595
-0.524347
-0.745876
0.162957
-0.230881
1.1653
0.110743
0.63712
0.914852
0.397795
-1.39341
-0.422016
-0.272664
-0.739041
-0.198151
-0.408707
0.811698
-0.893395
-0.396964
0.0744619
0.034596
-0.451346
0.308153
-0.78957
1.03148
-0.441289
0.887552
-0.173043
-0.817134
-0.00152093
-0.82576
0.213245
-1.05602
-0.47617
-0.0405038
-0.0737943
-1.34296
-0.114266
-0.264994
0.00661627
-0.901264
-0.810848
-0.811593
0.906115
-0.833141
0.78187
-0.512957
-0.29369
-0.103142
0.772469
-0.784286
0.180283
-0.907791
0.46317
1.3622
0.471762
0.55007
-0.0413046
0.440283
-0.99874
1.08056
-0.090974
-0.0984982
0.551997
-0.619964
0.679792
-0.698644
-0.637649
0.826112
-0.453808
0.314052
0.282324
-1.16854
0.297917
-0.0584344
-0.544539
-0.301854
0.0651114
0.214897
0.44181
0.800193
-0.56311
0.454756
0.650155
-1.02587
0.971347
-0.240148
-0.0750362
-0.466189
0.24634
1.14541
-0.288423
-0.546364
0.219751
1.23255
0.447976
0.158503
0.010443
0.403459
-0.138622
-0.784581
0.220687
-1.40691
0.388403
0.173413
1.24278
0.436225
1.00904
-0.0241626
-0.776509
1.25791
0.970109
0.276211
0.357645
-0.105007
0.141212
-1.02588
-0.439919
0.178036
0.735664
0.594991
-0.673693
-0.0638535
0.886461
-0.818148
-0.261354
-0.877435
0.93011
0.356979
0.269659
-0.482445
0.193601
1.57019
1.19721
0.888036
-0.391005
-0.308909
-0.716739
0.827595
0.554711
0.375258
-0.622291
0.0678941
-0.136449
-0.902753
0.122846
1.4445
-0.0142825
0.418874
0.251007
-0.264914
0.349823
0.388874
-0.346008
-0.835586
-0.226097
-0.598104
0.607678
-1.30645
2.11069
-0.752489
0.555202
-0.693418
-0.276423
0.242193
1.23371
-0.367049
-1.08893
-0.830083
0.459447
0.184831
0.581942
-0.28916
-0.178391
0.82666
0.126328
-1.60939
0.329441
0.254894
0.461631
-1.59841
0.861187
0.0309767
0.0187038
-0.512191
0.103073
-0.100191
0.501868
0.369707
0.781063
0.086805
0.0481169
-0.289357
-0.195157
-0.847165
0.311709
0.675591
0.0536595
-0.401307
-0.386574
0.908444
0.87589
-0.226069
0.580932
-0.370091
1.87943
-0.231106
-0.0251258
0.688358
-0.308973
1.43428
-0.111573
0.541194
-0.0709756
-0.89255
-0.16092
0.148797
0.255009
1.17622
-0.376058
-0.915836
0.051371
0.194823
-0.584197
-0.182269
-0.870116
0.528553
-1.08351
0.699408
1.14151
-0.138925
-0.437199
-0.464973
-0.278197
0.155102
-0.139037
0.897355
0.424469
0.587606
-0.696724
0.347613
-0.323209
1.51426
-0.212305
-1.40346
-0.748141
-0.344194
0.882454
0.0399213
0.704616
1.11454
0.755793
0.0557662
0.387733
0.734636
-0.590994
-1.14908
0.603587
-0.377001
-0.00247372
0.106092
-1.72191
-0.143656
0.0738152
-0.636032
-0.936646
-1.25473
-0.792364
0.298307
0.985293
-0.473427
-0.356051
-0.982254
0.291165
-0.485983
0.0222843
0.507886
-0.842663
0.0886003
0.0515285
-0.0881618
0.645875
-0.5842
-0.742874
0.214909
0.215259
0.582828
-0.611035
0.680925
-0.609846
-0.758134
-0.372583
0.219451
-0.342761
-0.390958
-0.757407
0.0852727
-0.984526
0.236965
-1.488
1.07423
0.704502
-0.857916
-0.239035
0.289157
-0.518895
0.7006
-0.532841
0.194306
-0.656028
-0.310287
0.176114
-0.0378172
0.110256
-0.257635
-0.245776
0.735394
0.388414
-0.451517
0.422257
0.694303
0.115183
0.548809
0.0878348
1.15164
0.651726
-0.91063
-0.509424
0.0748362
-0.77767
0.310322
0.578284
0.025334
-0.469353
0.258039
0.627761
-0.295567
-0.373517
0.646389
-0.0893946
-0.897429
-0.455032
0.677863
-0.44783
-0.283769
0.42978
1.35513
0.739075
0.626563
-0.0445903
-0.548969
0.96572
0.628141
0.416516
0.851532
0.0376854
-0.51567
-0.175425
1.08598
-1.15796
0.0539084
-0.846418
0.409138
-0.0243077
0.570298
-0.695246
0.440528
0.5928
-0.174921
0.0357964
-0.278159
-0.487609
-0.281664
0.654224
0.276758
0.971239
-0.029338
-0.184174
1.25541
-1.24647
-0.860525
-0.162373
0.349657
0.208177
0.0337785
-0.87303
-0.113086
0.79539
-1.58843
1.14443
0.627633
0.110332
-0.711444
-0.284536
0.356401
0.674188
0.311078
0.555714
0.646686
0.338354
-0.346887
0.509038
0.303265
-1.11412
-0.643598
-0.524971
0.455482
-0.582396
0.332553
-0.583411
0.652694
-0.352887
0.686191
0.804437
0.252704
0.317085
-1.10217
-0.037174
0.139172
0.998828
-0.701181
-0.0479589
0.297765
0.0079904
-0.117758
-0.207996
-0.01032
-0.529673
-0.584693
-0.329028
-0.476067
1.02566
-0.419639
0.158428
0.624164
0.876803
0.206734
-0.396207
-1.47488
1.11186
0.520836
0.244772
0.238053
0.183292
0.204966
1.07183
-0.101391
0.254393
-0.0225104
-1.31002
0.301658
-1.22744
0.196821
-0.493783
0.145243
-0.0749359
-0.679437
-0.78978
-0.46603
0.6772
-0.0915875
-0.732122
0.0899518
0.800427
0.128758
0.197002
0.177688
-0.710372
-0.656819
1.24389
-0.00403312
0.0979685
-0.419236
-0.810712
-0.424433
0.926442
-0.170456
-0.499735
-1.47306
0.733319
0.35721
-0.317994
-0.684428
-0.900798
-0.608724
-1.31479
0.516258
0.552362
-0.751017
-0.381914
0.260046
-0.166608
-1.01263
-1.60518
-0.0283861
0.207351
-0.159882
-1.09883
1.47561
1.19435
-0.539769
-0.566587
0.806453
0.714339
0.317067
0.39243
-0.285347
-0.29151
0.579228
0.474155
0.644432
-0.740834
-0.373358
0.39369
0.196302
0.370831
0.120944
1.22217
-0.0189458
-0.468779
-1.32213
-0.986701
-0.0159248
0.126381
0.711196
0.340699
0.710309
-1.7435
-0.704176
1.07783
0.374419
-0.360313
-0.16984
-0.283666
-1.03304
1.07798
-0.462372
0.242828
0.797913
-0.409234
0.973127
0.999504
1.00624
-0.472746
-1.15477
-0.506549
0.447076
-0.604075
0.296501
0.0974798
-0.702585
-1.77746
0.183792
1.07098
-0.227001
-1.13912
1.76882
-1.29401
-0.205849
-0.325917
0.793517
-0.390108
0.173296
0.195501
1.35962
0.225465
-0.836947
-0.536485
1.64083
-0.765844
-0.335302
0.61606
0.491029
0.144621
0.526359
0.0595059
0.223998
0.943885
0.0683365
0.397835
-1.18489
-1.15884
-0.102746
-0.602771
-0.345531
0.45515
-0.273699
0.461665
0.444413
0.174493
-0.294858
0.0645528
0.863617
1.29704
-0.426687
-0.103829
1.63392
0.125451
0.21646
0.644278
-0.705946
1.36496
0.738737
0.572646
-1.3627
0.358331
0.887563
-1.77683
-0.754612
1.0303
0.183129
0.00263928
0.611134
0.268869
0.586776
0.897084
-1.22975
0.804087
-0.181802
-0.539878
-0.609291
0.456802
-0.10823
0.969775
2.21278
0.201143
0.00471068
-1.09286
0.0196872
-0.261458
-0.519301
-0.0132197
-1.0211
0.0648953
0.582559
-0.0712782
-0.0436358
-0.0501818
-0.191466
-0.248411
-0.566368
-0.574405
-0.287684
0.410943
1.17481
-0.344054
-0.112342
-0.0364697
-0.781496
-0.209513
-1.27947
-0.761393
-1.2598
-1.05272
-0.234087
0.455654
-0.293259
0.358146
-0.565817
0.380072
1.20578
-0.225463
0.228668
-1.34226
0.474928
0.479207
-1.10481
-0.209136
-0.19372
0.922589
0.218113
-0.0209962
-0.358391
0.400606
-0.760959
-0.0461925
-0.739584
-0.140203
0.180172
-1.16866
-0.0346328
-0.170887
0.0386753
-0.513669
-1.3371
-0.302373
-1.04066
-0.231472
1.23235
0.343354
-0.66906
0.199642
-0.14561
0.684354
0.583636
-1.15444
-1.63544
0.902375
-0.0222448
-0.28424
-0.758331
-1.12559
-0.281015
0.143864
0.187287
-1.05699
1.39104
-0.421256
0.284047
-0.20762
0.805789
-0.354585
-1.04806
0.0890412
1.6082
1.44405
0.330645
0.138161
-0.536722
0.393374
-0.845493
0.352652
-1.01532
0.823653
-0.226223
-0.88304
0.0381797
0.714204
0.767831
-0.102668
-1.2204
-0.580066
-0.223625
-1.0043
-0.510058
0.188818
1.05743
-0.701613
0.558483
-0.703196
-1.90655
0.527434
0.145669
0.0338262
0.105167
-1.51205
-0.70509
-0.458347
1.10562
0.128786
-0.257507
-0.552044
0.866291
1.15685
-0.337909
-0.269833
0.879466
-0.429512
1.32748
-0.475146
-0.544411
1.44965
0.304923
0.940933
0.134165
-0.515782
1.1155
0.23353
-0.188876
-0.918962
0.205312
0.604038
0.451463
0.367205
-0.729102
0.350649
0.00658996
1.84455
-0.565752
-0.385322
0.396544
0.845672
-0.3382
0.201687
-1.16139
-0.175145
0.118062
-0.58719
-0.0985948
-0.0459372
0.323
0.268584
0.200555
0.0595388
-0.106009
-0.168757
-0.177214
-0.186494
-0.235308
-0.733531
0.11673
-0.749982
-0.0719279
0.744678
0.523118
0.0660677
0.677654
0.916565
-0.288879
0.749421
-0.598034
-0.0633506
-0.00714072
0.840374
-0.616004
-0.479325
-0.0875488
0.755886
0.321489
-0.0312783
-0.160756
0.571412
0.188186
0.631922
0.088348
-0.230403
0.581541
0.2388
1.09833
-0.435841
0.250201
-1.38624
-0.394979
-0.951998
-0.0862617
-1.45606
-0.489215
-0.00940536
0.0602869
-0.392625
-0.499186
1.3781
0.274515
-0.417721
-0.111644
-0.15086
-0.746947
0.281316
-0.637445
0.255054
0.846965
0.355599
-0.351369
-0.624792
0.108783
0.0279036
0.07692
1.05184
-0.0781212
-0.384426
0.143772
-0.789016
-0.706652
0.363398
0.206685
0.366012
-0.193636
-0.74843
0.41515
-0.0363804
0.850151
1.78702
0.272665
0.057939
0.505761
0.16975
0.307937
-0.415889
-0.191944
-0.20556
-0.856517
0.910532
-0.594468
-0.169355
0.196007
-0.162771
-0.840364
0.027257
-0.783961
0.400315
0.169579
1.13724
-0.884376
-1.11846
0.297936
1.34366
0.238704
-0.643373
0.125429
0.57061
0.370402
0.129664
-0.325353
-0.652249
0.263587
0.652526
-0.493868
1.28212
1.43688
-0.311206
-0.375104
0.94355
0.166418
-0.819298
0.0271341
-0.0455532
-0.272322
-0.0684128
-0.427687
-0.997385
0.0865547
-0.13398
-0.460794
1.22342
0.956325
0.39948
0.1862
-0.403413
-0.581762
0.434588
0.252943
-0.258562
-0.924001
-0.423575
0.800284
-0.683505
-0.395584
0.281402
1.01769
-0.314934
-0.523421
0.85467
-1.01039
-0.0525246
-0.71189
-0.264747
-0.434669
-1.54739
-0.25508
0.110438
0.312104
-1.18585
-0.410495
-0.77643
-0.223904
-0.150853
0.449563
-0.0985696
-0.0951034
-0.860982
0.242868
-0.401286
-0.458698
0.105423
0.356249
-0.059036
1.26658
-0.0388394
-0.450142
-0.473206
0.970008
0.248997
-0.872986
-0.202096
1.15824
-0.29519
-0.379956
-0.128252
-0.430559
-0.277965
-0.872389
1.35322
0.597772
0.743504
-0.294578
-0.226507
-1.27379
-0.433983
0.748939
-0.186104
0.0503193
0.0320714
-0.303448
0.280495
-0.35894
0.189244
-0.624414
-0.351423
0.202129
0.288454
-0.0331275
0.58487
-1.09516
-1.15377
-0.000900658
-0.97509
0.120741
0.028094
-0.00624788
0.692295
0.0168006
-0.808051
-0.736765
0.269609
-0.333676
0.442945
0.477043
0.686218
0.0475045
0.152341
-0.359644
-1.8053
0.792799
-0.479261
1.26553
0.52003
1.21347
-0.697661
-0.467284
-0.460369
-0.564618
-0.166475
0.322976
0.416369
-0.27114
0.133688
-0.340762
0.339554
-0.34881
1.08943
-0.259255
-0.346353
0.302394
-0.403184
0.236835
-1.77307
-0.168884
0.442979
-0.869087
0.432823
0.883414
-0.0322018
1.24585
0.37128
0.048352
-1.66496
0.00223303
-1.08811
-0.771356
-0.669
-0.0119261
-1.24736
-0.0314988
-1.47455
-0.745756
0.597209
1.22631
0.534579
0.732823
-0.220092
-1.62638
0.498317
1.31672
0.602534
-0.370026
-1.71211
-1.07887
1.10708
0.639045
-0.123078
0.694489
1.07349
-0.0605451
0.322118
-0.14997
-1.13464
1.92001
-0.196925
-0.357923
-0.0384147
-1.16348
-0.141776
-0.584311
0.919779
-0.627146
0.159498
0.283423
1.31928
0.994729
-0.910164
0.149092
-0.0895597
-1.76676
0.541536
0.285955
-0.817287
-0.44889
0.128551
-0.317882
-0.535116
-0.203463
-0.457519
0.78409
-0.133307
0.0662298
0.2949
0.17169
0.379376
-1.035
-0.833191
0.0990953
-0.0246959
0.0580842
-0.0897875
-0.0696639
0.252023
0.383982
-0.377412
0.587664
1.2847
0.707431
-0.283275
-0.277843
0.560313
-0.359516
-1.05382
0.165183
-0.383753
0.355369
0.309855
0.914152
0.135015
0.644499
-0.146318
0.444565
0.220443
1.7585
1.91753
0.566658
-1.61859
-0.213789
0.874342
0.169064
0.520748
0.364461
-1.11707
-0.171841
-0.727364
-0.920566
-0.154948
-0.208019
-0.708373
0.687418
-0.777944
0.472738
-0.181399
1.09323
0.410336
-0.877709
0.602024
-0.517621
0.116807
-0.129145
-0.985247
-0.0160614
0.0247498
-0.611444
0.125899
-0.458671
-1.87378
0.667103
-0.717424
0.131604
0.55527
-1.52538
-1.70346
-0.21778
-0.274873
0.697173
-0.631956
-0.176287
-0.709726
1.07841
0.508212
1.24199
0.605717
-0.531697
-0.0372458
-0.108051
-0.0840789
0.163675
0.359316
0.273094
0.402208
0.0356022
0.0572869
-0.646506
-0.627165
0.0686428
1.26544
-0.68608
2.04117
-0.425394
-0.553258
-0.0815149
-0.708688
-0.203924
0.935252
0.624338
1.15554
0.0495896
0.463671
0.699304
-1.13973
-1.0557
0.93049
0.100037
-1.04047
-0.139575
0.0856505
0.98548
0.169587
0.677693
0.259323
-1.65256
-0.752541
-0.147302
-0.239737
0.416543
0.323514
-0.646597
-0.0893715
-0.302972
0.0124154
0.888776
-0.443328
0.49931
0.90981
0.400757
1.28687
-0.0905709
0.13781
-0.356951
0.388505
0.626593
-0.82964
-1.04902
1.5529
0.757321
0.921788
0.339512
-1.57365
0.344312
-0.55365
1.08562
-0.324585
-0.438082
1.45687
-0.250901
0.346936
1.07583
0.110169
-0.848879
-0.395917
-0.345879
0.654623
0.0278386
-0.457349
-0.772798
0.530328
0.937309
0.533019
0.94978
0.69463
0.785571
0.413021
-0.665957
0.5849
0.0690395
-1.06296
0.326166
-0.506109
-0.498056
0.35303
-1.14173
-1.11807
0.281216
-0.364243
0.594274
0.615523
0.0111825
-0.727131
-1.62159
1.11495
-0.121634
0.148335
-0.811415
-0.530488
0.351109
0.532657
1.13422
-0.053784
-0.610699
-0.495361
-0.912404
-0.523353
0.611846
-0.431638
0.267806
-0.427285
0.454803
-1.27391
-0.356834
-0.0223558
0.157201
-0.75417
0.0405487
-0.222457
-0.0264567
0.458769
-0.0225347
-0.604785
0.48872
0.191374
-0.417782
-0.225417
0.541484
-1.27069
-0.39594
0.91958
0.871986
0.108949
0.900376
-0.79531
-1.17536
0.0674352
-1.17448
0.548709
0.381865
0.0336299
-0.219062
-0.336004
-1.19539
1.36081
-0.133163
1.17549
0.11591
0.122997
0.449617
-0.24466
-0.738125
-0.695009
-0.284608
0.792754
0.0291698
0.277702
1.23816
-0.273115
1.42705
0.822422
-0.228092
-0.882647
-0.475004
0.480933
-0.128233
0.502475
-0.523671
-0.207733
0.688235
0.133125
0.64966
0.523407
-0.357631
-0.24432
-0.509739
0.083715
-0.355638
0.940321
-0.596752
-0.0632293
-0.501281
0.641786
0.494387
-1.12993
-0.709125
-0.616577
0.213904
-1.19422
0.10302
-0.918741
-0.2541
0.588252
1.24965
0.310962
0.197457
-0.132413
0.405843
-0.756519
-0.140984
-0.726576
0.77779
0.252416
0.0628324
-1.28694
-0.048276
-0.0265799
0.0912503
0.554128
0.352725
-0.513026
-0.853899
0.572086
0.285447
-1.39049
0.650749
0.176117
-0.596794
-1.15034
-0.205401
0.883757
-0.0688322
-0.492646
0.298571
0.13983
0.702068
1.27702
-0.274641
0.966688
1.61264
0.946619
-0.561453
0.0464564
0.755757
0.0478417
-1.36544
0.273563
-0.68808
-0.346659
-1.43927
0.0854903
0.138589
-0.060849
-0.322158
-0.407024
0.439481
-1.05249
0.363683
-0.895685
-0.136898
0.0199408
0.643317
-0.0193641
-0.385675
-1.27097
0.137335
0.359023
-0.798365
1.16695
0.316474
0.0297086
-0.437381
1.04551
1.22475
-0.442702
-0.49232
-0.0960799
-0.602951
-0.426931
-0.166115
0.618614
-0.537914
-0.390264
-0.414923
-1.3915
-0.851451
-0.878006
0.0186684
-1.29656
-0.465793
-0.218848
0.206115
0.271374
0.144263
-1.25332
0.4381
0.722002
0.863574
-1.19643
-0.717799
0.21418
-0.210747
0.00217695
-0.877935
0.649901
0.128649
-0.259556
-2.36509
1.18211
1.01856
-0.598038
-0.890402
-1.00205
-1.10822
-1.1417
-0.920605
-0.0345828
-0.167273
-0.150835
-0.489666
0.0436415
1.18541
0.868464
-0.166252
0.338234
-0.551194
-0.907524
-0.0258256
-1.71117
-1.04774
0.0737929
1.13218
-1.33701
-0.434641
-0.365331
0.739828
-0.343857
-1.04698
0.183223
0.128805
-1.12185
-0.497771
-1.1394
-0.201115
1.23611
0.0777554
0.446493
-0.13643
0.0928978
0.554067
1.16841
-0.717119
-0.103048
-0.703704
-0.0682016
-0.643396
-0.665711
-0.616193
0.0357007
-0.330343
0.645652
0.883253
-0.248927
-1.83047
-1.38594
-1.27616
-0.126931
-0.900957
1.50061
-0.992405
0.666768
0.915434
-1.56609
0.561759
0.443596
-0.275811
0.213126
-0.804221
0.60964
-0.412461
1.21138
1.33243
-0.254071
-0.338307
-0.964936
0.520748
-0.326254
-0.0451989
-0.519918
-0.492164
-0.32056
0.547011
0.600573
0.457972
-0.617035
1.1247
-0.234187
0.0976994
-0.157872
1.11112
1.03785
0.162665
0.549037
1.0228
1.00257
-1.08595
0.846407
0.0373169
0.000655316
0.170229
0.473352
-0.119015
0.266024
-0.396816
-0.532344
-0.604087
-0.0958212
-0.10208
0.709611
0.00935836
-0.154537
0.503109
-1.14297
-0.334444
0.442241
-0.590968
0.59619
-0.438387
0.119057
0.531923
-0.496031
-0.53648
1.09221
-0.598377
-2.06108
-0.145606
0.221681
-1.10858
0.444261
0.262291
0.267078
-0.086704
-0.240049
-0.246002
0.454621
0.831418
-0.305491
1.24215
0.863366
-0.563155
0.549475
0.829979
-1.69259
-0.507263
0.29123
-0.81506
-0.365176
0.0525253
-0.175707
-0.178348
0.343038
0.436634
-0.337641
0.482101
0.71206
0.17922
1.24755
0.872014
-0.206684
-0.902191
0.29661
-0.562658
0.755049
-0.433165
-0.231307
0.494456
1.12822
0.629011
0.719161
-0.703212
-0.311617
0.469839
0.284027
0.138654
-0.0386742
1.10837
-0.285039
-0.0399201
-0.482758
0.133176
0.511019
-0.375918
-0.456188
-0.275909
0.329151
0.130891
-1.02289
0.924634
-0.258247
-0.475577
-1.6109
0.508977
1.27341
-1.17433
-0.831622
0.838086
0.957648
-0.0540462
-1.1096
-0.300182
-0.0834785
0.427221
-0.623148
0.493065
0.474953
0.245749
0.507585
-0.773112
0.105156
1.288
-0.238883
-0.324254
-0.0357277
-0.924454
-0.0738928
0.334978
0.163209
-0.17931
0.273884
0.685162
0.0437063
0.180851
-0.440929
-0.00280103
1.51544
0.975901
-0.0572366
-0.607112
0.264957
-0.213544
0.597823
-0.134127
-0.332213
-0.0731713
-0.577329
-0.823717
-0.154189
0.519291
0.169159
0.485059
-0.803705
-0.476598
-1.26548
-0.410599
0.361632
-0.161264
0.142307
-0.89256
0.25374
0.316476
-0.308338
-0.776037
-0.0474234
-0.1224
-0.280402
0.267634
-0.653813
-1.34847
0.0853578
0.210174
0.00494618
0.440155
1.84859
0.0568621
0.314258
-0.947884
0.745741
0.93452
0.00585767
-0.244964
-0.210041
-0.662206
1.36376
0.079415
-0.305718
0.629467
-0.678725
-0.768326
-1.19675
-0.368923
-0.841385
-0.616942
0.739518
-0.28925
0.627344
-0.282834
-0.160814
0.656168
-0.598073
0.515314
0.447078
-1.11144
-0.284136
-0.112871
-0.502355
0.0290693
-0.0838823
-0.89605
-1.49658
-0.511947
0.809116
-0.21077
0.622533
-0.810709
1.464
0.57989
0.760759
-0.0764656
1.2404
0.457996
-0.898062
0.660028
0.0759718
-0.287174
-1.13435
1.49718
-0.330902
0.17246
0.107355
0.0883514
0.630629
-0.923416
1.22817
-0.339181
-0.286466
0.0944784
0.0912789
0.151321
-0.618391
-0.131326
1.06978
0.182597
-0.117381
0.424096
0.254837
0.266102
0.729957
0.093309
0.896622
1.00536
-0.213697
-0.377418
-0.801731
0.376415
0.407851
2.68272
-0.54047
-1.5237
1.27944
0.0739416
-0.187075
0.158427
0.375343
1.32503
0.64297
0.0613746
0.525197
-0.30143
0.492904
-0.0529353
0.594464
0.0631469
0.123788
0.484556
-0.383012
-0.470954
-0.415595
-0.0905723
-0.26023
0.759303
-1.06662
-0.654008
0.941637
-0.731496
-0.594225
-0.625188
-0.428817
0.461684
-0.300789
0.364099
1.48177
0.640305
0.539189
-0.502006
1.09447
0.00698443
1.05651
0.34441
-0.947107
-0.141896
-0.410946
-0.375686
0.677738
0.820316
-0.349957
-0.30616
-0.738619
-0.115267
-0.0829198
-0.515781
0.348112
-0.117909
-1.40287
0.895373
-0.877465
0.669466
-0.790147
0.214079
-0.705257
-0.572892
0.4888
-0.45173
0.321688
-0.0279181
-0.26875
0.339663
-0.298021
-0.959107
-0.162845
-0.486894
0.476316
0.71139
0.33657
-1.5105
0.509606
0.55834
1.03333
-0.670856
-0.467031
0.023253
-0.0134416
0.762913
-0.305044
0.127536
-0.150565
0.124781
0.018354
0.201887
-0.748856
0.545094
0.499228
-1.07824
-1.47491
0.0803047
-0.633505
-0.261607
0.372441
-0.201359
1.01613
-0.0215699
-0.204056
1.71443
0.276532
-0.434429
-0.727399
-0.269675
-0.167952
0.172973
0.908733
0.927623
-0.0914579
-0.901883
-0.587668
0.740479
-0.0625984
-0.497922
0.929098
0.997606
0.482687
0.608036
0.160973
-0.287376
-0.187287
0.340727
0.147695
0.787281
-0.116405
-0.755045
0.585241
0.727049
-0.100836
-0.0501989
-0.082082
-0.668129
0.432024
0.115317
0.219976
0.931677
0.325437
0.199011
0.682845
-0.977417
0.329807
0.111088
-0.682764
0.669724
-0.440033
0.317846
0.91121
0.527702
-0.401513
0.400152
0.783063
-0.334534
-0.0327002
-0.061696
0.0750706
0.417947
0.0970211
-0.817336
-1.41702
0.713277
0.146599
0.500965
0.283288
-1.18475
-0.424829
-0.0130339
-1.01455
-0.39614
0.0847008
-0.413958
0.157063
-1.28804
-0.00417508
-0.507675
0.544238
-0.498388
-0.889622
-0.600766
-0.598916
0.878619
-0.687946
0.0603467
-0.635261
0.158934
-0.228927
0.110344
-0.058756
0.247202
-0.694102
0.341054
0.333895
0.11919
-0.12477
0.601881
0.173482
0.40729
0.210107
-0.431409
0.876443
0.834445
-0.161863
-0.117369
-1.31252
-0.650568
0.00963508
0.0722188
0.432553
0.0865465
-0.724161
0.535646
0.490518
-0.318609
0.532189
0.164274
-0.187593
-0.722082
0.615008
-0.290168
-0.613939
0.36269
0.179785
-0.940975
0.521904
0.246306
0.215752
1.53932
0.235753
-0.72604
-0.28213
0.11294
-0.439922
0.260297
0.275214
1.1438
0.0614108
0.500467
0.00974117
0.195373
-0.0599217
-0.784319
0.957065
-0.186148
-0.285932
0.0179431
-0.626362
-0.720258
1.24562
-0.0731259
-0.30522
0.650374
0.433822
-0.298975
0.809976
0.746217
0.545178
0.332823
0.155071
0.925466
-0.141653
0.611009
0.26142
0.321584
0.302754
0.163467
0.486779
-0.0416033
0.160137
-0.495366
-0.756443
-0.155729
-0.291746
-0.0183369
0.559781
-1.35073
0.299298
-0.187778
-0.940225
0.0380004
0.0905141
0.918442
-0.488032
-0.676838
0.0672656
-0.14185
-0.685968
1.64927
-0.132075
0.303457
-0.719459
0.0754058
0.0263095
0.16457
-0.373361
0.930722
-0.928714
0.31123
-0.561244
1.00052
1.05768
0.88493
-0.983265
-0.857638
0.215563
1.10099
-0.538591
0.313213
0.0178981
-0.906601
-0.00415245
-0.272852
-0.643934
-0.278876
-0.788117
-0.446637
-0.645579
-0.952182
0.392268
-0.409596
-0.311761
1.28172
-0.270307
0.372696
0.224329
0.540986
0.813215
-0.32927
0.515655
0.827382
-0.400623
-0.341339
0.311076
-0.257529
0.125242
0.132755
0.1017
1.38591
-0.00889492
-0.47304
0.362646
0.482283
-0.719248
0.305881
-0.616827
0.162203
1.06853
0.571097
0.746965
-0.935784
-0.18561
0.186324
-0.169697
0.0893165
-0.405651
-0.0748111
-0.372953
-0.150111
-0.260052
-0.0237038
0.00145943
-1.96067
2.20258
0.245566
-0.562151
-0.38835
0.19913
1.19425
0.135906
0.106995
0.154697
0.285454
-1.7551
0.976294
0.793839
-1.51367
-0.145992
0.889011
0.401174
0.0859909
-0.204004
0.292701
-0.624118
1.62859
-0.192685
0.854962
0.226096
0.43882
-0.673586
1.50851
-0.148395
-1.2255
0.283678
-0.649064
0.37638
-0.0980869
-0.298491
-0.323616
-0.402124
-0.377341
0.550693
0.683603
0.432948
0.258142
0.34539
0.572754
-0.210087
0.312741
1.20599
-0.11904
0.586638
-0.387936
0.122346
-0.696431
-0.428166
0.191255
0.331484
1.18039
0.123447
0.259876
-0.146575
-0.756249
0.525846
-0.626747
0.0713581
0.137541
-0.161469
-0.244805
-0.123983
0.161808
0.275394
0.439523
1.17675
0.934341
-0.734159
-1.2613
-0.315164
-0.609474
-0.289751
0.228924
0.371
-0.471676
0.995534
-1.47535
0.661463
0.0869219
-0.005881
0.303257
-0.584527
-0.756104
0.970319
1.73961
-0.628538
-1.27479
-0.0491662
0.462963
-0.34917
-0.701189
-0.946489
0.0408259
-0.278548
0.1982
-0.624148
0.139868
-1.24841
0.611023
0.528921
0.416114
-0.131969
0.186716
0.626351
-0.831555
-1.06888
0.956815
0.372786
-0.375248
1.32372
-0.485976
0.600108
-0.535034
-0.423487
0.651014
0.930622
1.22222
-0.512086
1.27641
-0.352416
0.812044
-0.498748
-0.219622
0.0669337
-0.347653
0.475042
0.455787
0.0672258
0.553615
0.193076
-0.636417
-0.669078
0.748245
0.840844
-0.614064
-0.0457763
-0.670039
-0.426334
-0.053177
-1.8504
0.687579
-0.188691
0.585474
0.0185118
0.430671
0.580822
0.0772656
-0.637251
0.796393
-0.217492
0.652819
1.28839
-0.542273
-0.275995
-0.546522
-0.368106
-0.587229
0.537057
0.852618
-0.145018
0.0452957
-0.0328
-0.287249
0.679284
0.728053
0.870756
0.555903
0.321186
0.35287
0.619411
-1.09949
0.0656927
0.640316
0.101205
0.1212
-0.356412
0.417766
-0.22905
-0.124492
0.614266
-0.607656
0.144025
-1.22716
0.141672
0.0942106
-0.0957464
-1.32435
-0.398641
-0.541434
0.71835
-0.147724
-1.4803
0.414193
-0.593395
0.0372467
0.0771853
0.163277
-1.04195
0.239367
1.27749
1.20343
0.304195
-0.108554
0.462353
0.786234
0.456901
-0.35881
0.0621208
-0.635918
0.125765
0.633532
0.301734
-1.04617
0.0976085
0.00234232
1.16376
0.259993
0.600306
0.308083
0.863082
-0.128302
-0.473713
-0.320625
-1.09998
-0.227665
0.150478
0.620526
0.351669
-0.30467
0.86606
-0.807702
0.0757582
0.161499
-0.771343
-1.18384
0.607316
1.16167
-0.631494
1.43877
0.0326074
-0.0651944
0.363548
0.064509
0.41082
0.735077
-0.146212
0.342808
-0.387099
0.594542
-0.213936
0.0970447
0.0363384
-1.00846
0.405098
0.653823
1.01589
-0.667559
0.518468
-0.931253
-0.505547
1.47457
0.207613
-1.49061
0.531496
0.615471
0.0850849
-0.0111524
-0.525142
-0.729924
-0.458418
-0.612374
0.0478694
-0.456514
0.282454
1.64902
-0.143026
-0.0151085
1.55784
1.07961
-1.04498
-0.246738
-0.938787
-0.372661
-0.766852
-1.3367
0.382497
-0.872457
1.43078
0.728906
-0.962145
-0.414356
1.95187
0.421932
0.634104
-0.276635
-0.340459
0.0521593
-0.883192
0.45992
1.47472
1.14404
-0.708161
1.00904
-0.448409
-0.496907
0.175219
-0.522849
-1.07432
-0.180141
-0.529164
-0.637877
0.000302234
-0.193146
0.768519
0.791003
-1.30325
-0.429979
0.36298
-0.494001
0.555394
-0.0303464
0.42966
-0.238169
0.0840477
-0.297362
-1.10113
-1.30417
0.631575
-0.111035
0.16318
-0.978296
-0.254863
0.367922
0.459665
-0.377007
-0.367124
0.394689
0.0919428
0.812665
0.693242
-0.655953
-1.20695
-0.310799
-1.20246
0.666642
-0.909842
-0.0801731
-1.53317
0.0437722
-1.35597
-0.266664
-0.191473
-0.191847
-0.35405
0.109259
-0.022164
-0.907975
-0.0215163
0.175809
-0.126973
-0.0036844
-1.22453
0.00814397
-0.164606
0.371488
0.641586
0.0497416
-0.520624
-0.527062
-0.728255
0.40223
-0.234769
-0.689781
-0.300229
-0.328304
0.627784
0.392715
-0.820992
-0.649134
-0.124472
0.416778
-0.609457
1.24401
-0.0653156
0.108052
1.15267
-0.192335
-0.840854
0.535177
0.0618162
-0.224821
0.262626
0.598071
-0.019118
-0.866212
0.212406
1.71061
0.357699
1.39132
-1.06091
0.646797
-0.287181
0.604503
-0.417401
-0.456606
-0.249316
-1.23001
1.90178
-0.155862
0.249227
0.350578
-0.679773
-0.578328
-0.0075934
-0.188528
1.30255
-0.449598
0.0269014
-1.31304
-0.0452197
0.624458
0.991836
-0.0472597
-1.19701
-0.952255
-0.0447008
0.562682
-0.558809
-0.0153133
0.773464
-0.680692
0.131013
-0.458936
-0.674789
1.0471
-0.870395
-1.53829
-0.645319
-0.200759
-0.999835
-0.377755
-0.0959314
-0.340773
0.335005
-0.626321
-1.15368
-0.503908
-0.543274
0.616204
-0.120299
0.481337
0.405159
1.47351
0.607483
0.205855
-0.280373
0.447335
0.882514
-0.996033
0.512223
0.290602
0.416631
0.416752
0.423086
-0.387976
0.289834
0.196537
0.676299
-1.58713
0.545212
-0.0335619
-0.872815
-0.883302
-0.209232
0.345605
0.791076
-0.442361
-0.639393
0.235591
-0.597931
0.347966
0.846299
0.320794
-0.36909
-0.102471
-0.685373
-0.243228
1.50606
0.46424
1.09628
-0.675854
-0.195062
0.578975
0.340947
1.36511
-0.0704619
-0.641628
-0.132592
0.0504812
-0.682778
-0.55502
0.364692
0.488691
0.631637
0.507595
-0.0691783
-0.618851
0.810575
-0.297459
-0.489972
-0.233101
1.00511
0.41656
0.562284
-1.18395
-0.323547
0.891376
0.452064
0.154891
1.38171
-1.83431
-0.693592
-0.400095
0.660671
0.404368
-0.154432
0.475624
-0.680837
-0.0352428
1.60519
0.463442
0.548346
-0.905607
-0.204001
-0.205641
0.27314
0.55737
-0.182938
0.520321
-0.754068
0.558452
-0.0223448
0.151657
-0.0411058
0.176432
-0.0465385
-0.803679
0.376912
-0.7422
-0.0455818
-0.73362
0.428177
0.849506
-0.467653
-0.4202
0.579283
0.251435
-1.45834
0.024705
-0.358866
-0.0395707
-0.433218
0.277325
0.857456
-0.512949
-0.537659
0.432352
-0.0488536
-0.566581
-1.00681
-0.176053
-0.762644
0.62311
-1.04713
-1.12097
0.579518
-1.07589
0.0540986
0.200858
-0.340117
1.92001
-1.05671
-0.437058
0.0482289
1.00645
-0.134686
-0.543626
-1.30248
1.56051
-0.291121
0.694642
0.63649
-0.351355
-0.0122237
0.748911
-0.471902
0.105706
-0.573497
-0.0842418
0.0789589
1.5962
0.0228694
0.203411
-0.544421
1.21521
-0.430084
1.52539
-0.617068
-0.274113
1.0439
-0.226858
-0.717473
-0.790992
-0.255552
0.326512
-0.872744
0.0331474
-0.275579
-0.370428
0.00467874
0.310139
-0.251741
0.137247
-0.176088
-1.0893
-1.08399
0.726199
0.8915
-0.425599
-0.376178
-0.734269
-0.89933
-0.683562
-0.581602
-0.196507
1.34138
-0.431922
0.0797846
0.0691797
-1.08788
-0.605477
0.210625
-0.527684
-1.02606
0.433949
-0.468481
-0.126191
-1.26879
-0.427139
-0.277966
0.49994
0.908776
-0.0980652
0.278891
-1.08764
-0.710378
0.978195
-0.0329074
-0.994697
0.339438
0.693442
-0.337608
0.589474
0.210982
0.660359
-1.08045
0.173038
-0.127838
0.433385
-0.560659
-0.527888
0.290016
0.226479
0.446636
0.0460874
-0.894049
0.523083
0.40871
0.739728
0.897619
-1.26712
0.0971129
-1.29733
0.961817
-0.871714
0.0353291
0.960682
0.122293
0.889766
-0.412621
-0.548009
0.410252
0.427646
-0.585241
0.497309
-0.150607
0.0469912
-0.458809
-0.129126
-2.7802
1.4314
-0.14831
-0.364979
-1.09462
-0.412115
0.958185
0.346617
-0.163444
1.48111
0.798905
-0.431998
-0.925063
-0.427011
0.314763
0.558543
0.398465
-1.16398
1.66096
0.0898562
0.269355
0.984782
-0.518166
-0.0862482
-1.19634
0.0909491
-2.00763
0.0433229
0.0437458
0.586463
0.645767
-0.400732
-0.576515
-0.471059
-1.0128
-0.607525
0.474234
0.787448
1.35661
-0.419015
0.211167
0.401844
-0.378502
0.185178
1.17982
0.409913
1.04548
-0.345988
0.0479677
-0.234105
-0.0347946
0.16493
0.637769
-1.45965
-1.0094
-0.823292
0.0109786
-0.0451705
0.0952951
0.387858
-0.912772
0.245783
-0.149028
-0.115257
-0.258692
0.816185
-0.129041
-0.449887
0.665378
-0.383948
0.57927
-0.875736
0.283447
-0.616949
0.0872391
-0.402368
-0.318092
-0.00891551
-0.41542
0.321655
0.517084
-0.816686
-0.189105
0.559854
0.00736727
-0.726048
-0.438021
-0.787101
-0.607355
-0.413004
-0.692365
-1.28542
-0.100381
-1.56454
0.111535
-0.630805
-0.531932
-0.944562
-0.697185
0.576736
-0.289415
0.489279
0.458929
-1.83645
-1.5407
0.577522
-0.153366
0.843733
0.32443
-0.142385
-0.343002
0.893392
0.363797
2.28072
-0.364401
0.685487
0.798254
0.99435
-0.161779
0.216742
0.171633
0.264495
-0.490171
-1.01977
-0.161332
-0.412181
-0.508776
-0.844183
0.793735
-0.306556
-0.0492425
0.16839
-0.783485
-1.102
-0.166963
0.813222
0.0906425
0.902081
0.467071
-0.075888
0.620038
0.0318466
0.563237
-0.168314
0.93103
-0.5614
1.09623
0.906762
0.265923
0.786948
0.737587
-0.164125
0.177179
-0.0705714
-0.950357
-0.364316
0.720613
-0.326015
0.628435
0.667239
-0.241959
-0.0275432
0.0693049
-0.387786
-0.194803
-0.160216
-0.494946
0.557269
0.0797452
0.392047
-0.143346
0.787263
-1.60285
-0.708329
-0.593459
0.32151
-0.242282
0.204505
-0.469376
-0.615382
-1.12188
-0.132422
-0.952314
-1.0446
0.263578
-0.811486
-0.598645
1.87063
-1.47477
-0.518849
0.414811
-0.543267
0.982205
0.928765
-0.637083
-1.3217
-1.30337
0.214418
-0.118616
-0.44037
1.36772
1.65192
0.320029
-0.220978
0.546268
-0.118707
0.190166
-0.226408
1.04144
1.39484
0.18181
-0.152203
0.120213
-0.449355
-0.128763
0.730018
0.014459
0.702155
0.970257
1.31282
0.379004
0.626008
0.13456
0.323018
0.138437
-0.168308
-0.310525
-0.0462232
-0.31052
-0.812929
-0.0928698
-0.733202
-0.169142
1.13284
-0.925225
-0.488354
0.193154
-1.03387
0.696012
0.752783
-1.4796
0.0234634
0.114528
1.07949
-0.445984
-0.264327
0.513613
0.59141
0.253463
-0.389073
-0.954309
0.0421772
-0.81683
-0.0132658
-0.444214
-0.322139
0.966292
-0.807936
0.119901
-0.0368061
-0.369188
-0.00922241
-0.21104
-0.208602
-0.831861
0.79555
-0.00899265
0.0624529
-0.554011
-1.2501
0.580641
-0.564043
-0.101905
0.338354
0.158748
-0.278887
-0.381735
0.985595
-1.77974
0.038405
0.38374
-0.329296
-0.495669
-0.0379068
-0.242034
0.364839
0.722763
0.000229005
-0.00905313
0.307205
-0.213969
-0.467875
1.20115
0.583749
-0.532032
-0.817635
-0.376341
0.518566
-0.832314
0.00226011
0.651149
-0.776414
1.7193
-0.0448421
-0.163121
-0.588668
0.473022
-0.676837
-0.21185
0.24167
-0.685796
0.786994
0.566423
0.305895
0.0320046
0.0674182
0.680508
0.477588
0.949616
0.248891
-0.793392
0.935606
-0.592916
-0.0595051
-0.570934
0.051098
-0.676878
0.37189
0.813481
-0.425524
0.280309
0.526456
0.654422
1.27347
-0.0365865
0.107843
-0.514488
0.172828
-1.40453
-0.0520254
0.156743
0.158105
-2.00246
-0.325607
-0.612227
0.162671
0.436554
-1.19559
0.306857
0.621872
0.408247
-0.0378043
0.019546
-0.332072
-0.464147
0.651466
0.033931
0.764783
-0.11833
3.44371e-05
-0.304811
0.00154664
-0.0479996
-0.326417
0.810904
0.376159
0.553667
-0.621326
-0.218803
0.411132
-0.00782706
-0.947287
0.255748
0.0107468
0.456538
-0.248743
0.146511
-0.127974
0.438378
0.00100544
-1.59924
-0.55396
-0.61688
0.238573
-0.706294
-0.974352
-0.560716
0.337403
-0.140118
-0.00190928
0.799548
-0.791314
-0.576363
0.839227
0.608969
0.399129
1.54546
0.0346458
-1.58451
0.0743266
-1.37278
-1.24157
-1.09356
-0.0104041
-0.696987
-1.03703
0.37466
-0.623125
0.408693
0.740967
0.907108
-0.00894339
-0.634273
-0.134886
0.865214
-0.422876
-0.94879
-0.231265
-0.449524
1.68293
0.671783
-0.167536
0.035065
-0.872044
-0.312956
0.521919
0.650039
-0.453214
0.723855
-0.64736
1.39007
0.251848
-0.465224
-1.05568
0.0656077
0.162795
0.455001
-0.317308
-0.362892
-0.610104
0.225657
-0.358993
0.0840594
-0.7564
0.537394
0.0594991
-0.01781
-0.903906
-0.574306
0.361421
-0.672078
-0.678303
0.117932
0.770404
1.02983
-0.515798
0.914781
-0.173213
0.881289
1.1042
-0.648667
0.535103
1.06362
0.857989
-0.0905963
-0.470233
-0.662639
0.157163
0.362527
0.277581
1.13563
0.0263534
-0.497797
-0.0460362
0.35248
0.423237
1.32309
0.0973597
0.059966
0.65837
0.524215
-0.709111
0.858085
1.20423
-1.37284
-0.899453
-0.0983155
-1.26044
-1.10896
1.26073
0.838715
0.450562
-0.72529
0.778257
-0.871295
0.717892
0.0805731
0.781344
0.454812
0.482335
-0.719361
-0.122027
-0.988737
0.319054
-0.493156
-0.0712091
-1.16908
-0.408514
-0.185707
-0.048033
0.354228
0.747293
0.469837
0.0824146
-0.138176
-0.457869
-0.0919399
0.541611
0.61369
-0.162154
-0.789898
-0.272896
0.146296
0.0900747
0.920203
0.633802
0.657689
0.179698
-0.72218
-1.16636
0.723091
-0.245298
0.246886
1.32042
-0.461223
0.0186235
-0.857071
0.0613369
0.373176
-0.138003
-0.0165772
-0.337178
-0.377118
1.01656
-0.901001
-0.842932
1.21136
-0.118832
-0.368205
-0.318973
-0.359882
0.526628
-1.45326
0.24846
1.26097
0.166405
1.01238
0.579499
0.205256
0.933353
-0.47545
0.0218103
-0.55891
0.634053
0.414367
1.98713
-0.227841
0.223456
0.736446
0.891652
-0.218793
-0.347838
-0.333737
0.0880915
0.540839
0.731049
-0.11163
0.222931
0.112293
-0.390586
-0.0256327
0.878366
0.899461
0.557733
-0.277329
0.953248
-0.159014
-0.973857
-0.423961
1.09473
-0.919094
0.257117
-0.641228
0.0837719
-0.236825
-0.349581
0.181589
0.448756
-0.778201
0.0489245
0.228485
1.0379
-0.126339
-0.418138
-0.15634
-1.35584
0.0476986
-0.137362
-0.673166
0.163309
-0.131375
-0.951159
-1.06541
0.0170035
1.08173
0.241807
0.566648
0.958431
0.361332
-0.319121
-0.216541
0.0903198
0.402763
0.066374
-0.188023
0.438979
-0.105711
1.16732
-0.479611
-1.01669
0.776364
0.88851
0.390514
1.47355
-0.510024
0.941036
-0.018457
-0.724643
0.412126
0.294403
-0.455586
0.655145
0.351078
-0.606279
-0.472198
-0.588888
1.24547
-0.26725
-0.295395
-0.183637
-0.148476
0.00879731
-1.11428
-0.292659
-0.00344692
-0.588658
-0.356776
-0.0844379
0.494753
0.630441
0.377552
-0.534981
0.992271
-0.412579
0.0412155
-0.794955
0.767871
-1.01952
-0.353651
-0.533632
0.0335575
-0.94034
-0.214825
0.650615
-1.15281
0.747372
-0.419647
0.157365
0.604798
0.846772
1.44783
0.0505986
-0.360427
0.455795
0.771693
1.36293
-0.360408
0.134982
-0.088193
0.680485
0.14405
-0.192877
0.400442
-0.0544209
-0.385005
1.04351
0.303433
0.21728
-0.319631
-0.147654
0.463337
0.342388
-0.187643
0.0846718
0.85392
0.114181
0.358222
0.099873
0.8799
0.496003
0.842308
-1.28397
-0.183211
-0.464899
0.5949
-0.994085
-0.403276
-0.0491953
-0.174529
0.204611
-0.359902
-0.0166898
0.485127
-0.0501159
-0.815126
-0.111586
0.424353
-0.439715
-0.149294
-0.407907
0.952085
0.746716
-0.0262942
0.425525
0.346036
-0.808151
0.456613
0.719832
-0.468923
0.186079
0.0652934
-0.432456
-0.164133
-0.592227
0.510465
0.130397
0.830235
0.547253
0.356804
-0.0978378
-0.415357
-0.00993428
0.908519
0.380814
0.817538
0.266524
0.430918
0.265136
0.483373
-0.368428
-0.325059
0.0418975
0.186524
-0.675118
0.453395
-1.15995
-0.893732
-0.0744155
-0.407245
0.127114
-0.993889
-0.50992
-0.385886
0.326579
-0.463242
-0.405815
-0.937503
0.0515148
-0.501877
-1.40752
1.19904
0.515568
1.47682
0.767782
0.178916
1.67509
-1.31388
-0.138752
-0.0759988
-0.874215
0.49668
1.06335
-0.262111
-0.743302
0.697092
-0.48856
0.617504
-0.651787
-0.359953
0.525679
-0.597025
-0.0564435
1.09718
0.5534
0.14174
-0.628443
-0.256668
0.430974
0.762967
0.139474
0.764699
0.536739
1.09005
0.970871
0.393276
-0.126877
-0.928872
-0.382015
0.257097
1.0422
-0.170882
0.607306
-0.315604
0.837843
-0.164848
0.228343
0.362373
-0.272134
0.654267
0.918429
-0.412005
0.388456
-0.359156
0.985315
0.138878
0.296633
0.152629
-0.115042
-0.17963
0.547841
0.546683
1.80491
-0.677619
0.468103
-1.34409
-0.764604
-0.452109
0.585859
0.384542
-0.641046
0.347546
0.876386
0.251176
-0.656948
-0.239931
0.330414
-0.139843
-0.250297
0.292751
0.057219
-0.237456
-0.855566
0.54059
0.263916
-0.989867
-0.436352
0.759891
-0.0527656
0.994807
-0.636664
-0.239911
1.11477
-0.660556
-0.264596
-0.116407
0.685765
-1.1979
0.49789
-0.157727
0.602766
-0.658199
0.0252711
-0.113533
0.376421
0.0643546
-0.290968
0.0107975
-0.804256
-0.769175
-0.140713
-0.851409
-0.39613
0.297524
-0.397844
0.722353
0.005281
1.12743
-0.0390465
-0.797477
1.10951
0.589244
0.0967797
-0.338744
-0.896467
-0.229014
0.551058
-0.63719
-0.226158
1.16829
-0.744969
-0.35479
0.88574
-0.0475968
-0.230607
0.369901
0.407623
0.377401
1.64127
-0.0969438
-0.786432
-0.136404
0.783226
0.664759
-1.08894
-0.415104
-0.0526348
0.205551
1.06446
-0.490736
0.21235
-0.0772414
0.141738
-0.654968
-0.0112562
0.734847
-0.744578
0.243133
-0.326309
0.239766
0.0557756
-0.169963
-1.01708
0.543032
-1.04442
0.38127
0.724001
0.394313
0.347284
-1.30313
-0.387789
-0.74326
-1.04942
0.630028
0.222252
-0.520131
-0.438701
1.16275
0.40762
-0.24946
0.828181
0.434183
0.790337
0.643908
0.0479985
0.383221
0.51379
-0.622732
0.748509
0.80702
0.124778
-0.711001
-0.0211196
-0.376971
-0.646516
0.554714
0.136817
0.117167
1.29076
0.277893
-0.131874
-0.367869
0.581996
0.0669588
-0.562227
0.359383
0.0742041
-0.628153
0.765299
1.00479
-0.726551
0.144363
-0.563797
0.0449754
0.257293
-0.336942
-0.295024
-0.131411
0.418881
0.878515
0.929926
-0.103669
0.425062
0.541774
0.573489
-0.0825146
1.10441
-0.511285
-0.937278
0.0598002
0.0257371
1.21849
0.124122
-0.626755
-0.759468
-0.552009
-0.2716
-0.912587
-0.630807
0.670059
0.674154
-0.852428
0.0592042
-0.224961
0.973121
-0.396216
-0.71015
0.0732622
1.85754
0.477847
-0.590193
0.600885
-0.72561
-0.24288
1.30029
0.0289916
-0.187171
-0.323111
0.164605
-0.27106
-0.332965
-0.386977
0.0396563
0.137706
-0.911055
-1.29459
-0.669256
0.729194
0.250579
0.1803
-0.753116
-0.220929
-0.11539
0.982591
0.264431
-1.1122
0.43027
0.383266
0.205524
-0.456523
0.116606
0.102128
-0.326015
-0.117653
0.81104
-0.77822
-0.265781
-0.150544
0.161962
-0.594326
0.831155
-0.27793
0.932591
0.368401
0.544199
-0.350024
-0.892088
0.0639486
1.80771
-0.414108
1.17308
0.036124
-0.232504
-0.0263367
-0.467724
-0.37643
-0.0823434
1.09364
-0.292235
1.28958
-0.612413
-0.392433
0.482479
-0.116387
-1.05166
-0.770704
-0.116956
1.65786
-0.508627
0.0178319
-0.452789
0.823504
-0.620711
-0.151291
-0.907438
0.171783
1.19515
0.517155
0.714759
0.862865
-0.237533
-0.171171
-1.58293
-0.945529
-1.09523
1.47298
-1.57661
-0.451775
0.586205
-0.117731
-0.816624
-0.159419
0.0757372
1.17095
-0.943916
0.639324
-0.347127
0.406372
0.613501
-1.19403
0.697526
0.404665
0.15774
0.616824
1.28491
0.75337
0.0409558
-0.424495
-0.413723
-0.0319512
0.107427
0.543327
0.0172405
0.710357
0.683967
-0.511429
0.301819
1.023
1.63324
-1.10293
0.2755
-0.702365
-0.109686
-0.112463
0.0337231
-1.05213
0.17449
-0.0692206
1.04326
-1.44856
-0.13246
1.00356
0.441989
0.310162
0.213524
-0.0718066
-0.70064
-1.1251
-0.366031
1.44801
1.50443
-0.207579
0.0953095
-0.366234
-0.392821
-0.119986
-0.405229
1.00756
0.100005
-0.520183
0.12004
-0.756115
-0.12466
-0.451179
-0.649585
1.67253
-0.874372
-0.333447
-0.400883
-0.569299
0.136876
0.101222
-0.733031
0.165833
0.0973365
0.0989435
-1.14242
-0.336496
-0.491592
-1.13831
-0.296857
-1.22263
-0.085191
-0.518687
0.807573
-0.55482
-0.827297
0.203122
-0.865857
0.383074
0.643804
-1.13434
-0.355369
-0.0015003
-0.441524
-0.336873
1.94275
-0.246072
0.49336
-0.223701
-0.45046
-0.0879751
1.11791
0.808805
0.290974
0.715512
-0.863489
1.3834
-0.565375
0.00765685
0.450075
0.455989
0.429381
-0.353324
-1.40802
0.327659
-0.661699
-1.60181
1.09066
1.33221
0.604746
0.852742
-0.253395
-0.682344
-0.667937
0.872048
0.102466
-0.00273227
-0.720499
0.291754
-1.49701
1.23834
0.0393015
-1.01759
-0.520515
-0.94282
-0.135433
-0.0293256
-0.203746
0.166506
-0.399528
0.525569
0.714628
0.840575
-0.00697036
-0.560674
0.37281
0.345191
-0.0614905
0.35032
0.0614031
-0.68049
-0.961806
0.239667
-0.0524796
0.65617
-0.618796
-0.199548
0.991899
0.245012
0.236135
-0.173508
-0.577782
0.437748
-0.625657
0.138137
0.0970621
0.0976553
-1.756
0.854667
0.675652
-0.607653
0.151957
-1.22847
0.257437
-0.503694
-0.620677
-0.167745
-0.670637
-0.194116
1.19478
-0.0801459
0.445224
-1.61245
0.390687
0.0728384
-0.885874
0.392715
-0.382153
1.04852
-0.619377
-0.250239
-0.497978
-0.823299
-0.487373
-0.363461
0.49456
-1.10803
-0.877787
-0.261936
0.327354
-0.574662
-0.193507
-1.341
0.940138
-0.699527
0.545873
0.366558
-0.189213
-0.110342
0.236898
-0.225798
-0.942506
-0.0829638
-0.482804
0.358369
-1.17572
0.553993
-0.0649282
-0.34688
0.392551
0.0593938
-0.869774
-1.34702
-1.11913
-1.53304
-0.366075
0.711431
-0.661712
0.147755
-0.633596
1.20878
0.208307
0.372357
0.500728
-0.193465
-0.841609
-0.333181
-0.361746
-0.326534
0.47168
-0.478835
0.757471
-0.186942
-0.0196441
-0.615266
1.08834
1.35533
-1.27346
-0.540847
0.834107
-0.317613
-0.853707
0.643615
0.287479
0.455579
-0.230927
-0.22918
0.235882
-0.209924
1.49528
0.666441
1.15311
0.924235
0.207034
0.152002
-0.705752
-0.118775
0.192057
1.1434
-0.24405
1.67194
0.285672
-0.812533
0.748193
-0.0426549
-0.626572
0.143263
0.595289
0.587423
0.29449
0.109289
-0.197328
1.48384
-0.750625
0.352437
-0.149877
0.269947
0.649084
-0.235567
0.565138
0.459671
0.737282
-0.56271
-0.165688
-0.155161
0.155278
-0.942384
-1.39556
-0.549472
-0.0273365
0.077119
-0.307544
0.437144
-0.0312238
0.102445
-0.430949
2.13252
0.772321
-0.0461555
1.04197
1.35885
-0.0322922
-0.576944
0.0985604
0.101857
0.936395
-0.378091
-0.945086
-1.1003
-0.422778
-0.205307
0.135855
-0.914249
0.927254
0.180211
-0.650211
0.496758
0.442127
0.627352
-0.868924
1.50178
-0.408453
0.0674854
-0.171128
1.37346
1.02097
-0.742165
-0.842716
0.527958
0.303895
-0.792402
0.109701
0.130167
1.22379
0.474535
0.460821
0.0130082
-0.161207
0.224234
-0.0810135
-0.227711
0.44628
0.53315
-0.424747
0.270073
0.214468
0.92654
-0.40067
-0.75742
-1.02691
-0.245137
-0.123793
0.553253
0.876823
-0.66402
0.0951304
-0.594265
-0.160043
0.351693
0.9475
0.378486
0.109935
-1.06133
-0.286084
0.033623
-0.979721
0.285263
0.113902
-0.516647
-1.23055
-0.35747
0.165949
0.250445
0.2869
0.0712311
-0.757895
0.260501
-0.350551
-0.798281
0.118363
-0.502266
-0.0386575
1.51816
-1.28067
0.304245
-0.811722
0.920368
0.721448
-0.237998
1.07954
0.790074
-2.07501
0.580864
1.13438
-0.87383
-0.289582
0.911245
-0.0630089
-0.997393
-0.386119
0.493314
-0.128978
0.786921
0.33228
0.147589
-1.13492
-0.553349
0.0955737
0.593039
-0.750036
-0.0799628
0.139824
-0.232101
-1.19461
0.924252
0.308361
0.143932
-0.147409
1.0337
-0.410731
0.181764
0.451327
-0.11459
0.650596
-1.23362
0.290283
-0.112734
0.0590511
0.181948
0.936553
-0.740236
0.108081
0.461869
0.407552
0.234621
0.450399
0.169674
-0.194543
0.146177
0.326454
-0.536511
-0.11382
-0.0170013
0.65134
-1.544
0.500655
-0.21697
-0.415096
-0.937664
0.223839
-0.550888
-0.53478
-0.445165
-1.3994
0.24563
-0.247272
0.318561
-1.25218
-0.284575
0.0286383
-0.883759
-0.138383
-0.0887319
0.578063
0.238051
-0.245321
0.105228
1.06364
-0.504207
-0.0575401
1.10787
-0.499457
-0.518512
-0.308848
-0.34908
0.0654483
-0.168905
1.10603
0.706489
-0.0603266
1.06748
-0.208021
-1.10352
1.24978
1.07676
0.802107
-0.65079
-0.127194
0.392281
-0.148115
0.773433
-1.85911
-0.0451218
-0.479974
0.928377
1.03635
0.0998593
0.940324
0.0164996
0.815386
0.164298
-0.372862
0.357644
-1.53189
-0.0402129
-0.658593
0.907994
-0.857703
0.405575
0.00257172
1.05369
0.353513
-0.75017
-0.141009
0.58546
-0.386702
1.38358
-0.644336
-0.178709
0.0781262
0.0585869
0.192413
0.635991
0.722168
-0.661901
0.0209242
0.142284
-1.29997
0.93713
0.309541
-0.0100595
-0.0353353
-0.51653
0.235562
1.55495
-0.635325
0.611884
0.215368
-0.1952
-0.607514
-0.181251
0.215444
0.443812
0.162124
-0.651302
-0.896221
-0.334797
-0.277108
-0.343583
-0.117155
1.6186
-0.208763
0.709754
0.0527915
0.683298
0.618811
-0.490493
-0.122334
-1.01643
-0.871539
-0.376406
-1.04302
-0.0016963
0.85559
0.242318
-0.328837
-1.19111
-0.567373
0.796651
-0.0702542
0.578195
0.999132
-0.226494
-1.38856
0.78868
-0.302498
-1.15327
-0.89273
1.34871
-0.0643044
0.116478
-0.143463
0.359048
0.522659
-0.0565114
-0.428715
1.08819
1.27387
-0.638412
0.468413
0.841312
-0.283245
0.133836
-0.212704
-0.132279
0.881944
-0.182303
-0.778005
1.07955
0.801823
0.395544
-0.891914
1.74254e-05
-0.103873
-0.536776
0.190132
0.85508
0.38987
-0.852291
0.234257
-0.501645
-0.234031
-1.01327
0.92585
0.299793
-0.155188
-0.186
-1.18148
-0.952324
0.347175
0.603883
0.280756
-0.754125
0.0616131
-0.272556
-0.332209
0.235253
-0.114403
-0.0444399
-0.375836
-1.14723
-0.496025
0.0159649
-0.106109
-0.343045
-0.000947708
0.192038
-0.601939
-0.265651
0.0139083
1.11837
-0.502544
-0.202802
-0.787094
0.202592
0.0471663
-0.869683
-0.44513
0.408954
-0.399163
1.03129
-0.237317
0.69028
0.248905
0.639721
0.204271
0.0650408
-0.786734
0.417964
0.810685
-0.0629584
0.690333
0.617445
0.25567
0.794718
0.562953
-0.091301
-0.393041
0.201131
0.533972
0.0486389
0.461225
0.305908
-1.17154
0.342847
-0.687376
0.777846
-0.299961
-0.332278
0.231129
1.66956
-0.674988
-1.05296
-1.05199
-0.159736
0.491036
0.342204
-1.327
0.378606
0.674291
-0.138831
-1.28001
0.824128
0.898005
-0.396378
0.532969
0.089701
0.664655
-0.849657
-0.374226
0.382894
-0.351745
1.38773
-0.0233344
-0.229826
-1.14589
0.164815
-0.644523
-0.0349773
0.296091
-0.506454
0.357407
-1.53742
0.346553
0.39791
0.0592017
-0.0903122
-0.783289
0.600963
0.367493
-0.823619
0.560672
0.281408
-0.134888
-0.794578
0.326234
-0.992261
-0.262639
-0.499543
0.631043
-1.08284
0.447684
-1.02213
-0.196404
0.460247
0.6342
0.839881
0.167681
0.651335
0.201979
0.344085
0.900145
-0.14592
-0.261385
0.342564
-0.474882
-0.193189
-0.171906
-1.11551
-0.418063
-0.627548
0.953601
0.668826
-1.14175
0.160824
1.30979
-0.0559459
0.356344
-0.751866
0.632027
0.318756
-0.45922
0.114394
0.590375
1.48736
-0.00893205
-0.0989593
0.758871
0.519486
-0.0688586
-0.00964796
-0.584044
-1.40574
-0.419618
-0.439306
1.19235
-0.647524
-0.995234
0.95808
-0.334798
0.536223
-1.32414
0.249026
0.368871
0.318671
-0.286197
0.714393
0.302909
0.641766
-0.869741
0.330507
0.249858
1.28897
-0.527483
0.539989
0.0621929
0.330846
0.858949
0.176784
-0.543502
-0.480439
-0.171157
-0.182177
0.248331
0.419708
-0.400805
-0.164486
-0.909558
-0.984523
0.574965
0.732255
1.13981
-0.624186
-0.940841
-0.300883
0.332228
0.566957
-0.300181
-1.44632
-0.0791752
0.578944
0.219302
-1.33617
0.15732
-0.28961
0.495015
-1.38476
-0.175012
1.64575
-0.122074
-0.84608
0.37401
-0.471387
-1.30513
0.474973
0.536932
-0.147314
0.14816
0.713812
0.807005
0.909457
0.343566
-0.926884
0.265195
-0.49327
0.796602
-0.38221
0.278281
0.286857
0.707611
0.157631
-0.651953
0.339096
-0.616547
0.352282
-0.753569
0.184975
-0.12336
0.907966
-0.878293
1.31278
0.77217
-0.693479
0.684957
-1.73516
-1.69747
-0.0423192
-0.38234
0.468022
-0.101779
-0.309288
-0.440381
0.425404
0.794753
0.465994
1.09239
0.235502
0.639572
0.456551
0.113519
0.631265
0.195442
0.726105
0.506822
-0.821924
0.36327
-0.862351
0.91687
0.673072
0.247861
-0.147041
-0.540141
0.0927756
1.12043
0.854806
1.07905
0.561631
-0.373386
0.00149639
-1.16032
-0.463525
-0.444491
0.744642
-0.212662
-0.333561
-0.857059
0.992656
0.636184
-0.109135
-0.358746
0.745446
0.185782
-0.502442
-0.798501
-0.263024
0.23627
-1.43311
0.182504
-0.202315
-0.504537
-1.35288
-0.413548
1.37593
-0.819043
0.920381
0.831456
0.0920828
0.423794
0.286019
-0.00761724
0.149011
1.22167
0.715775
-1.34851
-0.330891
-0.315179
-0.355932
-0.263869
-0.244388
-0.578424
0.483277
1.08128
0.832317
-0.437882
-1.07583
0.230318
0.178816
-0.612734
0.431387
-0.63885
1.34298
-0.246682
-0.240351
-0.0842782
-0.0221946
-0.75049
0.168007
-0.419167
0.556551
-0.347888
-0.900721
-0.190754
-0.624762
-0.111225
0.653437
-0.918644
-1.34068
0.912047
0.253777
0.578892
0.517028
-0.12913
0.187625
-0.606924
-0.279325
0.320396
0.34552
-0.655009
0.346814
0.0393766
0.549262
0.246119
1.29519
-0.0981608
1.19203
-0.0596394
-0.016839
-0.588099
0.702681
-0.594083
0.787397
0.118115
-1.23572
0.507317
0.982101
1.39075
0.755411
-0.342566
0.337978
-0.0820252
-0.145742
-0.148294
1.33498
-0.435938
0.50835
-0.0784961
-0.439458
-0.558475
-0.396798
-0.125521
-0.256983
-0.714503
0.306229
-1.03383
0.118921
0.360106
0.146942
0.670222
0.667927
0.960189
0.357266
-0.316579
-0.482977
0.132433
-0.111112
-1.28872
0.391612
-0.369082
-0.219761
-0.701756
0.371063
0.0110536
0.32801
0.636306
0.344436
-0.0315815
-0.45198
-0.552209
-0.0709302
0.150269
0.232956
-1.42739
-1.32222
0.130084
-1.68726
0.312173
1.12193
0.0493472
1.64655
-0.954818
0.839509
0.243856
0.0488781
-0.362085
0.411078
0.289462
0.850277
-0.982219
-0.984858
0.383654
0.0143052
-0.313852
0.557169
-0.857197
0.8256
0.534227
-0.334172
0.574817
0.652477
0.124335
-0.422324
-0.606246
0.742719
-0.317027
-0.00208903
-0.452333
0.420011
-0.412955
-1.10572
0.271977
-0.387825
-0.269059
-0.277122
-0.730035
-0.995929
-0.247362
1.66985
0.624999
-0.777199
-0.920746
-0.586062
-0.541722
-0.0147477
1.42263
-0.923847
0.0776488
-0.328068
1.21466
-0.350623
0.734945
0.0179453
-0.545456
-0.30719
0.906265
0.519069
-0.205279
0.340238
-1.1452
-0.475494
-0.133658
0.95501
-0.152074
-0.506058
0.693318
-0.0895473
0.388905
-0.0201251
0.230175
-0.308349
0.331709
-0.124169
0.56624
-0.513768
-0.156315
-0.51785
-0.133397
-0.15852
-1.72841
-0.874276
0.210078
-0.116066
-0.893645
1.08121
-0.214364
-0.0385587
-0.870937
-1.18257
0.0308995
-0.711751
0.0495856
-1.41254
0.0417559
-0.357902
-0.380087
0.699007
-1.90424
-0.297834
-1.28311
1.21298
0.150271
-0.461143
0.595677
-0.303576
-0.605442
-1.10342
0.569284
0.263376
-0.43886
0.953762
-1.17512
0.0538643
0.417243
0.0641533
-0.564825
0.544068
-1.39595
-0.345364
-0.329091
0.519657
0.81633
-0.243588
0.629657
-1.48357
-0.685379
-0.708267
0.696618
0.224276
-0.00098242
-0.752849
-0.493452
-0.116851
0.692565
0.356542
-0.309582
-0.726095
-0.790908
-1.0033
1.26139
0.21503
-0.524317
-1.72184
0.907618
0.0911028
0.415427
0.647043
0.308781
-0.693059
1.20671
-0.077664
-1.61633
-0.203417
-0.728754
0.0572178
-0.156412
0.0805311
-0.773905
0.591365
0.775825
0.308617
-0.770294
0.395865
0.886504
-0.342757
0.235355
0.275147
1.22664
0.95419
0.656926
0.592405
0.439569
1.52074
-0.125398
-0.513219
-0.431315
0.51449
0.368359
-0.489433
-0.093714
-0.282318
0.113487
0.223287
-0.038684
-0.0632782
-0.461466
0.762499
-0.157407
-0.160562
-0.320056
0.330894
0.992755
0.432716
-2.09892
0.735448
0.251212
0.0201156
-1.07786
-0.168279
-0.155901
0.732432
-0.13686
-0.436157
-0.0997168
1.14227
0.225091
0.991659
-0.293291
0.15147
0.535246
-0.406328
-0.64186
0.351051
1.31907
-0.636834
-0.469231
-0.810503
1.04209
-0.914828
-0.617119
-0.236013
-0.78447
1.11589
0.580402
0.103955
0.850359
0.239923
-0.333183
0.258054
-0.0849878
0.455036
0.0548728
0.781427
0.156673
0.852863
-1.09394
0.0710605
-1.18705
-0.178472
-0.268028
0.975473
0.13741
0.202769
-0.123154
1.2055
-0.335923
0.0154368
-0.470655
-0.533602
1.02499
-1.11227
-0.0603046
1.0146
0.524726
0.502637
0.512777
-1.34816
1.02444
-0.79155
-0.301263
0.42924
-0.848219
0.995395
-0.392523
-0.989662
0.453521
0.961551
0.258402
0.378178
-0.00138403
-1.03265
1.49448
1.1171
0.0422941
0.89804
-1.10236
1.1529
-0.204768
0.630685
-0.713651
-0.149865
-0.470792
-0.0521029
0.891553
0.68815
-0.673386
0.0695306
1.0321
-0.349324
-0.993133
1.30361
0.210684
0.0410723
-1.1387
0.42931
0.390586
-0.205086
0.0577314
-0.466766
-0.069245
-0.101769
-0.358809
0.861694
0.420971
-1.66045
-0.150667
1.1629
-0.312054
1.27471
-0.442604
-0.79465
0.620968
0.333199
-0.927206
-1.35337
0.886926
-0.327885
-0.179921
0.704854
-1.42878
0.72305
-0.563852
0.119883
0.786563
-0.552506
0.958888
-0.613558
0.788227
0.702149
0.252048
0.974556
-0.348907
1.04806
0.917691
0.616148
-1.3752
0.296292
-1.03607
0.792442
0.499182
-0.079789
-0.621161
-0.0875957
0.178992
-0.0815207
-1.79484
-0.689126
0.179431
-0.24453
0.906434
0.837117
0.953663
-0.132692
1.25136
0.162338
0.595606
0.0167589
1.38686
-0.628613
0.0114142
1.06433
-0.471237
-0.612694
-0.208812
-0.567358
-0.681263
-0.807136
0.0919178
0.303959
-0.341227
-0.476517
0.0639813
-0.733343
0.174106
1.25505
-0.152186
-0.327104
0.726046
0.131236
0.082986
-0.46308
0.358336
-1.19991
-1.26819
0.333718
-0.383151
-0.0370424
-0.363582
0.279007
0.217111
-0.622057
0.23531
-0.169338
1.14345
0.695782
-0.399018
-0.247749
1.24241
-0.807448
0.482565
0.784299
0.606849
0.823095
-0.359946
-0.523338
-0.11097
-0.476381
-0.821362
-0.0346874
0.181477
0.738832
0.703988
0.344417
0.17176
-0.282449
-0.179495
0.859694
-0.0870015
0.2449
-0.115377
1.41904
-0.525098
-0.233408
1.49095
-0.827793
-0.92427
-0.9293
0.719208
0.65842
-0.618424
0.83423
1.42943
0.207964
-0.168299
0.605865
-0.572954
-0.298779
-0.216311
0.0100502
0.468343
0.64999
-0.731063
-0.00439807
-0.218834
1.00462
1.10877
-0.116603
-1.06231
-0.275408
-0.582828
0.475116
-0.0269038
-0.748005
1.27389
0.71281
0.48734
0.175152
-0.32086
0.593178
-0.814724
-1.36803
0.99749
-0.065771
0.293795
0.622998
-0.457132
-0.603829
0.0654892
0.0761032
-0.275806
-0.640026
0.380656
0.183735
0.605921
1.3519
-0.245875
0.22383
0.68991
-0.43937
1.23708
-0.453286
-0.0692374
0.933562
0.914658
0.0176454
0.355552
1.12161
0.748624
0.599361
-0.448717
1.3155
-0.510872
0.369357
-0.339533
-0.291576
-0.591867
0.231936
-0.0101323
-0.751914
-0.137346
-0.314577
-0.47368
-0.445795
-0.617761
-0.972041
-0.25055
-0.528602
0.234577
0.153193
-0.247191
-0.00222624
0.674395
-0.0879037
-0.0987903
1.02932
-0.61726
-0.240661
0.201844
-0.0681188
1.42956
-0.804137
-0.433792
0.836122
-0.239637
0.185991
0.362642
0.79802
-0.677322
-0.963558
0.333908
0.51794
-0.0638218
0.489722
-0.0990626
0.513122
0.293237
-0.343514
-0.262591
-0.0467008
1.07009
0.264404
-0.519868
-0.971566
0.251848
0.237538
0.17475
0.138159
0.138506
-1.07724
0.223892
-0.0281038
0.444695
-0.492407
-0.558605
-0.594692
0.420434
0.359677
-0.806076
-0.673968
-0.322673
0.0645012
-0.110155
-0.486031
0.949475
-0.278389
0.243834
0.5821
0.515803
0.40989
0.598376
-1.40297
0.569353
0.666432
-0.219734
-0.0721845
-0.96521
-0.398302
0.6282
-0.793472
-0.33035
-0.264721
0.582348
-0.462957
0.312241
0.572811
-0.66279
-0.196088
1.65532
-0.886796
1.03939
-0.090515
-0.0231676
-0.97469
-1.04236
0.176454
-0.643075
-0.0481788
-0.88914
1.29034
0.395874
-0.0688568
-0.884172
-2.1063
0.196617
-0.31338
0.730031
-0.497593
0.386711
1.25283
-0.38038
0.266092
-0.687246
0.132703
0.814942
0.988681
-0.909334
1.02574
0.048312
-0.711731
0.154193
1.53364
-0.88101
-0.704562
0.743525
-0.0306485
0.0227999
-0.113642
-0.270712
-0.934736
-0.845741
-0.212633
0.591363
-0.249993
0.00843115
-0.2077
0.442115
0.409244
0.5517
0.120365
0.184791
0.979527
0.0589348
-0.598939
-0.196471
-0.470128
-0.0118855
0.440403
-1.03512
0.142474
0.705632
-0.406789
-0.273777
0.291082
0.117554
0.420145
0.0223612
-1.04167
-0.427196
0.157804
0.0550452
-0.0967238
0.315904
-0.435552
-1.11979
0.315007
-0.366597
0.172377
-0.641411
-0.237866
0.834036
0.605088
-0.190638
0.201696
-0.739083
-0.730046
-0.532916
-1.34527
0.555802
-0.750091
0.160762
-0.888899
-1.0975
-0.29335
0.820088
0.224472
0.4646
0.456168
-0.72715
0.196091
0.30597
-0.771034
1.4521
-1.09639
-0.383825
-0.728972
0.789103
1.33265
-0.55664
-0.79041
-0.960401
0.126023
-0.154109
-1.43365
0.15307
0.00642255
-0.0715034
0.280051
0.782939
0.146771
-0.640278
-2.06349
-0.00474033
-0.615869
-0.539929
-0.547741
0.50628
-0.215135
0.249317
0.545156
-0.142984
0.375374
-0.131324
-0.707456
0.192479
0.341839
-0.728865
-0.303617
0.338947
0.323676
1.03427
0.348424
-0.178688
0.760878
-0.0138675
0.227389
-0.96058
-0.103464
1.65157
-0.234548
-0.495761
1.33155
0.320504
1.29466
-0.478778
0.265942
1.11448
0.656985
-0.222815
-0.434356
-0.615036
0.5284
-0.721647
-0.27107
0.367553
-0.212
1.3174
1.04411
0.836907
0.136827
-0.258654
-0.926923
0.0424141
-0.163213
-0.193222
-0.0191199
0.13144
0.901209
-1.45215
0.559985
-0.051793
-0.0527067
0.970598
-0.561695
-0.178019
0.19005
0.236368
-0.912854
-0.927558
0.111072
-0.357379
0.227273
0.449505
-0.855713
-0.176347
0.583907
-0.647431
0.552501
0.319375
-0.71949
0.295659
0.41078
0.560768
-0.623555
0.298723
0.085041
-1.33429
-0.485049
-0.192856
0.0147653
-0.231951
-0.546702
1.58864
-0.139008
-0.336336
-0.439485
-0.263013
-0.355749
0.379035
-0.117508
1.18874
-0.803152
-0.0253881
-0.885081
0.442124
0.77051
-0.675057
-0.108542
-0.267428
-0.178062
-1.04694
0.890788
0.877322
-0.714599
-1.64225
-1.0879
-1.04168
0.207489
-0.0464769
0.115637
0.528315
0.468445
-0.536528
0.847342
-0.396115
0.0418478
-0.0527821
0.454165
0.157185
-0.3374
-0.451559
-0.056139
-0.385352
-0.102773
-0.557498
-0.527435
0.0930253
0.925247
0.95612
1.11607
-0.728781
-0.416101
-0.85562
-0.583732
-0.488278
-0.0570726
-0.309814
-0.539337
0.602516
-0.200812
-0.359176
-1.38091
-0.746206
0.80581
0.716254
0.7293
-0.449238
-0.00143511
0.381464
-0.243137
0.477781
-0.818494
0.401631
-0.395452
0.0671151
-0.700715
0.603869
0.0812447
0.559105
-0.8638
0.271589
0.214246
-0.195262
-0.0714503
-0.282516
-0.319798
1.14077
1.19073
-0.249039
0.413468
0.647143
0.0907835
0.748813
-0.45267
-0.0544258
0.0818436
0.5984
0.234463
0.526684
0.0688311
-1.10492
-0.344808
0.023304
-0.460165
0.475492
1.33336
-0.525759
-0.855265
0.216496
0.388313
0.410674
0.658955
0.198989
0.0925036
0.864063
0.749638
-0.0771637
0.323657
0.390757
0.676497
1.08919
-0.741741
0.49345
-1.1787
-0.203941
0.770259
-0.0306904
-0.140913
1.74492
1.30888
-1.04023
-0.775451
-0.893181
-0.391396
-1.29382
0.993592
-0.684836
-0.230834
0.199971
0.335692
-0.176903
-0.218167
-0.376715
-0.684916
-0.0832171
-0.526421
-1.54103
-0.356556
-0.533978
-0.152597
0.273976
-1.31903
-0.0444872
0.0396591
-1.49145
-0.301059
0.29571
-0.704288
-0.247272
-0.453602
0.917407
-1.26358
-0.973478
1.6505
0.303038
-0.558483
1.12232
-0.532605
-0.308082
1.13348
0.166154
0.0965256
0.152662
0.1147
0.0627333
0.0935565
0.85932
1.03819
-0.640382
0.488462
0.896836
0.745995
0.742855
-0.397489
0.582306
0.497649
-0.298712
-0.882558
-0.252136
-0.131189
-0.0728794
0.836273
0.768402
0.278691
0.0434317
-0.384566
0.179009
0.512269
1.7072
-1.0136
0.385007
1.41221
0.180324
0.261799
-2.03467
-0.678495
0.58336
-0.343604
0.249561
-0.707805
-0.422246
-0.403366
0.457836
-0.195371
1.27391
0.624919
-0.324762
-0.205583
1.0683
-0.103635
0.742939
0.0255513
0.849253
0.317801
-0.122451
-0.656149
-0.0457922
-0.764532
-0.681864
0.826268
0.475038
-0.0338599
-0.475415
-0.498049
-0.465113
-0.737978
-0.319649
0.782454
-0.291103
0.609674
-0.247451
0.581523
-0.571723
-1.05046
0.453194
-0.211929
-0.516533
0.339045
0.453585
-0.0993979
-0.500416
-0.0925374
0.279855
-0.339148
0.461555
-0.107048
0.0946485
-0.256984
-0.179139
0.676586
-0.839777
0.300152
1.52252
-0.264795
1.86336
0.000764733
0.200394
1.03361
-0.707277
-0.952197
-0.74959
-0.224262
-0.00547112
-0.50386
-0.19085
-0.45027
0.778138
-0.3295
0.0135323
-0.531958
0.708928
-0.386495
0.747268
0.426381
-0.452885
-0.0537459
-0.888862
0.325605
-0.417584
0.810262
-0.443701
-0.590402
-0.955576
0.928073
1.11909
0.227704
0.435587
-0.752349
-0.37052
0.431032
0.917981
-1.23299
0.498043
0.98127
1.05621
-0.185815
0.637843
0.426408
0.181609
-0.56258
0.579901
-0.644457
-0.325784
0.229006
1.62855
-0.269589
0.683007
-0.552318
0.167534
-0.0143518
-1.04307
0.478328
-0.536348
1.30372
-0.293177
-0.869213
-0.273329
0.261444
0.656865
-0.178834
-0.409187
0.384489
0.747147
-0.899218
0.359887
-0.703655
0.370599
-0.0133395
-0.263755
0.866891
1.14476
0.50219
-0.642141
0.0230287
-0.588977
-0.213937
-0.539488
0.784793
0.13694
0.210332
-0.0225578
-0.0920106
0.735069
-0.448919
-1.63092
-0.63669
0.281618
0.554895
-0.500865
-0.554819
-1.06869
-0.270617
2.05649
0.636612
-1.09878
-0.557101
-0.267029
-2.16462
0.0624534
0.280579
0.34156
-0.264458
-0.885431
-1.02793
-0.0211414
0.863161
-0.222943
0.0739524
-0.265347
0.0590622
0.0300113
0.325926
-1.25675
-0.224376
0.185511
-0.282535
0.694385
1.53362
0.721761
-0.767537
-0.919088
-0.338086
-0.0109139
-0.398252
-0.184533
-0.367386
0.864029
0.284849
0.134226
0.336173
0.556663
0.461094
-1.31262
0.372816
-0.038702
-0.213712
-0.0880399
-0.25698
-0.206496
-0.705078
0.176007
-0.185053
0.286873
-0.0175903
0.141078
-0.459208
0.677439
0.0395528
-0.526501
0.183445
-0.560088
0.69698
0.541811
0.571837
-0.623022
-1.06596
0.324227
-0.493759
-0.124152
1.08233
-0.844474
0.26399
0.0621577
-0.685833
0.822416
-0.263929
-0.48931
-0.318187
1.17943
-0.43323
-0.358434
-0.571655
0.720914
0.599864
0.583888
-0.574631
0.666136
-1.17608
1.2128
0.193912
0.129737
-0.0488817
-0.77494
0.179259
-0.644405
0.0408759
-0.834814
0.612072
1.0146
0.499177
0.0682036
0.091309
1.93022
0.185664
-0.985519
1.25712
1.62737
-0.90847
-0.301268
-0.59292
0.48104
0.14304
-0.00155615
0.0345135
0.505379
-0.774429
-0.794386
-0.0518288
0.506552
-0.0580258
0.629555
0.636653
-0.134862
0.656591
-1.11028
2.31041
-0.387852
-0.89918
0.152903
-1.15023
0.7703
-0.0659701
1.96231
0.0398017
-0.393971
-0.68316
0.585025
0.227842
-0.663485
-1.17584
0.511769
-0.109527
0.715436
0.930369
0.46073
-0.663367
-0.101508
-0.672361
-0.0593222
-0.0544452
-0.560577
0.682968
0.58413
-0.73878
-0.0746937
0.389764
-0.137943
0.531964
-0.637211
-0.919637
0.0818457
-0.0663302
-0.0382377
0.314462
-0.302262
0.335265
0.516141
-0.768425
-0.26538
0.505547
-1.57616
0.0362706
0.425854
0.276285
-0.186908
-0.195078
0.709301
0.52393
-0.0481795
-0.345381
-0.5682
-0.364273
-0.319272
-0.0639132
0.175197
-0.353459
-0.466347
0.587731
0.561415
0.748736
1.01316
0.557868
-1.78784
-0.178023
2.02526
-0.124604
-0.0870933
-0.563098
-0.13445
0.158402
-1.0287
-0.682804
-0.581855
1.28927
0.725326
-0.0743117
1.34712
0.145802
-0.394454
1.03935
-0.0115933
1.17496
0.409926
-0.486569
-2.46134
-0.212853
-0.140653
0.491949
-0.00357334
0.966477
-1.00818
0.535157
-0.674866
1.06253
-0.133048
-0.106792
-0.442993
0.0195934
0.14352
0.0605922
-1.25712
-0.142814
-0.636975
0.100643
-0.00856947
0.50826
-0.566332
0.262893
-0.45859
-0.610456
-1.12281
-0.160071
-0.683437
-0.695814
-0.0900803
-0.916405
0.0988721
0.0386437
-0.171624
-0.636208
-0.283223
-0.435674
-0.0150334
-0.0284577
-0.0545971
-0.10352
0.615884
-0.388
0.247655
0.281275
0.445474
-0.588127
-1.17028
0.344131
0.552688
-0.0435098
0.0984338
-0.0389156
1.793
0.275175
-0.505166
-0.148766
0.106061
1.62036
0.236338
-0.249157
1.13817
-1.53937
0.338063
0.524855
-0.927642
-0.0159051
0.918805
0.414777
-1.24355
0.610675
0.122872
-0.739191
-0.0926278
-0.0957573
-0.472954
0.593007
0.937653
0.156127
0.01999
-0.0748672
-0.995965
0.0753095
1.32682
-1.36973
-0.124323
1.02024
0.0605917
-0.564084
0.00508502
0.817801
0.278626
0.685432
-0.590716
0.110647
0.227192
-0.0117078
-0.311998
0.2264
0.614889
0.867609
-0.307121
-0.133435
2.25939
-1.19739
0.0353476
-0.660332
0.771599
-0.497748
0.026166
-0.0699082
-1.09212
-0.450726
0.108597
-0.115138
-0.281586
0.461625
1.81154
0.118023
-0.417693
-0.245052
-0.190532
0.0483216
-0.302243
0.199254
1.07995
-0.771874
-0.143413
-0.075286
1.26417
1.07024
1.12255
0.707779
-0.303553
1.15653
0.482876
0.978787
0.643042
1.63122
0.584055
0.262911
-0.268318
0.0734277
-0.0285731
-0.229114
0.111487
0.0218039
-0.380407
-0.525344
0.525773
0.199724
0.262986
-0.409735
-0.191779
-0.0534172
0.427497
-0.200925
-0.637313
-1.10027
0.517223
1.06828
-0.41352
0.806931
0.907662
-1.28517
-0.17035
0.505924
-0.0838132
-0.344833
-1.34173
0.205941
0.823511
-0.877308
-1.11412
0.355121
0.183656
-0.556708
0.811891
-0.0785982
1.16593
0.0241574
0.328589
-0.829088
-0.714815
0.0661072
0.822683
0.694841
0.608267
0.228438
0.0722548
0.0610828
0.471987
-0.753193
0.214589
0.108886
-0.553689
0.465795
0.163502
-0.821571
0.582059
0.944277
0.0586067
0.690345
0.389663
-0.552612
0.509131
0.112863
-1.26082
-0.0652181
-0.569992
0.58635
-0.391108
-0.571242
0.00341749
1.78872
0.0114953
0.272533
0.166126
-0.618081
0.674431
-0.12709
-0.202707
-0.497549
0.00716516
-0.176907
-0.252736
0.704419
0.011576
-0.409358
0.487044
1.22549
0.069467
-0.529821
-0.745995
0.114037
-0.0135156
-0.470163
-0.521468
-0.524774
0.882787
0.148437
-0.753434
0.888328
0.731327
0.272876
-1.49318
-0.301383
0.324194
-0.142259
-0.236328
-0.796347
0.196762
-0.404218
-0.468904
-1.37601
-0.843071
-0.462281
0.590406
0.00649138
1.02955
0.364549
1.05725
0.194665
-0.00338994
-0.700435
-0.066197
0.248425
0.0878707
0.499209
0.0114842
-0.0142832
-0.272147
-0.467232
0.148074
-0.676732
-0.418505
0.432462
-0.715607
0.791875
-1.63355
0.0552002
0.320344
0.217039
-0.0822446
0.0106498
-1.10902
0.473865
-0.710435
0.229835
-1.12969
0.239301
0.788612
-0.405985
-0.48939
0.46188
0.501128
0.0316878
-1.4968
-0.568382
1.34488
-0.395527
-1.06634
-0.773601
-1.33095
-1.0695
0.349717
0.249428
0.43109
-0.866653
1.12243
-0.366253
-1.77904
-0.932963
0.389829
0.635847
0.143736
0.673596
-0.118854
-0.930554
-0.767708
-0.362177
0.377416
0.718698
0.445239
-0.714097
-0.681243
0.15746
0.277754
0.27763
0.459781
-1.66604
-0.269672
-0.192821
-0.763453
0.348143
0.306403
-0.24542
-0.0490811
-0.610989
0.878645
0.609974
0.588244
0.87655
-0.640476
-0.710989
-0.366243
0.378571
-0.0862942
0.116828
-1.12002
0.211274
-0.767868
0.239377
-1.19846
0.0139112
-0.1909
0.198068
-0.0396634
0.110338
0.351221
0.182548
-0.982617
-0.88399
-0.400866
-0.332377
-0.0859445
1.05663
0.62534
1.1491
-0.658891
1.25254
-0.390279
-0.804427
0.423549
-1.83931
0.506676
-0.203087
0.321915
-0.011677
0.110107
0.0468057
0.944364
0.641413
-0.0394925
-0.0506821
-1.14742
0.862444
0.611375
0.976024
-0.0868259
-0.482914
0.498916
0.613732
0.760295
-0.292868
-0.576104
-0.344683
-0.107892
0.597903
0.347094
-1.34723
-0.789949
0.259894
-0.246143
0.222145
-1.07393
1.17634
-0.00439036
-0.331723
-0.0403043
0.190118
0.41028
0.645474
-0.830416
0.160433
-0.0777951
0.876568
-0.944875
0.548347
-1.22996
-1.05996
1.43303
1.01295
-0.629808
0.294287
0.276634
0.430949
0.0670042
0.290779
-1.92333
0.912849
-0.0729367
-0.592294
1.12872
-0.0841199
-1.4433
0.34075
0.586289
-0.22169
-1.42395
-0.183987
0.333713
-1.52481
0.202036
-0.197448
0.0528105
-0.781581
0.528307
-0.304412
-0.859932
0.24999
-0.434814
-0.144264
0.16232
0.0801128
0.281796
-0.535474
-1.0851
-0.388495
0.417706
-0.211713
0.907527
-0.24614
0.85647
0.151412
0.198179
0.636978
-0.206651
0.691734
0.621301
-0.0450202
-0.0167756
0.360831
-0.0861641
1.03411
-0.371866
-0.540024
-0.49638
-0.180842
0.50034
0.675461
0.0599641
-0.196311
-0.810163
0.629711
0.330777
0.975343
-0.167158
-0.308049
0.56663
1.11585
0.21279
-0.891031
0.902762
-0.501631
-1.01989
1.42005
0.727173
-0.733671
0.0767892
-0.256462
-1.46979
-0.482774
-0.631054
-0.286563
-1.18056
-0.5218
0.71027
-0.267558
-0.40229
1.68104
-0.167799
-0.00485694
0.540466
0.871734
0.761311
-0.298618
1.35701
1.85214
0.599288
0.0472952
-1.97474
1.08378
0.856646
-0.822497
0.608475
-0.484328
0.102724
0.0385444
-0.481341
-0.165746
-0.125284
-0.174652
0.339607
0.112552
0.604597
-0.156634
-0.585671
-0.123519
0.204918
-0.950153
-0.245602
-0.166558
-0.571184
-0.258291
-0.734401
0.952077
-1.12888
-0.914005
0.17674
0.277662
1.40721
-0.761544
-0.826112
-1.47301
-0.799617
1.39384
0.0462833
0.334588
-1.05989
0.552787
-0.169482
-0.322007
-0.282937
-0.64818
-0.955267
-0.0104581
-0.585593
-1.53644
-1.2654
-0.991271
0.212974
0.941891
-0.597544
-0.734546
0.902243
0.0602155
0.356673
1.05506
-0.00451166
-0.161298
0.0579587
0.374565
0.744957
0.338533
-1.46484
0.62355
-0.253968
-0.887804
-0.247455
-0.0820726
-0.560475
-0.381857
-0.188036
0.304946
0.186503
-0.680309
-0.551044
-0.135816
0.389799
0.573742
0.0112854
1.44784
0.547266
-0.437171
0.969492
-0.182256
-0.799818
0.127216
-0.396387
0.317797
-0.256271
0.49648
0.764523
-1.34418
0.134271
0.949955
-0.538907
-0.56822
0.0687026
-0.184482
0.140823
0.219572
-0.866658
-0.538452
0.745059
-1.14377
0.75428
-0.484007
0.193421
-0.71666
0.646226
-0.402733
0.0492172
0.224877
-1.15201
-0.486318
-0.52472
-0.427629
-1.44169
0.475823
0.533349
0.772209
0.20424
-0.575801
-0.0494148
0.539698
-0.0569994
1.18043
-0.67345
-0.602264
0.744971
0.260647
0.0871135
-0.4413
-0.446217
1.34565
0.170278
0.753816
-0.897427
1.08163
0.38996
-0.659822
-0.784619
0.483031
0.049565
1.3381
-0.301726
-0.0115775
-0.452449
0.305461
0.13865
-0.534225
-1.06905
-0.18981
-1.22929
0.59378
-1.01813
-0.34379
0.320736
1.15956
-0.801567
-0.668116
-0.285216
-1.01547
-0.0442894
0.199368
-0.369282
-1.879
-0.511836
-0.239889
-0.504884
-1.1139
-0.510252
0.702947
0.227071
0.0938422
-0.23024
-0.426192
-0.599203
-1.637
-0.00751439
0.193063
-0.877805
1.07245
-0.253822
1.22874
-0.704787
-0.353753
0.20073
0.202041
0.602905
0.00178787
-0.701491
-0.601966
0.310552
-0.982154
0.341075
0.80473
0.254115
0.475387
-0.245976
-0.209415
-0.1017
0.462308
1.69846
0.225002
1.19503
-0.0424724
0.58628
-1.19821
0.213971
0.395137
0.342059
0.591881
1.2084
0.163695
0.0503847
-0.0686472
-1.59862
0.012258
0.128004
0.490224
0.971352
0.309579
-0.141708
0.323924
-0.625571
1.28116
0.870722
0.576971
-0.175432
0.654903
-0.147057
0.302098
-1.10572
-0.826724
-0.352864
0.77549
0.152253
-0.244855
0.179104
0.0514624
-0.420966
-0.707292
-0.0283433
0.375321
-2.07304
0.397282
-0.0761084
-1.22573
-0.0446469
0.16146
-0.235782
1.14564
-0.0884244
0.831608
-0.289863
1.15703
1.02146
1.20532
-1.22861
0.140334
0.0800024
-0.0890949
0.838862
0.890732
-1.72077
1.24664
0.186392
-0.725136
-0.135174
0.296504
-1.36477
-0.771434
-0.519625
0.389566
0.667391
-0.364304
0.287049
0.120342
-0.39007
-0.92919
1.03221
0.35911
-1.03253
-0.757989
-0.0283343
1.58798
-0.0613469
-0.275226
-1.0088
0.128384
-0.258257
-0.35817
0.127478
-0.120063
-0.0299822
-0.0391366
-0.373379
0.125435
0.778272
-0.608168
0.258053
0.474873
-0.330465
-0.0089134
-0.687088
-0.241124
0.263643
1.68557
0.262423
-0.728182
0.134794
0.264975
-0.0395888
-0.840414
1.80702
-0.534933
0.0944073
-0.192324
0.0409403
-0.467984
0.180521
-0.0661685
-0.719111
-0.60501
-0.208708
-0.0603541
1.52111
-0.148918
0.367627
-0.717865
0.32287
-0.449685
1.52306
0.463052
0.0733698
-0.711662
0.511374
-0.0401299
-0.0349888
-0.292577
0.0250786
-1.03966
0.417918
-0.378421
0.200491
-0.695791
-0.943672
-0.611673
-0.237542
0.578646
-0.423934
1.5667
-0.591509
-0.247508
0.624282
-1.62154
0.307423
0.730567
0.0759157
0.147973
1.02491
0.683561
-0.308583
0.568802
-0.898989
-1.07196
-0.0373199
0.682235
-0.186957
-0.565373
0.334805
-0.364939
0.0445283
-1.62822
-0.935356
-1.48384
1.25703
-1.17465
-1.14769
1.01207
0.454981
-0.859814
-0.838986
-0.359038
-0.356438
-0.0481418
-0.577271
0.453006
0.107859
0.585791
0.350111
-0.421563
-0.0782209
0.383674
-0.637631
0.00226633
-0.521574
0.641329
1.77331
0.0638983
-0.0484761
0.755668
0.352628
-0.346773
-0.122014
0.643206
-0.313778
1.02118
0.727054
0.939961
1.08088
-0.172204
-1.17119
-1.23223
-0.203469
0.641831
-0.0533839
0.159825
-0.211256
-0.827262
-0.567984
0.224311
0.577619
0.870539
-0.580993
0.293248
-0.569066
0.0776902
-1.10543
-0.378037
-0.486731
-0.673821
-0.0826921
0.912081
-0.944703
0.449199
0.014851
-0.82322
0.559068
-1.48014
0.0290644
0.0874408
0.426821
-0.318371
-1.13436
0.246848
-0.257287
-0.148108
0.433102
0.0116728
-0.799591
1.54018
-0.487216
-1.04036
-0.417946
-0.60918
-0.0734207
-0.228222
1.14665
-0.70669
-0.654675
-0.00741283
1.55013
-0.400561
1.93283
-0.262811
0.0141957
0.0959018
-0.436818
-0.905681
0.434027
0.0992723
0.848631
-0.321011
-1.03328
-0.495982
-0.537902
-0.2407
-0.523634
-0.963735
0.263824
-0.44383
0.013855
-0.209176
-0.774686
0.073105
-0.534615
-1.01817
0.456466
-0.103315
0.307828
0.663506
0.0389809
-0.243935
-0.424125
-0.205907
0.234987
-0.952549
-0.999915
0.0485172
-1.24446
0.594556
-0.600848
0.398115
-0.022996
0.0214136
-0.775303
0.546607
0.11172
-0.420815
0.183734
-0.454841
0.00236225
0.0719621
0.0843686
0.430541
0.125472
0.781403
0.364099
-0.160523
0.171196
0.546
1.14846
-0.474498
0.267769
0.273693
-0.844256
0.606022
-0.454351
0.111191
0.733734
0.803899
0.438303
-0.440346
-0.118652
1.0103
0.419683
-0.371833
0.795992
0.648641
1.40565
0.0654369
-0.339744
0.352583
-0.935462
-0.417733
-0.0641052
-0.13566
0.643319
0.289334
-0.576736
-0.570507
0.371516
-0.0193135
-1.08982
-0.911937
2.14876
-1.22907
-1.02555
1.66823
-0.329136
0.255776
-2.02154
0.0934658
-1.79039
-0.29663
-0.0750113
0.720467
-0.745615
0.51962
0.549563
0.00571274
-0.890899
1.01866
0.592133
-0.0520906
-0.95182
-0.0416849
-0.516556
0.623255
-0.145155
1.00452
-0.728074
-0.825705
1.0142
-0.648216
0.571891
-0.780417
0.0944448
-0.0337277
0.822625
0.806224
0.641286
0.84873
-0.732275
-2.29952
0.538857
0.440155
0.670255
-0.0556449
-1.68669
-0.0740994
-0.322709
0.678198
-0.0436398
-0.2029
-0.0815722
-0.801207
-0.424801
-0.0653259
0.459894
-0.12447
0.183736
1.49426
0.712664
0.44636
-0.175952
-0.53328
-0.190814
0.295522
-0.662387
0.829621
0.455828
-1.12343
-0.736609
0.558817
0.276978
0.538641
-1.10521
0.92335
-0.00697453
-0.0902284
0.752898
0.107095
-1.27117
1.08276
-1.38346
0.350002
-0.578974
0.623278
0.414227
-1.40179
-0.208971
-1.27683
-0.146845
-0.2286
-0.249639
0.146422
0.15189
0.419251
-0.312531
0.414382
-0.437337
-0.0249931
-1.17751
-0.302783
0.134045
-1.45416
-1.30227
0.989461
0.854211
0.124652
0.453105
-0.212617
-0.378772
0.496534
-0.264706
-1.21817
0.388927
-0.278188
-0.75651
0.365446
0.0815196
0.0267219
1.04919
0.0610532
0.268936
1.03001
0.615222
0.167547
-0.030552
-0.707936
0.745876
0.270897
0.0985628
0.368809
1.12254
1.39741
-0.490758
-0.399626
-0.217021
0.96448
0.60901
0.778704
0.476344
0.424791
-0.388466
-0.432234
0.227446
-0.573757
-0.0523043
0.668084
0.266862
0.309873
0.147939
-0.211244
-0.0409378
0.0152178
0.391931
0.663604
-0.295166
-1.03521
1.37496
0.742397
0.365122
-0.395172
-0.105043
1.11845
-0.21161
0.800961
-1.04521
-1.15419
0.926031
0.20746
1.92371
-1.08151
-0.174175
0.398232
1.38306
0.315713
-0.601191
1.25742
0.321121
-0.389996
0.3084
-0.719839
-0.593424
-0.252688
0.0946635
0.253812
-0.985442
-1.01948
0.85506
0.325914
-0.156935
-0.623963
0.858857
-0.569921
-0.99171
1.26663
0.772022
-0.355089
-0.937651
