-1.21772
0.136774
-0.664244
0.94542
-0.595802
-0.823826
-0.827083
-1.04011
1.4718
0.482118
-0.572143
-0.0245607
0.192356
-0.484707
-0.287125
0.28789
0.635354
0.385201
-0.192742
0.511263
0.0469935
-0.275424
0.86794
-0.331685
-0.377331
0.653451
0.576347
-1.18742
-0.828588
0.806228
-1.51058
-0.0985559
-1.28073
-0.0358079
-1.39315
0.074797
0.656839
0.146157
0.63294
-0.137943
-0.235226
0.115965
1.28966
0.697146
-0.419902
-0.0927068
0.883751
0.54434
-0.574463
0.662488
-0.777662
0.153582
-1.10721
0.309271
-0.562433
0.254574
-0.570877
0.125062
0.409525
0.0404626
-0.430443
-0.42329
-0.887923
-1.78061
-0.665041
-0.573375
-0.43777
0.257883
-0.175833
-0.86001
-0.094925
0.605824
0.474743
0.0186891
0.0707601
0.130317
-1.08916
-0.854975
-0.597193
-0.153706
-0.390575
1.20718
-0.719342
0.446556
0.892545
0.880184
-0.139315
-0.110927
1.32601
-0.173409
0.604951
-0.873069
0.421777
0.216018
0.376478
-0.396199
-0.380481
-0.232366
0.0338227
-0.0645883
0.134334
0.85656
0.00425182
-0.343363
0.156265
-0.0739148
0.4697
0.472117
0.182543
-0.251507
-0.754785
-0.221457
-0.0329793
-0.108434
-0.387459
-0.530089
0.540761
1.33395
-0.325633
0.232546
-0.175757
-0.721994
0.52245
0.259618
-0.00313866
0.022296
1.33546
-0.776252
-0.275911
-0.139416
0.459742
-0.158637
0.524101
0.560737
0.0411994
0.316665
0.405241
0.0339375
-0.218076
1.10959
-0.375353
-0.306615
0.405739
0.335265
-0.381069
-0.284549
-0.0527872
0.171785
1.2644
0.471687
0.289295
-0.00692345
-0.168897
-0.375238
-0.34778
1.14683
0.475709
-0.662948
0.266774
0.184415
-0.274295
-0.135354
0.469083
0.569598
0.362612
0.445776
-0.153391
0.119512
-0.0207555
0.513595
-0.330539
-0.175368
0.770488
0.781689
1.40081
0.637046
-0.443159
0.707351
-0.693143
-0.730676
-0.136352
-0.395726
-0.340476
0.527796
0.846922
-0.0640949
0.0851514
0.5513
0.144416
0.917108
0.509929
0.129319
-0.441736
-0.373277
-0.876383
0.106508
0.0941963
0.739551
0.844925
-0.953246
-0.557722
0.914087
-1.21131
-0.651043
-1.38114
0.489271
-0.0970271
-0.21595
-0.268803
0.206037
-0.0571296
-0.989621
0.767091
-1.58309
-0.771912
0.389227
0.330812
-0.588641
-0.428917
-0.23025
-0.414708
0.188722
-0.806789
-0.319511
0.214941
-0.302627
1.1962
0.60837
0.726394
-0.31696
-0.563642
-0.577606
-0.392735
0.676947
0.093928
-0.608743
-1.01244
-0.960639
-0.708157
0.534092
0.124106
-0.667779
0.134007
0.12779
-0.195506
-0.341919
0.027116
-0.128333
-0.489756
-0.261814
-0.0178156
0.446769
-0.257138
0.0185983
-0.942651
0.0267193
0.017683
-0.024565
0.43143
0.0592941
0.532023
-0.19221
-0.945851
-0.412838
1.06154
-0.11904
-0.872362
-0.0888436
-0.7195
1.47309
-0.51698
-0.012167
0.413446
-0.94859
-0.522433
0.289214
-0.181046
0.593209
-0.222135
0.633429
-0.0933802
-0.366942
-0.0269744
-0.185174
0.335943
-0.0947825
0.269072
0.00219522
0.341921
-0.798719
0.42279
0.0973484
0.177596
0.0620838
0.0496385
-0.533355
0.520985
-0.795404
0.618675
0.504597
0.380543
0.0525957
-0.629049
-0.268839
0.32461
-1.61574
-0.35305
0.199268
0.437458
0.394936
-0.481818
-0.507398
0.105297
1.81088
0.163076
0.342452
-0.170484
0.309682
0.0604686
0.159505
0.523278
0.06474
0.128166
-0.643807
-0.144927
-0.362094
-0.0971046
0.0884333
-0.656525
-0.395853
0.0661902
0.561975
1.16466
-1.08591
-0.286659
-0.649834
-0.547534
0.0478528
-0.539741
-0.142084
-0.0211004
-0.475228
-0.888074
-0.271624
1.02094
-0.693055
0.704392
-0.85553
-0.322086
0.306007
0.845361
0.533333
-0.114128
-0.190356
-0.0632565
-1.12117
-0.302003
0.478245
0.141222
-0.894276
0.733151
-0.261692
-0.0466008
0.619088
-1.23672
-0.126819
1.42838
-0.0796177
-0.368721
0.62406
-0.112549
0.821051
-0.228394
0.731814
0.561224
-0.768758
-0.235134
0.536823
0.343015
0.305452
1.17469
0.718634
0.261599
-0.455357
0.360744
0.423829
-0.0521995
1.27895
-0.543002
0.294175
0.319341
-0.643685
1.32376
0.172193
-0.271315
-0.42332
0.190064
0.277288
0.595395
-0.815731
0.757511
-1.01921
1.26392
-1.45101
0.405385
0.286406
0.413482
-0.562623
0.0696077
-0.352623
0.182078
1.72768
0.804983
-0.286045
0.165109
0.270749
0.959334
0.316273
0.304777
-0.66272
1.10883
0.362457
1.02749
-0.398984
-0.917445
1.11728
0.00089056
-1.46523
0.116022
0.638276
0.13717
-0.401833
0.664809
-0.16375
-0.0507641
0.471315
0.363317
-0.34012
-0.812037
-1.02109
0.237386
-0.227531
-0.645283
-0.0118585
-0.00894534
-0.511341
0.0930088
-0.988628
0.865068
0.218048
0.393869
-0.230592
0.231016
0.328026
-0.358035
0.150499
-0.317858
0.356255
0.748619
-0.711857
0.245498
-1.39057
-0.169941
0.821406
0.127922
0.397175
1.72952
0.123677
-0.337006
-1.13853
0.0822159
0.832156
0.720375
0.223292
0.49111
-0.59421
-0.0595719
1.16094
-0.29898
-0.591903
0.113921
0.943192
-0.185182
0.771247
0.0245746
-0.237255
0.34134
1.40379
-0.191949
0.00085071
0.414079
-0.116882
0.146482
-0.272516
0.478957
0.357463
0.0879641
-1.25982
0.163577
0.19931
-0.702835
-0.0922815
-0.176489
1.02575
-0.168954
-0.128913
-1.02101
-0.561979
0.136752
-0.179177
0.86418
0.184407
-0.973068
-0.154986
0.248043
-0.317395
0.14817
1.00152
-0.359141
-0.923237
0.165801
0.832241
-0.248238
-0.451004
-1.02108
-0.192434
-1.29143
-1.17924
-0.622993
-0.401183
-0.47669
0.310378
-0.38097
0.523127
0.027531
-0.52729
0.818016
-0.185176
-0.100543
0.0636227
-0.497798
-0.842232
-1.06791
-1.73412
0.613341
-0.896532
0.256807
0.150174
0.0133179
-0.802353
0.22597
0.0921985
-0.276118
0.276716
0.748232
0.990787
1.60956
-0.560517
0.493776
0.171987
-0.86405
-1.54758
-0.006152
-0.874561
-0.147289
0.269512
-0.101786
0.787981
-0.916879
-0.235523
-0.272654
0.701618
-0.119921
0.395607
0.102773
0.549258
0.855021
-0.693019
0.138458
0.0413498
-0.403188
0.256764
-0.0590501
0.523779
-0.188835
0.28958
0.281596
-0.584082
-1.08305
-0.134007
0.0526455
0.225124
-0.0876661
-0.133299
0.264172
0.0884304
0.133573
-1.07193
-0.143658
0.0390151
0.440304
0.262393
0.425749
-0.537976
-0.0905274
-0.500847
-0.119381
0.174923
0.889964
0.251929
0.170049
-0.689988
0.300558
-0.174298
-0.742904
0.391171
-0.515364
0.0391435
-0.788671
0.196927
0.140401
-0.505419
-0.259641
-0.751881
0.0353378
0.0449141
-0.137212
-0.28581
-0.17048
0.00281753
0.521056
-0.571626
0.35756
-0.0385322
1.12909
-0.204864
-0.630709
0.171384
-0.509687
0.00782044
0.248597
-0.0439157
-0.722046
0.129453
0.316799
0.523608
0.632169
0.214236
1.20631
-0.162622
0.706228
0.347982
0.271515
0.6608
-0.271085
-0.305201
0.25026
-1.061
-0.514022
-0.211589
0.059296
0.177588
0.196594
0.403376
0.528371
-0.660328
0.886863
-0.418497
-0.0490173
1.35859
0.0581709
0.0510701
0.453468
-0.90557
0.832016
0.119114
-0.631442
0.397651
0.169073
0.638348
0.416984
1.03218
0.0010656
-0.493096
-0.282604
0.565595
-0.0901295
-0.625735
-0.471073
0.288838
0.339301
0.343269
-0.37621
-0.294734
-0.388132
-1.2966
0.219435
-0.980101
-0.529747
1.71794
-0.491034
-0.176267
-1.0188
-0.0420798
-0.612123
0.0266832
1.18488
-0.0755656
-0.0311701
-0.153831
-0.153714
0.583859
0.640648
0.036351
-0.0342806
0.365024
0.627805
0.0578908
-0.451784
-0.0148425
-0.138318
0.0672549
-1.02277
0.37343
0.529373
0.0431867
-1.51236
0.509824
0.435691
0.525351
0.273302
0.498028
1.07259
0.0236636
0.0140944
-0.51401
-0.196743
-0.429478
-0.448639
-0.122914
0.312955
-0.465828
0.675836
-0.048796
0.881875
-0.678055
0.154636
0.577562
-0.44399
-0.215182
0.156867
0.426084
-0.4856
0.247651
-0.284702
0.270022
-0.884801
0.0842361
0.23852
0.0140173
-0.500969
0.340299
1.25959
0.105312
-1.00985
0.236563
0.725307
0.146994
-0.647327
-0.493282
-0.315799
0.312789
-0.919043
0.0990866
0.371494
0.808641
-0.749124
-0.134208
0.21314
0.870868
0.492318
-0.968326
-0.443992
0.66165
-0.0524661
-0.904556
-0.00579347
-0.0915274
-0.930001
-0.319739
-0.0863455
0.160711
-0.351952
-0.690808
0.400191
0.405816
-0.740814
0.329882
-0.44855
0.674882
0.928054
0.267022
0.337573
1.21742
-0.238483
1.60222
0.0649135
0.0800213
-0.559783
0.12077
0.778434
-0.510214
-0.296525
0.201009
0.250954
-0.104209
-0.442037
0.517736
0.099105
-0.349666
-0.0106849
0.0440504
-1.76798
0.805668
-0.200177
-0.127714
0.801608
-0.0265957
-0.903495
-0.169735
0.0835596
0.655339
0.22177
-0.0703211
-1.0514
0.109685
-0.225988
0.0460524
-0.233332
0.698605
0.787528
0.696648
0.0238936
-0.0809694
0.295166
-0.587765
0.399183
0.640462
1.03314
-0.891258
-0.535304
0.219574
-0.0067277
-0.707276
-0.669387
-0.315481
0.684488
1.13951
0.841327
-0.335698
0.911876
1.20173
0.155661
-0.545616
-0.172903
0.363939
-0.0682138
0.953339
-0.105846
-0.741372
0.67321
0.734616
0.805098
-0.723365
-0.734319
0.178068
0.136909
-0.668011
-0.337078
-0.510179
-0.177516
-0.172074
-0.0849054
1.71505
-0.10538
-0.983687
-0.575151
0.535963
-0.298664
-1.21463
0.188659
0.104359
-1.30268
0.386415
-0.16727
0.410237
0.5172
-0.80001
0.181597
0.0876673
-0.219247
-1.54951
-0.245443
-0.758515
-0.227928
0.0294517
-0.696642
-0.717016
-0.349762
-0.260425
0.209556
0.476738
-0.322424
-0.521023
-0.486963
0.552723
0.897505
0.000105105
0.316712
-0.49043
-1.13155
-0.340505
0.40907
-0.32502
-0.720946
0.0764906
0.6907
-0.432068
-0.201221
-0.132593
-0.500055
0.166694
-0.409002
1.00762
0.551638
-0.545644
-1.12234
0.769402
-1.29761
-1.03079
-0.544927
-0.490286
0.625379
-0.0739618
0.772248
-1.10436
0.0531517
0.59477
0.512802
-0.598366
-0.163294
1.00855
-0.366453
-0.0902241
-0.210959
-0.253556
0.706837
-1.17715
0.0825656
-0.0428817
-0.950721
1.49348
-0.402236
0.0758221
0.0001673
0.166609
-0.316592
-0.389111
0.0194308
0.218748
-0.369215
-0.0260603
0.26556
-0.240679
0.0615129
-0.268463
1.27758
0.0871751
0.559661
-0.874386
-0.375791
0.392583
-0.0664388
0.616339
0.239864
0.263885
-0.555627
-0.360983
0.545016
-0.9425
-0.188052
-0.225672
-0.383317
-0.825105
-0.398923
-0.971867
-0.757558
0.286639
0.557986
-0.327716
-0.102868
-0.351693
1.113
0.719112
-0.588615
-1.04533
0.416394
-0.727023
0.244991
0.188568
-0.235509
-0.0534495
-0.289356
-0.111394
-0.455649
-0.120792
0.295848
0.633575
-0.692036
0.782595
0.35357
0.873092
-0.856164
-0.343073
-0.500326
-0.644698
0.763225
0.648509
0.956989
-0.363562
0.269002
0.199926
-0.23389
0.270679
-1.32075
0.550661
-0.298572
-1.01304
0.171455
0.353419
-0.41162
-0.54936
-0.0557513
-0.222681
-0.756115
-0.698036
0.246226
0.329542
0.199164
-0.357663
-0.178608
-1.03712
0.35367
-0.0483964
0.296871
0.51772
-0.670187
-0.50921
0.0968523
-0.300759
1.2986
0.494006
-0.471642
-1.32319
2.18609
-0.586223
-0.454007
-0.0955337
0.411674
-0.457952
0.435221
0.507101
-0.296743
-0.245217
-0.605657
0.283911
0.0748261
0.286984
0.349284
-0.264587
-0.343179
0.0526976
0.120943
1.10064
-0.937609
-0.548499
-0.263593
0.0539115
-0.205189
-0.221438
0.00681174
-0.580748
-0.670144
-0.792912
0.100648
-0.00360824
-0.0658009
-0.554273
-1.24211
-0.088047
1.05413
0.745082
-0.569595
-1.38075
-0.451329
-0.746769
-0.383447
0.511891
0.0980451
-0.954876
0.980266
-0.875324
-0.0868598
-0.138967
1.13943
1.30461
-0.195973
-0.435231
0.398336
-0.169962
-0.127453
-0.755602
0.310674
-0.0706115
0.597975
-1.29973
0.326749
0.191904
0.0155523
-0.0308086
0.167243
0.434429
1.04109
0.397768
0.0268518
0.906643
0.699245
0.654955
0.0492543
-0.226897
-0.494253
0.179057
-0.137292
-0.842996
-0.614524
-0.139004
0.408082
-0.212662
0.506908
0.634481
-1.14663
-0.296202
1.56526
-0.283968
-0.0875312
-0.0969332
0.0563166
-0.627243
-0.0517853
0.924607
0.302626
-0.394908
-0.294999
-0.0260054
-1.05544
0.554945
-0.143263
-0.241337
-0.0657972
0.0432103
0.354103
-0.365964
-0.235343
0.113627
-0.390538
0.576576
-0.369815
-0.702004
0.730476
0.355234
-0.43869
0.329859
-1.28068
-0.619647
-0.205033
0.128078
1.54912
-1.23079
-0.247557
-0.214674
-0.0526728
0.272416
-0.535521
0.0845
0.103814
0.64214
-0.315571
-0.353783
-0.542453
0.383762
0.316644
-1.84015
0.676612
0.416702
0.425607
-0.135684
0.682486
0.838702
-0.320195
0.0491648
-0.56959
-1.46563
0.839364
0.902611
0.152876
-0.63177
0.663209
-0.0244939
0.256878
-0.239577
0.979932
-0.32545
0.77271
0.326129
0.734784
0.255989
0.357254
-0.382207
-0.600132
1.36622
-0.409054
0.276658
0.0615548
0.546937
0.239906
-0.676625
-0.120895
1.35083
-0.704538
0.756382
0.0653363
0.9959
-0.725688
0.94567
-0.0114692
0.717709
0.426984
-0.0200565
0.528499
-0.218044
-0.635158
0.337996
-0.269053
-0.123253
-1.39361
0.451768
0.666372
0.526488
0.886265
0.53839
-0.335757
-0.585308
0.81978
-0.0819409
0.315591
-0.275363
1.47242
-0.691293
-0.239583
0.622304
-0.480279
0.183827
0.56638
-0.346313
-0.100339
1.06955
0.588141
0.836092
0.654809
0.490678
-0.161903
-0.481932
-0.827254
0.156337
-0.712008
0.408904
0.372232
-0.395002
-0.115463
-0.664888
-0.0402328
-1.43357
-0.30276
0.0662434
-1.00921
-0.951471
0.371361
-0.30996
0.0440889
-0.684449
1.19224
0.415992
0.0722182
-0.0855003
1.02509
0.494521
-0.395558
0.652574
0.232888
-0.501211
-0.49396
0.439993
-0.482919
-0.924303
0.266203
0.134471
-0.403763
0.0945305
0.290002
0.966796
-0.176982
-0.609464
-0.202124
0.26661
0.247417
0.821501
0.0946834
-0.0928894
0.329458
-0.682328
-1.05903
-0.717103
0.431959
-0.712749
-0.503893
-0.161669
1.06627
-0.729167
1.03037
0.438589
0.849369
-0.48107
1.13558
-0.397921
-0.791394
1.01076
0.132036
-0.169973
-0.264787
0.927715
-0.102333
-0.623474
0.83602
0.48974
0.742061
-0.269922
0.256159
0.926422
0.29639
-0.0822867
-0.0404242
-0.450388
-0.209333
0.303953
0.114511
-0.8024
0.394858
-0.169043
0.215698
1.49889
-0.454855
0.254143
0.840677
0.495396
-0.0752034
-0.432151
0.597971
-0.12529
-0.414547
0.499542
-0.118395
-0.192555
-0.52057
0.380891
-0.553283
-0.268632
-0.237924
0.890697
0.540986
0.606989
-0.458484
0.927649
0.124901
-1.73069
0.00534469
0.0342212
-0.226205
0.625035
-1.28824
-0.693678
-0.834067
-0.429042
-0.693114
-0.0680949
0.0143315
0.0374986
0.328023
-0.377787
0.313037
0.693865
-0.267817
0.416311
0.101676
0.383743
0.253634
-1.06267
0.678316
-0.341734
-0.165293
1.03544
-0.214812
-0.427885
0.216059
-0.110565
-0.825167
0.325129
-0.736251
0.363123
0.0699537
0.169351
0.230889
-0.162113
-0.119197
-0.480929
0.0219911
-0.700377
-0.049098
-0.450093
-0.18943
0.190737
-0.355348
-0.544824
0.208296
1.21771
-0.219017
0.451394
-0.54354
-0.675075
-0.392983
0.106976
0.960703
-0.155614
-0.0443437
0.651157
0.736386
-0.0348024
0.559531
0.28659
0.196663
0.474332
-0.168224
0.700424
-1.49599
0.182431
0.339656
0.315335
-0.933002
0.195213
0.674665
0.333256
-0.173771
0.0483484
0.0799564
-0.538898
-0.549909
-0.48167
0.35251
-0.476077
-0.39007
-0.0526323
0.0810087
0.681034
-0.357473
-0.696983
0.585234
0.864583
0.0827325
-0.623312
0.978617
0.0750912
-0.627972
0.0988206
-0.53208
0.022992
0.364608
-0.461611
-1.24898
0.0760249
-0.525166
0.778709
0.512509
0.509982
0.0624147
-0.0534854
0.0482967
-0.0422052
-0.0802195
-1.18009
-0.434945
-1.33906
0.0529392
-1.01577
-0.538098
0.447792
0.242545
-1.41793
0.721435
-1.0196
-0.237278
-0.141931
1.28308
0.236589
0.633538
-0.913007
0.372405
0.311776
0.030516
-1.01487
0.968407
0.0978551
-0.34086
-0.349274
-0.636163
0.150815
1.00485
-0.327904
-0.637594
0.843492
-0.249908
0.048043
0.824385
0.267932
0.312909
-1.13267
0.0474306
-0.419967
0.862429
-0.17835
-0.0150987
0.449558
-0.592357
0.0972352
-0.179408
0.383297
0.327258
0.98038
0.676454
-0.477318
0.0991717
-0.188604
-0.178483
-1.13023
-0.0903958
0.889019
0.348512
0.0263875
0.435179
0.834108
-0.354466
0.775164
0.239044
-0.443448
-0.076115
0.649757
-0.0456102
-0.0376599
0.453525
0.259222
0.584131
0.474368
0.00368881
-0.0944887
-0.834696
0.130877
-0.0667916
0.638815
-0.777359
0.617234
0.324975
0.896814
0.473907
-0.910494
0.647341
0.532603
-0.740238
0.362357
0.663673
-0.339567
-0.730204
-0.622935
0.128356
0.914891
0.639153
0.0483292
-0.897348
0.323201
-0.758419
-0.18616
-0.0712722
-0.210746
-0.445014
0.683196
-0.240439
0.360496
-0.674842
-0.392075
-0.1397
1.14359
-0.373285
-0.278821
-0.453569
-0.313302
-0.972453
-0.498769
-0.481975
-0.00279869
1.01847
0.329021
0.926698
-0.287817
-0.883805
1.41826
0.751027
-1.02432
-0.389849
0.850457
0.404287
-0.238377
-0.789585
0.661617
-0.667609
-0.741183
0.343787
-0.00366993
-0.203713
0.400587
-0.232856
0.165629
-0.0593057
-0.428268
-0.254213
0.278963
0.744503
0.199781
1.06075
-0.608634
0.98784
1.60299
0.00879896
1.27293
-0.239546
0.244421
0.630831
0.448855
-0.260773
-0.395661
-0.221457
0.372868
0.431348
-0.237341
0.400422
-0.131109
-0.946848
0.399942
-1.0973
-0.780503
0.0142784
0.447052
1.07299
-0.568685
-0.539522
0.472955
1.47256
1.13622
-0.638248
0.306895
-0.822695
0.0450375
0.356081
0.0722223
0.0475119
-0.620964
-0.80786
-0.618112
0.127513
0.60564
-0.738986
0.31185
0.523675
0.516886
0.192213
0.83901
-1.08609
-0.65497
-0.20469
-0.205156
-0.587418
0.426283
-0.727791
0.401607
0.522404
-0.333949
-0.315608
0.407672
0.471498
0.471897
0.810083
-0.0914379
-0.167217
-0.241925
0.0605948
-0.380686
-0.476961
0.156377
-0.286582
0.0822098
0.282857
-0.94593
0.611362
0.766498
-0.503843
-0.023747
0.107031
-0.780491
0.522053
-0.493245
-0.741786
0.015864
0.28993
-1.00241
-0.0703604
0.105086
-0.815173
0.0725543
-0.579965
-0.178092
-0.428028
-0.393013
0.127718
-0.559546
-1.00884
0.307982
0.453491
-0.629216
0.21085
0.406211
-0.150949
0.14213
-0.467396
-0.30718
-0.815042
0.574252
0.586634
-0.279039
-0.139997
-0.584711
-0.473895
-0.0231916
-0.720026
1.15563
0.0557047
0.730178
-0.711043
-0.200723
0.296545
-0.839451
-0.639811
0.285942
-0.0308959
-0.557009
-0.20361
-0.375529
0.0985626
-0.0287825
-0.0314338
0.378451
-0.259999
0.79665
-0.25047
-0.831003
0.239341
0.112642
0.570396
-0.0977081
0.12666
-0.566515
0.0526475
1.11085
0.425726
-0.229292
0.15932
0.689025
-1.32786
-0.185626
-0.0895506
0.236685
0.273446
-0.145548
0.786795
0.960492
0.583469
-0.167592
-0.312136
0.513472
0.492998
-0.0496479
-0.0432321
-0.464682
0.506652
0.0951312
0.436363
-0.011754
-0.156313
0.629501
0.11445
0.306392
-0.60887
-1.18213
0.539837
-0.672211
-0.276817
-0.00281603
-0.439436
0.560186
-0.372685
-0.637438
0.835765
-0.0010449
-0.183963
0.260235
0.166697
-0.392455
0.012587
0.403466
-1.7721
0.182034
0.483672
-0.846662
-1.84551
-0.17901
1.04081
0.502548
-0.10394
0.12
0.458127
0.0559887
0.480966
-0.158717
-1.03084
0.237917
-0.0226835
-0.304667
1.17902
-0.450835
-0.584855
0.945238
-0.923525
-0.298227
0.0353619
0.131936
-0.505032
0.526783
0.397379
-0.536345
0.245565
0.481961
-0.632112
-0.218716
-0.927962
-0.256498
-1.68712
-0.132023
-0.0163019
-0.66187
0.421145
0.501249
0.1858
-0.00947682
-0.799787
-0.206586
1.00441
1.04447
0.748444
0.667321
0.701217
-0.975928
-0.333885
0.267177
-0.349022
-0.43871
-0.258748
-0.283238
-0.851338
-0.898927
0.696137
0.226411
-0.104952
0.52115
0.0236304
0.724238
0.0462064
0.516807
0.0842683
-0.0398962
1.57324
-0.0295701
1.30421
-0.313218
-0.629908
1.5944
-0.479855
-0.354907
-0.616105
1.40824
-1.40052
-0.253541
0.574446
-0.312943
0.713682
0.583288
-0.581259
0.495709
-0.0905449
-0.0663832
-1.01062
0.613821
0.100752
0.681748
0.874309
-0.0423842
0.400261
-0.142795
-1.11692
0.0246311
-0.281635
0.860171
0.319026
0.405327
-0.54779
-0.0833745
0.00967848
0.277483
-1.03967
-0.353415
0.296014
0.664758
0.109405
-0.345206
-0.686943
0.56279
0.74238
0.244854
-0.0316533
-0.429733
-0.154071
-0.00159079
-0.13628
0.391356
-0.137662
0.0403464
-0.435512
1.18243
0.281364
-0.218555
-0.437986
-0.385178
0.661236
-0.327665
-0.135768
-0.172984
-0.399872
0.0768417
0.252742
0.139775
0.624991
0.26155
0.439126
0.0121919
0.770505
0.492368
0.823061
0.0110781
-0.872884
-1.23199
0.877244
-0.162615
-0.945798
-0.431103
-0.89237
0.263918
0.244705
0.872777
0.728981
-0.0974149
0.569638
-0.095511
-0.539546
0.445198
0.734821
-0.518199
0.350247
0.77934
0.310654
1.07981
-1.02762
-0.393597
-0.245478
0.00234585
0.198207
0.254307
-0.258009
-0.512688
-0.930307
0.760826
0.624551
-0.125378
-0.0518687
-0.915895
-0.456458
0.234809
-0.0614009
0.955314
-0.607678
-0.115655
0.127205
-1.71889
0.219154
-0.187441
0.200557
0.183994
-0.341982
0.438649
-0.585918
-0.410233
-1.42853
-0.0885163
0.215396
-0.897591
-0.115671
0.510943
0.265737
0.48888
-0.864392
0.801657
-1.40624
0.739007
0.818788
-0.0558776
0.86905
-0.810264
-0.712852
0.0705541
0.443185
-1.02144
1.29411
0.262887
0.447776
0.174756
0.183424
0.234184
-0.144127
-0.199519
-0.575264
-0.206715
-1.45205
1.55241
0.116122
-0.119076
0.507977
-0.312258
0.196095
0.65024
0.365797
-0.166379
0.323734
-1.55607
0.413422
-0.331975
1.35395
-0.0466638
-0.578181
0.327527
0.141082
-0.0560337
-0.303729
-0.794692
0.0101522
-0.244863
1.09041
-0.247092
0.0722364
-0.579968
0.498083
0.400041
-0.85509
0.0121381
0.240062
0.0178555
-0.481133
-0.118113
-0.127707
-0.437921
-0.851928
0.624329
-0.497624
0.00462046
0.920912
0.500396
-0.509394
0.412544
0.400149
-0.147544
1.19644
-0.828194
0.504161
0.189823
0.202799
0.00394195
0.143931
-0.0457855
0.651829
-0.327965
-0.269508
0.613603
-0.0324148
-0.987809
0.89767
-0.288821
-0.146475
-0.33899
-0.373556
-0.101361
-0.678853
-0.102541
0.307379
0.946097
0.487282
-1.1749
-0.961363
0.523613
1.47763
-0.0716024
0.490397
-0.510439
0.310061
-0.0677558
-0.963368
0.69473
0.52937
-0.283764
-0.492783
0.895699
-0.0513642
0.261149
0.286047
-0.836148
-0.155823
0.367544
-0.704584
-0.938905
-0.0220136
-0.383673
0.565924
0.123229
0.601493
-0.0416204
0.194061
0.361969
-0.281578
-0.253024
-0.0110491
-0.319323
0.346061
0.550597
-0.868033
-0.0065719
-0.00938305
0.339889
0.270417
0.66122
1.23986
0.41035
-0.791553
0.865759
0.925666
0.535302
1.3922
-0.0823487
0.21425
1.35801
0.369618
0.760305
0.00775245
0.407728
-0.302139
0.283336
0.53877
-0.514791
0.19188
0.466509
0.850466
-0.26709
0.169072
0.534382
0.361673
0.274443
-0.949909
-0.173683
-0.0785517
-0.886154
0.742629
0.0309962
0.476442
0.208376
-0.337905
0.690032
0.473422
0.342314
-0.452485
0.0793653
0.732783
0.503634
0.195265
1.21018
-0.686668
-0.371912
0.453531
-0.0521845
1.30874
0.736388
1.32775
-0.722145
-1.18527
0.257309
-0.554405
-0.510795
-0.330884
0.218056
0.216168
-0.762526
0.407758
0.60836
-0.582738
0.505329
0.170076
-0.114975
0.21981
0.443127
-0.306653
0.704619
0.769737
0.676986
0.255567
0.922235
0.0788663
-0.369945
-0.861713
-0.132733
0.479874
0.514021
-0.23333
-0.594297
-0.406275
0.454777
-0.308754
0.765276
0.0630072
-0.957466
0.461708
-0.347219
-0.746944
-0.523725
0.484495
-0.0641378
-0.203324
-0.6924
-0.613862
0.4663
0.106492
-0.618784
0.417106
-0.75532
-0.0788885
-0.0273165
-0.252928
-0.324848
0.342635
-0.28496
-0.267379
1.03551
0.494974
-0.13568
0.489013
0.393275
-0.700263
0.242719
0.0868852
-0.305935
-1.05558
-0.769155
0.124713
-0.606147
0.144218
-1.49797
-0.771397
-0.393851
-0.0837644
-0.252996
-1.02057
0.018897
-0.112478
-0.164129
0.455572
0.521167
0.122137
0.292656
-0.0195935
0.267075
-0.288594
-0.64448
-0.884015
-0.134259
0.325463
0.1204
0.0792492
-0.16392
-0.673926
-0.221394
-0.711523
0.336057
-0.193484
-0.923262
-0.179663
0.456288
-0.801287
-0.48702
0.729203
0.0843788
0.82553
0.284174
0.456284
-0.75567
-0.46865
-0.0205331
1.07489
-0.965426
0.189949
-0.153916
0.379796
0.0511027
0.266694
-0.0317208
1.01319
0.690612
-1.29629
0.460386
-0.0398591
-0.104087
-0.54571
0.174594
-0.484691
1.29713
-1.13658
0.201096
-0.00177511
0.292649
-0.405294
-1.10097
-0.334749
-0.559408
0.470465
0.182215
-0.585917
-0.939684
-0.0690602
0.492118
0.897242
0.655512
0.241769
-0.37605
-1.06448
0.589819
-0.426499
-0.000213636
0.180445
-0.694553
-0.7456
0.54007
-0.211024
0.0361627
0.509673
1.27142
-0.63924
0.0818106
0.0447247
0.0839408
0.81188
0.257438
0.0257127
-0.816715
0.593093
0.730851
0.653964
0.265617
-0.0901461
-0.355237
-0.394811
-0.484219
-0.600715
0.606389
0.0542121
-0.558935
0.108833
-0.0220159
-0.0678399
-0.0727805
0.891324
-0.0673648
0.331223
-0.128262
-0.518138
-0.694323
-0.0326105
-0.389848
0.105328
-0.132984
0.159932
-0.179015
-0.579429
-0.300179
-0.29532
-0.0322191
0.828041
0.36486
-0.316392
0.357547
0.664579
-0.0423576
-0.222463
0.821929
0.0885227
-1.47031
0.572642
-0.451408
-0.231337
0.725722
0.189554
0.67791
-0.158035
-0.353753
-0.912114
-0.0588752
0.509592
0.500375
-0.603243
-0.313549
-0.559409
0.521153
-0.863372
-0.233461
0.192317
0.313777
-0.247885
0.498331
0.951658
-0.368785
0.851237
1.30655
-0.00758326
0.408265
0.433991
0.382711
-0.929719
-0.100809
0.061915
0.0623785
0.484058
-0.568401
-0.319765
0.554
-0.254736
-0.569622
-1.07157
-1.14825
0.310672
-0.500454
-0.222458
-0.0128106
-0.305893
-0.00614866
0.268022
-0.752581
0.265974
-0.262709
-1.30102
0.839032
-0.0898578
-0.200062
-0.110636
0.397439
-0.0138353
-0.977154
0.161151
0.208969
-0.203112
-0.01435
-0.362505
-0.218823
0.215005
0.212314
-0.627986
0.566479
-0.311081
0.581991
0.186483
0.565996
-1.11051
0.224686
-0.382166
-1.15943
1.0276
-0.513767
-0.538323
-0.447765
-0.455064
-0.536767
0.388483
0.0737544
0.378125
-0.0278668
0.510914
0.852096
1.44939
-0.170008
1.20157
-0.88496
0.814266
-0.815645
-0.674726
-1.04896
-0.226618
-0.0176503
0.711415
0.173971
0.0557569
0.260533
0.198644
-0.817724
0.559879
0.629911
-0.15391
0.39923
0.974692
0.00929953
-0.520684
0.161055
0.204955
0.681753
0.512256
0.318223
-0.121371
0.893466
-0.40454
0.397741
-0.147187
-0.166021
0.551701
-0.260727
0.143299
-0.77155
-0.455616
0.175524
0.0329063
-0.164562
-0.433635
0.477436
-0.0895627
0.212084
-0.879539
0.364251
0.577521
-0.0172227
0.258761
0.89187
-0.253152
-0.350636
-0.00325761
0.457859
0.065135
-0.362308
-0.678309
-0.249899
0.208098
-1.19602
-0.494892
1.37008
0.349891
1.25713
-0.187236
-0.441486
0.552638
-0.701715
0.32786
0.4945
0.0518859
0.310647
-0.010753
-0.723973
0.853748
0.629854
0.607448
0.117331
0.381977
1.05468
-0.166057
0.844398
-0.829529
-0.245525
-0.264858
-0.157363
0.642814
-0.913224
0.192633
-1.05034
-0.0265669
-0.49047
-0.501535
0.715408
-1.13918
0.0119019
0.310127
-0.17584
-0.391737
-0.362959
-1.05921
0.685311
0.0841347
-0.176763
0.236328
0.115687
0.548842
0.88905
0.471322
-0.0928454
0.671933
-0.582122
-0.700412
0.785754
-0.2319
0.247365
0.326207
0.0112341
1.01075
-0.844948
0.430252
1.02891
-0.0976986
0.109764
-0.590936
-1.30804
-0.408448
-0.349091
-0.450986
-0.917686
-1.50863
0.0990753
-0.589408
-0.871776
0.111148
0.269021
-0.720514
0.297235
-0.391552
0.814518
0.339451
0.535473
0.339528
0.376764
-0.602696
-0.849043
0.84647
0.787372
0.929665
-0.0442378
0.0876428
-0.143152
0.385824
0.415152
-0.243688
0.097867
-0.416379
0.184197
-0.354127
-0.641881
-0.28062
0.821598
-0.528204
0.921755
0.486973
0.652893
-0.227428
-0.192611
0.883864
0.324857
-0.14394
-0.884686
-0.100598
0.0974674
0.159259
-0.310521
-0.136698
0.32606
0.266207
-0.397608
0.825152
-1.22604
-0.269615
-1.30791
0.676251
-1.77353
-0.586277
0.394379
0.337875
-0.759091
-0.0110874
1.05206
0.242156
-0.467366
-0.39853
0.115581
0.0696571
-1.0245
-0.564566
-1.13288
0.310962
-0.537916
0.382122
-0.107046
-0.0194336
0.141989
-0.0268719
-0.879222
1.07332
0.287494
0.43328
1.02565
0.491508
-0.10419
1.11828
-0.673038
0.756515
0.593337
-0.613479
0.533907
0.607113
0.333835
-0.578893
0.703457
0.655521
0.340118
0.206526
0.332881
0.158726
0.000936161
0.137304
-1.43351
1.14756
-0.526062
-0.168368
0.581189
1.43055
0.792253
-0.643759
0.824566
-0.35259
-0.0378209
0.335822
0.347838
-0.743673
-1.41948
0.463346
0.349796
0.115587
-0.149915
-0.358681
-0.815386
0.0977026
-0.475894
0.658432
-0.482885
-0.109873
-0.0426641
-0.567883
-0.899774
0.124331
-0.48637
-0.0400216
-0.852028
0.023279
-0.396924
0.485764
-0.602059
-0.58721
0.223563
0.0108635
0.949398
-0.900668
0.82341
-0.106528
-0.213873
0.634732
-0.322306
-1.23882
0.0765514
-0.709887
0.261996
0.301218
-0.180078
-0.535837
-0.659713
0.313225
0.977835
0.217982
0.149654
-0.165735
-0.543625
-0.304924
0.114035
0.0871552
0.800767
-1.00038
-0.0549888
-0.0210722
-0.175293
-0.615062
0.142494
0.44429
-0.163693
1.32455
0.38583
-0.0497731
0.74161
-0.0165426
0.0937516
0.143551
1.0698
-0.278456
-0.101247
-0.656463
0.261443
0.807648
-1.26655
-0.121452
-0.549134
0.0274048
-0.339145
-0.690626
-0.772917
-1.13932
0.148728
0.364443
-0.890321
0.553945
0.0192502
0.735426
0.272918
0.893394
-0.162607
-0.0911788
0.349845
1.39905
-0.901177
-0.84942
-0.191772
-0.585949
0.0544981
-1.17517
0.621395
-1.6573
0.0670972
-0.438559
-0.129902
1.0087
0.159902
0.890899
-0.0934515
-0.31121
0.151184
-0.508052
-0.338406
0.318861
0.288639
0.921143
-0.414492
0.0402615
-0.306258
0.665738
-0.535508
-0.178605
0.0707085
0.665876
-0.607937
-0.716465
0.390304
-0.739954
0.289348
0.287203
-0.382946
-0.78564
-0.21099
0.579584
-0.103598
0.345339
-0.0731697
-0.99889
0.119708
-0.235132
-0.390036
0.63774
-0.34329
-0.72584
1.0979
0.144292
-0.785808
0.755651
-0.0616341
0.956678
1.04306
0.773235
0.911927
-1.06698
0.914124
0.39429
1.38509
0.21496
-0.244105
-0.123001
0.217107
-0.96801
0.0355858
0.0727528
0.5529
-0.166613
-0.821067
1.31083
-0.49551
0.224596
-0.486911
-0.016038
0.309546
-0.0909827
-0.940799
-0.140342
0.0695926
0.582473
-0.180855
0.989707
-0.130357
0.169499
-0.33271
-0.174751
-0.887584
0.624985
0.263654
-0.654172
0.762002
0.202313
-0.0108631
-0.788701
-1.2174
-0.235676
0.256637
-0.078466
0.561479
0.378847
0.826391
-0.22411
-0.851983
0.26739
-0.273396
0.284006
-0.195872
-0.136773
-0.0595905
-0.604014
-0.0874939
-0.270916
0.651233
-0.167588
0.33851
-0.696732
-0.372127
0.00651727
0.829819
-0.511574
-0.310173
-0.58534
0.392336
0.0858924
-1.12964
0.0735033
-0.458449
0.189871
-0.0945602
0.847517
-0.209469
0.156832
0.678141
0.655304
-0.169491
-0.132932
-0.733923
0.0665099
-0.341734
-0.30329
0.0985494
-0.968104
0.529105
-1.11237
0.187041
-0.012514
-0.438579
-0.209862
-0.310052
0.0711997
0.0336894
0.484815
-0.546846
0.176812
-0.094619
-0.323788
0.735684
-0.532083
0.499366
0.380798
-0.749762
-0.305493
0.468596
0.548475
-0.422734
1.03199
-0.861817
-0.782997
0.397696
-0.732796
-0.335943
0.57683
-0.44292
0.107635
-0.469762
-0.00126846
0.560412
0.780942
-0.806913
0.568663
0.0426735
0.619946
0.67032
0.91238
0.159682
-0.320134
-0.501699
-0.415426
-0.0945718
0.720311
0.016287
-0.365773
-0.416204
-0.477639
0.181903
-0.216528
-1.37066
-0.453014
0.120536
1.35153
0.327646
0.54112
0.689831
0.734456
0.270794
-0.974645
0.500744
0.114641
0.778215
0.539548
0.318319
0.378363
0.17502
-0.45982
0.173134
0.279724
-0.404551
-0.281263
-0.0448162
0.0957284
-0.47429
-0.236801
-0.320313
0.655011
0.802587
-0.629036
-0.245072
0.150303
-0.105775
0.386052
0.3216
0.463824
-0.174581
-1.94148
-0.309305
-0.661963
0.346906
0.432966
0.182334
0.40233
-0.262702
-0.511121
0.566795
0.593643
-0.0944135
-0.204669
0.700895
0.209679
0.110184
-0.668064
-0.243457
-0.419085
0.675849
-0.337846
-0.115725
-0.471526
0.591923
1.40117
0.557358
1.8771
-0.690184
0.0417278
-0.0886846
-1.04123
0.889024
0.363156
-0.657665
0.388075
0.119416
-0.605709
0.0117066
0.265452
-1.19726
0.386529
0.980635
-0.688046
-0.364733
0.29121
-0.570553
-0.39713
-0.182073
0.328245
0.550198
0.522447
0.197604
-1.1178
-0.482963
-0.076468
0.102984
-1.53636
-0.204372
0.321018
0.503412
0.509424
0.40292
-0.361791
0.0602759
0.154423
-0.300013
0.756265
0.838573
0.280516
0.806374
0.344663
0.362607
-0.368633
0.281164
0.127788
-0.20636
-0.809244
-0.446469
-0.180243
0.219065
0.544223
-0.343864
0.320241
-0.75181
-1.09782
-0.615619
-0.0279505
-0.737686
-0.361892
-0.306025
-1.03872
0.81215
-0.81021
0.371615
-0.0571434
0.00744266
-0.246411
-0.181196
-0.196479
-0.4567
-0.0864897
0.429429
-0.126875
0.346613
0.337976
0.0798735
-0.265063
-0.290323
0.10559
0.64489
1.43198
0.415791
-0.0736633
0.388178
0.155874
0.49138
0.382138
-0.704498
-0.708794
-0.266572
0.242083
-0.599132
-0.674917
-0.864163
0.0452493
0.0954118
-0.640007
-1.03796
0.4733
1.24153
0.0591857
1.15503
0.248465
0.07649
-0.0821751
0.274371
-0.186187
-0.532471
-0.671687
-0.835068
1.4907
-1.15261
-0.959817
1.6963
-0.249603
0.0402753
0.0759434
-0.0512109
-0.438319
-0.0378825
0.711908
0.81337
-1.42241
0.879942
0.401971
0.383758
0.938417
0.244378
0.416442
0.24441
1.454
-0.199611
-0.020039
0.795472
0.181372
-0.430264
-0.523724
-1.43978
-0.0343154
0.974535
-0.214527
-0.307173
-0.368199
-0.292624
0.921486
0.29067
0.700943
-0.203728
-0.349523
-0.586222
-0.27619
0.631101
0.977511
0.831311
-0.200128
0.318438
-0.656955
-0.475297
-0.876585
0.148157
0.966153
-0.129245
-0.339415
0.450325
-0.480163
0.258977
-0.956589
0.0754324
-0.155942
-0.999946
-0.0890036
-0.537945
0.354406
-0.497143
0.0821937
-0.787409
0.54388
-0.100491
0.558501
-0.188362
0.0739775
0.222787
0.728937
-0.122297
0.859975
-0.536283
0.253376
1.08959
1.25461
0.844237
-0.741768
0.109454
-0.202979
0.8354
0.608503
1.34779
0.53177
0.80716
0.213334
-0.867358
1.15883
0.823618
0.138617
1.02054
-0.435502
-1.17035
0.302747
0.374784
0.142993
0.402855
-1.1011
-0.331238
0.0731408
0.806937
0.62653
-0.166763
-0.332912
0.271099
-0.153447
-0.470528
0.213201
-0.263133
0.684106
-0.280445
-0.409543
0.298186
0.39825
-1.041
-0.665871
-0.12736
0.436954
-0.285184
0.193967
1.04759
0.970458
0.488248
-0.36546
0.0845377
0.433657
-0.990674
-0.304769
0.51657
0.126945
0.131063
0.847879
-0.875193
-0.123557
0.599303
-0.241312
0.830507
-0.203997
0.582049
-0.171614
-0.295724
-0.15051
0.41511
0.509063
-0.355732
1.09623
0.673232
-0.668807
0.254612
0.045809
0.281467
0.341055
0.0597038
0.067993
0.90578
-0.348227
-0.402361
-0.822564
0.233381
-0.0776835
-0.760517
-1.18965
-0.221083
0.617414
0.262614
-0.672949
-0.207775
-1.18768
-0.988954
0.93236
-0.180819
-1.0175
0.367667
-0.633559
-0.181942
-0.41938
0.324447
0.968681
0.299977
-1.21472
0.0440951
0.901426
-0.943861
0.760137
0.556459
0.472059
0.0153822
-0.919778
0.406318
-0.398006
0.262523
0.145048
-0.263054
-1.36699
-0.493383
-0.138818
0.0236073
-0.820143
-0.904841
0.28178
0.559941
-0.768954
0.595532
-0.831535
0.563143
0.416995
0.196246
-0.996601
-0.178106
-0.749632
-1.00635
0.080996
-0.594959
-0.179028
-0.0935463
-0.480948
-0.780686
0.0793088
-0.439903
0.294791
-1.31843
1.32017
-0.227902
-0.570541
-0.260368
-0.433609
-0.946291
0.360062
0.0144424
-0.466976
0.150034
-0.980919
1.31912
-0.0236857
0.384757
0.617076
0.0261344
-0.248224
1.21146
-0.308739
-0.636836
0.552197
0.588601
-0.576828
0.162086
0.298031
-0.485027
-0.637787
-0.619042
0.137456
0.0366954
-0.681022
0.733781
-0.135839
-0.790535
-0.150816
0.0828491
-0.0602815
0.0293954
-0.273537
0.264345
0.881852
-0.372516
-1.23326
0.641253
-0.00693157
0.570413
0.22527
1.4532
0.199997
-0.394244
-0.164758
0.307283
0.0232374
0.0305317
-0.533589
-0.37591
-0.783489
-0.16001
0.210185
-0.0418856
-0.652893
0.345562
0.607388
-0.722006
0.557589
0.669788
0.567582
-0.249133
0.307278
-1.15053
-1.08158
0.760944
-0.0634294
-0.385907
-0.213524
-1.05036
0.607866
0.610929
0.195666
-1.31421
-0.434138
0.0705144
0.0717922
-0.4517
-0.167164
-0.25941
0.455274
-0.0801918
0.177757
0.119366
-0.694025
-0.345414
0.357999
1.30086
0.24725
-0.371724
-0.253788
0.652061
0.569302
0.911986
-0.254258
0.188004
-0.192912
-0.745319
-0.598823
-0.239095
-0.24548
-0.140562
0.468415
-0.4974
0.538389
0.326937
-0.294337
-0.0166846
0.450175
0.686218
0.909259
-0.453844
1.08206
0.293233
0.0336132
0.0142709
-1.24235
-0.461925
-0.0486281
0.0416038
-0.649298
0.10104
-0.331509
-0.536134
0.226996
0.232945
0.220659
0.743958
0.064694
-0.00538864
-0.629152
-0.182083
0.141653
0.295361
-0.76817
1.59962
-0.0126701
0.630858
-0.979862
-1.14228
0.19864
-0.891144
-0.319696
1.67187
-0.365478
0.532228
0.744021
-0.379926
-0.869659
-0.18746
0.347291
-2.33666
-0.0781414
0.0657946
0.669547
-0.807049
-0.471609
-0.0577054
-0.628227
-0.22741
-0.0527956
1.67715
0.379268
0.0768088
-0.138253
-0.829085
-0.322611
-0.372416
-1.17798
0.292759
0.378871
-0.119542
0.930432
-0.332277
-1.10513
-0.779937
-0.434613
0.193334
-0.182439
-0.528112
0.651515
0.861033
-0.578187
0.253232
-0.686179
-0.322948
0.338658
-0.387764
-1.32397
0.185013
-0.641742
1.13294
-0.907629
-0.636335
-0.735484
-0.127623
-0.915913
0.209248
0.529821
0.479083
0.176824
-1.1288
1.12632
0.0948656
0.790208
0.203629
0.330849
-1.05276
-0.480245
0.524246
-0.589376
0.524927
0.563668
-0.298575
0.563972
1.50135
1.45118
-0.316165
0.184285
0.354406
0.349462
-0.458317
0.240297
1.27357
1.32853
-0.18348
0.463493
0.736196
0.657812
-0.131709
-0.0612305
-0.45513
-0.284122
-1.30848
1.00006
-0.060416
-0.323337
-0.172169
0.648673
1.21748
-0.9578
0.527011
0.503303
-0.576025
1.19654
0.0344137
0.601399
0.508491
-0.312521
-0.0610371
-0.429557
-0.0194461
0.590639
0.667052
-0.113047
1.47695
-0.293147
0.059331
-0.150559
-0.103179
0.78942
1.1068
0.379554
-1.16939
-0.572779
0.994613
-0.187353
-0.560324
-0.00726347
0.211323
-0.608376
0.281499
0.0978409
0.419681
-0.797587
-0.58278
0.00934544
-0.270503
0.102709
-0.350097
0.001251
0.00649368
0.865062
-0.123934
1.08707
-0.495775
0.239172
-0.624631
-0.209954
-0.349678
1.0951
-0.801189
1.31207
-0.193741
-0.489922
0.0923821
0.324157
0.374595
-0.133703
-0.119797
-0.265482
-0.944983
-0.556931
0.0358161
0.0673111
0.730257
-0.129111
-1.08263
-0.0644354
0.659325
0.0267732
-0.780907
-0.230154
0.593786
-0.591657
-0.376923
-0.177404
-0.517085
-0.481677
-0.196547
0.301942
-0.00910174
0.428391
0.367226
-0.288969
0.523144
-0.880801
-0.0239404
-0.336657
-0.74026
0.461927
-0.07457
0.467272
-0.824884
0.823159
0.184139
0.403042
0.974681
-0.683748
-0.433778
0.873632
-0.265617
-0.51302
-0.305868
-0.297063
-0.451005
0.539293
-0.582654
1.19366
0.0185829
-1.22481
-0.348897
-0.115792
0.197174
0.749358
-0.373285
0.072583
0.0629441
0.429496
0.437214
0.50085
0.405431
1.54751
0.457887
-1.01429
-0.363617
-0.597797
0.580844
0.60276
-0.477881
0.706349
0.0333925
0.642004
-0.0130625
-1.09381
0.541009
-0.20169
0.0829919
0.36428
0.40262
0.932406
0.378439
1.21039
0.373792
-0.543585
-0.224797
-0.456496
-1.01664
0.0257814
-0.376983
1.04054
-0.208058
-0.000703248
0.543529
1.51409
1.34014
0.5679
0.675811
0.124789
-0.00840986
-0.778793
0.0919871
0.371253
-0.940693
0.028912
-0.628681
1.13435
0.174055
-0.272793
-0.908535
0.458585
1.20123
-1.33725
-0.0733432
0.350737
-0.218555
-1.0262
0.642257
-0.0617767
-0.0290857
-0.65495
-0.0578611
1.06345
0.686727
0.39743
0.0119722
0.355944
-0.203134
-0.440534
1.17599
0.356637
-0.180095
0.592494
-0.98975
-0.995389
-0.661586
0.405593
-1.23775
1.57232
-0.427476
-0.0293694
-0.0776525
-0.559644
0.252352
0.16303
0.163711
0.0627554
-0.0756667
-0.408606
-0.133084
0.316888
0.521378
-0.63544
0.328843
0.435133
0.246495
0.715102
-0.384021
0.375442
-1.38744
-0.479685
0.27727
-0.261496
-0.337237
0.207729
-0.136558
-0.268432
-0.715534
0.555564
-0.257638
-0.910313
0.541778
-1.98227
0.203092
0.0929914
0.490609
0.326086
0.325324
0.638443
-1.29967
0.138964
-0.318521
-0.0752949
0.293093
-0.781036
0.274989
-0.0101334
0.317359
-0.840872
-0.499774
0.525685
-0.0542251
-0.155987
0.32239
0.518486
-0.765557
-0.110588
0.378319
0.484024
0.49935
-0.922176
-1.29619
-0.997955
-0.497718
-0.24242
0.451287
-0.506063
-0.161214
-0.407426
0.906495
0.210333
-0.18731
0.097893
1.63528
0.715351
-0.541697
-0.246907
-1.52348
-0.970743
0.0991959
-0.356258
-0.305999
-0.409348
0.218179
-0.497739
-0.310983
-0.969636
-0.0456988
-1.00168
-0.307625
-0.232414
0.0614287
1.03889
0.0183672
0.253636
-1.43943
-0.0355654
0.192838
0.530191
-0.227128
-0.0537361
0.232337
-0.0593241
-0.139216
-1.34017
-0.358705
0.248453
-0.0710857
0.474762
-0.857758
0.221505
-0.364629
-0.185296
-0.238546
0.670495
-0.33372
-0.470962
-0.0741185
-0.164529
-0.604135
-0.128028
-0.78231
-0.874763
0.635777
0.758776
0.381539
-0.116557
-0.258709
0.329751
-0.0777034
-0.561362
0.146139
-0.289061
-0.470308
0.0659365
-0.308363
-0.146884
0.124493
-0.149962
0.379952
1.42328
-0.577574
0.233903
0.407423
-0.161738
0.00599569
-0.679115
0.141016
-0.836697
1.52661
0.727448
-0.717476
-1.35855
0.619494
-0.217416
0.579969
0.470874
0.0252494
0.534653
0.331342
-0.0541027
0.819308
-0.604392
0.257483
0.538225
-0.39964
-0.330614
0.0570794
0.015695
-0.641926
-0.703872
0.731498
-0.741989
0.429909
0.515078
0.383759
0.535726
0.0797553
-0.628587
0.271794
0.0133891
-0.103936
-0.556943
0.682127
-0.809187
-0.14225
0.170624
-0.124303
0.633313
0.498532
1.1513
0.78028
-0.020213
0.575823
0.507848
-0.182708
-0.759338
-0.12811
-1.18209
-0.422835
-0.405665
-0.401798
-0.0468746
0.0177678
-0.457531
-0.0921567
0.00753901
-0.194794
-0.324339
0.0446285
-0.332979
-0.487591
-0.315426
-1.28843
-0.688748
0.14084
-0.466757
-0.435311
0.445285
-0.383512
0.171981
0.838648
0.401171
-0.180593
-0.995103
-0.47071
-0.328706
0.760913
-0.068684
0.206273
0.0460363
0.718459
0.325763
0.627894
-0.481641
0.511641
0.130812
-0.170611
-0.415841
0.789967
-0.0518842
-0.470454
0.138848
-0.439001
0.454473
-0.314858
-0.561996
-0.0315904
0.065698
0.403214
0.835179
0.2244
0.253694
-0.106399
0.489409
0.0781281
-0.866901
-0.13892
0.374324
0.910755
-0.178248
0.312074
0.513618
-0.386126
-0.142596
0.144013
0.320068
0.506791
-0.414236
-0.374155
0.679868
0.719814
0.418373
-0.706436
-0.9021
-1.28181
0.742522
-0.708913
-0.0816751
0.596259
-0.521169
0.00306541
0.397892
-0.626538
-0.0644963
-0.868067
-0.824844
-0.314655
-0.269438
-1.02227
0.245298
-0.226498
0.378519
1.49012
-0.462265
0.824268
-0.44028
0.206367
-0.26111
1.0105
-0.011697
-0.295589
-0.11743
0.161488
-0.0919131
0.889719
-0.827938
-1.39297
-0.391665
-1.12467
0.52002
-0.816719
-2.29471
-0.36004
-0.252694
0.462018
0.859536
0.364653
0.045294
0.261689
-0.506063
0.0450728
-0.823043
1.37625
-0.189665
-0.419178
-0.0626761
0.456018
-0.204472
0.785743
0.00777702
0.952235
-0.0944513
-0.317615
0.432052
0.171017
-0.320602
0.625878
-0.552603
-0.60842
0.00652554
-0.759235
1.23029
-0.00761623
0.292856
-0.403032
0.603462
0.468193
-0.643673
-0.257428
0.351247
0.533917
0.642246
0.80177
0.59615
0.71472
0.180857
0.565847
-0.72629
-1.9496
-0.198796
-0.447809
0.0612529
-0.55235
0.234412
-0.385733
0.959366
0.309301
-0.550462
0.857368
0.0968549
0.872072
-0.684016
-0.294022
0.0516759
0.240118
0.257967
0.57906
-0.691769
0.761948
-0.707899
0.359929
0.351617
0.107413
0.341923
1.13751
-0.643159
-1.44681
-0.457089
-0.83229
0.046444
0.757023
-0.385553
-0.170958
0.191691
0.139385
-0.623078
0.761167
-0.398156
0.101999
0.657707
-0.147909
-0.677792
-0.249771
-0.0621145
0.357658
-0.339347
0.809939
0.0839301
-0.00930447
0.370275
0.625309
0.516633
-0.838379
-0.814476
0.462753
0.471965
-0.731024
-0.199894
0.252996
-0.0623925
-0.0111435
0.759463
0.0626908
0.500401
-1.71032
-0.03211
-0.299836
0.176455
0.0107282
-0.273917
0.322665
0.503785
-0.219763
-0.732791
0.128881
0.548675
0.102603
-0.712484
-0.242547
0.166076
-0.032116
-0.200723
0.289333
-0.435908
-0.103297
-1.63603
0.428328
-1.26753
-0.674912
0.632584
0.6541
0.135203
0.499366
1.13304
-0.96328
0.0692357
-0.213735
0.192677
-0.0310374
0.53311
0.32646
0.774102
-0.186393
-0.0936445
-1.09734
0.534402
-0.265155
-0.752601
1.83977
-0.408665
0.033208
-0.947503
-0.0633636
-0.27198
0.784239
0.0583133
-0.0354028
-0.85274
0.668946
-0.0532403
0.766353
-0.850093
0.391035
-0.174107
0.469663
0.376427
-0.892763
-0.244332
-0.57518
0.321922
0.911996
-0.00394401
-0.368781
0.466032
0.655709
0.617208
0.502596
0.376524
-0.574642
-0.133937
0.436274
-0.59698
-0.0639856
0.191706
-0.565793
-0.433158
-0.625033
0.587797
-0.555734
-0.764628
-0.0879429
-0.0937586
-0.0515139
0.316132
-0.526094
-0.118054
-0.0886384
0.452929
0.106289
0.722689
-0.289615
0.486252
-0.194423
-0.208866
-0.540112
-0.26445
-0.314325
1.17436
-0.370642
-0.454992
0.298171
0.569228
-0.142588
-0.668999
-0.182246
-0.0712059
-0.0945781
-0.391024
-0.23984
-0.0811138
0.149399
1.09589
-0.751185
0.453507
-0.8685
-0.525441
0.706014
-0.445219
-0.60772
-0.788437
-0.215323
0.592842
0.176932
-0.81004
0.113663
-0.126804
-0.309238
0.596519
0.697252
0.0611171
-0.00041398
0.37186
0.552873
-1.14542
-0.946178
1.19957
0.0862392
0.556222
-0.476744
0.41133
0.462923
0.112719
2.17651
-0.377427
0.232156
0.190468
0.1446
0.343532
-0.373176
0.510598
0.690257
-1.04352
0.439686
-0.77716
-0.789124
0.0279809
-0.261086
0.832055
0.305061
-0.364317
-0.693143
-0.399376
0.163514
0.586408
1.03561
-0.338754
-0.650966
0.137799
-0.528783
0.247312
-0.342728
-0.735966
-0.0335282
0.0571429
0.13668
-0.534953
-0.394637
0.19786
0.0933648
0.543216
-0.88328
0.145534
0.649456
-0.238927
-0.417345
0.4611
0.272838
0.656943
-0.450145
1.78122
-1.17668
-0.0536112
-0.322146
1.6209
-0.958393
-0.132743
-0.810942
-0.264683
0.242772
-0.593032
0.290012
-1.07717
-0.242639
0.337915
-0.45792
-0.0689435
0.690273
0.172281
0.757962
0.671516
-0.243189
0.165603
-0.643091
0.226436
1.2042
1.00539
-0.471471
-0.0168568
-0.35801
0.354657
-0.652503
0.407699
-0.49921
-0.269771
-1.10276
-0.197122
1.33622
-0.520922
0.841311
0.0280334
-0.099198
-0.647159
-0.396331
-0.30456
1.27931
-0.301852
0.00241211
0.0990941
0.238827
-0.206994
-0.606232
-1.35005
0.257891
0.00108506
-0.805138
0.185923
-0.223446
-1.17077
-0.291063
0.976082
-0.461504
0.354266
0.039023
-0.412121
0.846402
0.756116
-0.695305
-0.777596
0.286661
0.710472
-0.978271
-1.06989
0.372834
-0.811368
0.700021
0.792488
-1.27999
-0.493238
1.16157
0.216953
0.539557
0.379906
1.11156
0.0420513
-0.0163904
0.395739
-0.570556
0.27759
-0.031005
0.758146
0.106245
0.44375
0.121348
0.332916
0.595568
0.719755
-1.05577
0.285762
0.380904
-0.268518
0.0406588
0.301023
0.197331
0.919495
0.0630844
-0.49154
0.242036
-0.813952
0.102269
0.599365
-0.324505
0.333746
0.0528934
-0.0754665
-0.57455
-0.195116
-0.0381146
1.2762
-0.957059
0.278722
0.76036
-0.531025
0.616376
-0.53466
0.737494
-0.188546
-0.878086
-0.101596
0.370341
-0.613626
-1.45283
0.569039
-0.850867
-0.0679422
0.243907
0.546759
-1.04383
-0.527835
0.735179
-0.199643
0.498822
0.89791
0.162914
-1.1202
0.548728
-0.71178
-0.0499702
0.29008
-0.59205
-0.475818
0.549589
-0.452607
0.678213
0.151917
1.2021
-0.134718
0.413118
-0.754835
-1.06483
-0.377431
-0.493778
-0.30026
0.0437894
-0.0288549
-1.48865
-0.809515
-0.693513
0.265203
0.450079
0.55024
-0.351526
0.0575738
0.00690245
0.209029
-0.136169
0.220797
0.511939
-0.0923423
-1.0771
-0.560725
0.521275
-0.109911
-0.0620788
-0.149994
-0.771132
-1.5436
-0.594108
-0.382349
-0.282792
-1.56212
0.481317
0.38191
0.174721
-0.379897
1.19001
0.343115
-0.0771506
0.897438
-0.123089
0.386339
-1.27939
-0.0219061
-0.396362
1.1079
-0.152634
-0.551263
0.369235
-0.820541
0.494259
0.285307
0.387451
-0.0417506
-1.23747
0.0106997
0.551303
0.185174
0.627193
1.11396
0.189466
-0.739998
-0.550447
0.485287
-0.347107
-0.57845
0.392625
0.425395
-0.11581
0.971395
-0.644759
-0.351681
0.17775
0.0285863
-0.16345
1.55272
0.224504
-0.0507696
0.0850354
0.140271
0.269954
-0.0129335
0.37444
-0.243436
-0.813155
0.170799
-0.708286
1.25171
0.11484
-0.304119
0.139708
0.0860125
-0.0515352
0.205202
0.0258739
0.354139
0.574025
0.0278816
1.9461
0.626211
0.827174
0.300477
-0.501312
-0.232397
-0.227012
-0.768469
-0.142151
-1.11378
-0.763304
-1.14299
-0.480697
-0.157132
0.97946
0.348408
0.806586
-0.141326
0.0293922
-0.74879
-0.171509
-0.306934
0.127359
-0.099849
0.787836
-0.0897651
0.244343
0.10623
-0.271135
-0.339561
-0.432526
0.434907
0.316573
-0.246158
-0.191724
-0.692241
-0.394213
-1.25838
-0.454968
-0.159895
0.607098
1.33981
0.723248
0.0771593
0.111184
0.142744
-0.505328
0.126195
-0.391739
-0.234323
0.860532
-0.168566
0.85189
0.588867
0.539323
-0.131993
0.557285
-0.194097
-0.345817
-0.00517482
0.58313
0.0849399
0.683127
-0.0844077
-0.171723
0.230483
0.984164
-0.793335
-0.406982
0.497706
-0.219244
0.106114
0.216598
-0.520833
0.60506
-0.594942
-0.0058511
0.22202
0.842651
0.0993592
-0.632835
0.84616
-0.00098651
0.344037
0.0787281
-1.0116
-0.901922
0.0385068
-0.528381
0.0758688
0.451422
0.633219
-0.00414006
0.534046
0.532323
-0.739117
0.373278
0.382137
0.55336
-0.368518
-0.0630214
0.436252
0.41698
0.0816752
0.734228
0.184266
0.10232
-0.637671
0.350305
-0.780877
0.134481
-0.614711
-0.423013
-0.714953
-0.598949
0.18772
-0.150937
-0.0389013
-0.743465
0.895546
0.0456765
0.565156
0.154569
0.771727
0.266867
0.280702
0.761342
0.539226
-1.11037
0.205274
-0.17637
-0.803191
0.680956
-0.537113
-0.526604
0.778403
-0.797505
0.552372
-0.510098
-0.215191
0.623645
0.216791
0.663099
-0.331911
-0.492809
-0.389922
-0.419322
0.435657
-0.0807554
-0.342507
-0.269907
0.147349
0.304968
1.03985
0.553212
-0.246466
0.504886
0.0526978
1.2307
-0.0030651
-0.570383
-0.699478
0.0575017
-0.335034
0.794332
0.249148
0.773922
-0.402061
-0.760173
-0.368257
-0.0852856
-0.569719
0.650673
0.851966
0.40086
-1.10993
-0.703392
0.228582
0.684445
-0.0316486
-0.0116594
0.385921
0.450938
0.22333
0.556436
0.906493
0.607285
0.513075
-0.939973
0.155252
0.715988
0.651301
0.220437
1.03867
0.116588
-0.388951
0.312425
-0.103661
-1.0366
-0.315208
-0.608121
-0.0137647
0.110441
-0.695451
0.509178
0.649153
0.627341
0.520201
-0.271123
0.986604
0.532287
0.373633
0.0369988
1.35415
-0.150597
-0.158805
-1.3021
0.086146
0.75878
0.304646
0.0600017
-0.0490499
0.460579
0.804303
-0.281994
-1.6629
-0.584078
0.134639
-0.807003
-0.544353
0.157934
0.814171
-0.0797781
-0.00160441
0.899881
0.0937191
0.360723
-0.65186
0.163763
0.0542606
0.902161
-0.282286
0.630143
-1.02508
-0.336657
-0.571233
1.3373
-0.0696128
0.543394
-0.439089
-0.0321996
0.275407
-0.00681508
-0.780372
0.574349
-0.327471
-0.237475
0.299649
-0.150647
0.208575
-1.07913
-1.21563
-0.126892
-0.367319
-0.148504
0.37152
-0.793501
-0.11417
0.487802
0.396151
0.314817
0.380857
0.424099
0.312289
-0.0966117
-1.05637
1.72274
-0.624259
-0.510049
0.488779
-0.28969
0.625174
0.891171
-0.991793
-0.0689709
0.0674937
0.00272467
-0.10631
-0.545165
0.0659825
0.579234
0.24181
-0.68732
-0.600078
0.187042
-0.602181
-0.529704
-0.758918
0.622822
0.438731
-0.746998
-0.861656
0.102403
-0.80701
0.331452
0.0522113
-0.490929
-0.682491
0.81203
0.932541
0.376904
-0.0533679
0.166826
-0.391632
0.625022
0.602787
0.995526
0.934538
1.31536
0.142221
-0.0648266
-0.256123
0.761387
0.306746
-0.669689
-0.502476
0.190976
-0.359093
-1.14701
-0.656839
0.0943583
-0.578356
-0.0115376
0.579294
-0.0675018
0.0442362
-1.01749
-0.527783
-1.0331
-0.351025
-0.557104
-0.420263
-0.616233
-0.380814
-0.671957
0.581197
0.746077
0.694364
-0.224112
0.0185621
1.07814
-0.121184
-0.312348
0.118395
0.31124
0.310329
-0.165268
-0.108746
-0.00916455
0.93463
-0.726282
0.90768
-0.0473473
-0.312269
0.267629
-0.661917
-0.473735
-0.101657
-0.041074
-0.161474
1.26788
1.07584
-0.310457
-0.256685
0.130425
0.364405
-1.31114
1.05085
1.02593
0.831141
0.961282
-0.379931
-0.741494
0.430964
0.317092
-0.582668
0.0018603
0.983502
-0.0980739
1.15961
0.649037
0.672035
0.0650576
-1.42921
-0.477481
0.426964
0.629439
0.366779
0.00264718
-0.476195
0.251179
1.3089
0.491942
0.081151
0.0504678
-0.163507
-0.169718
-0.0334113
-0.321455
-1.17499
-0.457605
-0.261687
0.943162
-0.382376
-0.420196
-0.554857
0.0583938
-0.97048
-1.40034
1.64334
0.464285
0.000888299
-0.200298
-0.308703
0.121457
0.255485
-1.12453
-0.985571
-1.07561
0.634179
0.273302
0.288593
1.45727
-0.580067
-0.149995
-1.10788
0.417667
0.707468
0.0328056
-0.817472
0.334995
-0.43662
0.892394
-0.676204
0.585499
-0.746984
0.00634637
0.226555
0.0619957
-0.231784
-0.0663093
-0.509557
1.56058
-0.676249
-0.339125
-0.52668
0.383449
-0.325935
0.700598
0.216455
-0.207674
1.49059
-0.408145
-0.0675491
-0.479219
-0.346736
0.51334
-0.111965
-0.954514
0.31412
-0.0887343
0.704546
-0.503776
-0.0894798
-0.0796944
0.0152662
-0.446057
0.0273012
0.388273
-0.222641
0.969746
-0.371558
0.868621
0.960441
0.313264
-0.351501
0.369296
0.286114
-0.35624
-0.277716
-0.664678
0.35434
0.439056
-0.231103
0.228114
0.789754
-0.137526
-0.385388
0.516121
0.244063
-1.57408
0.175126
0.80957
-0.64849
-0.120934
-0.250148
-0.289689
0.131586
0.917514
-0.486762
0.526258
-0.375914
-0.589098
0.195587
-0.0936379
-0.125811
0.602062
-0.477955
1.07
0.0788845
0.479724
-0.147224
0.272326
-1.62671
-0.19666
0.372008
0.233048
0.767285
0.717673
-0.257871
-0.541675
-0.530224
-0.254194
0.0989432
-0.928697
-0.277671
0.0481795
1.01629
0.983027
-0.0284024
0.221661
-1.27414
0.260412
-0.101806
0.0183583
0.633147
-0.138465
0.605391
-1.20514
-1.01291
-0.330852
-0.299106
0.0613056
0.00874751
-0.0286602
-0.667449
-0.299098
0.814793
0.317081
0.134755
-0.0954833
-0.242372
0.400923
-0.389541
-0.200077
-0.666714
-0.913938
0.268482
-0.0710151
0.0695851
-0.18132
0.298105
-0.550375
-0.687653
0.642375
0.621591
-0.0926835
-0.0284291
-0.587833
-0.219083
0.142994
1.03644
0.237255
-0.269618
-0.570747
-0.780329
-0.0917338
1.04021
-0.794825
-0.0468101
-0.0654767
-1.51091
0.226767
0.13456
-1.07508
1.04833
-0.700665
0.500032
-0.707388
-0.711346
0.0162028
0.683163
0.110013
-0.585148
-0.569599
0.59893
0.559076
0.0306911
0.0489824
-0.501021
-0.435234
1.25219
0.0767158
0.463644
0.0349046
1.36863
-0.074616
-0.0229147
-0.451815
-0.870836
1.42806
1.0265
0.373133
-0.129431
-0.207434
-0.0177915
0.566608
-0.801573
-0.518576
0.151027
0.543961
-0.340629
0.154918
0.374852
1.00882
-0.413975
-0.336235
-0.608238
0.731929
0.773474
0.416015
-0.092866
0.144177
0.587409
-0.0796666
-0.627567
-0.512131
0.562937
-0.829257
-0.733644
-0.269476
-0.976163
-0.442517
-0.743431
0.132932
0.54172
0.153854
-0.485804
0.0384321
-0.867721
-0.0653942
-0.446763
-0.00984515
0.0134152
-0.448334
1.09916
-0.41051
-0.172755
-0.496239
-0.571515
0.835012
-0.127214
-0.292563
-0.413031
-0.184676
-1.30082
-0.309021
0.113186
0.137813
-1.06211
-0.456148
-0.577761
1.13502
-0.145791
-0.326065
0.0892052
0.170962
0.486259
-0.530844
-0.335656
-0.359374
0.179812
0.873035
-0.504526
0.983596
0.751741
-1.05428
0.0553887
0.241628
-0.75815
-0.263555
-0.43352
1.33054
0.91615
0.114948
-0.33599
0.0473819
1.80584
0.0328575
-0.870849
-0.351578
0.196872
-0.980068
0.978927
-0.0955541
0.52547
-0.0922063
-0.497515
0.614758
-0.488136
0.0109849
0.482082
-0.341437
-0.5161
0.539151
-0.239256
0.274067
-0.264104
-1.49766
0.10962
-0.0358085
0.172795
-0.101457
-0.310023
0.783413
-0.446548
-0.429049
0.0115311
0.215071
0.220836
0.365499
-0.768189
0.717985
0.562065
0.152327
0.309336
0.574217
-0.0269326
-0.308763
-0.834115
-0.309021
0.557543
-0.0927895
-0.593953
-0.103212
0.557706
-0.431058
0.0807522
0.592118
0.425961
0.385777
0.383587
-0.346315
-0.243341
-0.840437
0.316414
0.0313254
-0.26947
0.217612
0.309209
0.0374782
1.35825
-0.352702
0.335882
-0.0036649
-0.977924
1.03807
1.00736
-0.48952
-0.425545
-0.309082
0.673978
-0.276707
-0.578759
-0.653925
1.20795
-0.568691
0.105922
0.283155
-0.0307951
0.798707
-0.0113112
0.120471
-1.17005
-0.520757
-0.697916
1.14552
0.350992
-0.620357
0.324022
-0.836753
0.51434
0.18085
0.00804406
0.0383466
0.5677
0.0558932
0.567972
-1.45466
0.313617
0.239763
0.0980801
0.631832
0.210283
0.186563
-0.413882
-0.539446
0.126436
-0.157739
0.229097
-0.327092
-0.19343
-0.18271
-0.523383
-0.265787
-0.558504
0.843229
-0.898865
0.690646
0.690232
0.512077
0.0267432
-0.00582429
-1.38568
0.496582
0.577697
-0.268408
-0.456268
0.217086
0.620205
-0.600541
0.275541
0.306296
-0.245478
-0.046111
0.23348
-0.591235
0.253449
0.187941
1.38712
0.600112
0.787434
0.102447
-0.197416
0.252321
0.732615
0.83801
-0.0857174
0.561987
-0.583194
-0.959313
-0.395333
-0.344846
0.569204
0.669296
-0.0215767
-0.717519
0.601737
-0.277075
1.01736
-1.01048
-0.617414
0.397951
0.112879
-0.139463
0.347758
-1.25093
-0.428292
0.432778
0.371725
-0.249749
-0.0697078
-1.21866
0.801608
-0.381611
0.120419
-0.068308
0.407075
0.378863
-0.00576617
-0.233686
-1.08549
-0.166439
-0.473946
0.642403
-0.629452
0.120749
-0.783955
-0.117815
0.333043
0.840766
-1.31022
-0.200432
-0.687946
-0.0116862
1.17382
0.239923
-0.0748961
0.255475
-0.087349
-0.524273
-0.0644308
-0.0557214
-0.431957
0.846214
-1.44909
0.570722
-0.520857
-0.469538
0.00489328
0.353712
-0.268384
0.20482
0.544928
0.760196
0.560951
-0.697003
0.680892
-0.677192
-0.566182
0.18526
-0.728669
0.759295
0.720512
0.274085
0.771238
0.227211
1.33398
-0.0545769
-0.207635
-0.385564
0.0847358
0.884788
-0.124704
0.133344
-0.178715
-0.326203
0.160417
0.945408
0.0933694
-0.487396
0.669295
-0.35599
0.327105
-0.170246
0.504954
0.275205
0.0398631
-0.238797
-0.586691
0.565375
0.0610979
0.478703
0.0448835
0.0726406
0.362879
0.157337
-0.31053
1.35012
0.373207
0.276763
-0.229678
-0.626105
-0.119407
0.0491481
0.813519
0.335834
0.554026
-0.0943041
0.255474
-0.607374
-0.642323
-0.365713
-0.783734
0.265121
-0.399949
0.0498739
-0.304257
-0.805076
-0.698071
-1.26656
0.228157
0.958509
-0.303333
0.690613
0.809793
-0.454242
0.471608
0.307211
1.07457
0.484734
0.725184
0.431862
0.286137
-0.848282
0.522226
0.370408
-0.624004
0.081794
0.0277759
-0.272902
-0.0810658
1.56059
-0.0921428
1.25747
0.054591
0.212485
0.0628973
-0.612004
-0.561138
-0.692485
-0.519148
-0.444763
0.444344
-0.183749
-0.738689
-0.788989
0.658266
0.0613936
0.140768
-0.404986
1.14404
-0.595078
-0.259159
-0.27569
0.931306
-0.0182132
0.904395
-0.91461
0.619961
0.438497
0.90735
-0.210929
0.0535168
-0.300223
-0.623748
-0.988065
1.11725
0.533089
0.396239
-0.0922576
0.316834
-0.135166
-0.17595
-0.55548
-0.159809
0.367315
-0.232936
0.302194
0.477377
-0.0161427
0.366537
-0.340407
0.0275519
0.529385
-0.233448
0.279221
-0.0881372
-0.90025
-0.218276
-0.155057
1.0282
-0.967738
0.774334
0.284755
-0.956446
0.479276
0.0790381
0.0850127
-0.620347
0.446436
-0.0412523
0.00196935
-0.834083
-0.210003
0.362535
0.0187997
0.367576
-0.913585
-0.500802
0.0618627
0.63425
0.0545534
0.390089
0.632307
-0.123743
0.407403
0.494997
-0.182194
-0.335364
0.712389
0.0484816
1.23746
-0.344281
-0.972738
0.277907
0.726991
-0.127485
-0.398857
-0.679358
-0.2856
0.07762
-0.750417
-0.387162
0.805336
-0.753084
0.414245
-0.262433
0.24839
0.64522
0.211254
-0.79219
-0.372238
1.25466
-0.450161
1.20089
0.717587
0.70479
0.550632
0.125915
0.360658
-0.533488
-0.165635
-0.0644036
0.697567
0.852125
0.2489
0.823245
1.50813
-0.00112474
0.119959
-0.0672306
-0.3077
0.482487
0.634856
0.0158017
-0.618479
0.507673
0.44267
-0.0818384
-0.0874764
0.0282582
0.773903
0.40692
0.790714
-0.53143
0.0329727
-0.225316
-1.08828
-0.054127
-0.961956
0.476528
-0.193129
-1.3483
0.124397
0.0614584
-0.0256798
1.17894
-0.163758
-0.332066
-0.141729
-0.412008
0.34259
1.36815
-1.2893
0.697645
-0.632948
0.175372
0.185197
-0.434862
0.362072
-0.717065
0.821332
0.204699
0.566414
0.0200687
-0.92622
0.350005
1.63158
0.47813
0.185317
0.79711
-0.141563
-0.162258
-0.05958
0.0173547
0.02341
-0.256323
-0.169105
-0.676037
0.102636
-0.549118
0.561811
0.207434
-0.649403
0.32563
0.122871
0.336943
0.399103
-0.312152
-0.888525
-0.231374
-0.852953
0.0251124
0.307918
0.26725
0.387264
-0.124327
0.836443
-0.184245
-0.227418
-0.180567
0.197362
0.427569
0.470467
-0.420718
0.00705192
-0.413683
-0.142016
0.447896
1.4293
0.171296
-0.1974
-0.628476
1.2354
0.544645
-0.198387
-0.354584
1.07246
0.755819
-0.232563
-0.817975
-1.31293
-0.0748682
-0.0346019
0.256218
-0.295874
0.770947
-0.414398
-0.141686
-0.0118451
0.35799
-0.519572
-0.505035
-0.583764
0.482226
0.684239
-0.21953
1.33965
-0.328432
-0.364963
-0.440322
0.501032
0.145543
0.423604
0.470639
-0.414001
-1.21899
-0.224987
-0.178708
-0.712649
0.0102184
-1.00317
0.0109893
0.62027
0.667017
0.480508
-0.605373
-0.0361077
-1.12371
-0.120831
-0.116255
0.842383
-0.754927
0.87582
-0.684294
0.0504179
0.330791
1.31766
-1.26139
-1.20952
0.656518
-0.261875
0.0361717
-0.229493
-0.180905
0.484421
0.992729
-0.0811574
0.0626246
0.937076
0.273294
-0.0758272
0.665849
0.131675
0.026005
-0.509102
-0.0172606
-0.072989
0.624524
-0.175129
-0.447551
-0.412856
1.16133
-0.320162
0.11926
-0.989035
1.5692
-0.33209
-0.332344
-0.419363
-0.772639
1.04231
0.26859
0.044769
-0.269593
0.316683
-0.0206761
-0.966413
0.0293769
-0.146019
-0.503657
0.555073
-0.420919
0.757451
0.750469
0.86837
0.734263
-0.161847
0.475058
1.15982
-0.745813
0.274946
0.159881
-0.139698
0.561561
0.286723
0.25382
-0.246811
1.08356
0.251673
-0.605088
-0.00425988
0.3833
0.613841
0.0066188
-0.319437
0.303323
0.936162
-0.449942
-0.12177
-0.681074
-0.305112
-0.0113749
-0.628967
0.951657
0.617482
-0.0638908
-0.100613
0.0570368
-0.305882
-0.355833
0.00336267
-0.201775
1.14886
-0.810992
-0.434311
-0.107254
-0.761971
0.427103
-0.0970008
0.221263
-0.244267
0.206838
0.421252
0.0331855
-0.451205
0.974768
-0.432268
0.22453
-0.0975267
-0.464131
-0.929456
0.12072
1.24536
-1.205
-1.09781
-0.218914
0.062214
-0.227826
0.197016
0.124698
0.605857
-0.563173
-0.246877
-1.14049
-1.30421
0.0229813
0.327206
0.814326
1.36028
-0.0295059
1.28939
0.327352
-0.02248
0.342083
0.678066
0.212611
-1.14603
-0.50692
0.705986
0.515197
-0.380845
-0.778584
0.138845
0.749248
1.2655
-0.162174
-0.0011475
0.495682
-0.00456916
0.29241
0.432238
-0.451574
-0.140407
0.442748
-0.396179
-0.144375
0.472904
0.609444
0.857066
-0.864071
-1.21559
-0.0755502
0.150997
-0.251615
0.227912
0.130362
0.304961
1.52862
1.06763
-0.411875
-0.581271
0.528408
-0.158481
0.108157
0.87244
0.0618608
-0.282855
-0.713028
0.588724
-0.0707198
-0.405978
-0.897468
-0.816161
-0.0742627
-0.645014
1.3086
-0.10001
1.34208
-0.55302
-0.714629
0.563481
0.789808
-0.0523578
-0.219851
0.129441
-0.613189
-0.465941
-0.791842
0.2548
0.776032
0.153133
0.346789
-0.61947
-0.146583
-1.25751
0.125134
-0.445498
-0.238309
0.434825
0.407216
-0.156856
0.20717
0.893836
0.0954853
0.316352
-0.230811
-0.625452
0.506354
-0.356072
0.748581
0.681077
0.0519742
-0.526947
-0.0409901
-1.27919
-1.47706
-0.160834
-0.336595
-0.479637
0.174361
0.290247
0.51973
-1.12606
0.274694
0.833373
0.193582
0.494131
1.39683
0.89784
0.12878
-0.0377736
0.752661
0.184392
0.764318
-0.0318507
-0.125553
0.379474
-0.0743091
-0.73251
-0.129381
-0.286475
0.559678
0.128618
0.0568036
0.0302907
0.429281
-0.286206
-0.131371
0.589972
0.47473
-0.454238
0.0301484
-0.0698758
0.198798
0.040281
-0.662121
-0.809538
0.550697
0.932967
0.271884
0.473341
0.353105
-1.27138
0.414698
0.0360007
-0.541152
-0.257997
-1.11865
-1.0834
-0.533679
-0.386273
-0.981577
-0.0285811
-0.884217
-0.072166
-0.615277
0.258912
0.657616
-0.18082
0.320924
0.472752
1.61335
0.462158
0.378248
-0.812517
0.17587
-0.0132799
-0.778881
-0.618777
0.0827269
0.941256
-0.133817
-0.0685995
-0.146045
-0.298627
-0.221438
0.159663
-0.645125
-0.158171
0.197872
-0.255369
-0.296287
0.74784
0.281117
0.296705
0.217109
-0.223423
-0.313125
-0.0745573
0.366244
0.0727482
-0.0337794
0.407312
0.51863
0.577792
-0.617048
0.029884
-0.986356
0.343467
-0.342669
-0.129152
0.116916
-0.472115
-0.0110917
-0.473446
0.565494
0.371221
-0.242522
-0.0853867
0.696017
-0.618734
0.360497
0.445972
0.46789
1.36026
-0.0310335
-0.331988
0.0938198
-0.340949
-0.255616
-0.404165
0.978468
-0.568062
-0.295631
0.432306
1.19525
-0.790175
-0.0431754
0.201374
-0.332903
-0.559068
0.516879
0.32387
0.711263
0.868317
-0.173378
0.00968681
-0.512264
-0.00334285
-0.00129707
0.367281
-0.145821
0.059332
-0.0323621
1.39657
-0.592496
-0.260522
0.175014
-0.916474
0.412178
0.732598
0.388801
0.73362
0.196938
0.676376
-0.281194
0.136436
0.629392
-0.000537131
-0.222371
0.0814861
0.509708
-0.386182
0.512954
-0.191439
0.157435
0.154163
0.0542623
-0.417755
-0.881634
-0.585046
-0.148741
-0.491299
0.653659
0.576901
0.315514
0.722055
0.647303
-0.0637742
0.571741
-0.601148
-0.86251
-0.131045
-0.794737
0.270435
-0.188524
0.20428
0.626754
-0.233331
-0.159864
0.483411
-0.559111
-0.0110976
-0.52882
0.492674
-0.562508
-0.155197
-1.33267
0.214272
-0.150739
0.326408
-0.0793416
0.102293
0.372505
-0.632834
0.291709
0.391957
-0.38063
-0.0148792
1.17022
1.10651
-0.00677423
0.667874
-0.143395
-1.77716
-0.885469
-0.474021
0.52193
1.36539
0.522414
-0.866296
-1.70934
-1.26743
0.249509
0.407389
0.192097
-0.276662
-0.795514
-0.451985
1.5146
0.229841
1.67571
0.567038
-0.677074
-0.419506
-0.311939
0.863267
0.260991
-0.339859
-0.505249
0.75958
0.524853
0.227169
-0.069287
0.256108
-0.0558523
0.284786
0.763398
0.319702
0.451357
0.624525
0.826324
-0.254121
-0.323801
-0.695233
0.0231811
0.00511683
-0.435873
-0.0428332
-0.477473
-0.110241
-0.0447934
-0.00876935
0.0791477
-0.469891
0.0569614
0.687937
-0.188438
-0.257881
-0.108976
1.10631
0.991036
-0.567859
0.198776
0.418203
0.100778
-0.323704
0.0873054
0.0268661
0.765772
0.130852
0.782606
-0.750556
-0.64368
1.20994
-0.0853765
0.173815
-1.08192
-0.477238
-0.686248
-0.0241071
1.18807
0.878853
-0.641454
0.565533
0.100354
-0.386622
0.110265
0.186989
-0.498422
-0.0412654
-0.524128
-0.980852
0.245398
0.260669
0.266173
-0.13488
0.0958932
-0.14594
-0.655165
0.442166
-0.0559884
-0.257711
-0.156314
-0.219233
0.168251
-0.102341
0.155998
1.04792
0.439862
-0.710802
0.456187
-0.920701
-0.678083
0.0521571
-0.0811332
0.651109
0.527314
-1.22577
0.263961
-0.00115185
-0.174005
-0.408414
-0.487739
-0.863789
0.000162853
-1.03657
0.182893
-0.318904
-0.591977
-0.170125
-0.327161
0.32266
-0.430905
0.353051
-1.39586
0.410975
-0.313336
-0.00172619
-0.410909
-0.370096
0.527644
0.654522
-0.387452
-0.161136
-0.521292
0.219077
0.424232
0.147221
1.10986
-0.0814875
-0.331187
-0.796198
-0.893586
0.799912
0.460889
-0.400306
-0.411151
0.297705
0.0779529
0.6725
-0.945344
-0.810222
-0.543591
0.0889571
-0.0525809
-0.654397
-0.0632445
-0.416364
0.485337
0.113998
0.912595
-0.560726
0.905512
0.258043
0.45996
0.30436
-0.232644
0.278579
-1.15581
-0.62046
0.416435
0.00783971
-0.578597
0.33217
0.236202
-1.1127
-0.913521
0.542725
0.0658039
0.291725
0.0209565
-0.334784
-0.316224
-0.0729002
-1.38241
-0.724405
0.442966
0.9143
0.207314
-0.238163
-0.220322
-0.164944
0.147115
-0.722441
-0.372731
0.836704
0.508305
1.07931
-0.427191
0.801762
-0.130983
-0.201438
0.444023
-0.997415
-0.210702
0.988448
0.366059
0.30657
0.106511
0.397185
-0.0927252
-0.145736
-0.556557
-0.577637
-0.950106
-0.534499
1.42824
1.12501
0.366003
-0.252121
-0.0138596
0.353493
0.270438
0.433967
0.58481
0.252656
-0.366399
0.859846
0.537666
0.000643277
0.132994
0.496321
-0.634556
0.512641
1.22497
0.327375
0.0276124
0.936582
0.742782
0.466582
0.205612
0.309164
-1.0235
-1.01923
-0.197107
-0.512684
-0.469409
0.571493
0.691843
-0.778665
0.481917
-0.105989
0.00609456
-1.08222
-0.0031647
-0.380615
0.59494
-1.08373
0.973624
0.297335
0.705875
-0.993498
0.173789
-0.0331081
-0.151398
0.111576
-0.164184
-0.253527
0.0989884
-0.249156
0.683556
0.829832
-0.159626
0.213099
-0.875381
0.767922
0.454533
0.255286
0.224931
-0.92664
0.0194555
-0.399633
0.130398
-0.366359
-0.692168
-0.313135
0.247812
-0.509139
0.00701278
-0.142674
-0.160332
-0.337582
0.512895
1.10393
-0.569276
-0.482412
0.418445
-0.223097
-0.602833
1.36036
0.117077
-0.503223
0.318439
-0.219937
-1.08885
-0.311317
0.0882976
0.379639
-0.644775
0.580413
-0.515136
0.336543
-0.273656
0.0767716
-0.43761
0.55697
0.335851
1.47508
-0.908994
0.040007
-0.795082
0.12302
-0.797568
-0.68098
0.73745
-0.205978
0.850942
-0.736836
-0.447962
0.63658
0.439239
0.740168
0.765631
-0.340235
-1.09959
0.332661
0.876973
0.12796
-0.241757
-1.20943
-0.644813
-0.733772
-0.871982
0.030458
-0.102646
0.336235
-0.560376
0.0552925
0.777123
-0.366462
-0.0650528
-0.638812
0.535351
-0.0906365
0.0623015
-0.112987
0.319701
0.405182
0.752562
-0.0676463
-0.363428
-0.0440455
-0.014071
1.46995
-0.665787
-0.0145185
0.411712
-0.623631
-0.0281622
-0.712115
-0.668753
-0.417196
0.259328
-0.00751367
0.165871
0.120527
-1.02323
0.0937809
-0.655222
0.433737
-0.666416
0.840742
-0.379628
-0.125757
0.370211
0.0668475
-0.640783
-0.799903
0.407221
0.917117
-0.350752
-0.434589
-1.27688
1.40503
-0.168675
0.388378
1.11057
0.161836
-0.182391
0.148068
-0.0166528
0.809249
0.860538
0.200906
0.194078
0.283083
0.264295
0.286444
1.05183
0.290576
0.202865
-0.32934
0.197295
0.377723
-0.60821
0.36242
-0.543638
-0.318403
0.527658
-0.685683
-0.889297
1.61024
-0.0266276
-0.190697
1.09384
0.521787
-0.273742
0.307594
-0.687548
0.199966
-0.0833918
-0.21136
0.664401
0.480897
0.374155
-1.04528
-0.478562
-0.532097
-0.330255
0.665458
-0.355676
0.638371
0.45591
-0.31115
-1.10418
0.178828
0.334929
-0.798185
0.16165
1.31518
0.0316417
0.428865
-0.306126
0.59697
0.251736
-1.63115
-0.45874
-1.21896
0.239219
0.461194
-0.391081
0.00983245
0.163607
-0.741133
0.156204
-0.0201024
0.293776
0.105547
-0.186558
-0.335452
0.596118
0.838513
-0.214905
-0.34205
1.13404
0.228052
0.295564
-0.229885
0.0359933
-0.0146038
0.186657
0.757535
0.285497
0.850212
-0.330531
0.0665508
-0.0364162
-0.0833265
-1.19112
0.632453
-0.0646862
-0.0387279
-0.63384
-0.83804
-0.477891
-0.0554766
-0.388769
-0.822545
-0.0361641
0.40517
-0.61208
0.590359
-0.493533
0.625314
0.341484
0.550629
0.190775
0.748789
-0.00102197
-0.247917
0.205368
0.379779
-0.731816
0.325585
0.249387
0.299062
-0.326213
0.146949
0.68647
0.135143
0.0824179
-0.505307
1.02228
0.35702
0.059396
0.353351
-0.538272
-0.357391
0.21861
-0.0604104
-0.781153
1.08531
-0.312424
0.0991095
1.256
-0.548962
0.768418
-0.382896
0.450597
-0.540891
-0.360908
0.283867
1.03204
0.502312
0.525901
-0.469313
0.178689
-0.60477
-0.0284851
-0.602958
-0.621011
-0.0979207
0.602149
1.05066
0.362886
0.251923
-0.722989
0.234535
0.501513
0.588173
0.0638462
-0.731898
0.180172
0.0965686
-1.6067
0.373394
-1.21653
-0.0165608
0.0751081
-0.571559
0.385419
0.211143
0.619221
-0.304723
0.198632
-0.340714
-1.10963
0.307283
-0.243289
-0.295709
0.360315
0.120285
-0.727431
1.44003
0.72694
1.59143
0.116872
-0.436078
0.304197
-1.00764
-0.0256801
0.648088
0.144442
-0.397712
-0.739507
0.59166
-0.0751872
-0.73392
-0.253703
0.43416
0.654936
0.0720047
0.175593
0.0787475
-0.158914
0.909978
0.00466725
-0.272268
-0.510432
0.0657056
-0.849234
-0.0232511
0.243399
1.58959
-0.314221
0.396903
0.000435284
0.912207
0.309741
0.680383
-0.684577
-0.758817
-0.518004
0.540979
-0.325189
-0.339846
0.971797
1.11857
0.414397
-0.103453
-0.821695
1.51537
-0.834078
-0.65824
1.20461
-0.0729833
-0.441642
-0.254304
-0.141175
0.557717
0.582903
-0.597196
-0.577793
-0.0600246
-0.154466
-0.228738
0.700385
-0.799473
-1.29816
0.463329
0.159718
-0.408704
0.409398
-1.70709
0.534308
0.300253
0.126276
0.227948
-0.690887
0.504154
0.280137
0.461434
0.274303
-0.260142
1.12345
-0.762122
-0.624316
0.293756
0.36202
0.886514
0.0302406
0.116886
-1.09469
-0.698968
0.0553959
-0.111217
1.45508
0.0548587
0.277469
-0.549831
0.272484
-0.640506
-0.102885
0.790967
0.28798
1.27872
0.116429
0.157481
0.480252
0.976333
0.815971
-0.0632705
-1.00416
0.239465
-0.522736
1.02381
-0.0552365
1.19096
-0.0952503
0.0328396
-0.0055441
0.145479
-0.429267
0.459236
0.852773
-0.198576
0.0256414
0.308311
-1.01312
0.191542
0.287769
-0.585754
-1.21662
-0.0324481
-0.728858
-0.768639
-0.103001
0.831799
0.169679
1.0379
-0.0508968
-0.297687
-1.20331
-0.0858624
-0.323255
-0.241911
-0.530312
0.182691
0.50367
0.150659
-0.927531
-0.491275
0.475907
0.0710818
0.623024
-0.393262
0.642775
-0.0100204
-0.446193
0.0824059
-0.266605
0.447055
-0.914855
0.401068
-0.0482684
-0.371126
-0.243526
0.301707
-0.00124162
0.745494
-0.671769
-1.1059
-0.23131
0.0302954
-0.20897
1.40091
-0.47381
-0.884135
0.124361
-0.791236
0.178314
-0.317358
0.356107
-0.137833
-0.232583
0.36957
0.667084
0.458364
-0.444477
0.325647
-0.552333
-0.0766642
-0.330141
0.101512
0.0908357
0.570146
0.376727
0.80107
0.120985
0.152233
-0.534382
0.46317
0.655336
0.00127511
-0.211096
-0.344679
0.153645
-0.300496
0.519233
0.835046
-0.550523
1.24771
-0.802259
-0.0927302
0.758916
-0.0583272
-0.794059
0.539875
-0.314301
0.985163
0.351517
-0.337392
-0.490025
0.212461
-0.627237
-0.0481413
0.607014
1.71454
-0.854316
0.0468577
-0.150807
-0.125388
1.43664
0.343118
-1.00283
-0.524596
0.11534
0.157668
-0.689912
0.431397
0.241066
-0.766353
0.226587
1.04738
-0.161436
-0.47879
-1.49343
0.00707343
0.0715082
0.613659
-0.533462
0.209547
-0.0612027
0.31513
0.216654
0.535409
-0.472745
0.504541
-0.0154381
1.54235
0.151692
-0.340204
-0.478831
0.513614
1.44099
-0.884502
-1.599
0.467356
-0.181246
0.250545
-0.459598
-0.0384338
0.694882
-0.093369
0.474068
-0.330164
-0.314035
-0.551188
-0.283316
-0.650549
-0.808031
-1.17253
0.44985
-1.31584
0.898403
0.545795
0.240038
-0.0663114
-0.746554
0.218383
0.256829
0.11044
-0.193852
0.204925
0.060103
-0.507807
-0.453793
0.357918
0.0136307
-0.157804
0.648882
-0.440745
0.964079
0.194392
0.299127
0.278961
0.0598334
-0.754985
0.947365
0.689449
0.0281899
-0.333141
-0.566506
0.059294
-0.464944
0.48692
0.892205
-0.281444
-0.095751
0.271855
-0.034152
0.00227702
-0.536882
-0.540173
0.866412
0.0533974
-0.19464
-0.85267
0.156904
-1.09119
-0.369651
-0.441766
0.0545894
-0.619358
-0.919886
-0.659908
-0.130978
0.308
0.133861
0.69867
-0.951696
-1.12155
-0.0515799
-0.0970335
-0.711236
-0.770759
0.104083
0.888431
-1.19201
-1.15818
-0.888398
0.453926
0.340716
-0.180245
0.286943
-0.0827372
-0.19816
-0.306395
0.198933
-0.00965299
0.448782
-0.267786
-0.584327
0.299383
-1.14691
-0.951372
-0.633152
0.150488
-0.383249
-1.32182
0.122022
0.652828
0.0277965
-0.43308
-0.243546
0.909986
1.02701
-0.192964
-0.162454
-0.896287
0.0698919
-0.067524
0.261177
-0.586957
-0.103752
0.368388
-0.0429333
0.217084
-0.56529
-0.382243
0.609386
1.13791
-0.0662512
0.919577
0.0931706
0.290612
0.419579
-0.654921
-0.111367
-0.20111
0.361604
0.623654
0.460213
0.135687
0.332766
0.200787
0.678622
0.908002
0.720875
-0.180257
-0.0722223
0.645294
0.677471
0.790265
-0.912487
-0.477873
0.253311
0.0113934
0.0906141
0.273547
-0.860698
0.071407
-0.638818
0.135545
0.352071
-0.789717
-1.07649
-0.991383
0.155979
-0.171051
-0.411372
0.481998
0.206098
0.208454
-0.706629
0.875726
-0.233597
0.816233
-0.108488
0.112257
-0.781181
-0.494163
-0.418147
0.0574757
-0.6298
1.00093
-0.181643
-0.270144
-0.0925159
-1.13949
0.0338985
0.327576
-0.534956
0.00228528
-0.216358
0.845118
0.342458
-0.699624
0.442159
0.171034
-0.16716
0.657237
0.0318316
-0.0216743
0.100252
0.300334
-0.993041
0.394608
0.44166
0.0447483
0.893848
-0.0484778
0.467512
0.0698822
0.177366
0.363096
-0.369869
-0.281384
-0.646057
0.789831
-0.0419096
-0.311306
-0.755516
0.278403
-0.448646
0.462756
-0.0908168
0.486108
-0.340717
0.331572
0.276566
-0.314082
-0.157988
0.0329056
0.497247
-0.275888
-0.608519
0.298442
0.108516
0.0398142
0.627812
0.406503
-0.0287722
-0.479961
-0.42313
0.608128
0.111368
0.408595
0.15896
-1.27903
0.0492077
0.149766
-0.815405
-1.31138
0.520427
0.353484
-0.182764
-1.33564
0.52997
0.523363
1.01299
0.0971789
-1.01844
0.0435596
0.487037
-0.658862
0.871404
0.958289
0.436839
-0.85304
-0.133046
-0.88621
-0.490439
-0.796062
0.0854698
-0.837338
-0.192754
0.548375
-0.347323
0.161587
-0.165819
0.581906
-0.415553
1.02496
0.757597
0.498065
0.252924
-0.228692
0.816637
0.0812047
1.30744
-0.204773
0.0178995
-0.211594
1.06948
-0.401086
0.690514
-0.168282
0.118219
-0.205867
-0.601738
0.0636892
0.327997
-0.18318
0.568806
-1.13061
-0.29997
0.579741
-0.631814
0.911482
-0.423007
-0.662713
-0.269284
0.0870756
0.865381
0.442786
-0.0449306
0.00705494
-0.623981
0.387501
-0.0134114
0.455943
-0.0179228
1.5955
0.243747
-0.566736
0.339686
0.690219
0.209067
1.09584
0.0852911
-0.106222
-1.01981
0.345337
-0.0264508
-0.238982
0.69902
-1.04382
-0.260294
0.314984
-0.570936
-0.00659255
-0.400803
-0.165408
-0.50063
-1.07078
0.553232
-0.150321
0.310988
0.439718
-0.29518
1.07644
-0.996368
0.0895748
0.197877
0.0727042
-0.504387
0.334293
0.536771
0.298509
0.0720419
0.834277
0.134324
-0.226813
0.514098
-0.586935
-0.1642
0.153002
-0.123527
-0.559141
-0.43391
-0.0316377
0.215675
-0.545943
-0.696987
0.172183
0.186198
0.246468
-1.13362
-0.312087
0.227786
-0.216458
0.529409
0.237065
-0.378661
1.10951
-0.441295
-0.489545
0.219373
-0.790163
0.783566
-0.510075
0.195682
0.13739
0.0199111
0.00414712
-0.292859
-1.08616
0.603855
0.108155
0.0171213
-0.497572
0.37618
0.175137
-0.697759
-0.116521
0.343647
-1.17741
-0.459056
0.622804
-0.548334
0.537968
-0.59675
-0.0585271
0.455351
-0.589864
-0.644729
0.827218
0.469232
1.50125
1.03249
-0.617779
0.979796
0.322713
-0.955042
-0.766707
-0.282334
-1.43293
1.98973
0.534799
1.46523
-0.155244
-0.698307
0.0838414
0.572828
-0.49693
1.35587
-0.221257
0.189871
-0.630523
-0.322832
-0.62183
0.721136
0.315174
-0.0235057
0.135287
-0.698694
0.646765
-0.162287
0.427886
-0.815351
-0.104122
-0.255581
0.356135
-0.593223
-0.227539
0.830976
0.194513
-0.548487
-0.0394375
0.0530766
-0.68787
0.0679489
-0.796139
0.453353
0.551238
-0.704306
-0.599
0.90519
-0.431592
-0.0676347
0.710676
-0.0907522
-0.0898951
-1.36441
-0.916115
-0.722943
0.23116
0.462819
-0.125458
-0.301158
-0.266203
0.301559
0.416242
0.350891
-0.205405
-0.140203
-0.18754
1.06327
1.02142
-0.625537
0.418835
0.34208
0.0320615
0.00928935
-0.192528
0.267695
-0.275828
-0.650332
0.0594061
0.502973
-1.40447
0.789393
0.068449
0.383962
-0.253219
-0.258611
0.168104
0.142226
0.045834
-1.16743
-0.348701
-1.8326
-0.0476821
0.662756
0.979225
0.232601
-0.897002
-0.662884
0.147244
-0.403391
0.12864
0.312571
-0.486449
0.307883
-1.49449
-0.0574918
-0.366595
-0.381278
0.908347
-0.831281
-0.859437
-0.230647
0.856491
0.167731
0.396971
0.547974
0.404488
0.654678
-0.122642
-0.879903
0.12861
-1.14151
0.32919
-0.914849
-0.950077
-0.531649
0.359188
0.184873
0.309287
0.464749
1.43729
-0.946911
-1.11557
0.985417
-1.10734
0.00282226
-0.142123
0.615891
-1.60085
-0.838902
0.59547
-0.27104
0.3788
0.718803
0.0269355
-0.336571
0.858146
0.199245
1.28759
-0.753132
-0.397543
0.211399
-0.414922
0.580506
-0.144657
0.0580702
-0.138031
-0.0336021
0.283449
0.155166
0.682312
-0.648502
-0.592912
-1.0458
0.532387
-0.0812974
-0.114059
0.364881
-0.561295
0.122603
-0.794228
0.683881
-0.546986
-0.287129
0.3058
0.746759
-0.0125967
0.277537
-0.318578
0.527354
0.0166179
-0.4496
0.223994
-0.496966
-0.129827
0.856226
-0.712619
0.354356
-0.370995
-0.24409
0.159145
-0.0188329
-0.159034
0.697705
-0.313793
-0.0685843
0.0441598
-0.0914154
0.641886
-0.274818
0.231937
-0.126863
-0.40815
0.528127
0.291106
0.161877
0.0455519
0.508219
0.0283424
-0.597466
-0.535255
-0.329719
-1.06559
0.314377
1.40808
-0.702769
1.31333
0.334253
0.416024
-0.0753095
-0.586438
0.209613
0.282406
0.276861
0.0656091
-0.388009
1.39321
0.131257
0.196889
0.754198
-0.777793
0.503803
0.860984
-0.421322
-0.980458
-0.900778
0.0791572
-0.52956
-0.338773
0.388913
-0.251331
0.065541
-0.205641
-0.100677
0.241615
0.0531443
-0.42991
-1.01379
-0.506502
0.355742
0.932987
0.82182
0.00503928
-0.255733
0.529267
-1.47904
-0.433998
-0.0287868
0.0488872
0.136782
0.597512
0.194802
0.259334
0.381689
-0.140958
-1.10595
1.17781
0.148993
0.0877334
-0.000931393
0.383544
-0.75976
0.340384
0.523583
-0.523671
1.37617
1.1937
-0.200536
0.0296884
0.210762
0.504179
-0.609913
0.4487
0.900696
-0.507858
-1.16624
0.146949
-0.293132
0.370248
-0.677684
0.0710132
-1.11393
0.385183
0.265524
0.746476
-0.796155
0.903878
-0.458079
-0.622457
-0.0982741
-0.71783
1.59877
-0.107008
-0.166744
-0.423935
-0.905528
-1.3445
-0.171405
0.991387
0.248717
0.398151
-0.0235876
-1.53293
0.792334
0.491506
0.40732
0.0578851
0.234759
-0.17215
-0.355715
0.246097
-0.145235
0.446866
-1.0303
0.0993521
1.02318
-0.00908766
0.570296
0.0492153
0.337845
0.541405
-1.45516
-0.418662
-0.155856
0.533476
-0.424346
0.175729
-0.307598
-0.229485
-0.0808901
0.180838
0.0230473
0.111955
-1.09004
-0.55785
0.53574
0.0745066
0.339956
-0.159796
0.413704
0.17605
-0.731858
-0.0555127
0.605855
-1.70575
-0.39497
-0.890039
-0.850506
-0.0189
0.290441
-0.66766
1.23035
-0.171423
0.811014
-0.180423
0.759964
-0.117614
-0.900415
-0.460336
0.182446
-0.911254
-0.287091
-1.3834
0.254697
-0.407973
0.847652
-0.287815
-0.354872
0.438812
0.248416
-0.374641
-0.0686134
0.172074
-0.433691
-0.192541
0.0957705
-0.776179
-0.182427
0.0886608
-0.704046
0.975006
-1.19148
0.82482
-0.21364
0.358884
0.2794
-0.0319119
0.526038
0.0100064
-0.781192
-1.25414
-0.448414
0.469113
-0.00578643
0.324971
0.649555
0.392718
-0.314471
-0.0565114
0.416403
-1.20666
0.432707
0.153211
0.419521
-0.193503
1.06559
-0.170013
1.12195
0.0348825
0.717795
-1.41969
-0.303571
-0.426754
1.05457
0.579783
0.243921
-0.262703
0.178981
0.388126
0.94669
-0.92332
0.30496
-0.400482
-1.17823
-0.216782
0.101851
-0.262722
-0.362904
0.337871
0.133932
-0.154896
0.203116
-0.119738
0.292845
-0.0156529
0.0253321
-0.397504
0.243238
-0.0205164
0.227575
0.39687
-0.056569
1.17539
-0.584788
0.155976
0.212254
-1.07422
0.044389
-0.580295
0.0147372
0.372808
-0.310179
-0.554513
0.992924
0.52681
-0.334556
0.15615
-0.198419
-0.0320292
0.362593
-0.120723
-0.669925
0.928424
0.379836
1.20603
0.15367
-0.794518
0.242761
1.66864
-0.0209543
-0.297331
0.291094
-0.510019
0.0894836
0.425947
-0.520318
0.383415
0.728527
0.245221
-0.952996
-0.1572
-0.605374
-0.679489
0.234993
-0.854512
0.659464
-1.00663
-1.37541
0.452683
-0.59504
0.833724
-0.348545
1.00327
-0.142959
-0.192835
0.732263
-0.176376
-0.521303
-0.0874504
-0.239924
-1.61215
-0.110998
0.34603
0.411327
0.577075
0.560168
0.892433
-0.460289
0.24749
-0.808945
0.432868
-0.486069
1.39667
0.0485653
-1.40881
0.61041
-0.187994
0.02449
0.338585
0.252959
-0.570028
-0.293569
-0.288375
0.399269
0.419536
-0.0251914
0.0812428
-0.856887
0.468431
0.342545
0.191322
-0.518758
-0.167157
0.386313
-0.214747
0.183164
-0.509593
0.116432
0.141086
-0.44881
-0.53645
0.717673
0.389957
-0.0936736
0.157383
0.0939483
0.329902
-0.83577
-0.803922
1.01988
-0.495854
0.270487
0.290836
0.147217
0.949092
-0.31001
0.308783
0.871927
-1.04405
-0.13043
-0.770839
0.00331706
0.516095
-0.851008
0.372317
0.438694
-0.0991088
0.212637
0.548272
0.783003
-0.0109521
0.464214
0.243149
-0.514136
1.16682
0.338481
-0.37678
0.679866
-0.446995
-0.131603
0.818564
0.120739
-0.717285
-0.483528
-0.253372
0.690217
0.212285
0.235524
-0.229806
-0.720209
0.445606
-0.267276
0.132836
0.12244
0.0821134
0.000891354
0.238379
0.273554
0.358054
-0.465938
-0.0220174
-0.347171
-0.176842
-0.148646
-1.32009
1.07782
-0.102385
0.621657
-0.212699
-0.0882488
-0.0312693
0.524277
1.0794
-0.247994
0.404101
-0.663299
-0.0340574
0.0468868
-0.483942
-0.230913
0.019089
0.057599
0.664618
-0.842081
-0.385515
-0.30276
0.30911
-0.285698
-0.968876
0.429063
-0.630077
-0.289077
0.103325
-0.0151121
0.309104
-0.419055
-0.35122
-0.0294343
-0.251399
1.10138
-1.42339
-0.0310893
0.542695
-0.526336
0.266862
1.19576
-0.760817
0.0777606
0.460687
0.331636
0.154901
-0.382268
-0.516912
0.660134
0.110375
0.75728
0.35322
-0.682384
-0.0421726
0.18746
1.73175
0.571921
0.711645
-1.45865
1.46648
-0.21755
1.11537
-0.227031
-0.471352
-1.16675
0.827901
-0.4055
0.177969
-0.736977
0.672663
-0.587694
-0.585654
0.017595
-0.432683
-0.162131
0.59236
-0.261935
0.21561
-1.50305
0.173568
-1.37234
0.0529991
-0.343636
0.267301
-0.76921
-0.613566
0.449045
-0.113676
-1.10889
-0.345175
-1.14974
-0.15032
0.727422
0.748089
0.832038
0.555185
-0.934496
0.273957
0.318547
1.08706
-0.561936
-0.254213
0.274524
-0.748289
1.01583
0.576219
0.494653
-0.439338
0.100922
0.537344
-1.29273
-0.279732
-0.763266
0.431163
0.0838612
-1.05735
-0.0896527
-0.248612
0.382496
-0.134365
-1.15577
-0.510608
-0.113991
-0.0290894
-1.06227
0.640682
-0.685288
-0.431546
-0.384871
-0.650728
0.567223
-0.279837
-0.291096
-0.454314
-0.861525
-0.29592
0.242361
0.0851508
0.0756031
-0.638264
-0.644515
-0.579645
0.216732
0.286689
-0.13667
-0.0225505
0.409229
-0.840389
-0.17806
1.37662
0.200541
0.07748
0.0241839
-0.313271
0.5437
-0.593762
0.811806
0.312875
-0.170869
0.165171
-0.667859
-0.176176
0.551291
0.369934
1.91137
-0.0848217
-0.131704
-0.262705
-0.909241
-0.00432913
0.353332
0.693734
1.02754
0.0631752
0.691687
0.859483
0.83891
-0.113749
0.649264
0.409457
0.846026
-0.636911
0.917357
-0.399132
-1.41253
-0.816544
0.290711
-0.207221
-0.448614
-0.238283
0.170267
-0.694693
0.443571
-0.73628
-0.27283
0.58725
-0.68184
-0.308275
-0.326735
0.609496
0.314372
1.38042
0.075332
0.103149
0.22123
0.0366672
0.80209
-0.386255
0.35031
0.115173
1.33853
0.00930184
0.381274
-0.12419
-0.68182
0.0233079
0.853708
-0.84132
0.061598
-0.438259
0.97778
0.259585
-0.0737047
0.0123773
0.515515
0.422281
0.454812
0.737678
0.845618
0.754304
-0.188714
0.256002
0.366757
0.440092
0.986604
1.39427
0.000688118
0.566715
-1.6486
-0.0332824
0.227831
0.269649
-0.559723
0.249592
-0.919178
0.983048
-0.489064
-0.87455
0.283914
0.250961
0.734915
-1.31476
-1.25159
-0.959764
0.147209
0.129278
-0.14936
0.219394
0.086581
-0.268446
-0.320749
0.744278
-0.113272
0.535306
0.952764
-1.09467
-0.467539
1.28049
0.619733
-1.06459
-0.675025
-0.125763
0.0515073
-0.462355
-0.802476
-0.43452
0.555508
-0.220373
-0.0679014
0.679294
-0.342579
-0.24811
-0.0883579
0.145192
0.0173656
-0.21185
1.06684
-0.512986
0.698908
0.361589
-0.0635197
-0.0700681
-0.190145
-0.323557
0.652931
-0.648657
0.828697
0.282735
-0.312227
0.683843
-0.348761
0.123531
0.391481
-1.213
1.60842
0.911108
0.0986683
-0.836236
-0.65724
-0.403452
-0.474272
-0.72158
-0.157012
0.0785291
0.480729
-0.0181271
-0.542964
0.157521
-0.633804
0.763194
-1.0856
0.596378
-1.16448
-0.460098
-1.41013
0.342617
-1.02544
0.609136
-0.14481
1.03046
0.239852
-0.397392
-0.131938
-0.334403
-0.325533
-0.260352
0.548309
-0.440571
0.773419
0.525168
0.495198
-0.268739
-1.25163
0.125706
-0.317299
-0.624985
-0.0227073
-0.267473
-1.19906
0.0229955
-0.976915
0.832273
0.394937
0.267576
0.396614
0.0575319
0.377309
-1.23861
-1.11785
0.665447
0.242901
-1.31107
-0.12191
0.273962
-0.578611
0.231591
0.307336
-0.0226029
0.372311
0.0745602
0.204139
0.498378
-0.654658
-0.434898
0.00130662
-1.14268
0.196475
-0.428653
-0.68019
-0.701119
0.790553
-1.33904
-0.301325
-1.84616
0.183384
0.465821
-0.523377
-0.468874
0.670437
0.928078
-0.190465
0.371171
0.486421
-0.194257
0.454922
-0.8955
0.890421
-0.302153
-0.12937
-0.0672272
-0.664569
0.733489
0.0288738
-0.26898
-0.469653
0.0816133
-0.604034
0.574269
-0.112336
-0.34241
-0.629349
-0.133573
-0.0947307
0.363338
0.662198
-0.695053
-0.397227
0.631976
-0.773963
-1.0372
-0.00312424
-0.58229
-0.267608
0.151295
-0.253358
-0.653513
0.203988
-1.28067
0.71345
-0.834593
-1.272
-0.61248
0.514718
-0.219245
0.164154
-0.141945
0.845662
0.263606
-0.65975
-0.615129
0.550209
-0.297574
0.234203
0.705152
0.012968
-1.08089
1.03705
1.52366
0.218047
-0.0205645
0.284047
0.116605
-0.198069
0.0992491
0.151334
0.0243428
-0.976693
-0.475487
0.121527
-0.197725
0.502937
-0.355824
0.164274
-0.564242
-0.756559
-0.232907
0.921153
0.248844
0.214744
-0.840591
-0.0543553
0.17535
-0.436519
0.548894
0.233532
-1.27019
0.627936
-0.694306
0.993287
-0.319373
0.11962
-0.213726
0.945709
-0.497234
0.638873
0.446062
0.0475754
0.485837
0.804893
0.475377
-0.342821
0.482613
-0.451787
-0.00510463
-0.596143
-0.30951
0.434051
0.334121
-0.325244
0.49899
-1.08469
-0.338212
0.613984
0.457729
-0.259222
0.362171
-0.138374
-0.899658
0.275903
0.131842
0.371104
-0.344257
-0.256709
-0.153265
1.13415
0.656428
-0.190085
1.07415
-0.357791
0.735964
-0.264286
0.115344
0.20919
0.59693
0.289856
-0.546469
0.483127
0.535688
0.707034
-0.0184994
0.112258
-0.439609
0.194119
-0.0583796
-0.633543
-0.342401
0.109236
-1.11198
-0.367902
0.886711
0.145941
-0.270433
-0.748135
-0.0522669
-0.422013
0.202416
-0.420229
-0.187078
-0.617579
-1.71019
0.18301
-0.151404
-0.38765
-0.525526
-0.851763
-0.257285
0.148788
0.662039
0.695039
0.171324
-0.210099
0.255692
-0.275867
0.389432
-0.159475
-0.0511436
0.476267
0.555647
-0.742793
-0.146696
-0.540682
-1.30912
0.687737
1.29261
0.112717
1.39652
1.19469
0.302908
0.333204
-0.161913
0.58492
-0.78575
0.434387
0.855624
0.123902
0.780193
0.471618
-0.426455
-0.630839
0.00341647
-0.410717
-0.0956353
0.0207072
1.0175
-0.190067
-0.72318
-0.926975
0.262257
-0.448619
0.307111
-0.446362
-0.141261
-0.570278
0.647177
-0.767265
0.0741818
0.307695
-0.231852
0.0264742
0.643583
0.267485
-1.36751
-0.212866
-0.480222
0.341551
-0.662154
-0.19804
-0.67295
-0.808353
0.353168
0.00739892
-0.316566
0.862368
-0.180256
0.0440882
0.493563
0.0852935
0.428534
0.134773
-0.480036
0.293118
1.04678
0.472868
0.65108
-0.492468
-0.679232
0.535158
1.14987
0.285166
0.520581
0.184463
0.399823
-0.174003
0.909752
0.311967
0.39083
0.285415
-0.00808825
0.20758
-0.340006
1.00671
-0.364405
-0.183325
0.50686
0.589431
-0.0679862
0.186141
-0.153292
0.69216
0.0952786
0.471687
0.0869762
-0.0475124
0.139101
-0.0239267
-0.384612
-0.0172826
0.111757
-0.168202
0.0678003
-0.139115
0.192423
0.921968
-0.455935
-0.28736
0.411328
0.875654
0.282622
0.214377
0.479161
0.0545478
1.00094
0.475546
-0.176346
-0.327481
-0.263093
-0.560786
-0.3101
-0.442968
-0.0945415
0.464012
-0.304055
0.0496306
0.0526956
0.53377
0.148631
0.424571
0.442467
0.747461
1.15066
0.364063
0.116953
0.272567
-0.131218
0.32374
0.285325
-0.39838
1.18874
1.24159
0.884684
0.714852
0.368151
-0.462305
-0.482965
0.487743
1.08991
0.361926
-0.0632302
0.533202
0.256322
-0.0586317
0.996465
1.16524
0.704381
0.238879
-0.0322657
1.11044
-0.836899
0.535969
-0.737006
-0.322788
0.548602
-0.828765
-0.643857
0.449915
-0.558023
-0.724648
0.746732
-0.0609827
0.134102
-0.936102
0.598886
0.306436
0.186886
0.483336
-0.110454
-0.119696
-0.0653589
-0.919443
-0.317177
-0.352866
-0.465847
-0.19339
-0.669684
0.221136
-0.253859
0.123914
-0.496401
-0.786109
-0.971246
0.371977
-0.250304
-0.277839
0.0019498
0.662138
0.142959
-0.530612
0.619563
0.659314
-0.097488
-0.302528
-0.567939
-0.114492
1.03302
-0.728959
0.551215
-0.0476225
-0.000323748
-1.11212
-0.201127
0.102422
0.349133
-0.168428
-0.0751189
-0.322395
-0.553097
-0.0392792
0.243604
0.166826
0.159912
-0.0698797
0.685367
-0.434031
-0.196723
0.882809
-0.0143331
0.322153
0.835235
0.32048
0.753701
-1.00089
0.472696
-0.25703
-0.70535
-0.550641
-0.319075
-0.165372
-0.487615
0.51184
-0.728981
-0.582804
-0.528897
-0.263687
-0.387206
-0.207969
0.0794953
-0.957352
0.0906075
-0.811602
0.81648
-1.08258
0.315162
0.225911
-0.331597
-1.01002
-0.127224
-0.633204
0.340646
0.725256
0.0869892
0.233124
0.272627
0.122986
0.295921
0.108378
-0.113203
0.259344
-0.0505905
0.952524
-0.661189
0.418199
1.02263
0.0582425
1.47403
-0.087982
0.108711
0.240458
-0.108302
0.951474
-0.214597
-0.0824117
0.549823
1.1709
-1.16795
0.0572425
-0.0791292
-0.35753
0.598448
-0.632499
0.245463
-0.195052
-0.323011
0.807634
0.163778
1.14613
0.443159
-0.456136
-0.12013
0.82908
-0.103101
-0.678679
-1.15292
-0.266768
0.355987
-0.0535497
0.217127
0.99892
0.550046
0.398901
-0.352534
-0.569368
-0.0645913
0.533823
-0.960774
0.404386
0.678207
-0.153075
0.556991
-0.0545364
0.185731
0.88137
1.00369
-0.324504
0.641447
0.892526
1.27838
-0.0289634
-0.311072
-0.590602
-1.09318
1.23611
-0.092033
0.116301
0.103808
1.3172
-0.0784278
-0.58293
-0.433018
-0.851265
-0.65186
-0.418502
0.113345
0.936751
0.418179
-1.52144
0.348886
1.33613
0.304821
-0.273062
-0.627224
-0.705314
0.241801
0.716734
1.41838
-0.233045
0.190776
0.579822
-0.423354
-0.63525
0.209331
-0.31009
0.120947
-0.812612
0.479135
0.29315
-0.286035
0.499712
0.185662
0.397978
0.421342
0.157453
1.2362
-1.08375
0.519723
-0.484491
-0.139502
0.674329
-0.309422
0.148566
-0.571807
-0.30457
-0.0597498
0.420122
0.225898
0.14795
-0.720486
-0.360585
-0.0709459
-0.518131
0.858348
-0.836702
0.577556
-0.89406
0.592402
-0.522698
0.300382
0.0210999
-0.562994
0.0256728
-0.126154
0.0878228
0.193067
0.0940103
0.510153
0.206229
-0.00908023
-0.871577
-0.306093
0.422747
0.398598
-1.21316
0.301327
-0.298758
0.211069
-0.015762
0.515223
-0.466449
0.0542822
0.206894
0.113323
0.292654
-0.132215
-0.790346
0.338152
-0.475814
-0.530374
0.0813146
-0.00903259
0.159814
-0.0129379
-0.0887748
0.223041
0.587975
0.849963
-0.470511
-0.784549
-1.31156
0.749595
0.526007
0.318856
-0.195499
0.169578
0.528775
0.199933
-0.30911
-0.136358
0.456378
-0.400415
0.0621954
0.148621
0.741672
0.0361055
-1.26313
0.979513
-0.0717859
0.303805
0.537454
0.119063
-0.462988
-0.465517
0.683349
0.559923
-0.0103467
-0.680207
-0.488708
-0.195379
0.609885
-0.0207706
-0.140838
0.120779
1.10533
0.0550476
0.0307557
-0.337752
-0.0516993
0.411682
-1.13146
0.101984
-0.267999
-0.0530399
-0.213338
-0.767714
-0.213315
-0.367783
0.297141
-0.0708974
-0.764019
-0.343127
1.07255
0.269981
0.329802
0.2404
-0.177153
2.12739
-0.0302398
0.364304
-1.28159
0.258769
0.26375
-0.915456
0.047459
-0.301142
0.119723
-0.309472
-0.0894762
0.651484
-0.757476
0.142468
1.04724
-0.26101
0.647367
0.336161
-0.538673
0.0507586
-0.0909835
0.230648
0.365361
-0.198124
-0.273488
0.147444
0.404238
-0.322564
0.262288
0.160997
-1.11935
-0.0689797
0.57768
-0.836443
-0.415794
-0.158991
-0.480083
-0.238671
0.728248
-0.307495
0.355223
0.387002
0.751207
-1.03199
1.14993
-0.335483
0.121722
1.38265
-0.45164
-0.255883
1.10912
0.833925
-0.383805
0.371593
0.000771328
-0.190336
0.220045
-0.624607
-0.0169355
-0.672273
-0.927391
-0.766651
-0.264552
0.752852
0.511223
-0.34753
0.188367
1.35004
-0.476858
-1.12744
-0.409065
-0.50083
0.00975084
-0.225339
-0.179953
-0.472707
-0.415468
0.515692
-1.01664
-0.633757
1.17115
0.610004
1.60616
-0.108027
-0.74292
0.345929
0.273054
-0.644229
0.127473
-0.130452
0.473093
0.939407
-0.160454
-0.504795
-0.321385
-0.570033
-0.0841137
-0.660534
0.441194
-0.235655
-1.20621
0.412338
0.157934
0.21448
0.740966
-0.180464
-0.780879
-0.0272984
-0.291582
0.923505
0.122779
0.909964
0.165562
0.298448
1.39567
0.014229
0.399835
-0.209019
0.00819799
-0.323989
0.0107229
-0.766922
-1.34733
-0.902448
-0.689841
-0.680567
0.0170912
-0.800701
0.469985
0.222539
0.979547
-0.208359
-1.43852
-0.507611
-0.217433
-0.329003
0.877677
-0.655959
0.566816
-0.1321
0.845788
0.956944
-1.31749
0.560887
0.302009
0.214154
-0.235767
0.527172
0.211119
-0.268511
-0.106836
0.0660836
0.594841
1.21386
-0.113123
0.261517
0.28135
-0.255007
-0.658685
0.204894
-0.310129
-0.394421
-0.0890153
-0.392778
-0.0137432
-0.232304
0.348106
-1.02837
-0.622767
-0.637511
0.0467975
-0.750633
-0.769567
-0.760363
-0.0171852
0.0558239
-0.709623
-0.629696
-0.808268
0.13485
0.0518562
-0.462055
0.392084
0.0318641
0.120943
-0.49435
0.114056
-0.062606
0.901676
-0.786152
-0.0697639
0.695657
-0.483592
-0.476948
-0.118199
-0.448438
-0.657711
-0.857
1.14735
-0.87966
0.0481429
-0.977202
0.245564
0.735936
0.155406
1.77948
-0.0984021
0.0310105
-0.139409
-0.493669
0.426763
0.790152
-0.223708
0.095417
-0.0150838
-0.256132
0.522163
-0.376451
0.515328
-0.340705
-0.423866
-0.399368
-0.0743076
0.117904
0.71404
0.23377
-0.625206
0.762624
0.61321
0.278511
-0.130531
-0.0913504
-0.618311
-0.327144
0.716231
0.826192
-0.115625
0.529354
-0.153168
0.519443
0.630856
0.115097
-0.467886
0.561813
0.321445
-0.413062
-0.624706
0.982482
0.73346
0.676785
-0.39115
-0.0490355
-0.546843
-0.61499
-0.0386846
0.194238
-1.1888
-0.295871
-0.255536
-0.342774
-0.726871
0.139359
-0.816223
0.690804
0.281385
0.492788
0.237801
-0.697768
-0.623554
-0.139747
-0.0372881
-0.3651
0.122948
-0.358655
1.1386
-0.285971
-0.0434726
0.0199343
0.543799
-0.485851
-0.963467
-0.436297
0.0412999
-0.046515
1.18309
-0.467636
0.0670143
-0.259594
-0.620633
-0.247351
0.170836
-0.15351
-1.19117
-0.967975
0.579971
-0.129816
-0.324694
0.827249
0.0174784
0.165312
0.167304
-0.547286
0.703894
-0.802922
-1.93332
-1.06681
-0.790745
1.08563
0.11032
-0.825945
-0.922812
0.367683
0.88912
0.441561
0.241964
-0.369327
-0.292826
0.276448
0.726423
1.4694
-0.195299
0.909504
0.219718
-0.194696
0.30015
-1.04321
-0.408067
-0.80987
-0.656029
-0.231685
0.227742
-0.410056
0.366631
0.149111
0.298655
0.65518
0.328324
-0.204267
0.609612
0.706798
0.134892
-1.45004
-0.541966
0.422406
1.04295
0.429042
0.348687
-0.486993
-0.716292
-0.174749
-0.722035
-1.22241
0.274398
0.123897
-0.0765566
-0.176215
0.406339
0.761751
0.496005
-1.45359
-0.208598
0.762675
-0.0572225
0.253888
-0.89611
0.266889
0.784063
-0.420293
-0.0667922
-0.124934
0.524838
0.40628
0.367938
-1.56305
1.0737
-1.35394
0.373863
1.02589
-0.403934
-0.226694
0.808279
-0.0791349
-0.564192
-1.57546
-0.690257
-1.12236
-0.0115675
-0.42917
-0.4916
0.530945
-0.0339924
-0.563906
-0.0806493
0.697096
0.46879
-0.0798529
0.659013
-0.385644
0.20084
0.255903
0.162082
0.0458982
-0.335204
-0.296677
0.28018
-0.438565
-1.12071
-0.62487
0.446009
0.404565
-0.0708696
0.165145
0.298579
-0.605907
-0.0185716
0.592851
0.00446807
0.256979
-0.319335
0.0238939
0.997923
-0.242583
0.479955
-0.153114
0.673115
-1.25877
0.109199
-0.184856
-0.198273
0.130399
-1.2092
-0.212304
1.08795
-0.00385209
0.323249
0.262313
0.690008
0.396132
0.0429702
1.40904
-0.442389
-0.931726
0.376442
0.13476
-0.145319
-0.479257
-0.804035
-0.778787
-1.11003
-0.580616
0.0225954
0.139627
0.240148
-0.448067
-0.492629
1.04415
0.130992
-0.608986
1.19317
-0.0378303
-0.376784
-0.462737
0.834568
0.021406
0.585397
-0.184632
-0.855822
-0.661224
0.317297
0.302518
-0.0344009
-0.454514
0.134308
-0.111055
-0.15822
1.71048
-0.75611
0.0870217
0.167495
-0.186407
0.538535
-0.43455
0.303746
0.524744
0.71736
0.446583
-0.444424
-0.178637
0.0576228
-0.808351
-0.892798
0.91812
-0.991092
-0.460082
0.00238747
-0.415624
-1.39639
0.505356
0.387938
-0.292683
0.677968
-0.545097
-1.08582
0.136115
-0.212903
-0.126695
-0.135651
0.16864
-0.426208
-0.268698
0.562965
-0.0281269
-0.625802
0.256733
0.253429
-0.145766
0.236293
0.372441
-0.332052
0.77368
-0.194636
0.220672
