0.123858
-0.227691
0.941794
0.241905
-0.609825
-0.0261853
-0.399456
0.251764
-0.93523
-0.940545
0.0886871
-0.177886
-0.251942
0.782165
-0.349729
0.0203625
-0.377523
0.592687
-0.185806
0.57739
0.587955
0.481719
0.933218
0.00118833
-0.58469
-0.322775
-0.0654056
-1.15409
0.775883
0.686937
0.00621445
-0.263279
0.447676
-0.937885
0.381147
0.219766
-0.572583
-0.453809
-0.161533
0.140794
0.782999
-0.0873346
0.014443
-0.463088
-1.2308
0.483294
-0.122449
0.0624834
0.635592
0.248819
0.228275
-0.533395
-0.21393
0.0772473
-0.356864
0.470105
-0.988511
-0.113728
-0.527336
0.392044
0.154573
-0.564424
0.99203
-0.801578
-0.138861
1.18442
-0.192564
-0.0665914
0.142977
-0.118583
-0.832813
0.397751
-1.58533
-0.336631
-0.0757848
-0.647896
0.229503
-0.309595
0.388861
-1.10381
0.130336
-0.500567
-1.30203
-0.970607
1.29824
-0.316778
-0.457143
-0.17439
-0.110096
0.0590879
0.737969
0.239595
1.31796
-0.667858
-0.179339
0.335613
0.406635
-0.463165
0.159825
-0.290484
-0.0147337
-0.409674
-0.0508572
0.229305
-0.515716
0.0628226
-0.814853
0.245571
-0.0161812
-0.423774
0.469303
0.989426
0.386317
-0.470915
-0.0506559
-0.400769
-0.585347
-0.500364
0.0233728
0.713315
0.153064
-0.133635
1.15774
-0.365501
0.498576
-0.449259
-0.241466
0.032556
-0.827138
-0.834765
-1.60879
-0.633099
-0.648562
0.382611
-0.168311
0.538592
0.00860049
0.275525
0.0945463
0.0248659
0.597657
0.219392
0.763045
-0.2284
-0.681317
-0.00897706
-0.00458892
-1.09887
-0.18709
-0.0629814
-0.102369
-0.0637036
-0.94222
0.066078
0.0916086
-1.10264
-0.343094
-0.380807
0.328683
0.0157388
0.120974
0.0554472
-0.923285
0.648484
-0.928727
-0.376313
-0.684982
0.39092
-0.448548
-0.428605
-0.555272
-0.427946
-0.572347
-0.0917698
-0.320243
-0.26626
1.32573
-0.589785
0.192154
0.56195
-0.463834
-0.74127
-0.110919
-0.387409
0.549501
0.427012
-0.442541
0.672344
-0.68377
-0.0994047
-0.52387
-0.237345
0.284618
-0.027672
-0.0673535
0.230009
0.133742
-0.33954
0.209729
-0.128133
0.672826
-0.458647
0.125742
0.656383
0.615365
0.144051
0.100418
-0.191172
0.104259
1.12506
-0.315286
-0.296688
0.0889009
-0.300056
-0.442923
-0.0983365
-0.177849
0.175802
0.0785858
-0.895856
0.70043
-0.317113
-0.211098
-0.0834249
-0.430029
0.117188
-0.0313143
0.435491
0.385757
-0.314312
0.208075
0.307104
-0.754298
0.221815
-0.0254204
0.244479
0.0716563
-0.370485
0.870137
-0.403515
-0.284622
0.943748
-0.11524
0.20414
0.498584
0.252212
-0.356589
-0.787243
0.491533
0.535374
0.429628
-0.846001
-0.0490974
0.245167
-0.233674
0.195145
-0.505499
0.77743
-0.285265
-0.314463
0.305599
0.18115
-0.313301
-0.0763145
0.249075
-0.905044
-0.0992668
-0.524063
0.326412
-0.990584
-0.62695
0.33942
-0.389826
-0.353412
0.781514
0.094265
-0.743458
0.0880711
0.0576342
0.188493
-0.153046
0.195278
0.0198335
-0.266358
-0.0121792
0.586875
-0.704241
-0.740369
0.812999
0.298559
0.0989548
0.118401
0.177883
0.874651
-0.137909
0.00771081
0.286569
0.422061
0.545377
1.18835
0.419408
0.3903
-0.159018
0.954048
0.675923
0.141889
0.25417
-0.376865
-0.130154
0.435471
0.484337
0.0972078
0.00239001
0.986229
0.105182
-0.144363
-0.106417
-0.281241
0.797017
-0.376848
-0.490854
0.167411
-1.335
0.379678
0.544487
-1.24506
-0.0904153
0.47031
-0.139614
-0.204061
-0.769332
-0.271339
0.00517062
0.654191
-0.32055
1.30235
-0.772844
-0.633736
0.704208
0.0388209
-0.499519
0.389114
0.166649
-0.612097
-0.0266708
-0.566357
-0.382156
-0.30666
-0.246563
0.719725
0.00509831
-0.71769
0.0929624
0.087535
0.579509
-0.0870297
-0.0501422
0.227805
0.841322
-0.281814
-0.0945503
0.187732
-0.359716
-0.721136
-0.604525
-0.196312
-0.370023
-0.0257359
-0.514008
0.481741
-0.0472562
0.570496
0.884816
-0.292309
-0.238556
0.084802
0.574299
0.0672044
-0.233566
-0.460891
0.391748
0.111336
-0.0175548
0.308008
-0.69875
-0.247524
1.305
-0.151857
0.34895
0.120356
0.712392
0.0496049
-0.171799
-0.30174
0.565694
-0.815889
-0.351405
-0.027597
0.509403
-1.15554
-0.576449
-0.881955
0.301589
0.637431
-0.0862594
0.0306789
0.0111356
-0.328751
-0.00729962
0.00878795
-0.109634
-0.0443582
-0.19047
-0.147577
-0.323624
0.519657
-0.390362
-0.44335
0.272651
0.193726
0.11324
0.801021
-0.443381
0.526883
0.500353
-0.633513
-0.461006
0.313139
-0.277867
-0.0646096
0.121405
0.94347
0.709644
0.165589
0.319341
-0.320652
0.110212
-0.512277
-0.020315
0.0337576
-0.848483
-0.154448
-1.21531
0.264802
-0.849502
-0.234242
-0.547373
-0.482765
-0.605617
-0.323541
-0.169595
0.0116732
0.598633
-1.08923
0.428519
-0.187628
0.697502
-0.187744
-0.273857
0.256386
0.78857
0.789442
-0.0416537
-0.0476715
0.178662
-0.174191
-0.215503
-0.603186
-0.567474
-0.332142
0.591911
0.706964
-0.510627
0.261889
-0.0896888
0.132345
0.799216
-0.526582
-0.685677
-0.312638
0.327568
-0.100699
0.0484484
0.13072
0.374612
-0.499279
-0.199056
0.152025
0.393097
-0.735705
0.20974
0.310982
0.610069
0.311431
-0.0338886
-0.59809
-1.42417
-0.62649
0.0440075
0.0252647
-0.780435
-0.461076
-0.550534
-0.268989
-0.956574
-0.140931
-0.78867
-0.981119
0.507113
0.378948
-0.281728
-0.599301
0.343612
-0.0816274
0.187392
0.440903
-1.45086
0.135089
-0.312586
-0.28255
0.0652265
0.928642
0.8426
1.40626
-0.347681
-0.219351
-0.538143
-0.562615
0.137872
0.592712
-0.545102
-0.668195
-0.25681
0.261199
-0.382821
-0.326801
-0.204791
0.454243
0.369065
-0.223826
0.296488
-0.411139
-1.10831
0.72897
-0.708505
0.200075
-0.234028
-0.875888
-0.491712
-0.394132
0.0815118
0.414891
0.383617
0.341494
-1.25997
0.471476
-0.507455
0.333211
-1.33251
-0.236267
0.0404428
-0.386112
0.903405
1.14845
-0.0490882
-0.47059
-0.392449
-0.563532
-0.13302
0.171757
0.383299
-0.40766
1.38055
-0.0002402
-0.0319576
-0.0923093
-0.634961
-0.160628
0.68835
0.668474
-0.285694
0.124263
-0.251026
1.04274
-0.379968
-1.16101
0.534108
-0.533668
-0.316795
0.423224
0.415204
0.594747
0.750895
-0.765366
1.26599
-0.566509
-0.528728
-0.211076
0.199927
0.338102
0.449206
0.235041
0.358077
0.545463
-0.62415
0.16324
0.492981
-0.302578
0.234973
0.752461
0.756097
-0.356625
-0.606426
0.251864
-0.305262
0.839932
-0.20186
-0.472529
0.0385549
-0.231324
-0.725673
0.0456025
0.108731
-0.160307
0.850086
0.331246
-0.291196
0.145532
-0.40772
-0.17764
-0.570074
-0.571334
-0.573236
0.356503
0.298438
0.0204771
0.0157823
0.0879908
-0.469926
0.254109
0.57512
0.339103
0.187113
0.3642
-0.296893
-0.545428
0.681016
-0.0856293
-0.252959
-0.500518
-0.254226
0.189604
0.23985
0.263155
-0.949163
-0.0308712
-1.52648
-0.418398
-1.05455
0.0926411
-0.287766
-0.603567
-0.284631
-0.720457
0.63888
-0.458271
0.0396036
0.211009
-0.414581
-0.551917
0.554901
-1.28206
-0.190632
-1.01524
0.146809
0.431199
0.282399
-0.474851
0.295577
-0.438744
0.419434
1.3437
-0.402131
0.0224346
-1.16825
1.04564
-0.623353
0.0926865
-0.994525
1.07415
-0.30652
0.455037
0.294413
-0.0101875
0.00620152
0.310078
1.31088
0.397453
0.50398
0.811389
-0.284784
0.39523
0.338731
-0.558591
0.0954228
0.386149
-0.805894
0.929087
0.0754039
-0.42476
1.12938
-1.3286
-0.181185
-0.570293
0.077115
0.190105
-0.098734
-0.13251
-0.466357
0.347129
1.16983
0.511469
0.0192414
0.361326
-0.891048
0.384089
1.6806
-0.689795
-1.01186
-0.0701345
-0.0790709
-0.755293
0.361439
-0.702924
-0.19982
0.497303
0.329302
-0.686952
0.29994
-1.33583
-0.832156
-0.357211
0.237357
-0.378746
0.23818
0.0857107
0.0589621
-0.0635742
0.0775489
-0.682399
0.14053
-0.118853
0.292086
0.458356
-0.0681675
-0.477192
0.135232
-0.563525
-1.08201
0.956619
0.219654
-0.404334
-0.216682
0.059256
0.0341416
-1.26765
0.167606
-0.451009
0.360488
-0.69802
-0.536174
0.13754
-0.204718
-0.345209
-0.836317
-0.0970061
-0.609243
-0.521706
0.596153
-0.807044
-0.60165
0.0897759
-0.00139181
0.0536342
-0.0661995
0.778164
-0.199126
-0.805716
0.395834
-0.474432
-0.895798
0.445633
1.10208
0.563481
0.454694
-1.1555
0.184326
0.719988
1.00483
-0.837801
-0.767847
0.475129
-0.218035
-0.07393
-0.612379
0.259549
1.07375
-0.730072
0.22955
-0.554213
0.307483
0.0318608
-0.126021
-0.528373
0.549651
0.787654
0.0303872
-0.493091
-0.628409
-0.308574
0.375195
-0.685634
-0.318922
0.0954038
-0.0128292
-1.16931
0.567827
0.535902
0.522303
-1.5035
0.0584649
0.0330178
-0.152338
1.00791
-0.978751
1.00806
-0.173409
0.142614
-0.00335442
0.00467223
-0.59918
0.628207
-0.333143
-0.547805
-0.0617186
-0.830169
0.311173
0.938766
-0.255248
0.310925
-0.0035958
0.113407
-0.515648
-0.184106
0.198712
0.561502
0.549614
-0.110791
0.232582
0.351005
0.151816
-0.848528
0.163788
-0.391036
-0.220125
0.224906
0.653097
0.326098
-0.101151
0.507584
-0.454986
0.811083
-0.171334
0.453882
-1.04731
-0.0205012
0.00908366
-0.212423
-0.213544
-0.508812
0.176493
0.258659
0.52659
-0.698902
-0.532871
-0.60674
-1.19305
0.727576
-0.0799078
0.322548
-0.178745
-0.0312671
0.551258
-0.222888
0.192154
0.0532202
-0.524951
-0.345876
0.214242
0.463406
-0.123978
-0.809046
-0.215081
-0.0848211
0.378888
-0.151005
-0.13741
0.874419
-0.102787
0.15592
1.2613
0.658875
0.223819
-0.418096
-0.312373
-0.0634419
-0.327695
0.361983
-1.04947
-0.434386
-0.274796
0.110135
-0.333718
-0.408676
0.275067
0.339532
-0.311873
-0.0371152
-0.709053
-1.06354
-0.74118
0.532058
-0.308718
1.62334
0.613914
-1.23076
-0.236735
-0.551981
-1.10507
0.0430696
-0.287139
-0.0432153
-0.00991011
1.17317
-0.461772
-0.564644
-0.18338
0.447166
-0.372307
0.30434
0.05768
0.498403
0.312169
0.671746
0.451899
-0.301213
-0.67293
1.03786
-1.20038
0.762356
-0.546993
0.332376
0.282435
0.0179164
0.52386
0.00625769
0.193434
-0.057082
-0.315628
0.344886
0.500513
0.5237
-0.17658
0.79342
-0.415888
1.03848
-0.229741
0.262349
0.272898
-0.451919
-0.304731
-0.0774701
-0.303143
-0.770603
-0.229216
-0.867462
0.870407
-0.692166
0.226662
-0.0525483
-0.288583
-0.904511
-0.000276159
0.0491746
0.633983
-0.221388
-0.218189
-0.385939
0.640327
0.39787
-0.442113
-0.406648
-0.538562
-0.230411
-0.340018
0.451165
-0.259161
0.212666
-0.427126
0.111076
0.372285
0.354409
0.846162
0.0634438
0.0258988
1.001
0.294065
-0.551162
-0.330143
-0.328662
0.672392
0.268019
-1.0625
-0.160282
-0.208979
-0.990265
-0.650283
0.107085
0.354321
0.836689
0.963371
-0.326485
0.246539
-0.149035
-0.966818
-0.00776025
0.328545
0.277964
-0.511984
-0.94921
-0.391328
-1.39884
0.322599
-0.107831
-0.0902168
1.35724
-0.21976
0.321285
0.351101
-0.239597
0.586087
1.34897
-1.10184
0.12524
-0.366661
0.921949
-0.0668318
0.975932
-0.749721
0.228345
-0.980501
-0.578224
-0.667294
-0.27997
-0.779038
0.664233
-0.19339
0.673936
0.391586
-0.674553
-0.117619
-0.112266
-1.07954
0.644665
0.0603613
-0.792867
-0.628438
-0.188433
0.409002
-0.000707966
0.772247
-0.202022
-0.5081
-0.68317
0.141248
-0.00866026
0.296596
0.769679
-0.899075
0.617994
-0.229331
-0.482935
0.894677
-0.687448
0.56453
-1.10418
-0.414409
-0.439815
0.578607
0.101303
0.152598
-0.534481
0.491397
-0.321155
0.792036
0.640481
0.0982151
-0.0980989
-0.447328
-0.0377549
0.148844
0.112266
0.659868
-0.518872
-0.548079
-0.129941
1.01265
-0.517315
-0.110655
-0.0706702
-0.539443
0.0723361
0.495098
-1.16217
0.0146484
0.130688
-0.905119
0.368427
-0.218596
0.423858
1.14861
0.0490075
-0.0200746
0.88765
0.51031
-0.810664
0.321787
-0.160307
-0.499197
0.375893
0.287749
-0.665665
0.406296
1.64128
-0.031832
-0.0781839
-0.0598812
0.247359
-0.0977925
0.42078
-0.562129
0.476977
0.750683
0.545329
0.235606
0.391191
-0.57797
0.00818691
-0.445873
0.354399
-0.654482
0.476859
-0.500947
1.21122
0.179119
0.962947
-0.37761
0.841148
0.333749
0.974398
0.397578
-0.453206
-0.673424
-1.16128
-0.533721
0.299824
1.34931
0.727796
-0.950928
-0.0247577
-0.164439
-0.266403
-0.85984
-0.198165
0.527936
-0.958459
-0.789495
-0.592451
0.256157
-0.510826
-0.364656
0.676129
-0.00912302
0.697865
0.0962297
0.0916916
0.506988
-0.118179
0.670535
1.52594
0.31766
-0.853786
0.316074
0.354544
0.761034
-0.302704
0.0690639
0.597665
0.107714
0.482379
0.0217848
-0.635731
-0.945935
-0.615782
0.564973
0.627034
0.399863
0.235805
-0.656387
-0.806987
0.438791
0.108626
-0.674688
0.314556
-0.738166
1.02076
0.410708
0.123264
0.067884
0.794579
-0.619901
1.1813
-0.31669
-0.220654
-0.0557177
-0.928003
-0.141273
0.182777
0.536955
0.964323
-0.460545
-0.190344
-0.0594401
-0.680303
-0.0354852
0.552204
0.270909
0.164937
0.291359
-0.114448
1.08035
0.487599
-0.368261
0.0547931
-0.926035
-0.592126
-0.671405
1.03016
-0.218374
-0.436189
-0.479863
0.175087
0.104334
-0.0113795
0.222665
0.569932
-0.19414
0.937632
-0.517009
-1.10482
0.581672
-0.524054
0.578007
0.52638
0.290388
-0.196256
0.0557914
-1.37614
0.496863
-0.339729
-0.366553
1.02021
0.322578
1.02471
-0.626669
-0.191625
-0.0759005
0.67614
-0.59582
-0.140093
-0.594028
-0.0849799
0.0885221
0.234022
1.06171
-0.091846
-0.699716
0.510654
-0.108236
0.240456
-0.105345
0.84256
-0.176871
-0.795468
-0.0651524
-0.692595
1.04165
0.186983
-0.330195
-0.338237
-0.211568
-0.0659143
0.635902
-0.267924
1.19845
-0.724748
-0.369923
-0.776311
-0.104211
0.326154
-1.09444
0.961506
0.408261
-0.115035
0.386325
0.108767
-0.154818
-0.786359
0.912992
1.18789
-0.0554647
-0.554141
-0.197748
0.0698011
0.00938011
-1.00193
0.953467
-0.340877
0.734115
0.578932
-0.430688
-0.0738082
0.0866387
-0.332983
-1.0682
-0.300366
-1.12169
0.637146
-1.18871
0.114986
0.918342
-0.499494
0.164375
0.627591
-0.703585
0.113481
-0.681033
-0.0385526
-0.936041
-0.410168
-0.124521
-0.193469
-0.32892
-0.128331
0.943666
-0.31013
-0.235234
0.0737982
0.129193
-0.129808
-0.620356
1.00211
0.784481
0.123329
0.35838
0.295612
-0.520093
-0.261954
-1.3788
-0.37529
1.08759
-0.628085
0.0757609
0.398174
0.0200185
0.41998
-0.100882
-1.08236
-0.306123
-0.970171
0.808751
0.572481
0.593192
-0.328622
-0.7049
-0.524244
0.94558
0.292664
0.19305
-0.939146
0.0291841
0.941433
-0.875441
0.712996
0.452142
0.514755
0.213216
-0.229634
-0.331636
-0.539859
-0.543931
-1.20699
-0.159415
-0.566096
-0.71051
-0.337998
0.209732
0.114675
1.00615
0.524773
0.719995
-0.448903
0.0334019
-0.492425
-0.130532
0.619383
0.142453
0.568869
-0.87464
0.800508
-0.271398
-0.496359
-0.146444
-0.293337
0.767391
0.358011
0.595523
0.444452
-0.0348322
-0.0817278
-0.0820898
0.2502
-0.207919
0.176045
0.131855
-1.05188
0.0108373
0.134432
0.841322
-0.540331
-0.233961
0.089904
0.253727
-0.56451
0.365189
-0.600835
-0.569945
0.322393
0.240337
0.139975
0.147207
-0.664049
-0.842316
-0.543094
-0.561689
0.503397
0.589492
-0.29407
0.202913
-0.262069
-0.443118
0.452895
-0.390883
-0.393633
-0.538362
0.431873
-0.533353
0.291228
-0.704113
0.45755
-0.287343
0.10434
-0.876511
-0.957662
0.311697
1.11973
-1.03292
-0.349554
0.0561742
-0.528848
0.112635
-1.24462
-0.719329
-0.015142
-0.561836
-0.487027
0.5752
0.450964
0.926211
0.380653
0.130943
0.415074
1.0379
-0.774714
0.288856
0.0975245
-0.455651
0.198703
0.130043
0.153948
0.239414
0.490829
-0.137956
-0.859835
-0.349368
0.48759
-0.360111
-0.0606956
1.28451
0.502385
-1.23914
-0.781767
-0.203373
-0.0460212
-0.379569
1.43288
1.49428
-0.923058
-0.702631
-0.472701
-0.268007
-0.472713
0.354925
0.253783
0.29715
0.102696
0.262525
0.116326
-0.408533
0.23313
0.839223
-0.305288
0.726199
1.15906
-0.100555
-0.540602
0.730117
-0.963685
0.537196
-0.341108
-0.14557
0.893232
0.241058
0.678059
-0.960281
0.446888
0.198191
0.556237
-0.251366
0.10497
-0.454651
-0.809327
-0.514008
0.401987
0.790646
-0.382085
0.29754
-0.477059
0.364351
0.870361
-0.098466
-0.599773
-0.135422
-0.122784
-0.13466
-0.247945
-0.107645
-0.0632134
0.14917
-0.435667
0.79737
-0.475999
0.499103
-0.00483485
-0.380556
0.164035
0.636548
1.09397
0.0640692
0.00719165
0.869588
1.40427
-0.741315
-0.789349
-0.0702041
0.83762
-0.773689
0.812031
-0.769906
-0.554604
-0.439163
-0.187135
-1.09529
0.859539
0.0132208
0.886373
0.283098
-0.0735501
0.487489
-0.47621
-0.0397458
0.491984
-0.721777
-0.318961
0.0572097
0.328691
0.269853
-0.465374
-0.140497
-0.299054
0.31698
0.456977
-0.478617
0.0445352
0.386365
0.77789
-0.611941
-0.0237584
0.0240152
-0.870826
-0.376699
0.766981
0.322209
-0.512804
-0.190551
-0.255323
0.120456
0.640609
-0.814728
-0.433351
-0.148639
0.798206
0.372496
-0.858826
0.119248
0.626461
0.669395
0.973112
-0.410015
-0.0732299
-0.363773
-0.817415
0.165188
0.435276
0.431641
0.397409
-0.803413
-0.273791
-0.177294
0.579932
-0.934382
0.436063
-0.644129
0.569324
0.221486
-0.135448
0.414716
0.92746
1.29515
0.364108
0.539459
-0.330608
0.216188
-0.349903
0.66687
0.691107
-0.568987
-0.0374198
0.15128
-0.333647
-0.472654
-0.189976
0.29932
0.673017
-0.707972
-0.172502
-0.639875
-0.387785
-0.163043
0.213906
-0.258336
0.687045
0.415664
-0.488826
0.639026
0.455712
-0.372629
0.382381
0.115956
-0.43763
1.05256
0.734571
0.632837
0.637569
-0.382821
-0.0206997
-0.303158
-0.527677
-0.795741
-0.374782
1.6459
1.36239
-0.166611
0.952912
0.404521
-0.59635
-0.174048
0.0995153
-0.133869
-0.363117
-0.258981
0.524717
-0.793191
0.614962
0.82116
0.0482681
-0.173256
0.29835
0.0163816
-0.552628
1.75658
-0.257641
0.0411291
-0.342281
-0.834591
-0.0633373
0.0258498
-0.077226
-0.22611
1.20285
-0.491425
0.207783
1.52172
-0.2479
-0.444622
-0.724866
-0.176602
0.121407
0.576523
0.617844
0.737692
0.748426
1.20905
-0.466341
0.299026
0.00602661
0.14196
-0.207285
0.340898
0.3856
-0.10721
0.548635
0.613823
-0.461371
-0.241103
-1.23738
0.616833
-0.259218
-0.787097
0.275973
-0.184567
-0.400513
0.0206335
1.02304
0.5716
-0.726409
0.161854
0.154534
1.09182
-0.332203
-0.81503
-0.069154
0.349364
0.883843
-0.768247
0.625832
0.125056
1.0198
-0.594555
-0.586513
-0.191882
0.288098
-0.656086
0.630759
0.386864
-0.0594405
0.102044
-0.73013
0.35048
-0.400254
-0.222718
-0.282691
0.611985
0.44947
-0.26923
-0.897606
0.822259
0.899316
-0.0939949
0.29612
-0.458241
1.01764
0.399028
-0.669423
0.146706
-0.245945
0.127421
-0.0907058
-1.16281
-0.459506
-0.480471
0.3713
1.14938
0.703657
1.21362
-0.039213
-0.792274
-0.347044
-0.101844
-0.0810414
1.39888
1.17022
0.0361085
-0.469085
-0.151736
0.201393
-1.29795
1.1686
-0.310839
-0.254367
-0.40951
1.14735
0.425209
-0.633635
-0.0221347
-0.365385
0.283841
0.348414
0.577282
-0.170542
0.991106
-0.37964
-0.255256
0.790973
0.394828
-0.86382
-0.517804
0.0757654
-0.271071
0.814801
0.285663
-0.506421
0.673156
0.166335
0.566134
-0.0708974
-0.206566
0.826788
0.0504247
0.425025
-0.250585
-0.24379
-0.367343
0.212273
0.170417
-1.70117
0.684205
-0.514841
0.778589
0.520349
-0.733751
0.161468
-0.271038
-0.0494711
0.680797
0.753744
-0.351507
-0.203226
-0.129842
-0.959829
-0.292616
0.153036
-0.497377
-0.853686
-0.207121
0.781005
0.498799
0.395929
-1.41893
-0.290871
-0.384914
0.0303081
-1.35873
0.273432
-0.728733
-0.169516
-0.313508
0.454283
1.18304
0.758709
-0.231715
-0.31159
0.152776
-1.10631
-1.10461
0.543818
0.587816
0.124499
-1.29168
0.502905
0.0965994
0.842436
0.984227
1.06772
-0.299116
1.13237
0.63355
0.166461
-0.353751
0.702302
0.160903
-0.666941
0.620488
0.00912077
0.686857
-0.145933
-0.47728
-1.23171
-0.110811
1.03482
0.0648604
-0.00927345
0.701222
0.733214
-0.833965
0.242022
-0.774999
-0.0871711
0.544125
0.402555
0.97543
0.671927
0.290527
0.18958
-0.45474
0.0995571
0.799838
-0.748146
-0.379632
-0.0429189
0.377919
1.00414
0.375108
0.377075
0.454145
0.652833
0.778156
-0.170813
0.868748
0.706055
0.284131
-0.0785138
1.33367
0.187923
-0.125053
-0.217489
0.628625
-0.0903973
0.680019
0.126504
-0.225419
-0.635968
0.828767
0.0539183
1.03767
-0.0404266
0.51406
0.636381
0.433129
-0.332181
-1.31653
0.725722
-0.118964
-0.711487
0.379376
0.29242
0.297942
0.0526857
-0.917402
0.192177
0.0717552
0.125846
-0.718887
-0.275487
0.658593
-0.333241
-0.832628
0.324652
0.557077
0.188993
-0.812795
-0.906023
0.279972
0.604472
0.238999
-0.383598
0.943691
-0.197962
-0.349706
0.201125
0.43012
0.0227699
0.306913
0.291729
-0.0866412
-0.784046
-0.273294
-0.157724
0.0800543
-0.377472
-0.0947369
0.772394
-0.921736
0.691636
0.117755
0.304118
-0.201587
0.0716428
-0.0652262
-0.149072
1.05613
1.20144
0.68842
-0.233462
1.55171
-0.837512
-0.663905
-0.019513
-0.68678
1.14524
-0.377335
0.904621
-0.258382
-0.0311588
0.00397922
0.378466
-1.52508
0.556247
1.50476
0.028613
0.548304
1.08259
0.967892
0.985671
0.223582
-0.0665587
-0.604922
0.421919
0.578011
-0.905341
-0.751373
-0.3575
-0.0309218
0.30672
0.16377
-0.529529
-0.467579
1.66704
0.151754
0.443679
0.496024
-0.865237
-0.0361176
-0.23838
-0.238235
0.539616
-0.916142
1.7331
-0.0878284
-0.161019
0.0204977
0.355288
-0.160645
0.978941
-0.257342
0.141724
-0.623062
-0.485872
0.117968
0.140485
-0.301371
0.191876
0.979971
-0.305562
0.240521
0.25003
-0.684437
-0.337268
1.03263
0.0869126
-0.248333
1.30704
0.665836
-0.109346
-0.0758801
0.0800293
0.285963
0.189035
0.189157
-0.333617
0.270065
1.30047
-0.802252
-0.27544
0.292313
-0.208436
-0.268685
0.60577
0.139998
-0.00579188
0.0780814
-0.967855
-0.45317
-0.155442
-1.0336
0.579447
-0.188764
-0.391248
0.509784
-0.327922
-0.149621
-0.0528099
-0.355327
0.958166
-0.104289
-0.0329164
0.338486
0.92182
-0.334372
-0.380315
-0.917456
-0.47595
-0.22744
-0.805482
0.779105
0.0689467
0.530812
-0.448029
0.890678
-0.380972
-0.0242451
0.0818857
0.63201
-0.109586
0.256537
-0.485557
-0.146129
-0.798746
-0.0615706
-0.0859687
-0.0985359
-0.517251
0.431708
0.876534
0.681927
0.0450477
-0.526251
0.150587
-0.160371
-0.479157
-0.584019
-1.33186
0.80981
-0.321619
0.0891886
0.271974
0.232866
0.919467
-1.24433
0.972508
-0.123759
-0.186173
0.768082
0.302508
0.233262
1.14517
-1.08793
-0.294503
0.681027
0.694497
-0.0133805
-0.133907
0.536703
0.449899
-0.129825
-0.747269
-0.463274
-0.634029
0.476344
0.398639
0.432231
0.19856
-0.776404
-0.197232
0.404962
0.0340735
-1.01933
-0.309057
0.195914
0.287502
-0.580029
0.659319
-0.251437
-0.857381
0.282111
-0.626941
-0.775884
-0.846093
-0.232925
-0.0967394
0.0842933
0.663445
0.580677
-0.378188
0.655113
0.000927069
-1.24008
-0.600143
-0.718351
-0.791957
-1.14294
-0.598329
-1.15436
-0.408157
0.933509
-0.163188
-0.133025
-0.989161
0.760653
0.854794
-0.173599
0.257409
-0.697141
0.238356
0.64477
-0.753168
0.0201105
-0.297172
0.0439879
0.301643
0.107532
-0.373346
-0.585336
-0.40938
0.116885
0.858932
1.12148
-0.613705
-0.0366567
-0.572112
0.162127
-0.0809108
-0.0980831
0.00738719
0.012717
-0.277243
1.19861
-0.210181
0.318459
0.186317
0.520641
0.0928572
0.0246618
-0.164545
-0.996298
-0.151798
-1.09332
0.966178
0.304666
0.262259
-0.723818
0.363441
-0.916661
0.531358
-0.858207
0.376596
0.846351
-0.480775
-0.778868
0.306352
0.155557
-0.60509
0.190549
-0.611441
0.294718
0.554471
-0.116276
0.0939787
-0.492133
-0.284166
-1.16627
0.856746
0.436144
1.65383
-0.818754
0.0498904
-0.218351
-0.0020384
-0.299669
0.16437
0.832233
0.766935
-0.145772
-0.283653
-0.341595
0.544675
-0.928166
0.332916
0.573825
-0.619565
0.0889129
0.849064
-0.186922
0.502578
0.141015
1.38308
-0.298845
-0.430923
1.15865
-0.978658
-0.319016
0.537211
-0.0850286
0.0599315
-0.905878
0.756872
0.380343
0.139903
-0.258574
0.977376
0.730648
-0.356074
0.605608
-0.118683
0.338007
1.04912
0.0864382
0.353333
-0.647808
-0.437084
-0.288521
0.761923
-0.0741316
0.588816
-0.0781565
0.0185387
-1.18229
0.461721
0.0272552
0.892173
-0.0375477
-0.0607656
-0.234014
-0.642119
-0.44209
0.105264
-0.4605
-1.00918
-0.365178
-1.26343
0.0807924
0.274653
-0.295084
1.32737
-0.554669
-0.0537655
-0.578501
-0.319496
-0.257648
0.42319
0.33778
0.11357
1.07957
0.200871
0.367761
0.0542268
-0.0475016
-0.0926814
1.0137
-0.401088
0.346944
-0.497708
-1.21367
0.229417
-1.05969
0.494565
0.873653
0.486587
-0.0933579
0.864896
0.702509
-0.100125
-0.661166
-1.62093
-0.345893
0.072487
-0.152038
-0.377979
-0.330069
-1.10291
-0.542397
-0.690949
-0.241951
-0.658597
0.234571
-0.327519
0.0821919
-0.579655
0.616781
0.903573
0.887066
0.408748
0.256925
-0.690703
-0.551633
0.291884
0.787694
0.769253
0.201674
0.699882
0.757571
-0.175775
-0.67707
0.198345
0.314503
0.783253
-0.631307
0.144247
-0.0103033
0.802308
0.355127
0.244227
0.543297
1.11547
0.0932459
-0.202229
-1.84792
0.634125
0.290868
0.00214444
-0.070481
0.215151
-0.287519
0.556043
-0.0764197
-0.100389
-1.11244
-0.00600434
0.257296
-0.0297202
1.13797
-0.0153188
-0.456104
-0.201996
-0.0440493
0.642055
-0.237185
-0.408533
-0.983148
0.783408
-0.696575
-0.0972407
-0.398805
-0.113455
0.565056
0.670261
0.894753
0.464251
-0.30776
-0.10306
0.100248
-0.0487336
-1.31205
-0.568811
0.387434
-0.153982
0.0371839
1.20444
-0.113577
-0.359695
-0.691978
-0.0104446
-0.0303471
0.151944
-0.525392
-0.260894
-0.284749
-0.497521
-0.113807
0.320095
0.16548
-0.407939
-0.327515
-0.595524
-0.499606
0.562077
-1.05194
0.303025
-0.539219
-0.677832
0.705575
-0.707097
1.66449
1.6852
0.806619
-0.830335
0.299376
1.178
-0.160607
0.449639
-0.899825
-0.493169
0.195343
0.302163
0.492908
-0.801975
0.987265
0.36482
-1.18562
0.463308
0.23089
-1.18012
-0.763174
-0.545798
0.814397
-0.987766
-0.642148
0.846485
0.742315
-0.0184877
-0.402499
0.465234
0.42513
-0.727309
-0.0403504
-0.436578
0.012042
-0.609595
0.491007
-0.872573
0.490605
-0.218386
0.433714
0.0016699
-0.597022
-0.178349
0.356713
-0.709543
0.871768
-0.667196
-0.288099
0.763463
0.445194
-0.0783735
-0.677539
0.334963
0.240928
-0.415756
0.571105
0.253222
0.415644
0.151347
-1.33245
-1.29657
-0.588976
-0.866035
-0.734907
-0.796123
-0.316813
-0.197418
-0.0925527
-0.628158
1.21573
0.428866
-0.170626
-0.325795
0.388874
-0.0598587
0.734124
-0.759446
0.294231
-0.547196
1.03378
0.181844
0.125364
-1.60548
-0.948549
0.243403
0.117502
0.659738
0.507159
-0.29992
0.949336
-0.863483
1.02473
1.01498
-0.385945
0.0338957
0.326041
0.0756294
-0.648637
0.108655
0.117474
-0.0317601
-0.25208
0.500163
0.0214493
0.832483
-0.725122
-0.136881
-0.0278896
0.586491
-0.516413
0.326715
0.521977
0.474301
-0.0414017
-0.717453
1.62414
0.656783
0.176574
-0.945197
-0.0541853
0.0483584
0.823249
-0.181382
0.183758
0.986952
0.426637
-0.246002
-0.179392
1.0812
0.0878642
0.444134
0.31112
0.215555
0.478627
0.599549
-0.365686
0.965388
0.696642
-0.468736
-0.739172
0.946099
-0.575882
0.277823
-0.36821
-0.961748
0.534052
-0.57338
-0.129654
-0.654294
-0.125158
0.187827
-0.654992
-0.0855803
-0.194109
-0.875702
0.266214
0.216026
-0.198126
-0.65503
-1.30882
-1.73857
0.185245
-0.464699
0.583032
-0.636542
-0.574773
-1.11484
0.0158003
-0.639748
0.0194605
-0.271717
-0.151977
0.242882
0.60784
-0.385353
0.290469
1.41469
0.58546
-0.321715
0.516246
-0.261698
-0.678008
0.681034
0.220943
-0.358253
0.212919
0.874756
0.835927
-0.337484
0.00727432
-0.318266
1.06734
-1.03877
0.356382
-0.81564
-0.238723
0.196647
-0.154453
-0.990342
0.15659
0.567981
-0.57646
0.116943
0.223008
0.739814
-0.391845
0.321099
0.349825
-0.972164
0.50466
0.708901
-0.537713
-0.277975
1.36629
-0.739719
-0.453923
-0.274236
0.299037
0.296256
0.565583
-0.0414381
0.367333
-0.0808725
-0.841822
0.0260693
-0.385536
-0.230771
0.401378
-1.16373
0.616939
0.805519
0.111852
-0.0807152
-0.194692
-0.700776
0.0333803
0.373888
0.424972
0.130718
-0.997832
-0.949714
-0.404518
-0.260955
0.625215
1.32548
-0.648893
-0.953401
-0.437118
-0.167541
-0.0263889
-0.244038
0.15602
-0.218127
0.334874
-0.700108
-0.168711
-0.713174
-0.48333
0.732705
0.0612716
0.891184
-0.962725
-0.0330396
0.281849
-0.348333
0.47183
-0.424013
0.301081
-0.143526
1.21582
0.229647
0.138146
0.558819
0.387236
-0.526692
-0.15483
1.01397
0.0350984
1.25336
0.551489
-0.757222
0.39378
0.081819
0.15073
0.67156
1.06383
-0.0251571
-0.708741
0.4444
0.134946
-0.91772
-0.472138
-0.116705
-1.30209
-0.00662666
-0.0364166
0.266043
0.0613274
-0.488617
-0.22181
-0.351891
0.469903
0.408957
-0.696041
-1.1468
-0.0563046
-1.4623
-1.11093
-0.0312903
-0.0574781
0.217085
0.674468
-0.584501
0.767554
0.92836
0.154659
0.774682
0.397013
0.356937
-0.139858
-0.902148
0.368756
-1.25765
-0.479225
-1.20889
-0.407633
1.18884
-0.801008
-0.00713181
0.157548
-0.216941
-0.518533
-0.836616
0.681641
0.0300351
-0.668754
0.106397
-0.365315
1.15326
0.526181
0.518805
0.512952
-0.718868
0.676912
1.05058
-1.04868
0.216973
0.323716
0.0720887
-0.364501
0.245329
-0.363814
-0.692065
0.518818
1.1743
-0.082268
0.00941302
0.0274879
-0.572068
-0.164637
0.814859
0.488817
0.309077
0.512971
-0.058616
-0.390283
0.286668
-0.129769
-0.0763312
0.161824
0.0678408
-0.501906
0.0365523
0.057769
0.183031
-0.797627
-0.786973
0.378122
-0.288392
1.39402
-0.471608
-0.33013
0.380551
-0.355024
0.686325
0.350996
0.206245
-0.0582006
0.749896
1.04331
0.155825
1.3171
0.581853
0.267144
0.372356
0.387068
0.139438
0.422489
-0.0480657
0.242432
-0.0421919
-0.904499
-0.573662
0.22995
1.30403
-0.250481
-0.730256
-0.654576
0.136095
-0.383898
-0.35352
0.443767
0.887273
-0.234027
-1.02423
-0.0456245
0.275724
0.490389
-0.513712
-0.0694729
-0.226327
-0.907043
-0.191363
0.473067
-0.371563
0.0815178
-0.111849
0.0161306
0.0419409
0.0936306
-0.699941
-0.0658748
0.307876
-0.807854
1.36566
-0.611122
-0.166494
-0.0669189
0.152649
-0.454836
-0.203439
0.22499
-0.117674
0.486582
-0.0496523
0.120387
1.51795
0.365126
-0.20776
-0.554168
-0.0978716
-0.366112
-1.1537
1.24416
-0.267499
-0.517987
-0.980177
-0.672433
0.122741
0.548338
-0.42634
0.0674721
-0.617719
0.00751606
0.933312
0.733946
-0.172603
0.153102
-0.309339
0.0365794
-0.466973
-0.0274973
-0.102621
-0.293471
-0.0901685
1.6577
0.973064
-0.125963
-0.904817
-0.670576
-0.698719
0.143665
-0.624888
-0.501771
0.510949
0.18903
-0.159443
-0.277072
-0.758473
0.281382
-0.364293
0.883054
1.08656
-0.525569
0.12532
0.278465
-0.670905
-1.33949
-0.83405
0.0803651
0.143737
0.216691
-0.307686
0.0292194
0.910882
1.20393
0.856611
-0.657391
0.920113
1.00236
-0.358195
0.0121451
0.186388
0.285839
0.107397
0.0461145
-0.726555
-0.307886
1.01367
0.552869
0.372615
-0.471989
0.337624
-1.04907
-0.116645
0.412074
0.526955
1.25042
-0.0356911
-0.699727
-0.225875
0.416049
-0.486576
1.5613
-0.843138
-0.261226
0.884916
-0.367782
-0.546827
-0.345658
0.142766
0.561115
0.472421
-0.664966
-0.222358
0.463931
0.376571
0.265114
0.559798
0.962434
-1.02757
0.119175
-0.416797
0.296045
0.555696
-0.128817
-0.105904
0.415723
-0.181398
-0.317219
0.782924
-0.309425
0.497573
0.783419
-0.0506369
0.668847
-0.232975
-0.343647
1.18269
-1.11971
-0.293452
-0.111707
-1.13801
-0.296142
-0.565483
0.120735
0.201454
-0.0919917
1.22507
1.42758
0.157388
-0.581292
-1.43253
-0.129852
0.736758
0.281454
0.261432
0.445935
-0.716604
-0.730847
0.299324
0.667501
-0.438089
0.334955
-0.172548
-0.336971
1.26987
0.0274762
-0.475195
0.259901
0.555443
-0.190614
-0.419594
0.0195422
0.912214
-0.173972
-0.394104
0.19163
0.0805387
0.0537352
0.159796
-0.929954
-0.710473
0.0912102
-0.084004
0.386378
-0.0952209
0.904645
0.841198
-0.0967192
-0.0277906
0.023963
0.293753
-0.627595
0.909573
0.0378428
0.294182
-0.0636814
-0.474208
0.0187313
0.938042
0.167662
-0.0743498
-0.0836302
1.00383
0.541362
0.358237
-0.794766
0.516879
-1.10275
-0.29346
-1.38523
0.558779
0.010463
0.14752
0.268471
-0.0905463
1.17237
-0.799166
-0.870615
0.773432
-0.103964
0.610202
-0.0910068
0.491297
-0.813316
-0.991814
0.587682
-0.139036
-1.06082
1.04704
0.0893301
0.449245
1.09639
0.81078
0.68266
0.0638759
-0.0870744
1.23441
-0.091771
0.733487
-0.0794406
0.947385
0.476943
-0.831986
-0.0354872
0.136876
-0.156832
-0.0325175
0.230373
-1.49456
-0.302791
-1.10993
-0.339182
-0.073901
0.541479
0.617199
0.197985
-0.162754
-0.0426835
1.05081
-0.0680809
0.112652
0.157117
-0.973071
-0.515754
-0.587132
-0.487939
-0.682841
1.06335
0.505191
0.91604
-0.382993
0.0611725
-0.824289
0.210216
-0.177905
-0.272732
-0.228881
0.42067
-0.238164
-0.715083
0.354285
0.643959
0.784453
0.590434
-0.708326
0.288721
-0.778577
0.749457
0.018285
-0.0813721
0.303542
-0.398363
-0.783214
-0.158641
-1.36518
-0.306627
-0.419083
-0.0370916
0.696411
-0.14985
0.32875
-0.524638
-1.50475
0.90795
-0.148614
-0.521516
-0.0165204
1.26412
-1.39641
0.0876277
-0.204768
0.570504
-0.544915
-0.53329
-0.927666
-0.357996
-0.0148053
0.259585
-0.263855
-0.167391
-0.0140736
-0.191554
0.601154
-0.393085
0.450945
-0.164668
0.76441
-0.0628285
1.35952
-0.0676495
0.502702
0.68794
0.677838
-0.480015
1.06373
-0.502278
0.239085
1.13393
-1.2342
-0.466634
-0.752065
-0.762526
1.36744
-0.793256
-0.643184
0.310711
0.266558
0.716244
-0.370467
0.0710913
-0.103836
0.366679
0.883056
0.114538
0.340064
-0.589907
-0.754761
0.668878
0.865258
-0.106974
0.0726043
-0.285329
0.683448
-0.401305
0.384637
-0.909524
0.462963
-0.117153
0.681544
-0.215523
0.0531271
0.412712
1.11279
0.0272366
-0.46225
0.927722
-0.361712
0.822823
0.475159
0.334996
-0.164627
-0.512111
0.492944
-0.172205
-0.450732
-0.615409
-0.138447
-0.388066
-0.321222
0.604378
-0.574175
0.591794
0.110326
-0.509972
-1.42137
0.084079
0.418981
0.9175
0.512485
0.458003
0.0964175
-0.432881
-0.239162
0.0128099
0.0258764
-0.458905
-1.00961
-0.163215
0.782149
0.441654
0.0608338
-0.091748
0.00374289
-0.168102
-0.546094
-0.131736
0.357989
0.230209
0.0825306
-0.124325
-0.780445
-0.19285
-0.170585
0.0355515
0.0607668
-0.985078
-0.243083
-0.405839
-1.13175
-0.98089
-0.0342137
-0.772639
0.183019
0.128336
-0.238015
-0.0980995
-0.488708
-0.305162
-0.204359
-0.383581
0.305503
0.400659
0.24852
0.759856
0.078705
-0.130711
0.026261
0.212661
-1.00069
-0.603424
0.199535
0.787625
0.505661
-0.261183
-1.31372
-0.167786
0.0353299
0.300378
-0.121902
-0.0503917
-0.953695
0.46449
-0.999519
-0.453639
-0.479392
0.170679
-0.438407
1.21487
0.228128
0.627292
0.248352
-0.805088
-0.0290894
0.254976
-0.198294
0.18368
-0.514487
-0.959386
-0.399832
-1.50085
-0.0848341
-1.07672
0.933116
-0.104156
0.272704
-0.108877
-1.00203
0.117969
-0.416009
-0.721897
-0.299133
0.252209
0.401677
0.286071
0.144257
0.458789
-0.909322
-0.413877
-0.64082
-0.491199
-0.361993
0.556462
0.131588
-0.0249977
-0.444378
-0.13026
-1.05319
-0.37699
0.360072
1.38002
0.000268327
0.905642
-0.71615
0.335513
-0.132431
-0.113656
0.486877
-0.117404
1.44547
0.255324
0.441185
-0.980166
0.135963
0.600117
-0.848833
-0.826752
-0.189678
0.386621
-0.315418
0.333181
0.00773539
-0.343672
0.271119
0.128104
0.455028
-0.0476235
0.125161
0.562809
-0.29124
0.134363
0.818125
0.411945
0.638245
0.156579
-0.114635
0.486342
0.531485
0.212922
-0.0554661
-0.182811
0.483955
0.688401
-1.29923
0.749247
0.0316783
1.01563
-0.620068
-1.29484
-0.290061
0.293375
0.856285
-0.536498
0.434322
0.00509221
-0.157406
0.54218
1.19709
0.510222
-0.0250447
0.23563
0.0580859
0.225255
-0.401812
0.436299
-0.694318
-0.835758
0.310105
-1.44078
-0.272188
0.485396
-0.817146
0.106075
0.0426543
-0.833837
0.162054
1.2679
-0.0293836
-0.111986
0.103303
0.528427
-0.38298
0.116679
0.190083
0.877208
-0.191017
0.493804
-1.22966
0.300757
0.719157
-0.249045
0.0788396
-0.233477
-0.347562
0.822473
-0.570884
-0.421573
0.818016
-0.327737
-0.264311
0.814015
0.257788
0.200603
0.557623
-0.0908893
0.452005
-0.502756
0.541184
-0.808749
-0.87149
-0.937903
0.209728
0.334748
0.605729
0.535058
-0.607482
-0.0889506
-0.405529
0.188733
0.771408
0.905595
1.06046
-0.300453
-0.699451
-0.110761
0.194943
-0.756384
0.480493
0.829306
0.244036
0.808496
0.652614
-1.55052
-0.1203
0.399238
-1.09599
0.472703
0.302901
0.132353
1.9139
-0.231181
0.457591
0.0373743
0.310724
-0.243697
-0.0553086
-0.314711
0.292231
0.567482
-1.48986
-0.108034
0.182837
0.0838572
-0.56107
-0.324514
0.489304
-0.542488
-0.990986
-0.93861
0.10416
0.0897279
-0.447854
0.173303
0.850405
-0.235717
0.236854
0.0277625
-0.370089
0.200244
0.567437
0.68675
-0.642029
0.988066
-0.0735949
-0.68475
-0.11292
0.0510657
-0.264746
-0.613792
-0.395117
-0.27321
0.63577
1.00987
0.257748
0.716386
0.244243
0.678223
-0.0251707
-1.40604
0.869815
-0.0958009
0.757146
-0.655879
1.29158
-0.531862
-0.646193
0.200695
0.295611
0.492505
0.396865
-0.617209
-1.11747
0.060045
0.0190433
0.0134267
-0.477349
-0.197244
-0.335022
0.00151207
0.449115
0.0670357
0.390311
-1.0234
0.412472
-0.100144
-0.133513
0.18056
0.644783
-0.547928
0.330806
0.180179
-0.613117
0.599755
0.134496
0.535372
-0.0448475
-0.570157
-0.0301054
-0.515085
0.869743
0.251899
0.196158
0.519963
-0.708863
1.21671
0.421369
-0.909674
0.137981
-0.149233
0.203837
0.761084
0.473661
0.516829
-1.39253
0.627021
-0.185571
0.864663
0.0871882
-0.568727
0.616831
-0.179917
0.501264
0.680963
0.481772
0.0211574
0.367306
0.312498
-0.173476
1.04588
0.469605
-0.0812648
0.773065
0.648182
0.901422
-0.920695
0.341754
0.16829
-0.146523
0.0738122
-0.530529
0.137863
0.783708
-0.502646
-0.189397
-0.0682613
-0.359067
-0.335613
-0.308958
-0.306413
0.263951
-0.676303
-1.09098
-0.244064
0.0628607
-0.177082
0.622248
0.159341
-0.157263
0.0145101
0.678185
0.433256
0.89714
-1.54709
-0.181282
0.294388
-0.131603
0.116745
-0.474197
-0.411434
0.282576
0.473433
-0.856891
0.177959
0.148737
-0.326005
-0.0241683
0.598717
0.400591
1.50994
0.0503768
-0.52034
-0.446838
-0.0624225
-0.295857
0.390886
-1.13262
-0.519866
-0.036841
-0.042439
-0.616001
-0.653159
-0.237323
0.0796017
-0.474009
0.327843
0.394169
1.21057
-0.978986
-0.546517
0.770254
0.0202976
0.248696
-0.281923
0.369326
0.0997362
0.245112
0.368759
0.194606
-0.280125
-2.16129
0.566343
-0.68586
-0.242501
0.186004
0.252325
-0.103939
-0.091732
-0.192672
0.214359
1.08893
-0.952694
-0.58824
0.428812
-0.535232
-0.685169
0.115567
-0.102165
-0.568092
-0.66101
-1.42793
0.132154
0.574909
0.651425
0.289528
0.117766
0.445408
0.446194
-0.544662
-0.575412
-0.546232
0.231174
0.63361
0.215816
-0.343716
0.899698
0.123571
-0.71392
1.9399
-0.997668
0.424176
-0.343873
-0.15195
-1.16692
-0.0906876
-0.047833
-0.105465
0.938826
-0.781293
0.18392
-0.122274
0.910287
-0.291099
1.4958
1.1811
-0.205401
-0.140794
-0.142462
-0.76278
-0.400334
0.862873
0.0679231
-1.15417
-0.465034
-0.516609
-0.315525
0.13324
-0.675064
-0.754805
0.273069
0.0166545
-0.257255
-0.385594
0.201686
0.526654
0.870835
-0.627236
0.0896697
0.674061
-0.147832
-0.389659
-0.125159
-0.555373
-0.75172
-0.0158184
-0.622871
0.195188
1.26622
-0.90379
-1.39737
-0.0992844
-0.428357
0.919114
-0.236597
0.250041
-0.246101
0.068711
-0.135712
-0.194711
-1.33049
-0.498723
0.569537
-1.21208
-0.267312
0.816041
-0.31994
0.63893
-0.0939543
-0.364656
-0.00406106
-0.336405
-0.168816
-1.30307
0.267859
0.322879
-0.61406
-0.0355681
-0.111253
-0.244603
0.482327
-2.10872
1.21493
0.0450594
-0.424448
0.18602
1.56389
-0.19808
-0.854364
-0.390066
0.163327
-1.1388
-0.0744491
-0.405801
-0.998663
0.391871
0.362878
0.120216
-1.09789
0.397274
-1.62358
0.211857
-0.179433
-0.273338
-0.342973
-0.996177
0.275797
0.640738
-0.793141
-0.43324
0.375724
-0.722758
-0.566222
-0.786241
-0.481613
0.563453
-0.191957
-0.366077
1.47887
-0.408892
-0.861225
0.215163
0.262686
0.217553
-1.34426
-0.54173
0.402771
-0.172165
-0.24131
0.428509
-1.1629
0.115655
-0.797913
-0.705816
0.110432
0.546275
0.523569
-0.191135
-0.141907
0.557073
-1.13426
0.297807
1.30238
-0.150713
-0.673818
-1.23619
0.0838289
-0.349195
0.0186195
-0.495995
-0.687594
0.0785683
-1.20677
0.135023
-0.803608
-0.437412
-0.00400818
-0.14912
-0.230254
0.36003
-0.523229
0.414145
0.595644
0.0469465
-0.0281908
0.638017
0.0634691
-0.113329
0.647557
-0.459664
0.0636029
-0.0970619
-0.275079
-0.0313278
0.527267
0.0785517
-0.22005
-0.274423
0.809169
-0.141853
1.23292
-0.244072
-0.135466
-0.534389
-0.305879
-0.0117951
-0.382661
-0.23342
-0.0968365
0.352962
0.427415
-0.264057
-1.2733
-0.409293
0.315585
-0.610831
-0.31408
-0.762992
-0.804068
-0.728921
-0.666888
-0.168059
-0.44222
0.818153
0.310767
0.699407
0.244237
0.632616
-0.536938
-1.34708
-0.0120966
0.531075
-0.488393
-0.432691
-0.444112
-0.0490171
0.171706
0.532871
-0.479281
0.303199
-0.343132
-0.585042
-1.02213
-0.747072
0.832074
0.0443656
-0.25719
-0.482737
0.258881
-0.378962
-0.106713
0.261312
0.194085
-0.538803
-0.166901
0.867727
0.35985
0.732098
-0.575034
0.707427
0.0799552
0.952844
-0.213791
-0.901303
-1.09826
0.881649
-0.567899
-0.120971
0.769662
-0.304142
0.141334
0.484332
0.458339
-0.855566
0.222493
0.556098
-0.0272982
0.479772
-0.207415
0.345539
0.850578
0.222507
-0.803063
0.415522
-0.298123
-0.429879
0.107795
0.248176
-0.721923
-0.239499
-0.882829
-0.844677
-0.0805289
0.163149
-0.917695
-0.0967352
0.26492
0.42269
-0.137608
0.424502
-0.959869
0.18592
0.758415
-0.28299
0.645125
0.403901
0.555967
-0.078512
0.788375
0.937335
-0.225558
0.0751255
-0.107917
0.617979
0.118026
1.15041
-0.258328
0.592464
0.0748336
0.735696
-0.158816
0.195053
0.424557
-0.486637
0.604175
-1.05416
0.123648
-0.980989
1.45024
-0.962017
-1.01206
0.881282
0.939622
0.609369
0.294249
-0.981587
0.596102
0.472458
-0.493448
-0.0933986
-1.2144
1.44511
-0.531985
-0.419345
-0.339587
-0.0694416
0.325046
-0.801265
0.232548
0.0660031
0.282474
-0.412587
0.0107709
-0.428227
-0.645078
-0.879923
0.232941
-0.209756
-0.289442
-0.928098
0.501558
0.25424
0.573742
-0.11517
-0.026945
0.45266
-0.361207
0.733274
-0.238435
0.641656
0.342354
-0.603666
-1.48913
-0.792421
-0.595629
0.230837
0.356923
0.0358767
-0.635564
0.298912
0.500951
0.0216303
0.0638862
1.04812
-0.5307
-0.0411153
0.997415
-0.636429
0.0970281
0.438104
-0.15589
-0.392208
-0.48701
-0.669751
-0.342653
-0.043473
0.26788
1.26478
0.389139
-0.00310147
-0.87074
-0.900315
-0.663571
0.992039
-1.07099
-0.0263985
1.03489
-0.421166
0.178992
-0.556817
-0.363713
-0.172154
0.29552
0.333391
0.500414
0.841529
0.286113
0.123648
-0.677013
0.265451
0.505536
0.660873
-0.119071
0.148409
-0.866686
-0.462628
-0.653826
0.56075
-0.641714
0.94813
-0.465739
-1.32986
-0.522018
0.735589
-0.0360909
0.15744
-0.269345
-0.280421
-0.18943
-0.123858
-0.189856
1.07837
0.34607
-0.18483
1.28575
-0.180623
-0.72788
-0.488879
0.741333
0.509828
1.26934
-1.23472
-1.14421
0.117367
-0.192436
-1.85109
0.742097
0.504209
0.538907
-0.0573224
0.723883
0.498686
-0.725083
-0.145758
-0.762265
0.045766
0.682392
-0.162408
0.441472
-0.0613754
-0.0315189
-0.823997
-0.0381075
-0.455199
-0.948092
-0.446674
-0.974705
-0.733893
-0.171989
-0.603016
-0.417409
0.0852346
0.273507
0.708805
0.52078
-1.38554
0.743958
0.0230152
-0.173311
-0.4274
-0.240724
0.0065044
1.16164
0.600062
0.70303
-0.0811337
0.471035
-1.26023
-0.450373
1.12698
-0.244904
0.0834193
0.499849
-0.083589
-0.211785
-0.291555
-0.51164
-0.173197
0.518141
0.810368
-0.581579
-0.0455938
0.49003
-0.611438
0.0147883
0.05991
0.221215
0.649174
-0.168936
1.36348
0.090373
-0.50933
0.686868
-0.398695
-0.46166
-0.201629
0.435837
0.488037
-0.0368261
0.264625
0.168518
-0.587871
0.136903
0.638299
-0.0259257
0.255453
0.0517944
-0.585457
0.62872
-0.134658
0.185514
0.430616
-0.125708
0.0263935
-0.0445131
0.263951
-0.522754
0.0221798
-0.0398608
-0.135627
0.159157
-0.401068
0.630261
-0.132418
-0.563942
-0.328136
0.74945
-0.270203
0.460339
1.00416
-0.109254
-0.861554
-0.356964
0.70598
-0.164367
0.146766
0.490591
0.20284
-0.435531
-0.133925
-0.355239
-0.993484
-0.997521
-0.312914
1.12248
1.29137
-0.0909495
-0.313249
-0.166788
-0.00385717
-0.151956
-0.0628407
-0.525654
-1.4484
-0.825735
-0.0785627
-0.0210757
-0.367399
1.35311
0.614817
0.349463
-0.543193
2.06266
-0.318737
0.143064
0.140471
0.30511
0.497937
-0.110951
0.809793
0.150067
-0.661469
0.335006
-0.588999
0.0700389
-0.317497
1.01341
0.182331
0.416816
-0.348553
0.328554
0.0553435
-1.00105
0.168162
-0.619916
0.869809
0.86781
-0.971013
0.103547
-0.344699
-0.446832
0.059229
0.604465
0.0588583
-0.539675
-0.19058
-0.46586
-0.636703
0.205694
-0.409724
0.163909
0.0651958
-0.118626
0.580764
0.193973
0.639736
0.662655
0.577885
-0.125454
0.347691
-0.281361
-0.440019
0.149281
-0.00498069
0.697961
0.202029
0.277393
-0.0192211
0.746178
0.0363919
0.0159901
0.0778467
-0.817449
0.552595
-0.21738
0.138361
0.381799
-1.19818
-0.231341
0.322652
0.106026
-0.101763
0.632673
0.225958
0.972266
-0.327744
0.0503641
-0.420767
0.605892
0.953145
0.191913
0.252164
-0.0978603
0.389917
0.248769
-0.269818
0.31859
-1.10737
-0.42317
-0.124451
0.629281
0.398535
0.539692
0.487395
0.0280717
0.373468
1.11117
0.00186888
-0.584324
-0.475119
0.0729912
1.44442
0.58635
0.66629
-0.728658
-0.65401
-0.691969
-0.377809
0.106785
0.251345
0.192463
-0.474361
-0.199266
-0.434636
1.00127
0.00298723
0.0766195
-0.3578
0.74356
0.14871
-0.678518
-0.759704
0.0465181
-0.256413
-0.537266
-0.107548
0.344403
0.142963
-0.41335
-0.0645917
0.651218
0.0112665
0.384734
-0.178224
-0.519353
0.288939
-0.147674
-0.888869
-1.02606
0.217329
-0.340987
0.882127
-0.35444
0.960341
0.148616
0.148116
-0.358317
0.371019
0.0767407
0.814283
1.00433
0.48855
-0.126058
-0.082302
0.202119
-0.454475
-0.433362
-0.531648
-0.122935
0.721001
0.510524
0.594254
-0.633151
-0.48976
-0.695374
-0.7939
0.0250394
0.157986
-0.318278
-0.0193799
0.155691
-0.855231
-0.598896
-0.849815
-0.81215
-0.869026
0.297092
0.520411
0.365221
-0.0276796
-1.17174
0.509894
-0.974647
0.995727
0.15466
0.157361
0.631737
-0.192142
0.0196744
-0.0345968
0.744377
0.469456
0.158566
-0.196872
0.572527
0.829924
-0.867911
0.130822
-0.0698834
0.901482
-0.747172
-0.484804
-0.708727
0.650119
-0.560952
-0.461451
-0.536765
0.779915
0.0965424
-0.0642915
0.313996
0.388221
0.249685
0.126676
0.155672
-0.695359
0.578025
-0.844567
-0.236618
0.107867
-0.920733
0.283657
0.70416
1.15498
-0.333969
0.958567
-0.847776
-0.550218
0.0904327
0.661372
-0.382142
0.304806
0.154176
-0.826428
-0.229119
-0.195244
-0.0424187
0.455845
0.101434
-0.148446
-0.223389
-0.154935
-0.330832
-0.431946
0.592019
-0.0819202
0.646217
0.723307
0.686816
-0.177322
0.206245
-0.687086
0.801918
-0.351197
-0.634508
0.0664627
-1.10486
0.490684
0.981687
0.669264
-0.504619
0.427237
-0.384001
0.0887185
0.910988
0.158717
-0.321675
0.727506
-0.993756
0.070941
-0.348499
-1.09383
-0.475626
0.292642
0.487928
-0.919253
1.49493
0.103026
0.634314
0.731753
0.561263
1.68139
0.907743
0.0463732
-0.156142
0.586469
-0.422828
0.332956
-0.391851
-0.23112
0.108438
-0.38589
-1.46445
1.13103
1.09977
-0.173325
0.496275
0.245983
0.0560554
0.380353
-0.568334
0.531236
0.282414
-1.21521
-0.436452
0.346969
-0.214848
-0.30399
1.54879
0.0236865
0.36376
0.780248
-0.754444
0.47667
0.653556
0.518213
-0.246668
-0.828982
-0.491136
0.0582049
0.543826
-0.32793
-0.0465269
-0.54709
0.0499307
0.311929
-0.825304
-0.771726
-0.169658
-0.329798
0.300176
-0.103651
0.471284
-0.0991363
0.0125141
0.256874
0.891612
-0.27501
0.740417
-0.111872
-0.411776
0.261359
0.0924385
0.0109229
0.327405
-0.268222
-0.396716
-0.61921
0.0411095
-0.403742
-1.09215
-0.991514
-0.568837
0.716155
0.974552
0.120841
0.306779
1.87441
0.59323
-0.239701
-0.132947
-0.139112
0.595049
0.420101
-0.0935727
0.328745
-0.447951
0.024868
0.0320306
-0.0738211
-0.291459
-0.0633207
0.166942
0.266573
0.228295
0.33766
-0.0857321
0.814194
-0.306215
-0.499424
-0.51599
0.324504
0.523034
0.732112
0.654083
-0.409365
0.00333948
0.719276
0.246468
-0.404217
-0.92161
0.575852
0.511009
0.0672431
0.828666
0.378087
-0.312888
0.13419
-0.317243
-0.283604
-0.537389
0.511523
0.12643
-0.591411
-0.252733
-0.507608
-0.282023
0.353492
-0.400147
0.734129
0.0538511
0.849963
-0.399357
0.676906
-0.465337
-0.771052
-0.477674
-0.893286
-0.293439
-0.751779
0.417379
0.329908
0.305526
0.224479
0.158252
-0.447373
-1.04262
-0.239316
0.598171
0.150051
-0.918147
-1.1018
-0.313663
-0.168863
-0.424605
0.0178469
1.07921
-0.9429
0.404968
0.261678
0.189097
-0.707836
-0.756186
-0.252333
0.341273
0.250649
-0.386498
-0.437174
-0.200021
-0.18571
-0.450577
-0.125293
-1.44002
-0.251815
-0.090413
0.293956
-0.436251
-0.967223
-0.00232158
0.272851
0.939417
0.803174
0.253434
-0.0943463
0.0274902
0.0279126
0.643152
-0.381979
0.632075
0.160904
-0.771833
-0.176044
-0.890523
-0.0722171
0.933887
-0.761048
0.269045
-0.473329
-0.044427
-0.119795
-0.795057
0.108602
0.112127
0.0980231
-0.577763
-0.436392
0.934122
-0.524757
-0.757208
0.0638716
0.138605
0.818777
-0.688156
0.0355529
-0.213335
-0.117253
0.310905
-0.109433
-0.807276
-0.287299
1.04392
-0.147027
0.128803
-0.0179211
0.460683
0.0407515
0.0339247
-0.350609
0.971772
-0.49197
-0.435445
0.233546
-0.448108
0.215006
0.58601
0.217218
-0.139157
0.158009
-0.680546
-0.661755
0.599201
0.0971639
-0.804545
-0.733242
0.525572
0.172924
-0.355502
0.505239
0.429629
0.23327
-0.771141
0.372159
0.0656756
-1.05917
-0.45219
-1.20467
-0.491181
0.214553
-0.293712
0.830287
-0.0582641
-0.419596
0.192225
0.397763
-0.908716
0.331202
-1.32462
0.0322673
0.153519
0.264878
-0.457103
-0.0676538
-0.363548
-0.435952
0.067628
0.13319
-0.119943
-0.0669424
1.34214
-0.0556462
0.0399388
-0.831314
0.683504
1.28854
0.248976
0.479322
0.110191
0.158451
0.338863
-0.0280201
-0.161159
-0.24821
0.531216
-1.08071
-0.743442
0.317083
0.663598
0.0895811
0.44765
0.206504
0.474777
-0.185084
0.524295
-0.191831
-0.453776
-1.06385
-0.280889
-0.028301
0.111743
0.0733265
-0.377954
-0.558797
0.248989
-0.51726
-0.015327
0.228623
-0.732257
-0.598088
1.04674
0.59218
0.0136847
0.773514
-0.505293
0.202685
0.40932
-0.123024
-0.53628
0.0572458
0.046279
-0.232515
-0.105592
0.326267
0.392484
1.0875
-1.02501
0.502545
0.153147
0.506216
-0.308043
-0.104921
0.125688
0.240665
0.356677
-0.607766
-0.135658
-0.58815
-0.236143
0.26717
-0.0822899
0.33432
0.876826
-0.614385
-0.146343
0.238235
-0.187628
-0.79215
-0.972784
-0.303387
0.344255
1.49484
0.632964
0.182782
-0.778905
0.725919
-0.169766
0.288282
-0.985044
0.509098
-0.08706
-0.350269
-0.260487
0.185195
0.65928
0.339883
0.974916
0.521809
-0.227287
0.43622
0.590324
-0.196433
1.97634
0.713614
-0.550921
-0.0711164
0.204828
-0.505394
-0.00532119
0.79562
-0.482838
0.419749
-0.370908
0.414359
0.454642
-1.27207
0.291365
-0.558767
0.906167
0.829703
-1.13026
0.381532
0.142413
0.325948
-0.351089
0.750911
0.333995
1.56231
-0.181763
-0.514785
0.268365
0.163363
-0.579332
1.0056
0.537727
-1.01735
-0.537962
-0.28393
-0.147388
-0.236137
-0.287532
-0.561313
0.130203
0.202644
0.959645
0.774523
0.765996
0.881213
-0.374902
-0.701181
0.0515817
0.0534614
-0.0722775
-0.0931598
-0.573615
-1.21762
-0.771566
-1.10016
-0.553597
-0.583521
-0.318895
-0.440518
-0.288257
-0.637713
-0.681807
-0.166016
-0.00646013
-0.895851
-0.0371621
0.271591
-0.835705
0.324164
-0.258923
0.602607
0.953607
-0.149046
0.586784
0.369474
0.406369
-0.20197
-0.494064
-0.193004
0.629036
0.200426
0.223651
-0.0485576
0.395135
-0.335572
0.492893
0.422767
0.186866
0.426471
-0.640686
0.271051
-0.998721
0.294276
-0.336396
-0.29544
0.822559
-0.723572
-0.776556
0.291543
0.324535
0.559732
0.220033
-0.27646
0.633789
1.11921
-0.0948266
0.866449
0.248929
0.27368
0.137345
0.163545
-0.133423
0.350385
-0.679789
0.495611
-1.13959
0.216017
-0.59299
-0.0272506
-0.238054
-0.878371
0.513103
0.451832
-0.793528
0.25953
0.551186
-0.153011
0.0459565
0.460398
0.477133
-0.635531
-0.4715
0.765554
0.361119
0.293712
-0.443721
-0.811735
0.0293683
0.505738
0.728717
-1.1071
0.314732
-0.190165
-0.0425812
-0.493138
-0.349554
0.0198316
-0.502228
-0.424872
-0.74091
0.392619
0.504548
-0.223385
-0.316491
0.177774
-0.301025
0.0886807
0.412449
1.26497
-1.2689
-0.494897
0.403961
-0.987629
0.500765
-0.534823
0.704371
0.667934
0.370052
0.697441
0.163696
-1.273
0.319553
1.2867
0.926245
-0.205854
-0.0762721
0.555362
-1.26367
-1.21523
0.153579
0.15231
0.816735
0.53847
-0.0677797
-0.383814
0.110732
-0.0454724
0.509193
0.0190333
0.0952161
-0.365374
0.145334
0.221938
-0.474029
-0.646238
-0.0245186
0.561939
0.324131
0.139188
0.191327
-0.709051
-0.0516104
0.475538
0.240096
0.263812
0.0835679
0.0550659
-1.39257
0.198542
0.404069
-0.119657
-0.0352239
-0.570945
0.7568
-0.0317312
0.368771
-0.692268
-0.892031
0.308978
0.590648
0.348555
-0.26855
-1.02558
-0.214575
0.240126
-0.332204
-0.716456
0.491271
0.156939
0.285232
0.967702
0.278923
-0.483943
-0.687334
0.414678
0.242354
0.152301
-0.255802
1.36155
0.193415
0.324825
-0.278189
-0.132531
-0.172835
0.214331
-0.0706709
0.152904
0.370264
0.306427
-1.04627
-0.887718
0.610554
-0.353852
0.32522
0.693226
0.362847
-1.1639
0.576383
-0.134364
-0.475898
0.0535137
-0.112065
-1.49906
0.322502
-0.84659
-0.107139
-0.635975
0.354319
-0.266907
0.555965
-0.0707588
0.120263
-0.215854
-0.719432
0.616474
0.0677481
-0.0241274
-1.80714
0.0335087
-1.0943
0.131413
-0.250875
-0.297143
-0.750596
-0.710944
-0.45989
-0.284885
-0.706943
-0.138267
0.0505472
-0.0732654
0.125153
-0.0290243
-0.29917
-0.0596031
-0.00158687
0.731677
0.559944
0.416066
0.624152
-0.252744
0.197105
0.977291
-0.326833
-0.223046
-0.597602
-0.395425
0.185451
0.348939
0.36467
-0.695208
-0.682962
0.407667
-0.70207
-0.642547
0.786968
0.24001
0.0645357
-0.820925
0.561952
0.95067
-0.44535
0.0413687
1.21829
0.427165
0.387355
1.16704
0.293342
-0.140757
-0.520827
-0.163757
0.227186
1.36035
-0.592232
-0.418344
0.148079
-0.399289
0.442793
-0.241719
-0.0343456
-0.414673
-0.210138
-0.333356
0.348898
-0.0495483
0.479152
0.954134
-0.542679
-0.0847528
0.263227
-0.50683
-1.07207
-0.0716138
0.877524
1.03702
-0.0486536
-0.15513
-0.747242
-0.193163
-0.207587
-0.237868
-0.114922
0.515004
-1.41211
0.354615
-0.947029
0.473284
-0.218577
0.771305
-1.14853
1.03251
0.261523
-0.0276892
0.506997
-0.16092
-0.0220759
-0.257203
0.0612295
0.640749
-0.038908
-0.0595476
-1.09105
0.313364
0.235833
-0.28118
-0.838243
0.525913
-0.644833
-0.744767
-0.522131
-0.198687
0.420526
0.0374974
0.374875
-0.762274
0.106965
0.487421
-0.520621
0.148538
-0.419036
0.292515
-0.865139
-0.635079
1.05866
-0.015197
0.453465
0.355199
-0.628426
0.131443
-0.24956
0.363255
0.0959291
0.497072
-0.72569
0.178516
-0.201358
0.317876
0.501824
-0.138059
-0.491876
-0.328718
0.349066
-0.700042
-0.545895
0.131412
0.0197247
0.178736
0.199439
0.625181
1.24056
0.0826588
-0.383812
-0.00373719
0.318149
0.0816921
-0.623697
1.34701
0.25269
-0.284512
-0.247914
-0.485157
-0.252917
0.426426
0.79232
0.0484641
-0.319822
-0.139791
0.724481
-0.635619
0.391086
-0.0661355
-1.2456
-0.300928
0.154722
0.33369
0.16771
0.756574
0.0936115
0.0321089
-0.47254
-0.286744
0.183563
0.207554
0.767974
-0.340051
0.0129179
0.222046
0.443517
-0.665752
-0.566632
0.10938
-0.210196
-0.442961
-0.261331
-0.0566256
-0.636701
0.257281
0.471201
-0.556127
-0.501239
0.118075
-0.395548
0.590679
0.664009
0.749473
-1.04156
-0.938731
0.136284
-0.190573
-0.125262
0.0849847
0.0403971
0.646896
0.0623482
-0.309491
-0.298443
-0.371287
0.0785201
0.0324773
0.010466
0.0899101
0.593302
-0.775588
0.850212
0.0563097
1.34268
-0.332224
0.782835
0.167345
-0.0634516
-0.640143
-0.671893
-0.261636
0.360986
0.694298
0.1158
-0.136696
0.186721
0.200941
0.157063
0.0348049
-0.069161
-0.0798221
-1.52292
0.706661
0.564391
0.639765
-0.237295
1.46258
0.386862
-0.268372
-0.634545
-0.276412
-0.189851
-0.27375
0.0622041
-0.145781
-0.899583
0.767938
0.301361
-0.685119
0.245913
-0.252903
-0.31174
-0.464682
-0.366093
-0.547053
0.189496
0.467522
0.734557
-0.937219
0.329886
-0.563725
-0.0897868
0.491919
0.475936
0.460809
0.0127433
0.640926
-0.771505
-0.360179
1.10129
-0.174096
-0.440429
-0.439993
-0.443704
-0.313296
0.24751
-0.394199
0.692774
-0.964434
0.9986
0.0342087
0.458062
0.47588
0.548371
0.998384
0.0204147
-0.967247
0.236886
0.126975
-0.269231
-0.00694687
-0.360647
-0.0187491
0.442607
0.520715
0.520444
0.786438
1.00156
0.372219
0.323154
-0.783268
-0.399234
-0.51649
-0.357785
-0.932282
0.386649
-0.857148
-0.775867
-0.132253
-0.0317972
0.201404
1.507
-0.958424
0.782985
-0.643639
-0.319118
-0.618518
0.242048
-0.110585
-0.795954
-1.1734
-0.275706
-0.01922
0.0749065
1.30927
-0.0841879
-0.291489
-0.800209
0.62346
0.428008
-0.13267
-0.393529
-0.247052
1.08943
-0.282921
-0.450859
-0.480834
-0.488118
0.042587
1.01475
0.106954
0.93862
-0.204212
0.356556
-0.685205
0.702806
-1.0993
-0.270299
-0.417488
0.454319
-0.0435109
-0.426211
-0.20444
0.425671
-1.03495
0.214674
-0.0594718
0.636245
-0.782948
-0.0755842
-0.508983
0.54573
0.1753
-1.04737
0.0546142
0.268509
0.282856
0.434834
0.222659
0.0859653
0.0317623
-0.186563
0.138212
-0.895842
-0.904845
-0.867536
-0.328815
0.654909
-0.608318
-0.159425
-0.620648
0.0840307
-0.323686
1.25857
-0.129044
0.0837052
0.948024
-0.218088
-0.518571
0.0629298
-0.186625
-0.820075
-0.564985
0.13355
-0.0754404
0.750748
0.568662
-0.855721
-0.230392
-0.484753
0.247727
0.211619
-1.21134
-0.930538
1.42041
-0.867847
-0.780379
0.919933
0.861111
-0.0778343
-0.486871
-0.355956
-0.186665
1.00026
1.10001
0.132293
0.286867
0.0406914
-1.5049
0.264261
-0.109153
1.17588
-0.517283
0.147831
0.483977
-0.294161
0.507045
0.485589
0.0261181
0.469031
-0.572099
0.274339
0.28632
0.968436
-0.122911
-0.694988
0.486851
-0.401024
-0.653317
-0.47889
0.615169
-0.0406114
0.657484
0.0925063
0.49629
-0.495228
0.191453
-1.08267
-0.900956
0.0424883
-0.457211
-0.321955
-0.1278
-0.392492
0.0973692
-0.372076
-0.147347
1.02624
0.0703982
-0.212447
-0.878622
0.402452
0.7346
0.736277
0.28146
1.51325
0.641153
-0.226046
0.710389
0.287135
-0.166872
-0.233263
0.46122
0.0944678
-0.480099
0.607179
0.121945
0.71397
0.896992
-0.0873629
-0.784345
1.29582
-0.0468892
0.432319
0.196624
-0.460835
1.23907
-0.304186
0.478824
-0.22353
-0.690501
-0.112857
0.553513
0.0453549
-0.633556
1.04864
0.128365
-0.954022
-1.88765
0.429956
0.820651
0.895217
-0.632557
-0.10455
-0.811801
1.16642
0.448709
-0.463937
0.354645
-0.190772
1.54437
0.239456
-0.933353
-0.127607
-1.12646
0.90844
0.339998
-0.105054
-0.615562
0.42136
-0.700369
1.30591
-0.296743
0.616648
-0.646625
-0.167137
-0.498892
-0.144392
-0.402782
-0.899229
0.413291
-0.449072
0.249102
0.290024
0.439726
-0.039361
0.443131
-0.454358
0.592795
0.729913
1.23359
0.451649
0.324549
-0.63322
-0.976726
0.277397
-0.373862
1.01521
0.409754
0.734679
0.403371
-0.0755921
0.307147
-0.213694
1.15382
0.212808
0.752878
0.878885
-0.402463
0.023302
-0.342881
0.292553
-0.580976
0.52642
-0.102388
-0.152997
-0.40938
0.000709137
0.632677
-0.597843
-0.610046
0.445577
0.0175689
1.26898
0.636799
0.931853
0.276759
0.0198137
-0.905685
-0.394018
0.0610906
0.921793
-0.0633848
-0.468808
-0.514212
-0.499252
0.243262
-0.698209
0.364061
-0.721915
0.867354
-0.711394
-1.75345
-0.172951
-0.0849848
-0.15201
-0.14717
-0.248144
-0.046829
0.581997
-0.465325
0.280783
-0.560019
-0.310188
-1.09741
-0.52018
0.322519
-0.198205
0.124606
0.910606
0.121177
1.01924
-0.641553
0.507033
0.447305
1.02177
-0.139223
0.931618
-0.305924
-0.00191649
-0.440719
-0.480268
-0.106798
-0.598182
0.0938748
0.274517
0.386702
-0.90144
0.0464645
-0.235814
-0.284099
0.23541
0.316444
0.209932
-1.04721
-0.521037
-0.119596
0.308726
-0.558013
0.518874
-1.16407
0.283488
-0.214704
-0.221384
0.487476
1.128
0.162776
-0.427985
1.3453
0.170776
-0.035376
0.21667
0.795067
1.29323
-0.0731264
0.459987
0.124138
0.697882
-0.316052
0.762185
-0.293279
-1.03449
0.878488
-0.227147
0.330832
0.0169593
0.463851
0.233644
1.52317
-0.0609215
0.474468
1.56628
-1.06437
0.375979
0.718451
-1.34641
-0.364026
-0.125322
-0.0402682
0.776537
0.688336
0.102562
-0.528716
-0.369895
-0.265601
0.0842579
-1.0305
0.0730466
0.787943
0.0885076
-0.219842
0.0745279
0.894409
0.773174
-0.459839
0.811899
-0.177786
0.427459
0.575245
-0.562867
-0.0426278
1.03991
0.541446
0.374785
0.148832
0.622474
0.242586
0.892132
0.12446
0.639643
-0.0267496
0.700611
0.137969
0.195514
0.537756
0.0392642
1.1172
0.345947
-0.31401
-0.428221
-1.07823
0.925826
-0.871788
-0.265591
0.0982875
0.348567
-0.248469
0.252985
0.338635
-0.526897
0.403642
0.036741
0.475827
0.446459
0.555245
0.283115
0.019481
0.325796
-0.398311
-0.546568
0.279224
-0.701083
0.262841
-1.56619
0.0257457
0.37232
-0.250632
-0.252474
0.767187
0.201309
-0.741534
0.23336
0.978543
-0.360044
-0.916221
-0.177707
0.680507
-0.542535
0.550354
-0.919955
-0.274412
-1.57815
-0.58394
0.0973727
-0.329915
-0.629197
0.131632
-0.396503
-0.165879
0.475794
-0.0239275
-0.281664
-0.705065
0.187142
-0.746219
0.835126
0.267183
0.631712
-0.790045
-0.655552
-0.826596
-0.328801
0.805859
0.0908974
-0.122872
0.221101
1.09979
-1.5338
-0.295244
0.654081
0.993976
-0.504105
1.11937
-0.0449298
0.473501
0.365077
0.0395062
-0.0442292
0.551258
-0.378702
0.29411
0.181676
0.126889
-0.252554
0.0245904
-0.192701
-0.583353
0.772922
0.259983
0.480073
-0.200124
-0.155897
-0.662847
0.342394
0.64914
-0.747236
1.23653
0.416204
-1.34196
-0.447556
0.516918
-0.665888
0.0404034
0.48336
0.0903075
-0.499928
-0.508101
-0.553497
0.520026
0.618214
-0.163805
-0.637957
-0.645853
-0.0646043
0.168066
0.451884
-0.672594
-0.273673
0.183291
-0.209044
-0.528404
-0.247619
0.291531
0.939524
-0.270385
-0.357264
1.1601
-0.798376
0.350784
-0.0023774
-0.163519
-0.344904
-0.318087
-0.885706
-0.823782
0.519742
1.09351
0.376719
-0.197049
-0.563823
0.122511
0.0313367
-0.580499
-0.306392
-0.235782
-0.412013
-0.00877264
0.249198
0.343259
0.183952
-0.112369
0.473338
0.285148
0.60036
-1.00929
-0.388646
-0.172828
0.766245
-0.488037
-0.242307
-0.472714
-0.898614
-0.212848
-0.498038
1.02507
0.654284
-1.12153
-0.259136
0.672579
-0.560885
-0.3823
0.490625
-0.967355
-0.920955
-1.05183
-0.614044
0.681087
1.32997
-1.26525
0.315595
-0.633637
0.400367
0.517578
0.272592
0.359965
0.910232
0.390947
0.690841
0.412511
-1.22545
1.17394
-0.497689
0.157184
0.866404
0.05727
-0.435667
-1.22977
-0.782131
-0.0450724
0.286384
0.60016
-0.925591
-0.578757
-0.254453
0.0795069
-0.133888
-0.368274
0.240539
-0.490769
-0.0749423
0.603654
0.212202
0.0693553
-0.206806
-0.10256
1.53835
0.411279
0.033498
1.31377
0.370206
0.357489
0.0290228
0.996572
-0.702716
-0.557012
0.345707
-0.602361
0.378579
0.333982
-1.22995
1.09327
0.132576
0.056074
0.117244
-0.342176
0.0921062
-0.532507
0.411495
0.824548
-0.516669
-0.110934
0.843748
0.782821
-0.977335
0.229939
-0.282723
0.551524
0.873213
-0.101848
-0.578332
-0.799146
1.15866
0.435427
-0.070834
-0.755525
-0.0370399
-0.369698
-0.21736
-0.452335
0.786433
-0.320043
1.09995
0.573875
-0.383233
0.410239
-0.559987
-0.057626
-0.350327
-0.94431
-1.39091
-0.730829
-0.000676112
-0.815996
0.31092
0.221987
0.819817
0.543045
0.12839
-0.803731
0.0944526
-0.811894
-0.0957234
0.454135
-0.1624
0.152759
-0.73491
0.920035
0.290281
0.929757
-0.0879394
-0.209583
0.201644
-0.586386
-1.17829
0.191667
0.414678
-0.266043
1.19784
0.240188
0.297183
-0.256713
0.2398
0.167949
-0.267102
0.0323729
-0.255239
-0.0734275
-0.524794
-0.762355
-0.418828
0.635828
-0.349648
-0.539857
-0.202943
-0.249057
0.345566
0.468302
-0.21518
-0.0153177
0.23413
-0.691011
0.125164
-1.04548
0.581344
0.431181
0.580463
-0.711807
0.443257
-0.0154008
0.13132
-0.918853
0.329589
-0.425416
-1.05659
0.118501
0.296311
-0.508076
-0.508335
-0.0362095
-1.28548
0.183448
-1.06639
-0.56453
-0.530773
-0.161408
-0.202943
0.64551
-0.0677186
0.118969
0.00818645
0.241871
-0.748852
-0.529102
-0.0762926
-0.782296
0.759009
-0.0427687
-0.366071
-0.0619535
0.360258
0.882807
-0.654461
0.370219
-0.313661
-0.25681
0.588923
-0.553391
-0.115038
0.21594
0.55907
0.434258
-0.246671
-1.02444
-0.149464
-0.0397057
0.452943
-0.414525
0.518419
-0.548268
-0.267847
-1.17591
-0.0297949
0.123941
0.210593
0.239106
0.153179
-0.150707
0.79805
-0.310854
0.815767
-0.588448
0.115364
0.419904
0.19326
0.544726
-0.14918
-0.22635
-0.251717
0.79279
1.33486
-0.405075
-0.0540215
1.04539
1.88637
-0.64703
-0.335417
-0.687675
0.923978
-0.0750773
-0.106982
-1.02308
-0.227068
-0.564649
-0.613665
1.80679
0.152624
0.137929
0.489573
0.321439
-0.290591
-0.103906
-0.261079
-1.2214
-0.164216
-0.457842
-0.716722
0.40056
0.0414119
0.766221
-0.991209
-0.302167
0.231486
1.04025
-1.06328
0.278927
-0.0229121
-0.136768
-0.0279771
0.0924121
-0.0205373
0.673979
-0.997628
0.315787
0.712173
-0.158717
0.481198
-0.399354
0.234229
-0.234091
-0.617492
-0.183447
0.37309
0.307936
-1.41712
1.16417
-0.143721
-0.159939
-0.212644
0.341224
0.281451
0.0717642
-0.263089
-0.541204
-0.545519
-0.131377
0.0314362
-0.410586
0.240319
-0.640046
-0.507002
-0.295193
0.331478
0.334888
0.188762
-1.08843
0.104284
0.42425
-0.360872
0.237564
-0.704122
0.537737
-0.689321
-0.014189
-0.150482
0.0693586
1.16979
-0.0102995
-0.5212
0.00184279
0.0022088
-0.320937
-0.70259
-0.978733
0.185178
-0.387085
-0.389149
-0.684096
-0.246552
0.138735
0.300081
0.00759954
-0.860483
0.439628
-0.0913565
0.921991
-0.217701
-1.05627
1.06181
-0.417197
0.876712
0.199554
0.992955
-1.38089
0.95641
0.0805266
-0.593404
1.28551
1.00185
0.373721
-0.208125
-0.205563
0.205388
0.930224
0.660022
-0.547401
-0.845636
-0.765701
0.769429
-0.013967
-0.515614
0.337938
0.243962
-1.00729
-1.14614
0.671114
0.461823
-0.131224
0.462742
0.711253
-0.951269
-1.18328
-0.0119521
0.175464
0.958801
0.0215543
-0.685574
-0.788158
0.470556
-0.689573
0.232677
-1.06499
-0.0261907
0.00824877
0.105352
0.185065
0.513424
0.771404
0.269264
0.44177
0.0787269
0.122129
-0.399804
0.243091
1.28318
-0.311854
0.540784
-1.17492
0.57687
0.296752
0.499923
-0.529138
-0.0821762
0.662061
0.375135
0.316949
0.572502
-0.539136
-0.886582
-0.225118
0.0465646
-0.336552
0.287857
0.966912
-0.215717
-0.538566
-0.372912
0.452865
1.16307
0.443949
-0.496584
-0.835385
-0.868593
0.806457
-0.338395
0.584267
-0.925263
-0.312327
0.324925
0.354221
0.110296
-0.94833
-0.135908
0.294976
0.718289
0.672038
0.39421
-0.50135
0.478892
0.303151
-0.137066
-0.88949
-0.884844
0.47882
0.435166
-0.627345
0.133036
-0.460715
-0.424213
0.20631
0.0488454
-0.35143
-0.391915
0.0472488
0.26031
0.126704
-0.209245
0.399943
0.192155
0.0537806
0.549006
-0.731806
0.530387
-0.534268
0.299675
-1.1242
-0.307289
0.448931
-0.0532101
-0.87625
-1.15404
-1.5159
-0.403375
-0.443457
0.876056
1.14717
-0.799481
0.0897422
-0.412326
0.284115
0.0732755
-0.635063
-0.536438
-0.975465
-1.32545
-0.0759125
0.200831
0.942336
0.957853
-0.0176107
0.544396
-0.0379644
0.322468
0.790637
0.968673
0.0915685
-0.486215
0.37533
0.173278
-0.0493901
-0.522561
0.201604
-0.319034
-0.675112
0.158514
-0.464837
-0.29365
-0.505582
0.326755
0.141169
0.244345
0.154336
-0.0906679
0.335561
-0.24034
-0.657241
0.470074
-0.638527
-0.112863
1.2003
-0.0699183
0.0955302
0.350951
0.59806
-0.180048
-0.671709
0.0365315
0.268716
0.120775
0.400516
0.330844
0.192349
-0.0717685
0.879181
-0.585408
0.913956
0.0497115
0.851718
0.175289
-0.624492
0.400318
-0.660577
-1.36109
0.0528868
-0.0500376
-0.200254
-0.26933
0.142266
0.704062
-0.00282086
-0.427124
0.123241
1.03679
-0.45187
-0.0649491
-0.272458
0.0630341
0.941733
-0.3178
0.170246
-0.105088
-0.524883
-1.01346
0.307416
1.01016
0.116475
0.346588
-0.215923
0.645919
-0.599675
0.264785
-1.17063
-0.356575
-0.817492
-1.01839
-0.397932
-0.0110453
0.588339
0.392649
-0.840759
0.309505
-0.828764
0.0181639
-0.418212
0.203615
0.105837
-0.122157
0.244594
-0.598098
0.914799
0.0442691
-0.355846
0.0299312
0.452434
-0.658377
0.386573
-0.590406
-0.0981354
-0.383954
0.53234
-0.290579
0.262542
-1.40687
0.308791
-0.333005
-1.26232
0.957224
-0.694754
0.485562
0.851587
-0.770639
0.504992
0.177943
1.06991
0.483826
-0.0458484
0.132365
0.919544
0.0696287
0.644326
0.615492
-0.644849
0.139568
0.173145
0.193108
-0.596229
-0.215717
-0.274169
-0.597498
0.468335
-0.285211
-0.0853449
-0.398012
-0.524724
0.0057054
-0.570683
0.126283
-0.686428
0.172705
-0.999089
0.176558
-0.317071
-1.21061
0.453383
-0.2686
0.225005
-1.5207
0.976542
0.330504
-0.772576
0.642228
0.293849
-0.803993
-0.341609
0.40102
0.742817
0.279549
1.32471
-1.31239
-0.0618797
-0.792376
-0.236832
0.281181
0.317045
1.1875
0.343344
1.21952
0.186095
0.387398
-1.3024
0.198447
0.897219
-0.39423
1.50376
-0.53598
-1.14659
-1.21613
0.621776
-0.593459
0.120247
0.163184
-0.898547
0.975411
0.0873291
-0.00591284
-0.302742
-0.672664
0.17852
-0.0815184
-1.0151
-0.0221684
-0.54641
0.0180873
0.190565
0.524969
0.0444877
0.489625
-0.0295594
0.141402
-0.694639
-0.356471
0.292197
-0.863549
0.265958
-0.0245152
-0.241986
-0.458481
0.459414
-0.262602
-0.885509
0.2949
-0.856285
-0.239033
0.42796
1.29996
-0.228738
-0.594067
0.819068
-0.666
-0.171577
-0.199548
0.755084
-0.227986
-0.118581
-0.693161
-0.037294
-0.239559
0.85313
-1.0271
0.44557
0.848702
0.0137704
-1.00533
-0.57729
-0.570183
-0.464525
-0.622868
0.063493
-0.242925
-0.614578
0.0432858
1.52426
-0.0351927
0.421111
0.0112104
0.572705
-0.748494
0.756396
0.542217
-0.550485
-0.274529
0.136788
0.027355
-0.489718
-0.291668
-0.614733
0.785189
-0.316055
0.532567
0.207657
-0.852363
-0.149847
0.215104
0.000428694
-0.288198
0.40125
0.37832
0.887128
-0.185847
0.300534
-0.0515902
0.122984
0.591708
-0.245446
1.01037
-0.159895
-0.0450515
-0.301523
-0.43107
-0.426762
0.560668
0.403295
1.41309
-0.372506
-0.572522
-0.385148
-0.146489
-0.137156
-0.203207
0.150801
0.134047
-0.321492
0.851642
0.185534
-0.204223
-0.477148
-0.302532
0.15055
0.719061
-0.85763
0.00888361
0.0717678
0.338547
-1.18885
0.532592
-0.499611
0.260758
-0.837761
1.53646
1.00578
-1.47075
-0.62758
0.00407887
0.634456
0.0653697
1.00155
0.122909
-0.0723674
-0.324605
-0.00444208
-0.645765
-0.676268
-0.287094
-0.766002
0.533571
0.226322
0.627724
-1.18934
-0.528957
0.365331
0.336316
0.898007
0.349418
-0.305417
0.111268
-0.809387
-0.314443
-0.714227
0.0282276
0.358555
-0.744343
0.152848
-0.404756
0.331804
0.221654
0.157773
1.04512
0.400843
1.81188
0.445017
0.0329615
0.535197
0.477729
-0.974689
0.0354462
-0.413441
-0.700652
0.553361
0.195552
-0.747955
-0.103548
0.270355
-0.896104
-0.209918
-0.0127923
0.861406
0.657156
0.219158
0.0566917
-0.449722
-0.366516
-0.820145
-0.0753761
-0.0752356
0.575316
0.399337
-0.435109
-0.982072
0.0862756
0.347505
-0.503878
-0.305181
1.52116
0.13626
-0.134751
0.273793
-0.492181
-0.14591
0.404273
0.0321084
-0.54551
0.0546677
0.0113067
0.511104
0.28419
-0.454069
-0.701735
0.571141
0.107354
0.806789
-0.148276
-0.355904
-0.501735
0.0179352
-1.29014
0.35413
0.370952
0.18854
-0.384055
0.613259
-0.133735
0.266892
-0.61673
-0.244219
-0.476023
0.133895
-0.248477
-0.539687
-0.282788
-0.931401
0.091592
-0.549305
-0.511432
0.145558
0.991006
-0.625428
0.253731
0.759716
-0.16612
-0.746628
0.464802
0.766168
0.300588
0.0733732
-0.53433
-0.56383
-0.569238
0.604724
-0.698203
0.633215
1.04844
-0.53262
-1.19396
0.241942
0.181892
-0.484375
-0.611777
-0.241977
0.531004
-0.34856
-0.830197
0.464981
0.322398
-0.339987
0.890032
0.651401
-0.532404
0.0591249
0.483443
0.666235
-0.0393141
-0.504207
-0.53323
0.804756
0.985305
-0.586489
-0.404984
0.384701
-0.255737
0.229493
0.172426
-0.356118
-0.435852
0.0601457
0.596159
-0.362096
0.183273
0.962403
0.230775
-0.448136
0.619045
0.808873
-0.878829
0.651725
-0.104062
0.858987
0.416414
-0.145813
0.18506
-0.0826587
-0.300634
-0.67163
0.0377822
-1.01778
-0.550479
0.607924
-0.178711
-0.36317
-0.561295
1.44326
0.0199708
-0.0913839
0.284325
-1.29702
-0.21005
-0.629877
-0.0121403
0.0893454
0.273932
-0.467793
0.153439
0.42653
-0.701776
0.0215389
0.247281
1.17978
-0.479282
-0.187412
0.00911053
-0.443386
0.0987191
-1.07412
-0.36712
-0.129528
-0.107352
0.258386
0.617795
0.481174
-0.373884
0.0968795
-0.386862
-0.997998
0.645714
0.300193
0.652409
0.236181
0.152519
-0.100694
-0.176561
-0.616287
-0.0993344
0.52461
0.229811
-0.0394507
-0.0866556
0.272768
-0.584195
-0.581466
-0.613319
-0.274915
-0.0664677
0.287238
-0.338331
-0.121061
-0.523803
1.21318
0.0863397
-0.701825
0.365448
0.263491
0.0536434
-0.782051
-0.294716
0.522996
-0.395167
-0.974797
-0.76238
-0.358392
-1.14949
-0.230809
-0.419233
-0.0901682
0.243969
-0.553255
-0.244498
0.756314
-0.677748
-1.92017
0.40522
-0.314395
0.31114
0.43052
0.377024
-0.119617
-0.559875
-0.47899
-0.259648
0.485114
-0.539841
0.0430831
-1.06189
0.292176
-0.656847
-0.206659
-0.814866
0.612395
-0.00436633
-0.760021
0.0395457
0.19672
-0.299571
-0.642396
-0.354913
0.251516
-1.09621
-1.08695
-0.706159
0.152933
0.988905
-0.407156
0.55904
-0.749025
-0.151063
0.400358
-0.894627
0.183753
0.162058
0.0233147
-0.0191334
0.59753
-0.209885
-0.180684
-0.201619
0.0529657
0.844523
-0.318209
0.315391
-0.183527
0.0874388
0.453173
0.615723
0.702584
0.887457
-0.590841
0.343103
0.698495
0.324906
0.23162
0.736642
0.264332
-0.765108
-1.11676
0.666339
0.108612
0.866644
0.334394
-0.320954
0.858772
0.501052
-0.231869
-1.08149
-1.04923
0.00848779
0.623771
0.395571
0.861632
-0.0592333
0.598986
0.00556299
0.685255
0.711772
0.0382207
-0.271857
0.889071
-0.397662
-0.387262
-0.498148
0.253932
-0.0427825
0.231276
0.47423
-0.524877
-0.526297
0.205249
-0.0694238
0.41985
1.29397
0.364701
-0.660636
0.295004
0.659587
-1.11932
-1.02978
-0.268663
0.0555728
0.0573004
-0.230349
-0.933689
0.598399
-0.312456
-0.283186
-0.453664
1.11507
0.396356
-0.583571
0.0692744
0.8371
0.793203
-0.394953
-0.0765635
-0.210595
-0.516519
1.73948
0.394719
0.479463
0.704173
0.158413
-0.552886
0.489473
0.0107568
0.0159496
0.472338
0.0893685
0.215941
-0.0538969
-0.0151205
0.027234
0.348847
0.503995
-0.926361
0.457131
-0.246762
-0.313613
-0.491053
0.780201
0.601898
-0.0147408
-0.937954
0.611884
0.0981687
-0.295195
0.84696
0.354459
0.74191
-0.492144
0.11199
0.109061
-0.640505
0.564891
-0.0745146
0.0799491
0.713723
0.647996
-0.361278
0.446833
0.464967
0.312386
-0.330467
-0.811998
0.0563427
-0.563112
-0.0580976
-0.161793
-0.840864
0.212193
0.0129842
0.6953
0.158532
-0.516606
0.0344828
-1.26592
0.10824
-0.416064
0.604503
-0.161163
-0.670147
-0.11141
0.296563
-0.0726183
0.0774736
-0.19393
-0.0928784
-0.457774
-0.0284434
-0.553456
0.509517
0.261802
0.341535
-0.989336
-0.345734
0.445723
-0.453288
1.19431
-0.441833
0.469421
-0.0064905
-1.4813
0.0872191
-0.314748
-0.0294081
0.648641
0.225126
-0.0544703
-0.0753246
0.0100413
-1.12979
-0.197024
0.546704
-0.10678
-0.752019
-0.261381
-0.865657
0.265179
0.665815
1.18912
1.8034
-0.128853
0.571746
0.826694
0.218
-0.377677
-1.17127
-1.20437
0.536791
-1.04151
0.212633
0.522792
0.223369
0.521738
-0.297695
-0.404799
0.148044
-0.0976891
-0.331103
-0.063558
-1.14953
-0.18629
0.514579
-0.668155
0.435734
-0.224281
-0.304341
-0.143391
0.648886
-0.139341
0.759786
3.7505e-05
-0.805029
0.166886
0.124885
-0.277238
0.0129384
0.28446
0.718659
-1.24529
0.297444
0.0251936
0.273729
0.0269376
0.357678
0.389752
-0.201705
-0.523766
-0.347602
0.266934
0.107347
0.624567
0.475342
-0.497629
0.404603
0.102688
0.0505704
-0.248225
0.282473
0.479768
-0.53238
0.973514
-0.672197
0.626835
-0.0264027
-0.681281
0.282121
-0.784896
-1.13915
-0.562981
0.074784
-0.93207
-0.441436
-1.02436
-0.0866075
0.357539
0.279047
-0.0379404
0.0945192
0.599816
0.828526
0.604962
0.314157
-0.821025
0.467436
-0.438392
-0.235268
0.0486089
1.19346
-0.0512675
0.970872
-0.0297302
0.419524
-0.529035
0.0490751
0.7851
0.820868
0.706143
-0.282496
-0.246143
0.209941
-0.513646
-0.0352734
0.568427
-0.493431
-0.252019
0.941282
1.18401
0.48447
0.248507
0.225526
-0.434322
0.460265
0.799397
0.528235
-0.208371
-0.513603
-0.113314
-0.0590939
-0.449896
0.11881
0.0989422
-0.512832
-0.691624
0.335035
-0.91051
0.712981
-0.0847567
-0.0924407
0.246583
0.578875
-0.422411
-0.836428
-1.25293
0.536434
0.509368
0.187237
0.10764
0.226863
-0.138632
0.0566131
-0.785337
0.900406
-0.337632
0.362598
1.58428
0.627024
-0.206094
-0.237936
0.262237
0.789151
0.130843
1.14009
-0.019301
0.44077
0.1828
-0.42966
-0.287879
0.235833
0.137009
0.16012
0.0647056
0.329827
0.0702501
0.306412
-0.738949
-0.285464
-0.123472
-0.506562
1.04911
1.80304
-0.432445
0.456973
0.157186
0.107488
-0.20545
0.324435
-0.0539217
-0.377734
0.289297
0.594806
-0.821454
0.377914
-1.03893
0.196649
-0.457199
1.05861
0.0211584
-0.39684
-0.495603
-0.744655
0.179674
-0.524901
-0.62719
0.359844
-0.681838
-0.581498
-0.0859857
-0.184754
-1.02191
0.544596
0.12544
-0.655289
0.168426
0.0303765
-0.135939
-0.153508
-0.765546
-0.4105
0.593623
-0.0798105
0.012866
-0.78825
-0.511302
0.967484
-0.513994
0.299132
0.443311
0.63607
-0.602225
0.317101
0.565627
-1.21092
0.643789
0.130449
0.94114
0.319411
-0.648676
-0.511215
0.462218
0.411849
-0.286241
-0.4697
1.1991
-0.57961
0.419127
-1.47536
0.601199
0.152783
-0.784278
-0.133392
0.255649
-0.0161283
1.63789
0.206423
-0.605379
0.376605
0.473472
0.331719
-0.412713
0.200208
0.210268
-0.0339136
-0.67334
0.227893
0.131425
0.66667
0.80439
-0.426178
-0.319446
0.230283
-0.38887
0.0727776
0.15766
-0.235284
-0.362532
0.901265
0.283662
-0.457325
1.22474
1.10054
0.378195
-0.473204
-0.874306
-0.0888662
-0.110038
-0.739483
0.160994
0.430724
0.106235
0.506292
0.206949
-1.39673
0.230024
0.0122153
0.0400616
-0.0357129
0.656141
1.20406
0.229248
-1.34144
1.08118
-0.0116215
-1.07459
-0.0173552
0.135017
-0.997754
-0.35894
-0.675931
-0.462156
0.00414903
0.409479
-0.493323
-0.0696955
0.0753098
0.725594
-0.708613
0.178776
-0.724828
-0.359265
0.918866
0.304875
-1.36869
-0.36609
0.202743
-0.0529349
-0.487492
0.894096
1.65918
0.818901
0.807135
0.679904
-0.724208
-0.324124
-0.420929
0.189648
-0.0571767
-0.203099
-0.243679
-0.351574
0.739756
0.361817
0.225584
0.354417
-0.836468
0.52287
0.213711
0.053661
-0.20972
0.0840045
-1.1181
1.35681
0.385386
0.9925
0.542603
-0.263131
-0.0709262
0.648462
-0.73767
-0.0781468
-0.402423
-0.104775
0.0540726
-0.381356
-0.692086
0.164369
-0.637899
-0.441413
-0.420833
0.741203
0.538997
0.0960209
-0.594488
0.531284
-0.447507
-0.0170366
0.581311
-0.61281
0.5798
0.527012
0.825903
0.708007
0.710748
0.191939
-0.400245
0.180854
-0.520114
-0.0823219
-0.155035
0.183712
-0.268389
-0.098326
0.573109
-0.958339
-0.0190407
-0.371813
0.526587
-0.242385
0.167181
-0.418273
0.0863552
0.400884
-0.710176
-0.420783
-0.110079
0.0937087
-0.694441
-0.66718
0.514362
-1.13418
-0.523614
0.232178
-0.568438
0.360426
-0.0270418
0.0671541
-0.584758
0.365231
0.0733282
-0.344115
0.0542551
0.554299
-0.171481
-0.333135
-0.480982
0.200634
-0.100379
0.397133
-0.170542
-0.114676
0.231061
-0.422762
-0.973049
0.310678
-0.295886
1.08832
0.349783
-0.0695495
-1.0111
-0.866151
-0.546479
0.588568
0.206251
-0.765119
-0.202068
0.945653
-0.207602
-0.429431
0.447014
-0.0875821
-0.0257951
-0.369035
0.150386
0.774089
-0.412131
0.528415
-0.473758
-0.261511
-0.391546
0.113839
-0.187849
-0.476544
-0.458785
-1.15795
-0.837995
0.188317
0.860924
-0.162608
-0.33554
0.580626
-0.325124
0.558805
-0.175661
-0.379031
0.351341
-0.195624
-0.282505
-0.150655
0.0211439
-0.482805
-0.183102
-1.11517
0.377574
0.282587
0.285452
-0.363604
-0.245939
1.20587
-0.201736
0.0212831
-0.0678078
-0.0171093
-0.311338
-0.0106636
0.632284
0.213291
1.21965
0.314423
-0.617022
1.31867
-0.377632
0.883413
0.685157
-1.09642
0.674618
-0.455184
-0.197869
1.02076
-0.39563
-0.154801
-0.217579
-0.473193
0.0567205
0.691663
-0.714227
-0.42316
0.387433
0.586199
-0.309178
-0.543677
0.87351
-0.733999
-0.769338
0.0242398
0.85144
0.180496
0.379366
-1.03953
-0.610568
-0.473217
0.289989
0.814381
0.380041
0.719199
-0.69877
0.254332
1.23254
0.105633
0.620534
-0.623006
0.40781
0.593512
0.0959732
-0.0579709
-0.717773
0.227537
-1.26196
0.328997
-0.669635
0.12683
-0.499473
0.109934
0.202479
0.128669
-1.11529
0.246591
-0.727437
0.226249
0.86328
0.0641824
-0.225528
0.00166316
-0.582386
-0.416468
1.32639
-0.785128
0.356201
0.299626
-0.0988661
-0.54384
0.238639
0.870885
-0.26182
0.407854
0.651729
-0.31544
0.732007
-0.20982
-0.232724
-0.590769
-0.166412
0.855768
0.399425
-0.83553
0.195774
0.584287
0.187155
0.450668
-0.243342
-0.596312
-0.777776
-0.315422
-0.165009
-0.0638006
-0.21944
1.11791
-0.0481004
0.244945
-0.281594
0.252785
-0.58225
0.256777
0.521726
0.0413842
0.847308
-0.299573
-0.197548
0.912261
-0.958293
-0.673988
0.315688
-1.05943
0.33565
-0.889384
-0.104924
-0.305793
0.23691
-0.256416
-0.0857627
-0.70254
-0.10424
0.00206807
0.229603
0.541374
-0.346258
0.190516
-0.53889
-0.0717168
-0.115929
0.0866037
0.0661248
-1.20252
-0.608387
-0.140415
0.410522
0.448845
0.201628
-0.492862
0.0148483
0.144437
-0.0196156
-0.15072
-0.801064
-0.921454
-1.2233
0.81717
-0.62386
-0.632104
-0.426681
-0.294528
-0.270379
0.0324266
0.275879
-0.678253
0.214683
-0.890324
-0.0682145
0.155952
-1.20729
-0.202125
0.234293
0.434737
0.313771
0.703636
0.133784
-0.284665
-0.259412
-0.380862
-0.351291
-0.56499
0.12253
-1.43509
-0.458512
-0.147
-0.684587
-0.366538
-0.344652
-0.136854
0.831326
0.0741152
-0.657103
0.891406
1.09739
0.737297
-0.33364
0.742138
-0.126068
-1.65829
0.0108848
0.323963
-1.00303
-0.316378
-0.140944
0.581664
0.335232
0.700328
0.629445
0.604201
0.910174
0.179212
-0.119939
0.309749
0.968063
0.290588
0.550513
-0.710862
0.136907
-0.0470921
0.420181
-0.949383
-0.397843
0.638098
0.177556
0.353472
0.626473
0.0523644
-0.123251
0.13164
-0.331255
0.533405
-0.735122
0.461423
-0.439148
-0.119163
0.0858644
0.475613
-0.482852
0.804877
0.296922
0.597043
0.866433
0.729393
-0.177591
0.108017
0.550657
-0.447383
-0.506521
0.863529
-0.0307122
0.793856
0.965456
-0.188143
0.755595
-0.717911
-0.391414
0.340432
0.473991
-0.444099
-0.945472
0.915116
0.730492
-0.325627
-0.316768
0.234633
-0.12755
-0.251923
0.16648
0.0650535
0.802833
0.614767
0.598598
0.211242
1.22514
-0.58339
-1.08977
-0.059625
0.886612
-0.0549213
1.39056
0.219141
-0.00626336
0.143192
-0.590284
-0.010656
0.281454
-0.787327
0.105868
-1.00378
0.111903
-0.563217
0.127611
-0.00535525
0.936383
0.53876
-0.248535
0.575349
0.439662
-0.575087
-0.651446
0.469414
-0.140916
0.444974
0.288082
-1.03078
1.04598
0.88638
0.0580148
0.230765
0.0933547
0.978464
-0.246331
0.770688
0.331196
0.509681
0.192573
0.34027
-0.196303
0.181644
0.350941
-0.226351
-0.309182
0.595852
0.347477
-0.828894
-0.189735
-0.743661
0.412121
-0.433186
-0.12139
0.232652
-0.125112
0.0662674
0.613753
-0.119316
-0.361602
-0.545919
-0.0745503
-0.0768513
-0.2804
0.268409
-1.01765
-0.618225
-0.332927
0.570227
0.796496
-0.62145
0.227649
-1.03419
0.0681207
0.58139
0.723804
0.198721
0.0998866
-0.366719
0.22365
0.404029
0.670865
-0.970489
-0.317342
0.383112
-1.31186
0.318181
-0.13698
-0.109827
0.843913
0.628014
0.0882032
0.251833
-0.989639
-0.905084
-0.588293
-1.41181
0.622576
0.304423
0.646408
-0.0539862
1.25554
-1.28265
0.39195
0.132496
-0.173266
0.690817
0.410574
-1.05584
0.0667863
0.36725
0.479971
-0.372645
0.852791
0.57067
-0.464957
0.667789
0.450097
-0.180772
0.41417
0.0145489
-0.265155
0.12744
0.107362
-0.0769707
0.278264
0.0832976
-0.0771666
0.0991357
0.227129
0.00882337
1.2135
-0.702125
-0.0961757
0.105901
0.157602
-0.0945298
0.19827
-0.284702
-0.122434
-0.243775
0.577083
-0.831488
0.145746
1.49653
-0.374821
-0.703229
0.193319
-0.120066
0.806347
0.431575
-1.34177
0.204987
0.601072
0.557059
0.361265
-0.335507
-0.105297
-1.01124
0.469515
0.752666
0.334949
-0.131567
0.644666
-0.42172
-0.384753
0.235751
-0.358903
-0.823292
-0.228313
-0.329945
-0.283388
-0.577167
-0.574057
-0.254178
-0.0667911
-0.0103029
-0.0990356
-0.507326
0.302043
-0.808077
0.00161133
0.87608
0.735169
-0.113315
-0.142609
1.05124
0.30249
-0.762886
0.729208
-0.683127
1.3625
1.24689
-0.12661
-0.702801
0.155064
0.406234
0.0284019
-0.0811756
-0.574027
-0.210649
-0.800213
-1.62525
-0.536296
-0.748341
0.879614
-0.0135127
-0.370483
-0.750011
-0.740158
-0.815649
-0.411185
-0.12619
-0.0919562
-0.321347
0.0248424
0.890706
-0.417781
-0.678846
0.127575
0.390845
-0.391211
-0.832892
-0.0202801
0.472856
0.195721
-0.227253
0.745811
0.426481
0.273547
-1.2954
0.0671037
-0.653448
0.0586861
0.51116
-0.406781
1.24726
-0.245956
-0.202503
0.184696
0.657252
-0.77668
0.21865
-0.344406
-0.381618
-0.198436
1.13688
-0.778212
0.330366
0.723572
0.504222
0.69178
0.694317
0.208187
-0.777297
-0.593536
1.06983
-0.886761
0.209346
-0.27528
1.33236
-1.21193
0.0449143
-0.342296
-0.669305
0.778624
-0.501666
-0.179032
0.164534
0.148008
-1.07511
-0.371268
0.152906
-0.347751
0.0967927
0.377301
-0.170353
-0.585269
-0.50871
0.730688
0.626877
-0.249894
-0.245903
-0.707233
0.677468
0.713776
-0.992078
-0.902096
-0.843084
-0.593676
-0.243111
0.254645
-0.878317
0.675985
0.663325
-0.493652
-1.00539
0.0224966
-0.100742
-0.180799
-0.155339
0.90092
0.658428
1.19298
-0.146198
-0.955707
-0.654128
-1.10721
0.00198986
-1.07483
0.451149
0.26243
0.290937
0.80228
-0.525517
0.88766
0.226643
0.182749
-0.372447
0.170494
0.808211
0.352899
-0.217417
0.903891
-0.43377
-0.628952
-0.343124
0.686959
0.736051
0.0251632
-0.412992
-0.744312
0.0975352
-0.279892
-0.733067
0.204199
-0.446714
0.711424
-0.214447
-0.510362
0.819206
-0.314464
0.159742
-0.283947
-0.0927475
-0.561875
-0.28289
-0.347945
-0.574025
0.47276
-0.363758
0.413898
-0.340015
1.01171
0.486253
0.640981
-0.504502
-0.119227
-0.659314
0.0372117
0.428018
0.255089
0.414408
0.350371
-0.326869
-0.267738
-0.523053
1.13621
-0.313347
-0.329099
-0.183304
0.51918
0.665783
-0.71798
1.02974
-0.09797
0.121604
-0.492911
0.267361
0.522852
-0.892365
0.274619
0.691993
-0.125878
0.217097
0.853719
0.577957
-0.822738
-0.916716
-0.408433
-0.541205
0.447473
-0.348175
0.482541
0.639957
0.00215369
1.02058
0.277225
0.175817
1.17268
-0.397131
1.18144
0.382865
-0.0645162
0.652028
-0.224937
1.01637
-1.05885
0.237938
0.417829
-0.00640175
-0.814156
-0.0246705
-0.163161
-0.9336
-0.328777
1.01759
0.779683
0.916081
-0.206048
0.348597
1.47402
0.0764986
0.437474
0.492605
-0.217046
0.303258
-0.771389
0.537654
-0.323363
-0.687598
0.0819674
-0.164648
-0.609379
-0.580719
-0.478031
0.340629
0.157232
0.238851
-0.716966
-0.0348142
-0.643509
0.955738
-1.10101
-0.791726
-0.0261681
0.289213
-0.194973
0.110819
0.515666
0.905148
-0.625843
-0.716948
-0.060168
0.306763
0.444565
0.033146
0.620883
-1.16993
0.47532
-0.517416
0.606075
0.164602
1.64497
0.87414
-0.666962
0.116351
-0.4634
-0.749089
0.381748
0.320157
0.247784
0.135332
-0.1922
-0.985071
0.149359
-1.33317
0.132702
-0.359098
0.496413
-0.511875
-0.67168
0.483425
-0.0210248
0.6478
-0.659768
-0.237943
0.489716
0.00904328
0.956924
-0.555713
-0.493282
0.0217675
0.165207
0.393101
0.383461
0.56374
0.310539
0.476096
-0.614598
-0.080659
-0.893589
-0.162086
-0.600818
0.337912
-0.505167
-0.0781823
0.0824504
1.29717
-0.0546194
-0.505695
-0.629075
-0.446889
-0.595756
-0.193627
-0.443817
-1.00007
0.0038796
-0.771728
0.596129
0.367977
-0.0567035
-0.621746
0.0385377
0.26035
-0.199947
-0.195918
0.223787
0.721637
-0.999218
-0.130897
-0.395038
-0.0424724
-0.386032
-0.707286
0.0191254
-0.549623
-0.787733
-0.751634
-0.902683
-0.356977
0.469693
-1.19141
-0.0290527
-0.0190813
-0.086501
-0.857208
0.622348
1.17763
0.219591
0.438108
-0.0803073
0.522119
0.217069
0.34309
0.173094
-0.394266
0.346368
-1.07987
0.0471048
-0.775927
0.776219
-0.988934
0.467708
0.348745
1.7291
0.00221653
-0.206545
0.824721
1.02563
-0.180438
0.0918083
0.660329
0.563356
-0.527119
-0.217068
-0.662275
-0.568869
0.809527
0.933184
0.232543
-0.0257481
-0.742156
0.0322346
-0.827378
-0.000929455
-0.0467107
0.703339
0.644307
-0.370199
0.481844
0.807243
0.100902
-0.185058
0.114859
1.1148
0.219469
-0.532403
0.530958
1.19608
-0.0380282
0.376615
0.454932
-0.123626
0.146188
0.337741
0.85825
0.116725
-0.232328
-0.171115
0.0621189
0.0415274
1.5609
-0.775939
0.0922204
0.507376
-0.104094
0.322617
0.804976
0.165207
0.307565
-0.376645
0.650241
0.65524
-0.195864
-0.043918
0.294882
-0.0755174
-0.484147
-0.122751
-0.0486794
0.409004
1.32349
-0.145597
0.963465
-1.26029
0.289993
-0.468961
-0.372446
-0.168411
0.760202
0.161085
-0.240611
-0.384799
0.50657
-0.000203994
0.117327
-0.24171
-0.242152
0.226989
-0.0547539
0.546668
-0.0352306
-0.165867
-0.504802
0.0851516
-0.0572743
0.718986
0.300193
0.414582
0.642562
0.17179
-0.404159
0.27363
-0.662841
-0.430183
-0.433067
0.188173
-0.307949
0.281795
0.219142
0.803552
0.340652
-0.694351
-0.355246
-0.381138
-0.895982
-0.168632
-0.763596
0.371626
-0.0669064
0.182292
0.862614
-0.205089
-0.733724
-0.66315
-0.565518
0.134875
-0.699081
0.656692
0.732591
-0.213163
-0.631216
0.632923
0.446168
-0.228764
0.45197
-0.204015
-0.167134
-0.805516
-0.0898821
0.585267
0.131978
0.319985
0.830397
-0.566317
-0.607253
0.16371
0.946005
-0.214727
0.137923
-0.411686
-0.815549
0.611018
-0.149611
0.695347
0.401759
0.106597
-0.168142
0.556823
-0.887571
0.625795
0.0183507
-0.260483
-1.36609
0.721561
-1.23982
-0.667742
-0.125098
0.142025
0.411853
-0.999075
-0.0462624
0.712223
0.12662
1.6687
-0.736998
-0.251568
0.0514012
0.244689
-0.0151726
-0.256856
0.525929
0.2872
-0.838997
0.333655
-0.309611
0.128221
-0.325384
0.230454
0.319064
-0.327152
-0.275859
-0.631202
-0.633034
-0.394813
0.867278
-0.525411
-0.982879
0.342379
-0.549274
-0.929717
0.783142
0.308287
0.565569
0.133127
-0.122739
0.188326
0.369475
0.124168
-0.455119
0.869435
0.571324
0.843844
0.545368
-0.025996
-0.143661
0.21041
0.156204
0.206751
-0.266841
-0.167874
-0.579628
-0.111413
0.789307
-0.750944
0.196896
0.810966
-0.0893433
0.264661
0.397495
0.194076
-0.189181
-0.488548
-0.82901
-0.350751
-0.315601
0.153404
-0.0670352
-0.412968
-0.0628759
0.211515
-0.00309957
-0.062028
-0.340715
-0.385313
-0.639075
-0.526295
0.46474
-0.2563
0.31401
0.473009
0.139418
0.241368
-0.238977
-0.0812473
0.196115
-0.38364
-0.493263
0.196123
0.448566
0.045997
0.0355928
0.237619
-1.26066
-0.899541
0.261075
0.201023
-0.118934
0.0246139
0.81841
0.319263
0.0394409
0.38392
0.210719
1.11317
-0.538816
0.71715
-0.461801
-0.291597
-1.31693
1.17037
0.761175
0.257598
0.150699
-0.405531
1.50305
-0.958466
-1.64129
1.68358
0.258315
-0.0818212
1.27465
-0.957789
-0.121334
-0.146706
0.682793
0.0181401
1.07423
-0.56057
0.0732694
0.381729
-0.451664
-0.390898
-0.337974
0.788334
0.0415809
-0.518494
0.00960427
-0.954351
0.212564
0.278888
1.09088
-0.184568
0.50564
-0.277864
-0.661061
-0.491544
0.148797
0.455669
-0.021225
0.29717
0.363602
-0.600305
-0.817962
-0.641187
-0.0798292
-0.58189
0.34632
-0.0935193
1.08064
-0.495927
-0.404692
-0.587321
0.407587
1.16777
0.124059
-0.642257
0.906363
-0.113013
-0.890633
-0.408498
-0.831334
0.792645
0.276705
-0.240635
0.599304
-0.366547
-0.210449
0.461537
-0.000974249
-0.541704
-0.414911
0.901165
-0.860809
-0.062278
0.841784
0.571577
-0.68743
0.0956466
-0.603705
-0.519577
0.0499172
0.367595
0.584918
-0.151853
0.0269948
0.630346
0.614912
-0.0602748
-1.38644
-0.245902
0.0503369
0.071239
1.19569
-0.635122
-0.10161
-0.601398
0.469196
-0.123476
-0.712718
0.0334548
0.202827
-0.16256
-0.646044
-0.266718
0.6863
-0.256464
0.36995
-0.606458
-0.28168
0.902893
0.0930681
-0.491876
0.39502
0.244881
-0.618132
0.195577
0.542922
0.985298
1.02413
0.625281
0.536921
-0.0389631
-0.878483
0.140227
0.163169
-0.19802
0.0507382
-0.529301
-0.0985689
-0.511932
0.669277
-0.00585224
0.466005
-0.389183
-0.498694
0.537066
-0.747127
-0.430858
0.644619
0.606087
-0.285214
0.00634184
-1.06886
-0.7452
-0.201925
-0.00908868
1.11797
0.321925
0.981975
0.752963
-0.545071
0.459686
-0.441929
0.036552
0.139663
0.0609461
0.113354
-0.00334749
0.103228
-0.842024
0.274263
-0.0830811
-0.410743
-0.379971
0.759662
-0.338936
-1.21427
0.330962
-0.25246
-1.40808
0.530489
-0.243123
0.129927
0.689427
0.0974433
-0.127779
0.304715
0.240653
1.02058
0.357215
0.379255
-0.971511
0.151674
-0.126146
-0.0371984
0.115945
-0.00259342
0.411496
0.829023
-0.131153
0.213711
0.725283
-0.146206
0.13318
0.41869
0.418669
-0.48746
-0.0393364
0.314581
1.59913
0.505557
-1.03687
-0.0209502
0.732914
0.221367
0.109161
0.36018
0.232963
0.484982
0.132261
0.247448
-0.254191
-0.15304
0.939915
0.0553967
-1.14572
-0.452003
-0.412374
-0.586484
0.181636
-0.487482
0.449945
-0.639317
1.13717
-0.163751
0.00626475
0.529273
0.0243871
0.451978
-0.451986
-0.083325
0.759658
-0.159259
-0.304901
-0.738951
0.618271
0.259088
-0.109581
0.0448464
-0.625584
0.190729
0.741402
0.147078
-0.941157
0.157034
-0.158552
0.173404
0.88076
0.101866
-0.270731
-0.146327
1.1972
-0.801986
-0.945505
0.56518
0.980967
0.354722
0.0405237
-0.7858
-0.0561177
-1.08598
0.413068
0.254217
-0.0401603
-0.355518
-0.275177
0.701172
-0.64052
0.0665299
0.31385
0.647624
0.727261
-1.63986
-0.629936
1.00312
-0.408526
-0.0610898
0.321305
0.659474
1.21426
1.13061
-0.250097
1.5063
-0.631111
-0.255487
0.492223
-0.0458866
0.180698
0.263816
-0.497893
-0.434424
0.386982
-0.430757
-0.235197
0.476897
0.315498
-1.17321
-0.12661
-0.282689
0.778703
-0.180117
-0.225697
-0.463778
-0.226881
-0.144746
0.594535
0.848607
-0.296542
0.777551
-0.14218
1.47349
0.670617
-0.253485
-0.391384
-0.79508
0.00418451
-0.932406
-0.351805
-0.302299
-0.122106
-0.55605
0.352002
-0.695673
-0.623375
-0.407078
0.561358
0.394216
0.769021
0.0909457
-0.355768
0.414876
-0.22532
0.233591
0.615318
-0.172568
0.589929
0.839544
-0.218231
-0.546024
-0.494723
0.178034
-0.891817
0.772805
0.658425
0.0637269
0.675604
0.716833
0.128596
-0.261259
-0.931318
-0.925303
-0.294345
-0.150058
-0.0160269
1.20708
0.480622
-0.532561
-0.485097
0.286959
-0.819876
0.566124
0.117516
-0.125095
-0.325816
0.0571964
0.7473
-0.631661
-0.293258
0.409883
-0.137817
0.368589
0.22228
-0.0339287
0.466476
-0.154734
0.649426
-0.110585
0.286589
-0.941091
0.554841
-0.403045
-1.08589
-0.123372
-0.246939
0.546582
-0.524566
0.611202
0.770695
0.073044
-0.52314
0.126516
0.859481
-0.607298
-0.221882
-0.413714
-0.588072
0.00903333
-0.104816
0.799406
-0.565716
-0.195511
-0.808456
-0.243576
0.302282
0.177493
0.0360537
0.906993
0.177428
-0.0317734
-0.449125
-0.354512
0.488672
0.567144
0.0077929
-0.0811164
-1.00908
0.340353
0.188688
0.557968
0.725131
0.693685
0.86602
-0.145316
-0.102806
-0.295709
0.864341
0.0750857
-0.741045
-0.410096
0.34719
0.206915
0.0486237
-0.595564
-0.52495
1.03234
0.190026
-0.0835206
-0.200999
0.843694
-0.415369
1.22381
-0.687382
1.39607
0.11892
1.30938
-0.394835
-0.335637
0.058291
0.303685
0.419307
0.464956
-0.485457
-0.38006
0.779524
0.278836
-0.913631
-0.147102
-0.083145
0.238813
-0.750012
0.394974
0.257926
0.850283
-0.495985
0.437215
-0.759211
0.197222
-0.316036
-0.530874
-0.0946061
0.602449
-0.00623149
-1.37071
0.0991395
0.588528
-0.0145995
0.142607
-0.256334
-1.29962
-0.482026
0.492971
1.04104
0.471426
-0.232577
-0.0394538
0.259874
-0.281476
0.373784
0.362206
-0.452453
-0.405731
-0.781932
0.0854841
0.875978
0.291007
-0.0938228
0.0920919
-0.150725
-0.0162505
-0.665514
0.270638
-0.428423
0.918249
0.149588
0.0891139
0.199987
-1.16936
0.453771
-0.276351
-0.21798
-1.12502
-0.4266
0.896275
-0.942505
0.904738
0.444346
0.297875
0.258037
-0.288941
0.128719
-0.464842
0.0299971
-0.60998
0.148613
0.541111
0.086803
0.146568
-0.150198
-0.0485135
-0.400258
-0.338286
-1.06638
-0.554745
0.166054
-0.0803553
0.127848
-0.693141
0.727771
-0.806934
0.151699
-0.0507695
0.655635
-0.771468
0.638965
-0.290869
0.14959
-0.0174661
0.0203765
1.6164
0.226647
-0.949655
-0.474613
-0.0412624
0.12675
-0.780853
0.13658
0.132437
-0.493554
-0.432749
0.127595
0.259692
-0.561727
0.35239
0.504388
0.183146
0.58172
-0.745418
0.41228
0.0156079
-1.20026
-0.150911
0.502718
-0.018783
-0.364946
0.373607
0.199421
0.759481
-0.412449
1.08691
0.686069
-0.0483123
0.674608
-0.288879
0.39478
-0.568262
0.0821402
-0.87945
-0.142473
0.865348
0.670916
0.0255162
1.24828
1.26331
0.278957
0.359856
0.650348
0.311162
-0.704732
-0.871869
-1.03438
0.432998
-0.675418
-0.177234
-0.89301
-0.49891
-0.251212
0.300873
-0.812046
0.624032
-0.373281
-0.414042
-0.0477399
0.817127
-0.622905
-0.515538
0.161745
0.10391
0.238743
0.686383
-0.0435739
0.0373389
0.0572109
0.339526
-0.666292
-0.0356129
0.132074
0.866093
0.449461
1.14919
0.294529
0.423777
0.804471
0.62632
0.26121
0.148485
-0.0264827
0.197562
0.288078
0.116333
-0.00377324
-0.936914
-0.400723
-0.516969
-0.0814026
0.806087
0.857136
-0.236272
0.341983
0.646121
1.14434
0.195473
-0.739641
0.332772
0.290377
0.310724
0.903789
-0.0391285
0.617219
-0.564401
0.183096
-0.892452
-0.0508099
-0.0727386
0.0374349
0.339907
0.620985
-0.23544
0.101413
0.608818
-0.435934
0.592294
0.725915
0.818138
-0.457496
-0.464039
0.626207
0.681199
-0.438651
0.334013
-1.02387
-0.414797
-0.368124
0.474884
0.477718
-0.137995
0.695493
-0.590173
-0.940345
0.513678
0.313687
0.213715
-0.00403233
0.873815
0.47669
-0.176305
0.49832
0.167745
0.560514
-0.220518
0.540618
-0.00662939
0.144385
0.0847995
0.336793
-0.244193
0.681237
-0.215495
0.367778
-0.518704
-0.538777
0.86866
-1.02013
-0.164759
-0.413786
0.0585357
-0.0932597
0.21151
-0.33496
0.111143
-1.35969
0.388817
0.492146
-0.902993
-0.441316
-0.663435
0.0678256
-0.0179783
0.535641
0.523186
-0.0622128
0.748627
0.324794
-0.350738
-0.258471
-0.416592
0.646185
0.683227
-0.0254814
-0.593612
-0.282825
0.144995
-0.44132
0.726356
0.242193
0.252089
-0.90496
0.0556967
0.892577
-0.594322
0.907192
-0.951216
-0.474862
0.662687
-0.634429
0.406803
0.111848
0.282946
0.0209805
0.553348
0.112326
-0.0729554
-0.0333488
-0.759615
-0.573503
-0.943946
-0.971583
0.521719
-1.19223
-0.130462
1.34014
-0.222451
0.979821
-0.0452765
0.0948496
0.701582
-0.932176
0.394441
-0.41287
-0.22136
0.0282829
-0.799889
0.512417
-0.659184
0.43907
0.434009
-0.713546
-0.333077
0.935246
-0.0842187
0.46461
-0.0586084
0.206856
-0.378771
-0.210721
-0.711857
-0.167164
0.468237
-0.761375
-0.513618
0.401204
1.15618
-0.00807462
-0.710304
-0.0795053
0.548606
-0.304117
0.512593
0.515093
0.49556
0.0725879
1.0931
0.523917
0.0994765
-0.236736
-0.636155
-0.998989
0.860449
-0.781043
0.623965
0.224936
0.661865
0.719018
0.387082
0.349704
0.28636
-0.0452578
-0.0200728
-0.630073
-0.0128179
-0.571242
-0.18332
1.32137
0.333835
1.60267
-0.23673
-0.406106
0.0378852
-0.0905456
0.287898
-0.505886
-0.667121
-0.0461815
-0.48337
0.506869
