0.751902
-0.292017
0.437825
-0.287274
0.377165
-1.96694
-0.0739094
-0.0589911
0.481032
0.0496185
0.919995
-0.158218
0.108275
0.528408
-0.320004
-0.710552
0.847066
0.555652
-0.595767
-0.630637
-0.521249
0.785707
-0.516354
0.358249
-1.12611
-0.934615
0.12904
-0.471437
0.52724
0.600932
0.359057
0.350841
-1.18894
-0.250686
0.062812
0.759784
-0.266312
-0.378154
0.228604
0.710503
-0.0966908
0.787271
0.209159
-0.484999
-0.368089
0.148515
0.138047
-0.829786
1.04899
0.505636
1.03972
0.573994
0.183305
-0.583412
0.87976
-0.378791
-0.669421
0.651886
0.62728
-1.09267
-0.15042
0.61872
-0.866669
-0.485555
0.0634035
-0.706981
-0.385995
-0.113085
0.745344
0.270707
1.44095
1.04046
-0.907751
1.1621
1.25543
1.60253
-0.664016
0.165855
-0.224005
0.062337
0.65645
0.612604
1.09322
0.529186
-0.437958
-0.968751
0.150792
1.58711
-0.0037374
-0.335329
0.993114
-0.50661
0.163871
-0.611446
0.50031
-0.0257348
-0.228767
-0.303984
0.207533
1.43523
-0.266673
-0.229098
0.659169
1.03176
-0.983441
0.591231
-0.0766566
-0.621793
0.823525
-1.43459
0.429231
1.02883
-0.725375
0.742896
0.0174393
-0.791233
-0.845764
0.284253
0.817949
-0.579209
1.11406
1.3058
1.02162
-0.620408
1.32554
-0.606508
0.0466282
-0.104799
0.809652
-1.19061
0.954566
1.16159
-0.677823
-0.169528
0.295075
0.0591302
-0.515592
1.00227
0.314292
0.846641
-0.351252
0.840708
2.40709
0.594141
0.667497
0.342712
-0.786546
0.622294
-0.0980986
1.12107
-1.53198
0.898364
-1.04475
0.34404
1.52121
-0.277822
-0.0274471
1.20156
1.23886
0.0682582
-0.176369
0.0856277
-0.663662
-0.298656
0.255057
-0.479026
0.0805552
0.272568
0.816879
-0.916948
-1.46304
-0.751132
0.597054
-0.698938
1.25984
-0.734673
-0.525258
0.190686
1.32459
1.33366
-0.784801
0.718567
0.257573
-0.309376
1.3482
-0.0458951
0.84654
0.359602
-1.48071
-1.33686
0.101048
0.471577
-0.448122
-1.66759
0.257773
-0.33439
-0.869771
-0.41872
0.440057
1.47308
1.2571
-0.200188
1.21041
-1.28582
-0.613433
0.523202
0.194945
-0.346826
-0.750722
-0.684829
0.245296
0.748173
-0.200481
-0.417191
0.747778
-1.50613
-0.604732
-0.329506
1.85959
-0.0875317
0.978323
0.998529
0.658072
0.28343
-1.71865
1.9029
0.0967867
-0.257467
-1.06864
-0.389928
-0.23307
0.852496
-0.835158
0.113897
0.844611
-0.562848
1.04824
0.0538259
-0.426428
0.0593478
-1.93455
0.814274
-0.44135
-0.598574
-1.86822
-1.72943
0.157804
0.27445
-0.461581
0.529844
0.60312
-1.25831
0.388824
0.343868
0.17628
-1.51959
0.814834
-0.42039
-1.45275
-1.27572
-0.228517
2.15121
-0.710372
-1.06637
-1.2557
-0.517977
0.903835
1.90496
0.307962
-0.864192
0.496731
0.246416
-0.252619
-0.224448
-1.62082
0.487557
0.982738
0.177032
0.801662
0.257837
0.806337
1.27334
0.513234
1.62523
-1.40112
1.02669
0.994882
-1.13717
-0.782507
0.128686
-0.396195
-0.805045
-0.0699243
-0.506744
0.614504
-0.048621
-0.0884443
-1.70143
1.3783
-1.12211
-0.640282
0.280772
1.43189
-0.110217
-1.42288
-1.02817
0.376836
0.687722
0.585368
-1.34196
2.09385
-0.494508
0.352992
-0.285082
0.269588
1.09845
0.1242
-0.88557
1.30759
0.560005
-0.0529645
-1.64497
-0.0769553
-0.900036
1.51592
0.413493
-0.145411
0.0299095
0.551696
-0.0749137
-0.239262
-0.309705
-0.0945476
-0.700648
1.6242
-0.313225
0.226598
-1.0397
0.66261
0.896043
-0.54041
0.941938
1.01027
-0.490233
-0.7623
0.493997
0.105412
1.11955
-0.0933842
-1.35226
0.0523188
1.21663
-0.35632
1.00177
0.479936
0.323587
-0.540508
0.218185
-0.562848
-0.352861
0.275441
0.473218
-0.204935
-1.10671
-0.108644
0.594339
-0.141929
-0.743274
-0.290305
-0.88812
-1.24568
-1.43699
-0.679703
1.15931
0.494449
-0.141508
-1.29307
0.926317
1.21651
0.651098
0.148667
1.32882
0.785987
0.514238
-1.31852
0.520485
0.0494766
1.12853
1.15944
-0.390488
-0.063821
1.37793
-0.681104
1.05748
0.0941328
-0.920421
0.714924
-0.282306
-0.679047
0.578148
1.05871
-1.42336
-0.444271
-1.22732
-0.140866
0.654001
-0.841923
0.0334017
-0.137328
1.27539
-0.247921
-0.630811
-0.0755613
-0.525583
-0.313035
0.144373
0.307834
0.821429
-0.887111
-1.92846
-1.11483
0.847721
-0.0709454
0.58264
-0.395283
0.385155
0.15899
0.00509971
-0.359204
-0.0449729
0.828697
-1.51694
0.447169
0.62969
-1.33282
0.534675
0.370863
0.0677988
-0.470419
-0.173156
-0.290878
0.88526
-0.877163
0.0399848
0.892093
-0.112693
-0.739749
-1.99255
1.28562
0.550114
0.903444
0.23827
0.115993
-0.428745
0.312968
-0.938226
0.479095
-0.29856
-0.0181389
1.03009
0.456489
-1.06719
0.168891
-1.76464
0.560922
0.697535
0.299473
-0.463196
-0.51006
0.717914
-0.351029
-0.460168
-0.554709
0.553598
-0.471764
-0.619297
-0.384117
-1.45369
-1.13641
-0.4244
0.125695
0.321069
-0.56965
0.967394
1.6499
-0.129743
-1.37286
-0.187506
-1.26469
0.772486
0.858391
-0.276001
-0.697944
0.45408
0.175036
0.0465342
-1.04916
-0.0837321
0.678376
0.0964186
1.56816
-0.158349
0.000157925
0.897206
0.83179
0.914229
-0.493015
-0.512218
0.976757
-1.47573
-1.23987
-1.65617
-0.711353
0.817169
-0.275636
-1.31351
0.604004
1.17111
-1.816
1.4736
1.63645
-0.270056
0.0208507
0.741636
0.80969
0.744628
-0.482086
0.122238
1.85084
-0.0680093
-0.471241
-0.833338
-0.841048
-0.0550314
-1.50411
0.28254
0.421905
0.71451
0.359463
0.337351
-0.285031
0.764465
-0.964794
-0.225935
1.00471
0.200515
-0.130587
0.0233914
-0.299043
-0.0178565
0.405709
0.135117
-0.334275
0.252009
1.92125
0.153761
1.08172
0.636165
0.684467
2.02201
-0.110689
-0.20975
-2.16622
-1.17475
-1.17034
-1.09135
0.259711
-0.841167
-0.922724
-0.0669783
0.0593374
0.378545
0.162241
-0.393339
0.623925
-0.467961
0.335231
-1.86242
-0.0343343
0.886242
0.0950807
0.795628
0.106673
-0.0894496
1.29037
-1.40433
0.568354
-0.00576103
-0.12551
0.586481
0.0490888
0.356384
0.246303
0.777911
-1.05381
0.0952864
0.0265181
0.062348
0.887517
0.0487744
0.00442475
-0.222408
0.926688
-0.016896
-0.720887
0.663036
-1.31264
-0.0118908
0.156152
-1.56551
0.215496
-0.356837
-1.13706
0.649342
-0.214346
0.99886
-0.648932
1.08406
-1.30868
0.261131
-0.257774
0.934141
1.18573
-0.357112
1.00132
0.196396
0.510483
0.282901
-0.246082
-1.08068
0.47522
0.0588949
0.738993
-0.544597
-0.78982
-0.0314578
0.524262
1.68371
-1.0837
-0.566961
-0.648183
-0.0258767
-0.00454382
-0.096115
0.0884455
0.246404
-0.454024
-1.18555
0.362269
-1.08038
0.822302
-1.22644
0.965718
-0.25973
0.127712
0.0951699
-1.26441
-0.333142
0.829308
-0.689801
-0.451722
-0.112912
-0.193581
-0.92757
0.15262
-1.08496
0.999923
-0.406093
0.021145
1.36272
0.561614
0.00889024
1.4194
-0.220623
0.860387
0.276275
0.259805
-0.41834
-0.279225
-0.911926
1.22697
0.397087
-1.04184
-0.394657
1.85556
0.664447
-0.204093
-2.01094
-0.816483
-0.282258
-0.646388
0.793738
-0.221257
-0.762419
0.439834
0.460754
-0.161143
-0.288556
0.224928
-0.0976075
-1.76305
0.57292
-0.506202
-0.156847
-1.93787
-0.20199
0.156201
0.626782
0.00034355
0.116955
-0.326644
-0.409807
0.420836
-0.395003
1.66789
0.634906
-0.0432519
0.442535
-0.00984163
1.10958
0.0631702
-0.388418
-0.532929
-1.07474
-0.444624
0.761601
-1.16368
-0.858138
-0.745772
0.672
-0.0646122
-0.153364
-0.0945404
0.893459
-0.342972
-0.739156
0.744205
-1.28597
0.531235
-0.437956
-1.20219
-0.239712
0.800193
-1.23842
0.56014
1.12828
0.941517
-0.00983028
-1.13537
1.39633
0.0970913
-0.590951
-0.961634
1.03471
0.0813234
-0.912741
0.539338
-0.526968
-0.230073
0.46816
-1.53947
0.298133
1.03124
-0.00695423
0.254805
-0.483453
-0.138154
-0.189809
0.188532
-0.443265
-0.934444
-0.273888
-1.59164
-0.0935807
-0.568448
-0.131157
-0.491909
1.19491
-0.501669
-0.495257
0.0443033
-0.329858
0.363598
-0.433137
-1.5081
-1.54855
-0.0834442
-2.35786
0.634269
-0.213046
-0.35129
-0.832131
0.285878
0.025433
0.44893
0.228988
0.138904
-0.574971
1.1184
0.40188
-1.1557
-0.932259
0.611899
0.517649
0.0745169
-0.496277
-0.798592
-0.969284
1.5118
-0.516334
-1.60801
-1.23589
-0.157158
-0.173539
-0.831865
1.30435
0.96271
0.265542
-0.792476
-0.392161
-2.00954
-0.912243
-1.41578
0.213695
-0.265289
-1.19286
0.188172
0.368248
1.31752
0.670459
-0.355724
-0.965685
-0.56251
0.484961
-0.0699861
-1.34134
-0.0596864
1.20277
-0.996648
0.339194
-0.452398
-0.398058
-0.906751
-0.0127153
-0.560674
-0.429796
-0.635579
0.57579
0.17441
-1.09047
0.00855115
-0.121297
0.256742
0.57204
0.146465
-0.596899
1.24815
0.0785545
-0.173604
1.31181
-0.473749
1.30285
1.44123
-0.448506
1.15824
1.37022
0.29507
0.550058
0.73543
-1.53074
-0.478456
-0.365904
-1.82136
0.369267
1.81211
0.130719
-0.177336
-0.681547
0.693943
-1.09297
-0.177653
-0.256208
1.36291
0.172385
-0.290449
-1.60573
0.274207
-0.583523
0.801622
2.06826
-1.26182
-1.46856
0.948927
0.474336
1.78131
-0.213155
0.540704
-0.90267
-0.0675209
0.471969
0.369248
0.052261
0.543958
-0.0563786
-0.92806
-1.49214
-0.619519
-0.986903
-2.3037
-0.0278848
-0.608102
1.04821
-1.9921
-0.798028
0.0917485
0.962418
-0.0694351
0.410757
-0.917636
-0.168269
-1.92318
1.38749
0.434647
-1.58262
-0.0195478
0.559922
-0.18688
0.288229
-1.65721
1.54116
0.603211
-0.713558
-1.15871
0.858345
1.10408
-0.787856
0.0954793
0.209002
-0.295344
-0.394745
-0.41792
0.315912
0.271783
-0.764466
-0.475546
-0.733312
-1.62206
1.70557
0.73231
-1.18229
0.283932
-0.334591
-0.612365
1.11262
1.25263
0.0517431
-0.70462
1.11684
1.46489
-0.858335
-0.410211
-0.76154
-0.0193175
0.337383
-0.468467
-0.116287
-0.412487
-0.504552
-0.515357
-0.279963
-0.0407335
0.94041
0.558991
0.332737
0.299606
-0.813298
-0.561043
0.0868247
0.187001
-0.593621
-0.101099
-1.51049
-1.01151
0.62329
-0.273019
-0.858854
0.588099
-0.124362
-1.06409
0.500551
-0.0856561
0.711405
-0.216657
-0.128872
0.400176
-1.13103
-0.631245
-0.190827
-0.655331
1.47984
-0.708411
0.617798
0.650808
0.690584
-0.583562
-0.559688
0.125712
-0.310889
0.733445
-1.06235
0.116521
0.0930215
0.486605
0.414912
-0.110304
-0.521305
0.125024
-0.637841
0.315406
0.406266
-0.778024
-0.972928
1.52632
-0.595462
-0.474412
-0.72654
0.916574
-1.04898
-0.0485997
-0.36958
-0.273834
0.115829
-0.411072
-0.62323
-0.0902396
-0.56768
0.525961
0.569684
0.332135
-0.0710203
0.202109
-0.726922
-0.571759
-1.12898
0.0561702
0.997449
0.171384
1.79373
-0.945776
-0.0217159
0.683353
-0.759356
1.15078
-0.518282
-0.439547
-1.52288
-0.735339
0.417269
-0.881344
0.207113
-0.921274
0.519326
0.781722
0.217353
0.382614
0.0429625
0.273972
-0.322701
0.3326
1.13055
0.370355
-0.0166559
0.758532
-0.737865
-1.30706
-0.396981
0.339466
1.00126
-0.430521
0.284005
-1.00631
-0.0603177
-0.251769
-0.371969
0.472256
-0.358253
0.549389
-0.185747
-0.0173785
0.789804
-0.230335
0.125705
-1.88404
-0.05049
-0.353436
-1.26024
-0.338373
-0.280611
0.887554
0.234342
0.594421
0.883766
1.12398
1.15186
-0.76887
0.313891
-0.978677
-1.81126
0.540321
-0.484192
0.692651
-0.931896
-0.056925
1.05438
0.174598
0.773301
0.148854
-1.73464
-0.506446
0.62596
0.176061
-0.00667759
-0.69673
-0.121453
-0.405305
-0.759946
-0.139455
-0.229649
-0.0223905
-0.325705
0.55829
-0.427518
-0.0234727
0.334988
0.0573241
-0.376973
-0.51798
1.1123
-0.498184
0.0163464
0.459669
-0.652252
-0.345328
0.512979
0.458839
0.00845287
-0.580608
-2.35817
-1.16242
-0.565584
1.22054
-0.19652
-0.399468
-0.228958
1.66692
-0.022069
0.651603
1.08655
-1.36404
0.453645
-0.78493
-0.462553
0.285438
1.4082
-0.585777
-0.39539
-0.0680221
-0.672257
-1.19096
-0.466482
0.0343014
-0.738802
1.31589
0.150618
1.06418
0.968613
0.133941
-0.115128
-0.0441808
-0.759125
0.173378
-1.20739
0.879117
-1.22975
-0.931501
-0.753438
-0.23599
0.364831
-1.09486
1.89091
0.0252857
-0.160109
-0.525528
-0.253945
0.0343765
0.657272
-0.979948
-0.752445
-0.74373
-1.05409
-0.347341
0.355119
-0.662608
-0.187324
0.880527
-0.333475
-0.0495352
0.218964
-0.673774
0.257524
0.906
-0.559843
-0.413398
0.0439377
1.02444
1.05593
-0.383793
0.0801559
-0.969799
-0.968058
-0.294626
0.595695
1.30837
0.940268
0.27396
-0.440238
-0.0735611
0.0276285
0.212695
0.984696
-1.33835
-0.234432
-0.777189
0.809553
1.09185
1.60179
0.0907152
-0.595242
0.233587
-0.0313393
0.916636
1.35421
0.768643
-1.56238
0.24929
0.827421
0.0993449
1.40802
0.299805
0.087602
1.03023
-0.280641
-1.6484
-0.714732
0.418278
1.48877
-0.217933
-0.0653903
0.603683
-2.09085
1.00325
0.251892
-0.182712
-0.689869
0.219036
0.503699
1.01429
-0.0708099
0.297128
-1.52281
0.224034
-0.211237
0.576759
0.30097
1.27688
-1.70132
1.75085
-0.911165
0.769729
0.212926
-0.522762
-0.12282
0.741091
0.131471
0.154942
1.05585
-0.270128
-1.33248
1.11298
-0.490911
-1.28959
-0.416945
-0.458284
0.718891
1.08407
0.793881
0.354933
-0.881287
0.387965
-0.427863
-0.474275
-1.30315
0.108539
0.990855
-1.37987
-1.71946
-0.202206
1.36512
-0.384778
-0.366774
0.61864
-0.773255
-0.0115928
-0.349454
-0.0079477
-0.71156
0.291002
0.588317
-1.04715
-1.45607
0.935629
-0.447042
2.49003
-0.0131673
1.1915
1.12659
-0.173503
-0.776693
0.236878
-0.343442
-0.779574
-0.372185
0.349846
0.162718
1.22435
0.585277
-0.19224
0.947943
1.55692
-0.585271
-0.303152
-0.278269
-1.03315
-0.752614
-0.289042
1.1703
0.972681
0.697651
0.895103
-0.652112
0.059266
1.32718
-0.529953
-1.06843
1.20728
-2.15487
-0.915289
0.762661
0.533345
0.96847
-0.0640984
-0.612117
0.589038
1.86625
-0.167938
-0.404129
-0.577774
-1.8432
-1.08059
-0.205419
-0.250848
0.281618
0.572788
0.881195
-0.913647
-1.23031
-0.558534
0.295977
0.545415
0.195159
-0.573281
-1.18687
-0.722978
-0.421166
0.195096
-0.723651
0.142178
-2.25198
-0.00893512
0.864992
0.496433
-0.21019
1.64729
-0.0786237
1.1473
-1.46181
1.23013
1.07128
-0.10465
2.10305
0.252561
-0.383679
1.06452
-1.11539
-1.10176
-0.204063
0.422277
-0.87161
-1.45378
0.268667
-0.574362
1.36423
-0.00620714
0.0368685
1.2515
0.0747922
0.785351
-0.282928
-0.595134
0.341297
0.688826
0.532147
-0.926773
0.634947
0.404405
-1.4964
0.755358
-0.548825
-0.306994
-1.1974
-0.54524
-0.20002
-0.658263
1.39521
-0.616619
-0.350194
0.565179
-1.07918
-0.151653
0.166482
0.839238
0.307893
0.816577
0.813096
0.771642
-0.910706
-1.94264
0.579982
-0.433013
-0.578275
0.48793
0.695456
0.2032
0.105854
-0.588783
0.139466
1.66869
-0.713393
-0.366161
0.635921
1.29016
-0.684902
0.0804766
1.26118
-1.11123
0.297879
-0.465713
-0.565723
1.30976
-0.747989
1.02869
-0.646296
1.15242
-0.668252
-0.186734
0.199808
0.321798
-0.417193
0.304981
0.779275
1.42589
-0.209149
0.992812
-0.271327
0.237762
0.926345
0.793394
-0.482971
0.664938
0.0149139
-0.185353
0.50105
-0.756888
0.59647
0.028318
1.32044
-0.945155
-0.824557
-0.930984
-0.440986
-0.129294
0.424773
0.217109
-0.740341
-0.999813
-1.19849
-0.662926
-0.0509747
-1.20625
0.252407
-0.205092
0.00526276
-1.93011
0.268461
0.33184
-0.307798
0.672229
-0.0764681
0.02508
-0.649068
0.810014
1.38259
-0.570205
0.0955455
-0.209609
-1.38197
0.0952492
0.604591
0.206094
-0.61955
1.2191
0.808102
0.25039
-1.10073
1.14294
0.120754
-0.454126
0.21256
-1.13744
-0.674964
1.68527
-0.173808
0.254149
-0.42517
1.21395
0.85381
0.0921126
-0.563697
0.436686
0.101532
-0.0544864
-0.983255
0.439377
0.110896
0.37232
0.208547
-0.351806
1.3293
-0.0182822
-1.456
0.953357
1.22769
0.590489
-0.91817
0.37328
-0.830447
0.734603
-0.420911
-0.183571
-0.0556425
0.775428
-1.39063
-2.15618
-1.62475
-0.598079
1.02521
-0.134096
0.706044
0.280936
0.221829
0.376301
0.274129
-1.2779
0.0356694
0.271124
0.32281
1.98609
-0.860399
2.29067
0.446411
-0.484023
-1.02833
-0.498749
-1.88928
1.35256
0.382814
-0.293027
-1.07545
-0.59364
0.214596
-0.591369
-1.27118
-0.291453
0.96451
0.433767
0.0236607
-0.124804
-0.0409957
1.96355
0.892419
-0.325202
1.09479
-0.727288
-0.400962
-1.07035
0.118577
-0.4892
0.884097
1.00616
-0.621236
0.466845
-1.30791
-0.36337
0.104744
0.878636
0.0840581
1.16125
1.89736
-0.234848
1.55228
0.15534
-0.104025
0.905744
-1.52798
0.202035
0.54196
1.04477
-0.811866
-1.05466
1.5729
-0.107329
-0.501521
-1.47299
0.152745
0.350803
-0.684974
-0.0923057
-0.215912
-0.233714
0.00928176
-0.114389
1.10988
1.43455
0.16015
0.243995
-2.43165
-0.985347
0.611241
0.582843
0.611904
-0.390001
-0.315799
-0.359955
-0.483939
0.530998
0.658053
1.43486
0.439674
0.901211
0.169477
0.0613171
0.995963
-0.749293
0.554818
-0.164688
-0.0470205
-0.278134
-0.624562
-1.95499
0.132367
-1.00016
-1.15238
0.984044
-1.99515
-0.501973
0.263799
-0.941072
-0.340167
-0.456358
-1.15282
0.294881
0.743068
1.24052
-0.108199
0.937709
0.948819
-1.44442
-0.2676
-0.747301
-1.2819
1.31942
0.865882
2.15704
-0.390525
-0.687614
0.012729
-0.658686
0.324795
0.62329
-0.590273
1.31975
0.0658087
-0.760283
1.03755
-0.703191
-0.521667
0.540544
0.964889
0.229051
1.24327
-0.861146
-0.778074
-1.70356
-0.194528
0.0996526
0.195967
-0.220992
1.16816
-0.658504
-0.969522
-0.108189
-0.269178
-1.29083
-0.0642156
-0.138807
-0.170526
0.814597
1.16012
0.58544
0.539152
-0.550217
-0.607276
-0.159459
-1.28286
-0.49799
0.235986
-0.412874
-0.200645
1.05329
0.695664
-1.32054
0.657932
0.426296
-0.0665298
-0.53262
-0.20177
-0.0032467
1.23166
-0.324089
0.517256
-1.35558
0.800754
-0.524178
0.330227
0.773566
0.165078
-0.318186
0.126155
0.53835
0.486784
0.251889
0.62849
0.101508
-0.706896
0.0893521
1.34612
-0.184936
0.120303
0.625839
-1.75153
0.565821
0.242283
0.0185706
0.155646
-0.0114174
1.03212
0.601412
0.190544
-0.056683
-0.646728
1.15251
-0.501575
-0.488861
0.742042
0.112246
0.968904
0.916423
0.891681
0.213622
0.155113
0.685221
0.0550454
0.398639
0.305966
0.039224
0.633765
-0.425688
-0.598063
0.406422
0.429842
0.788928
-0.103658
0.0291658
-0.391189
-0.957734
-0.149367
0.832223
0.750737
-0.71408
0.359746
0.784186
-0.735415
-0.616775
0.0079108
-0.506842
-0.716142
-0.920141
1.12377
-0.49116
-0.810481
1.59842
0.591806
0.184193
-0.389831
0.171696
-0.87083
1.37023
-1.08412
1.0115
0.208345
2.5934
-0.8455
0.224864
-0.164161
-0.148726
-0.444749
0.726359
-0.537498
1.08751
-1.26315
-1.01378
1.67337
-0.62129
0.308356
-1.02029
-0.193129
-0.0770607
1.26899
-1.90863
-0.54944
0.335444
0.909751
-0.101018
0.854722
0.628755
-0.235648
0.20588
-1.31343
-0.754629
1.04757
1.25152
0.271911
0.353497
0.171797
-0.636458
-1.98795
0.337005
-0.517708
0.27174
0.918953
0.215183
0.035335
-0.615882
0.170963
0.279283
1.58096
-0.427055
0.80207
0.0777196
-1.23846
1.07361
1.99338
0.880274
0.504134
-0.0769915
-1.16182
0.95695
-1.27232
0.00934083
0.585222
0.000179313
-0.372344
-1.27817
-1.03892
1.41303
1.10856
-0.70255
0.463751
-0.704176
1.31558
-0.812023
-2.22921
-1.53851
0.473096
-1.66489
0.891563
-1.91186
1.25819
-1.09987
-1.27642
-0.381604
0.292098
0.64293
-0.139915
0.0154022
1.03603
-1.16793
-0.127507
-1.75186
-1.73826
0.325573
0.0810647
1.08996
0.270403
-0.0771618
0.343255
-1.12438
-0.0610746
0.542688
-0.55487
-0.110961
0.186941
2.01199
0.687838
0.666757
0.106365
-0.16992
0.160114
-0.161006
-0.439369
0.0928724
-0.581467
-0.63812
1.20399
1.17098
-0.374281
1.0182
0.375865
0.631124
-0.416429
-1.40109
0.524141
-0.70138
0.572516
0.644379
-2.78939
-0.857237
-1.16513
0.606506
-1.58542
-0.830495
0.13125
-0.652963
0.39597
0.65791
1.01567
0.806328
-0.0502072
1.61501
1.4835
0.551088
-1.04411
-0.736433
-0.279425
0.598356
1.26123
-0.0614476
-0.466401
0.173548
1.08377
1.56972
-1.40864
0.0844512
-0.0722576
0.120197
1.1458
0.958033
0.239214
0.694351
0.367261
-0.507445
-0.212934
0.539744
1.51018
0.475821
1.05313
0.120064
-0.900571
-1.44526
0.896461
-0.111088
0.284423
0.890765
-1.06876
-0.547316
0.480996
0.443935
0.370549
-0.728362
0.730822
0.302679
0.542797
0.63401
1.28902
0.409747
0.878815
1.42882
0.436299
1.06153
-0.48345
-0.32985
-1.96379
-0.250552
0.0245411
0.604302
1.29134
-0.507791
-1.53829
-0.932264
-1.24248
1.36949
0.110736
0.332772
0.393552
-0.433451
-1.19016
0.762129
-0.0778256
0.357246
0.590738
0.0271634
-0.416004
0.545468
-0.265643
-0.137766
-0.426409
-0.543504
-1.41574
-1.87192
-1.40655
1.1196
-0.149449
0.579845
-0.274425
0.578608
2.96494
-0.765464
0.0738442
-0.412903
1.35796
0.561828
0.491967
0.774368
-0.329309
0.877399
0.95627
0.744242
-0.182633
0.142646
-0.15761
-0.792892
-0.42236
-0.306439
0.0897064
2.35023
-1.1211
-0.322135
0.0127297
0.0581975
0.3513
-0.819991
1.10113
-0.197889
-0.0470441
0.98926
0.658651
1.53044
1.33694
0.113632
0.232663
-0.399884
0.180374
0.387297
-0.528435
-0.0111094
-0.101474
-0.408546
0.297415
0.456455
-1.03982
-0.385223
0.641143
-0.232795
-0.775225
-0.88036
-0.469052
0.978034
1.23104
0.203695
0.0302988
0.241028
0.0378463
0.293512
0.102424
1.74502
-1.77304
0.101885
-0.486119
-0.851335
-0.33835
-0.384869
1.44312
-0.63371
-0.492893
-1.14615
-0.630611
-0.921594
0.111051
0.97399
-0.405184
-0.510043
-0.447424
-0.393991
-0.411855
-0.0132928
0.231561
0.890017
-0.0141038
0.396991
-0.409371
0.19816
-0.250987
-1.06976
1.20664
-0.0459728
-0.666861
1.40248
0.713128
1.96996
0.0834655
0.113592
-0.502362
-0.110254
0.783811
-0.0180193
0.530321
0.780222
-0.225651
0.671378
0.0313681
-0.174949
-0.422007
-0.716365
0.0272058
-0.750959
-0.143952
0.606004
-1.11598
0.747399
1.09976
0.204374
0.24189
0.177264
1.41563
-1.42386
-0.826539
2.54586e-05
0.013375
-0.422498
0.61708
-0.0159821
0.253525
1.5453
0.696139
0.802835
1.17897
-0.39434
1.95164
0.0952115
-1.34074
-0.889547
-1.02981
-0.302922
-0.908097
0.826978
-1.39141
-2.21928
-0.3587
0.135315
-0.693288
-0.679036
0.643696
-1.6449
-0.680776
-0.720666
-1.69807
0.74167
1.10385
-0.853237
-0.288244
-0.264165
0.0311022
-0.000236575
-0.758003
0.724138
-0.608786
-0.434208
-0.998809
-0.209348
0.0236238
0.67047
-1.0324
0.339498
-0.0384193
-0.695829
-0.868163
-2.14692
0.716045
-0.851902
0.675711
0.599909
-0.0304725
-0.814329
-0.951946
-0.034148
-1.37502
0.662639
0.219284
0.689715
0.152549
0.134407
-0.485981
0.150457
1.27967
-0.756469
-0.563869
0.119112
0.857863
0.963388
0.315513
-0.444087
-1.82441
0.319871
1.59157
0.851963
0.722399
0.815889
0.145009
-0.0273859
-0.123179
-0.400297
-1.06149
0.909029
-1.11763
-0.466382
-0.601597
-1.17927
-0.291591
1.04044
0.497684
-1.77527
0.554592
-0.0902453
-0.141743
-0.303243
-0.897118
-0.0797503
-0.0410065
0.280941
0.166212
-0.412128
0.0105972
-0.298287
-0.754342
0.375225
0.423026
0.224854
1.40714
-1.30814
0.0609389
-1.47599
1.1175
-0.819793
-1.24233
-1.51882
-1.079
0.0913861
-0.0102372
-0.155425
0.810407
0.446173
0.707157
1.91011
-0.316762
0.29212
-0.553492
0.285854
0.100393
0.938723
0.0909939
1.86013
0.0739735
-0.0195968
1.66399
-0.569381
0.106143
-1.75261
0.723323
0.495861
-0.0227537
-0.20049
1.21328
1.36621
0.298699
-0.681581
0.897142
-0.786128
-0.92079
-0.344266
-0.455993
-0.549731
-0.713319
0.736467
0.265785
-0.475614
1.72329
-0.603286
1.23656
-1.95343
-0.0489346
-0.281072
-0.0907388
0.660564
-0.242875
1.73115
-0.0341941
-0.438334
-0.939447
-0.325433
0.134297
-0.067039
0.803785
0.0161958
0.0948061
-0.320109
-0.463458
-0.959699
-0.488408
1.32585
-0.0740949
-1.08917
-1.17761
-1.09128
-1.29819
-0.532901
-0.986869
0.761748
0.252461
1.2857
1.96603
-0.0401085
-0.88014
-1.20812
-0.0389125
-1.54259
0.604788
-0.0446273
0.776756
-0.0862323
0.0605617
1.04798
-0.601857
0.213586
1.09037
-1.37763
1.41094
-0.664523
0.285406
0.662567
1.59361
-1.65864
0.123807
0.328741
-0.197198
-1.58854
0.116663
0.180664
1.30439
-0.0769233
-0.461595
-0.430589
0.522487
0.244522
-0.70477
0.602616
0.749168
-0.739714
0.572527
0.408487
-0.0132022
0.733902
1.3881
0.124007
-0.282468
-0.00868043
0.919591
0.6302
-0.386713
0.208153
0.248566
-0.864139
-0.124865
0.554378
0.217278
0.628018
0.57696
1.22482
0.463949
0.393084
0.389814
-0.579414
-0.206782
-0.931505
0.942148
-1.02613
0.135382
-0.284333
0.162759
-0.666001
1.41222
0.238522
0.852162
-0.463045
-1.14
-0.202669
-0.288651
-0.61813
-2.15815
1.78506
0.4177
0.0193297
-0.80412
-0.409756
-1.32162
-0.119606
0.18953
1.17069
0.904727
0.804694
-0.545173
1.01291
0.606693
-0.717338
-0.367961
-1.22146
-0.68015
-1.57962
1.01161
1.12124
0.810874
-0.428435
0.750217
0.213289
-0.697447
1.5543
-0.0127879
-1.51796
-0.58688
-0.231907
-0.563547
-0.701003
0.133355
-1.04962
-0.333692
-0.695805
0.0327979
-2.2781
-0.156244
-0.293932
1.62318
-1.56101
0.839721
-0.697693
0.929888
1.10678
0.79869
0.0884265
-1.49777
-0.628705
-2.09897
0.369305
-0.544193
0.85963
-0.513752
-1.51119
-2.14891
-0.783383
-0.18954
-0.830491
0.326019
0.423736
-1.0668
-0.50947
-0.318302
0.926982
2.0064
0.167627
-0.968259
0.217301
0.548862
-0.530981
-1.11965
0.487666
1.35808
-0.286084
0.295949
-0.173438
0.980098
0.595868
0.249022
0.0171008
0.0960285
0.467471
-0.180299
-0.547523
-0.491901
-0.721666
0.101956
0.208388
-0.36283
0.243212
0.489953
-0.597965
0.686246
0.889105
0.439512
-0.225955
-0.344932
1.15035
-0.0498789
1.13172
0.723962
1.37927
-1.18772
-0.195807
-1.22683
-0.576875
-0.774408
1.37865
-0.13923
2.07292
0.229352
-0.401393
1.40127
-0.264849
-0.293221
-0.749773
-0.833894
-1.19227
0.0101347
0.046662
-0.450384
-0.92356
0.0324995
-0.0409446
1.43658
1.24777
-0.0433648
0.810127
0.595264
-1.35454
0.423147
0.195634
0.162952
0.474839
1.25865
-0.0473499
0.274018
0.808223
-0.743847
0.44093
-0.116313
0.657589
-0.576046
-0.177302
-0.0977895
-0.801138
0.165746
0.789451
-0.749674
1.33348
-1.10043
-0.174435
-0.791023
0.0795316
-0.697908
0.287042
-0.0997597
-0.210734
-0.58354
0.0365882
1.1697
1.36203
0.314453
0.878796
-0.693651
1.01796
0.725837
-1.52326
-1.75613
-1.03411
-1.30827
-0.156103
-2.35376
0.162168
-1.04098
-0.293763
-0.0603967
0.255332
0.0134605
-0.863383
-0.700836
1.06393
0.813041
-0.988881
-0.494292
0.890806
-1.13144
0.0905621
-0.480579
-0.0688491
2.29891
0.917804
-0.308347
0.0551128
0.863886
-0.33032
0.726592
-1.68503
0.372095
-0.317284
-0.544791
0.328031
-0.0863988
0.584748
-1.70287
1.69909
0.208724
-1.04418
-1.01583
0.0645701
0.831817
-1.04784
-0.907839
1.49676
1.54252
-0.0876939
0.141051
0.355515
-1.35298
-0.297012
0.204159
0.574379
-1.29117
-0.233248
1.64039
0.554903
-0.298927
-1.81583
0.556456
-0.79647
2.00862
0.383277
1.21333
-0.583569
-1.10562
0.982588
0.6377
0.17354
1.01048
-0.000568721
0.201449
0.975277
-0.873035
0.425622
1.07798
1.43657
0.976596
1.03245
-1.62836
1.0288
0.136098
-0.351379
0.220027
-0.098804
-1.49296
1.51994
0.826217
-0.423238
-1.20714
-0.100616
-0.27966
-0.071156
-0.108857
0.254066
-0.347058
0.231238
-0.0417997
0.857705
-0.699451
1.04559
0.397458
-0.339827
-0.193956
-0.146018
-0.909731
-0.651889
1.23958
-1.17494
0.139806
0.239214
0.325525
-1.46278
0.882452
-0.00366029
0.430124
-0.0952081
0.650872
-0.568827
-0.253121
-0.169253
0.147279
-0.0406118
-1.08248
-0.286237
0.612577
1.15551
-0.491587
-0.139901
-0.645507
0.502943
0.319452
0.0164595
1.21664
1.46566
-0.768403
-0.792523
0.493811
0.0975413
-0.290045
-2.56276
-0.766751
0.34998
1.17442
-0.197957
-0.35364
0.14372
-0.0271668
-0.501441
0.579665
0.438458
-0.308457
-0.0291847
-0.145879
-0.184765
-0.593808
0.0386429
1.30304
-0.0853328
-0.316076
0.280763
1.91061
0.544854
-0.268541
0.257508
-0.504016
-0.68072
1.24343
0.361478
-0.485493
-0.720333
-0.283434
-0.719129
-0.254125
-0.0428122
0.0421855
-0.798091
-1.67095
0.90018
0.726256
-0.999722
1.34743
-1.40239
1.1952
0.249895
-0.159193
0.0149464
0.324507
-1.23683
0.0882821
-0.0204395
0.61473
-1.09404
1.22597
0.863389
0.817667
-0.465988
0.273567
-0.858419
0.277249
-1.05227
-0.622293
-0.206586
2.05626
-0.310496
0.163245
0.0591049
-0.0170568
-0.382329
-0.732446
0.804326
0.376226
-0.732417
-0.837643
0.0886505
-0.0226817
0.567229
-1.13277
0.903362
-1.72563
-0.643243
-2.47485
-0.0242216
0.223712
1.08305
1.04093
0.853557
-0.234019
0.00847619
-0.452508
0.263313
0.277544
-0.400595
-0.0963579
-0.58789
0.21036
-1.59036
-0.663138
-0.110814
0.710369
0.227039
-0.753241
0.017648
0.167471
-1.2262
-0.258349
-0.376932
-1.07691
-1.15197
-0.278111
1.70801
-0.395018
1.91335
-0.708223
0.777204
0.523566
1.42211
0.831126
-0.279029
-0.153168
0.379447
-0.494625
-1.47794
0.491561
-0.052554
0.685497
0.471896
-0.806298
0.312739
-1.42063
-0.0874235
0.576107
-1.37257
0.0990959
0.24632
1.4358
3.06253
-0.228585
0.758781
-0.176881
1.17924
1.53609
0.230447
0.451443
-0.721585
0.634568
0.703979
0.739284
0.0843412
-1.25762
1.33003
1.42129
-0.256269
-0.394088
-2.84603
-0.250644
-1.55526
-1.39191
-0.559323
-1.30452
0.742158
-1.98313
-0.308089
2.49274
-0.496003
0.671318
-0.758569
0.158263
0.606524
-0.145876
0.663215
0.239839
0.606638
0.766318
0.550243
-1.01868
-0.396631
-0.193238
-0.422014
-0.874811
1.01678
-0.210064
-1.58902
-0.867344
-0.57651
0.458799
-0.921287
1.12423
-0.337234
-0.864228
0.608062
0.837813
-0.82537
-0.467502
0.929692
0.233404
0.351319
-0.630904
0.497385
0.0122779
0.685823
0.0910484
-0.491012
0.700558
-0.251793
0.277267
0.0401483
0.167817
0.742955
-0.143875
1.66832
-0.510335
-0.181266
0.711921
0.496668
-0.593715
0.712084
0.254217
0.690396
-0.0778305
-1.56719
-0.0637949
-0.941108
-0.25937
-1.24087
-1.12378
-0.522928
0.398195
0.153786
0.250182
0.0249935
-1.07544
0.747803
-0.180623
0.0206828
-1.72252
-0.270192
1.64154
-0.190075
0.0687456
0.579994
0.838316
1.10443
0.263977
-0.732273
-0.149967
0.238075
0.499983
-0.53349
0.561089
1.65625
-0.815182
0.458442
1.20354
0.372754
-1.16064
-0.953355
0.2964
0.985997
0.342599
0.304575
-0.795843
0.669617
0.898618
0.84706
-0.470885
-1.76834
0.184976
0.183377
-0.484945
0.442709
-0.348248
-1.39775
0.786195
-0.523384
-0.667895
-2.59133
-0.0971953
-1.20351
-0.298232
1.02346
0.774613
-0.857911
0.162732
-0.426246
0.375136
-0.249876
-0.467502
0.850674
0.887198
-1.24077
0.0505082
-0.212901
-0.114193
-0.908367
0.61728
0.263319
-1.01709
1.03527
-1.76174
-1.03468
-1.02788
-0.552788
0.575968
-0.476186
-0.133228
-0.534278
-0.382902
1.6253
-1.04179
0.351393
-0.79916
-0.944832
0.895456
-1.32574
0.0470582
1.42936
0.0601949
-1.94026
0.151146
0.16682
0.515299
-0.987333
0.49398
-0.580508
-0.302742
0.296341
1.70909
0.621801
-1.45655
0.993702
-0.852477
1.37855
-0.640796
0.0886744
0.709644
0.959361
0.636842
-0.239351
-1.65315
0.498784
-0.235327
1.17674
-1.17491
0.906312
0.367691
-0.276136
0.395534
0.0358905
0.509234
0.174312
0.681018
0.490608
0.0403146
0.604474
0.314636
-0.429096
-0.746956
0.165764
-1.56665
-1.58551
0.383802
-0.36773
0.0381904
0.483658
-0.0735655
-0.0501566
0.498236
0.448083
0.123709
1.30589
-1.21542
-0.369014
-0.710608
-0.853568
0.566405
1.00203
0.349401
-0.402622
0.846835
-0.623051
-0.22487
-1.27753
-0.780746
-0.0337558
-1.12929
-1.41713
0.233363
0.23419
0.152125
0.873354
0.53951
0.129126
-0.750607
-0.688119
0.0195018
0.134818
-0.122097
0.322127
-0.798563
0.499464
-0.146115
-0.281199
-1.09277
-0.625199
0.202137
-0.00990361
0.338828
1.16506
-1.47138
-0.794403
0.8834
-0.727573
-0.737102
0.445302
-0.348771
1.21201
0.563195
-0.158555
-1.36298
0.67695
-0.331064
0.666618
-1.28544
-0.0132094
-0.336561
-0.549431
0.164465
-1.05752
0.303964
-1.17155
0.468133
0.259765
0.145556
1.91103
0.160479
-0.374698
0.10758
-0.704579
-0.434688
-0.823548
0.40349
1.13143
0.43294
0.633463
-0.29672
-0.814199
0.800336
1.1648
0.224981
0.818761
-0.905288
0.108506
1.38474
0.435892
0.525369
1.34483
-0.797772
0.0946669
-0.403904
-0.0298671
1.22483
-0.443057
0.681782
-0.228901
-0.652153
0.993484
1.13495
0.629711
0.795485
1.14954
0.102209
-0.92484
-0.431567
0.959238
0.966438
-1.56918
0.603995
0.47045
-0.572817
0.115943
-0.198375
-0.197803
0.162425
0.539008
-0.0337466
0.459999
1.27755
1.09606
0.641822
0.899274
2.31121
0.789009
-0.187156
0.593616
-0.162547
-0.955084
-0.0737765
-0.557239
0.709887
0.257125
1.33322
0.623131
0.903944
-0.639694
-0.92039
-0.396726
-0.794682
-0.502302
0.400811
-0.805517
0.151793
-0.658648
1.63744
0.0247256
1.04313
1.09375
-1.40381
0.365049
-1.26045
0.726469
0.252653
0.339329
1.07392
-0.0242964
-0.661139
-1.03286
-1.79821
-0.638677
-0.793377
-0.926109
0.269828
-0.30378
-0.517402
1.18197
0.739582
0.531574
-0.115169
-0.687311
-1.01741
0.683564
-1.48689
0.120394
0.691643
0.582228
-0.270478
0.718287
0.209103
-0.167984
-0.0480532
1.02837
0.219086
1.26043
2.12631
0.692643
-0.877985
-0.47568
0.82244
-0.448319
0.599
-1.33247
0.417214
-0.00682298
0.34382
0.12251
1.86093
-0.54403
0.082199
1.15053
1.07566
0.137712
-0.597325
-0.190494
-1.34864
0.0725529
-2.03902
-0.105114
0.412735
0.767917
0.194652
1.74905
0.561539
-0.400382
0.113403
0.125491
0.165478
0.50621
-0.209295
-0.789819
1.55966
-0.634476
1.05359
-0.431674
0.584658
0.811934
-0.619019
0.592251
-0.154412
0.627105
-0.172769
1.13531
-2.45857
-0.434625
-0.507116
-0.253861
-0.202278
0.142982
-0.321322
0.599451
2.43638
-0.108094
0.964512
-1.06583
0.287262
-0.241346
0.570563
-0.700234
-0.451975
-0.182132
0.850783
-0.399111
-0.103821
-0.524224
0.740379
1.05576
0.444047
0.737092
0.789558
-0.113504
-0.935004
0.239971
0.275764
-0.546368
-0.67135
0.383553
0.159554
-0.565102
-1.53024
0.969471
0.562283
-0.424097
-1.71676
0.923134
1.31353
0.567847
-1.39329
0.712962
-1.71677
-0.137558
-0.589205
1.69129
-0.630587
-0.21979
0.222266
0.314452
-0.0179101
0.584715
-0.188258
-0.649075
0.990516
0.783515
-0.460592
-1.92645
1.12058
-0.996728
-1.29656
-0.777144
0.19841
0.179982
0.890997
-0.866223
-0.212382
-0.764633
-1.16795
0.639854
1.8642
0.5752
-0.606363
0.382489
-1.09157
-1.59032
-0.584306
0.69277
0.292199
-0.411357
-0.531109
-0.575356
0.191405
0.840326
-0.897906
0.469756
-1.00339
-1.03741
-1.72159
0.349362
0.0312581
-0.230919
0.0144393
0.225428
-0.873517
0.119538
1.26991
-0.613754
-0.560022
-1.14877
0.940408
0.0376381
0.0668327
0.199461
0.509067
-0.770329
-0.720884
-0.469808
1.60875
1.16572
0.0218674
-0.935515
1.43873
-0.270759
-0.958636
-0.308802
0.142251
0.0804835
0.170781
1.03234
1.35673
-0.494867
-0.482988
-0.0737213
-0.156009
0.427409
0.580349
0.421932
-0.248863
0.451536
0.114188
1.36968
-0.114064
1.20787
-0.911797
0.303337
0.572379
0.303703
-0.605377
-1.12568
-0.998612
0.793619
-0.855313
-1.14272
-0.933961
-1.06607
0.232897
1.21265
0.732162
-0.596722
0.404881
-0.947948
-2.47697
-1.7993
-0.202832
-1.29931
-0.239124
0.0301964
1.05547
0.401185
1.03937
-1.02211
0.343149
0.707044
-1.23341
-0.402315
0.349662
0.0721478
0.973808
0.353367
-0.263943
-0.247888
-0.654798
-0.393445
-0.627677
-0.0609633
-0.423409
-1.21657
-0.142766
1.01858
0.405394
0.250862
-0.128126
1.18851
-0.280744
0.496719
-1.11128
2.38047
-0.0378633
-0.948641
-1.13037
-0.315855
1.5222
-0.375205
-0.356581
-1.57923
0.207337
-1.2554
-0.185754
0.0538055
0.327035
-0.412537
-0.970866
-0.162
-0.419686
0.344973
0.47784
0.462023
-0.263838
-1.0013
2.04366
0.494524
-0.547982
0.345411
0.33422
-0.563066
-0.200741
-0.900707
-0.586703
-0.735072
-1.35755
0.374134
0.880139
0.853279
-0.0130702
0.849522
0.189626
-0.195534
-1.08724
0.423434
0.698172
-0.590885
-0.216943
0.64064
0.577184
-0.0140901
-1.46675
-0.0431789
-0.297073
-0.61651
0.639622
-0.230624
0.208464
0.506376
-1.01075
-0.167753
-0.416046
0.186487
-2.38855
-0.171585
-0.390166
-0.644521
-0.0320156
0.21743
0.641878
-0.785357
0.115902
-0.532373
0.166075
0.219938
0.113214
0.518923
-0.865774
-1.00862
0.297108
0.33807
0.664116
0.187651
0.237045
0.568624
-0.4666
-0.452182
0.89077
0.298632
-0.982013
0.895573
-0.0930098
-0.682193
0.194776
-0.26329
0.282138
0.545708
-0.781211
-0.421045
-0.840515
-0.144174
0.0539072
1.51562
0.559782
-1.95702
0.750558
-0.597506
-1.74833
0.657887
-0.462189
-0.328236
-0.372805
0.498543
-1.16741
0.0630257
-1.02944
0.0662538
-0.859453
0.143298
0.386245
-0.0448795
-0.0738784
1.18551
0.603601
-0.00227391
-1.29592
1.07636
-1.22529
-0.0479461
-0.0995454
0.420301
-2.18475
-0.186013
1.29476
1.25643
-0.411248
-0.604405
-1.18282
-1.17272
0.0598298
0.840785
0.28138
-0.114311
-0.494613
1.39138
-0.903972
0.414971
0.422491
-0.146411
-0.876422
0.590402
0.532309
-1.602
-0.339058
1.12436
0.265453
0.602129
-1.33115
-0.31722
0.331416
0.291546
-0.683408
1.71901
-0.803271
-0.65991
0.655211
-0.703318
-1.16333
-0.551904
-0.782181
-0.537792
-0.126295
0.0270949
-0.199104
0.932958
-0.883885
-0.544528
0.443267
1.01943
0.145277
0.137053
-1.44623
0.619495
1.75857
-1.19893
-0.888977
0.543393
0.0372404
-0.523604
-0.788278
-0.472665
0.905848
0.289137
0.36821
0.191075
-0.821526
0.379185
0.834748
0.309156
1.02938
-1.4985
-0.213201
-1.16453
0.604561
-1.12312
0.0988184
0.0628696
-0.0790655
-0.68418
-0.494527
1.00853
0.493667
0.762925
-0.0211871
0.155113
-0.583016
-0.278634
-0.597688
0.713525
-1.66582
-0.140343
-0.122991
-0.436678
0.197625
0.101827
0.375066
-0.799935
-0.20091
0.974646
-0.526096
-0.235812
0.48048
1.34639
1.26044
0.324187
0.892295
-0.0125793
-1.2005
0.667493
0.31835
0.502938
-0.306829
-0.087667
0.0734054
0.867917
0.400817
0.278935
0.223695
-0.463855
1.12789
0.927358
0.113484
-0.383381
-0.822856
0.524507
-0.221313
0.0418877
0.122995
0.31916
-1.05733
0.637446
0.182091
1.26908
1.11514
0.168855
-0.158315
0.0189025
-0.421595
-0.552536
0.758096
-0.260052
-0.612465
0.728328
0.590512
-2.42862
-0.711807
0.179931
1.74834
-0.416806
-1.56267
-0.264478
-0.35826
0.643326
0.284824
-0.120988
-0.144426
-0.0459543
-0.742612
-1.05989
0.104409
-0.725243
-0.208422
-0.33113
-0.130277
-0.133212
1.69125
-0.0833963
0.30798
-0.131784
-0.116004
-0.14685
-0.660879
0.434377
0.0483553
-0.330774
-0.464883
0.81449
0.893251
1.01616
0.441341
-1.06097
0.619311
-0.747959
0.0469886
0.956192
0.72081
0.304891
0.807889
0.678964
-0.164442
0.49573
0.0734055
-0.226512
-0.383109
0.285577
0.681838
-1.18956
0.0836395
-1.46519
-0.0217746
0.240067
-0.694659
-0.0584815
-0.686915
0.0714735
1.1019
-1.12815
0.209056
-0.348629
0.458902
0.62452
-0.655045
-1.29226
1.31213
1.12725
0.876444
0.0910121
1.06802
0.453476
-0.204679
-1.03877
-0.54562
-1.91763
0.149551
-1.20566
-0.114475
-1.12947
0.767339
-0.906666
-0.252767
-0.265735
-0.956403
0.508514
-0.489501
-0.521595
0.805248
0.0545794
0.187509
0.788233
-0.120045
0.662526
-0.0920725
-0.59548
-1.08885
-0.17558
-0.224916
-1.35013
1.13437
1.81488
-0.105325
0.744121
0.468021
-1.05815
1.29353
-0.736497
-0.312758
1.25684
-1.00636
1.35682
1.25316
1.45572
0.883656
0.211242
-0.366393
-0.042493
0.493328
-0.345607
-0.345361
0.315325
0.00698047
0.00727006
1.60353
-0.221435
0.358629
-1.66169
-0.99249
-0.46586
-0.784805
-1.92572
-0.114803
-1.10466
0.378604
-0.203849
0.191514
0.89684
0.989672
0.343702
1.14359
-1.23111
0.633548
0.193558
0.699098
-0.653141
0.76634
-0.822167
-0.50978
0.411816
-1.59522
-1.01928
0.695847
-0.540997
-0.889618
0.359719
0.0395486
0.836976
-0.219661
-0.36753
0.150966
-0.0632315
0.274888
0.0714643
-0.0128617
0.961663
-0.0695559
0.203987
0.305208
0.418337
1.38666
-0.209426
0.250918
-0.00395959
-0.677385
-0.0716739
0.272422
-0.385176
-0.144152
-0.158436
-1.22173
0.0566497
-0.881136
0.991596
0.274086
-0.376286
0.876041
-0.468508
-0.666808
0.694888
0.557354
-0.0696425
1.12919
0.653604
-0.742398
-0.545055
0.458043
-0.60491
-1.7377
-0.101106
1.52094
0.742182
0.460357
-0.395062
0.0464356
1.31477
-0.514807
-0.448183
0.440282
0.774891
0.65339
-0.44838
0.236415
0.283955
-0.989776
-0.965368
0.158712
-0.680366
-0.246213
-0.345217
-0.776637
-0.747164
0.0197856
1.54993
1.00253
1.24526
-0.0897692
0.185038
-0.0605006
-1.3107
0.0550702
0.644613
-0.203253
-0.0328454
-0.447464
-1.02483
-0.715693
0.310487
0.38838
0.742925
0.529748
-0.833218
-0.258598
0.547633
1.96633
0.659079
1.15942
1.51073
-0.91625
-0.485894
-0.229634
-1.07538
0.416186
-1.0382
-0.485293
-0.628681
-1.10965
0.335086
-0.334131
-0.000502319
0.68996
0.250632
0.0553341
2.12653
0.113122
-0.891426
0.163994
0.612654
-0.24871
-0.459989
-0.392885
0.290596
-0.263394
-0.246211
-0.176289
-0.029633
0.121948
-0.350508
0.689918
-1.26373
0.587669
0.88275
-0.610606
0.494855
0.773418
-0.87082
0.916224
-0.394172
0.648021
-0.119527
0.503693
0.22606
-0.636418
0.992988
-1.21328
-0.966749
-0.0178446
-0.027841
1.53192
0.236168
0.301985
0.915036
0.909421
0.4993
1.69856
-0.210386
0.0387981
-0.350634
-0.166055
0.114495
-0.119072
0.544644
0.980897
0.263927
0.237071
-0.00410875
0.268778
1.18625
-0.168533
0.517433
2.19686
-2.02551
0.161121
0.212698
0.667494
-0.173185
-0.44983
-1.41696
-0.0470968
1.45853
-0.632232
-1.37274
-0.269566
0.888545
0.420968
0.414232
-0.170561
1.25022
-1.45304
0.645985
0.864801
-1.14004
-0.189146
0.221889
1.10007
-0.384234
-0.326276
-1.26051
0.252914
0.584567
-0.256881
0.925206
0.755086
0.0498325
0.498423
0.208416
-0.647559
1.81013
0.127485
-0.643443
0.910635
0.943963
0.0485227
0.643212
0.248557
0.614543
0.119124
0.200532
-0.430767
0.927204
-0.835994
-0.127824
-0.530152
0.454599
-0.470809
-0.0611328
-0.667483
-0.152917
0.479728
-0.0222234
0.474496
-0.117161
-0.179766
-0.286106
-0.199221
-0.764901
-0.560685
-1.20086
-1.43106
0.0633939
0.7379
-0.730359
-1.0698
0.642737
0.742868
0.261272
0.181075
0.336571
-0.967795
-0.448552
-0.155022
0.468188
-0.724356
-1.64265
0.639773
1.15813
0.396565
0.322694
0.908064
-0.90786
0.340473
0.560509
-0.761447
0.542964
1.27755
-0.84836
-0.751195
-1.489
-0.617261
-0.667314
1.16637
-0.436624
0.193612
-0.375859
-0.316398
-0.883848
0.969684
0.0988268
0.531261
0.0834533
-0.624862
0.107104
-0.873856
1.25297
-0.423575
-1.49936
-0.150915
-0.805529
-0.254744
-0.228735
0.368338
0.888818
-1.11764
0.507439
1.49277
-0.457513
-1.03457
-1.79403
-0.108734
0.225895
0.328191
0.911987
-1.83547
-0.0569233
-0.0894827
-0.743335
0.304827
0.840506
0.573115
-0.893822
1.06162
-1.26207
0.12843
1.39224
0.508808
-0.530654
0.0747512
-0.79924
-0.604764
0.333572
0.391921
0.384428
0.181042
0.544689
0.209614
0.106058
0.547892
-1.02659
-2.12014
1.5031
1.7743
-0.309677
0.22097
1.47866
0.503142
1.38328
-0.38064
-0.943855
-0.253858
1.1971
-0.0320298
-0.102242
0.900488
1.02828
-0.827371
0.812641
0.82096
1.05773
-0.939691
-0.259899
0.470039
0.253328
0.302865
-0.047756
-0.674111
1.1875
-0.0119605
1.24415
-0.927709
-0.877046
0.250441
0.854679
0.731621
-1.02536
0.326886
-0.203219
-1.70487
0.163815
-0.497
-2.05664
0.787341
-2.67737
-0.441194
-0.145943
-0.183026
-0.0196693
-0.73308
-0.0685847
-0.60932
0.103959
-0.791451
-0.250291
-1.12243
0.144249
1.09452
-0.718064
0.00460646
-0.41946
1.29946
-0.195908
0.163792
0.208497
0.341068
0.719083
-1.69762
-0.515496
-0.64264
0.79559
-0.765838
0.249988
0.375896
1.58603
-1.13981
-0.541835
-1.63494
-1.56214
-0.244915
-0.717437
0.49924
-0.025087
-1.4073
0.115255
-1.61745
0.228887
-0.00177627
0.496926
0.681857
-0.554594
-0.702511
-0.0160573
-0.766658
-1.16507
0.740975
0.351661
-1.93616
0.533381
0.0220875
0.351091
-0.386125
-0.854275
0.73023
1.50018
0.470708
-1.83812
0.987404
-2.01116
0.891179
-0.130428
1.07472
0.261706
0.434635
0.188437
0.328565
0.22833
-1.20491
-1.13255
0.315146
-2.22025
0.119189
1.45198
1.10314
1.13969
-0.525363
0.21925
2.17217
-0.634963
1.1846
-0.90934
0.654868
-0.916508
-0.199687
-0.393866
-0.748405
0.87839
0.261217
-0.0708419
0.0722806
-0.777303
0.0184238
-0.200652
0.41831
-0.307997
-0.707721
-1.18294
0.591392
-0.0838925
-0.128879
-2.28455
-0.051912
0.557106
0.756219
0.471813
0.478122
2.20706
-0.51201
-0.555892
-0.116556
0.764918
-0.040173
-0.217345
-0.256733
0.0771189
-0.251817
-0.36455
-0.297272
-0.925233
-0.363763
-0.491483
-1.17225
2.16578
-0.529187
0.190084
0.60817
-0.62037
-1.30696
-0.683811
0.277064
-0.828759
-0.716652
0.967203
-0.774456
1.70856
-1.01551
0.249445
-0.675047
-0.42788
-0.578485
-1.18312
1.02384
1.81844
0.145206
0.611947
-0.267842
0.472934
-0.0302906
0.0260648
-1.42325
0.276647
-1.16466
0.313905
0.969384
-0.852897
-1.14234
-0.79495
1.031
0.0827667
-0.0422323
-0.594093
-1.03423
-0.388252
0.513724
-1.3253
0.738098
0.31358
-0.219914
0.290144
-0.45252
-0.805187
0.102204
-0.800601
-0.565154
-0.168727
0.533553
-0.211602
-1.64183
0.550148
-0.162991
0.862039
-0.296198
1.11882
-0.0534926
-1.33978
-0.346863
-0.601356
1.40923
0.776394
-1.9334
0.164931
-0.601365
-0.751378
1.82931
1.33685
-0.59034
-1.10818
-0.372652
1.14867
-0.0730851
-1.2485
-0.284104
-0.799535
-0.819882
0.529565
0.801873
1.94075
0.439323
-0.651908
0.378232
-0.113158
-1.23657
0.139583
-1.84958
0.474799
0.0447815
2.24201
-0.338763
0.496209
1.08621
-0.42848
0.0208363
-0.76813
1.17431
0.0112899
-0.547077
-0.843094
-0.825231
-0.415119
-0.627636
0.57352
0.0180641
-1.10702
-0.440755
-1.45353
-0.382486
-0.397134
0.836984
0.27339
-1.46041
-0.312645
0.901187
-0.0447845
-1.30655
1.9461
0.489891
0.64395
0.170003
-0.919198
-0.266866
-0.35965
-0.847741
-1.37821
0.192542
-0.579113
1.58891
0.653476
-0.322958
-0.0268449
-0.0579576
0.0816333
0.51522
-0.376954
0.0924322
-1.85969
-0.0272207
-0.484657
-1.46957
-0.102509
-0.0291033
1.24796
-0.538079
-0.335899
-1.80341
-0.507751
-0.540227
0.943048
-0.0753473
-0.741476
-2.79031
0.527866
0.783804
-0.893127
0.104524
-0.0344497
-0.65838
0.468473
0.669444
-0.814283
-0.78043
1.17143
0.329637
2.44687
0.147269
-0.730704
-0.373583
-0.0976502
1.31145
0.434996
0.465886
0.0553932
0.0118977
1.08963
0.8598
-0.246797
0.752207
-0.629489
-1.56952
0.437932
-0.518015
-0.666907
1.57042
-0.1812
-0.141414
-0.173019
-0.116598
0.355814
-0.329411
-0.327025
-0.286566
1.14047
-0.291688
-0.375946
-0.450397
-0.118893
-0.645596
0.886128
0.388084
-1.71913
-0.494946
-0.219421
1.14789
0.622808
0.107899
0.222447
-1.2761
0.583388
0.683083
-0.155928
1.3978
-0.218874
0.339752
0.0456232
-0.621779
0.737332
-1.43702
0.269185
0.105817
-0.592554
-1.02084
-0.36881
-0.964567
0.00856401
-0.882966
-0.704195
1.24587
-1.3458
0.172162
-0.873315
-0.636216
-0.298811
0.775701
-0.341243
2.23952
-1.07115
-0.856789
-1.1491
0.0592806
0.307816
-1.25183
0.10666
-0.0660207
-0.474492
-0.177477
1.84817
-0.1368
-1.65727
-1.12046
0.154233
-0.821253
-0.217544
-0.438472
2.04607
1.05988
0.33333
-0.643086
0.235587
0.253152
0.910831
-2.13781
-0.237471
-0.655842
-0.679511
-0.0515058
0.168866
-1.32294
0.00377006
1.00751
0.440031
0.192216
-0.697021
0.322198
0.426243
0.169466
0.131289
-0.21124
-0.417191
-0.942365
0.354067
-1.14597
0.0662685
-1.12614
-0.0353753
-1.36289
1.28566
0.351434
-1.1011
-0.608369
0.445453
-0.0481883
-1.38446
-0.495707
1.34542
0.0241575
1.22572
0.502686
-0.277771
1.32199
-0.418179
0.628755
0.737988
0.313062
-0.17031
0.185535
-0.580478
0.464956
0.564746
-0.490732
0.562532
0.483764
-1.47027
-0.393351
0.732099
-0.794047
2.13246
-0.388695
-0.269818
-0.287376
1.14362
-0.459985
-0.453526
0.978691
0.396876
0.339294
-0.585904
0.226051
0.316773
-0.96696
0.915544
0.790223
-0.715029
-0.0292352
0.170709
1.3481
0.83539
0.412076
0.740245
0.394086
-0.724522
0.590786
-0.442191
-1.43966
0.0191311
0.761994
-1.17592
0.629714
0.00333573
-0.546605
-0.923514
-0.671276
-0.113615
-0.946897
-1.18035
0.142607
0.365449
-0.718178
0.517097
-1.08506
-0.0322642
-0.87294
-0.0464737
0.643404
0.988764
-0.762485
-0.429334
1.67562
-1.71507
-0.906717
0.761688
-0.526313
1.42497
-0.225407
-0.515596
-0.590812
0.0847255
0.231811
-0.36078
0.940928
-0.522346
0.872132
0.845164
0.82681
-1.12934
-0.800527
-0.421884
-0.312197
2.0835
0.364009
-0.475005
0.263163
-0.680522
0.678148
0.232054
0.224822
-0.521268
-0.463009
0.468885
0.962405
0.39737
-0.765214
0.277569
0.642206
0.681042
0.163631
0.731263
0.655993
2.06066
-1.00097
0.00339361
0.600305
-0.591687
0.189601
-1.0245
-0.464512
-0.692597
-0.428175
0.0883047
0.385258
0.944595
1.91134
0.943995
0.632815
0.173261
1.13519
0.671803
0.453779
-0.287431
0.598219
-1.04456
-0.122269
0.31715
1.38137
-0.354597
-0.34298
0.316386
0.273284
-0.437601
-0.0720794
-0.120395
0.0422563
1.11041
-0.97937
-0.466677
-0.748124
0.814692
-1.28098
0.63378
-1.94771
-0.71347
0.349606
1.05085
1.89152
1.36743
-0.155872
1.76744
0.0434896
0.410765
0.104407
1.46181
0.295663
0.554492
-1.34855
-0.10883
1.25707
0.0133165
-0.77019
0.383026
-1.00748
0.258006
0.0516957
1.27799
-1.01762
0.244787
0.378572
-0.0250083
-0.124197
1.2695
-0.502566
0.00749614
-0.54735
0.609292
0.200941
-1.43337
-1.34672
1.41585
-0.532865
0.17496
-0.253233
1.71519
0.28704
-1.58215
0.442118
-0.473224
0.742484
0.250153
1.11686
1.55112
1.81568
-1.54912
0.475115
0.578053
-0.0302328
-1.60266
-2.37315
0.510935
-0.806368
-0.330152
-0.85444
-0.0402406
0.467247
-0.175142
0.0575137
0.208746
-1.52591
0.710287
0.167417
-0.137267
0.153078
-0.351491
0.207448
0.329324
0.406451
-3.16234
-0.14426
1.49752
-0.126937
-1.11122
-1.0912
0.0580746
0.124425
-0.707703
-0.670321
0.237389
0.978828
-0.866374
-0.694004
-0.385034
-1.44904
0.599395
-1.1071
-0.0634416
-0.339151
0.900329
1.28221
0.0717674
-0.494736
0.074396
0.0952568
0.569435
-1.29826
-1.97344
1.21831
0.224467
-0.575082
0.0459974
0.860857
0.74144
-0.412173
0.247197
-0.255328
-0.54619
-1.10988
-0.187071
0.059239
0.273305
1.06178
0.263392
0.364034
-0.369885
-0.359589
1.1715
0.858208
-0.253522
-0.225711
-0.709891
0.546698
-0.573381
-0.01563
-0.626865
0.95513
-0.162027
-0.913511
-0.027333
-0.154162
0.580366
-0.272984
1.62931
-0.121504
-0.29262
-0.648955
0.613066
0.828272
0.297633
0.619259
-1.3924
0.311034
0.28501
-0.78216
0.553122
-2.24431
-0.112941
-0.744581
0.327473
0.852345
-0.582981
0.0168926
-0.319324
-1.08839
-0.940872
-0.862686
-0.625279
0.544258
1.19125
0.795949
0.487824
-0.305709
-0.530223
-0.625061
-1.03572
-0.436472
1.2143
1.83295
0.269412
-0.546444
1.16865
-0.0151989
0.733688
0.556021
-0.426686
0.22146
-0.0019128
1.35885
0.384393
0.67455
0.123458
-1.16011
-0.544447
0.178314
0.750001
1.09306
1.26324
0.550705
-0.418741
-1.16638
0.0283162
-0.605155
0.770267
-0.682013
1.88815
1.57726
-0.0951266
-1.5178
-0.531639
0.4514
-0.509758
0.094206
-0.895163
-0.31691
-0.164302
0.37987
-1.25214
-2.09658
0.093913
1.17326
-0.248009
0.871205
-1.59005
-1.0957
0.178523
-1.79301
-1.23592
-0.0657388
1.27063
-1.05944
0.399945
-0.491958
0.239969
0.41898
-1.5382
-0.260535
0.456391
-0.734397
-0.397918
-0.255289
1.06415
-0.229635
0.780283
-0.0548882
-0.574625
-0.384548
-1.45457
0.828323
0.323064
-0.229889
1.43217
0.417397
-1.02398
1.40862
0.249438
0.152825
-0.790332
-1.32272
0.440393
0.388231
-0.255048
0.763529
0.437937
0.741608
-0.372184
0.169085
-0.134458
0.717778
0.671911
0.606554
-1.21914
-0.4215
-0.103462
0.191053
1.44788
1.57059
-0.967653
0.839675
-0.153088
-0.0587431
-0.378516
0.19003
0.0962175
-0.177316
1.19977
0.315556
0.413478
-0.209568
0.553827
0.956648
0.89704
-0.750116
-1.00698
0.274076
-1.05746
0.290058
-0.733882
-1.41035
-0.449335
0.38236
0.834638
-0.111126
-1.05467
-0.93618
0.0364521
0.468655
0.350422
0.590273
-0.710212
-1.23522
0.396359
1.256
1.26613
0.581168
0.236427
0.376858
0.764292
-1.0948
-0.582942
-0.018241
-0.0918775
-0.0265507
0.525046
-0.148323
-0.279467
-1.03728
0.408428
0.734408
-0.0714978
0.444193
0.316151
-0.318219
-0.0259814
1.3663
0.0630504
-1.07547
0.577468
0.240914
-0.625002
-1.2945
0.990032
-0.353899
0.623252
-1.18793
1.20383
1.02626
0.178247
0.243608
-1.41579
-0.0408425
0.748789
0.948747
0.763341
-1.44799
0.258744
0.117942
-1.73705
0.614046
-0.556621
-0.740575
-0.404961
-0.74383
-0.652448
-1.18087
-1.44756
-0.456614
0.319045
-0.276882
0.050801
0.295099
0.487754
0.070821
0.237237
-0.394169
-1.67358
0.125048
-0.0437517
-1.04504
-0.185446
-0.69398
0.72157
-0.0530839
-1.3664
0.948516
0.41324
0.403654
-1.17311
0.710499
0.499025
0.713421
0.49301
0.323009
-0.511201
-1.49944
0.639151
-0.342659
1.76052
0.00371426
0.0211118
0.362197
-0.395626
0.531483
-0.271312
-0.534494
-0.511796
0.750751
-1.13513
-0.513372
-0.343504
0.225491
0.562607
0.0180053
0.260787
0.458875
0.564539
-0.780333
-1.27648
-0.180468
0.378557
-1.01398
1.08702
0.159722
0.494688
2.49513
0.502863
-0.287171
0.970488
0.183914
-0.43373
-1.30124
0.233774
0.186023
0.120462
-0.391035
-0.146121
0.655231
0.377443
0.666795
-0.424492
-0.432446
0.0164155
0.622597
-0.896414
0.787256
0.365589
-0.271029
-0.422228
-0.306302
-0.589581
1.13406
-0.830671
-1.09595
-2.71415
-1.15108
-1.58666
-1.22967
-1.13086
-1.84399
0.648693
-0.725786
0.103025
0.218767
-0.901883
0.0978066
0.522503
0.0620829
-1.06021
-1.00239
-0.63396
-0.227014
-0.501569
-0.0148718
0.167885
-1.49284
0.60729
1.12259
0.475912
-0.763232
0.522375
0.0194568
0.00737291
1.52382
-1.43476
-0.255487
0.413903
0.955783
-0.102453
0.0346458
-0.295295
0.0580211
-1.71633
-0.672754
0.412352
0.629674
0.0193553
0.560169
0.861486
-0.521684
0.342939
1.23932
-1.27211
0.328936
0.562645
-0.0943937
0.199218
-0.374526
-0.549369
-0.166456
-1.39417
-0.393398
-0.123517
-1.13309
0.555473
-0.89746
-0.252566
0.518703
0.591261
-0.647651
0.934002
-0.924589
0.539571
-0.246503
-0.174205
1.13579
-0.278567
1.37916
0.181305
-0.451268
2.14262
0.454921
-1.45112
1.2604
-0.786709
-1.11441
0.396965
0.199456
0.0773291
0.195246
-0.471608
-0.774448
-0.30498
-0.493735
0.677168
-0.228811
-1.1782
1.50645
-0.617993
-0.0983772
-0.551939
0.684412
-0.0264767
0.653996
-0.217329
0.38674
-0.99123
0.0454868
0.408781
1.30669
-0.0760475
-0.192667
-1.71841
0.468612
0.376448
0.418505
-0.843958
1.2077
-0.713945
1.01327
-0.0223789
0.370627
0.61698
-1.16212
-1.01993
0.520593
-0.444632
0.594936
0.0258205
-1.18191
0.0466301
-0.523903
-0.991863
0.336851
-1.7043
0.134579
-0.122914
0.467083
-0.392645
1.42433
-0.0160236
-0.35982
-0.489776
-0.328454
-0.00513871
0.192842
0.311775
0.0841635
0.485837
0.781168
0.0849427
0.201514
-1.27193
0.573593
-0.347039
1.53943
0.523439
-1.37852
-1.50218
0.375633
-0.662979
-0.380374
0.0532244
0.622138
0.189829
0.839618
-0.51314
0.291586
0.76104
-0.179995
1.01442
1.66536
0.36284
1.9984
0.0679638
0.443417
-0.634466
1.17635
-0.3797
-0.221686
0.639938
-0.868811
1.37316
0.186924
-1.50544
0.00564408
-0.216648
-0.137625
0.660445
0.888834
-0.715765
0.780632
0.120944
-0.188781
0.074623
-0.378883
0.587249
-1.57404
-0.172643
-0.0245064
0.778401
-0.636598
-0.865389
0.715043
-0.686958
-0.689736
-0.203087
1.63969
0.145696
0.484698
1.13155
-0.568772
0.0509677
-0.541451
-0.688181
-1.39059
0.0165176
0.709003
-0.519828
0.0505875
-0.028886
1.49326
-0.21246
-0.797627
1.30294
-0.545872
0.288902
-0.46304
-1.15673
1.71875
0.770943
2.94191
-0.720152
1.1761
-0.695542
-0.287597
0.132492
-0.456893
-0.960075
0.983488
0.510806
0.206838
0.910552
0.315373
-0.224033
0.209547
0.556371
-0.400389
-0.050466
-0.495341
1.09801
-0.781713
0.492214
-0.198473
0.139274
0.173043
-0.363019
-0.309068
0.444698
-0.0961493
0.996205
-0.238787
-0.391732
0.638824
0.0973681
0.682801
-0.204501
0.323718
-0.0360844
0.4239
-1.28628
-0.269558
-0.643549
0.209308
1.6893
-0.179905
0.708064
0.226722
-0.760755
1.2032
0.97803
0.483798
0.624372
0.227677
0.262947
0.279182
-1.19725
0.47746
0.410745
-1.15019
2.03209
0.934328
-1.3293
-1.16858
1.01002
-1.05814
-0.237775
-0.949484
-0.690047
-0.836557
0.146177
-0.114451
0.0623256
-1.64152
-0.407083
-0.0120906
-0.556772
-0.797182
0.135473
-0.602967
0.702425
-0.247123
-1.4032
0.108526
-0.564599
-1.26381
0.331906
0.558943
-0.335888
1.45982
-0.698201
0.824247
1.38514
-0.837119
1.27534
0.379927
-0.104014
0.284908
-0.494183
0.0973424
0.330654
-1.15025
0.552215
0.966756
0.58402
0.700179
-0.239762
-1.62428
0.811764
0.382817
0.274435
0.316423
1.23964
-0.945537
-0.681414
0.0699169
-0.361783
0.767549
-1.27215
-1.457
-0.308749
-0.666264
0.748598
1.22125
0.177762
1.37837
1.66772
0.536399
0.407073
0.211142
-1.72291
-1.0488
0.948234
0.0983718
0.931387
-1.35019
-1.2673
-0.0676738
-2.52617
-0.959833
-0.189898
-0.753548
0.491143
0.778104
-0.0904177
-1.27687
-0.975432
-1.02105
-0.184435
0.529483
-0.298129
0.923492
-0.540538
-1.44391
0.694554
0.121673
0.71285
-0.741275
-0.0463176
1.46993
0.265821
0.487801
0.287454
0.576169
1.16231
-0.347166
-1.23553
-1.5429
-0.50479
1.55631
0.644767
2.37985
1.29647
-1.17707
-0.774754
-0.776359
0.103145
1.03284
-0.243067
0.054944
1.38325
-1.17678
1.11974
-0.176505
-1.35712
-1.09485
0.00880107
-1.52141
2.01189
0.221064
-0.494735
-0.631697
0.0890531
0.413548
1.25563
1.05116
-1.28241
-0.786795
0.801714
-1.01183
1.36156
0.0966831
-0.18996
0.174398
-0.766437
-2.24174
-1.18322
-0.132178
-1.07406
0.208848
-0.664695
-0.35869
-0.38217
1.91667
-0.717671
0.273509
0.87649
-1.00075
0.0312584
-0.630253
0.116177
0.32078
-0.02739
0.0340343
-1.36489
-0.355518
-0.769767
1.45792
0.165265
0.312813
-0.213719
1.38063
0.632647
-0.166639
-1.70815
0.232732
0.0725383
-0.27016
-0.339981
0.498011
-1.01857
0.248443
0.243624
-0.0667125
-0.128344
0.632314
0.567884
0.234718
-0.511593
0.715824
0.198831
-1.58748
-1.02533
0.0177213
-0.446079
-0.222828
0.00251213
-1.27047
0.57514
-0.115361
0.0982388
-0.916531
1.63261
0.566919
0.666195
0.131938
-0.720685
0.272294
-1.90152
-0.502569
-1.04328
0.106408
-1.59732
0.57559
-0.556104
0.04094
-0.749196
-1.45932
-0.712219
1.23459
0.0475313
0.329237
1.80064
-0.222894
0.333329
0.247386
0.103524
-0.223339
0.972476
0.0798398
1.06388
0.136485
-0.519663
0.136273
1.63854
-0.448175
-0.846467
0.195234
0.302103
-0.257406
0.276927
-0.362513
0.506587
1.36253
-0.112344
0.39024
0.753627
-0.00352313
-0.718546
0.236081
-0.323251
1.09449
0.424183
0.485176
0.0262885
1.68181
-0.751727
1.1202
-0.00206112
-1.33677
0.0289993
0.267556
-0.531143
0.434406
-0.398365
-0.251651
-0.946613
0.881844
0.71262
0.814383
-0.184798
0.248591
0.95193
0.10337
1.12522
0.41671
-0.449448
-0.473714
1.01001
0.496928
0.140142
-0.62629
0.939551
-0.605156
0.25103
-0.974081
-0.975555
0.417568
1.99973
-0.996981
-0.824991
-0.320117
-0.154104
-0.261478
-0.0145525
-0.0220897
0.738691
-1.32822
-0.393015
0.96777
0.622323
-0.16116
0.00832598
-1.46438
-1.74626
1.00574
0.68773
-0.0742337
-0.015441
-0.84996
-0.584906
-0.461354
0.920134
0.407126
1.83545
-0.546519
1.1106
0.504467
1.05998
0.755672
-0.208676
-0.720139
-0.897549
-0.880651
-0.357138
0.6651
-1.1397
-1.74627
-0.742485
2.22143
0.00807943
0.364037
0.0184872
1.47267
-0.10981
0.576533
0.141571
-0.579676
-0.709598
-1.34816
0.321922
0.366367
0.943329
0.244939
-0.623473
0.38771
-0.247624
-0.453318
0.00811301
1.0274
-0.0102362
-0.634334
0.00703709
-0.57254
-0.989913
0.774655
0.18957
0.924083
0.677442
-0.539128
-0.787108
-0.986514
1.13245
-1.54351
1.20298
-0.995386
-0.854924
0.510055
-0.489706
0.101609
1.40975
0.433621
0.371154
-0.156532
0.989516
-0.449777
1.56527
-0.80565
0.418923
1.12011
0.683579
-0.191556
0.744088
-0.479416
-0.461484
0.22277
0.807019
-1.20081
-1.63931
-1.28481
0.799568
-0.0367392
0.58157
-0.780306
0.544228
1.44629
-1.04924
-0.0260142
0.135999
-0.285008
-0.694011
-0.226782
0.020777
0.440194
-0.255937
-0.186203
0.0186809
-1.52723
0.302868
0.56577
-0.888663
-0.125021
0.05275
1.05727
-1.09292
1.06031
9.8212e-05
-0.0265578
-0.240812
1.4566
-0.209434
0.956145
0.0174754
1.36334
-1.11328
0.84835
0.463198
-0.14558
-0.294705
-1.37557
0.647305
0.156449
1.13864
-0.236983
-0.275453
0.253203
0.216025
0.912797
1.11545
-0.768303
-0.121544
-0.169418
-0.991564
0.0038124
-2.52348
0.412087
0.69121
-0.484113
1.53486
0.507795
1.09919
-1.00795
0.304553
-0.166059
-0.296079
0.572139
0.1376
0.489028
-0.981471
-0.887941
-1.235
0.115055
0.717433
0.903475
-1.12071
0.177151
1.31941
0.0541345
-2.07085
-0.975616
1.24913
-0.503927
0.20144
-0.434916
-0.753953
-0.363396
-0.424394
-2.12973
-1.08565
0.199913
0.478
-0.468541
0.559591
0.906189
1.49266
-0.31217
-0.294315
-0.497444
0.589012
-0.336809
-0.265316
0.975708
-0.423075
1.73463
-1.31447
-0.305789
-1.09518
-0.267567
-0.238585
0.0724884
0.809891
0.289524
1.24831
0.560404
-0.334171
0.637674
-1.30435
-0.0153181
1.42387
-1.01794
-0.0912454
-0.324422
-0.0450737
-0.887566
0.952282
-0.32327
-0.432921
-0.826878
0.145613
0.036355
0.200762
0.249473
0.422819
0.144596
0.126003
-0.107599
0.414085
-0.901704
0.661098
-0.399521
0.37691
-1.25979
-0.0945449
-0.295056
0.289829
-1.29633
-1.17645
-2.11764
0.552919
0.699528
0.166172
0.108977
-2.09471
0.842797
-0.695112
0.56377
-1.3976
-0.957136
1.55685
0.115976
-0.24483
-0.190279
-0.808217
-0.544045
-0.249601
0.282222
-0.498743
1.75345
-0.878595
0.000119368
1.20995
-1.22746
0.766062
-0.15211
-0.483043
-0.398057
-0.407429
0.670032
-0.706815
0.030834
0.782127
-1.51801
0.151751
-0.255322
2.53611
-0.0010195
-0.505905
1.26494
-0.887148
0.797296
-0.245172
0.225171
-0.303874
0.232506
0.95267
-0.0412022
0.704003
0.236673
0.870991
-0.478996
2.05317
-0.0447005
2.31298
-0.0825542
-0.0296541
1.20267
-0.173169
-1.60679
0.0654539
-0.627269
1.36539
-0.313214
0.00203326
0.762697
0.379231
-1.13299
-0.521847
0.0719619
-0.0740399
0.689482
-0.615488
-0.973363
-0.682075
1.24472
0.1581
-0.959118
-1.06173
-2.34949
-0.00553786
-0.464623
1.94671
-0.586924
0.0872799
0.176076
0.0381785
-1.31827
-0.525832
-0.612348
0.0962775
-0.356777
-0.251181
-0.19061
-1.23322
0.678227
-1.41728
-0.332099
-0.727456
0.621712
0.349652
0.559185
1.2588
-0.38291
-0.238867
0.549504
-0.243907
1.06975
0.564016
-0.0622646
0.187252
0.361224
-1.03216
0.0376273
0.433143
-0.260477
-0.528965
0.595592
0.907274
0.502123
-0.265321
1.23434
0.291608
0.0841844
-0.0890402
0.870579
0.375251
-0.0268685
1.28629
1.6318
-0.713421
1.12685
-0.503629
1.01349
0.147188
0.45655
0.320973
-0.549763
-0.0835571
-0.0320127
-0.275798
0.00267743
-1.16976
-0.458786
1.45028
0.2429
0.7066
-0.612181
-0.0908132
-0.223878
-0.473833
0.938922
-0.644797
0.238933
-0.648561
-0.401565
0.887123
-1.43834
0.410064
-1.18807
0.430227
-1.20686
-1.32153
-1.59395
-2.03445
0.220189
0.196292
-0.31878
-0.267696
0.911186
-1.02855
-0.0650169
1.49607
-0.202659
-0.855179
-0.35198
-0.514376
-1.20109
-0.156116
0.221047
0.48964
0.498969
1.05615
0.601657
-0.947666
-1.5345
0.516391
-0.941709
-0.326046
1.01019
0.0764516
-0.176176
-2.66953
-0.288417
1.10812
1.77457
1.17756
-0.278238
-0.596971
-1.30649
0.890294
0.49851
0.270006
1.08079
0.216218
-0.327501
-0.494179
-1.44998
-0.281914
0.160221
-0.25313
-0.0807964
-0.688491
0.211967
1.02192
-0.47009
-1.14676
-1.01485
-0.341414
-1.15915
-1.76855
0.908551
0.609328
-0.968338
-0.934897
-0.668187
-1.18802
0.184175
-0.794746
0.872122
-0.200091
0.209903
-0.0075175
1.14717
-0.871609
-0.179883
1.16568
0.364001
-0.801635
-0.824223
-0.42355
-0.61173
0.647222
-0.218753
-1.16659
0.67113
-0.35283
0.871509
-0.36828
0.00806362
-0.259905
-0.551894
1.20861
-0.937235
-0.288704
0.05732
0.636318
-0.552183
-0.408532
-0.641328
0.674742
0.108359
-0.33049
-0.775941
-0.992815
-0.315244
0.234634
-0.202753
0.618149
-1.71568
1.50847
0.308722
-0.695726
0.292369
-0.739624
-0.997936
-0.653937
-0.846569
-1.51816
1.35163
0.234256
1.03169
-0.0508232
0.790392
1.27537
0.0764597
-0.0491257
-0.0326027
-0.174278
-1.01171
0.558118
0.611014
0.548464
-1.42131
0.220454
-0.146451
0.237093
0.929434
0.541611
-0.82206
0.394886
1.95408
-0.771713
-1.08961
-0.298278
0.824803
0.273347
-0.266642
-1.05668
0.17771
0.186905
-1.57315
0.969986
-0.158533
-1.59566
1.47109
0.467705
0.564467
0.182719
1.58702
0.744756
0.0708329
0.471784
-0.356563
-0.100694
-0.894135
0.0413595
-0.0171808
-1.02191
-0.225195
-0.700446
-0.709638
-0.719767
-1.02063
-0.886308
-0.146422
0.109427
0.283874
-0.0203051
0.242102
0.461762
-0.956739
-0.194123
-1.38215
-0.898678
0.0149752
-0.371811
-0.48312
-0.209673
0.2599
0.68225
-0.423472
-0.427059
-0.536699
0.217871
0.563805
-0.302627
-1.41878
0.3068
1.40306
-1.84066
0.728821
-0.722344
-1.5081
-0.465763
0.24935
1.40912
-0.0593176
-0.0349995
-1.26497
0.795035
1.01781
0.439614
-0.256285
-0.542031
-0.411258
-0.484892
0.436766
-0.0190324
0.173355
-0.912874
0.636226
-0.208124
-0.652688
0.928606
0.623163
-0.4329
-0.972364
-0.11487
-0.213601
-0.609619
1.1182
-0.496952
-2.20109
0.0971363
0.300996
-0.534089
0.149388
1.71179
0.533226
-0.277196
-0.721137
0.945554
-0.893557
0.26896
0.13863
-1.35483
1.30521
-0.357384
1.35412
-0.274153
-0.65086
0.314547
-0.100204
0.357881
-0.686287
0.0201976
1.50783
0.701643
0.179901
1.51906
-0.119445
0.162468
-1.03906
0.233416
-1.77086
1.2557
-0.434719
0.791103
0.398423
0.0890455
-1.2644
-1.25937
-0.675873
0.294878
1.03636
-0.147373
-1.47581
0.723537
-1.17532
0.270365
-0.426664
-0.687246
0.977433
1.29705
0.60021
-0.0718102
-0.114799
-0.0339582
-0.482021
0.902961
0.544896
0.0676337
-0.288947
-0.324736
0.0864673
-0.0756873
-0.823346
-0.419392
-0.150933
0.635967
1.92591
0.0241269
0.410152
-0.38867
1.21643
-0.25348
-0.356835
0.319806
1.56015
-0.345967
-0.234887
-0.444113
-0.453782
-0.223805
0.0997288
0.0202458
1.30586
-0.972969
-0.663921
0.80451
-2.2448
-0.258177
-1.84045
0.0894263
0.112112
-0.238121
0.905002
-0.0269624
0.528595
1.2018
0.414501
-0.366055
2.02339
1.15536
-1.88448
-1.80332
-0.0734458
0.340131
-1.17053
0.119607
0.42663
-0.225047
0.172477
0.676649
-0.132008
1.00306
1.05116
-0.236091
0.891037
0.0762629
2.33757
0.142604
0.0820169
0.0472187
0.0315169
-1.18101
0.580833
1.43156
0.277787
0.477622
0.290347
-0.835981
-0.227524
1.54509
0.220891
0.592174
-0.0820686
1.28264
-1.09721
-0.427236
-0.759359
0.210739
-0.00178388
0.109128
0.62835
-0.347426
-0.193651
-1.0345
-0.168607
1.11462
-0.590584
-1.46574
-0.644008
0.908155
-0.164559
-0.833055
-0.795507
-0.237042
-1.54586
-1.16764
0.447297
0.223477
-0.382579
-0.568721
-1.15833
-0.931723
-1.33214
0.78993
-1.61272
-0.268481
-0.0339051
-0.251961
0.147256
-0.454665
0.741867
-0.853829
1.22042
0.49272
1.57943
1.20129
0.0298036
0.0335865
-0.685296
0.42377
0.861387
0.571286
-0.519785
0.26372
0.424793
0.385355
0.422896
0.0615378
-0.345618
-0.514376
-0.495952
0.573571
1.09282
-0.398358
-2.30382
-0.432692
0.0645221
0.837828
1.79714
0.56269
1.10358
1.65142
0.976134
0.240179
0.123472
-0.627933
-0.809856
-0.0251549
-0.547638
0.318497
-0.792264
0.725785
-0.601606
-0.540185
0.00406711
-0.516585
-0.812508
-1.13072
0.658538
1.48
1.22556
-0.650996
-0.755943
-0.524953
0.385379
1.78623
-1.12119
-1.02343
0.359194
0.59469
0.438616
-0.138237
-0.244887
-0.873543
-1.06332
-0.00432084
0.814637
-1.1049
0.720002
1.49085
-0.195636
0.60961
-0.439284
-0.533665
-0.823587
-0.325001
-0.561076
-0.131936
0.243514
1.11288
1.48233
0.442424
-0.12775
1.37067
0.93108
1.07902
0.271379
0.813907
-1.36801
-0.713447
-0.347725
-0.595706
-0.300271
-0.439053
1.15612
-1.49763
-0.762444
1.00412
0.704368
1.3768
0.0542322
-1.11968
-0.120842
-1.99679
-0.386497
-0.660755
-0.39619
-1.10273
-0.836774
0.318187
0.433528
0.918225
0.482439
1.33291
0.173796
1.83385
0.25895
-2.45542
1.11244
-0.127375
-0.108144
0.186564
0.351795
0.0254446
-1.3518
-0.313314
0.547287
-0.667852
0.0563975
-0.254474
1.05151
0.639067
-0.48729
0.213459
0.881292
0.893175
-1.33271
0.615301
0.0499545
-0.22984
0.476742
0.728825
-0.487399
0.718555
1.3203
-0.505422
0.682917
0.556816
-1.70809
0.434592
0.401507
2.25751
0.998236
-0.41228
1.55135
0.348898
0.706645
-0.783883
-0.0459899
-0.910518
-1.73772
-0.644978
-0.0844585
0.536387
-1.46315
1.79955
0.828786
0.166414
-0.564134
0.190731
-0.222124
-1.99202
0.0402194
0.00159057
-0.0896929
0.888813
-0.403939
-0.109789
-0.0155107
1.19065
-1.42088
-1.51265
-0.0237011
0.240391
0.36199
0.949766
-1.17629
1.33758
0.437489
1.79933
0.768594
-1.35545
-0.0369918
-0.702311
-0.246264
0.792163
0.127154
-0.346428
0.31775
0.222546
-0.302207
-0.725824
-0.750929
0.424656
-0.141708
0.164953
0.524595
-0.370761
-0.86701
0.0379155
0.202781
-0.667231
-0.613112
-0.555394
-0.174035
-0.411849
-1.33193
0.290864
-0.424235
-0.146863
0.391894
0.878192
0.877807
-0.311856
-0.515247
0.238593
-0.296271
0.979135
1.35745
2.09769
-1.4304
0.369823
0.526137
0.0654582
-0.357756
1.73572
-1.09353
-0.20569
-1.27652
-0.51119
0.491225
-0.85526
-0.751786
0.30642
0.64796
-0.878879
-1.59428
-1.68221
-0.16559
-0.508746
-0.392757
-0.0765546
1.62085
0.630086
-0.357916
0.138797
-0.0368555
0.470279
-1.09471
0.839319
-0.725843
0.431488
0.127436
-0.708918
0.697687
-0.982182
-1.49332
1.25386
-0.760195
1.46222
-1.15644
0.290823
-0.850323
-0.204101
0.139755
0.962477
0.663391
-0.679975
-0.756438
-0.387397
1.09628
0.767417
-0.114006
-1.15489
0.0958155
-0.070504
-0.186039
1.03735
0.177431
0.39856
0.0217735
-0.304365
1.45702
-0.716299
1.20136
1.0785
-0.399159
-0.839497
1.9987
0.055232
1.10758
-0.492673
-1.92192
1.04802
-0.852742
0.246917
-0.0962436
0.102057
0.521614
-0.297405
0.676912
0.462934
0.578354
-0.623215
-0.222681
-0.76559
0.726406
1.29357
0.661576
-0.157513
0.718922
-1.43705
0.0450194
-1.5831
-1.76111
0.711943
0.00363347
1.31828
-0.352313
-0.775315
1.77544
0.494904
0.328357
-0.979262
0.20952
0.15904
2.1076
0.0192343
-0.398952
2.04467
-0.569199
0.714287
0.855059
-0.841344
-0.302518
-1.4012
1.50853
0.335765
0.0218401
1.10225
-0.616553
0.747365
0.204824
-0.717939
-1.65893
0.748018
-0.182044
-0.0611486
-1.63883
1.33662
-0.41071
-0.0560876
0.453343
0.0111508
-0.435183
-0.321242
-0.499461
1.01791
1.62543
-0.0502395
-0.228052
0.739443
0.470442
1.50109
-0.0902798
0.500329
0.105671
-0.330751
-1.35833
-0.611034
-0.49358
0.193433
-0.292809
-0.660696
-0.67598
0.239382
0.355954
1.05069
0.481791
-0.552834
0.113511
1.22057
1.21578
1.55935
-0.162556
-0.647472
-0.73873
-1.29164
-0.453008
0.0163588
1.01828
0.30222
-1.08231
0.987497
-0.333032
1.02863
0.525611
-0.233028
0.659444
0.526
0.843031
-0.489436
1.29318
-0.0382207
-0.920535
0.472777
-0.584793
-0.942217
-0.131312
-0.578949
-0.807464
-0.702235
-0.189516
-0.8505
-0.699119
1.09823
0.95379
-0.127542
0.61811
-1.59826
-0.927357
-0.265752
-1.71406
1.00412
0.344165
-0.706924
0.642582
-1.28574
-0.0236631
-0.57731
-0.466029
0.609406
0.636008
0.0865739
-0.877535
0.367145
0.814672
-1.96882
-1.26296
-0.848867
-0.999243
0.946163
0.586751
0.214147
1.08894
0.588207
-0.398913
1.82709
-0.137955
-0.336691
0.209443
-0.525136
-1.04025
-0.188046
-0.011718
-0.559555
0.136008
-0.696475
-0.884233
0.522316
-0.393061
0.31857
-0.243469
-0.644034
-0.298506
-0.438044
-0.786239
0.527992
-0.328116
1.55054
-0.108126
0.802171
1.13507
0.0333849
0.147683
1.64407
0.229428
-0.358555
0.741783
1.3325
-0.960552
0.374568
-1.23322
-0.444907
0.778341
1.24799
-0.518479
0.331406
0.307331
1.18807
-1.58688
-0.77928
0.839585
-1.26121
0.446031
1.27085
-1.18735
1.08388
0.633316
-0.62897
0.456731
-0.64559
-0.529293
-0.0673015
2.05574
0.746614
0.235799
-0.390406
0.264155
0.634688
-0.0560121
0.588978
-0.0709075
-1.08067
-0.511017
-2.01377
-1.67062
0.787652
1.83958
0.253572
-0.251659
0.315195
-0.276311
-1.52327
0.185504
-0.5154
-0.013055
0.36606
1.44753
0.437092
-0.6622
-0.645706
-0.537913
-0.906519
0.380283
-1.44936
-0.351071
0.375359
-1.30935
0.450844
0.310395
-1.21043
0.100145
-0.308864
0.146229
1.3816
0.362129
-0.0547587
-0.670159
-0.5428
-0.823805
0.00463617
-0.718252
0.462361
-0.642112
0.114571
0.874378
0.424736
-1.94569
1.24086
1.67511
-0.431192
0.149405
-1.48871
-0.929904
-0.388699
-0.398092
0.0439356
0.924552
0.0145023
-0.357112
-0.0638378
0.314336
-0.69443
0.157461
0.264892
-0.441061
1.15662
-1.12218
-0.93114
0.883881
0.218134
0.506773
-0.965668
-0.361804
0.357655
0.840353
-0.300825
-0.170055
-0.652519
-0.442415
0.0914365
-0.130188
0.213396
-0.419419
-0.392168
0.149075
-0.434369
-0.332852
1.85199
1.84394
-0.306047
0.291416
-0.221139
0.251197
0.828591
0.0175523
0.949486
-1.62816
-0.345117
0.242266
-0.356437
-0.289641
-0.376562
-0.0159488
-0.494539
0.0530366
0.950216
-0.00905472
0.463434
0.576122
-0.832779
-1.19502
-1.1727
-0.439582
0.0764196
1.62406
-0.737081
0.796686
0.151678
0.676645
-0.3117
0.254587
-0.725215
1.01619
1.07229
0.942683
0.32586
1.171
0.0952624
-0.935462
-1.27737
-0.218182
-0.960484
1.20154
1.65143
-0.61786
-0.24863
1.16225
-1.5262
1.24953
1.61045
1.07649
0.515787
1.60871
-0.0342785
0.316249
-0.469239
-0.118325
-1.97394
-0.469712
-1.11904
0.355501
-1.13105
0.460935
-0.74769
0.0802159
-0.385106
0.689087
-0.08811
0.4016
0.304932
0.0991133
1.02761
1.83013
1.39937
-0.421209
0.0971534
-0.668014
-1.8278
0.765122
0.219224
0.596981
0.562995
-0.199986
-0.708384
0.239591
0.121999
0.178349
-0.661047
0.329877
0.397387
0.152421
0.755923
2.02376
-0.75733
-0.792108
1.17887
0.345516
0.753896
-0.485225
0.971775
-1.62377
0.525608
-0.534953
-0.568131
0.395108
0.629457
-0.0813947
0.00972375
-0.565909
1.11701
-0.411142
0.508608
0.514469
0.236149
-0.355707
0.597253
1.45217
-0.99423
1.10271
0.00922742
-1.20272
-0.594338
1.45675
1.03957
-0.940591
0.28923
-0.584628
-0.45685
-0.03053
0.0852684
-0.00419242
0.456023
0.296134
0.386156
-1.75292
0.633321
1.16761
-0.125719
0.387449
-0.335468
-0.120288
1.14319
-0.666564
1.60469
-0.400323
-0.0503295
-1.43015
0.830159
0.795057
1.35616
-0.171042
0.41103
-0.282365
0.21496
0.0326887
-0.0233964
0.464395
-0.302843
0.128257
0.464899
0.254659
0.204247
1.25768
-0.784424
-0.74388
-0.0670756
-0.0230506
-1.00857
-0.747702
-0.00384973
-0.204715
0.676121
0.212093
-1.29317
0.0711773
0.323684
0.319686
0.312358
0.53202
-0.926679
0.178487
0.29708
1.5574
-1.65149
-0.414345
-0.598996
0.754278
1.06018
-1.45694
-0.836725
-0.721532
-0.111861
0.215277
-1.11917
-0.643303
-0.86559
0.202796
0.0700158
-2.16238
0.188868
-0.449554
-1.28592
-0.833823
-0.210471
1.51263
0.219796
-1.30017
0.169782
0.661074
0.0543308
-0.785299
0.00673165
0.57972
-1.15877
-0.795714
-0.501082
-0.626791
-1.51955
-0.0932022
1.95643
-0.139371
-0.0454043
-0.776676
0.531502
-0.0664238
0.384416
-0.288608
-0.683121
0.257986
-0.06177
0.461203
0.948717
-1.05871
0.0521532
-1.49707
-0.110985
-0.619757
-0.817313
-0.183859
-0.554412
1.03606
-0.750609
-0.348323
0.522422
0.8914
-0.709651
1.04169
-0.432231
1.01438
0.722655
-1.15851
-1.11393
-1.6133
0.640584
0.207945
-0.224783
-1.05889
0.692293
0.683157
-0.0338499
0.949659
0.693754
-0.436586
0.534763
0.20717
-0.122659
-0.505998
-0.639501
-1.3718
0.557007
-0.822676
0.349044
0.737081
-0.498093
0.0504098
0.58124
-0.157927
0.508157
0.773972
-1.96215
0.552471
0.480566
-0.0915526
-1.18724
-0.0132894
0.280177
-0.737706
-0.107938
0.535959
0.475911
1.15324
0.80033
1.24333
0.324173
-1.55608
0.0252287
-1.08816
-0.213825
-2.06001
-0.180351
-0.434429
-0.0627661
1.484
-1.20684
0.697479
-0.758714
-1.08332
-0.650315
-0.764874
0.584508
0.110886
0.428055
0.0943837
-0.972628
0.870832
1.98243
0.881509
-0.673688
1.90641
-0.0637586
2.12266
-0.621382
-0.392887
-0.187533
1.82619
-0.994375
-0.55348
-0.29745
1.23161
-1.19687
0.114192
0.687678
0.0431614
-0.0875873
0.858155
0.626274
-1.14891
-0.406668
-0.625543
-0.181794
1.49019
-0.272253
-0.126893
1.1127
0.0180561
2.14551
0.985755
0.240768
0.0951556
0.612912
0.221605
0.352257
0.845976
-0.692126
0.112862
-1.20554
0.346594
0.154138
-1.32916
0.545247
2.26838
-0.307946
0.137154
-1.31977
-0.606681
0.272073
0.807186
-1.22433
-1.59227
-0.702397
1.10545
0.729055
0.623508
-0.641846
-1.24354
0.155816
0.247525
1.02199
-1.18089
0.674442
-0.765823
-1.14836
0.724853
-1.51894
-0.590954
0.522053
0.627823
0.0283038
0.415782
1.28959
0.378512
0.0515097
-0.155302
0.931339
0.0519176
2.19966
-0.665052
0.676578
0.668176
-0.479524
0.733662
0.198955
0.0645777
-0.0256763
0.519297
0.107335
0.885071
0.426875
-0.518537
-0.578916
1.13104
-0.146487
0.896447
2.07026
0.958675
-0.513641
-0.759937
-1.056
-0.534114
0.67053
-0.777871
-0.0884555
-0.440409
0.188078
-0.351956
-0.882384
-0.0217179
-0.304268
0.546133
-0.298905
-0.999098
0.370987
0.0589985
-0.491591
-0.983035
0.686955
0.193561
-0.796866
-1.36001
-0.205781
0.344032
0.734354
-0.703342
-0.385392
-0.431763
-0.799311
-1.0496
0.10342
-0.588005
0.866733
0.991387
-1.08169
-0.617502
-0.404571
-0.074552
-0.557198
1.53706
-0.640252
-1.14421
0.872647
0.0986584
-0.589072
0.2855
-0.10283
0.314032
-1.36067
-0.769725
-0.103609
0.757899
1.77688
-0.109504
0.398079
-0.696257
-0.576207
0.333896
-1.03528
-0.68514
1.57814
0.262019
0.893354
-0.414538
0.813343
-0.548452
0.922229
-1.12683
0.363112
-0.124769
-0.113578
-1.0047
0.649542
0.588625
-0.379681
0.455017
-0.119028
0.687382
-1.20425
-1.78099
0.32417
0.353927
-0.0453115
-0.464103
-2.00849
-0.886931
-0.243302
0.249573
-0.569066
-1.2469
-0.690373
-0.447387
-0.949221
0.363752
-1.00708
0.569004
-0.260466
-0.125648
0.0125671
0.290795
0.59278
0.342187
-0.14859
-0.708979
0.900024
-0.441753
-0.707296
1.74359
-0.693942
0.555942
-0.68067
-0.956767
-0.39023
-0.769664
-0.0968274
-0.717594
0.0418053
0.31898
-0.498648
-1.1057
-1.61344
0.401333
0.464958
-1.25632
-0.00363619
0.320447
0.67967
1.27912
-0.596744
0.133568
-0.512131
0.834319
0.057973
1.95131
-0.662334
0.326261
-0.853032
0.0434319
-0.103247
-1.20078
0.311102
0.0357831
-0.293437
-1.02868
1.11679
-0.562634
-0.282007
-0.224841
0.632499
-0.89258
0.00473815
0.218551
-0.37231
0.26571
0.233512
0.618875
-1.37435
0.8261
0.0572808
0.0513702
-1.40309
-0.3837
0.993596
1.30184
0.643887
-1.35147
-0.185139
0.323185
-0.270392
-0.285817
-0.7675
2.45672
2.3748
0.791842
-0.646497
0.0660083
-3.33875
-0.190614
-0.454863
0.391296
-1.0834
-1.15953
-0.379763
1.29546
0.8031
0.890967
0.757693
0.791177
0.0956422
-0.930667
0.229613
-0.624958
0.948069
0.271111
-0.855124
0.703814
0.197665
0.00229068
0.41714
0.471658
-0.00146583
0.216551
0.940003
-0.443567
0.147901
1.96785
-0.614242
0.889125
0.414095
0.895264
-1.5996
1.23722
-0.494032
-0.265278
0.669316
-0.443125
0.614903
0.294616
-0.18738
-0.271912
1.02079
0.394159
-0.467006
1.25668
-1.54035
-0.227735
0.245204
0.734996
1.1646
0.945766
-0.323723
1.19099
-0.540613
-1.59689
-0.29188
0.441768
0.622502
-0.405379
0.285232
-0.849293
0.297985
-0.404833
-0.0374436
-0.091894
-0.17446
-1.05686
-0.592038
-2.21702
-0.738683
-0.226784
0.103241
2.81161
0.680146
-0.364266
0.376318
-0.264077
1.2469
0.790609
0.0291048
0.081919
-0.900334
-0.479014
0.231821
-1.36924
-0.582046
-0.0475939
0.66296
-0.704128
-1.43417
0.418209
2.32939
0.487308
-0.0738218
-0.485547
0.115657
0.45003
0.902413
-1.08806
1.13205
-1.28902
-0.401873
-1.60624
-0.749458
1.41739
0.565805
-0.361752
0.685123
-1.26414
0.20769
1.68074
-0.373859
-1.15523
0.781167
0.0185103
0.787045
0.358717
-0.80261
-2.41034
0.163591
-0.0406532
0.035057
0.376253
-0.652541
0.0677804
0.507681
-0.575777
0.246009
-0.540979
-1.35701
0.59347
0.421108
-0.738769
-0.298625
0.970904
0.578477
-0.303005
-0.117017
0.750323
-0.411526
-2.41525
-0.485782
-0.926284
-0.53216
-0.670973
-1.88607
-0.733733
0.615978
-0.869496
1.07259
0.887656
1.44907
-0.760947
0.486474
-0.881949
0.0587675
0.592
-0.303446
0.850343
-0.857262
-0.940515
-0.0951594
-0.406886
-0.296086
-0.799078
-0.165426
0.0634723
-0.0236389
-0.0927993
1.06349
0.203032
-0.132079
-0.118215
0.806073
0.0828013
0.131824
-0.130673
1.3437
0.900993
0.324132
-0.9042
0.526173
0.304455
-0.313947
0.486039
0.611519
0.755618
0.414605
-0.860545
-0.245024
0.229745
-0.078832
0.722918
0.437885
0.566329
0.946605
-0.953157
0.744652
-1.41352
-0.748017
-0.801655
-0.60272
-0.634303
0.507309
-0.0132709
0.566368
0.682538
0.482022
-0.796573
0.253718
-0.349651
0.0176323
1.0497
-0.255585
0.569765
0.337968
-1.61764
-0.433223
1.20644
-0.552803
0.0543051
-0.994884
0.288816
-1.33761
0.96345
-0.719123
-0.623773
-0.154016
-0.642029
1.34575
0.329199
-0.153076
-0.37763
-0.429235
0.52794
-0.676375
0.492281
-1.29761
-0.400832
-0.233828
-0.602255
0.39705
0.531796
1.1322
0.327881
-0.398176
0.826647
0.382881
0.0891101
0.299396
0.0493727
-0.097789
-0.868826
0.698105
-0.424122
0.247269
1.63298
0.35325
-0.851152
0.887391
-0.814066
0.673091
-0.0680811
-0.15102
-0.445636
0.587149
-0.338974
-0.584889
-1.41618
-0.242331
0.213478
-0.798558
-0.942666
0.433248
-1.72458
-0.501472
-0.366849
0.921328
0.570976
0.485054
-0.718753
0.393946
0.332411
-0.734404
0.985515
0.0886339
-0.426545
-0.898095
-0.484147
-0.157707
-0.0325533
-0.2964
0.527987
-1.41929
-0.197936
-0.0977879
0.260835
-1.27306
-0.295508
-0.733692
0.714295
-0.543333
0.258925
-1.33313
0.586387
-0.505768
0.80343
-0.0120035
0.374943
-0.191225
0.428121
-0.404945
-0.768667
1.11393
0.19424
1.75787
-0.350146
0.0813675
1.27325
-0.220644
-1.15062
-0.287309
1.00504
0.216717
1.64231
2.45279
-0.342606
-0.782263
-0.434659
0.102781
-1.09848
0.22064
-0.869679
0.441256
0.843843
-1.20962
0.494113
0.170256
-1.21223
-1.33731
1.98117
-0.396613
0.140484
-1.20982
1.82929
-0.370674
0.0337993
-0.0880286
0.166573
-0.424657
0.178982
-0.194636
0.362107
-0.200045
0.684503
-0.0933834
-1.65319
-0.472942
0.0731639
1.06115
0.74833
0.20217
0.182981
0.636622
-1.7236
-1.62431
-0.373625
-0.761898
0.246529
-0.88915
-0.00065221
0.583261
-0.877992
-2.42369
0.427372
1.76776
-0.763957
-1.50392
-0.249301
0.550355
0.847506
0.134752
1.70096
-0.221382
0.862307
0.201112
-0.696364
1.66336
0.0764378
-0.599813
-0.149425
-0.0479424
0.865424
0.562469
-1.26506
0.0879059
1.14074
0.0365068
-0.624532
0.1365
-0.901705
-0.469504
-0.82152
-0.0999319
-0.98654
0.57077
-0.233014
0.24371
-0.221649
-0.558763
-0.617166
0.100577
0.982699
0.353308
0.740001
0.461992
-1.22432
-1.00772
0.0797919
0.208574
-1.57333
0.94039
-0.72766
-0.812238
1.43499
0.383197
0.790009
1.62435
0.89713
-0.252202
0.359424
-0.443121
-0.329312
0.629987
0.0805113
0.915521
0.947396
0.641003
-0.672578
-0.0349913
-0.0579117
1.14118
-1.63252
0.583534
-0.647778
-0.516293
0.405676
-0.864559
0.00483846
0.699179
-0.662139
-0.475828
-1.26762
-0.233314
-0.766586
-0.469379
-0.0701248
-0.0242661
0.869573
0.317847
0.284656
-0.709201
0.0350498
-0.670712
0.382132
1.17038
0.121449
-0.198019
-0.496123
0.73427
0.43316
0.653023
-0.340562
-0.040838
0.0241866
-0.0609686
0.14998
-1.64578
-0.625466
-0.462207
0.411617
0.991867
-0.539332
-0.456661
-1.06248
0.675851
-0.0799847
-0.776865
-0.252503
0.76904
0.532605
2.135
0.411109
1.32746
0.412813
0.113279
0.34159
1.21253
1.50079
-0.72569
1.32506
0.264135
1.3203
-0.0217119
-0.279833
0.832532
1.03675
-0.735451
0.103063
-0.243794
-0.848018
-0.804032
-0.320538
-1.26067
0.0521091
1.24779
-0.305219
-0.512378
-1.20302
0.874664
-1.62606
-0.00939151
-0.156136
0.716222
1.49938
-0.0999087
1.10041
0.643551
0.676293
-0.777519
-0.979479
-0.0415426
-0.386124
-0.154642
-1.7399
1.03607
-0.373526
-0.761483
-0.19222
-1.28032
0.451588
-1.94583
-0.883506
-2.17032
0.361672
0.392638
-1.85561
0.788464
1.11696
-1.28997
1.94595
-0.34755
0.687328
-0.046681
-0.101492
0.465098
0.39862
1.15127
-0.0771935
-0.788219
-1.71262
-1.11224
0.499486
0.536211
-0.440329
-0.907334
0.263427
-0.733184
0.611326
-0.484223
0.574824
0.980972
0.476046
-0.491068
0.0473778
0.302671
0.195361
-0.126183
0.603319
0.715094
-0.992086
0.764219
0.956748
-0.0539446
-1.38968
-0.416253
0.223971
-0.476028
0.0183576
-0.410966
-0.514455
-0.574774
-0.0774569
0.87275
0.641966
0.368201
0.543876
1.57617
1.52641
0.906455
-0.231527
-0.284078
0.112913
0.426562
0.901822
-0.28796
0.90447
0.60995
0.943355
0.560349
-1.2388
0.806441
0.492146
-0.445104
-1.05576
0.30648
-1.13436
-0.89897
0.190255
0.51578
-0.284169
-0.222937
-0.240739
0.00541929
0.994573
-0.117346
-0.74586
-0.283532
-0.433709
1.00481
0.117753
-2.61594
-0.223479
0.8577
-1.06994
-0.141052
0.162237
0.0241353
1.18013
-0.648302
-1.31263
-0.284578
-0.0875555
-0.522856
0.268344
0.386203
-0.491727
-0.830398
0.959426
1.17738
0.00211009
-0.0832737
-0.742748
-1.21425
1.11557
-0.0720769
-0.308444
1.62108
0.11687
0.207861
0.471536
0.187641
-0.877233
-0.842396
-0.0995826
-0.252851
0.545157
-0.208008
0.187834
-1.03388
-1.26503
-1.24354
-0.148723
-0.928977
0.526246
-0.137034
-0.135808
0.279165
-0.381871
-1.90331
0.0307318
0.393023
1.03097
0.459407
-0.341924
-1.52327
-1.37474
-1.47745
1.01812
-1.13958
0.116594
-1.05512
0.847869
-0.74578
-0.799045
-0.8054
-1.35347
0.144738
-0.636683
-0.648888
-1.00609
1.14711
-0.836355
0.382923
-0.570288
-1.31341
-1.08434
-1.12529
-0.436123
0.214312
1.49094
0.699141
-0.148079
-0.350062
-0.648295
0.331937
-1.49938
0.65906
0.772961
-0.518983
-1.33823
1.06757
0.0780082
-1.25849
-0.511054
-0.0472586
0.428469
1.44112
0.96017
0.381536
0.707841
0.617523
0.393168
-0.320352
0.522679
-0.5059
-0.47594
-0.209051
-0.153997
1.74691
-1.05907
-0.656861
-0.595565
0.323089
0.0918107
-2.31482
-0.882617
-0.876041
-0.555388
-0.0154206
-0.885776
0.195724
-0.0912921
0.728489
-1.59615
0.40339
-1.61498
-0.740833
0.642413
0.190198
-0.360423
1.77625
-0.525906
-0.0450409
-0.51004
-0.333942
-0.70347
-0.39076
1.1754
1.00158
-0.868134
0.792602
-0.410536
0.566684
1.40474
0.845901
0.797751
0.717175
-0.132465
0.0665427
-0.609743
-0.125475
-0.142593
-0.0882146
0.268291
-0.154163
-0.815049
-0.370535
-0.277025
-0.32077
0.283347
0.00956299
0.453806
-0.544228
-0.496325
-0.754818
0.292327
0.185731
-0.444609
-0.819302
-0.0378648
-1.07736
1.17591
-0.208123
-0.815194
-0.79173
-0.414093
0.25861
0.608824
-0.186369
-0.109247
0.82187
1.5607
-0.620957
0.655402
-0.566247
-1.02993
0.111317
0.539717
0.0707511
0.244698
0.770916
-1.51654
-0.814749
-0.493082
-1.81205
-1.34222
0.0710327
-0.761201
0.500438
0.483297
0.843593
0.0120194
1.01632
-0.588292
0.314414
1.13059
-0.937418
0.486748
0.952399
0.41474
-0.758046
-1.0074
-0.85021
-0.172455
-0.659583
-0.162704
0.148389
0.523934
-0.454423
0.294796
-0.195897
0.132237
-0.0162106
-0.883405
0.766277
-0.152707
0.0751772
-0.663687
0.388694
-0.691511
1.29538
0.189571
-0.261731
-0.135838
1.27321
0.711694
0.531188
0.410708
-0.31921
1.01994
0.572326
-0.285488
0.076291
0.451946
-0.812943
0.877581
-0.296106
0.278803
0.473058
-0.550335
-0.728806
-0.35637
-0.187699
0.584097
-0.345533
0.470552
2.1026
-0.303886
-0.204598
1.63313
-0.498183
-0.608953
-0.926006
-0.082463
-0.09704
0.442872
1.18346
-0.413846
-0.526909
-1.79703
-0.766819
0.430702
-1.22592
-0.571432
0.200371
-1.27184
-0.165523
-1.19521
-0.653268
0.859177
0.150286
0.388343
-0.543668
0.656099
-0.227837
0.433711
1.20575
0.517441
0.143981
1.06013
-0.375492
-0.771487
-0.159857
0.832705
1.57443
-0.714615
-0.846522
0.342985
0.0775262
0.789779
0.406644
0.849511
-0.832417
-0.339254
0.674444
-0.0887685
0.282206
-1.12569
-0.503318
-1.96359
2.15557
0.301711
0.222575
-0.123999
-1.54468
0.0352209
0.102371
0.407786
-0.466253
-0.975825
0.0172071
-0.0604255
0.702961
-0.830989
0.371039
0.193936
-0.812877
-0.308093
0.00810611
-0.924902
0.525518
1.63591
0.31157
0.768664
-0.894777
-0.981884
-0.540175
-0.767789
-0.278033
0.615688
0.574532
1.45974
1.22649
0.502705
1.27591
0.617834
0.692655
0.564336
-0.609765
-0.359215
2.15985
-1.56197
-0.482452
0.615732
-0.408154
0.210307
-1.52665
1.1938
1.03061
1.1667
0.770505
-1.3685
0.560187
-0.172727
-1.14008
-0.17136
0.635181
0.192379
0.318717
0.917503
0.702854
0.0114448
1.26031
-0.367489
0.0955715
1.912
2.28811
1.11931
-0.0463576
1.13665
-1.21689
-0.1998
-0.687305
-0.376596
1.63053
-0.213165
-1.07592
1.33881
0.207126
0.495953
-0.426354
-0.271725
0.527266
-0.352391
1.17425
1.21191
0.346356
0.594519
0.290088
0.307492
-0.42528
-0.920599
0.53712
-0.394397
-0.188402
-0.966111
-0.336169
0.211717
-0.380057
0.538792
0.921159
-0.074869
-1.42576
-0.250271
-0.026267
-0.641509
-0.0200876
0.282366
-0.614131
-0.959574
0.75693
-0.261346
-2.08548
-0.404599
-0.221655
-0.12003
0.94513
0.917486
1.38467
1.36877
0.192941
0.373663
0.105873
-0.682946
-0.771344
0.149103
0.311315
-0.176535
0.703498
0.566192
0.951923
-1.12303
-1.09048
-1.37128
0.0296392
-1.77833
0.0748748
-0.560533
-1.04692
-1.96548
-0.893238
0.624418
0.879346
1.37027
-0.907821
0.314719
-0.331925
1.16225
0.111831
-0.0943115
1.55092
0.18921
-1.05332
-0.722042
-0.902632
0.622138
1.33171
-2.10268
-0.356865
-0.812496
-1.01247
0.577236
-1.50254
0.0854168
-0.54444
-0.0297637
-0.938802
-0.126972
-1.28227
0.208208
0.826513
-0.0605378
-0.832227
-1.53512
0.967774
-0.512693
-1.17034
0.0402218
-1.34106
1.26
0.390664
-0.484336
0.676617
-0.133625
-1.02684
-0.474152
0.231993
-0.607834
-0.830014
1.6893
-0.769245
0.868935
0.920046
0.549732
0.218582
-0.459907
0.445295
0.671482
-1.06288
0.516899
0.521448
-1.18076
0.163453
-0.76798
-0.77141
1.68074
0.211338
-0.283474
-0.480302
-0.466046
-0.134702
-1.13563
-0.0213617
0.434055
-0.121398
1.05691
0.0816563
-0.947369
-1.13954
-1.46084
0.570429
1.481
0.192838
0.54702
-0.390601
0.0231042
0.671356
1.52709
1.13103
1.01837
0.0847591
-1.0402
-0.222289
-0.0659049
-1.0051
-0.0528681
0.604257
-0.944007
1.3909
0.901617
0.928631
-0.826629
-0.339322
0.281202
-0.369451
-1.48276
0.0189241
-0.476783
-0.394131
0.787791
-0.175305
0.722033
1.02511
0.366746
-0.209668
-1.31121
-1.00498
-0.633255
1.02954
1.31717
1.2045
-0.265644
-0.0399046
0.971208
-2.49095
-0.513456
0.9445
-0.732585
-0.0716799
-0.676785
-0.317274
0.651718
0.371751
-1.43511
-0.617574
-0.0506988
-2.56005
-0.275326
1.18036
0.531476
-0.900357
0.289903
1.02779
-1.17196
0.250457
0.804995
-0.0991354
0.0281998
-0.241767
1.12659
0.144819
-0.135595
0.398487
-0.445342
2.01555
1.16235
-0.210183
0.448184
-0.130566
1.21288
0.453002
-0.0754822
1.54426
-1.00163
0.605695
-0.925743
-0.0466632
0.44765
1.74072
0.853691
0.340615
-0.813318
0.00622154
-0.789702
-0.419294
0.395314
0.338816
-0.200151
-0.268685
0.0465708
1.05345
-0.701131
-0.257638
0.984672
-1.00183
0.383206
-0.923202
-0.306076
-0.825817
-0.533902
-0.774962
-0.222504
-0.265921
1.40847
-0.0257192
-0.273435
-0.798381
-1.23199
-1.02056
-1.11776
-0.449656
0.886784
-0.770373
-0.542616
1.25284
0.166632
-1.08914
0.528388
-0.334082
0.281536
-1.20411
-0.643004
-0.309657
0.218748
1.20354
-0.523919
-0.322834
-1.08883
0.728159
-1.34515
1.34242
0.908061
1.45307
-0.274312
1.07028
0.158345
-0.00674299
-1.15872
1.24185
0.162352
-0.0329468
-0.183322
-0.684655
-0.229017
0.654301
-0.0280196
-0.28792
0.709565
0.603091
0.474638
-1.45482
0.179483
0.911543
0.723952
-0.50381
-0.736084
-1.55545
1.40893
1.12277
-0.642075
-2.04234
-1.68187
-0.190068
0.229866
1.20897
1.65746
0.11631
0.787723
-0.151721
-0.00295948
-0.258151
-0.847811
-1.37691
0.501852
0.206133
-0.145748
0.884006
-0.180038
-0.31295
-0.411781
-0.147123
0.847653
1.68472
-0.576484
1.01226
-0.73275
0.830957
-0.591733
0.523847
0.441846
-0.0390988
0.278566
-0.286056
-0.545981
1.03856
-0.110463
-1.48455
0.493975
1.24964
-0.785098
0.0541833
0.0309726
0.0857282
-0.158604
0.587798
-0.577011
-0.659927
-0.111827
1.03118
0.0141706
0.92974
0.909948
0.362518
0.770941
-0.600948
-0.188594
-1.23781
-0.669308
-0.0389931
0.0726364
0.640033
1.02941
0.359604
0.0242434
-0.938915
0.552847
0.262285
0.812928
-0.138509
-0.661697
-0.189849
0.0132323
-1.10549
-0.339494
-0.33518
0.584788
0.276599
-0.970857
-0.266514
-0.733222
0.60998
-0.190617
1.35003
-0.773892
0.88394
-1.18685
-0.0646321
0.350639
0.34089
-0.381677
0.254247
0.350669
-0.364798
-0.167308
-1.4125
-0.00184484
0.442588
-0.824782
0.876345
0.61947
-2.04983
0.330412
-1.09565
0.812247
0.406443
0.632744
-0.913191
0.828928
0.050862
-1.21256
0.0400459
-0.313541
0.501187
0.0313441
-1.85806
-0.338283
1.30486
0.187584
-0.188611
0.263964
-0.710809
-0.237764
0.209401
-0.0880014
0.585916
0.351105
0.305988
0.0504853
0.272372
-0.50152
-0.452645
-0.565764
0.15614
1.13109
-1.42904
1.10829
0.210742
-0.76737
-0.98544
-0.216501
-0.0538252
0.514906
0.381951
-0.10052
0.330262
-0.118355
0.314597
0.927527
-0.607853
-0.0407879
0.0461647
0.595718
0.387256
0.165922
0.162393
-0.0907008
-0.101614
-0.92852
1.22148
-0.309288
-0.790759
-0.322243
0.108284
-0.00857384
-1.44144
-0.0384048
-0.629851
-0.474602
-0.263454
1.21485
0.101105
-1.04142
0.306728
-0.273985
0.780192
-0.839334
0.884193
-1.1724
0.633287
-0.520573
-0.361371
0.166834
-0.0543746
0.610813
0.0747584
-0.676781
0.145742
0.724512
-0.0612632
-0.60999
1.3115
0.424538
-0.147001
-0.272254
0.551302
-0.156565
0.496737
-1.10215
0.521706
-0.0903107
0.401026
0.099974
1.00418
-0.884693
-0.984206
0.530547
-0.932353
0.10417
0.369837
-0.911312
-1.3787
0.0159823
0.625721
-0.846285
1.25001
0.669427
-0.596092
0.448705
-1.08847
-0.574176
0.0659079
-1.22496
0.0929127
-0.325002
-0.529031
-1.1051
-0.434729
-0.319048
0.347504
0.614114
-1.35794
-0.883502
0.670828
0.636734
0.193567
-0.607113
0.319572
0.301213
-1.69487
0.405314
1.70302
0.195739
1.33214
-1.40657
-0.942562
-0.935554
-0.0352707
-0.935255
0.496266
-0.222705
-0.897307
1.55063
-0.383898
-0.196698
-0.494143
-0.726532
-0.4404
0.0503025
1.08701
0.845648
-0.600938
0.385263
-0.28431
0.441702
-0.305814
0.210954
-1.09725
0.622664
-0.647137
0.793784
0.198332
2.38238
-0.115417
-1.31952
0.159696
0.0859179
-0.943903
0.091676
1.1538
-0.715711
-0.295411
-0.711854
0.636731
0.601559
0.561574
0.170371
-0.0106438
0.692037
0.623117
1.71162
-0.693018
-0.71768
-1.77576
-0.0719332
0.199584
0.64638
-1.70817
-1.30343
0.730922
1.35286
-0.794638
0.0477488
-0.8636
-1.67532
-0.742404
0.483311
0.040356
-1.93249
1.60514
-0.78825
0.961926
0.67482
1.03376
0.0739
0.441943
0.569526
-0.770676
-0.476176
0.175155
-0.112288
-0.210496
-0.666573
0.285136
0.395005
1.66718
0.119148
-0.52084
0.0214181
-0.441401
-1.85578
-0.919272
-0.426813
1.13804
0.322206
0.819681
1.09517
0.00145381
0.554531
0.622749
-0.319732
-0.149102
-0.0114185
-0.218432
-0.898929
0.139799
-0.761436
-1.00976
-0.931184
-1.51073
0.222877
-0.0546936
0.521012
1.07619
-0.589239
0.119177
1.58943
-0.179339
-0.310777
0.284525
-0.0976294
0.381728
0.626851
-1.97397
0.697733
0.0525762
-0.656296
-0.513709
-2.53977
-1.51075
2.10395
0.126914
-0.386542
1.09198
0.605486
1.67631
0.228819
-0.152458
-0.672332
1.13565
-0.822314
0.738453
-0.25109
0.331221
-0.580638
-0.225734
0.360776
-0.307327
0.605561
-0.339287
0.3699
0.00875431
0.109453
0.828763
-0.543574
-1.29672
0.227748
-1.32532
-0.104998
0.87082
0.381912
-0.980432
-0.460156
-0.803348
0.461474
-0.414716
0.245671
0.804647
-1.28828
-0.161356
-0.417952
0.0304022
0.874717
0.982722
0.44275
-0.582051
1.09796
-0.495483
1.15602
0.0895264
-1.81669
-0.0827698
-1.07001
0.610764
-1.17993
0.140926
-0.178094
0.345563
-0.9329
-0.189699
-0.569738
0.124691
1.03605
0.109996
1.49074
-0.669947
1.10675
1.38041
-0.427987
-1.26715
0.892888
0.93883
0.324536
0.981076
-1.17193
0.322303
-1.41283
-0.12075
1.70335
0.847974
-1.79573
-0.809783
0.317389
1.27043
-0.604147
-0.75844
0.220157
-0.0371731
0.591593
1.74556
0.891646
-0.982566
0.366147
0.856525
-0.477688
1.26859
-0.334144
0.41404
0.812887
0.0353449
-1.81881
1.30812
-0.368194
0.432824
1.10729
0.493474
-0.145774
1.72627
-0.693439
-0.351624
-0.281239
0.477322
-0.335876
-0.23068
-0.301191
-0.00401137
-0.0604032
-0.354395
-0.140099
0.608062
0.499736
0.83135
-0.0512358
0.791151
1.26999
-2.25627
1.36435
-0.0672255
0.536597
-0.27217
-1.12826
0.23933
-0.255386
0.978573
-0.00772743
-1.20197
0.337228
0.976136
0.731851
0.312293
0.892977
-1.78381
1.29679
1.06659
-0.775152
-0.0806086
0.817025
-0.398706
0.589336
1.97051
-0.179096
-0.284592
0.721059
-0.538276
0.247933
-0.0662457
-1.12793
0.79189
-0.478285
0.174572
0.354601
0.627113
-0.457067
0.196339
-0.171038
0.773952
-1.49975
-0.074257
0.396559
-0.936179
0.408193
-0.305747
0.672496
0.794905
-0.648484
0.031026
0.514976
0.020509
-0.869168
-1.14504
0.105587
-0.275098
-0.522235
0.579681
0.419174
-0.712477
0.142059
-0.540886
0.475369
0.296809
0.707919
-0.118038
0.837307
0.387873
1.38937
0.121794
-0.501889
0.270933
-0.0528222
0.853075
1.14136
0.326297
0.0147673
-1.29884
0.83785
-0.351981
-0.61041
0.576942
0.855453
1.29572
-0.716458
-0.134653
-0.273579
-0.385415
-0.822176
0.846209
0.326003
0.332766
1.00793
-0.307002
-1.47089
0.614836
1.77187
0.390276
0.329361
0.571115
-0.219629
0.333981
-0.478094
0.40416
-0.543227
-1.40161
-0.576951
0.0176363
0.817208
0.504858
0.565002
-0.775946
1.17695
-0.404798
-0.0425429
1.89423
-0.831113
0.775308
-0.348176
0.259017
0.104419
0.534771
-0.240616
1.57919
-0.387779
0.462634
0.405128
0.68685
0.513768
-0.864607
-1.11341
0.225178
1.36934
1.20177
-0.162753
-0.543416
1.68371
0.610003
-0.867374
0.118339
-0.483441
0.745537
0.995005
-0.114371
0.188889
-0.20276
0.632415
0.45126
-0.750326
-0.824562
0.432505
0.163853
0.794989
-0.453318
-0.275894
0.267687
-0.0533166
-0.22034
-0.570321
-1.02037
-0.185908
1.79707
1.60874
-0.770821
-0.579607
0.232736
-1.18392
-0.325852
-0.95412
-0.331948
-0.500503
0.658606
0.188777
-0.944872
-1.2459
-0.515068
-1.45407
0.416027
1.68006
-0.64326
0.0898894
1.37381
-0.784733
-0.188248
0.742157
-0.215716
-0.801294
