0.164767
-0.428545
0.447776
1.12068
0.150425
1.65131
-0.362134
-0.205992
0.793485
0.480705
0.81798
-0.300051
-1.52121
0.674932
-0.197719
0.0385999
0.112781
-0.218746
-1.08444
-0.589955
-0.0503287
0.52994
-0.0493381
-0.116479
-1.6918
-0.613959
0.297234
0.049737
-0.219106
-1.37035
-0.255296
0.248997
-0.308512
-0.287143
0.491231
0.485874
0.94858
-0.820467
0.291073
-0.548436
0.596913
0.116844
0.83182
-1.54296
1.07137
0.440397
-0.806403
0.139581
0.452541
-1.32687
-0.0853837
-0.793252
0.0740474
1.12204
0.638293
-0.657145
-0.769891
-1.08094
1.11104
-0.644918
-0.676169
0.300807
1.01374
-0.520895
1.62553
0.578876
-0.766995
-1.51325
-0.30786
-0.909641
0.449389
0.352982
0.0258582
0.540396
0.439456
-0.740593
-1.06547
0.523714
0.344607
-0.58397
1.32765
0.851085
-0.762703
0.0473941
0.276388
0.325788
0.25391
-0.00353744
0.536817
-0.187973
-0.374326
0.0875711
0.146138
1.86208
0.319233
0.460544
-0.658126
0.516059
-0.384176
-0.992465
-0.0436498
-0.36943
1.57276
1.451
0.254568
-1.33719
-0.298556
0.981134
-0.249289
0.768547
0.0553417
0.72354
0.468515
-0.313694
-0.426096
1.14883
0.115427
1.10636
0.287727
-0.21438
-0.0146773
1.00175
1.52084
0.554058
0.00944088
-0.445707
-0.18465
-0.563066
0.305434
0.326979
0.309327
1.14922
0.390966
0.274564
-1.12489
-0.0577208
0.228398
0.248
0.155081
-0.993917
0.267296
1.4797
-0.771501
0.0234883
0.214714
-0.605183
1.33807
-0.760255
0.41301
1.09341
-1.4099
-0.0928049
-0.421176
-1.25401
1.15509
1.07508
-1.30128
-0.255697
-1.13083
0.609431
-0.64983
-0.221779
-0.465358
-0.488269
1.1919
0.647941
0.376329
0.813871
-0.452875
-0.941702
0.370338
0.491576
0.0656185
-0.226145
-0.295319
-0.656901
-1.10655
0.234998
-0.18302
0.415375
-0.115563
0.682173
0.448157
1.07389
-0.693327
-0.0591212
-0.295089
0.10713
0.0857441
-0.346382
0.746145
-0.708599
-0.261934
0.575839
-0.764246
-0.450068
-0.395444
0.235875
-0.0185061
0.546436
0.311519
-0.896885
0.6426
0.856924
-0.245631
-0.261365
-0.966202
0.755924
-0.348601
-0.258489
-0.449283
-0.977482
0.363753
0.531391
-0.0362849
-0.489924
-0.951906
-0.657266
0.118137
0.807538
-0.0374018
-0.452673
-0.102972
0.148019
0.470869
-0.704009
0.141737
0.91169
1.09062
1.36028
-1.2225
-0.0812578
0.573966
-0.301372
-1.14522
-0.235431
-0.84073
-0.104723
0.550524
0.281217
-0.553884
0.588188
0.0671951
-0.831694
0.535831
0.262856
-0.599701
-1.21547
0.535587
-0.265127
-0.111372
-0.188274
0.280745
0.868507
-0.333185
-0.397159
-0.14171
-1.42942
0.19299
-0.444964
0.399028
-0.265617
-0.200974
0.757612
-0.324243
-0.481963
-0.249547
0.133297
0.0835343
0.0278916
-0.105952
0.567459
0.0394104
-0.338378
-1.06709
-1.1126
0.331623
-0.202088
-0.292754
0.0117589
0.32891
0.573949
0.241032
0.0875054
-0.58682
-0.437412
0.125487
-1.01118
-0.19593
0.437723
0.669883
0.22785
0.658854
-0.600329
0.232917
-0.150279
0.992704
-0.580973
0.143362
0.19798
1.14458
-1.81046
-0.091214
0.296016
0.156927
0.151844
0.0571441
-0.863244
0.198824
-0.395287
-1.0749
0.253983
-0.32071
0.714025
0.276037
0.11606
0.553317
0.714511
-0.992642
0.0891413
0.168713
-0.720487
0.177746
1.04101
0.28556
-0.0631162
1.15931
0.163668
0.411223
0.638557
0.157631
-0.123287
0.700097
0.128424
0.234874
-0.357417
0.285159
-0.499889
0.737759
-1.00476
0.957539
0.105243
-0.278484
-0.420442
-0.820563
-0.295625
0.197167
-0.53977
1.21616
0.748569
-0.269526
0.588923
0.301629
-0.0765842
0.0438487
0.864414
0.400308
0.642238
-1.58208
-0.887528
0.0905534
1.21917
-0.391778
0.0909256
1.22573
-0.547428
1.06837
0.802325
-0.89022
0.487856
-0.371399
-0.37769
-0.584748
-0.386523
1.04633
0.864864
0.857356
0.497355
-1.02085
0.479427
0.172834
0.409505
0.315254
-0.478746
0.113865
-0.231368
-0.263664
0.0644054
0.186256
1.44141
0.0281891
-0.225127
0.241545
0.326086
0.159906
-0.775114
0.594948
-0.386257
-0.867885
1.0157
-0.110865
1.38006
-0.0587189
-0.283488
0.0732367
0.85278
0.591151
0.0566041
-0.0890051
0.239661
0.629156
0.828331
0.958907
-0.678094
-0.660165
-2.05552
-0.188382
-0.608244
-0.668036
0.538393
-0.366123
0.371578
0.484551
-0.498212
0.240551
0.650595
-0.136003
-0.190002
0.66764
0.374939
-0.45228
-0.0695071
-0.00637671
0.0541303
0.671409
0.968054
-0.196989
-1.19486
-1.35933
-0.207825
-1.25334
0.128935
0.445533
-0.495288
1.0092
0.359821
-0.67155
0.191741
1.79089
0.301196
-0.63162
-0.119341
-0.43204
-0.405305
-0.0635653
0.302136
-1.24638
0.201463
-0.763573
-1.48629
0.191446
0.234338
-0.313219
0.351036
0.16843
-0.931845
0.530747
0.0599123
0.0263746
-0.467481
0.854548
0.0613365
-0.084285
-0.524935
0.950591
-0.0954159
-0.0206304
0.148911
0.495004
0.110143
-0.719258
-1.09329
-1.05161
0.567415
-0.36951
0.625746
0.632705
-0.420258
-0.397206
0.771565
-0.296821
-0.777571
0.917802
0.156681
-1.0457
-0.302163
0.279576
0.0357666
0.164932
0.0816052
-0.397885
0.340177
0.0610263
-0.183226
-1.11759
-0.741859
-0.311144
-0.730227
-0.491945
0.22774
-0.352006
0.0517929
0.343123
0.13412
0.278597
0.614738
0.97771
-0.432089
0.840982
1.03231
1.28959
-1.12641
0.0343901
-0.595428
0.732083
-0.226964
-0.40589
0.403826
-0.245899
-0.360732
0.76483
0.13958
0.445005
0.249807
-0.697214
-1.36404
-0.0207139
0.464444
0.268053
1.45075
0.35851
1.09812
0.506572
-0.539572
-0.935658
-0.568975
-0.0831454
-0.637416
-0.872616
0.417318
1.25077
-0.179907
0.576102
-0.221534
-0.0877705
-0.669778
-0.478935
-1.12988
-0.851125
1.29085
0.106185
-0.518347
-0.380404
-0.532459
-0.205975
-0.00766272
0.0713111
-0.0652006
0.186031
1.01854
-1.02219
-0.0789829
-0.138958
-0.374147
-0.687951
-1.17625
0.229273
-1.36649
-1.25949
0.998752
-0.986976
-1.03673
-0.379377
-0.47661
-1.3513
0.433542
0.638756
0.964295
0.238345
0.467391
0.0112107
-0.00956817
0.310686
0.120497
-0.010988
0.446282
-0.217285
-0.724142
-0.677574
0.947297
0.0165998
0.685499
-0.57974
-0.531394
-0.375811
0.844385
-0.498372
0.142212
-1.10316
0.260307
-1.05934
0.55073
-0.0526198
-0.060312
-0.00268073
0.323364
-1.05763
-0.233277
-0.133873
-0.149692
-0.464373
-0.539399
-1.24827
0.337881
0.0904507
0.796887
0.82933
-1.1572
0.154018
0.161035
0.572091
1.2709
0.923264
-0.461182
0.0854266
-0.522761
0.947512
1.53591
1.32485
-0.855726
-0.543644
0.121777
-0.577549
1.04567
-0.52167
-0.184533
-0.794953
0.566949
0.414444
0.145564
-0.0732914
-1.03011
0.0907452
0.608258
0.820472
-0.278234
-0.335156
-0.0941484
-0.428518
1.12108
-0.437447
-0.886508
-1.12268
-0.267393
-1.18149
-1.26265
0.0103538
-0.104019
0.298229
0.901028
-0.00319156
-0.0698275
-1.29576
0.774467
-0.885569
0.0256579
-0.0668124
0.996755
1.16311
0.999887
0.613841
-0.516798
-0.759244
-0.362524
1.02812
-0.434438
-0.394808
0.202565
0.435386
0.271051
1.00175
0.936148
1.22986
-0.867159
-0.221071
-0.578104
0.331432
-0.483368
-0.0903187
0.421943
0.721549
-0.300853
-0.132194
-0.0524799
0.758901
-0.212806
0.436904
1.33613
0.117031
0.144647
-0.403114
-0.756905
-1.36876
0.0342925
0.50482
1.24376
0.438797
0.447382
-0.799394
0.166614
0.579614
-1.33571
0.70181
0.583556
-1.16385
-0.258525
-2.08438
0.683056
-0.474297
0.519394
0.767623
0.534978
0.625515
-0.657164
0.446371
1.25469
-1.05232
-0.728785
0.19459
0.26313
0.0300088
-0.680704
0.0135708
0.785906
0.30828
-0.584018
0.0754651
-0.228972
-1.31902
-0.181486
-0.134499
-0.677858
-1.25212
-0.579621
-0.838197
0.596733
-1.1456
-0.432373
0.0632578
-0.252815
-0.00804174
0.849684
-0.159021
0.899855
-0.685693
0.352779
0.537935
-0.0910801
-0.756478
0.28193
-0.987899
-0.0465541
-0.734737
0.186439
0.36131
-0.992045
0.827213
-1.22742
1.32047
-0.426278
-1.02125
0.851962
0.0213775
0.513564
0.916517
-0.361079
-0.568929
0.797837
1.03309
-1.39674
0.522178
-0.953455
0.733168
-0.282603
0.380793
-1.32358
0.639279
-0.240719
0.524105
0.171608
0.583787
0.303887
-1.08052
-0.974993
1.2827
-0.183268
-0.125302
0.223189
-0.3446
-0.53073
1.08127
-0.807146
1.12655
-0.387364
0.200072
-1.56378
0.281485
-1.09613
0.388835
1.3997
0.390849
0.89684
-0.349422
0.355611
-0.783981
0.0357513
-0.213982
0.167176
-0.72666
0.0195178
0.0769902
-0.379679
1.05746
0.214468
-0.391578
1.30558
-1.02998
-0.91329
0.586727
-0.092248
0.300461
-0.386357
-0.111657
-0.850523
-0.30879
0.0795697
-0.535214
0.0435921
1.41651
-0.457207
0.73644
0.718507
-0.0846943
-0.373846
0.0438168
0.330409
1.07861
0.922347
0.0200833
-0.812356
0.13218
-0.274162
-0.177508
0.425572
0.988318
-0.351969
-0.177771
0.591617
-1.61074
-0.724046
0.123288
1.46482
-0.51588
-0.905188
0.11726
0.0946358
0.496516
-0.0202934
0.156862
0.0540582
0.56753
0.0537506
0.584215
1.26583
-0.393407
0.669223
0.61265
-0.487367
1.25236
0.494108
1.09124
0.375004
0.746927
-1.07446
0.428204
-0.45297
-0.893402
-0.375968
0.415101
-0.415718
-0.430822
0.875059
0.121672
0.805116
-0.210629
-0.148119
-0.347373
0.592901
0.556179
-0.442366
0.178533
0.00615699
0.258087
0.171866
1.30652
-0.754746
0.200339
0.454301
0.0557199
-0.895268
-1.22697
0.0115982
0.583185
-0.166043
-0.806659
-0.0509028
1.2271
-0.67545
0.413414
0.49635
-0.564782
-0.379848
0.359939
-0.563558
-0.214294
1.45461
0.596114
0.33718
0.163277
-0.502489
0.603711
0.355185
-0.653695
0.184245
-0.223154
1.0105
-0.362588
0.219385
-0.13295
0.349612
0.0773255
1.25349
0.319053
0.0674503
0.486713
0.364973
-1.39274
-0.41194
0.561803
0.436991
-0.401753
-1.32947
0.309626
-0.765658
0.499043
1.27866
-0.269157
0.303414
0.0945248
-0.144947
-0.0520269
-0.346022
0.207665
-0.352729
0.325765
0.275639
0.555356
-0.739291
-0.48225
-0.835774
0.0446161
0.177028
1.7025
0.279892
-0.710512
-0.533023
0.163405
0.699298
0.312871
0.957798
0.245133
-0.0224153
-0.149327
0.114821
-0.324379
-0.560737
0.149866
0.265472
-1.55575
0.569112
1.39063
-0.0421765
1.28779
0.687951
-1.88824
-0.229872
0.721925
-1.90275
0.427578
0.188787
-1.51524
0.367706
0.796937
-0.260205
1.25602
-0.361628
1.18391
1.15398
-1.48477
-1.03216
-1.28307
-0.124131
0.0867163
1.37693
-1.03795
0.440853
0.0279904
0.0982044
0.792849
0.180948
0.297995
0.333105
-0.159628
0.982071
0.0615158
0.0448476
0.0347983
0.731482
0.504867
-0.599752
0.0926495
-0.412012
-1.54048
0.414934
-0.83223
0.179973
1.34585
-0.116682
-1.34067
0.480278
0.980637
0.620097
0.38196
-0.00709706
0.1236
1.67869
0.368683
1.56548
-0.824008
-0.11991
-1.04684
-0.125586
0.927055
-0.553391
0.639825
-0.368892
-0.731651
-0.602325
0.0467438
0.01706
0.386861
0.405641
0.108691
-0.596904
-0.879454
0.665415
-0.453675
-0.882319
-0.577321
0.298254
-0.0305022
0.265368
0.39594
0.147274
-0.280555
0.299718
-0.497829
0.626764
-0.577646
0.950947
0.274024
0.0227932
0.0802671
-0.445929
0.548938
-0.0246932
0.114305
0.991342
0.181006
0.440234
0.809962
0.238926
-0.223725
0.623963
-0.337281
0.242302
-1.6519
0.400565
-0.832228
2.80804
-0.873239
0.676645
-0.576516
0.249709
-0.919945
0.0596009
0.775195
0.229694
-0.308325
-0.408786
-0.343943
0.0465058
0.721195
-0.379643
-0.179098
-0.288834
0.801589
-1.3847
0.821999
-0.753381
0.179537
-0.414582
-0.380741
0.46664
-1.33019
0.933698
-0.435338
0.600458
0.501763
-0.738914
0.897387
-1.03294
0.995315
0.831875
0.973973
0.348127
-0.382403
-0.153283
-0.442741
-0.880632
-0.860682
-1.70471
0.613921
-0.120577
-0.310606
-1.49697
0.874303
-0.370695
0.602784
-0.0835205
-0.14247
-0.779276
-0.179888
-0.113901
2.13868
0.283227
-1.14228
0.18555
0.776401
1.06098
-0.344103
-1.39423
-0.348824
0.257251
-1.71116
-1.13742
-0.722452
-1.05621
-0.933371
-0.781796
-0.828186
-0.551849
-0.190532
-0.191225
-0.976739
1.19528
-1.21757
0.457822
-0.282191
0.0294889
0.163683
-0.9024
0.491851
-0.822224
0.69224
1.71415
0.417849
-0.346098
-0.214217
0.0866829
-0.305073
-0.380792
-0.0361431
-1.34837
-0.172217
-0.890669
0.0693617
-0.600575
-0.355818
0.889508
-0.772777
-0.470294
-1.20672
0.0307618
-0.326722
-0.14567
0.329124
-0.288213
-0.0429701
0.0927592
0.0791861
-0.580959
-0.458397
0.756063
0.0985663
1.30609
1.5735
0.316639
0.604424
-1.34538
-1.01327
1.03703
-0.643139
0.783377
0.224101
-0.322136
0.0154463
-0.339873
-1.35928
0.0796485
-1.43402
0.113381
1.17925
1.59866
-0.562898
0.828565
-0.105182
0.265479
-0.0456954
-1.09732
0.226741
0.0368992
-0.445809
0.466482
0.862964
0.000746526
-0.332318
0.599279
0.946397
0.697577
0.969815
0.389389
0.28785
0.957688
0.367434
-0.379745
-0.498097
-0.625926
-0.204081
-0.806048
-0.251219
-0.741169
-0.579517
-0.228998
1.72115
-0.467793
-0.00288395
0.0394333
1.36258
-0.258947
0.32417
0.662029
0.625121
0.475134
-0.186855
0.233862
-1.39633
-0.237529
-0.771111
0.27071
0.196043
0.895608
-0.106007
0.888278
-0.469343
-0.568995
0.0876659
-0.0209172
-1.98749
1.09986
1.34835
0.554181
0.503063
0.893494
0.440106
0.0669639
1.27341
0.623448
0.0239383
-1.3341
0.186638
0.577611
-0.477856
-0.66725
-0.739929
-0.840017
1.92648
0.0371053
0.199296
-0.661699
-0.607537
0.316234
-0.0906165
0.335751
-0.190823
1.06395
0.269202
0.164543
-0.629211
-0.718682
0.473811
0.0771611
0.24202
0.116888
-0.420458
0.961505
0.741965
0.448607
-0.336723
0.670748
0.900862
0.773271
-0.681819
-1.04706
0.861413
1.02033
1.88805
-0.576228
-0.500199
1.08876
-2.05409
0.347725
0.0835774
0.11824
0.169401
-0.442434
0.0990772
1.31795
0.41987
0.587875
-0.0603498
-0.439386
1.02057
1.20784
0.947261
-1.3453
-0.0435004
0.584003
-0.451037
-0.061778
-0.289984
-0.355264
-0.687297
-0.875749
-0.407241
-1.52647
0.00249295
0.276283
-0.958128
0.337991
0.149773
-0.259372
0.700643
-0.68753
-0.0149113
0.399587
0.540746
-0.334476
0.136651
0.00427167
-0.0150422
0.733433
-0.185711
-0.571111
-0.268522
1.1676
-0.203129
0.129866
-0.25913
-0.487431
0.0927907
-0.388281
0.679179
1.58277
0.144568
-0.153785
0.127619
0.145415
-1.17194
-0.24666
-0.111909
-1.13478
-0.0259096
-0.700796
-1.40432
1.27214
-0.321981
-1.72931
-0.736714
-0.0643521
-0.708647
-0.185824
-1.13593
0.0983581
-0.289132
-0.163999
-1.334
-0.339424
-1.02953
0.765619
0.181681
0.0528296
0.743424
0.596319
-0.00456457
-1.27898
0.753069
-0.196778
-1.25916
-0.643232
-0.534496
-0.623908
0.143694
0.557067
0.661387
0.914462
0.62866
1.39506
-0.245413
-0.270582
1.33646
0.231364
-0.030395
-0.231974
1.10872
-0.874986
-0.271659
0.398659
0.092612
0.822195
1.00881
0.0848634
1.32726
-0.251968
0.809427
-0.00324128
-0.735821
-0.187722
-0.134822
-0.256278
-0.531013
0.111433
-1.27198
-0.184534
-0.662368
-0.860066
-0.592212
0.129203
-0.515531
-0.528433
-1.22219
0.492655
0.257668
-0.148727
-0.11559
-1.32122
-0.324759
-0.810704
0.706624
-0.242363
1.19489
0.413814
0.380956
-0.714462
0.802202
0.0520976
-0.337208
0.486056
0.443417
-0.596884
-0.308736
0.571652
0.125212
-0.516815
-0.868842
-0.780078
0.568478
-0.115076
0.985108
0.0657904
0.427037
0.970853
0.020634
-0.372783
-0.77488
0.0944169
-0.353876
0.336893
0.951544
1.09337
-0.700937
-0.185533
-0.0212092
0.724893
0.383421
0.0792201
0.570739
0.200378
0.550001
0.110582
1.15163
0.110802
0.338924
0.340176
-0.0980673
0.247774
0.276837
-0.61131
-1.10436
0.68903
-0.759145
-0.593082
-0.806944
-0.316342
-1.30291
1.80196
-0.261809
-1.21026
0.0259073
-0.536194
0.555883
-0.275239
0.41116
-0.308471
0.788345
-0.190834
-0.0773706
1.04595
-0.0427158
0.244701
1.11782
-0.433235
0.17765
-0.220138
-0.0967214
0.33402
-0.0428783
0.513401
-0.514302
0.315317
1.98503
0.446756
0.117784
-0.314277
-1.36481
0.203713
0.258732
0.278504
-0.122564
0.61614
0.754758
-0.272055
-0.313288
-0.152609
0.124009
0.278555
1.33416
0.421123
-0.279027
1.26292
-0.0169823
-0.25058
-1.83654
0.743331
0.925504
-0.691561
-0.3828
-0.633268
-0.715984
0.708356
-0.36923
0.580191
0.109802
0.409567
-0.463442
-0.461784
-1.34787
0.65721
0.56877
0.159005
0.178328
0.599546
0.932389
0.313329
1.98377
-1.03037
-0.188926
-0.296563
1.05217
0.0297647
0.31637
0.164326
1.12005
0.760295
-0.523067
0.151229
0.524518
0.404273
-0.559844
-0.255639
-1.0044
-1.07139
-0.41345
-0.0792903
0.0683116
-0.025734
0.0307882
-0.33371
-0.436513
-0.306371
-0.92108
-0.940693
0.560368
0.477993
0.84398
-0.117903
0.412016
0.874118
0.619762
-0.0265682
-0.0922566
0.0144983
-0.0198686
-0.116077
-0.151768
-0.95493
0.39772
-0.183127
-0.767004
-0.364111
1.21052
0.266646
-0.873258
0.301769
0.469406
0.530814
0.121356
0.842351
0.543726
-0.548094
0.0172416
-0.553199
-0.956072
-0.479579
0.235176
0.085302
-1.50828
0.76747
-0.253362
0.42441
-0.312364
-1.3037
1.17263
0.459038
-1.41111
0.162995
0.881492
-0.0577976
-0.141358
1.09106
-0.231899
-0.042832
0.83512
-0.503419
-1.01898
-0.3303
-0.433353
0.236325
-0.509411
-0.495697
-0.0455914
-0.287861
-0.0326304
-0.0440617
0.411669
-0.615514
0.684203
-1.23359
0.648971
0.212542
-0.261216
0.635131
1.36474
0.192846
0.175187
0.183135
-0.961042
0.173887
-0.352379
-0.0537471
-0.324304
0.737333
-0.0606471
0.617301
-0.43322
1.42721
-0.165511
-0.387399
-0.011853
0.132889
0.46363
0.832962
0.489218
-0.193063
-1.11846
-1.35416
-0.278227
0.740562
0.0816829
-0.102737
0.614619
0.580043
0.0530988
-0.795209
1.54572
-0.908246
0.390671
-1.57973
-1.42299
-0.937069
0.384838
-0.330148
0.381252
-1.47459
0.137532
0.46382
0.140663
0.801495
-0.935227
-0.39058
-0.323008
0.176722
1.04361
0.409095
0.484286
-1.40201
-0.269837
0.914398
-0.0216866
0.348903
1.37329
0.457272
0.665283
-0.262911
-0.618639
-0.736905
-0.13349
-0.0693712
1.86296
-0.0160862
0.270141
-0.323417
0.318978
-1.25974
-0.568644
-0.0543677
0.4458
-0.220549
-0.74499
-0.944509
0.119505
0.806116
-1.07137
-0.90451
-0.0401881
0.0962963
0.0580702
-0.495718
0.297991
-0.621034
0.632299
0.850367
-1.02634
-0.848888
-0.286257
0.918262
1.82356
-0.300539
-0.685823
0.125591
-0.221693
0.510308
-0.597759
-0.537833
-0.970062
0.54956
-0.808585
0.734913
0.87692
-0.59364
0.769303
0.168262
0.010277
-0.296294
-0.356356
-0.377353
-0.520443
-0.197639
1.09841
-0.0374574
0.0287283
-1.46491
-0.516731
0.509671
0.549048
-0.0258599
0.48857
0.133399
0.468073
0.330649
0.684279
0.847903
-0.613616
-0.0900887
0.299465
0.174625
0.640733
0.0323224
-0.530059
-0.170667
-0.697728
-0.264244
-0.731988
0.485819
-0.318873
-0.198392
0.981008
0.492321
-0.82126
-0.0777755
-0.552504
-0.546891
-0.257604
0.746502
-0.328682
0.595039
0.969903
-0.305216
0.98893
0.218098
1.17128
-0.872341
-0.110123
0.0511386
-0.976853
-0.292466
0.776981
0.100109
0.0165543
0.272804
-0.793189
-0.0680467
-1.19055
0.429686
0.226894
-0.598503
-0.497194
1.02247
-0.113483
0.704467
-0.294301
-1.01327
0.48691
-0.351795
-0.0116358
0.512847
-0.383936
-0.53767
-0.73652
-0.106897
0.810701
0.787127
0.974648
-0.653428
0.451239
-0.0450411
-0.272906
-1.12724
0.971792
-1.3531
0.462633
0.429553
0.0783907
-0.748737
-0.059547
-1.06813
0.953785
-0.506114
0.284881
-0.129719
-0.342251
-0.00229347
0.46869
-1.17618
0.576124
-1.12582
-0.580499
0.0305682
0.26769
-0.60832
1.26766
0.0617838
0.982746
0.107833
-0.437265
-0.844706
-0.125039
0.276726
0.142053
0.580257
-0.5848
0.267255
0.122682
1.23672
0.813852
1.52142
-1.39402
0.941672
0.295674
-0.543385
0.246931
1.84749
-0.794629
-0.671049
-0.465464
1.56798
-0.231753
0.206881
-0.387594
-0.312171
0.695788
-0.876956
0.315362
-0.44107
-0.204704
-0.156241
-0.320652
0.869711
-0.431861
0.232519
-0.0361026
0.686396
0.202669
-0.18444
-0.126021
-0.605407
-0.339094
0.813557
0.47923
-0.301653
-0.549714
0.710778
-0.206138
0.568392
0.199392
0.615151
0.455503
0.569547
-0.274019
-1.44
0.273964
0.287619
0.0131408
0.883275
-0.272351
0.299268
1.56538
0.0522026
-0.557414
0.345554
0.70325
0.373518
-0.0420626
1.01551
-0.864131
-0.533776
-1.76423
-0.348931
-0.509088
-1.29325
-0.452071
-0.359349
-0.19344
0.795346
-1.57821
-0.56526
0.412718
1.84991
0.549953
1.70815
-0.577725
-0.118841
0.961113
0.367795
-0.318302
0.207869
0.628899
-0.100145
0.214749
-2.00716
-0.190665
-0.0750987
-0.0186294
0.366151
-0.131359
0.950475
0.364669
0.368732
0.519182
-1.2484
-1.0304
-0.185612
0.562857
0.459401
-1.1321
0.556047
-0.762008
-0.520334
-0.242809
-0.516868
-0.214643
0.585723
-0.417951
-0.508198
1.35289
0.758181
-0.629405
-0.397626
0.707382
1.03006
0.448911
0.501685
0.488267
-0.202436
0.156583
0.826821
-1.36591
-0.830795
-0.387952
1.36826
-1.00773
-0.088167
-0.312056
-0.0748234
-0.6394
0.385704
0.25528
-1.42384
-0.601064
-0.0580725
0.495371
-0.744008
0.343726
-0.0176113
-0.334128
0.451224
-0.0729979
-0.809503
-0.580261
-0.455453
0.573263
-1.37215
-0.445892
0.154654
0.225065
0.389648
-0.690843
-0.431926
0.747014
0.0605469
-0.227266
0.494692
0.948201
-1.7618
-0.708406
-0.839957
-0.0112546
-0.683248
0.49316
-0.53171
-0.0367004
-0.914081
0.200074
0.614456
-0.889068
-0.356223
0.250792
-0.0529458
-0.283747
0.567564
0.396157
0.851694
-0.246804
1.06904
0.110615
0.0703611
0.093001
-0.618006
-0.448085
-0.568443
0.138957
-0.0907582
0.154761
0.0215452
-1.09266
-0.757431
-0.186628
0.52507
0.198206
0.785154
-0.154489
0.649322
0.480735
-0.21868
-0.601049
-1.38329
-0.639941
0.536839
-0.315943
-1.57145
-0.147798
0.670928
1.90113
1.01911
0.125498
-0.350546
1.40188
-0.19988
1.08142
0.417696
0.169958
-1.02308
-0.933748
1.02265
-0.26667
0.055446
0.326144
1.41782
0.582899
0.154383
0.410272
-1.27352
-0.779539
0.165446
0.316367
-1.25588
-0.706107
-1.01232
0.525459
-0.686815
1.54837
-0.987741
-0.494481
0.460069
0.564209
-0.936403
-0.364613
-0.171908
0.102694
1.22949
-0.0925853
-0.818991
0.454612
-0.922743
0.164029
0.559036
-0.436051
-0.951546
-0.425805
-1.4436
0.889069
-0.31736
0.321132
1.22786
-0.158425
0.0114369
-0.408931
0.166659
-0.334449
-0.914839
-0.0781066
0.897756
1.15541
-0.780556
-0.910901
0.711022
-0.442092
0.0361123
0.556587
-0.17618
0.736423
-0.564748
0.656047
-1.28126
-0.446455
-0.258356
-1.04052
-0.00968416
-0.763285
0.593713
-0.424568
0.874486
1.11926
-0.396398
-1.12611
-0.394814
0.0455824
0.166437
-0.683806
0.101756
0.51692
-0.539672
-0.617144
-0.572789
-0.360111
-0.656284
-0.0979795
0.296715
-0.465225
-0.666528
-0.708746
-1.12646
0.790242
-0.0590832
0.733785
0.16269
1.3993
0.780786
-0.197048
-0.927228
0.712975
-1.47843
0.207775
-0.216894
1.03977
-0.184897
0.391527
0.594048
-1.21242
0.969194
-0.0576155
0.739227
0.693283
0.576332
0.745911
0.14304
0.138466
0.222056
0.0502669
-0.88002
-0.342286
0.363227
-0.12614
-0.484987
0.163724
0.69233
-0.95561
1.00678
-0.347163
-0.269741
-0.255442
-0.349285
-0.7822
0.807247
-0.701622
0.35853
0.800849
-0.164215
0.155083
-1.0371
-0.263071
-0.607534
0.686012
0.237527
-0.277443
-0.451891
-1.30859
0.648849
-0.570953
0.821651
-0.645411
-0.207372
-0.279372
-0.725868
0.178683
0.270396
0.306202
-1.12441
0.661875
1.16086
-0.485891
0.286934
0.505928
0.380046
1.1501
-0.0676532
0.676922
-0.389417
1.41328
-0.70214
-0.104113
-0.14768
-0.323468
-1.30975
-0.0135079
0.855229
-0.965983
-1.37768
1.28132
-0.816192
0.137721
-0.104727
-0.0415018
-0.763065
-0.243511
-1.05751
0.418457
-0.958574
0.702094
-0.297079
-0.613643
-0.481961
-0.255835
0.128916
0.673657
-0.0501733
0.667568
-0.247497
0.394447
1.18268
0.927196
1.5396
-0.85799
-0.447676
0.566119
0.0294977
0.274755
0.3875
0.280729
0.667136
-0.851989
-0.0520574
-0.774388
-0.837063
0.689397
-0.476679
0.755019
1.40339
-0.785511
0.322387
0.264474
-0.1509
-0.057897
-0.619691
-0.213157
-0.665482
-0.315295
-0.0333811
0.142079
1.35489
-0.29121
-0.26681
-0.715024
-0.362342
-0.17925
1.19235
0.733066
1.09815
0.155971
1.20817
-0.816515
0.575056
0.0316061
-0.986332
0.857043
0.341838
1.0117
-0.393423
-0.700836
1.44894
-0.355526
0.531046
-0.230973
-0.815989
0.0407512
0.932968
-0.563311
0.000325366
-0.9408
-1.08058
-0.00145759
-0.795972
2.08345
-1.32822
0.136471
-0.941763
0.533524
0.547297
1.17142
-0.11348
-0.604924
-0.415863
-0.392454
1.02357
-0.113177
-0.732354
0.843029
0.546131
-0.73246
0.813581
1.21103
-0.656006
0.720827
1.02044
-0.452408
-0.787957
-0.696818
1.54232
-0.469497
-0.0251285
0.697782
1.73447
0.110384
-0.208863
0.625159
0.154836
1.0796
-0.264961
-0.920404
-0.738681
0.209829
-0.0522854
0.318618
-0.3657
-0.390597
1.3754
-0.757228
-0.322164
2.03846
0.897143
-0.394007
0.896485
0.371661
0.132476
-0.32585
0.458414
0.24948
0.617236
-0.198059
-0.00612629
0.0377799
0.174563
0.586932
1.39349
-0.866491
-0.110301
0.171315
-1.03939
0.095921
2.14533
-0.0797302
-1.4607
0.414713
-0.525667
-0.764308
-0.0419147
-0.432012
0.205719
0.261406
-0.825184
0.714959
0.62994
-0.817099
-0.225442
0.794249
0.0833807
-1.30723
-0.405986
-0.495984
-0.403917
0.117804
0.90804
-0.403905
0.0651764
0.471574
0.482271
1.31773
0.602475
1.30599
-0.061538
-0.560028
0.549267
1.01546
-1.32964
-1.14912
1.02438
0.172508
-0.055709
1.62663
-0.375265
-0.461391
-0.403586
0.131931
-0.423342
-0.039981
-0.33895
0.0891918
-0.370197
0.983285
0.196668
0.327793
0.427546
-0.791245
-0.124973
-0.562424
-0.236786
-0.948561
0.66945
0.367168
0.713476
0.0992009
-0.37843
0.642407
1.40991
-1.298
0.359138
-1.0337
0.24343
1.15337
-0.842077
1.58829
-1.17023
-0.214711
1.45754
-0.710813
-0.0853726
-0.42633
0.234938
0.10296
0.176538
0.519456
-0.459182
0.194357
-0.866465
-0.37895
0.382145
0.170542
-0.559897
0.594655
0.489407
-0.591612
0.0911524
-0.959773
0.0789122
0.696486
0.456217
0.96228
0.983674
-0.808088
0.337885
-0.585116
-0.914188
-0.534703
0.664155
0.87359
-0.498024
-0.266468
0.11474
0.552235
-0.737236
-0.482233
0.68345
-1.20599
-0.834756
-0.852327
-0.59143
-0.561781
-1.07967
0.541552
-0.620818
0.395091
0.512359
0.0414452
0.129537
-0.581687
-0.254961
-0.223111
0.835279
-0.0881387
0.407573
1.43613
0.25058
-0.654366
-0.938858
0.136237
0.28508
-0.666973
1.10584
0.661474
0.311669
-0.224229
-0.513316
1.15376
-0.19274
0.961402
-0.797245
0.159066
-0.418182
0.624315
-1.50456
-0.602796
-0.270189
-0.500805
0.0800575
-0.787778
-1.34754
-0.657712
-0.671772
0.504851
-0.400419
0.288552
-0.41216
-0.0230584
-0.951584
-0.329298
-0.813275
1.09806
-0.0184393
-0.263365
0.20974
0.301426
0.718004
-0.135706
0.254239
-0.931621
0.967937
0.691568
0.691803
-0.830095
1.10638
0.0656808
-0.307728
-0.356767
-0.578146
0.799692
-0.722293
-0.472093
0.612701
-0.0431142
-0.618273
0.335839
0.341934
-0.527794
-0.575133
1.14163
0.980472
-0.239969
-0.297027
-0.881612
0.161646
0.544851
0.180749
0.23833
0.566612
-1.72544
0.71619
-0.604814
0.0888998
0.278757
0.508057
0.816949
0.470119
-0.448511
0.271729
0.63366
-0.422305
-0.341464
0.687605
-0.0272573
0.302934
0.48056
-0.263206
0.274216
-0.176043
1.1105
0.27765
-0.714398
-0.894967
0.647832
0.535889
-0.94363
0.718708
1.27176
-0.0213953
-1.49323
-0.605329
-0.478785
-0.0210789
-0.160609
0.597794
0.989879
-0.761683
0.173683
0.555318
-0.0759585
0.874014
-0.818066
0.0969432
-1.10539
-0.0961417
0.658463
-0.3819
-0.513208
0.299438
-0.00324504
0.088791
-0.245918
-1.53193
-0.339855
1.28245
-0.357104
0.882953
-0.230678
-0.315823
0.238522
-1.05544
0.269852
0.64383
0.0348823
0.59576
0.797633
1.59075
-0.226459
-0.660456
-0.211144
-2.01924
0.664873
1.18573
-0.968401
-0.839429
0.161351
1.05081
-0.0350795
0.679541
-0.615394
-0.865817
-0.388385
0.943356
0.485252
-1.31217
-0.469732
-0.9276
1.1057
-0.208544
-0.335331
1.12852
0.479368
-0.463125
-0.0359679
0.609126
0.0519837
0.57187
0.350101
-0.675389
0.181039
-0.957206
-1.14286
0.253952
0.30016
0.201508
1.55406
1.74407
0.48429
-0.5349
-0.803423
-0.343196
0.188943
-0.317761
0.731472
-0.138814
0.148712
0.186795
0.0918247
-0.561478
0.183662
1.50282
0.464077
-0.699311
0.857407
0.791484
0.870249
0.0421006
1.04746
-0.0320087
0.40681
0.354934
0.430248
-1.15347
-0.504509
0.311067
-0.62285
0.821901
1.43642
-0.639397
-1.42226
0.255756
-0.481324
-0.207551
0.0111142
0.115464
-0.833389
-0.519433
-0.917158
1.40085
0.691403
-0.377173
-0.774351
0.509951
-1.18602
-0.461242
0.324713
0.425576
0.150965
0.567683
-0.256078
-0.453453
-0.166846
1.33921
-0.848518
0.267007
-0.635275
-0.0398543
-0.602844
0.371919
0.190768
0.47505
-0.797505
-0.60855
0.0270945
-1.92836
-0.265706
-0.855597
0.772366
-0.787084
0.08273
0.217498
2.69948
-0.0776669
-0.469025
0.0857982
-0.491834
-0.0215453
-0.54003
-1.11226
0.0815125
-0.267566
0.584473
0.5287
-0.203054
-0.00973158
0.395543
1.77101
0.460641
0.556509
0.972516
0.121511
-1.081
-0.352448
-0.0658583
0.651575
-0.62073
0.249748
-0.581669
-0.620334
1.01005
1.55785
0.802807
0.636773
0.629519
-0.617521
0.320722
-0.155969
0.10398
-0.805003
-0.382496
-0.667237
0.0688937
0.320178
-0.861625
0.158
-1.62642
-0.795457
-0.507142
1.41999
0.609284
-0.529591
0.584995
-0.277258
1.47794
-0.2234
0.00575852
-0.203131
-0.29667
-1.38837
0.885113
0.35622
-0.218487
0.538408
0.317286
0.0412946
1.55468
-0.0873402
-0.494845
0.250878
1.3548
0.235444
-0.0874906
-0.201327
-0.836807
0.58328
0.116318
-0.0686648
0.0513876
0.0157216
2.29446
-1.23071
-0.0511174
-1.1194
-0.0458594
-0.0481692
1.01256
-0.376505
0.890319
-1.32917
-0.564159
-0.210993
-0.164129
0.299515
0.777083
0.551713
0.657595
-0.270763
0.554562
1.46292
-0.326916
0.105844
-0.245642
-0.282983
-1.11807
0.490624
0.0384493
0.480295
0.381085
-0.479053
0.0410813
0.551059
-0.435553
1.06343
0.0816905
-0.276372
0.598072
-0.36704
-0.427727
-0.638468
0.690616
0.0787009
0.0316529
0.544943
-0.1753
0.268462
-0.31114
-0.761427
-0.174013
-0.139901
-0.278981
0.861594
0.544711
-0.240382
0.63105
-0.106213
-0.341434
1.318
-0.559849
0.178457
-0.669528
0.569753
0.0291647
0.729195
-0.0907192
0.702258
-1.51545
-0.82637
-0.471869
-0.268213
0.431044
-0.148602
-0.0483001
0.225095
-1.3705
-0.680947
0.478207
-1.11538
-0.137513
-0.449478
-0.372221
1.15961
0.0873378
-0.294573
-0.0978497
-0.0617897
-0.431065
-0.628222
-0.30236
-0.286552
-0.0907316
-0.290142
-0.587988
-1.0211
-0.356212
-1.05224
0.706056
0.38785
-0.391738
-0.375401
0.00670523
0.0989323
-0.692906
0.545821
-0.576961
0.316134
0.420375
-0.0605028
-0.787981
0.173623
-0.381135
0.28648
0.00644234
0.753999
-0.515849
0.510981
-1.51896
0.205394
0.124702
-0.455165
1.18573
-0.291102
-0.192854
0.766591
-0.995301
0.43406
0.488025
-0.0278157
0.529195
1.6718
1.10796
0.565375
-0.397083
-0.520843
-0.00382493
-1.05381
0.670829
-0.0519995
0.304214
0.635019
-0.281226
-0.285248
-0.73461
-1.05443
-0.473112
0.320795
-0.450236
1.161
0.0735254
0.59719
-0.651028
0.0232875
-0.477323
0.0286565
0.246119
0.251855
0.677416
0.519869
-0.903653
-0.928991
0.382359
0.526638
0.385482
-0.827426
0.39468
-0.446067
0.0124186
-0.694437
-0.891672
1.15886
0.379789
0.810086
-0.453285
-0.13807
0.362127
0.264159
-0.281601
0.548817
0.260135
0.150611
-0.516399
0.920323
0.147287
-0.713352
-0.493128
-0.962994
-0.316887
0.387883
0.105731
0.660298
0.170297
0.104102
0.81156
-0.380726
0.931148
0.516673
0.125299
0.577231
0.234868
0.933392
0.796899
-0.640288
-0.170611
-1.21783
-0.0639364
0.30268
-0.600561
0.369019
0.0948069
0.964644
0.31064
1.05818
0.46249
0.984212
-1.72501
-1.59348
0.177789
-2.25406
0.550745
0.191875
-0.928094
-1.45946
-0.0832325
-0.181095
-1.10151
-0.250076
-0.327649
-0.0835528
-0.116895
-1.01507
-1.26074
-1.23635
0.935983
-0.352889
-0.70706
0.0355591
0.498556
-0.781368
0.933539
-0.323862
0.0631027
1.75866
-0.585498
-0.318801
0.504424
0.545928
-0.801149
-1.48968
0.241661
-0.39634
0.452123
-1.05181
1.15051
-0.499275
0.253302
-0.600952
-0.792829
-0.0706808
0.875697
0.752399
0.464127
-0.15604
0.949514
0.934099
-0.276735
-0.0944527
2.16197
0.358795
-1.2608
-0.955636
-1.3013
1.05187
0.275073
0.624551
-0.437088
0.257669
0.520072
-0.051139
0.173212
-0.494497
0.751593
0.442364
-0.00121227
0.114368
0.745201
0.0434178
0.0361027
0.426971
-0.0429066
0.240016
-0.17469
0.150043
1.99726
0.317903
-0.447579
0.371518
-0.638403
1.18115
-1.08485
1.40913
0.718597
1.49488
0.915559
-0.622433
-0.816234
0.0290756
-0.895135
-0.173649
0.363389
-0.93366
0.16174
-0.507099
0.173134
0.882644
-0.47276
0.198064
-0.218633
-0.530953
0.943623
0.250247
-0.3123
-1.53946
-0.0725565
0.627334
1.27023
-0.613446
-0.0988318
-0.483667
-0.00242033
0.734095
0.240796
-0.33849
-0.465809
0.942261
-0.95721
-0.190491
-0.233801
-0.931366
0.15998
-1.0827
-0.879751
0.539802
0.138072
-0.528826
-0.294601
1.66505
0.328971
-0.250452
-0.278698
0.0887246
0.646313
0.330261
-0.148829
-0.0212831
0.522867
0.689189
-0.489515
0.324695
-0.0291114
0.450096
-0.559057
0.0470325
1.24731
-0.522717
-1.82985
-0.94853
-0.541502
-0.366898
0.585618
0.0606344
0.974664
-0.663672
0.892281
0.92146
-0.934634
0.458572
-0.430311
0.35277
-1.62974
-0.575183
-0.500054
0.710981
-0.911689
-0.658113
0.825794
-0.666385
0.955776
0.245001
0.530029
-1.11921
0.375042
0.119785
1.04444
-1.70207
-1.88276
-0.276288
-1.26351
-0.0157484
-1.00535
0.513147
-0.0634826
0.438652
-0.121574
0.408724
0.957024
0.433458
-0.231585
-0.395535
-1.40345
0.238618
-0.127382
-0.620149
-0.153874
-0.989499
0.433989
-0.27496
-0.588433
0.718306
0.238324
0.550269
-0.23143
-0.0428352
0.13769
-0.182026
-1.45074
-0.376765
0.510013
1.08118
-0.951485
0.53469
0.951967
-1.01392
-0.369573
0.154597
-0.741709
0.488834
0.087475
1.50712
-0.371872
-0.441283
-0.0051597
0.0285592
-1.13279
-0.0556846
0.407446
0.542201
0.62571
-0.471238
-1.98606
-1.41083
-0.0777775
-0.266611
-0.626521
-0.13219
0.460904
0.50964
-0.0685484
1.0501
-0.230408
-0.0122878
0.462629
1.11493
0.670891
-0.573461
0.320265
0.0517706
1.17837
0.321278
0.171633
0.537399
0.939358
0.739857
-0.128353
0.244384
0.198697
-0.947491
0.111598
-0.756835
-0.673403
0.0783773
0.906111
-0.537571
-0.0639118
-0.19884
-0.00554651
-0.124117
-0.0522428
-0.148268
-0.593265
-0.00108256
-0.472369
0.528573
1.2317
-0.0152529
0.519584
-1.06553
-0.552811
-0.18288
-0.182436
1.28113
0.942947
-0.789392
0.412746
-0.579673
-0.732179
-0.273669
0.581598
0.189988
0.542209
0.0825351
-0.070558
-0.177661
0.340723
-0.204697
1.16995
0.0729342
-0.668747
-0.314379
-1.80548
0.667224
0.825524
-0.183811
0.649788
0.9693
0.726354
0.90095
0.00364535
1.2741
-0.453833
1.05711
0.266443
-0.0535092
0.311811
0.42927
-0.62852
-1.54661
0.77035
-0.922353
0.759001
-0.226613
0.457725
-0.628905
0.294338
0.0573229
-0.105146
-0.70248
-0.0397042
-0.413151
-0.145162
-0.332487
0.917557
-0.197038
0.517222
-0.0988624
-0.474904
-0.428415
-0.920552
2.73182
0.367164
0.279753
0.0622447
-0.344228
0.622444
-0.324671
0.411765
1.09544
-0.341203
0.103129
1.19684
0.466846
0.189364
-0.489451
0.170978
0.00919762
-0.990086
0.760987
0.380039
0.493465
-0.0132696
-0.327964
0.325367
-0.514066
-0.691305
0.172102
0.138419
0.328731
0.856158
-0.629325
0.496532
-0.250932
0.481307
0.213358
0.698262
-0.345842
-2.33745e-05
-0.370911
0.0228605
-0.960183
0.0779804
-0.324349
0.511899
-0.250125
-1.83384
-0.908231
0.438307
-0.707967
-0.00948427
0.242564
1.29646
0.43626
0.819286
-0.692673
0.0804446
-0.508011
-1.16532
-1.96045
0.654717
0.2515
0.974452
0.753118
0.921435
-0.904428
0.152172
-0.148522
0.373175
0.753611
1.58386
-0.396932
-0.0270925
0.672113
-0.339964
1.02035
-0.102982
-0.637074
-0.95212
1.30508
0.0135397
-1.18493
0.332563
-0.00937093
-0.0398866
0.528404
-1.26275
-1.31587
0.496613
0.161263
-0.408998
-0.449595
-0.221165
-0.0482604
-1.37594
-1.46508
0.759964
-0.438362
-0.232172
-0.677097
-0.415354
-0.905873
1.42989
0.148244
-0.847944
-0.742917
0.401749
0.848778
-0.238851
-0.277575
0.731777
-0.0718067
0.663523
-0.326757
-0.848159
0.762716
-0.61815
1.39908
-0.533854
1.17631
0.301646
0.170511
-0.377968
0.544432
0.462274
0.184505
-1.32209
0.185543
1.04375
0.292443
-0.319029
-0.68803
0.715416
0.802075
0.428921
0.114367
-0.886313
-0.813034
-0.685623
-0.842205
0.423035
-1.16225
-0.518089
-0.144788
0.352799
1.09763
0.139654
-1.08918
1.11215
-0.255431
0.867829
0.493248
-0.200516
0.970154
0.859338
0.392937
0.343929
0.593305
-0.720499
-0.0476895
-0.501062
0.0217426
-0.497569
0.918359
-0.582865
-0.417764
-0.568529
0.448649
-1.49889
0.150451
0.675694
0.209808
-1.09243
0.832788
-1.19098
-0.522727
-0.921014
0.790509
-0.0527577
-0.0561872
-0.095747
-0.607053
0.712217
-1.24199
1.55765
1.13431
-1.42547
-0.818796
0.714776
0.00488129
1.0629
-0.0530811
0.910975
-1.1478
0.950213
-0.0703989
0.213823
0.0509018
0.334602
0.136575
0.488427
-0.606935
-0.355591
0.542831
0.707083
-0.265979
0.221468
-0.128668
1.86369
0.0733035
0.117783
-1.3663
1.57634
0.0760832
-0.0114886
0.0509845
-0.587964
0.0764191
0.808838
0.394706
1.06229
-0.823554
-0.106415
-0.143263
1.13985
0.0286041
-0.430698
-0.754596
0.544741
0.835736
0.975828
-0.528024
-0.744209
-0.268653
-1.39393
-0.427914
-0.103349
0.988271
-0.079565
0.119135
1.12276
0.35824
-0.324859
0.305747
-0.397144
0.285064
-0.286948
-0.0427781
-0.817413
-0.48253
-0.815756
0.249466
0.265757
0.166863
0.414824
-0.126404
0.968024
-0.475492
-0.520802
0.184672
0.00171492
0.0905797
-0.521558
0.425798
0.657059
-0.146996
-0.101997
-1.14983
-0.188509
-0.454767
0.00377074
0.0295571
0.362261
0.0222382
0.325002
0.508342
0.353261
0.102166
0.729795
0.822646
0.0765459
-0.924415
0.208666
0.643329
-0.921059
0.95205
-0.66435
-0.377471
0.116621
-0.210166
0.492979
0.451407
1.35653
-0.754622
-0.82568
-1.28328
0.568118
0.916058
-0.62271
-1.18415
-0.480678
-0.200402
0.631348
-0.27316
-0.500255
0.805056
-1.64193
0.899636
-0.0899753
0.570986
-1.80328
0.261347
1.52775
0.0558722
1.84355
-0.86874
-0.473002
-0.240543
0.164831
0.551003
0.270578
-0.331251
0.282347
0.27486
0.951522
0.41449
-0.922137
0.248609
-0.286115
0.821282
-0.274764
0.524521
-0.539129
1.36684
-0.390818
0.403699
0.0403082
-0.474256
0.714187
-0.559784
1.57557
0.729319
0.156256
-0.212412
-0.838575
0.660666
-0.99995
0.22315
-0.00201813
-0.161407
-0.218752
0.385764
-0.18756
-0.14324
-0.829522
-0.426969
-0.90134
0.357729
0.0787522
0.136969
0.112943
-0.55665
0.139818
-1.25131
-0.679838
0.873495
0.581903
-0.449683
0.576006
-0.34055
1.04568
0.118018
-0.634202
-0.971449
-0.163658
0.000459923
0.673888
-0.117061
-0.133633
0.779683
-1.21472
0.840965
-0.218689
-0.111134
-0.556633
0.379154
0.713193
-0.405416
-0.523112
-0.336021
0.776317
-0.446854
0.957936
1.32222
-0.586859
0.222616
-0.233768
0.103911
-0.716145
0.420462
0.354603
-0.436619
0.390148
-1.22936
0.738624
0.465254
0.552989
-0.162792
1.18883
0.355482
-0.143058
-0.621348
-0.159386
-0.0666177
0.44456
0.304431
0.291105
-0.517305
-0.38703
-0.735556
0.0904366
-0.584177
-1.10547
0.19988
0.924661
-0.789275
0.69632
-0.0660489
0.487985
0.859431
0.105236
-0.0833387
0.588168
-0.00650125
0.153892
-1.1345
-0.303523
-0.161348
0.0708925
-0.533682
-0.129096
-0.440351
-0.097948
-0.348334
-1.67657
0.0659735
-0.559861
0.125378
-0.518109
0.62018
-0.538189
1.04432
0.39413
-0.216234
-0.501146
-0.457697
-0.267655
-0.349013
1.32044
-0.180011
-0.59398
1.43769
-0.689435
0.124347
0.0454608
0.127517
1.08431
-0.105649
0.45912
0.432964
0.584948
0.346803
0.146102
0.765277
-0.0469546
0.247827
-0.873842
0.15415
1.20538
-0.836013
0.17016
0.466151
0.249981
-0.090922
0.426044
0.896949
-0.121666
0.0201557
-1.19669
-0.402306
-0.528381
1.06417
-0.949966
-0.590863
0.211028
0.9814
-0.331881
-0.749372
1.3248
-0.661494
-0.83923
-0.383953
-0.377395
0.861588
-0.165328
-0.372709
0.362357
0.209596
-0.390573
-0.347527
-0.544877
-0.0479488
0.00638669
-0.300256
-0.37002
0.227529
0.492488
-0.295909
-0.0776681
-0.965742
-0.86062
0.334899
-0.29692
-0.701424
-0.232957
0.104372
-0.1146
-0.119668
-0.20053
0.407821
-0.828199
-1.0386
-0.661044
0.430118
-0.222085
-0.278844
0.64163
0.369938
-0.469453
0.83745
0.980873
-0.233719
0.858387
0.598853
1.0266
-0.980586
-0.59602
-0.0645644
0.483292
1.1
0.132905
-0.227578
1.02117
-0.245597
-1.00329
-0.144495
-0.963617
-0.881641
-1.5757
-0.743747
0.137146
1.8752
-0.589155
0.247605
-0.442627
0.10371
-1.32243
-0.492411
-0.507886
-0.667807
-1.66235
-0.606172
0.570985
-0.17454
-0.0301074
-1.37832
0.479407
-0.682355
-0.76263
1.06841
-0.809598
-0.350504
0.482117
1.75527
0.756121
-0.0465483
0.774023
0.626405
-0.692288
1.09734
0.310028
0.0465231
-0.584279
0.739292
-0.802673
-1.01374
-0.143829
-1.14782
-0.315712
1.08072
0.613436
0.188248
0.628331
-0.725536
-0.354103
-1.08947
-0.398807
-0.434426
0.74366
-0.863941
0.342782
-0.533425
-0.803995
0.600935
0.190366
0.625824
-0.0670616
1.20175
0.640162
-0.495308
-0.834705
-0.808113
0.389168
0.129388
0.332737
0.948496
0.616648
0.0600204
-0.673516
0.53277
-0.115347
-0.0889329
-0.0564466
-1.42833
-0.560425
-0.939598
-0.483862
-0.324049
-0.0763448
0.223399
-1.00432
-0.89036
-1.01472
0.741208
0.251991
-0.109323
0.768996
-0.0973018
-0.887326
-0.128826
-1.06048
0.309611
0.325727
-0.475062
-0.139206
0.72563
0.228315
0.10486
-0.651227
-0.987545
0.255303
-0.112146
-0.764793
1.286
0.835552
1.09075
0.198485
0.857071
-0.214849
-0.0103073
-0.318328
0.198745
0.382016
0.966794
-0.388424
1.01322
1.75228
-0.757225
0.893492
0.318296
-0.0144139
0.300392
-1.28306
0.925728
-0.190128
0.680501
0.310989
0.490923
-1.17929
2.03555
-0.426302
-0.731013
0.134487
0.363227
-1.16846
1.48
0.217881
-0.642934
0.170282
-1.63435
-1.07655
0.0678073
-0.0976615
-0.596582
-0.994129
-0.684369
0.197053
-0.169259
0.952534
-0.13919
0.35916
-1.20441
0.644523
0.209113
0.401876
0.369764
0.11658
0.223159
0.18388
1.56086
0.57412
0.279397
0.460941
-0.23948
1.1177
-0.922539
1.27417
0.0200795
0.826808
-0.768248
0.276174
0.314007
0.848741
-0.209768
0.0889817
-0.572429
0.0646731
0.360088
0.47633
0.494553
-1.07767
0.530041
-0.467279
0.752789
0.10142
0.11557
-0.28478
0.512822
-0.787563
0.237315
1.08381
0.115374
-1.1602
0.612646
0.685276
-0.452156
-0.117944
0.0680907
0.463078
-1.20062
0.513577
1.08839
-0.451188
-0.701566
0.375992
-0.911399
-0.320135
-1.00627
0.673274
0.370452
0.306435
-1.34515
-0.0293015
0.464605
-0.772127
-0.193651
-0.154285
-0.301326
-0.248747
1.51506
-0.0815648
-0.477983
0.389094
-0.771239
-1.01204
-0.573682
0.00736128
-0.604703
0.422881
1.03637
0.0278461
0.51028
-0.00341819
-0.274485
-1.07071
-0.785426
-0.521929
0.283366
0.308858
0.5576
-0.302481
-0.907929
-0.622915
0.340628
0.563008
-0.0326606
-0.398572
-0.926932
1.06269
-0.01745
-0.80465
-0.390424
-0.624601
1.36889
0.886948
0.206901
-0.508523
-0.291915
0.713646
0.233305
-0.141814
0.425687
-1.22436
-0.739605
-0.600784
0.730231
0.168564
-1.56701
0.804348
-0.212333
-1.23399
0.10355
0.0561434
-0.150191
0.17739
-0.898967
-0.988349
-1.2402
0.917829
-0.173033
0.835046
-0.054972
-0.65621
0.278395
-0.349583
0.549056
-0.0755668
0.544406
0.378024
0.537913
-0.534815
0.0499089
-1.62305
0.347446
-0.259537
-0.439756
1.40726
-1.00904
0.296099
-0.318716
0.111291
0.750692
-0.364651
-0.517542
0.0349816
-0.0107735
0.179326
0.0714591
0.277872
-0.448915
-0.00493031
1.17241
-0.1027
1.24544
0.892315
-0.420416
-0.144698
-0.186614
0.869281
0.043388
1.37832
0.495045
0.334028
-0.0312965
0.455457
0.684014
0.368881
-0.408735
0.403666
0.0802881
0.568085
0.475679
-0.136107
0.577631
0.684876
-0.0987393
-1.02783
0.0117825
-0.126295
1.11266
0.680661
0.630727
-1.24429
-0.300892
-0.196565
0.582031
-1.16787
0.327413
-1.66732
-0.233712
0.213103
-0.0337944
1.42975
0.521045
0.499737
-0.337598
1.66086
0.249612
-0.757015
0.12149
-0.081175
0.701748
0.692735
-2.05095
0.11079
-1.07415
-1.00461
-0.456341
-0.23019
-0.947547
0.646579
-0.184672
0.116184
-0.633773
-0.379289
0.0476859
0.19491
0.950556
-0.395551
-0.277258
-1.68035
0.512081
0.809129
0.926337
0.225494
0.233795
0.645685
0.104932
0.179903
-0.552882
-0.959998
0.287821
-0.851135
0.0876313
0.482449
0.570686
0.611245
-0.282529
0.418778
0.879103
-0.373489
-0.557709
-0.289671
-0.22791
-0.820544
1.31425
0.542205
-0.891355
-0.0398334
0.20968
0.50184
0.243885
-1.08667
0.243799
-1.20032
-0.332989
0.44907
0.17097
0.124754
0.0979978
0.869234
-0.0832769
-0.352544
0.518467
1.17434
0.698704
0.862211
-0.863794
0.181135
-0.208568
-0.00563784
0.0338883
-1.05238
0.39509
0.344479
0.500484
1.583
-0.496851
-1.25962
0.388074
0.156391
-0.548203
0.413741
0.209859
-0.182598
-0.95431
0.573377
-0.209711
0.842596
-0.419529
0.376844
-0.639795
0.128026
0.0632117
-0.663643
-0.0100535
1.69941
-0.652417
-1.93234
-1.56185
0.149652
-0.280732
0.768756
-1.13069
0.0352802
-0.396395
0.0518067
-0.455209
-0.61726
1.1826
0.464546
-1.30732
-0.459145
-0.595631
-0.41101
-0.134069
0.0968774
-0.214342
1.50364
-0.0833134
-0.0453174
0.0313566
-0.00491231
1.4771
0.372822
-0.393202
0.00464079
0.629318
0.414912
0.256259
-0.061168
-0.343455
0.0791915
-1.73103
-0.317661
0.202784
-0.174855
0.829783
0.238804
1.55955
0.250437
-0.202031
-0.162632
-0.0196353
-1.48168
-0.137784
-0.522791
0.424693
-1.09031
0.104853
0.163914
-0.621062
0.134941
-0.921846
0.6345
0.78872
0.27627
0.696968
1.14623
-0.191627
0.527922
0.159284
0.2934
0.189475
0.172827
-0.0955872
-0.640095
0.218144
-0.172877
0.769306
1.08536
-0.253549
0.397032
-0.476917
-0.407443
-0.815103
0.345084
0.357181
1.80726
-0.908575
0.41667
-0.831746
0.142497
0.0763521
0.705012
0.620246
-0.298022
0.59227
-0.53874
-0.746141
1.1798
-0.43508
-0.966145
1.03646
0.500552
0.250161
0.611865
0.166521
1.41207
-0.32468
0.289462
0.852273
0.755134
-0.735677
0.117
-0.339588
0.562481
-0.277582
0.064279
-1.5068
0.681822
0.276094
0.287275
0.0540302
-0.139173
-0.43125
-0.853308
0.535148
-0.514395
0.356606
1.51929
-1.42587
-0.242434
-0.0897805
0.589894
0.163651
-0.479583
0.559758
-0.302216
0.249233
0.343718
1.28874
0.266088
-0.0280533
-0.50096
-0.10777
0.563244
-0.28252
0.294887
0.882241
-0.00694179
-1.1357
-0.264698
-0.677452
-0.530975
-0.721036
-0.488205
0.870539
0.21694
-0.20902
1.43266
-0.109685
0.953556
0.179385
0.493945
0.484821
-0.52214
-0.343008
0.444678
0.452582
-0.0919903
0.64807
0.449632
0.80945
0.0535437
0.358993
0.232938
-0.978961
-0.708295
0.370846
-0.323346
0.39511
0.0702071
-0.733795
-0.353908
-1.79352
-0.213826
0.461071
-0.580555
-1.64753
-0.57816
-0.41824
-0.435266
-0.0528577
1.12743
-1.49433
-1.02615
-0.254441
0.483647
0.925689
-1.29959
-1.23714
0.89364
0.239235
-0.208254
-1.20641
-1.47773
0.0854582
-0.89389
0.166594
-0.724781
-0.324507
-0.556041
-0.546881
-0.0571691
0.0392017
0.886941
0.126694
-0.763964
-0.273989
-0.0433324
-0.993771
-0.207732
-1.54353
-0.224913
-0.024879
-0.901496
-0.796296
-1.26235
-0.0356616
-0.81669
-0.145473
-0.884395
-0.916243
-0.043191
0.351586
-0.841555
0.0148517
0.16567
-0.0324989
-0.00776961
-0.179702
-0.121334
-2.06617
-0.107678
-0.583447
0.427448
-0.123258
-0.680495
0.663668
-0.270238
0.266408
0.985141
-0.0910223
-1.33396
0.852228
1.23967
-0.230005
-0.347851
-0.722317
-0.201678
0.066956
0.874718
-0.297861
0.226171
-1.99486
0.164163
-0.739678
-0.239674
-1.02036
-0.0442754
0.379705
0.317806
-0.194448
-0.822878
-0.77026
0.378866
0.542041
-0.544487
0.697774
-0.535139
-0.500448
0.121508
0.421871
-0.252343
0.538677
0.0891624
-0.598853
0.319045
0.432333
0.53724
0.703562
0.516822
1.0375
-0.861365
-0.200423
0.431155
0.860066
0.0208503
0.719467
-0.131096
0.0907079
1.3246
-0.610013
-0.875111
0.370914
0.922267
0.818569
1.29539
-0.14476
-1.04752
-0.451832
0.416899
-0.0581479
0.170382
0.338629
-0.0421056
-1.06857
-1.04329
0.451983
0.739809
0.413498
0.0586804
-0.697755
0.100355
-0.204096
0.643335
1.06371
1.09462
-0.575347
-0.764699
0.534599
0.705331
0.00635135
-0.257498
-0.567771
0.711566
1.01827
-0.774983
-0.384372
-0.182522
0.301557
-0.243938
-0.469168
-0.444144
0.393981
-0.199323
-0.504429
-0.766645
0.637509
-1.35666
0.800925
0.00740644
-0.517064
0.764507
0.57281
0.827376
-0.0375909
-0.83767
0.796817
0.41004
0.458121
-0.901734
0.648533
-0.426979
0.53138
0.657414
0.554407
-1.19804
0.524678
1.06349
-0.771786
1.09199
-0.13893
0.613606
1.62907
-0.265804
1.53447
0.396228
-0.540366
-0.496648
-0.24441
-0.0705443
0.528292
1.00203
-0.611156
-1.26201
0.347841
-0.160818
-0.694949
-0.392316
-0.627625
0.256579
-0.0331691
-0.448561
0.548005
-1.66339
0.644533
-0.585322
1.44665
0.523696
0.541026
0.31162
0.427779
0.76746
0.631569
-0.210643
-0.594623
-0.62484
0.95293
-0.818071
0.407687
-0.459653
0.702464
-0.442876
0.775536
-0.465918
1.16317
0.0627786
-0.364942
0.120968
-0.312176
0.563454
-0.559642
-0.119102
-0.573069
0.136715
-1.77968
1.14685
-0.18451
-0.912239
-0.75315
1.14728
1.08308
-0.0652232
1.81995
-0.738734
-0.95809
-0.242499
1.05366
0.84292
-0.940826
0.973827
0.0256926
0.840707
-0.393211
0.226413
0.411171
0.093453
0.539429
-1.24294
-0.158511
0.476719
-0.198978
1.24351
-0.646652
0.9829
-0.341036
0.873965
0.906015
-0.100113
1.48833
-0.489445
-0.318812
1.07796
-0.0755536
-0.71702
0.690617
-0.217677
-0.607674
0.325151
0.490741
1.08045
0.225718
-1.31369
-0.110109
0.182645
0.877635
-0.82165
-1.31919
-0.88357
-0.351326
0.760803
-0.198001
-0.876602
-0.53846
-0.731733
-0.461916
-2.02327
0.286842
-0.105588
0.948028
2.45303
-1.05133
0.533071
0.680667
-0.104405
0.241222
0.326194
0.191466
-0.641958
-1.32759
0.632729
-1.27344
-0.219759
1.44339
-0.092225
-0.13447
0.639616
-0.723726
-0.236493
1.34424
-1.27041
-0.224727
0.136771
0.418111
0.28559
-0.107891
-0.584616
0.58588
0.184353
0.183501
-0.448438
0.559714
2.00641
0.578683
0.349878
0.0505981
0.409664
-0.540734
1.59804
0.351287
-0.67312
-0.451326
0.06535
0.920348
-0.357353
-0.00134568
0.0473502
-0.726786
-0.00614838
0.358758
-0.651958
0.304609
0.697226
-0.269286
-0.514081
0.132664
0.068721
-1.5923
-0.144007
0.108431
0.00307468
-0.871127
-0.00705758
-0.686236
0.29864
-0.647015
-0.538417
0.130915
-0.700399
0.185599
-0.240651
0.751178
0.652087
-0.582798
0.0363298
-0.283436
-0.448562
-0.0660124
0.10902
-1.38341
-0.504688
0.657784
-0.213031
-0.698281
-1.90865
0.622662
0.534574
-0.992643
-0.46241
-0.304551
0.599749
-0.464403
0.418237
0.143533
0.79752
0.729221
0.368692
0.860081
0.211126
-0.903773
-0.795206
-0.66985
-0.0162274
0.314355
0.0764435
-0.625494
-0.064026
-0.60987
0.106851
-0.0385336
0.30769
1.536
-0.410008
1.05299
0.137182
0.214619
-0.191835
0.371121
-0.753867
-0.623567
-0.0184088
0.306664
-0.576352
0.450966
-0.50177
0.758656
0.16383
0.209964
0.187254
0.0827797
0.202837
0.0181063
0.827479
0.556475
0.298758
0.22614
0.981445
-0.503037
1.36602
-0.705802
-0.736053
-0.227565
0.925504
0.742186
-0.942004
0.561746
-0.830664
0.0218283
1.40039
-0.473458
0.667812
-0.607697
0.501275
-0.502217
-0.613409
-0.589295
0.752711
0.043065
-0.634726
-0.0466961
-0.827784
-0.281529
0.269608
-0.0584244
0.0549742
0.114655
-0.407704
0.349104
1.10065
-1.0628
-0.309051
0.429901
-0.0319555
-0.126675
-0.0368457
0.0432785
-0.458945
-0.174642
-0.425815
-0.904975
0.415424
0.705923
-0.158409
0.519709
0.0718184
-1.57911
0.877786
0.0941984
0.344514
-0.0158782
-0.457816
-1.1677
0.0551128
-0.144277
-0.0708757
0.470396
-1.27988
-0.473197
-0.858586
-0.729914
-1.12509
0.87824
0.740854
0.156288
1.29707
-0.715028
0.181939
0.426757
0.189141
-0.101088
-1.70257
0.801575
0.328676
-0.295487
0.798578
0.662636
-0.885078
0.131866
0.0219834
0.00830328
0.35171
-0.899264
-0.275657
-1.36515
0.242166
-0.413204
-0.62345
-0.113127
-0.699355
0.0947039
-0.665676
0.651857
0.0553495
0.574665
0.378517
-0.327265
0.0355881
-1.00813
0.239346
-1.45698
0.724483
0.702309
-0.881931
-0.364564
0.477714
0.159313
-1.08082
-0.393156
-0.587812
0.24126
0.909111
0.332374
-0.0240328
-1.15567
-0.390216
-0.23217
1.25365
0.235206
0.580772
0.466219
-0.078614
1.23052
0.171514
-0.45539
-0.4787
0.133473
0.422472
0.911871
-0.663745
-0.0905921
-0.448136
-0.395322
0.0664067
0.0845032
1.16754
1.02847
0.746507
1.32212
-0.486013
0.672536
-0.318727
0.0297794
-0.501326
1.90281
1.23808
-0.688683
-0.0650781
0.849911
0.0702788
-0.17291
0.853321
-0.486138
0.037124
-0.110585
-0.749393
0.807755
-0.0847675
-0.539936
0.451497
-1.02789
-0.292419
-0.2856
-0.0869545
-0.285258
-0.100527
-0.378966
0.258231
0.23369
-1.03998
-0.594843
-0.732666
-0.141346
-0.656218
1.39947
-0.47891
0.601453
0.339409
0.431135
-0.134154
0.871187
-0.498157
0.0151816
0.580081
0.478662
1.53887
0.697659
0.474862
0.562401
-0.351716
-0.296024
1.02943
-1.51382
-0.39966
-1.0689
-0.0620062
0.362017
0.442342
0.732474
0.0351968
-0.39796
-0.460451
-0.834267
0.719659
0.222747
-0.623506
0.28455
0.233671
0.265039
0.435531
0.516839
1.05998
0.540767
-0.10979
0.125953
0.756696
-0.935491
-1.32936
-0.505775
-0.814098
0.0279582
1.01529
0.441982
-0.879878
0.522567
-0.430963
-0.626017
0.825929
1.34894
0.832762
-0.843478
-0.244804
-0.0298243
-0.260253
-0.670796
0.329255
-0.578022
0.59797
-0.160626
0.395195
0.342508
0.353632
-0.540169
-0.883882
-0.0172747
-0.277614
0.394724
0.14556
0.161651
1.72207
0.248999
-0.376448
-0.62843
-1.21572
0.309324
0.833764
0.548823
0.0711811
1.92221
-0.845167
-0.477047
0.541027
0.101002
-1.01573
-0.289855
-1.20181
1.27877
0.738544
-0.102994
0.595635
-1.65895
0.226779
-0.464915
0.367351
0.464319
0.144167
-0.39635
0.0866742
-0.419944
-0.991167
1.20775
-0.826364
-2.38669
0.11635
-0.194648
0.188437
0.227363
-0.0379287
0.277407
-0.166952
-0.638556
-0.185711
-0.201988
0.606891
0.255602
-0.920711
1.23512
-1.42418
1.27434
-0.551164
-0.823187
-0.382317
0.575758
-1.13422
0.530215
-0.252256
1.07976
-0.702318
1.19823
-0.183107
-0.37113
-1.41266
-0.436948
-0.536456
-0.422665
0.47251
-0.526189
-0.950036
-1.32247
-0.653451
-0.910114
0.162688
0.354615
-0.826425
1.48127
0.181222
0.13112
1.69311
-0.478785
0.856848
0.399464
-0.501994
1.5481
1.27913
0.803433
-0.191552
0.113591
0.607957
0.144451
0.736323
0.740706
0.995164
-1.26894
-0.258328
-1.46414
-0.551386
0.456197
1.12266
0.681011
-0.085888
1.46864
-0.646425
-0.634529
-0.69321
0.354152
-0.24918
0.190727
-0.362849
0.000994825
0.781827
-0.119568
-0.292233
-1.4016
-0.00860107
0.513949
0.12573
0.776156
-0.490851
0.371622
0.136031
0.812526
0.00650333
0.988212
1.25754
-0.77744
-0.359811
-0.860966
0.177082
0.280113
0.313984
-0.0252868
-0.50446
-0.943023
0.569684
-0.537816
1.15699
0.492895
-0.489356
1.5328
-0.504569
0.942693
0.359976
0.885487
-0.415476
0.361238
-0.644012
0.265647
-0.407439
0.837002
-0.654147
0.389075
1.06596
0.42456
0.119581
1.27436
1.12331
0.577655
-1.29705
1.17431
0.33005
-0.927467
-1.17516
-1.58549
-0.453906
-0.457091
-0.417417
1.37916
-0.314394
-1.0705
-0.254336
0.494431
0.593543
-0.683662
-0.0996796
1.03559
-0.220827
0.229899
1.40759
-0.187291
0.19725
0.087705
0.0916318
0.145692
0.389706
-0.494516
-0.118388
0.594868
0.623482
-0.769316
-0.513391
-0.109118
0.831761
-0.649679
0.917558
0.462627
0.221448
0.963466
0.0695852
-1.02483
-0.61247
-0.463062
-0.359377
0.263033
0.379773
-0.701916
-1.07871
-0.0291017
-0.653935
1.51388
0.000995155
-0.14994
-0.113827
0.0283024
0.104703
0.718669
0.155055
-0.513966
-0.274806
1.01106
1.29467
0.271908
-0.229456
-0.197724
0.420249
0.688899
1.78398
-0.000938331
0.11236
-0.107704
-0.0531457
-1.25337
0.101961
-1.03129
-0.05562
-1.33278
0.581778
-1.35969
-1.04232
-0.0440511
-0.459934
0.342514
0.159037
0.243812
0.18546
-0.543315
-0.28431
0.30917
0.792277
0.933121
-0.448606
1.14227
-0.75502
0.294295
0.585701
-1.61283
-0.110846
0.994844
0.464465
-1.24329
0.643791
0.276075
-0.886142
0.180959
-0.452327
-0.893923
-0.567394
-0.123692
0.778389
-0.177021
0.529503
0.4214
-0.651739
0.155378
-0.995145
0.264217
0.568364
0.202035
-0.424804
0.143194
0.0159176
0.13327
0.0578044
0.245318
0.287504
1.25612
0.949283
0.656361
0.605277
0.691193
0.355798
-0.134105
-0.216786
-0.538483
-0.0109297
0.175076
-0.899859
-0.293843
0.10539
0.053916
-0.652192
-0.929954
-0.413769
-1.75466
0.424896
1.79565
-0.124291
-0.91438
-0.722196
0.252387
0.880677
-0.602101
-0.235531
0.621586
-0.329247
-0.204078
1.10775
0.470571
0.559787
0.15566
-0.068115
0.945394
1.29456
-0.279711
-0.18797
-0.41895
-0.488131
0.636164
1.60259
0.78584
0.354477
-0.509602
0.255177
-0.861393
-0.373606
-0.0905257
0.597401
0.812298
-1.03204
0.694558
-0.314688
-0.152578
-1.10338
-0.924718
-1.72859
-0.157068
0.280697
-0.323146
-0.829397
-0.60339
-0.266014
0.70474
-0.530353
0.179288
0.910902
0.246169
0.508904
-0.17604
0.387767
-0.383518
0.653534
-0.757197
0.133707
-0.723619
0.936028
-0.227416
0.472943
0.520336
-0.0554834
0.725592
0.00431077
1.24104
-0.60348
0.879744
0.489918
-0.794811
-0.816321
-0.276807
-1.92299
2.18014
-0.242877
0.426054
0.150211
0.286702
-0.949487
-1.22943
0.477487
-0.115935
0.593433
-0.858948
0.338404
-0.655478
0.445761
-0.25584
0.38842
-0.164134
-0.152285
1.14476
0.0200751
0.986835
0.985381
1.24622
-0.409012
-1.11164
-0.0780384
-0.198812
0.337979
0.477532
0.710251
0.780512
0.395191
0.00813975
-0.877392
0.0885595
-1.17835
-0.110625
-0.681471
0.0346972
-0.458697
0.53982
1.33707
-0.23389
-0.743346
-0.103547
0.159079
0.647166
0.955128
-1.96702
0.117649
1.86879
-1.20743
-0.777397
-0.265191
0.55244
0.592889
0.00212312
0.169496
0.622397
-0.758172
-0.0396686
0.473018
0.977586
1.04321
0.0672804
0.0546389
-0.977942
-1.58355
0.79255
-0.0758878
-0.582934
1.04668
0.411893
-0.363905
0.115497
0.0440984
1.08489
0.262871
-0.0656346
1.06255
-0.507734
-1.53521
-0.366023
-0.424896
-1.63163
-0.310355
0.304867
-0.451233
-1.43075
0.573205
0.170807
0.672092
-0.217659
-0.904365
-0.47474
0.294993
0.436223
-0.00262756
1.79341
0.279494
0.0888288
0.628284
0.0227268
0.435341
0.219535
-0.21476
-1.08213
1.73044
-0.29619
0.770874
-0.304489
0.673829
1.82335
-0.246507
0.756681
-0.81331
1.08298
0.527653
0.0963469
-0.499261
0.178963
0.443023
-0.454444
1.07485
-0.725858
0.583909
-0.751159
0.248785
-0.122437
0.260096
0.00471402
0.226386
-0.714876
-0.579477
0.783692
0.602423
0.24256
0.528283
-0.877366
-1.03575
-0.84569
-0.926843
0.0262428
0.439901
-0.80808
0.568325
0.959819
0.325968
0.758134
-0.326117
1.17465
0.414446
0.136239
0.272255
0.358745
0.48118
-0.37894
1.07657
-0.933152
1.04712
0.483182
-0.300922
0.431506
0.740483
-0.460485
-1.03765
-0.734373
0.675106
0.418765
-0.801424
-1.39109
-0.603036
0.379672
-0.0738167
0.6311
-0.475833
0.835082
-0.721539
-0.263224
1.13151
-0.0350192
-1.29456
0.22969
-0.0811508
1.42719
0.976793
-1.66509
0.136896
0.237318
0.120946
-0.521876
0.68134
0.222108
1.09426
0.543758
-0.81891
-0.136784
0.821381
-0.12152
0.280639
-0.120344
0.0742904
-0.955394
-0.187241
0.155087
-0.617612
-0.249032
-0.279929
0.26123
0.339565
-1.20421
-0.119819
-0.477184
0.110519
0.227581
0.952379
-1.12681
-0.864087
-0.163005
-0.309585
0.157526
0.662565
-0.558202
0.243137
-1.22095
-0.148983
-0.622036
0.583275
0.217611
0.955468
1.07397
-0.308491
0.360868
-0.849616
0.250778
-1.16839
-0.547699
-0.999778
0.475613
-0.501646
0.250622
0.24548
0.152613
0.997285
0.393831
1.11561
-0.737732
-0.486146
0.692274
-1.75867
-0.174544
0.297046
-0.258622
0.327262
-0.738393
0.389458
-0.540838
1.35719
-1.62309
-0.767137
0.894893
0.0680204
-0.260954
-0.264333
0.0995668
-0.919958
-1.19019
1.60362
0.493295
0.390698
-0.372003
0.064102
-0.26152
0.19615
-0.307785
0.714629
0.345091
-0.333966
-1.5293
-1.53782
0.794128
-0.866089
1.11972
-0.389313
-0.899261
0.193968
-0.602055
-0.395379
0.685119
-0.59913
0.624717
1.07681
0.828138
-0.688181
-0.230448
-0.810304
0.629573
-0.0610395
-0.164098
-1.51277
0.268592
-0.234454
-0.669402
-0.350554
-0.13729
1.13546
-0.647899
-0.955485
0.267984
-0.463891
0.396798
-0.453616
0.138105
-0.314844
-0.178351
0.564372
0.808906
0.686907
-0.96026
1.0673
0.52992
-0.290341
-1.32811
0.0377186
-0.206423
-0.340889
0.851512
-1.74388
0.134846
-0.248588
-0.0488784
0.263226
0.100411
0.295364
-0.461034
0.602456
-0.215183
-1.02018
1.04934
0.133582
-1.45028
-0.670364
-0.307833
-0.873758
0.137729
0.422905
0.427434
0.916615
0.41321
-0.572419
-0.489876
0.595849
0.248023
1.08835
0.600339
1.23845
-0.158268
0.576143
0.320267
-0.533123
0.409257
0.539022
0.673575
0.406997
-0.0285846
0.796989
-0.923634
1.34787
-0.548413
0.405718
0.135348
-1.19754
-0.356492
-1.50819
-1.31751
-0.105992
0.644908
-0.0104959
-0.497042
0.860693
-0.79919
1.11444
0.703631
-0.277547
-0.875065
0.955302
-0.528539
-0.642338
-1.19206
-0.534823
-0.514429
1.38147
0.179743
-0.255327
0.622904
-1.45053
-0.708838
-0.273681
0.631059
0.355673
-1.43692
-1.38871
1.11299
-0.986438
0.0274857
0.622197
-0.160116
-0.124814
0.0700912
-0.0159573
-0.0658336
1.2633
-0.25014
-0.764305
0.543423
-0.613336
0.927527
0.176948
0.188647
-0.183919
1.48898
-0.163706
-0.607356
-0.784705
-0.245987
-0.0730612
-0.177972
-0.243592
0.305685
0.790094
-0.292698
1.37726
1.22593
-0.290981
-1.03695
0.432151
-0.284599
0.533078
-1.06165
0.0190761
-0.723122
1.39288
0.570517
0.779472
-0.561277
0.331642
-0.046029
-0.29782
-0.0103519
-0.146182
-1.14087
-0.166704
-0.912028
-0.431787
-0.745829
0.0263054
-0.707425
0.551975
0.965538
-0.0188891
-0.399049
0.972893
-0.157153
0.433493
-0.00664022
0.125195
0.309998
0.357232
0.353848
-0.00932473
-0.452295
0.249442
0.172463
0.425177
1.18815
-0.0555545
0.100338
-0.459634
-0.514818
-0.741416
0.425242
0.608522
-0.249887
-0.366611
0.427891
-0.177034
-0.228777
0.140187
0.611389
0.0197914
-0.357222
0.0229943
-0.131008
-0.926907
0.488114
-0.211497
1.71489
0.566803
-0.451901
-0.333302
0.252407
0.962311
0.608778
-0.182309
-0.149034
0.909461
0.0398675
-0.649222
-0.0578573
-0.795987
0.372763
0.555893
0.41942
-0.343323
-0.968073
-1.0324
0.42632
1.16287
1.22604
0.488626
-0.326701
-1.0028
-1.00281
-0.59501
-0.554162
-0.252761
-0.0532705
-0.672861
0.970146
-0.323878
0.517011
-0.597006
0.629406
-0.051855
0.353414
0.494946
-0.15402
-0.72586
-0.342106
-0.165614
0.12166
0.418077
-0.0498334
0.370372
0.450573
-0.370742
0.649662
0.255356
0.414423
0.202611
-0.434574
0.487161
-0.660245
-0.418347
-1.0252
0.0927401
-0.224182
-0.570878
0.635131
0.584253
0.860717
-0.196024
0.512313
1.04317
0.558693
-1.33703
1.43073
0.531745
0.0362758
1.1847
0.297818
-0.252209
0.183221
-1.1733
-0.626033
-1.23954
0.561016
0.876966
0.988749
0.292718
-0.0162007
0.142014
0.322743
0.198838
-0.172098
0.376022
-0.582888
-0.803823
0.136862
-1.13968
0.838755
0.69411
-0.633741
0.226299
0.0654672
-0.288234
0.0810529
0.0565267
-0.222624
-0.314218
-0.511818
0.447222
0.402137
1.40807
0.588346
1.33831
-0.238772
-0.314223
0.277283
0.931009
-0.96879
0.185369
0.330803
-0.691853
-1.44082
1.55385
1.79423
-0.953254
-0.598434
0.48123
0.325896
0.140686
-0.168347
0.665577
0.611514
0.965268
0.337836
-0.173493
0.301057
-0.432829
0.835866
0.170896
0.443255
-1.42606
-0.98217
1.00733
0.40952
-0.918616
-0.0974386
0.76744
-0.249002
0.424223
0.941705
0.916064
0.906181
-1.22764
0.209131
0.307034
1.00571
0.666562
0.025877
0.091452
0.424605
0.776037
-1.75457
-1.80486
-0.122885
-0.774677
-0.128869
1.04705
0.981718
-0.599107
-0.358764
-0.15436
0.769308
0.797009
0.0488901
1.29791
-1.00294
-0.240099
-0.457795
1.10426
0.294574
-0.52698
-0.361651
-0.09723
1.36377
-0.89016
1.28529
-0.868757
1.14871
-0.238247
0.543537
-0.146766
0.303737
-1.2306
0.327078
-0.728374
0.29112
0.74008
0.672452
0.429631
0.254688
0.0960105
-1.17758
-0.0529576
0.46889
0.634582
-0.2452
0.0137663
0.0644533
-0.191915
-0.393098
-0.0917501
-0.667594
-0.232552
0.188897
-0.668419
-0.558076
0.0810707
0.159018
0.201878
-0.813415
-0.199824
1.14174
0.479661
1.24314
-0.242314
2.11343
0.508234
0.331891
-0.383958
-0.31055
-0.632425
-0.192732
0.648099
0.865177
-1.3468
-0.351995
-0.0770249
1.16048
0.624952
-0.438695
0.250094
0.59847
1.33176
0.259863
0.27813
0.275397
-0.778471
0.733819
-0.721415
-1.13863
0.153186
0.950026
0.287178
0.28489
0.996088
1.32845
0.027869
0.707836
-0.479473
-0.914604
0.299065
1.31734
1.1717
-1.0212
-0.638462
1.51457
-0.214605
-0.0266847
-0.0853836
0.601448
0.230175
0.93834
-0.0256178
0.312797
0.293568
0.0114964
0.797683
0.132663
-0.542163
0.170832
-0.922541
-0.322345
-0.392782
0.38131
0.324606
-0.217403
0.189989
0.222231
0.1561
0.14104
-0.367731
0.362513
-1.24318
0.0777049
-0.671702
0.161117
-0.503445
0.922402
-0.223665
0.167218
-0.253664
1.24782
0.945224
0.45533
0.11256
0.626105
-0.0236755
1.37287
0.806787
0.743694
0.37523
-0.435066
0.949726
-0.390548
-2.27859
-0.226667
0.029399
0.982382
1.39277
-0.0170106
-0.609531
-0.245499
0.0288304
0.792815
0.819915
0.0951056
0.745338
0.274962
-0.42063
-1.80523
0.494013
0.0393595
0.510591
-1.18769
0.418694
-0.387394
-0.377533
0.359983
-0.937607
-0.661629
-0.20824
-0.0927979
-0.220883
-0.724837
0.31082
-1.34015
-0.621042
0.860625
0.308835
-0.0501141
-0.50489
-0.496198
0.0601972
-0.65414
0.178694
-0.176282
0.29479
-0.54219
1.24381
0.643103
-1.31909
-0.272297
-0.24379
-0.384632
0.209024
-0.601183
-0.137061
0.0926601
-0.10095
0.131355
0.509189
-0.34842
0.282949
-0.877502
-0.283143
-0.382195
0.142898
-0.494018
-0.508219
-0.554875
0.728277
-0.660331
-0.899592
0.343932
0.280408
0.474583
0.377267
0.401214
0.450482
-0.0594617
-1.95852
0.061148
-0.614926
-0.31312
0.598578
-0.404277
0.0520594
-0.182037
-0.201411
-0.215201
-0.0673569
-1.32821
0.751576
2.61418
0.961503
0.410331
-0.104347
0.445779
0.14714
-0.944284
0.243481
-1.27771
-0.197709
-0.782158
-1.53972
-0.0843503
1.44013
-1.00781
0.89189
-0.0222593
0.810676
0.84626
-0.214622
-0.0220881
1.03343
-0.281935
0.117645
0.363942
0.433385
1.34898
0.579036
-0.134422
0.949892
-0.0841434
-0.22827
0.444356
-0.184509
0.285422
-0.51408
0.0624314
1.16319
-0.459469
-1.01499
0.95371
-0.0858874
0.0167114
0.171949
-2.03807
-1.34348
0.395897
0.84367
0.129113
-0.80155
-0.799136
0.308477
0.807341
-0.80775
0.395123
1.32558
-0.938887
1.1534
-0.272146
-0.226339
-0.352846
-1.15135
0.45941
0.790458
-0.403888
-0.210115
-0.435488
1.16881
-1.12076
0.472854
-0.258162
-0.139207
0.289148
0.315452
-0.245764
-0.884274
0.428983
0.650115
-0.433155
0.246301
-0.169093
-0.584112
-0.571075
0.828417
-0.430225
0.24546
-0.513888
-0.75049
-0.112932
0.00030981
0.594771
0.111352
0.504044
-0.372966
0.139957
-0.871801
-0.265286
0.317589
-1.40054
0.138522
-0.275486
1.32136
0.5437
0.203058
0.56633
-0.0469516
-0.336187
-0.299886
0.448376
-0.804418
0.215132
-1.13624
-0.665301
-0.168849
-1.10671
0.265247
0.230383
-0.773268
-0.202183
0.575508
-0.276733
-0.697829
-0.00562081
-1.68079
0.0910561
0.604334
0.137672
0.455744
0.0555726
-0.371129
0.145251
0.466347
0.195638
0.0228533
-0.464676
-0.611641
0.944494
0.510346
-0.526856
0.354589
0.987994
-0.4461
-0.216337
-0.15496
-0.12172
-0.519418
0.187511
0.133154
0.648577
0.372434
0.162006
0.699004
-0.0664049
-0.162514
-0.326132
1.00675
0.346014
0.421127
-0.94048
0.125229
0.949212
0.100999
-1.89581
0.955112
-1.01833
-0.164414
0.195247
0.851422
-0.186767
0.686335
-0.169184
-0.396928
-0.543327
0.636691
0.117998
-0.324795
0.0209206
1.32975
0.32924
0.536441
-0.791451
-0.589724
0.123873
-0.368649
-0.097799
-0.53828
-0.205879
-0.453428
-1.76906
-0.868728
1.70687
-0.898048
-0.393492
0.645276
-1.02352
0.108276
-0.426285
1.04847
-0.205319
0.586633
0.512693
-0.971309
1.60607
0.0893682
-0.0556217
0.92411
0.466082
1.86314
0.643392
-0.48161
0.94902
-0.994606
0.327769
0.339149
1.26735
0.44805
0.483768
1.01285
0.127057
-0.90716
0.049615
0.0435524
0.730804
1.73778
-0.16754
0.557712
0.28623
0.33332
0.788215
-0.643784
0.664122
0.148853
0.271884
-1.47344
0.584632
0.149574
0.573698
-0.187246
0.536092
0.238761
0.731649
-1.1025
-0.0952421
-1.29685
-1.49519
-1.4306
-0.314479
1.07558
0.0220765
0.993748
-0.904119
0.654966
-0.359223
-0.280002
0.00934375
0.869599
-0.497079
-0.70637
0.0502192
0.358663
0.120205
-0.803794
-0.729091
-0.0312121
-0.312724
1.06106
-0.411848
0.421251
0.659922
-0.222509
-0.651616
-0.0886778
0.525126
1.60695
0.106816
0.379746
0.967963
-1.13498
0.48915
-0.220572
0.121418
-0.559701
-1.02282
-0.4691
-0.275672
-0.426356
-0.449677
-0.224655
-0.901814
0.453922
0.362566
0.532817
-0.281872
-0.347415
0.346522
0.171318
0.178522
0.0801368
0.267488
-1.01915
-1.03824
-0.0758932
0.934199
-0.101072
-0.0335745
-0.608396
0.0726733
0.144759
-0.598848
-0.493014
1.2548
-0.224809
0.701702
0.026555
0.91068
-0.858321
0.0696209
1.08283
0.169298
0.468503
-0.144175
0.662438
0.42166
0.818848
-0.739429
0.721747
-0.165345
0.695408
-0.0362657
0.222315
0.436638
0.267187
0.381611
0.074131
0.115655
-0.13895
-0.228019
0.474361
-0.39263
1.13181
1.12003
-0.0689283
-0.543408
-0.488213
-0.122278
-0.766981
-0.0539668
1.25718
0.761332
-0.478784
-0.424393
0.372222
0.325513
0.574418
0.687448
0.59988
0.121657
-1.3458
-0.339123
0.638049
1.11961
0.216363
-1.61263
-0.460957
-0.215536
0.113326
-1.13037
0.34229
-0.632875
0.311234
-0.526811
0.0987547
-0.254372
-0.141901
-0.330432
-1.26584
0.0887938
-0.978914
-0.981067
0.537141
0.624917
0.689801
-0.741938
-0.0150059
-1.17663
-0.193913
0.255944
-0.374906
1.37898
0.262696
-2.65117
-0.510293
1.1319
-0.267824
-0.168663
-0.898403
0.596795
0.2726
-1.85786
-0.0760973
0.573162
-0.469793
-0.164595
-0.273409
0.852884
-0.980962
0.696074
0.495579
0.344325
-0.535293
0.591617
-0.138471
0.625082
0.800099
0.702979
-0.276368
-0.00726735
0.332438
0.173133
-0.898511
0.126683
-0.0839068
-0.162178
0.410451
-1.06284
-0.050484
0.609791
0.693068
0.170883
-0.684214
-0.0386075
-0.0661349
0.599878
-0.333126
0.626583
0.0698765
-0.151525
0.0658133
-1.04303
-0.812449
0.339796
0.486714
-0.124529
1.3626
-0.388114
0.662147
-1.35928
0.762738
0.301471
0.157816
0.904985
-0.356262
-0.516716
-0.440504
0.150005
1.73353
0.867968
1.30525
0.110337
-0.672688
1.00365
-1.71087
-1.15274
-0.869034
1.09898
0.434678
-0.189604
1.20557
0.0286518
-0.515061
-0.483722
-1.39079
0.131783
0.959894
-1.13171
-0.0785888
0.941493
0.227707
1.46137
0.605507
0.556042
-0.878197
-0.0195109
0.470229
0.130383
-0.274918
-0.087312
-0.0532018
-0.855578
-0.623135
-1.30685
-0.182338
0.124805
0.998513
-0.41646
-0.2795
0.148931
-0.232656
0.334783
-1.01372
-0.736287
-0.493886
0.220859
-0.0493385
0.0896399
0.0839197
0.0498163
-0.527785
-1.84649
-0.00428912
0.226171
-0.697421
-0.266946
-0.35744
0.240565
0.123304
0.737747
0.28789
0.0148537
-0.831335
0.099009
-0.0527596
1.0993
1.16877
-0.339947
1.1334
0.6504
1.65612
-0.56618
-0.649741
-0.372831
0.601199
0.0679456
-0.835728
-0.531682
-0.798719
0.304154
-0.380924
0.724048
-0.573927
0.0533511
0.30161
1.15489
-0.342998
1.51188
-0.251447
0.066871
-0.0115977
-0.0403878
0.569181
-0.222645
0.387958
1.01545
-1.61224
0.109633
0.245047
0.776841
-1.16349
-0.755291
-0.759873
-0.656047
0.225091
0.311817
-0.761584
-0.219284
0.700968
1.48682
-0.134811
-0.845774
0.152836
0.239426
0.451101
0.359367
-0.232298
-0.665638
-0.298438
-0.252957
-0.49775
0.977353
1.44458
0.738506
-0.0217295
-0.360925
-1.64553
-0.175964
-0.48693
-1.00316
0.689915
-0.114552
0.138902
0.855525
0.647757
0.105939
0.493977
-1.31224
-0.0734466
-0.0951099
0.0342283
1.44208
0.0070264
0.39948
-0.801868
-0.230912
-0.421196
0.176049
0.247031
-0.115381
0.198334
-1.92605
0.187308
1.76891
1.34487
0.752025
0.320241
0.694005
0.53193
0.726953
-0.0206215
0.0847364
0.115582
-0.0525984
-0.679167
0.869445
0.444929
0.0233515
0.972233
0.379471
-0.0850484
-0.0668488
-0.516154
0.504355
0.760531
-0.740521
-0.0871511
0.252539
-0.77916
-0.362658
-0.619912
0.00189176
1.04709
-0.856516
0.356318
-0.891604
0.478193
-0.251928
0.4708
-0.552818
-0.0189959
-0.432374
0.172096
-0.645682
-0.0536648
-0.580896
0.0760687
-1.06001
-0.735073
-0.601051
0.515225
1.14199
1.34895
0.466723
0.484247
1.21191
-0.860151
-0.463892
0.62871
-0.860566
0.489282
0.662022
-0.418241
0.397922
-0.274905
-0.224976
0.0540654
0.336327
-1.36163
1.0988
-1.08618
-0.620675
0.540514
-0.263101
-0.198847
0.482841
0.159565
-0.204091
-0.833984
-0.539311
0.444877
0.144427
-0.326435
0.118575
-0.843302
-0.676916
0.00211929
0.039296
0.209138
1.41036
-0.849234
0.728337
0.175974
-0.0308071
-0.578709
0.411782
-0.942588
0.829085
-0.686149
0.730307
-0.71084
-0.482997
0.156703
0.912328
-1.41157
-0.225386
-0.357307
-0.133956
0.00693528
-0.814146
-0.311953
0.052113
-0.664394
0.571995
-0.00339181
-1.22197
0.40771
-0.496508
-0.383422
-0.477064
0.328736
-0.464082
0.632344
0.540449
-0.268246
-0.408665
-0.053285
-0.360268
0.0432022
-0.90707
0.853728
1.14547
-0.978301
-0.33499
-0.562165
0.389044
0.41007
-0.449838
-0.239302
-0.51473
-1.25754
0.804313
-0.691213
-0.297337
-0.511638
1.34261
0.000669889
-0.762067
0.449753
0.248284
-0.265977
-0.20859
-0.44721
-0.130525
1.28596
-0.158118
0.935443
2.42627
0.470722
0.245848
0.224452
1.40593
-1.29973
0.014038
0.626921
-0.473143
-0.340114
-0.208101
0.0354677
-0.874459
-0.458905
-0.18469
-1.98387
-0.841976
0.706346
-0.301118
0.220929
-0.483313
0.837825
1.22106
-1.0189
-0.50502
-0.323458
0.0836649
1.00159
0.430903
0.528306
0.192239
-0.419224
0.227297
-0.413384
0.573697
-0.0727513
-0.375262
0.772203
-1.31549
0.233039
-0.348094
0.252335
-0.261895
-0.688903
-0.948286
0.154154
0.120193
0.30579
0.363457
-0.324003
0.5085
0.367774
0.178887
-0.155397
0.507362
-0.621123
-1.19639
-0.0587203
0.7436
-0.722
-0.244427
0.505028
-0.449258
0.828434
-0.452445
0.00514178
-0.0638456
-0.192589
-0.482121
-0.866082
0.828372
0.528509
-0.750078
-0.111644
-0.250747
0.0160177
0.764327
0.297422
-0.90046
0.442871
0.0233294
0.506078
-0.639023
0.120331
-0.431504
-0.435904
0.528909
0.738383
-0.619892
0.255015
0.913365
-1.32433
0.21327
0.406555
-1.4211
0.248743
0.142471
0.806903
0.0185334
-1.0468
-0.8354
0.667236
0.172678
0.064758
-0.627933
-0.282454
0.132991
-0.556506
0.824042
-0.0217663
-0.278732
-0.497125
-0.570729
-0.177952
0.439296
0.354276
0.443436
-0.690319
-0.821
-0.950846
-0.398168
0.483511
-0.836978
1.05417
0.241042
0.992313
-0.338475
-0.0567551
-1.37771
-1.10929
-0.824964
-0.211318
-0.356795
-0.968681
0.241738
-0.267902
0.0411365
0.351947
1.16477
0.145231
-0.153577
-0.281397
-0.965362
-0.571344
0.156183
1.55238
0.170938
-1.04274
0.587468
0.219796
0.457698
-0.0527475
-0.45561
0.816286
0.64037
0.1557
0.314664
-0.929507
-0.369906
-0.137194
-0.238293
-0.461218
-0.551683
-0.771086
-0.303288
0.000677386
0.527475
-0.930298
-0.0636942
1.49361
-0.214325
-0.752162
0.107921
-0.825731
0.20397
-0.774583
0.113464
-0.108046
1.20689
-0.696856
0.01933
0.0893025
0.37152
0.608172
0.493521
-0.58621
1.43725
-0.884081
0.385192
-0.232743
-0.0861395
0.304881
-0.507454
0.125971
0.041745
-0.360637
0.0465241
1.06
-1.07028
-0.0239219
0.731439
-1.04716
-0.750162
0.17636
-0.627375
0.560008
-1.19523
-0.565237
0.108737
-0.626117
0.656773
0.941642
-0.0236882
-0.370348
-0.74582
0.126863
-0.254656
0.0560407
-0.225955
0.379799
-0.662739
0.157433
-0.882444
-0.395821
-1.33852
-0.472955
-1.89257
0.414317
0.612685
-0.714768
0.288666
0.49755
0.599826
-0.465324
-0.377114
0.527819
0.0826286
1.81121
0.0260618
-0.0558884
-0.719381
-1.35187
0.283413
-0.632668
-0.0913326
-0.0674837
-0.53081
-0.269818
0.0544713
0.0111231
0.785283
-0.0759643
-0.886702
-0.112603
0.783525
-0.163928
1.05051
0.640221
-0.604725
-0.677494
-0.0659429
0.944119
0.0912102
-0.660626
-0.122802
-0.112446
-0.641209
0.423235
0.486817
0.793473
1.10005
-0.102353
0.557727
-0.39639
-1.34651
0.573931
-0.195518
0.608076
0.31868
-0.737853
-0.00149564
0.0564403
1.00262
0.801437
0.106837
-1.09959
-0.9965
0.0362635
0.561389
-1.36589
0.41928
-0.873658
-0.524422
-1.50863
-0.387383
0.126047
0.300709
0.579581
-0.65911
-1.69624
0.231165
-1.30959
-0.37768
0.0641122
-0.224775
0.772352
-0.278106
-0.10595
-0.159782
1.07725
0.794098
0.489722
0.879269
0.0477033
-0.491621
-1.48472
0.393855
0.269985
1.2387
-0.045749
0.0357375
0.155694
-0.236069
-0.292416
-0.725462
0.348774
-2.20179
0.524151
-1.03161
0.0420906
1.2185
0.535407
-1.10646
-1.73
-1.3979
0.891902
0.139626
-0.798543
0.457381
0.374179
1.05103
0.126503
0.231791
-0.87125
-0.445133
1.18521
-0.827938
0.325001
-0.548934
0.163841
0.899284
0.16758
-0.415267
0.507993
-0.044907
0.610642
-0.695619
-0.442818
-0.214689
-0.180308
0.238116
-0.566863
-0.429786
0.19498
-1.40603
0.37744
-0.0813185
0.5921
-0.0165891
0.266863
-0.0450993
-0.802063
-0.261537
-0.0853545
1.00327
0.478868
0.00858891
0.114225
0.344606
0.352105
-0.808257
0.222584
0.534805
0.856097
-0.732235
0.757004
-1.45839
-0.766514
-0.336374
0.511202
-0.195229
-1.71676
-0.464242
1.02169
-0.597119
-1.51584
0.19888
0.732881
-0.583542
-0.522339
-0.52277
0.219659
-0.524733
-0.463261
-0.777995
-0.229265
-0.977854
-0.51702
0.0797279
0.209466
-0.307446
0.142288
-0.159173
-1.37899
-0.0641667
0.516583
0.699108
-0.409143
0.775063
-0.431555
1.25853
0.0756305
0.82475
-0.594345
-0.291251
-0.0323369
0.515912
-0.0230054
-1.23326
-0.866324
0.997345
-1.2365
-0.729663
-0.363668
-1.63145
0.566277
0.16635
0.234375
0.271368
0.0640385
0.312802
-0.434293
-0.39846
0.188767
-0.244046
-0.547507
-1.08556
-0.814817
-0.566864
-0.783674
0.0401956
-1.02156
0.664745
-0.290344
-1.55076
-0.328369
0.22213
-0.0656919
0.141208
0.0926802
1.50746
-0.436384
0.766067
0.623151
-0.564754
0.237003
0.511415
-0.508016
0.147163
-0.637977
0.39673
0.328793
-0.270456
0.000344913
0.75046
-0.39014
-0.361371
-0.185812
0.932248
1.4458
0.143731
0.823773
-1.24366
0.716886
0.0417438
-0.428879
-1.13746
0.14959
-0.120364
0.77593
-0.317822
0.345258
-1.12433
-0.841298
0.781497
0.0773758
0.599065
-0.351627
0.485806
0.450995
0.00909869
-0.435047
-0.00564804
0.716626
0.0605899
-0.756991
0.080271
0.686678
0.0437411
-0.585182
-0.874266
-0.382598
-0.0540776
0.898337
-0.043937
0.98497
-1.32825
-0.270553
0.0396056
-0.542054
1.10105
1.08409
-0.198422
-0.193803
1.14556
0.462109
-0.452215
0.205873
1.33536
1.14108
-0.139382
1.08885
-1.50818
0.337504
0.241307
0.993695
0.259574
1.05322
0.146088
-0.229581
1.09218
0.174493
-0.284712
-1.49358
-0.0480685
1.21891
0.922373
0.591661
-2.45928
0.402726
0.474095
-1.32006
-0.597324
-0.132738
0.0313637
-0.300869
0.220693
-0.827892
0.776306
-1.17458
-0.620564
0.79358
0.3143
-0.749455
0.17498
-0.098661
0.336373
0.140601
0.857358
0.277609
0.572209
-0.636758
1.30726
0.328258
-0.0380687
-0.0362396
0.466601
-0.211156
0.492623
0.727126
0.552663
-0.0467584
0.0901047
0.880599
0.331999
0.407837
-0.281728
-0.617066
1.28874
-0.823733
0.855509
0.99703
0.543529
-0.0880178
0.20298
-0.333452
-0.812631
0.0533412
0.938368
0.00654731
-0.508544
0.332388
0.436607
-0.312185
0.80037
-0.40767
-0.387805
0.996807
0.579061
-0.765458
1.10789
-1.30006
-0.000717093
0.501788
-0.425012
1.66491
1.12311
0.65652
0.437965
-0.339428
1.68609
0.0564825
-0.0677156
-0.300042
1.17336
-0.448714
0.748675
0.422089
-0.621096
-1.20597
0.23571
0.541704
-0.424817
-1.16577
-1.07851
0.3838
0.28391
-0.0966808
-0.205979
0.487538
-0.354967
-1.64525
-0.938044
-0.305876
-0.833133
0.0161025
-0.360722
-0.527156
-0.064535
-1.1827
0.336791
0.703601
-1.10612
-0.594624
-0.0957854
0.68935
-1.64045
0.146515
-0.262859
0.775348
0.380352
-0.0162135
-0.29213
0.338927
-0.26526
-0.628149
-1.28975
-0.236273
-1.61304
0.573246
1.12934
-1.39144
-0.685622
-1.50707
1.06423
-0.252776
-1.02278
-0.455715
1.13541
0.14382
0.363788
0.131787
-0.774629
0.499878
0.43926
-0.664028
-0.321237
-0.526637
-1.37877
-0.679622
-0.29338
-0.0687123
-0.497066
-0.771572
-0.33757
-0.477629
0.468561
-0.496292
1.07606
-0.530048
-0.0937994
0.194766
-0.614163
0.512554
0.635485
-1.20645
-0.78722
0.172558
-0.547254
0.179158
-0.677029
0.836051
-1.26708
-0.00713417
-0.541929
1.41719
0.907848
0.704542
-0.832143
-0.098884
-0.185473
0.176603
0.0497952
-0.342553
-0.523901
1.10158
-0.376003
-0.807786
0.0513941
0.446763
0.347963
-0.283144
0.382749
0.043829
0.895176
-1.01056
0.619928
-0.215668
-0.465807
-0.39529
0.177751
-0.515169
0.385783
0.470647
1.38183
-1.64667
-0.539626
-0.701311
0.781632
-0.46583
1.31205
0.0172894
-0.159383
0.57901
-0.491817
0.191235
-1.0826
0.588733
-0.0390232
-1.12327
-0.305877
-0.000453538
0.638338
-0.878652
-0.0223042
-0.126565
1.22186
0.419467
-0.499449
1.31603
0.466407
-0.334192
-0.550377
0.420931
0.0220313
0.163624
-1.16014
-1.57722
-0.738749
0.153262
0.0662907
0.802024
-0.161292
0.483678
-0.980705
-0.332207
0.223163
0.646811
-0.799152
0.581781
0.447649
-0.190853
-0.100093
-0.102883
-0.0620021
-0.231595
-0.214125
-0.184096
-0.328208
-0.266979
0.021781
0.0308702
0.636993
0.159937
-0.405656
-1.0148
0.563433
-0.446743
-0.98406
-0.967984
-1.04663
-0.874863
0.22763
-0.159966
1.32802
0.32038
0.504469
-0.398675
-0.23754
0.713047
0.897453
-0.522235
0.184366
-0.950408
0.990727
-0.835487
0.130607
0.421366
-0.604525
-0.150699
0.284398
-0.632132
-0.536764
-0.239243
-0.888375
-0.923447
-1.34992
-0.710867
-0.110232
-1.03884
-0.41056
0.817564
-0.737039
-0.93283
0.289247
-0.86685
0.365821
0.736196
0.225266
0.216129
0.239058
-0.167882
0.372448
-0.0278867
-0.521229
-0.156876
0.0334611
-0.740805
1.84324
-1.10046
0.356237
-0.00238625
-0.125292
-0.35622
0.169288
1.55086
-0.499562
-0.262604
0.464705
-0.0592815
0.0286463
0.130581
-0.520158
0.719778
-0.0905392
-0.278447
-0.862861
-0.163281
0.515536
-1.0308
-0.0107825
-1.71307
0.593956
-0.426531
-0.397173
-0.684227
0.0152437
-0.042639
-0.390252
-1.15376
0.0177446
-0.923799
0.942199
-0.720943
0.348657
0.191214
1.04357
-0.2601
-0.964756
0.13108
0.0849687
0.38853
-0.494057
-1.01494
-0.105962
-0.360058
0.00992739
-0.16743
0.357502
0.120791
-0.462738
-0.0860686
2.03356
-1.32978
-0.987151
0.148439
-0.841611
-0.684493
-1.75214
0.246232
0.971833
-0.740026
-0.258315
1.02151
-1.12937
-1.02901
0.347547
-0.446583
0.219005
-0.145432
-0.545048
0.143733
-1.04
-0.814027
0.511472
-1.52322
0.890595
0.107738
0.118833
0.749253
0.565977
-0.60463
-0.183789
0.0820248
0.79207
0.206506
-0.322191
-0.732697
-0.335805
0.155696
-0.177374
0.23123
0.776321
-0.116771
-0.455888
-0.131085
0.896387
-0.383319
0.298987
0.639269
-0.318527
-0.382873
0.2552
-1.18815
0.0133139
-0.881486
0.244091
0.474763
0.506786
-0.179461
0.512041
0.34951
-0.119727
0.44412
0.444293
0.593401
0.400404
-0.155055
0.107591
0.390744
0.397174
-0.349549
-0.0388158
-1.0067
-0.887133
0.0600654
-0.377185
-0.0467765
0.850773
-0.0266039
0.137389
0.555542
-0.196151
1.35169
0.0384467
0.0484594
-0.0383105
1.21305
0.238731
0.516829
-0.32902
1.12656
0.556396
-0.395758
-0.59247
0.234324
0.159571
-0.571199
0.253633
0.93153
0.350247
-0.109072
0.505084
-0.273765
-0.737294
0.00406619
0.398088
0.35397
-0.184977
0.316279
-0.565529
-0.58784
1.02359
0.14277
0.390752
-0.51044
-0.200156
-1.18553
0.3542
1.29777
-0.534457
0.989812
-0.503065
-0.00253327
-0.109712
0.579539
-0.150492
0.294325
0.474798
0.657003
-1.1882
0.954539
0.621201
-1.12982
0.263072
0.324588
-0.593702
0.51786
-0.375359
-2.13571
0.233713
1.09931
0.295865
-0.570327
-0.208172
0.171222
0.0794222
-0.478233
-0.457024
0.0788158
0.672639
-0.451658
-0.036038
-0.543913
0.0935989
0.512273
0.639897
-0.159522
-0.91535
0.394305
-0.20549
-0.598323
1.41167
0.954445
-0.536023
0.660321
0.866653
0.878918
0.163
0.181456
-0.347513
0.256719
0.321727
0.347184
-0.251476
0.26752
-0.125481
-0.342261
1.93091
1.00373
-0.0703352
0.477584
-0.317823
0.32821
-0.625282
-0.12659
1.36135
-0.954543
-0.395756
1.47314
0.551987
0.939266
-0.176115
-0.890706
-1.13543
-0.0217658
-0.745346
0.279882
0.88328
-0.142759
-1.56258
0.257054
-0.38238
0.629879
0.928203
0.924861
0.176916
0.315284
-0.532911
0.659398
0.215882
-0.684721
0.426134
-0.332332
0.149029
0.0563457
-0.354462
0.561147
-0.680436
-1.01795
0.151925
-0.178304
-0.602467
0.353224
-0.452043
-0.941451
0.127819
0.523621
-0.680188
-0.331722
0.305889
1.0417
-0.751611
0.503509
1.08778
-1.11352
0.313977
0.526403
-0.378057
0.819828
-1.1254
-0.545901
0.935167
0.66989
-0.0255975
0.002828
-0.597556
-1.50508
-1.23407
-0.231579
-0.0515374
1.17892
0.275126
0.144973
0.534526
0.754995
0.083122
0.124847
0.655926
-0.155252
0.329402
-0.506689
0.649484
-0.542761
0.095691
-0.525984
0.0122685
-1.15127
-0.472299
0.863329
0.306557
1.08632
1.4466
-1.17622
-0.431408
0.375235
0.121969
0.253825
0.23399
0.156599
-0.0344616
0.397757
0.739595
1.65484
0.306686
-0.45936
0.564367
0.2837
-0.286823
0.492222
0.266897
-0.685995
1.20077
-0.23694
-0.239744
0.0320637
0.36836
0.936583
0.380234
0.07033
-0.39772
0.104109
-0.147041
-0.749245
-0.377933
-1.44376
-0.0794776
0.123513
0.406922
-0.862627
-0.596633
0.301133
0.787789
0.531955
-1.42734
0.032556
-0.468029
-0.189952
-0.383836
-0.740297
-0.214947
-0.827098
1.03688
0.731929
1.24612
1.07019
-1.30924
0.595772
-0.361475
-0.129855
-0.110951
-0.585568
0.0935803
0.12153
0.0233766
0.146622
-0.160257
-1.14664
-0.680426
-1.16376
-0.0806078
-1.84827
0.357049
-0.676739
1.31897
0.173102
-0.219827
1.3752
-0.700488
1.55262
-0.68321
-1.42941
0.761845
-0.0588854
-1.19444
-0.75186
-0.74577
0.91697
1.06636
-0.0332694
-0.444349
-0.805767
0.893959
-0.898867
1.21708
0.599041
0.413855
0.163373
-1.06899
1.1993
-0.695145
-1.26525
0.745096
0.190863
0.159294
-0.220208
1.32087
-0.950435
-0.561648
1.15052
0.406443
-0.408569
-0.0145505
-0.438338
-0.0923218
0.467381
-1.18376
-0.0145686
-0.103308
-0.699239
1.23084
0.787702
0.33014
0.854365
-0.703782
1.32926
0.400015
-1.02505
-0.684104
1.78592
-0.428384
-0.950106
-0.765845
-0.771739
0.400082
0.164178
0.314755
0.601917
0.149172
-0.927048
0.262701
0.0374201
-1.11333
0.325974
-0.750222
0.215726
0.537269
1.32093
0.151065
-1.73348
-0.785467
1.1869
-0.235773
-0.587881
-1.65823
-0.601312
-0.320428
-0.130769
0.0594405
-0.124691
-0.63999
0.724769
-0.649657
0.343975
-0.47662
1.15645
0.781763
0.359308
0.220701
0.535427
-0.216397
0.697517
-0.121903
-0.944447
0.381383
0.0832591
-1.19585
0.832063
-0.76237
-1.09521
0.395296
-0.689876
0.120125
-0.0755653
0.453677
-0.39665
-0.271932
-0.774625
0.0924151
-0.240047
-1.41441
-0.0187352
1.31021
0.233245
-1.53261
0.105527
1.45425
0.106422
-0.033279
0.10309
1.21455
-0.0450272
0.885593
0.258443
-0.106977
0.473011
-1.35473
0.446738
-0.233412
0.255104
0.307591
-0.652902
0.132159
0.429444
0.919925
0.358431
0.4813
-0.822434
0.116408
-0.609785
0.806528
1.64177
-0.104707
-0.867696
0.0514753
-0.0994148
0.546826
-0.995504
0.123601
0.159011
-1.22293
-0.508279
0.925187
0.262811
-0.829066
-0.823162
0.322143
0.292287
0.10943
0.168049
-1.10391
-0.284529
0.246586
0.447204
0.885407
1.10591
0.778744
-0.350771
-1.40949
-0.460195
-0.234155
-0.372981
0.685141
-0.267373
0.36554
0.376491
0.227174
0.78521
0.714649
-0.164879
-1.04199
-0.105042
0.515696
0.993109
1.44304
-0.0351758
1.05659
-0.719026
-0.502072
0.772975
-0.294031
0.989123
0.689965
0.644853
-0.651822
0.508569
0.42062
-0.308551
0.132461
0.115889
0.706682
-0.394148
-0.353296
-0.340499
0.325779
-0.949043
0.721209
0.312589
1.23236
0.406464
0.637342
0.483421
0.0416674
0.923744
0.685211
0.424454
-0.180412
-0.461701
0.127808
0.0401491
0.553745
1.07672
-1.09925
-0.645093
-0.469185
-0.244792
-1.24576
-0.956419
-2.24781
-0.713954
1.23429
0.0299471
-0.692432
-0.879221
0.102515
1.00563
0.71874
0.971554
0.910851
-0.359874
-0.611301
-0.621377
0.131948
-0.994078
-1.53735
1.17923
-0.997641
1.20283
0.321314
-0.0807368
-0.136183
-1.03964
-0.803787
0.50923
0.776572
0.0435982
-1.14734
-0.0831904
-0.220555
0.1151
-1.06132
-0.380756
-0.030009
-0.417805
0.896345
-0.410065
0.280315
-0.602207
0.0136444
1.1749
-1.37832
1.07232
0.447734
-0.39676
0.440357
-0.412362
-0.770972
0.279578
0.783479
0.347647
-0.304015
-0.294344
-1.22858
0.00541818
-0.54174
0.227847
0.52845
0.195423
-1.32061
-0.330157
0.281917
0.966356
-0.654601
-0.302918
0.288962
1.87899
-0.107922
-0.808383
-0.228034
0.023735
0.424848
-0.498801
-0.703486
-0.0978309
-0.158608
-0.123855
-1.24136
0.279222
-1.15706
-0.632927
0.591319
-0.775447
-0.39682
1.04494
-0.802496
-1.12821
0.385462
0.934441
0.402643
-0.928301
-0.202737
0.600974
0.515237
0.642088
-1.40705
-0.208501
0.106269
-0.341739
-0.717659
1.2001
0.0893631
-0.835904
0.571779
-0.0218867
-0.420228
-0.0560962
1.66999
0.160034
0.134203
-0.141048
0.577022
-0.244919
-0.926808
0.953593
0.397762
0.36701
-0.846356
0.0249344
0.56942
-0.643866
0.1955
-0.621749
-0.563578
-0.673782
1.06006
0.525298
0.948018
-0.173445
0.222013
0.028111
-1.25632
1.69297
0.915831
0.56347
-0.177518
-0.227096
-1.13384
-0.116111
-0.0851709
-0.50183
1.1006
-1.2469
0.421171
0.807879
0.789188
-0.0971653
-0.0322075
0.453111
-0.62523
0.289074
-0.876805
0.49211
-0.207263
1.7901
-0.175888
-0.632646
0.278674
0.902998
0.066113
-0.618312
-0.334728
0.215808
-0.662625
-0.425223
-0.833582
0.352803
-0.835654
-0.646933
-0.981888
0.155126
0.776957
-0.131705
0.264156
0.360011
0.273227
0.843515
0.360294
0.603985
-0.0947466
-0.498363
0.391871
0.963271
0.501097
-1.03907
-0.468706
0.531088
-1.8959
-0.388166
0.150122
0.669168
0.352914
0.0659879
-0.489653
-0.783043
-0.443826
-0.395299
-0.118237
0.712759
0.126452
-0.0671194
-0.359047
0.113167
-0.443807
0.222352
-0.510805
-0.721848
0.399119
1.09477
0.95853
1.51665
-0.202548
-0.682701
0.106879
-0.268341
-0.225891
-0.356986
0.334959
0.179649
0.112364
-0.279184
-0.386605
-0.270067
-0.129728
1.73225
-0.173971
0.441539
0.930059
-0.11705
0.476246
0.457139
0.626024
-0.836003
1.44461
0.368034
0.804645
-0.848481
0.316677
-1.07653
0.304553
0.131353
0.469629
0.192647
-0.22815
-0.498933
-0.216588
-0.195851
0.699264
0.375743
0.998979
0.189215
-0.0941947
-0.0149968
0.588301
-0.194933
-0.173349
1.178
-0.00950929
-0.456096
0.632076
0.210094
0.0924678
-0.100557
-0.310173
-0.972862
-0.176112
0.340136
0.388941
0.659543
-0.637761
-0.0542371
0.551733
0.946754
-0.262947
0.0859744
-0.511282
0.0541874
0.408479
0.238027
-0.125266
0.482696
-0.0153181
-0.57494
-0.0264615
-0.493995
-0.31802
1.56656
-0.0521385
0.109637
-0.0471767
-0.184357
-0.270688
-0.72963
-0.0111442
0.592446
0.524948
0.673034
-0.254344
-0.269171
-0.0429038
-0.67338
1.26458
-0.357908
-1.4095
-0.0801652
0.593327
-0.451147
-1.6865
-0.0746657
0.673009
-0.431358
0.0739869
0.255681
-0.512101
-0.556305
-0.402486
-0.267261
0.848818
0.923362
0.00624668
-0.302932
0.973321
0.256015
-0.041046
-0.0991581
0.173983
0.187518
-0.638892
0.402337
0.113594
0.610756
-0.323304
0.0365986
1.43282
-0.432777
0.415565
0.246246
-0.758438
0.0396246
-0.387313
-0.495315
0.507725
0.234132
0.399284
-0.166039
0.440207
-0.144594
-0.419984
0.557676
-0.120572
0.752468
-0.64919
-0.00980029
0.0812032
-0.464506
-0.242264
0.273688
0.252313
-0.361621
0.147034
-0.573836
-0.678106
0.11394
-0.00143939
-0.176551
-0.669798
1.19876
1.36859
-0.236313
0.31645
-0.896737
-0.431129
1.02181
-0.239682
-0.746723
0.819532
0.647975
-0.161462
0.746817
0.817544
1.54188
-0.805849
0.544475
-0.480157
-0.0931143
0.928735
1.23448
-0.457442
0.617626
-1.50331
0.213701
1.17153
-0.00184868
-0.0050823
-0.832189
-1.53104
0.513592
0.403711
-1.48125
-0.0893093
0.0176535
0.157241
-0.691804
1.42228
-0.608995
0.226023
0.106467
0.236523
-0.247891
-0.0767412
0.398151
-0.00793021
0.538892
-0.612254
-0.0758919
-0.38744
-0.254991
1.11992
0.543036
0.568224
-1.03775
-0.91612
0.256711
-1.15005
-0.0920589
-0.17733
-0.216135
-1.01865
0.320841
-0.18925
-0.344689
0.543199
0.00776102
0.634524
0.778821
-0.663109
0.271968
0.780905
1.0432
-0.637485
-0.76496
0.092047
-0.306427
-0.730657
0.849266
0.180868
0.770011
-1.44041
-0.307553
-0.511815
-0.325935
-1.17598
0.811081
0.0757664
0.294615
-0.182954
-0.118985
1.03827
-0.173983
0.0465754
-0.642173
0.674947
-0.87396
-0.557673
-0.769341
0.942737
0.0654445
-0.161354
-0.671518
0.174474
0.24618
1.28245
-0.164728
0.702641
-1.0111
-0.833788
-0.812802
-1.53104
-1.09237
0.581548
0.267554
0.221793
0.734614
0.680689
-0.291338
0.507221
0.571138
-0.460826
-1.04851
-0.285459
0.779912
0.0460885
1.23515
-0.26329
-0.465531
-0.281245
0.806076
0.0597336
-0.50233
0.549869
1.31786
-0.418386
0.542651
0.370212
0.438706
0.656074
-1.13534
0.0260874
0.58166
-0.0261661
-1.37413
-0.0934568
0.0602447
-1.55911
0.569284
-0.263043
0.286632
1.09708
0.126503
0.53951
0.723317
0.176229
0.763849
0.628337
-0.0343857
-0.372645
0.936043
0.740623
-0.605732
0.362811
-0.190945
-0.2322
-0.389114
0.266994
0.660435
-0.00707116
-0.304361
0.193235
0.943318
0.409487
-0.733413
-0.989191
0.198058
0.742607
0.461408
0.148327
0.181135
-0.502088
-0.344486
0.672459
-0.349021
0.370824
-1.01487
-0.944169
0.014201
-0.349361
0.616738
0.92061
-0.653297
-0.463302
0.116399
0.0971536
-0.716714
-0.421053
-0.813463
-0.129072
0.356531
0.434725
0.30392
-0.552819
0.128594
0.507945
-0.563469
0.255261
1.64631
-0.4589
-0.162344
0.651913
-0.104148
0.139029
0.868557
0.474125
1.28048
0.7532
-0.153317
-0.671037
-0.510627
0.546339
0.144054
-0.771097
0.314057
-0.52267
-0.379628
0.302611
-0.182293
0.27351
-0.553162
1.23416
1.91608
0.0116056
-0.464443
0.70572
0.934614
-0.229231
-0.185385
0.642747
1.03741
-0.0459594
-0.986758
0.0059483
0.199652
-0.135301
0.104798
0.96712
1.07374
-0.788607
-0.804389
-1.08068
-0.380465
0.297248
0.457368
-0.269811
-0.514507
-0.0535576
0.616193
0.29626
0.477723
0.07002
0.286704
0.72034
-0.493453
0.41814
0.793909
0.443343
-0.953164
-0.925456
-0.204054
-0.942116
-0.116547
-0.920792
-1.22197
-0.5012
0.143492
0.250591
-0.296174
0.777569
-0.118828
-0.549735
-0.498447
-0.278712
-0.656332
1.80298
1.12345
-0.710557
0.858579
0.615123
0.621535
-0.447776
-1.07441
-0.383716
1.54727
0.420373
0.292749
0.0286998
0.121754
0.309756
0.634373
1.80851
-0.344771
-0.108012
1.60435
0.284019
-0.0235716
-0.0676595
0.0956575
-0.171497
-0.360335
0.108488
0.885691
0.507454
0.420742
1.07242
-1.22807
-0.214368
1.02203
-0.76713
0.342414
-1.27587
0.548523
1.7965
0.472814
-0.38587
-0.609734
0.659409
-0.617196
1.10659
-0.682206
-0.646825
-0.668183
0.0457516
0.16036
0.0135943
-0.276556
-0.328298
0.193487
0.0291141
-0.364071
-0.188299
-0.981087
0.587554
-0.820116
-0.0322581
0.67352
-0.108638
0.19604
0.533162
-0.34542
0.786259
-0.620943
-0.0279777
-0.0219456
0.653117
-0.5719
-0.393262
-0.295551
0.572458
-0.435156
-0.380984
0.609064
-0.432995
1.06066
-0.878406
0.326223
0.849496
1.16983
-0.333001
0.581271
0.419067
0.341924
0.938952
-1.28675
0.493967
0.510094
-0.0976857
-0.616689
1.15802
0.108783
-0.0600699
0.925824
-0.74701
1.26595
-0.80033
-0.208538
0.0365774
0.60489
1.01134
0.66701
-0.359896
-0.370632
-0.559169
-0.0833712
-1.2345
-0.0753085
0.0893517
-0.701511
0.522992
-0.567226
-0.0914186
-0.577986
-0.0967921
-0.317893
-0.57924
0.749217
0.248591
0.155617
-0.568162
0.393481
0.54996
0.643403
0.910403
0.729943
0.0353451
-0.0807634
-0.108747
0.176861
-0.0952624
-0.190418
1.84032
-0.465169
-0.193798
-0.615394
0.370528
-1.47296
0.238131
-0.100304
0.505242
0.0824154
0.876687
-0.218216
0.138717
-0.0640891
0.365648
0.114104
-0.294235
0.532329
0.217078
0.524912
0.0685035
-0.0839893
-0.0602183
1.43963
0.718268
-0.0416856
-0.191188
-1.19777
1.59515
-0.219239
0.723788
-0.686648
0.818498
-1.15987
-0.0469193
-1.1374
-0.451198
-0.17345
1.02511
0.0668343
0.266892
0.601203
0.898506
0.31925
0.720932
0.933158
0.197898
-0.429416
-0.75124
-0.766643
1.05951
-0.297618
-1.47124
-0.366808
-0.353428
-0.435837
-0.607087
0.315869
-0.988011
-0.536537
0.534257
-0.376285
-1.56167
-0.714481
-0.105033
-0.413221
-0.0607192
1.20696
-0.120019
0.067124
0.788633
-0.451711
-0.686014
-0.128648
0.401606
-0.996582
-0.424386
-0.802256
0.246794
0.691361
0.446311
0.704978
-0.739352
0.586187
0.115228
-0.36797
0.591924
-0.246343
0.398674
0.508931
0.275835
0.108123
0.232574
-0.704151
-0.525511
0.235138
0.373234
0.622916
-0.256318
-0.158998
-1.54228
-0.0404725
-0.559666
-1.27842
0.123612
0.105277
0.576375
0.288743
1.76248
-0.0263832
0.236099
-0.363144
0.139871
0.676147
0.552491
0.238434
0.104114
1.15152
-0.471826
-0.928898
-0.560768
-0.378269
1.14451
-0.904875
-0.387565
-0.242904
0.271449
0.640032
-0.780536
-0.325163
-0.181359
-0.743498
0.635804
-0.652186
1.05482
-0.248905
-0.00360896
0.53314
0.0861244
-0.712883
0.45005
1.02437
0.129093
-0.705078
0.475089
-0.534054
0.371245
-0.128633
-0.0115705
0.607679
-0.108116
1.48837
-0.161819
1.42551
-0.0500588
0.526882
0.89148
0.463199
0.216112
1.27599
-2.21944
1.36802
-1.68991
0.237106
-0.468431
0.572378
-0.141505
0.25346
0.386982
0.120864
-0.178168
-0.133357
-0.889086
-0.492509
-0.691311
0.545799
-0.335564
0.287301
0.713661
0.852155
-0.239706
0.363008
0.105665
-0.10412
0.0820537
0.746824
0.436248
1.23135
0.758166
1.28326
0.253782
-0.27294
-0.66678
0.443941
-0.390482
-1.15035
-0.169152
-0.608888
0.162791
0.323089
-0.119064
1.7452
0.876323
-0.406743
-0.239094
-1.88339
0.23203
-0.457915
0.338225
-0.00502492
0.654505
-0.56837
0.546894
0.727974
0.930744
-0.68611
-0.374554
0.88925
-0.579946
-1.21304
0.476823
-1.1626
-0.494968
0.713807
0.86473
0.148356
-1.32618
1.4839
-0.361698
-0.917769
-1.13755
-0.134075
-1.34688
-0.643832
0.541225
1.16721
0.149567
0.169005
-0.243914
0.0140317
-0.668613
0.625345
1.01805
-0.653569
-1.37667
-0.930819
-0.155055
-0.63656
0.0964973
-0.00699214
-0.799379
-1.42822
-0.400551
-1.09211
0.524831
0.19787
1.22861
0.33642
-0.144659
0.248289
-0.317675
0.196678
0.633227
0.79744
-0.0203751
1.31214
-0.774188
0.340536
0.361787
1.05894
0.495804
-1.12774
0.89142
-0.383545
1.32188
0.115523
-1.34519
-0.954255
-0.213778
0.293214
-0.85836
-1.21353
0.0490441
-0.868536
-0.288416
