-0.225798
-0.265817
-1.06811
-0.492345
-1.17853
0.803002
-0.219852
-0.096591
0.126662
1.11926
0.433722
0.754612
-0.788339
0.174984
-0.626386
-0.479668
-1.78804
-0.254535
-0.564974
-1.92596
1.1712
-0.994958
0.770883
-0.0169528
0.293159
-0.775113
-0.229856
-0.149424
-0.959172
-0.0735366
-0.810555
-0.116037
0.737246
0.709772
0.187375
-0.555453
0.826791
1.40456
-0.219115
-0.274677
-1.26672
-0.364458
0.264786
-0.453632
0.286963
0.608948
0.815181
-0.234061
0.81465
0.0159144
0.452203
-0.412432
0.984563
1.62232
-0.591866
-1.24802
-0.658881
0.0691401
0.388701
0.14766
0.136688
0.101693
-0.917554
0.269404
-0.317104
-0.990547
-0.022254
-0.146229
0.41469
-0.461653
0.0551915
0.346179
-0.000858498
0.63318
-0.00429098
0.209513
-0.515987
0.159507
-0.460218
-0.187889
0.854671
-0.900614
-0.316417
0.139064
0.600082
0.289169
0.165157
0.474481
-0.637012
0.319957
-0.856948
0.638246
0.22445
0.552508
0.485951
1.07788
0.288609
-0.58852
-0.793665
-0.488168
0.566735
-0.211127
-0.181776
1.1037
0.288854
0.270009
0.386702
-0.514764
0.747583
0.803858
-0.212488
0.351642
1.19816
-0.100618
0.388728
-1.05058
-1.62235
-0.257965
0.395922
-0.325044
0.156342
0.0745755
-0.326479
-0.505482
-0.351964
-0.640772
0.292246
-0.0729245
-0.464133
0.447829
0.624554
-0.210239
0.134366
0.553549
0.36286
0.230716
-0.356539
-0.9352
1.03182
0.543501
-0.0629701
1.34871
-1.35571
-0.760564
-0.00125634
-0.209907
-0.635293
0.688864
-0.925105
0.41269
0.654265
-0.405443
0.296365
0.923733
-1.14616
-0.92
-0.655557
-0.382674
0.421513
-0.0619877
-0.945184
-0.20954
0.462375
0.208632
-0.33834
-0.205521
-0.673083
1.34861
-0.425465
-0.110724
0.45252
-0.0938674
-0.763105
-0.677865
-0.262659
-0.667876
-0.867208
-0.229959
0.754752
0.104876
0.00348293
-0.31988
0.75307
-0.0807556
-0.229975
-0.132655
0.483067
-0.551982
0.56913
-0.734494
0.808942
0.847234
-0.301678
-0.347629
-1.71041
0.792715
-0.340328
0.873058
-0.161788
-0.807237
-0.174818
0.134381
-0.300124
-0.897242
0.29473
1.47559
-1.14533
-0.137469
0.722221
-1.1499
-0.670077
-1.31409
0.178854
-0.199803
0.00991463
0.262189
-1.25389
-0.480002
-1.32458
1.28183
-1.64451
0.809934
0.563387
-0.563069
0.996375
0.767722
-0.729454
-0.905
-0.909739
1.10974
-0.19251
0.577525
-2.02888
0.195681
-0.139003
0.0753614
0.224644
-0.805735
0.976553
0.58469
-0.206235
-0.594133
0.144243
-0.134019
-0.536511
-0.993311
-0.710328
-0.27761
-0.302533
-0.263957
0.705712
0.220255
0.223996
1.05184
-1.25318
0.0165211
0.0988434
-0.155472
-1.53838
0.0297061
0.0441619
0.487356
-0.747338
-0.629529
0.0936585
-0.36721
-0.526023
0.912547
0.985769
-0.500438
0.0178473
-0.48369
-0.262795
-0.672561
-1.49318
-0.0169143
-0.765773
-0.126729
-0.538298
0.622398
-1.26061
-0.716133
-0.66376
-0.865892
0.143546
0.634378
-1.08323
-0.98111
-0.529482
-0.19307
0.370063
0.882795
-0.800605
-0.785243
0.991207
0.86099
-0.0109449
-1.15201
-0.734138
-0.549017
-0.323536
-0.78946
-0.0521342
-0.302891
0.192782
0.00372766
-0.185812
0.481991
-0.428679
0.374547
-0.432108
0.506097
-1.04757
-0.517901
-1.49706
0.906448
0.595888
0.746015
-0.286982
-0.0623969
-0.796887
-0.37957
-0.115356
-0.410657
0.591257
0.620625
1.12708
0.40602
-0.618601
-0.015797
0.129314
0.582688
0.67369
0.163861
-0.309597
-0.949401
-0.621367
-0.120649
1.24759
0.401706
0.239786
0.809807
-0.00603584
0.517726
-1.65397
0.331272
0.894131
-0.660008
1.77526
-0.280735
0.125361
-0.441966
0.454563
0.609852
-0.4994
-0.260097
0.611353
-0.312922
1.00524
0.425757
1.11222
-0.7636
-0.998502
-0.519611
0.280407
0.43523
-0.728692
0.176107
-0.00320617
0.488873
0.79589
-0.300955
-0.657976
0.525908
-0.369589
0.307842
-0.268036
-0.389381
-0.569658
0.817371
1.26527
0.126451
-0.434958
-0.299766
0.684789
-0.462386
-1.33525
0.0921188
0.598176
0.349385
-0.230626
0.710392
-2.09505
0.65141
-0.529638
-1.26613
2.60171
0.446492
-0.042964
-0.131874
-0.802538
-0.385835
-0.25691
1.08252
0.84436
0.169092
-0.269595
0.291662
-0.817199
0.468606
-0.0589692
0.596634
1.01
0.781535
1.10365
-0.0960824
0.47357
-0.298696
0.130853
-0.8098
-0.0944384
-0.555522
1.42379
-0.0615682
0.230166
0.546569
0.297734
-0.406167
0.515182
1.08959
-0.872244
-0.192255
-0.531136
-0.623317
-1.51875
0.160462
0.172798
0.0780188
-0.449578
0.451174
-0.213155
-0.311691
-1.71403
0.947493
0.303284
0.398587
-1.31293
0.858253
0.161675
-1.03668
0.718618
-0.935258
-1.36143
-0.516567
0.0493603
1.37368
-0.324625
1.55467
1.00558
-1.00382
1.01652
-0.196111
0.294568
0.496666
-0.330666
-0.750297
-0.279225
0.0808874
-1.61416
-0.385624
-0.26706
1.107
-0.321163
0.685545
0.0768286
-0.540829
0.672775
-0.373741
-1.38503
-0.181014
-0.140803
0.661935
-0.210896
-0.255599
-0.276319
1.1667
0.162204
-0.231458
-0.373917
-0.67276
1.02666
-0.162226
-0.636146
0.327865
-0.135279
-0.548887
-0.10688
-0.608851
-0.0784126
-0.760944
0.059453
-0.179883
-0.384667
-0.918327
-0.442107
0.161538
0.00206854
0.54803
-0.482395
0.456768
0.578921
0.165284
0.128679
-0.768491
-0.643416
-0.677659
0.298071
0.223181
1.86323
0.156385
-0.0138178
0.799285
-0.373857
0.533145
0.97763
0.0566748
-0.791732
-0.512397
1.18267
-0.960887
1.39876
0.354222
-0.308376
0.0166225
-0.103079
-0.54378
-0.914965
-0.604334
-1.215
0.251614
-0.573651
-0.136227
-0.735882
0.343882
0.357842
0.395336
-1.7556
-2.13125
1.32128
-0.205638
-1.18658
0.638789
-0.723101
0.373382
0.304189
0.991962
0.514226
-0.529522
-0.880576
1.34194
-0.235428
-0.501574
0.167551
1.25049
0.0213613
0.555574
0.635587
-0.751609
-0.13478
0.302686
-0.384026
-0.284083
-0.580662
-0.672566
0.41302
0.566983
1.09677
1.34443
-0.562727
1.66635
-0.327181
-0.089799
0.507948
-0.451225
0.387375
-0.785
0.0847852
0.186894
0.713389
0.0390401
-0.503458
0.231888
-0.0363412
0.420001
-0.745225
1.75471
-1.1517
-0.111934
-0.905958
0.0621902
0.571683
0.27607
0.689799
0.545332
0.533201
-0.963179
-0.783314
-0.517604
-0.406105
0.501085
-0.189266
-0.349289
-0.294576
0.826828
-0.473614
0.493028
1.41736
-0.117327
-0.798342
0.500982
0.126234
-1.26451
-1.35992
1.62639
0.59311
-0.346178
-0.201136
0.996753
-0.481126
-0.556831
-0.0369667
0.825893
0.00300413
-0.514429
0.3574
0.202196
-0.0428221
0.934763
-1.0701
-0.0717141
0.104312
1.97687
0.948634
-1.19843
0.279465
0.012169
-1.48992
0.657065
0.809602
-0.486082
0.660104
0.630694
-0.246135
-0.518912
0.7372
-0.148261
-0.101726
1.13029
0.395555
0.867245
0.566063
0.78041
-0.69039
0.445213
0.38717
-0.899901
0.457825
-0.122222
0.0726944
-0.156374
-0.43094
0.0408671
0.77476
0.020635
0.194303
0.491325
0.219667
-0.380787
1.18563
-0.809478
0.596082
-0.881487
0.147584
-1.47731
-0.356411
-0.299516
0.919972
0.244351
0.930996
-0.139829
-0.521873
0.298263
1.26902
0.0802853
0.485559
-0.38858
0.223426
-0.0604899
-0.820249
-0.482583
-0.376067
0.471893
-0.724702
-0.852166
-1.49429
1.20823
-0.331452
-0.366871
0.267914
0.779063
0.530051
-0.732527
-0.155105
0.0601696
1.01393
-1.06126
0.149213
-0.760886
-0.459958
-0.807
-0.938887
0.353102
0.483368
-0.414687
0.402651
0.288985
0.93154
0.324265
1.03177
0.00833604
0.472276
0.660222
-0.0210943
-0.745048
0.706283
0.331461
-0.745882
0.246523
0.174631
-0.655136
-0.18993
-0.0934664
-0.753784
0.730249
1.72981
-0.707807
-0.157479
-0.146487
-1.11564
0.712289
0.174512
-0.019805
0.242285
0.267308
-0.327713
0.703459
0.521276
-0.204393
0.404792
-0.497634
0.562382
0.11891
0.608222
-0.21702
-0.409252
-0.162834
-0.587426
1.05657
1.35237
0.0276025
-0.427154
-0.473996
0.754655
-0.837097
0.660392
0.104109
0.530485
-0.654843
-0.713848
0.60693
0.00643554
-0.208999
0.202054
-0.591295
0.488173
1.04596
-0.509308
-0.0139088
-0.775529
-1.30562
0.410806
-0.0922631
-2.13893
-1.73978
0.405315
-0.534795
0.291496
-0.0214421
0.0201129
0.795137
0.673621
-1.44029
1.53899
1.07683
-1.01378
0.564448
-0.0431925
1.91258
-0.393642
0.39465
-0.0797453
-0.408157
-0.00321438
1.16984
-0.0262052
-1.23687
0.975645
-0.278334
-1.17158
0.800698
0.96089
0.681712
-1.04851
0.0687746
0.075097
0.0413714
0.395436
-1.30784
-0.55195
-1.19929
0.292035
0.373689
-0.380718
0.875087
-0.785144
-0.31332
-1.03908
0.51746
-1.6527
-0.248
-0.5744
0.741606
-0.442748
-0.289655
-0.588173
0.249332
0.917071
-0.632344
-0.833878
0.962018
1.11333
1.08039
0.554243
-0.542705
0.0569448
1.09931
-0.469805
-0.289526
-1.14106
-0.054477
0.416618
0.416249
0.00130038
1.15212
0.642187
-0.127048
-0.0978993
0.189031
0.735092
0.640045
-0.0861122
0.330325
-0.0449715
-0.968484
-0.571605
-0.951726
0.172986
0.0871982
0.659688
-0.50634
-1.48421
0.651332
0.703601
1.31941
1.47907
1.32642
0.82962
-0.410232
0.424712
1.03841
0.0842246
0.803657
-0.954838
0.557944
-0.890812
0.46564
0.648009
-0.324295
0.359536
0.714725
0.119729
-0.652254
-0.905947
-0.162914
1.61073
-0.22359
-0.265322
-0.0919376
-0.333896
-0.160908
0.301948
-0.35978
-0.558296
0.419652
0.0747149
-0.321942
-1.73274
0.507972
1.01204
-1.02573
0.193775
0.62312
-0.508889
-0.748711
0.358142
0.104419
0.114778
0.978096
0.767767
0.535924
-0.757579
0.348306
-0.502742
-0.0726773
-0.145637
0.739416
0.0492565
-0.0457169
-0.35808
1.17408
-0.0133281
-0.421426
0.0714072
1.01506
0.371729
0.115974
0.247262
0.943949
0.72305
0.552514
0.263386
-1.45885
-0.737717
-0.332573
-0.228597
0.0249332
-0.203682
-0.368087
0.190719
0.669469
0.448605
-0.895962
-0.974386
0.516314
-0.968603
0.318194
-0.162925
2.70788
-0.889301
0.0572033
1.00028
-0.398598
0.852766
0.163019
-0.634662
0.943546
1.03991
-0.524586
0.0306108
0.370206
-0.615436
-1.44581
-0.537786
0.74053
0.490611
-1.01539
0.891293
-0.204399
-0.0825766
-0.83325
-0.791542
-0.290352
0.117789
-0.544537
0.522217
1.08218
-0.0348106
-0.225751
-0.240164
-0.201344
-0.22881
1.54833
1.71565
0.162264
0.809704
-0.228757
-0.664561
-0.50983
0.56093
-0.0445613
-0.515768
0.054341
-0.717892
0.437543
-1.10975
0.192246
-0.137606
-0.0943986
1.01004
0.35781
-0.377989
-0.0468635
0.703252
0.392951
-1.06577
-1.04819
-0.33795
0.0538515
0.264037
-0.291198
0.78304
0.141378
-0.303577
0.829102
-0.968617
-0.237451
-0.759281
-0.48596
-0.937436
1.00855
1.4627
-0.276579
-0.337711
0.612302
-0.854526
0.199484
-0.405293
-0.536842
-0.220952
0.0551403
-1.18752
-0.0169018
0.090098
0.243586
-0.395506
1.11109
0.0885865
0.100504
0.174548
0.13555
0.0589862
0.341737
0.602397
0.185204
1.04667
-0.46524
-0.0209752
-0.206428
0.381145
-0.0609637
-0.359118
-0.645794
-0.530583
-0.311041
0.705204
-0.104635
-0.767842
1.39142
-0.342651
-0.259974
-0.150162
-0.212892
-0.316296
-0.0705801
-0.0907385
-0.82742
-1.12162
-0.049139
-0.366651
0.338876
0.416643
-0.058256
-0.578041
-0.0264452
0.820231
-0.306142
0.226665
0.094556
-0.588717
-0.094398
-0.271711
0.0580658
0.657164
0.0990695
0.186305
1.31205
-1.28697
0.120355
0.711837
-0.305022
-0.403312
-0.233576
0.430641
-0.428242
0.423299
0.130712
-0.366732
1.01108
-0.151231
-0.983479
0.810426
-0.684081
0.520179
0.50769
0.961792
-0.811894
1.09417
-0.59254
-0.407102
-0.0457507
-0.356595
-0.0717774
0.249566
-0.0563032
1.08776
0.409364
-0.490724
0.427802
-0.410003
-0.0520052
-0.736734
-0.0320855
0.296211
0.823431
0.509455
0.0609339
-0.0146218
-0.139582
-0.664437
0.697827
-1.18474
-0.909484
-0.362305
-0.333564
0.63412
0.975392
-1.1777
-1.02792
0.172296
-0.313523
-0.668868
-1.93466
0.339346
-0.760112
0.697008
-1.07684
-0.587253
-0.447534
-0.920528
-0.635469
1.24718
1.19816
-0.806633
0.898075
0.0279046
-0.100575
-0.936148
-0.200755
0.938613
0.110911
-0.0252667
0.592684
0.218432
0.166757
-1.02528
-0.261233
0.412511
-1.20506
0.513339
0.694489
-0.374574
-1.35276
-1.1659
0.687103
0.246845
1.81086
0.240877
-0.921893
1.1103
0.516719
0.150064
-0.237281
-0.421896
-0.935564
0.234836
0.42767
0.605968
-0.952743
-0.0816034
-0.745155
0.619671
-0.179564
0.436008
1.24084
0.261016
-0.624937
-0.395122
-0.76044
-0.528678
0.751475
-0.549711
-0.198201
1.30421
0.840118
0.695642
-0.771362
0.149674
-0.255587
0.184278
0.264633
-0.0658979
0.284511
-0.192797
0.802599
0.157916
0.489059
-0.546514
0.293286
0.134082
0.0565528
-0.360192
0.00577196
-0.758685
0.846289
0.207218
-0.802588
1.22653
-0.295035
-0.647608
0.171401
-0.611233
-0.0828945
0.0978495
-1.45529
0.0690828
0.0139349
0.47771
-0.05668
0.32179
-0.831021
0.310386
-0.397481
0.442528
-0.570987
0.84996
0.345664
-0.0330812
0.709069
-0.249441
-1.20489
-0.204384
-0.108329
-0.398713
-0.894
-0.410247
0.634753
0.929638
0.567462
0.0219079
0.112531
-1.35862
-0.587858
-0.925941
-0.176627
1.12467
-0.223087
-0.514698
-0.710832
-0.330653
-0.754882
0.234214
-0.709142
0.579711
-0.813343
-0.128925
1.88138
-1.00524
0.759967
0.438106
1.38308
-0.233552
-0.506072
-0.979753
-0.117649
0.016462
-1.17
-0.0308031
0.537558
0.856504
-0.323385
0.614329
0.113616
0.0227455
0.425975
0.886711
-0.553649
0.785945
-0.625636
0.312703
0.72888
0.964276
-0.872601
0.711087
-1.12962
1.21154
0.667574
0.479313
0.367277
-0.944806
-1.98994
-0.227073
0.305104
-0.24212
-0.839259
0.721622
-0.541991
-0.259803
0.44086
0.250709
0.449224
-0.664613
-0.145554
0.045295
-0.966821
0.555589
1.09263
-1.34951
-0.760886
-0.188401
0.0157987
-0.195797
1.77826
0.343606
0.077751
-0.224744
1.72514
0.230016
0.0954604
-0.897731
-0.0757742
1.25638
0.0851241
-0.551296
0.839326
0.494369
0.0475354
1.18158
1.38074
0.0697669
-0.655009
-0.478647
1.07174
-0.249645
0.743411
-0.403941
0.689751
0.339119
-0.0362962
0.199109
-0.31205
0.92092
-0.937486
-1.02775
-0.543973
0.0311788
-0.127922
-0.182563
-0.814279
-0.499366
-0.0199186
0.302058
-1.22712
0.857215
-0.195452
0.748084
0.0214031
0.642798
-0.805642
0.244167
-0.0374504
0.472368
0.146388
0.298416
0.289764
-0.796147
-1.01342
-0.59538
-0.0268463
-0.980918
1.05869
-0.559928
-1.03464
0.714075
-0.347856
-0.342245
1.21622
0.11345
-1.12378
0.792068
0.605018
0.151775
-0.698485
-0.241279
0.22105
-0.19664
0.392615
-0.966937
-0.107655
-0.14583
-0.748165
0.184464
-0.197647
1.66765
-0.128918
-0.914419
1.09826
0.329126
0.324803
0.157555
1.41148
-0.154829
1.7421
0.0362254
-0.146704
-0.19716
0.197131
0.019594
-0.78959
-0.443975
1.17712
-0.118292
0.656789
0.465015
0.476806
0.0192099
-0.00353257
-0.117895
0.0747528
-0.978144
-0.716479
0.426279
-1.03024
-0.150977
0.526432
-1.36957
-0.369238
0.400179
-1.02415
0.85898
0.337551
-0.373546
0.19585
0.718267
-0.468417
-1.71981
-0.167201
-0.112386
-0.556676
0.00336292
-0.256425
1.93772
-0.492409
-0.583509
-0.734309
0.889793
-0.202455
0.194632
-0.0508302
-0.80135
1.08639
-0.576074
0.493208
-0.323659
-0.326933
-0.127647
1.46687
0.702062
0.290197
-0.264944
0.760174
0.572564
1.41975
1.23831
-0.780546
0.147978
-0.365131
0.939401
-0.247222
-0.235664
-0.479839
0.722093
0.76143
0.326284
-0.558655
0.316412
1.07233
0.0560328
0.614922
0.3504
0.0960958
-0.238443
0.64689
-0.481807
0.223554
1.65554
-0.457833
0.167513
0.400599
-0.523417
-0.40297
-0.484694
-0.821589
-0.020481
0.469586
0.113772
-0.0800687
0.388276
-0.575927
-1.08958
-0.262741
-0.744218
0.400224
0.00015705
0.226481
0.108916
1.17321
0.0599228
0.32745
-0.0771012
-0.736871
0.418976
-0.071588
-0.416093
-0.219503
-0.386632
-0.347287
-0.182625
-1.29721
-0.229476
-0.204682
-0.47265
0.281544
-0.28994
0.858279
1.26218
-1.39408
-0.0592697
-0.00465163
-0.653636
0.459852
-1.20814
0.144683
-1.004
0.709983
-0.927823
-1.07639
1.11702
0.301385
-1.15291
0.405309
0.255785
1.56958
1.43374
0.303486
-0.413674
0.515075
-0.611342
0.86755
-0.30236
0.158061
0.436829
0.0512963
-0.843874
-0.253297
-0.053595
-1.62489
-0.249992
-0.385587
0.379428
0.965629
0.160407
-1.09854
0.611751
-0.657096
0.243755
-0.266343
-0.832916
-1.02851
0.888814
-0.399255
0.20118
-1.1434
0.147294
0.630046
-0.448014
0.178277
-0.183859
0.119522
-0.109468
0.03143
0.410878
0.159671
0.464468
-0.240042
-0.189227
0.274651
-0.541202
0.280226
-0.0224222
-0.228363
0.319633
-0.0100137
-0.161654
-0.977331
-0.261737
0.305509
-0.314603
-0.135741
0.135387
-0.847143
-0.660522
-0.713979
-0.302184
0.0435999
-0.0139187
0.77064
-0.30472
-1.18547
-0.568856
-0.0324777
0.791319
0.29283
-0.0779063
0.146076
-1.44634
0.334871
0.126929
-0.854572
-0.1238
0.613736
-0.430298
-0.514326
0.395518
-1.37217
2.44788
-0.93411
-0.301393
0.176694
1.10635
-0.141508
0.653181
-0.510884
0.0583318
1.42698
1.62717
0.249185
1.32304
-0.124226
-0.428317
0.291067
0.334325
-0.224123
-0.662156
-0.484067
-0.553076
-0.0143067
-0.354599
1.13961
0.308063
0.141646
0.496373
-0.0232836
-0.174737
-0.0788324
-0.367303
-0.286006
-1.03822
1.40342
1.33426
0.926443
1.20691
-0.320345
-0.192944
-0.621446
0.554187
1.04157
-0.105048
-1.68267
0.881174
-0.385932
-0.119597
1.0477
-0.908913
0.399457
-0.105162
1.76297
-0.00709707
-0.357396
-0.568307
0.498128
0.88417
-0.060405
-0.532777
-0.767398
0.733124
-1.32138
0.469679
0.223313
-0.437507
0.297537
0.239812
-0.418096
0.152399
-0.935651
0.191015
0.0750196
-0.943971
1.35598
1.45321
-1.32314
0.394607
-0.382995
-0.393511
-1.53409
-0.130852
0.44695
1.08956
0.0037969
0.414553
0.0652338
-0.271363
0.281991
0.459869
-0.755839
-1.72179
0.0934048
0.870169
0.350481
1.19666
-0.605958
-0.467655
-0.541324
0.496389
-0.536966
0.439306
0.00685341
-0.791362
-0.7072
0.130817
0.107601
0.381102
0.445339
0.0518315
-0.562929
0.111382
0.252923
1.47532
-0.44381
-0.286873
-0.385783
1.15871
-1.16343
1.13019
0.572478
-0.426737
0.682075
-0.646866
0.70312
1.56378
1.31354
-0.344156
-0.729386
-0.362737
0.658588
-0.221969
0.569694
-0.0881982
-0.79902
1.37914
0.539466
0.121364
0.875324
-0.388721
0.31237
0.231368
0.0716067
-0.7285
-0.12372
0.240328
-0.176576
0.476397
0.262445
-0.31269
0.189005
2.00246
0.69848
-0.622862
-0.275398
0.36276
0.132131
0.622161
0.691892
-0.709641
0.303551
0.0943367
1.38921
0.177824
-0.140775
-0.374584
-0.336284
1.16161
1.46818
0.887954
0.409404
1.20001
-0.0207469
1.79023
-0.518519
0.797311
0.287345
-0.386814
-1.63107
0.369313
0.0642183
-0.67449
0.270856
0.939781
1.19987
-0.831213
-0.297966
1.3378
-0.76691
0.0130704
-0.133023
0.617762
0.307023
-0.355877
0.834326
0.328821
-0.172113
0.145039
-0.692296
0.135736
0.401591
0.740939
0.436274
-0.680879
-0.685325
-0.980757
-1.13399
0.609639
1.19727
-0.376065
0.405249
-0.869629
0.21217
0.831737
-1.27242
0.15506
1.19799
0.500613
0.582115
-0.617518
-1.21124
-1.10886
-0.935792
-0.913871
1.02078
0.669434
-0.605005
0.333791
0.652783
-0.346787
-0.20793
-0.244414
0.284601
-0.227772
0.496155
-0.561859
-1.18215
0.284533
-0.149509
0.406789
-0.609051
-0.432807
-0.32424
-0.0507334
0.0516825
-1.60154
-0.357806
0.228851
-1.1109
-0.222109
-0.0885453
-0.965062
0.124375
-0.72302
0.023776
-0.189963
1.02011
0.814491
-0.365555
0.0010801
-0.206198
0.107505
0.311392
0.112853
-0.0987267
-0.286366
0.142701
-0.449279
0.689603
-0.357684
0.567308
0.181138
0.0619452
0.320617
-0.270667
-0.544068
-0.596695
0.310528
-0.859521
0.189996
1.10017
-0.320279
-1.18016
0.0993535
-0.888324
0.0368119
0.0234574
-0.505643
0.553054
-0.747978
-1.07809
-0.653078
-0.460297
0.304554
-1.31304
0.54857
-0.721454
-0.341687
-0.411526
0.100807
0.013232
-0.318658
1.49035
-0.694474
-0.0343057
1.83146
-0.482246
0.732358
0.410506
-1.83
-0.0031032
-0.66606
0.903964
0.916883
0.854701
-1.02223
-1.30459
-1.1045
-0.732954
0.179942
-0.264246
-0.456168
0.695765
-0.534359
-0.295734
-0.339893
-0.594769
0.223379
-1.5149
-0.0134563
0.210012
0.0263135
-1.62028
0.0278677
-0.448553
-0.304916
0.699974
-0.473646
0.666737
-0.774674
-0.699663
-0.197967
0.24747
-1.97194
1.11253
-1.05897
-0.0820767
0.349676
0.552709
1.6553
0.18131
-0.915801
0.321374
-0.158186
0.364204
0.15515
-1.94602
-0.905255
-0.79663
-1.17724
-1.20128
0.330782
-0.334123
-0.0640294
0.0666925
0.517078
0.238329
0.320316
-0.544651
-1.13016
-0.441034
-2.10406
-0.243709
0.214608
0.157222
-0.1843
-0.428508
-0.965863
0.696736
0.298339
0.931508
0.104682
0.476244
0.33637
-0.466979
-0.963988
0.647008
0.763596
-0.491509
0.215664
-0.883869
-0.702686
-0.270839
1.08717
-0.495514
0.259448
0.601013
0.440906
0.284698
-0.18883
-0.276201
-0.374322
-0.357661
-0.109452
0.949405
-0.229187
-0.729072
-1.72895
0.600113
-0.523998
0.0421801
0.294434
-0.863297
1.11576
1.3597
-1.13427
0.524444
0.113024
-0.522262
0.98464
-1.27489
-0.71168
-0.107453
0.594505
-0.558699
-1.06436
-1.10926
0.783104
1.00508
-1.60104
-0.39743
-0.100733
-0.904857
0.027037
0.594275
0.120694
-1.66664
0.0781225
0.455894
0.883683
0.504579
0.98969
0.372611
0.459705
1.4333
2.1938
0.324893
0.0114365
0.729998
0.408138
1.08025
-0.200575
0.432459
0.251397
1.42925
-0.689444
-0.144695
0.905123
0.910317
-0.412689
0.655512
-0.311373
-0.701515
-0.614777
-1.30565
1.00078
-0.273632
-0.257517
-0.0339017
-0.748502
-0.806834
0.615918
0.676818
0.178527
-0.189717
1.358
0.120725
-0.252598
-0.612185
-0.585489
-0.226218
0.648983
1.27137
-0.80671
-0.529431
1.05706
0.3257
0.513739
-0.518389
0.631705
-0.470585
1.00141
-0.70458
0.682422
0.660171
0.0104796
0.341731
0.362064
-0.320114
-1.1384
-0.608355
-0.490517
0.0486256
0.27295
-0.0145969
-0.0452187
-0.681904
0.36422
1.13585
-0.871431
-0.938981
0.448621
-0.419249
-1.43723
0.74318
0.558525
-0.0475616
-0.143212
-1.67345
0.142384
-0.0572791
-1.37896
-0.579515
-0.751699
0.488185
-0.138855
0.904172
-0.43627
-0.369199
0.560306
-0.672903
1.95485
-0.685798
0.230665
-0.486594
-0.220363
-0.403082
0.0838786
-0.287909
1.39948
-0.0978371
0.196486
-1.89498
-0.0244245
0.768337
0.291528
-0.69897
-1.13076
0.690078
0.310599
-1.35819
1.91913
-0.530209
0.152152
-0.566051
-0.908734
0.500337
0.516911
0.246728
0.242591
0.999933
-1.47802
-0.640681
0.685396
0.688093
-0.543065
0.573756
0.105734
-0.958474
-1.15543
-0.0539526
-0.366628
1.73835
-1.1531
0.708228
0.757109
-0.25345
-0.0229904
-1.37234
-0.639874
0.724573
-1.84048
-0.790802
-1.1086
-0.699988
-1.1045
0.196858
1.36841
-0.360513
-0.419284
1.0568
0.0796328
0.00229515
-1.44881
1.19065
1.81792
-0.234625
-0.524833
-0.965359
0.136462
-0.718983
0.109821
-1.16558
-0.262009
0.137015
0.788972
0.979794
0.611458
1.07293
-0.123112
0.642158
0.641122
0.769097
0.187165
-0.892793
-0.760794
0.825867
0.0981329
0.72398
-0.0436706
-0.373951
0.785598
-0.232685
-0.242248
-0.709714
0.139365
-0.151604
0.233402
-0.383971
-0.463512
-0.462709
-0.271981
-0.732479
0.576906
-0.179673
0.000710664
-1.04317
0.0665009
0.686695
-0.00267462
-0.0687856
1.80129
0.181342
0.580451
0.693184
-0.324735
-0.0416313
0.201084
1.89968
-0.572841
0.279071
-0.606877
0.442012
-0.988732
-1.05813
-0.986776
0.0315371
-0.314203
0.63101
0.240597
-0.0686203
0.131945
0.0442361
-0.810375
0.644773
0.753227
-0.443388
0.541404
-0.228652
0.563029
0.743371
-0.0202853
0.419268
-0.855155
1.31877
0.448153
-0.289488
0.0529416
-1.05228
0.0868607
0.0355632
0.155209
2.4275
-0.524619
0.160959
1.17434
1.07628
-0.655832
-0.357279
0.235075
-0.0937067
0.721704
0.802723
-0.432927
-0.866585
1.70304
0.401446
-0.00250999
0.933659
-0.264928
-0.911171
-0.667826
-0.788308
0.69375
0.86776
0.865776
0.249443
0.804628
-1.05308
-0.427523
-0.898128
0.307329
-0.347439
0.393521
0.7765
-0.761429
0.128908
0.4774
-2.18743
0.347912
-1.35748
0.59217
0.495567
0.262589
-0.202513
-1.19715
0.466835
-1.42209
0.0190416
-0.858009
0.547698
-1.82234
-0.34234
1.09866
-1.59611
-0.788969
-0.266148
-0.197641
-0.417637
-1.47863
-0.363476
0.172693
1.24241
0.382669
0.436224
-0.64823
0.227091
-1.03651
-0.505515
0.954649
0.183179
-0.308836
0.727102
-0.279188
1.07624
-1.0529
-0.637745
0.755714
0.506871
-0.225301
0.952472
-0.234051
-0.386708
0.945627
0.79575
-0.559673
0.365188
0.422559
0.201312
-0.479474
-1.36987
0.591912
0.798512
-0.937354
1.00809
0.438109
-0.56632
1.36991
-0.843627
0.105068
-0.608668
0.235027
0.494037
0.111866
0.205459
1.05932
0.708472
-0.585964
0.448407
0.399425
0.323377
-0.720427
0.885709
-1.26199
-0.879159
0.626347
-0.54153
0.305377
1.27587
0.367281
0.225278
0.171658
1.11936
-0.241738
0.0387248
0.344224
0.531327
0.252261
0.193856
1.10155
0.808661
0.464216
0.51659
-0.261599
0.48777
-1.03532
-0.460759
-0.089587
1.06218
0.796417
0.343668
-0.713584
-0.50598
1.09592
0.49711
-0.558861
-0.255589
-0.53383
0.349035
0.525038
0.548413
0.496002
0.00247152
1.01777
-0.675501
0.575154
-0.438071
0.728085
0.0305145
0.104535
1.23448
0.833002
-0.566137
0.274967
-0.199892
-0.308873
-0.236919
0.521422
-0.249539
-0.209423
-0.539215
0.750833
-0.0142665
0.704839
0.39243
-0.601953
1.38632
0.744733
0.912191
0.5283
0.449298
0.0667557
-0.094893
1.34868
0.117702
0.706717
-0.417714
-0.436987
-0.647443
-0.484875
0.337096
-0.678626
-0.337299
-0.157861
0.977467
-0.987151
-0.420767
0.22293
-0.0564088
0.428886
-0.201743
0.151693
0.510615
-1.32389
0.313194
-0.187938
-0.852936
0.522742
-0.651375
0.856785
-1.25158
-1.13702
-0.10614
-0.754139
1.57585
-1.17268
-1.33068
0.810137
0.460099
0.978035
-0.83775
-1.76665
0.0530276
0.156497
0.752362
-0.915203
-0.86748
0.238316
-0.6906
-0.689858
0.198256
-0.0899785
1.49885
-0.406685
0.474607
-1.32269
0.226841
0.0229671
-0.25998
-0.475139
0.285728
0.538191
0.212658
-0.263495
-1.07471
-1.97175
-0.260397
-0.572907
1.09523
-0.414423
-0.8592
-0.320531
0.128361
-0.267779
-0.954442
-0.709399
0.361311
0.326233
0.0726246
-0.853845
-0.15631
0.220332
0.235916
0.038108
-1.61923
-1.57259
0.556624
-0.703465
0.201049
-0.627222
-0.530555
1.17221
1.00026
0.0606407
-0.724052
-0.524395
0.163264
-0.652885
1.30943
0.239208
0.552155
-0.165733
-0.026748
0.0868359
0.175489
0.772545
-0.612643
0.28341
0.0310716
-0.111896
0.237658
0.521861
-1.0033
-0.0800569
-0.737298
0.408547
-0.418983
1.0703
0.00197025
-0.786191
0.498415
0.0964879
-0.62607
0.159754
0.567009
0.530249
-0.429606
-0.139136
1.73087
0.804916
0.736641
-0.0951578
-0.388907
-1.20841
0.102052
-0.476503
0.312821
-0.42035
-0.735435
-0.706602
-0.972264
1.13579
-0.324889
0.135191
-0.469247
-0.267205
-0.482327
-0.0738516
-1.03091
-0.307256
-0.220751
-1.0138
0.580595
0.0818079
-0.262156
0.566643
0.503544
-0.396269
-1.71154
0.206048
-0.0903064
1.21207
-1.07468
-0.808736
-0.433621
-0.512296
0.727739
-0.317396
-0.257332
0.47887
-0.0650931
-0.964578
0.184954
-0.722425
0.488023
0.383902
0.919016
0.629299
-0.257401
-1.39923
0.748561
-0.384216
-1.19461
0.331908
-0.845984
-1.28981
1.16637
-0.523776
-0.320261
-0.0868051
-0.091851
0.222836
-0.563595
-0.250368
1.58126
-0.836538
0.188615
0.741826
-0.522212
-0.943827
-0.762857
-0.667617
-0.126693
-1.11445
-1.07943
-0.138652
-0.252693
0.0942213
0.838628
-0.302607
-0.906632
0.858832
-0.679167
-0.30289
0.60827
-0.577795
-0.140042
-0.165704
-0.555155
0.382445
-0.413275
-0.427366
-0.522467
0.778683
0.373599
-1.91094
0.52208
0.429281
0.727127
-0.240373
-0.789357
0.820123
0.401895
-0.575274
1.03211
-0.00820662
-0.544308
-0.809793
0.144454
0.197646
-0.530469
-0.22698
0.386855
0.218847
-0.419109
-0.162491
1.91751
-0.27014
-0.468427
-0.363949
-0.57153
0.287237
-0.581017
-0.357979
0.391086
-0.57727
-0.157675
-0.99376
-0.550433
-0.775915
0.440001
-0.28518
-0.873549
-0.322501
-0.62538
-1.60383
-0.347018
-0.336369
-0.369996
0.183596
-0.228427
-0.356261
-0.150712
-1.18122
-0.840728
0.261391
-0.431281
-0.255994
-0.36539
-0.0888709
1.04864
1.23092
-0.045903
0.509096
-0.413596
-0.0380829
0.382104
1.02998
-0.312446
-0.576617
0.342539
-0.331063
-1.15186
0.297902
-0.168497
0.369536
0.125534
-0.528826
-0.330145
-0.0814057
0.464439
-0.367435
-0.674726
1.15745
-0.396823
-0.60165
-0.687215
0.8241
0.114526
0.343666
-0.255909
0.426465
0.100586
-0.0149569
-1.92025
-0.120176
0.0367913
-0.528374
0.49851
0.428333
0.185337
0.741928
-0.135321
0.402144
0.970867
0.02006
1.19576
-0.794484
0.285833
-0.15306
-1.25445
-0.675849
0.521573
-0.501154
0.495713
-0.0893892
-0.767332
0.309989
-0.663074
-0.964977
-0.603374
0.743583
-0.416549
-0.0447928
-0.0481221
0.426226
0.204377
-0.022444
-1.21761
-0.473748
0.51956
-0.413998
0.000291383
0.215283
-0.700074
0.250762
0.21282
0.494491
1.19001
-0.0585892
0.409694
1.03073
0.431179
0.210058
0.336965
0.686601
0.746658
-1.04591
-0.00745374
0.0355232
0.653255
-0.662664
0.0706599
-0.653357
0.375748
0.0944368
0.876178
0.189786
0.298837
1.24951
-0.120011
-0.331576
0.597309
-1.60708
-0.573573
-0.155314
0.689481
0.329454
-0.492235
1.16371
0.162309
0.597556
0.190346
0.459434
-0.430233
0.375105
0.200834
0.0358685
0.147281
-0.126309
0.0812027
0.404863
-1.1941
0.263841
-0.482809
0.39729
-0.911552
0.85714
2.2372
-1.50253
0.338598
0.698763
-0.134925
-0.219788
-0.0444154
1.39153
-0.897297
0.401105
-0.108995
1.32495
-0.394936
-0.861155
-0.135712
0.561058
-0.769118
0.24186
0.128128
0.89028
-1.02453
0.657576
1.62654
-1.18144
0.28543
0.744747
0.799672
0.510111
-0.428025
0.132555
-1.17404
0.643003
-0.647528
-1.58819
0.439409
0.651949
0.214531
-0.671232
-0.0381225
1.13934
0.349317
0.245267
1.13065
0.154059
-0.159616
-0.552891
-0.0741545
-0.878162
-1.00298
-1.57076
0.957713
-0.104024
1.255
0.110969
0.509406
-0.605792
-0.369723
0.879979
-1.13011
0.90904
0.346657
0.0615405
0.145628
0.21982
0.495802
0.702507
-0.576228
-0.401107
-1.21286
0.124379
0.504398
0.926094
1.72839
-0.712381
0.363115
1.27926
-0.539796
0.719213
-0.0742992
-0.466112
0.339332
-0.450346
0.570608
1.05287
1.32958
0.0783862
-0.524111
-0.0100595
-0.112351
-0.0931826
0.0602169
-0.997892
-0.679536
-0.364912
-0.31212
-0.419798
0.799098
1.41888
-0.687842
0.710679
0.458924
-0.483417
-1.00865
-0.961616
0.509015
0.837572
-0.276253
0.454001
1.02454
0.0432636
0.600807
0.00439442
0.162452
0.978786
0.536843
0.410604
-0.145296
-0.333099
-0.972796
0.326632
0.165251
1.4764
0.00305692
1.38151
1.01025
-0.0180643
0.300831
-1.19072
0.0799055
1.14358
-0.814004
-0.419865
0.195996
-0.80718
-0.391063
-0.70789
0.31576
-0.53605
0.507895
-0.529486
0.19573
-0.102635
-0.481877
-0.327617
0.837204
-0.728383
0.317363
-0.102915
-0.382234
-0.00575051
-1.01804
-0.16069
0.167972
0.47302
0.706859
-1.47947
-0.436801
-1.11086
0.424356
-0.831524
0.243803
0.835007
-0.464589
-0.17005
0.437389
-1.08778
-0.0579145
0.260888
-0.471868
-0.234468
-0.996764
-0.631186
0.818564
-0.653811
1.14519
-0.388375
0.838132
0.200016
-1.91272
0.2527
1.20948
-0.539363
-0.318565
0.112981
-0.490479
-0.372423
0.277667
-0.614382
-0.283392
-0.165008
0.395626
0.129228
-0.916618
0.554577
0.149183
0.488331
-0.411642
0.067649
-0.923866
-0.416651
0.415108
-0.277094
0.82592
0.110054
1.23894
0.82957
0.150405
0.0656971
0.140432
-0.571522
-0.167021
-0.913803
-1.32906
0.0791828
0.105356
-0.412915
0.269269
-1.10833
0.32493
0.258514
-0.746585
-0.584145
-0.129313
-1.04542
-0.688019
-0.831424
-0.171374
-0.191345
0.225201
0.000198042
-0.973072
-0.542333
0.872234
-0.070751
-0.097048
0.406016
1.11388
0.581413
0.88199
-0.295939
0.997198
-0.495568
0.290315
0.209034
0.212001
-0.610425
0.888791
0.13382
-0.508079
-0.383255
0.421129
-0.69781
-0.404983
-1.3089
-0.448795
-0.590652
1.34385
-1.15521
0.420044
0.805309
0.133394
-0.102754
0.786318
0.709829
-0.948425
1.05744
1.51654
0.820084
0.283307
0.194968
-0.537619
1.04291
-0.424246
0.365808
-0.326601
0.0172498
0.419178
1.05508
1.1581
-0.512624
0.682568
0.228754
1.28347
-1.10296
-0.750958
0.175914
0.725286
0.554474
-0.717786
0.422326
0.523702
-0.628909
0.955931
0.544814
-1.73298
0.501936
0.500415
0.590196
-1.59886
0.311834
-1.50956
-0.782013
0.992025
-0.529043
0.676758
-1.08786
1.04643
0.341046
1.62414
0.428342
-0.846339
-1.0195
-1.21083
-0.10093
-1.34828
-0.638088
0.502974
-0.403485
0.0273977
-1.07869
-0.829975
-0.0178117
1.20041
-0.734772
0.289104
-1.08973
0.269038
-0.243238
0.760805
-0.151925
0.0984958
-0.522909
-0.859784
-0.562287
0.81903
0.826127
-0.344658
0.0322079
0.0912872
-0.190737
-0.0675732
0.162567
-1.23809
0.167042
-0.18115
-0.72694
-0.299855
-0.573489
0.0280844
0.0825411
0.272876
-1.32526
1.28227
0.0418242
0.108761
-0.591058
-0.181998
-0.210943
-0.163206
-0.017107
0.421491
0.143593
0.0159078
0.235023
0.540545
0.912027
-0.477693
-0.373832
-1.48076
-0.595336
0.468968
0.717166
-1.70733
0.193504
-0.947037
-0.358524
-0.848271
-0.55249
-0.338245
0.32715
0.460469
-0.261688
0.101304
0.33004
0.584663
-0.370423
0.246157
-0.231213
-0.231276
0.276189
-0.811781
0.0212706
-0.66273
0.139895
0.00938687
0.161109
-0.287816
-1.06623
-0.0920566
-1.16751
-0.000365582
-0.0744689
-0.5429
1.1651
-0.411054
0.781505
-0.00200621
1.08798
0.576885
0.852592
-0.245825
-0.783845
-1.24366
-0.275837
-0.624789
0.199063
0.335103
0.989199
1.16512
-0.772053
-0.517844
0.658633
0.173554
-0.535717
-0.118014
0.191825
0.599327
-0.710407
0.0878828
0.352458
-0.235436
1.30968
0.366875
1.0535
0.168586
-0.853994
0.723109
1.37114
-0.252971
-0.18552
-1.58621
-0.081666
-0.725282
-0.372318
0.180761
0.162977
0.577723
-0.30508
0.59381
-0.690602
-0.00048096
-0.384899
-0.584457
-0.608525
0.420532
-0.771488
-0.247874
1.00648
-2.48945
0.453043
-0.112834
-0.169022
-0.370234
0.128263
-0.0607336
-0.457368
-0.623298
-0.415331
0.335472
0.264408
-0.446638
-0.809856
-0.355267
-0.413068
0.217656
0.934442
-1.16296
-1.36462
0.823301
-1.41084
1.44189
-0.357294
0.845495
0.120249
1.20697
0.00138374
-0.547397
-0.19692
-0.25618
-0.378209
0.0673906
-0.889325
0.922174
-0.166857
-0.38058
0.363585
0.368282
0.253446
0.120681
1.38968
-0.315727
0.558727
0.19198
-0.557192
0.944469
-0.631428
0.497677
-0.401236
-0.361127
-0.772146
0.697781
-1.29283
-0.0448961
1.27683
-0.559493
0.849053
1.41696
-0.199044
-0.30978
-0.0325555
-0.499229
0.536177
-0.15485
-0.0863321
-0.133318
-0.571271
-0.35358
-0.243226
0.42575
-0.167222
1.09503
0.202079
-0.0386658
-0.256427
0.0854788
-0.243254
-0.77852
1.49455
-0.150892
-0.371252
0.0336306
-0.696406
-0.327348
0.286156
-0.17137
-0.324224
-0.0614041
-1.72331
0.199518
0.27796
0.203745
-0.526855
-0.961844
-0.49653
-0.925738
-1.43935
-0.365456
0.00832402
0.366803
0.0730817
-0.278128
0.142614
0.0175763
0.786214
-1.31606
-0.158925
-1.24561
1.0281
0.101874
-0.267741
0.520057
1.05585
-0.0453542
-0.829852
-0.135034
2.03366
-0.521641
-0.87057
-1.60016
0.4159
-0.53284
0.786815
0.795119
-0.335106
0.0883752
0.372782
0.441823
-0.339949
1.04284
0.050617
0.140048
-0.0520765
-0.353056
-0.931018
0.286619
0.0470336
-1.06728
0.872329
0.488031
0.739993
-0.37974
0.478713
1.27399
0.566733
-1.00338
0.673552
1.13146
0.329725
0.12891
-0.200307
-0.979057
-0.337305
-1.5986
-0.0535948
-0.140742
-0.360588
-0.801527
0.514501
1.02048
-0.328056
0.562826
-0.408692
-0.698679
0.0169395
1.06591
0.47688
-0.538721
-0.763265
0.990634
0.418659
-0.449367
0.0944838
-0.61308
0.328103
-0.864973
-1.01508
-1.4044
0.853513
-0.963725
0.729368
-0.264319
-1.50226
0.344117
-0.0172523
0.104824
-0.070345
-1.55541
-0.944116
0.0743621
0.549174
1.02995
-0.474704
-0.0301524
-0.338927
0.529184
1.0774
0.104328
-0.741155
0.232877
0.315692
-0.444585
-0.597295
0.493517
0.97911
-0.42362
-0.996464
0.110301
-0.61589
-0.547353
0.9106
0.370897
-1.09026
-0.130962
-0.659458
-0.716595
-0.841747
0.235576
-1.32813
0.205867
0.326143
0.151053
0.286825
-0.0795972
-1.39034
0.150955
-0.89657
0.975169
-0.249244
-0.979523
-0.89607
-0.511382
0.337405
0.684185
0.109207
-0.362178
-1.76411
-0.678876
-0.0607337
0.96448
0.169027
0.0795728
0.559186
-0.831613
-0.964786
0.835387
0.0679393
0.299826
1.42755
-0.244902
-0.405462
0.281768
-0.218229
-0.605926
0.892283
-0.677131
0.897322
-0.859241
-1.72821
-0.101886
0.375399
0.336341
0.199387
0.0695605
-0.769908
1.12675
0.367499
-0.407955
-1.17126
-0.103372
0.72182
-1.2745
0.853215
0.0956549
-1.21925
0.119333
-1.14704
-1.73064
0.738897
0.049153
-0.361387
-1.12832
-0.689139
-0.426658
0.724347
-0.841125
0.67664
0.911901
-0.86133
0.449225
0.725502
-0.113558
0.0759465
1.07579
0.69944
-0.364681
1.33191
-0.576799
-0.3265
0.284622
-0.335072
0.251679
0.335591
0.108642
-0.0259951
1.24057
0.20327
0.799194
0.420947
0.267484
-0.269797
0.57036
0.0322717
-0.379888
-0.0750828
0.689673
0.322255
-0.0719092
-0.526484
-0.466724
-0.613931
-0.136168
-0.636924
0.431292
-0.790044
-2.14515
0.503131
1.15752
0.041983
0.253761
-0.768231
-0.317361
0.331572
1.27219
0.129573
0.573323
-1.0422
0.0828304
-0.633434
0.0168235
-2.1761
-0.0605668
-0.428271
0.282047
0.374501
-1.74945
0.061765
-0.737482
0.59695
0.0125396
0.44256
0.387262
1.79275
0.0783286
-0.364272
-0.0771392
-1.62232
-1.40292
0.862249
-0.140658
0.961659
-0.585029
-0.356864
-0.356627
-0.34375
-0.423323
-0.0864595
-0.945122
0.0266591
-0.454188
-0.836674
-0.109626
-0.0292145
-0.000363896
-0.784446
0.237091
-1.22886
-1.09061
0.0296991
-0.0115942
-0.571303
0.848051
-1.49051
-0.794096
0.242365
0.674365
-1.11525
0.243226
-0.6076
-0.0939352
-0.436525
0.622143
-0.344006
0.131022
-0.515309
-0.746421
-0.0393093
-1.10096
0.755078
-2.15777
-0.191382
-0.106558
0.115813
1.05259
0.11224
-0.313632
-1.1877
0.226436
-0.808703
-0.91379
0.394277
0.568406
0.21782
0.683029
0.500783
0.0587067
0.950765
0.794983
-0.396362
1.15683
0.118574
0.429457
0.0568259
0.529051
-0.133172
0.192958
1.02499
0.316757
0.540863
0.882169
-0.223479
-0.609747
0.720848
-0.042861
0.111886
0.44705
0.35826
0.832471
0.138695
-1.10989
-0.843555
0.885789
-1.1661
-2.08979
-0.443354
0.297021
-0.272628
0.0634195
0.38972
-0.649366
0.855824
0.696824
-0.173148
1.27927
-1.3662
1.50212
-0.301266
0.182019
0.157951
0.982196
0.632447
-0.697864
-0.188352
0.846754
0.233663
-1.64638
0.503813
-0.899228
0.0162303
-0.305466
-0.657551
-0.830156
-0.884918
0.371063
-0.661021
-0.388131
0.898829
0.0735119
0.390728
0.069639
-0.447202
0.739839
-0.554464
-0.771141
-0.328231
1.02132
0.272086
-0.406557
-0.877524
-0.750159
0.552259
0.0089849
-0.43837
0.619346
1.19754
0.0211598
-0.38914
0.252266
0.524341
-0.411454
-1.50432
0.520406
-0.387463
-1.12189
-1.89888
0.0796394
0.380804
0.407248
1.0248
0.744341
-0.0807011
-0.238998
-0.168814
-0.219334
1.00039
0.280325
-0.152936
0.00312125
-0.153494
-0.089889
-0.510715
-0.273426
0.388538
0.899422
-0.152841
0.295579
-1.09552
-0.13977
0.0161888
-0.403814
-0.443019
0.532275
-0.157502
0.00968013
0.637076
0.00287232
-0.639615
-0.849001
-0.0894851
0.649681
0.0176065
1.0152
0.559007
0.194558
-0.132162
-0.0822483
-0.257055
0.450042
0.162792
-0.158179
-0.597035
-0.395715
0.0372428
-0.843512
0.609485
0.297205
-0.554208
1.10323
0.990959
-0.00353715
-1.58403
-0.347293
0.485063
0.688216
-0.161412
0.987404
0.695159
-0.277837
1.49563
-1.8677
0.36039
0.567892
0.522992
0.576914
-0.0435377
0.621005
0.357208
1.09918
-0.740435
-0.00680002
-0.0528994
-1.09371
-0.495302
0.721643
0.123245
0.669571
1.58478
0.664175
-0.0879594
-1.02578
0.168756
-0.962673
-0.0263198
1.59153
-0.0362409
-0.526801
0.229061
-0.857352
-0.0373392
-0.0887656
-0.237408
0.127969
-1.02268
-0.0168615
-0.162744
-0.305124
-1.73233
1.65043
0.995214
0.864277
0.214408
1.46704
-0.0850104
0.296486
1.47151
0.889065
-0.734747
-1.17881
0.381507
1.70786
-0.422366
1.21848
0.881116
1.5191
-0.0316782
-1.54245
-0.299246
-1.12145
-0.117302
-0.590081
0.379274
-0.0802879
0.793528
-0.0882463
0.545997
-0.732227
0.866249
-1.06801
0.408212
-0.788647
0.0949275
-1.00037
0.587081
0.223192
0.372257
0.80663
0.0479956
-1.0252
0.690439
-0.153949
1.34254
0.290506
-0.329649
0.0742416
-0.917609
-0.186315
0.195664
0.577181
-0.18762
-0.972277
0.358972
-0.0584115
0.582528
0.49616
-0.488512
0.0211295
0.0765184
1.18765
0.476158
0.0371013
-0.357059
0.858197
0.307255
0.406828
0.212948
0.721831
0.161621
-0.25356
-0.103723
0.373849
0.467838
-0.975261
-0.245013
0.342721
0.0054654
-0.66504
-1.00285
-0.322493
-0.659416
-0.263148
-0.390714
-0.0215635
0.830298
1.53586
-0.694074
0.88326
0.293175
-0.335004
-0.14705
0.191645
-1.11941
-0.592154
0.213283
0.345642
0.272488
0.488534
0.208142
0.589675
-0.291689
0.62481
-1.08313
-0.930151
1.73336
-1.21963
1.59087
1.29351
-0.25189
0.439101
1.66401
0.979576
1.05448
0.382508
0.496633
0.825082
0.307132
0.962452
-0.0534282
-1.72095
-0.0044861
-0.542221
0.363984
0.6086
-0.730598
0.0375844
0.565269
1.25353
0.449021
0.08923
0.948109
0.55489
-0.121736
0.0310228
-0.664276
-1.16601
0.288395
-0.774385
-0.163963
1.285
-0.276302
-0.566821
-0.106368
0.680847
-0.97244
0.917744
0.00986276
-0.301219
-0.414465
-0.276493
0.585691
0.346242
0.506803
-0.224
-0.371643
-1.11765
-0.802053
-1.30274
1.0717
-0.0696583
0.395296
-0.836625
-1.73793
1.03715
-0.14328
0.981706
-0.295803
-0.239077
0.0764862
-0.0919787
-1.76271
-0.980374
1.88386
-0.261147
0.322574
-0.244281
-1.32837
0.418205
-1.3945
1.80843
-1.32888
0.499492
0.568587
-0.99285
-0.748866
-0.208836
-1.03915
0.565119
-2.07303
0.111508
1.64424
-0.317786
-0.055838
0.507306
0.355561
0.125495
-0.467673
-0.986991
-0.387902
0.405788
0.676313
0.048005
-0.572879
0.767728
0.493819
-0.14183
-1.28173
-0.569262
-0.16066
-0.354014
0.26108
0.131226
-0.358833
-0.684973
-0.764512
-0.181653
1.44409
0.712834
-0.454324
0.933431
-0.275071
-0.630018
0.749383
-0.137753
-0.141859
0.440459
-0.856659
-0.901117
0.00150598
-1.04725
0.884168
0.186507
-0.565502
-0.230753
-0.286106
0.181996
-0.780864
-0.454324
-0.492855
-0.527971
-0.0805307
1.01833
-0.374447
-0.269718
1.15151
-0.121437
0.110905
0.223102
-0.643286
-1.55159
-0.165969
-0.453694
0.249002
0.355085
0.709517
0.836028
-1.22827
0.770487
0.194918
0.617056
-0.903406
-0.336048
-1.3979
0.12678
1.30228
0.49209
-0.467665
0.610037
-0.311545
0.228379
-0.410411
-0.383139
-0.61351
-1.03702
0.369423
-0.86804
-0.632472
-0.220533
0.0263382
-1.12064
-0.179706
-0.337459
0.280402
-0.748531
0.602639
0.296997
-0.26557
-1.37481
0.84183
0.104863
-0.274377
0.689478
0.640216
1.19026
-0.693414
0.641824
0.194227
0.683043
-0.474541
0.144991
0.783036
-0.0242821
0.603964
0.905218
1.62475
-0.986879
0.677759
0.477864
0.233738
-0.579887
0.475962
-1.24667
-0.390956
-1.51162
0.986532
-0.71881
1.44104
-0.672054
-0.348877
1.36777
-1.15835
-0.94378
0.842135
0.939483
-0.0798787
-1.0673
1.71298
-0.714034
0.953788
0.771742
-0.916056
0.253127
0.337325
-0.692912
0.499876
0.115341
-0.528258
1.21101
-0.509862
0.417703
0.0011294
-0.346525
0.946756
0.492075
-0.0891041
0.469129
-0.796468
0.569948
-0.53635
0.306009
0.388226
-0.241147
0.0744148
0.948595
-0.404651
0.744805
-1.91248
0.825416
0.81037
0.638474
-0.24245
0.79442
-0.211635
2.16424
-0.147128
0.6906
0.114798
-0.0791423
0.576315
-0.966411
0.520601
-0.223766
-0.153104
-1.06357
0.0811884
0.0938594
0.516595
-0.111405
1.46636
0.313419
-0.0943865
-0.717879
-0.318568
-0.992596
-0.749542
-0.335749
0.431681
-0.388217
-0.275988
0.215174
-0.0578667
-1.36002
-0.704147
-0.933189
0.797517
-0.201336
1.07841
0.570794
1.26042
2.21017
-0.0614296
-0.207946
0.548972
-0.698672
-0.593501
1.21832
-0.0476241
-0.423262
0.0401464
-0.219033
0.355852
-0.136548
0.356255
-1.41873
0.216599
0.0028729
-0.889172
-0.610431
0.456812
-0.644602
-1.17584
0.64679
-0.695072
0.0939597
-0.307055
0.775079
-0.761377
-0.509381
0.522561
1.1191
-0.0174159
0.348697
-0.362933
-0.814984
-1.31106
0.178661
0.683346
-0.128918
0.397051
-0.0978036
0.857616
-0.857817
-0.30001
0.319584
-0.306348
-0.696668
-0.0434441
-0.416992
0.305056
0.977139
0.71819
0.994118
-0.137747
-0.305024
-1.01577
0.655811
-0.174356
1.00262
0.340207
-0.726265
0.160321
0.912827
0.600313
-0.212069
1.28754
0.118812
-0.0527404
-0.385375
0.0410481
1.74278
-0.946728
0.4551
-0.129013
-0.685518
-0.00544279
0.0600042
-0.669336
-0.337607
0.456584
-0.272562
0.294344
0.455972
-0.205144
-0.00486474
-0.173038
-0.623779
0.544234
-0.0447066
-0.408096
-0.104154
-0.152242
0.257248
0.65412
-1.87136
-0.352668
0.318651
0.498844
0.718878
-0.118709
0.466234
0.160173
0.261298
0.830042
0.638902
0.312731
-0.327764
-0.817704
0.634924
0.827661
-0.693996
-0.495456
0.182056
-0.36018
0.0381849
-0.104368
0.900967
-0.108189
-0.718515
0.308705
1.21765
0.528275
-0.715959
0.467992
-1.40342
-0.065565
1.8086
0.294077
-0.369701
0.477562
0.767173
0.805285
-0.432525
-0.666203
0.247937
-0.573659
0.465115
-0.250467
-0.226906
0.12316
-0.677322
0.533048
0.0417415
0.194173
0.592134
-1.11388
0.566613
0.708055
1.00114
0.154309
1.42945
1.05437
0.564641
-0.120606
0.468184
0.493207
0.27309
1.41292
-0.345091
0.585374
0.0458016
-0.00308579
-0.111463
-0.214997
0.164097
0.369067
1.0001
-0.375174
0.442446
0.665905
0.360724
-0.0374771
-0.587647
0.489871
-0.432307
-0.775604
-0.2836
-0.290384
0.832505
0.841203
-0.740647
-0.723291
-0.100525
-0.363585
-0.85581
-1.16355
0.639524
-1.10071
-2.10837
-0.49567
-0.203377
-0.721294
0.0224498
0.0222662
1.10846
-0.258731
0.959168
-0.31772
0.473684
-0.542789
-0.431664
-0.84206
-0.326282
-0.122721
-1.57405
-1.4913
-0.172932
-1.13902
0.164172
0.101782
0.290232
1.21385
-0.188698
0.378368
0.19353
0.608529
-0.349889
1.2184
1.2262
0.158244
-1.14725
-0.591733
-0.0801129
0.336615
-0.303516
0.875394
0.441083
-0.083907
0.0110159
0.38786
0.277585
-0.168477
0.812745
1.64129
0.0757991
-0.405523
-0.218602
1.0186
0.347461
-0.53056
-0.476825
1.36551
1.47864
-0.266768
-0.16788
-0.623252
-0.0664097
-0.155207
0.96067
0.206718
-0.891012
-0.01301
0.975313
-1.26419
1.05825
0.416131
-0.349207
-0.94332
0.375745
-0.216431
0.383237
1.08958
-1.67344
-0.654365
-0.293661
0.168434
0.425784
-0.447498
-0.730263
0.155872
-0.105624
-0.407894
1.5909
0.838364
0.28175
-0.739139
-0.01941
-0.34271
-0.478972
-0.356394
-1.53706
1.41601
0.308023
-0.349877
0.0152948
0.187169
0.11427
1.44424
-0.765293
-0.275431
0.84619
-0.543337
-0.644803
-0.751566
-0.697563
0.0184338
0.404962
1.00976
-0.520123
0.242301
1.20785
-0.416587
-1.0401
-0.798229
-0.534956
-0.0255531
0.311085
-0.254485
-0.631469
0.959244
-0.0744465
-0.361826
0.709786
0.449646
0.0452696
-0.671189
-0.784293
-0.97647
-0.510732
-0.561503
0.222588
-0.153947
0.6731
0.17408
-0.0771055
0.0517404
0.388382
-1.00131
-0.559424
-0.519756
0.366842
-0.974328
0.594546
-1.36412
0.886512
-0.0639554
0.479344
-1.05795
-0.27007
1.03864
-1.34915
0.601039
-0.764905
-0.346158
1.06401
0.478937
0.406079
-0.0513134
0.611342
-0.298127
-0.501782
-0.77624
-1.06747
0.0573504
-0.575848
0.257691
-0.209876
0.229898
-0.770584
0.437507
0.16711
-0.453283
-0.228325
1.1291
0.19053
-0.632273
0.77588
-0.490673
0.0313255
-0.301618
0.26631
0.979353
0.0611029
0.0782531
0.350822
0.572101
-0.154967
-0.301222
-0.33033
-0.0692488
-0.24826
0.0198472
-0.880615
-0.0594488
-0.0778518
0.222331
0.12085
-0.49567
0.14654
0.297507
0.69748
-1.29681
1.84915
0.550812
1.04189
0.155076
-0.307137
-0.283403
-0.359521
-0.592821
0.513167
-0.158053
1.11642
-0.587238
-0.19878
-0.38982
-0.723115
-0.297776
0.450396
-0.732825
0.671815
-0.816316
-1.01463
1.11187
-0.69282
-0.443705
0.736752
0.124157
0.159694
0.427294
0.111683
0.291861
-0.627296
0.176091
-0.540246
0.00312522
-0.0490001
0.363816
-0.613512
-0.624784
0.0516981
-0.511154
-0.0489804
-0.701689
-0.774327
-0.633977
0.898829
-0.146033
0.335512
0.13634
-0.784921
-1.369
0.156635
-0.897002
0.656679
-0.605037
0.00704508
1.35906
-1.47042
0.490087
0.298096
2.0033
-0.38477
1.09772
1.03434
0.240206
-0.499696
-0.801504
-0.665907
-0.428981
-0.648136
0.266558
-1.19144
-0.63613
-0.133491
0.245734
-0.250408
-0.539483
0.243784
0.158871
0.392575
-1.40183
0.0409689
1.05529
-0.280082
-0.164102
-0.367431
-0.225742
-0.0414521
0.444798
-2.00896
0.701247
-0.109811
-0.229781
-0.234099
-1.03944
-0.128012
0.416474
0.760307
-0.258848
-1.27482
-0.294755
-2.01456
0.712048
0.128419
0.353869
0.251757
0.244346
-0.197634
-0.848684
-0.243039
1.63745
0.26624
-1.37384
-0.1377
-0.15194
-0.418898
0.654731
-0.632446
0.429704
0.777837
0.363786
-1.01428
0.179757
-0.142046
0.0538695
0.0323101
-0.265167
1.43063
0.0563692
0.0876869
0.314838
-0.173322
0.234502
-0.00177362
-0.41359
-0.910483
0.817558
-0.337516
-0.36299
-0.0294114
-0.757499
-0.116961
0.956946
0.265925
0.551826
0.398504
0.298242
-0.200582
1.58381
-0.0648794
0.551312
0.681935
-1.53233
-0.0878713
-0.39647
0.367772
-0.273928
-1.34979
-0.853592
0.502116
0.0728679
-0.180062
-1.0845
-0.449895
0.296908
-0.60206
-0.541075
0.432092
0.31182
-0.962099
0.109703
-0.360005
-0.0728945
0.166684
0.498884
-0.511642
-0.460765
-0.389645
0.2705
-0.57574
1.09678
-1.67579
0.450563
-0.62879
-0.262235
0.0324413
-0.909784
-0.013534
0.00820002
-0.931685
-0.471754
-0.292544
0.648827
-1.16309
0.536071
-0.347529
0.44002
0.384235
0.75644
-0.300858
-0.727211
-0.532021
-0.879859
0.361207
-0.615235
0.914824
0.239612
-0.951561
-0.845208
1.81399
0.647922
-0.176015
0.297583
-1.40687
0.0515225
-0.659778
-0.361479
-0.218852
-0.61481
1.67364
0.763947
-0.315638
-0.185762
0.148977
-0.539712
0.162553
0.465179
0.827685
-0.181403
0.513826
-0.303292
-0.136686
-0.197636
0.288806
-0.0225731
0.487805
0.490961
0.233484
-0.0315832
-1.40194
-0.821586
0.236698
-0.586244
-0.216153
-0.201551
0.55058
0.140491
-0.753318
0.546666
0.384954
0.62409
0.286753
-0.877332
-1.11231
-0.244124
0.960871
-0.105867
-0.102496
0.524116
-0.980464
1.15905
-0.24509
-1.48987
-0.0665529
-0.071444
0.483125
-0.662404
1.74193
-0.781555
-0.00537315
-0.326385
-0.0744409
-0.455436
-0.315937
-0.50909
1.08928
-0.502884
-0.36539
0.185585
0.748775
-1.00874
-0.337073
1.48809
0.51513
0.86762
0.494248
0.249747
1.01671
0.52503
0.19455
0.435815
1.24147
0.350689
-0.193832
0.207803
-0.0889355
0.111541
-0.716137
-1.36202
-1.01183
0.221995
1.26055
-0.834716
0.0775922
0.293214
0.952822
-0.652766
0.713467
0.130679
0.104046
-0.590461
-1.22111
0.504391
-0.684528
0.0527887
0.170185
0.706904
-0.144891
-0.990972
-0.128315
0.54297
-0.893008
0.289499
-0.816352
-0.448898
-0.0725793
0.192731
0.642925
-1.08264
0.710396
-0.410892
-0.0279313
-0.689585
0.710394
0.0205613
0.551483
-0.374346
0.442249
-0.0613444
-0.569185
1.16067
-0.795862
0.438063
0.327842
-0.793722
-0.468487
-0.2161
-0.015607
-0.998074
1.13971
-1.67854
-0.383538
0.622697
0.332329
-0.833387
-0.116845
0.521083
-0.11987
-1.57206
-0.429007
-1.70325
0.640123
0.192741
-0.26234
0.228127
-0.462969
1.91975
1.0368
0.0163545
-0.26567
-0.167324
0.933733
-1.29733
0.344006
0.24126
1.11874
0.452097
0.346241
-0.793131
-0.695117
-0.840442
0.196697
0.0444643
0.175822
-0.798916
-0.0666217
-0.462161
-0.281092
-0.395801
0.328664
-0.475546
-0.346248
-0.555798
1.04023
-1.0983
0.968072
0.376726
-0.635869
0.759806
-1.29745
0.274574
-0.423903
-0.269654
0.00286467
0.556929
1.19138
0.53325
-1.27193
-0.768403
-0.425405
0.642896
0.758196
0.979231
0.416752
0.00565892
-0.572425
0.501356
1.32336
-0.643884
0.437316
0.232351
-1.47634
0.567915
0.480657
-1.25719
0.191572
0.0998197
-0.347956
-0.318596
0.736731
0.286502
0.134166
0.969885
-0.0135302
-0.142765
0.360991
0.305964
1.21205
0.83157
-0.267085
-0.412992
0.746472
-0.286169
-1.41978
-0.196441
0.686399
0.0494979
-0.777181
0.545094
-0.430233
0.538453
-0.629623
-0.244687
-1.10456
0.124947
0.729405
1.54068
-0.553773
-0.649766
-0.623214
0.540632
-0.195279
0.614203
-0.0156929
-1.17915
0.723553
-0.921843
-0.0842741
-1.41486
-0.126034
0.351576
0.195981
-0.317601
0.204376
1.41358
0.336777
-0.378483
-0.882879
1.68522
0.0161795
0.542307
-1.28475
-0.477338
0.0241751
0.818819
-0.192133
0.554595
0.044397
0.639408
-1.97556
-0.32117
0.366207
-0.759695
0.315584
-0.428769
0.964657
0.638813
-0.0155434
1.19004
-0.948857
-0.012747
-0.459842
-0.158497
-0.756035
-0.29965
-1.0625
0.62759
-0.274449
-0.224835
0.182783
-0.742485
0.226253
-0.152805
-0.111083
2.37215
0.40942
0.210792
-0.774772
-0.951035
-0.520028
0.408007
-0.317443
0.818629
0.992345
0.34156
0.100873
-0.564104
-1.07531
0.272889
0.0835246
-0.16442
1.05203
-0.497568
0.143665
0.0195097
0.212901
-0.00965836
-0.24041
-0.206063
0.259152
-0.311606
-0.132778
-0.445176
-0.415111
0.187579
-0.354336
0.902329
0.589334
0.618537
-0.627964
-1.22121
1.70717
0.479832
1.78711
-0.184055
-0.588207
-0.500852
-0.574867
-1.23642
-0.924878
0.970012
-0.880889
-1.16662
0.118964
0.251611
-0.237224
0.301648
0.473604
0.758421
-0.130894
0.881122
0.394278
-0.930082
-1.39202
-0.740099
-0.317979
0.76153
0.547039
-0.697422
0.264441
0.896545
0.0754348
0.541146
-1.0311
-0.644532
-0.0899408
0.994785
-0.608957
0.0516
-0.233488
-0.0794607
0.443945
-0.707184
-1.27284
0.319588
0.366257
-1.12234
0.700823
-0.580062
0.303556
0.63959
0.546605
0.289512
-0.443394
-0.331844
-0.178151
-0.633513
0.11989
-0.971106
-0.185447
1.31365
0.856885
-0.703437
-0.704303
1.95432
-0.161078
-0.859901
0.969872
1.40439
0.0593145
0.11526
0.605239
-1.12001
-0.658301
0.5214
0.518434
-0.490363
0.745233
-0.436003
-0.0651229
-0.522951
-0.903165
1.18832
-0.963234
0.591251
-0.252332
-0.65396
0.61518
-0.443345
0.356021
0.842606
0.277623
-0.145479
-0.49469
1.26954
-0.633906
-0.116177
-0.635882
-0.64608
0.176311
-0.340477
0.99374
-0.488019
0.0972102
1.14873
0.748346
0.241391
0.364348
0.333058
-0.689256
-0.393737
-1.73879
0.150415
0.563862
0.301124
-0.328709
-0.877867
-0.60177
-0.652292
0.0350693
0.689044
0.97545
-0.102049
0.185792
0.203625
0.0415033
-0.812643
0.370968
-0.952195
-0.393249
-0.297217
1.2134
-0.229465
-0.432288
-0.635735
0.134138
-0.790666
-0.457445
0.502218
0.0655581
-0.766441
0.414389
-1.06661
-0.12079
-0.630961
0.127139
0.193634
0.0508019
-0.586524
-0.379688
0.621345
-0.299189
-0.242352
0.247709
-0.198085
-0.455737
0.230074
-0.733526
0.724284
0.128454
0.213811
-0.425239
-0.118691
1.32414
0.537738
-1.58324
0.134103
-0.621136
1.29327
0.34835
0.353763
-0.344677
-0.908896
-0.753619
-0.10522
0.935745
0.389542
-0.93572
0.943885
0.507763
-0.640294
0.303841
0.0697105
-0.447571
1.61171
-0.13799
0.281753
0.533994
-0.170332
-0.0173941
0.0638776
-0.125215
-0.63204
0.308256
0.79529
0.151392
0.933541
0.561835
-0.0681272
0.69395
0.163556
0.199228
-0.315972
-0.0416507
-0.685779
0.155928
-0.343975
-0.301334
0.423399
-0.733072
-0.265675
-0.781347
-0.394387
-0.0460909
0.250378
-0.487212
-1.39762
0.492548
-0.932617
-0.908084
0.328573
1.3607
0.814913
-0.82157
-0.638195
-0.966932
0.192247
-0.213963
0.999169
-0.0171311
0.501567
0.300704
0.425497
0.948782
-0.506387
0.392049
0.623822
-0.662978
0.0105195
-1.44951
-0.427476
-0.0622353
0.179713
0.0494981
0.211333
-0.382577
-0.271416
0.460413
0.932295
0.114017
0.065835
-0.428398
-0.790046
1.53194
-0.584887
-0.44802
0.0253122
0.556383
0.75134
0.255119
0.733888
1.44414
-0.645839
-0.365349
-1.9253
0.318944
-1.49314
0.360315
-1.11149
-0.0604916
-0.0865815
-1.80761
-0.344741
-0.213188
-0.175627
0.42791
-0.421063
-0.176821
-0.235812
1.23666
-1.08966
0.848162
0.686918
0.113175
-0.173339
0.651476
0.828661
-0.563962
-0.539264
0.263202
-0.232476
0.118282
0.988683
0.255217
0.0489634
0.588613
0.363793
-0.356549
-0.572664
-1.117
-0.799763
1.02116
0.689253
-1.33541
-0.454467
-0.4494
0.486957
-0.546389
0.385984
0.450853
0.100901
0.51757
-0.806265
0.855377
-0.358557
-0.648099
0.529497
-0.289943
0.807164
0.313649
0.328382
-0.699529
-1.17486
1.01957
-0.850928
-0.0369457
0.930374
-1.37366
-0.111227
-0.436872
0.596402
-0.170037
-0.089749
-1.93698
-0.924922
1.57338
-0.527926
-0.175182
0.579828
-0.190293
-1.17198
-0.633727
-0.23277
0.482261
0.97134
0.545845
0.273744
-0.508275
-0.729326
-0.0690796
0.726125
0.656209
-1.14425
0.410675
-0.992156
-0.494666
0.529693
-0.0632275
0.127919
-0.560546
-0.600802
0.789517
-1.99746
0.388406
-0.955132
-0.438874
0.705749
-0.379568
-0.313995
-0.123143
-0.332191
0.319326
-1.37117
-0.979701
-1.09161
-0.213617
-1.05697
0.44554
-0.640873
-0.408938
1.31344
-0.492374
1.21008
-0.0485402
0.548787
0.630539
0.360807
0.0531419
0.41248
0.230129
-0.154741
-0.236419
-0.543945
0.262753
0.132658
0.190222
0.419654
-0.539797
-0.315447
0.777977
-0.100585
-1.5044
0.222649
0.924598
1.18889
0.0062275
-0.822357
-0.719208
-0.440755
0.0804859
0.649787
-0.427492
-0.0439669
-1.13039
-0.806773
0.564803
-0.596363
-0.387221
-0.639932
-0.0658735
-0.327946
0.472427
0.029099
0.950987
-1.15594
-0.911713
0.0835008
-0.180894
-0.661175
-0.286781
-0.195261
0.044809
-0.421578
-0.766831
-0.715752
-0.00830366
0.0745246
0.502742
1.59498
-0.0419126
-0.594768
-0.412949
-1.27237
-0.774342
0.0988517
0.811522
-0.460148
0.030206
0.499231
-1.33984
0.278723
-0.301399
-1.23587
-1.06357
1.10709
1.11954
-0.422254
0.406516
0.54836
-0.361386
-0.710557
-0.168831
0.367825
-1.00785
0.0946167
-0.410522
-0.0136681
-0.305111
-0.0462966
0.213926
-0.710084
1.29064
0.624157
-0.665493
-1.13179
-0.852898
1.09298
0.627526
-1.45049
0.775129
1.07187
0.226755
0.177755
-0.0493958
-0.752334
0.25173
-0.418321
0.126632
-0.475468
-0.0561167
0.0665787
-0.473488
-0.253804
0.0100196
-0.77463
0.173223
1.21302
-1.31289
-1.06342
-0.950432
0.115437
0.473665
-1.36027
1.44462
-0.180121
-0.533316
-0.373425
-0.886886
0.334462
0.439777
-0.284028
0.337937
-0.731367
-0.422809
-0.598559
-0.215294
0.0792885
-0.16148
0.32264
-0.113125
0.839499
1.24924
0.448875
1.11479
1.34436
-1.33499
-0.713749
-0.289996
0.364193
0.352745
-0.285415
0.337712
-0.719336
-0.606499
-0.689227
0.31171
0.450024
-0.36502
-0.00139452
0.484349
0.700065
0.732581
-0.0111742
-0.851833
-1.60089
0.0343011
-0.811589
-0.118629
0.270581
-0.275083
0.219975
0.141242
-0.733344
-0.444157
0.238619
1.34998
0.847538
-0.616402
0.442451
-0.478124
-0.343838
0.630871
1.03362
0.710871
0.187065
0.221387
0.149061
-0.728997
-0.578237
-0.265609
-0.0821111
-0.799635
0.0401855
0.475393
-0.197411
-0.381668
0.740727
-0.664929
0.0764784
1.07541
0.158589
1.26705
0.351358
0.145083
-0.732986
0.705383
0.518463
0.801135
0.381143
0.448882
-0.220504
0.0782886
-0.735265
0.762545
1.07163
-0.608042
-1.13797
1.57106
-0.264694
1.70342
0.904669
-1.09292
1.84392
-0.581948
-0.0436187
0.567712
-0.990279
-1.16507
-0.622206
-0.909809
0.318268
-0.932777
0.617917
0.223473
-0.0978068
0.555268
0.0342408
0.639069
-0.0275557
2.00046
0.0252282
0.8745
-1.10397
0.347378
0.250119
-0.924277
0.725726
0.714607
-0.188054
-0.147873
1.32505
-1.28825
0.523763
-0.863842
-0.154666
0.0585843
-0.104955
0.562063
-0.790884
0.78246
-1.29421
-0.304247
1.30387
-0.736645
-0.881019
0.495021
0.132059
-0.0308166
-0.757492
0.521011
-0.362458
0.0790982
0.857159
0.768337
0.336646
-0.513639
-0.158461
0.115145
0.663912
-0.737101
0.765046
-0.351287
-0.114721
0.262774
-1.00841
-0.812736
-1.02327
-1.04613
-2.13204
0.540969
-1.00739
0.379653
0.342436
0.479242
0.145807
-1.56497
-0.0839677
-1.10523
-0.127429
0.0103839
0.322695
-0.365325
-0.356028
-0.697916
-0.317577
1.06278
0.0697334
-1.17582
-0.30019
1.81038
0.25555
0.221641
-0.255504
0.754466
-0.647016
0.476018
0.96263
-0.0807744
-1.25153
0.444646
-0.70331
-0.524781
0.649902
0.0556567
-0.335831
0.322278
1.13278
1.51117
0.612904
-0.268076
-0.985309
1.44792
0.428723
-0.177187
-0.623443
-1.02745
-0.25717
-0.0719047
-0.349885
-0.32677
-0.0673719
0.221686
-0.656409
-0.73819
-0.811213
0.177797
-0.782291
0.662597
0.465927
0.656125
0.447358
-0.242407
0.642072
-1.18153
1.27724
-1.41944
-1.13706
-1.11926
-0.528116
-0.511311
-1.60417
-1.22879
0.97527
0.179157
-1.31466
0.0185751
0.697799
0.598232
-0.0900172
0.930385
0.701875
1.3937
0.716741
0.00833361
0.0307801
0.0452906
0.13148
-1.10953
0.798363
-1.3064
-0.88548
0.618271
0.148822
1.11799
0.937705
0.365487
2.33105
-0.339627
-1.40681
0.439829
0.91169
-0.561023
0.634603
0.130956
0.826429
-0.0882237
1.12255
-0.285102
0.121552
0.123738
-0.907745
-0.837187
0.355031
0.559646
0.10764
0.109384
0.487257
-0.741178
0.27788
-0.78661
-0.0677167
-0.321049
-0.618464
-0.206788
0.794023
0.542852
-0.763274
-0.643751
-0.300516
-0.255287
0.411258
0.535198
-0.0923799
0.0452209
-0.256812
0.537364
0.0746225
1.19753
-0.0335859
0.369951
0.525657
0.520168
0.0370273
-0.0999737
-0.130019
1.13553
0.576025
0.82316
-1.92976
-0.865986
0.934502
-0.221677
0.290165
1.21494
-1.72849
0.0970255
-2.01634
-0.00791295
-1.31027
0.169093
0.281786
-1.40169
0.179262
-0.712928
-0.233629
0.605608
0.604662
0.33157
-0.101359
-0.0261431
0.217039
0.756546
-1.71459
0.710704
-0.139278
-0.238269
-0.170476
1.14645
-0.769922
0.606767
1.5885
0.161211
1.24284
0.621399
0.917524
-0.514902
-1.12519
-0.913991
-0.0173561
-0.769994
0.474522
0.144186
0.210596
0.707222
0.0903028
-0.134975
-0.756418
0.380781
-1.20387
0.274909
-0.587236
0.781927
-0.698257
0.366155
1.29564
-0.421207
0.235342
-0.697854
-0.465121
0.385443
-0.293805
-0.791213
-0.0619963
-1.19472
-0.197986
-0.412703
-0.572583
-0.409964
-0.198613
-0.409863
1.12485
0.223893
1.21256
-0.430328
-0.632692
-0.329597
-0.312097
0.169552
-0.469925
-0.518362
0.100887
0.0558199
0.349352
0.336825
-0.608537
-0.407534
-0.178148
-0.0944361
0.88531
-0.0767098
0.414784
1.23934
-0.251055
0.105075
0.282402
0.565353
0.367986
-0.260512
0.274065
-0.845025
-0.00904085
-0.773422
0.444002
-0.472541
-1.67079
-0.418921
1.24928
-0.789732
-0.89364
-0.164144
-0.635355
-0.121883
0.840611
0.546885
-0.662591
0.929281
-0.105489
-1.52402
-1.17388
-0.445822
0.787688
0.54768
-1.0137
0.045019
0.811694
0.0755809
1.09817
-0.619433
-0.379975
0.441063
-0.562533
-0.903964
1.1503
-0.589573
0.102087
-0.120235
0.170566
0.490567
-0.608751
0.191091
0.928746
-0.148978
-0.482222
-1.1559
-1.36394
-0.377486
0.280955
-0.670025
-0.321539
0.641491
-0.570637
0.559676
-0.659
-1.47804
-0.282768
-0.404995
-0.335454
0.15161
-0.385307
-0.249368
-0.230036
0.169314
1.02458
-0.507421
-0.252225
0.345167
0.257264
0.335737
0.205733
0.3872
0.283629
0.202582
-0.861701
1.11603
0.346691
-0.615893
-0.715523
-0.604978
-0.0717337
-1.12242
-1.06172
-0.341369
1.99449
-0.651305
-1.04896
0.422142
0.555511
-0.714826
0.118548
1.85879
-0.441508
0.359331
0.789883
0.471325
0.050471
-0.955861
-0.00349894
0.162758
0.0335931
1.22522
-0.115472
-0.198311
1.36387
1.26095
-0.839289
0.322945
-0.275186
0.376171
0.336355
-1.67215
0.506188
-0.73893
-0.78226
-0.689174
-0.522085
0.736179
-0.163889
1.07639
0.92459
-0.79995
-0.354563
0.393061
0.208381
-0.526653
0.262665
-1.90124
-0.868445
-1.09236
-1.2078
-0.498185
0.0213032
-0.712151
-0.372102
-0.52755
1.57414
0.405727
-0.496096
-0.893997
0.567293
0.315145
-0.340363
1.1138
-0.688546
-0.608704
0.702208
-0.203769
-0.18297
-0.101174
0.636851
1.30762
1.79484
0.159429
0.494397
0.469789
-0.135908
-0.641796
0.58901
-2.04587
0.265312
-0.472528
0.381163
0.239298
0.904873
-0.376661
0.336533
-0.5232
0.754472
-1.21201
0.139933
0.116336
0.207062
-0.402819
1.39677
-0.706403
-0.453859
-0.504435
-0.301586
-0.405822
1.29591
0.309574
-0.375811
-0.406906
-0.444433
0.316847
0.0169902
0.499542
-0.0778462
-0.383355
0.722744
0.601835
0.770123
1.21983
0.722667
0.552591
0.106904
-0.0236409
-0.0487543
1.23752
1.03353
0.190333
-0.186716
0.463788
1.23572
0.408731
-0.280895
-0.116051
1.22408
-1.08297
0.0195114
0.327711
-0.128061
-0.797986
0.084083
0.231433
0.554591
-0.578766
-0.242243
-0.0609809
-0.662849
-0.0126886
0.511687
-0.647074
-0.57313
-0.324629
-0.543719
-0.128607
-0.751281
-0.37698
-0.367489
-0.131961
-0.857659
-0.319764
-0.29743
0.777207
-0.675108
-0.0795426
-0.0664686
-1.51973
0.586414
0.249402
0.296081
-0.2991
0.0304757
0.731383
0.38781
0.67211
-1.18645
-0.824767
0.443375
-0.457991
-0.246481
0.403104
1.005
-0.33115
-0.848576
-1.04102
0.468345
-0.650492
1.44468
0.832998
0.58657
0.929665
-0.295467
-0.339558
0.0271714
-0.123236
-0.872696
0.0515142
0.490263
-0.215497
0.213753
0.72565
-0.105079
-1.40161
-0.255901
1.01832
1.39067
0.784645
0.0311707
-0.622713
-0.6656
-0.453024
-0.421034
0.184712
1.21037
0.365067
-1.07174
0.121333
0.719032
-0.285134
-0.326583
0.832682
0.0408569
-0.68962
0.523697
-0.724506
-0.25238
0.603204
0.658494
-0.0116907
-0.661887
0.611327
-1.23348
-0.0041725
0.659034
0.462621
1.08378
0.350478
0.51481
0.35782
-0.394333
0.232585
-0.324545
1.92861
0.0901119
-0.48084
-0.752374
0.574292
0.079352
-0.0489353
-0.0980719
-0.588518
-1.08037
1.20139
-0.215677
-0.247684
-1.57365
-0.852175
0.192537
-0.606996
-1.54002
-0.343321
0.481929
0.224198
0.259954
-0.458275
-0.203078
-1.15727
-1.38331
-0.749707
-0.213092
-0.0161171
0.198761
-0.0285583
0.412052
-1.40459
0.708132
-0.136754
0.0715872
-1.11027
0.400839
0.258894
0.0921198
-0.427552
-0.503362
-0.815631
-1.00064
1.52376
0.226646
0.510354
0.168926
0.414728
0.406156
1.16914
-1.03609
0.714056
1.20119
0.920274
-1.07031
0.569133
-0.0296527
0.607825
0.410728
0.686399
-0.901948
0.191435
-0.425286
-0.515936
-0.99294
0.107894
0.522362
0.441666
1.42396
0.304824
0.851064
-0.348781
-0.464971
-0.2443
0.693324
-0.560178
-1.24475
0.211466
1.84347
-0.632643
-0.493755
0.443881
0.0900308
0.127929
-0.502097
0.0722332
-1.14231
0.634633
-0.397275
0.732205
0.599712
0.283391
0.330571
-1.56122
0.103388
-0.820598
0.220793
0.0623341
1.09861
0.362658
-0.727862
-0.337444
0.790557
0.907776
0.319028
0.696217
-0.895729
0.347127
-0.530139
0.260768
0.714432
0.982348
-0.94436
-0.834505
0.121376
0.235236
0.499652
0.0367454
-0.651135
1.94856
0.102122
0.0990945
-0.745125
-0.0144629
-0.46487
1.0033
0.269861
0.260706
-0.447951
-0.692655
0.00844406
-0.0784645
-0.476198
-0.534473
-0.38314
-1.70256
-0.654044
0.755399
0.860867
-0.703203
0.123389
0.560881
1.14615
0.914184
-0.479802
0.317216
0.269657
0.0524561
-0.119186
-0.498438
-0.562008
-1.22076
0.830079
-1.19703
0.566562
-1.15331
-0.310877
-0.192599
0.355873
0.103332
-0.086808
0.848252
-0.67258
-0.121896
0.48972
-0.53678
0.95833
0.0835969
1.5752
-1.44243
1.06338
0.0218739
-0.067369
0.252376
-0.357103
0.917439
0.0258498
-0.86023
-0.663709
-0.598467
0.126756
0.721282
-1.16254
-1.13072
-0.323862
-0.79501
0.248736
-0.649129
-0.751059
1.39919
0.173155
0.168962
0.696308
0.766236
-0.0475628
0.27493
-0.751762
0.0991624
0.294876
-0.856741
-0.947996
-0.589353
0.122795
-0.411088
-0.676717
-0.0309772
0.252266
0.0589104
0.721624
-0.618841
-0.320097
-0.510241
-0.419348
-0.0276532
1.03932
-1.01263
-0.122345
-0.306855
0.343371
-0.367136
-0.0946127
-0.0375055
-1.82423
0.195056
-0.549207
1.45965
0.540999
1.51731
-0.127728
0.334368
1.40743
-0.958337
0.766593
-0.67363
1.74884
0.963672
0.16435
0.118132
0.469103
-0.459867
0.920999
1.34225
-0.0109932
0.181447
0.48591
0.864993
0.596444
0.0282662
-0.51112
1.20245
0.233545
-0.0430765
0.346911
1.39636
-0.794576
-0.347491
0.432702
-0.80955
0.736857
-0.226318
-0.23804
0.721068
1.60046
0.436669
0.89518
-0.568475
-0.597396
-0.350398
0.532147
0.17932
0.122519
-0.254589
-0.360948
-0.458981
1.04287
-1.33325
-0.0281652
-1.30124
-0.543406
0.363895
0.371821
1.12102
0.480466
0.837341
0.921542
0.0673863
0.149942
-0.485079
0.659241
0.131871
-0.374096
1.08477
0.192606
0.502924
-0.825413
-0.64087
1.09085
0.822281
0.599598
0.466162
0.260835
0.471002
1.2386
-0.08475
0.294663
-1.33631
0.116046
0.539167
1.17715
0.753843
0.985156
0.445784
1.11011
0.186101
0.0399673
0.94766
0.0596508
0.715005
0.111622
-0.424081
-0.129695
-0.817028
0.652743
0.0406835
-1.17923
-0.938747
0.0412766
-1.17965
-0.142336
0.721649
-0.500756
0.507926
0.0522743
-0.595145
1.87091
1.59085
-0.748774
1.39498
0.383488
1.3756
0.179554
-1.2423
0.164452
-1.27011
0.323543
0.706822
0.260702
-0.774046
0.893779
-0.55586
1.12923
0.922222
-1.35543
-0.704093
0.492815
-0.426265
0.141755
0.437254
1.7583
0.578497
1.14287
-2.43995
0.618439
-0.982307
0.404826
2.20563e-05
0.262236
0.349744
0.965775
0.58405
0.504431
-0.816023
-0.373565
0.667345
-0.279412
-0.135252
-0.599391
-0.731461
-0.769886
-0.00825405
0.184544
-0.0953415
0.434307
-0.145128
-0.196484
0.63925
1.30889
0.0332617
-0.381363
-0.322975
0.817351
-0.518051
0.119679
0.0696341
1.0073
-0.827014
-0.262102
0.508863
0.484942
-1.00176
0.134939
-0.508376
0.779618
0.930981
-0.184167
0.933422
1.19807
0.0887008
-0.543697
-0.0967375
0.19657
-0.157851
-0.471209
0.826084
0.476407
0.157743
1.51131
0.268814
0.198289
0.331056
-0.14451
-0.428991
-0.18132
0.0304885
0.463079
1.04558
-0.845737
-0.72442
-0.417225
0.211579
1.32161
-0.376911
1.44991
0.384831
-0.130804
1.58187
-0.551286
0.42691
-0.342801
-0.836132
0.857019
0.0748216
0.961295
0.273998
-0.540612
0.269894
1.46373
1.76599
-0.129129
-0.342119
-0.105277
-0.76386
0.224047
0.281331
-0.21347
0.0622779
0.207969
-0.877887
1.62237
-0.309447
0.882803
-0.0988188
0.322231
0.223856
-0.885071
-0.161624
-0.75576
0.0885465
1.53134
1.02726
0.770858
-1.23446
1.93983
1.82677
0.78428
-0.688212
-0.462145
0.295998
-0.381682
0.401465
-0.408333
-0.886652
1.16499
-0.800603
-0.316309
-0.176098
-1.65687
-0.27543
0.167312
0.84125
0.0545476
-0.394606
0.320316
-0.283464
1.39106
0.995856
0.360322
-0.328957
-0.70507
-1.22375
-0.226516
-1.11844
0.0766971
-0.596074
1.28184
-0.261528
0.659962
-1.6995
-0.690358
0.646045
-0.148722
-0.187636
1.15034
-0.214993
-0.414794
-0.09267
0.126914
0.658433
0.868341
-0.48314
0.408289
0.426299
0.143856
-0.477495
-0.253563
-0.753979
0.114342
-0.0597646
0.496944
-0.598808
0.670519
-0.96852
-1.61828
1.28472
-0.854672
-1.347
-1.01324
0.24727
-1.19044
0.456421
1.2841
-0.358379
-0.388557
1.2257
0.5075
0.626728
-1.02701
0.320222
-0.675292
-1.54634
-0.268809
-1.06679
0.213454
-0.299094
0.0776427
0.546643
0.587247
0.0833805
-0.179656
-0.283767
-0.980793
0.4791
-1.29372
-0.0409038
1.18572
0.857755
0.0624132
-1.24216
1.22788
-0.355086
-0.288425
0.927467
0.888604
-0.193836
-0.584254
0.00519735
-0.962286
-0.0405061
-0.104914
0.295049
-0.105637
-0.641566
-1.98889
-0.114879
-1.07753
-0.908861
0.680178
0.333139
-0.48812
-0.459355
0.0726962
-0.238957
0.43196
0.248509
-0.0696877
0.667085
-1.4487
-0.416253
-0.756347
0.0413563
1.43881
-0.884357
-0.339117
-0.236732
0.0302644
0.873266
-0.0260547
1.63412
-0.167521
1.2784
-0.757643
-0.278806
0.851458
-0.365987
0.614858
-0.407476
0.442914
-0.355478
0.571904
-0.0539815
-0.163161
-0.7693
-0.722427
0.0547418
-0.401696
0.559617
1.13982
0.553057
-0.392415
2.11244
-0.258178
-0.00108071
0.783952
1.27862
0.811758
1.28197
1.79899
0.269239
0.462401
0.366433
0.494283
0.543185
-0.143056
0.145321
0.404448
-1.03835
0.0502127
1.07122
-0.767338
-0.404156
-0.262029
-0.481406
0.475074
-0.710536
-1.41033
0.234993
0.172729
-0.258964
-0.751589
0.122531
-0.708799
-0.267986
0.273297
-0.350449
-0.064217
-0.846379
-0.576025
0.913322
0.150672
0.622286
0.723164
-0.658244
0.0521601
-0.459568
-0.593602
-0.656512
0.25715
1.15876
0.307886
-0.153639
-0.905826
0.23256
1.48676
0.111965
-0.559954
-0.0592003
-0.0348944
-0.600495
-0.410774
0.994092
0.525261
-0.166789
0.0378476
-0.447875
1.16882
0.373181
0.554671
0.146303
1.21826
-0.244586
1.88077
-0.674616
0.0100789
-1.29975
0.750912
1.3291
0.00822954
-0.389064
0.22856
-0.704933
0.0797124
0.417934
-1.07542
0.123354
-0.113596
1.15681
0.00279664
0.599696
-0.18007
0.116554
-0.385453
-0.218776
0.261676
-1.00638
-0.608607
-1.05231
-0.313255
-0.399334
-2.34978
-0.762504
0.0703593
-0.506144
-1.37505
-0.0148904
0.285216
0.303434
0.473565
-0.574535
0.280109
-0.754109
-0.332366
0.395019
0.0900948
-0.375797
1.25773
1.05763
-0.88939
0.819778
-0.414167
0.034607
0.502491
-1.10974
-0.607641
1.13558
-0.226503
-0.581222
-0.0957101
-0.431916
-0.443186
-0.62778
0.196889
-0.119575
0.393308
-0.244408
0.0552382
-1.20763
-0.263658
-0.667972
0.647275
0.111623
1.3887
0.422957
1.06525
-0.219605
-0.483807
-0.22537
0.0993529
0.740631
2.07414
-0.969626
-0.732875
-0.371185
-1.01605
-0.459221
0.211833
-1.06832
0.35836
0.232914
0.872218
-0.77891
-0.493373
-1.6593
0.993544
-0.751251
0.224475
0.107126
-0.540647
-0.407827
1.09493
-0.295742
-0.751044
-0.0513792
-0.611218
1.25896
0.633813
-1.16222
-0.0305284
-0.132766
-0.503859
-0.269464
0.381821
0.13966
0.993311
-0.92163
0.0628713
0.320303
-0.491271
0.0177987
-1.12751
0.686954
0.116884
0.113056
0.470528
-0.875934
-0.0224865
0.105872
0.934335
-0.298194
0.165929
-0.716248
0.341945
-0.795744
0.636976
0.0756113
0.449013
-0.509885
-0.803644
0.0428069
0.531012
1.12372
-0.956161
0.718887
0.700179
-1.02053
0.616653
-0.320585
0.589711
-0.261801
-0.487675
-0.441229
-0.443566
-0.267023
0.0300248
0.479957
-0.767488
-0.377111
-0.473576
0.0516479
-0.850003
-0.344829
-0.286813
0.571736
-0.414381
-0.596762
0.94793
-0.260989
0.997781
-1.0991
-0.453642
0.227513
0.254088
-0.886809
0.103357
-0.810749
0.264016
-0.681603
-0.594345
-0.338349
-0.64941
-1.37142
0.30781
-1.71269
0.0205782
0.393569
0.92943
0.142827
0.267335
0.417426
-0.463164
-0.167436
-0.3149
-1.2481
0.657158
0.537998
-0.663425
-0.804769
-0.917329
-0.601594
-0.339062
0.368276
0.613037
-0.203922
0.153577
1.60976
-0.616777
2.21836
0.349656
0.133611
-0.316409
0.30205
0.617928
-0.79142
-0.541702
0.341257
0.50599
0.572982
0.992727
-0.275776
0.679974
0.120147
-0.237026
1.41272
-0.00508557
-0.0808901
-0.204389
-0.551721
0.313193
-0.941487
0.632153
-0.805864
0.883194
-0.0172802
0.607447
-0.443128
0.0203476
1.30261
0.337548
-0.337991
0.287346
0.85609
-1.2603
-0.188661
0.228335
0.853004
-0.139797
-1.72664
-0.751244
0.135697
0.181862
0.280955
-0.699903
-0.916009
0.346472
-0.448996
-0.0454036
-0.154715
-0.302334
0.279122
-1.25263
-0.34509
0.013908
0.489769
-0.13464
-1.156
0.593711
-0.685173
-1.60149
1.08234
-0.643392
-0.157234
-0.368492
0.546604
1.05841
-0.490164
1.18586
-0.448335
1.10702
-0.488598
1.07032
-0.584117
0.252122
-0.36721
-0.887718
-1.71475
-0.715718
-0.699004
1.35825
0.113304
-0.0097014
0.884215
0.471695
0.0538531
-0.0640581
1.37484
1.11645
0.781763
0.17496
-0.471883
-0.624908
0.0505083
0.715
-1.01423
0.334547
0.64813
1.19885
-0.640981
0.127265
0.298475
0.596241
0.0353352
0.552795
0.344665
0.509731
-0.538429
0.999877
1.0244
0.720266
0.652483
0.702827
0.808346
0.169521
-0.949447
-0.398723
-0.897077
-0.227481
-0.515417
0.184526
-0.19464
0.525428
-0.173848
-0.707811
0.684813
-0.802734
0.642487
-1.46664
0.699165
-0.388371
-0.505655
1.18756
-0.0110721
0.573379
0.534375
-0.168886
-1.23068
-0.589284
-0.0895623
-1.80982
-0.129382
1.60832
-0.144151
-0.148723
0.397069
0.267782
-1.21174
-1.16924
0.980479
0.113824
0.554537
0.412389
-1.45065
-0.167349
-0.458846
-0.614194
0.736674
0.831515
0.977831
-0.256537
0.516497
0.232059
-0.372839
-0.138495
0.455831
0.921909
1.39139
0.101473
0.480168
0.352048
-0.0885596
1.46052
-0.317762
0.985896
-1.02149
0.0567302
-0.755934
-0.236919
-0.0890292
-0.059426
-0.637864
0.0718122
-0.124487
1.02086
-0.336178
-0.757006
-1.53331
-0.425249
-0.25255
-0.0168004
0.187037
0.0627449
-0.175451
0.221214
-0.457362
0.803294
0.927895
-0.719539
-0.35451
0.530486
0.162829
-0.252165
0.263148
-0.150837
-0.274368
0.767267
0.104556
0.188559
0.0861702
-0.328087
0.00708187
-0.526144
-1.20545
-0.450885
0.436745
-0.0198347
-0.153653
-0.802123
-0.234847
0.639019
-1.00682
0.0381009
0.305412
0.0145452
-0.228981
-0.15756
0.175612
-0.896677
-0.842752
-0.421934
-0.716735
0.716032
0.717843
-0.0922645
-0.495667
-0.851383
0.882439
-0.90223
-1.0202
-0.0563691
0.277434
-0.104272
0.221593
0.279962
0.750913
0.194844
-0.0443499
0.164164
-0.721963
0.104491
-0.386474
1.45515
0.0432048
1.49626
-0.160993
-1.46854
0.141262
-0.841783
-0.354015
1.47949
0.0721054
-1.27689
-0.880559
-0.737684
1.08569
0.0482862
0.390076
0.161754
-0.347396
-0.022721
0.700371
-0.219803
-0.29733
-0.00667039
-0.561728
1.18281
-0.0946353
0.598981
0.611865
-0.569033
0.687141
0.458548
0.85026
-0.465307
-0.0016156
-1.11896
-0.256148
-1.15763
-0.126143
0.353983
0.109217
-0.776245
0.162262
-0.50942
-1.19226
-0.135587
-0.445093
0.614218
-0.517448
-0.266055
0.993124
0.902358
0.337466
0.162262
0.370846
-1.02386
0.573159
0.239894
0.0936179
0.843491
-0.481749
0.37896
0.0222835
0.712241
0.0578523
1.60922
0.0187481
-0.699494
-0.145823
0.650899
-0.548275
-0.181378
0.280799
-0.741724
-0.087515
0.996778
-0.345569
0.480279
-0.392907
-0.286855
-0.255263
0.371204
0.382174
-1.16668
-0.959997
-0.35418
-0.487506
0.367216
-0.0108885
-0.670291
0.0162685
0.650768
1.1535
0.647667
-0.0279607
0.163155
0.136149
-0.582883
0.669453
0.0333742
0.818265
-0.370877
0.342123
0.114992
0.116484
0.383531
0.414771
-0.182492
0.5675
0.510923
0.0111266
1.10367
0.158769
0.423629
-0.607281
-0.375935
0.060003
-0.242739
0.466682
0.784342
0.446054
-0.174966
1.00114
0.993759
-0.51071
-0.0735686
-0.565332
0.631697
-0.265994
0.96932
-0.956278
0.620941
-0.429194
1.31052
-0.00997335
-0.688857
-0.653398
0.175381
0.179828
-0.24305
-0.346006
0.814756
-1.05253
-0.527735
-0.284402
0.940598
0.97204
0.100836
-0.290755
0.18319
1.05796
1.30169
-0.539203
1.2684
-0.903092
-0.523191
0.242212
0.854242
1.32631
0.711247
-0.141663
-0.165937
1.69523
-1.14723
0.771409
0.0131377
0.935303
-1.09199
-0.109516
0.141223
0.931449
0.338081
0.379126
0.986782
0.322131
0.705111
-1.94885
-1.51738
-0.969397
0.709937
0.345882
0.828064
-0.985509
0.772538
-0.493375
-0.343475
-1.05943
-0.0903076
-0.264348
-0.339086
-0.088999
0.421643
0.8092
0.733266
-0.159197
1.16343
-0.44883
0.0944524
-0.0079999
0.369755
0.117713
0.809004
0.213916
-0.498317
-0.067624
-0.431594
0.16014
-0.146185
0.066411
0.013788
-0.961946
1.09307
0.190137
0.128119
0.786157
-0.364449
0.38045
-0.603026
-1.03184
0.33933
0.660448
0.414054
0.273231
-0.475259
1.18849
0.0405183
-0.152332
-0.131665
0.816919
-0.573526
0.408129
-0.28727
0.381643
0.328017
0.619863
-1.85983
-1.62523
1.42458
0.296057
-0.677461
-1.97834
0.185719
0.030287
0.239541
-0.584945
-0.56592
0.240296
-0.634196
-0.0907673
0.20057
1.01423
-0.340972
-0.472657
-1.08302
0.522104
0.27121
1.08921
0.0182032
1.23152
0.0534187
0.0471619
0.755337
-0.457652
-0.0978327
-0.129989
0.794704
0.863355
-0.832526
0.258952
-0.571403
-1.40282
0.416104
0.246115
-0.0568205
-0.355704
0.210407
0.661431
0.217331
-0.243071
-0.863619
0.270444
-0.0268211
0.139387
0.301535
0.0433118
1.2777
1.19895
-0.153301
0.272084
-0.801177
0.165509
0.446204
-0.352615
0.761297
1.56595
-0.632667
0.274234
-0.275826
-0.979081
0.175327
0.436584
0.724168
0.603202
0.506889
0.719777
0.37313
0.908671
-0.116835
-0.474145
-0.534561
-1.51859
0.8438
-1.32615
-1.16667
0.818512
-0.0494858
1.00858
-1.28732
1.78136
-0.116536
0.359871
0.221494
-0.30713
-0.828957
-0.997959
0.137104
0.350309
-0.0386066
0.838959
0.00325126
0.0656891
-1.84466
-0.574209
0.0720966
0.205003
-0.063896
1.18613
0.79634
0.737883
1.09576
-0.284277
-0.558478
0.228726
0.154664
0.171264
0.46417
1.33396
-0.0869288
0.142829
-0.418615
-0.169488
-0.782199
-0.807526
-0.494357
-0.106404
0.418827
-0.0991239
-0.267752
1.65556
-0.0104401
0.578978
-0.209046
0.822541
-0.75851
-0.708287
0.394309
-0.0713929
-0.315814
0.0723229
-0.152082
-0.588614
-0.0788102
0.584185
-0.323513
1.04583
1.5453
1.2431
-0.546856
-1.20037
-0.705006
0.04811
0.293884
-0.509766
0.139156
-0.942429
-0.591914
0.0800248
0.333832
0.0502919
-0.625936
0.478335
-0.791821
-0.000226139
-0.465982
-1.05808
-0.880566
1.0101
-0.339533
-0.0920021
0.111312
0.170645
-0.555717
-0.243675
0.105883
0.388102
0.106967
0.0815987
0.512591
0.472107
-0.648785
0.34336
0.285668
0.38914
-0.710201
0.199238
1.25445
-0.240096
0.201975
0.636742
-0.50625
-0.125296
1.63758
-0.454743
1.06811
-0.374775
1.05371
-0.690545
-0.785885
0.151304
-0.0289897
0.828363
0.0656208
-0.269095
0.161214
0.318884
0.0498989
-1.71829
0.0619105
-0.541765
0.0844749
0.298559
-0.137549
-1.07348
0.883075
-1.9015
-0.865034
-0.438336
0.854133
0.396829
0.361366
0.854041
-0.35029
-1.47639
0.330055
-0.489583
0.442655
0.166149
1.81731
0.118628
-0.467022
0.928546
-0.630165
-0.278056
-0.495008
0.689889
-0.0440284
-1.26526
-0.850342
0.607971
0.00713329
0.191619
-1.23026
-0.472299
0.247961
0.446034
-0.711085
0.792952
-0.991765
0.233476
0.676525
-0.764184
-0.0889369
0.493053
1.11583
0.88859
0.403078
-0.209407
0.677234
-0.33424
-0.0930292
-0.236167
0.42877
0.606839
0.291915
-0.0286424
0.385052
-0.0713671
-0.183814
-1.15929
0.432584
0.566313
0.187336
-1.11463
0.962046
0.651047
-0.669456
1.23341
-1.18974
1.2202
0.494519
0.0151932
0.182127
-0.305307
0.505285
0.637715
-1.1234
-0.456532
-0.150119
0.987659
0.398043
-1.44686
-0.198654
1.06513
0.782067
-0.922631
0.322847
-0.062019
0.236603
-0.160843
0.129905
0.899747
-0.0687655
0.458658
-0.606725
-0.441167
1.15368
-0.653304
-0.15416
-0.756885
-0.483103
-1.00128
-0.483127
1.02609
-0.139606
0.163
-0.601687
1.02914
-0.94179
0.0281048
-0.550798
0.965369
0.800567
-0.221751
0.763868
-1.10604
0.236429
0.590253
0.442753
1.27058
0.269397
-0.117126
-0.970516
-1.00458
-0.332641
0.864654
0.517566
-0.0731882
-0.916846
0.208975
-0.611735
-0.273514
0.054312
0.283142
0.316191
-1.12447
0.15594
1.14902
1.11824
0.446945
0.123945
-0.311359
-0.092155
0.420602
-0.399237
0.917006
0.311044
-1.17711
0.0233825
0.523088
0.283169
-0.200332
-0.0192893
0.120669
0.313658
1.45221
0.183888
-0.336228
-1.08759
-0.197745
0.563679
-0.810756
0.510715
0.694885
-1.03645
0.595414
0.290977
0.00516853
0.631879
1.37021
0.715204
-1.35284
0.154049
0.840378
-1.12664
-0.276735
1.01374
0.596175
0.250056
0.368578
0.217121
1.01559
-1.09697
0.763477
-0.807496
0.173963
-0.756683
-0.244341
-0.531137
0.531295
-0.27622
1.33643
0.290843
0.648447
-1.4201
0.300678
0.368586
-0.943715
0.561069
-0.907977
0.0958921
0.652519
0.460998
-0.283972
0.593482
0.949733
0.764642
0.710595
-0.0818177
-0.591557
-2.24732
-0.424233
0.472235
-0.539042
0.0322897
1.19915
-0.444978
0.540582
-0.445575
-0.620476
-0.26322
0.416926
0.392812
-0.343349
0.657344
0.502234
0.0834166
1.40618
1.17107
0.735084
-1.07822
-0.263036
-0.467497
1.08388
0.392999
-1.41161
0.0856582
-0.776744
0.394482
-0.059284
1.20404
-0.0154026
0.987612
0.0288465
0.0963827
0.239905
0.916016
-0.543754
0.956609
0.812921
1.01381
0.2795
-0.606017
-0.394703
-0.504154
-0.85572
-0.0404746
-0.272313
-0.245638
1.25455
-0.475804
0.0675944
-0.572459
-0.785468
-0.128218
-0.942659
0.645016
-1.05419
-1.22211
0.507775
0.0887105
-1.67424
0.180208
0.658895
-0.451732
1.52588
1.31477
-0.00248048
0.520625
-0.298012
0.259927
0.791161
0.259981
-1.28252
1.63248
1.0335
0.349072
0.130824
0.460405
-0.687229
-1.13131
0.643031
-1.46802
-0.802844
-0.17908
1.09294
0.274277
0.102044
1.09057
0.598755
-0.138893
0.902527
-1.48901
-0.239657
0.0345259
-0.579356
-0.811842
-0.466709
0.139645
0.620397
0.222954
-0.984847
0.46481
0.266111
0.577437
-0.929319
0.294184
0.12153
-0.239541
-0.148237
-0.574925
0.438984
-0.902123
0.402023
-0.829647
-0.573408
0.455007
0.602631
-0.769532
0.0232153
-0.824865
0.84782
-0.503025
-0.826515
-0.0823511
-0.093982
-0.367478
1.70929
0.472742
-0.731566
-0.127804
-0.374389
0.907306
-0.0296009
-0.471282
-0.357652
1.26107
-0.0311772
-0.396122
-0.786284
-0.632881
-0.614138
-0.897777
0.278176
0.806432
-0.184582
0.197053
-0.0900022
-0.584018
-1.10246
0.423505
0.521667
-0.637361
0.784224
-0.171765
-1.34474
-0.981787
1.41279
-0.725185
0.685595
1.62942
-0.768106
0.27163
-1.10663
0.561579
-1.11077
0.255941
0.422773
1.07596
0.742463
0.67678
0.132707
1.16078
0.0150863
0.822608
0.3175
-0.409676
-1.06633
0.112883
-0.294206
1.29885
-0.0886305
-0.536696
0.442853
0.202606
0.055146
0.0489911
-0.001351
-0.988809
-1.02155
-0.656185
-0.799124
-0.252958
-0.891232
-0.521679
0.737978
-0.84919
-0.211768
0.8488
0.343842
-0.577674
0.515851
-0.308258
0.518125
0.209007
-0.50452
-0.0514083
-0.85638
0.193351
1.11974
0.287082
1.64352
1.18495
0.553642
0.474937
1.72331
0.459408
-1.02435
-0.234866
-1.0866
-0.291628
-1.03573
-0.353558
0.363682
-0.810378
0.500641
-1.06727
-1.00428
0.110733
-0.23191
-0.335386
-0.554601
-0.186941
-1.24002
0.12554
0.149524
-0.178805
1.09884
0.698395
0.30583
0.219871
-0.60793
0.893929
0.505654
1.02885
0.562333
0.40599
-0.214099
0.295314
0.0618777
-0.335031
0.148156
-0.939014
-1.1783
-0.168755
0.0700649
-0.686217
0.147177
-1.09843
-0.302167
-0.973768
0.879599
0.771313
1.09727
-0.461883
-1.75746
-0.318313
0.0452647
-0.568696
0.983899
-0.678038
-0.162781
0.74773
-0.0601456
0.729765
-0.907145
0.929199
-1.6286
-0.70312
-1.06056
-0.572514
0.495836
0.0909463
-0.0927765
0.173613
-0.795356
-0.454292
-0.139963
0.502775
-0.628704
0.765605
-0.74205
0.570116
-0.31057
0.551632
-1.80394
-0.09236
-0.0368551
0.0477263
0.315137
0.897646
0.36407
0.028998
0.0664573
0.239698
0.143653
0.106548
0.106806
-0.384215
-0.0105659
-0.397837
-0.722327
-0.201713
-0.758687
0.303763
-0.83763
-0.556352
0.815753
0.772502
0.483662
-0.480186
1.00283
-0.26075
0.775261
0.375245
0.798707
-0.675261
0.515459
0.261081
-0.0927168
-1.09178
0.751559
-0.713253
0.567288
1.75791
-0.904246
-0.68166
0.89491
1.20008
-0.945477
-1.67558
0.96177
0.554206
-1.265
0.299285
0.52646
-1.66906
1.10491
0.833383
-0.192572
-1.14831
0.712302
-0.328225
0.285681
-0.590262
0.346263
1.55194
-0.228972
0.411143
-0.0829809
0.818893
-1.00849
-1.06561
0.0572365
0.0286485
0.624128
-0.359844
0.0513557
1.35921
0.903588
-0.139423
-0.24279
-0.704673
0.954164
0.207529
0.280739
-0.378282
-0.531249
0.664406
-0.439921
0.0161269
-0.068568
1.00975
0.273351
-0.75751
0.459361
-0.580466
0.290666
-0.389977
0.453784
0.863792
0.459639
-0.934313
-0.707082
-0.146633
0.717209
-0.477896
0.625813
-1.01504
-0.700492
1.20486
0.122448
0.764587
-0.533687
0.281785
0.710642
1.03144
0.785661
0.204714
0.257217
0.216978
-0.0608342
-0.210983
1.09532
-0.158946
-0.162872
-0.290503
-0.29985
0.157509
-0.455456
-0.745226
-0.350938
-0.536131
-1.11417
0.0741062
0.522045
1.55098
0.429662
-0.944271
0.219476
-0.4056
-0.0525376
0.195281
0.778503
-0.411608
0.0560349
0.324626
1.36029
-0.0981296
-0.950721
0.112475
-0.317836
-0.294159
0.0467745
-1.3958
-0.103744
0.976591
0.523976
0.0697293
0.455866
-1.42719
1.67564
0.812261
0.498808
-0.173083
-1.57216
0.522533
0.492934
0.28316
0.674484
0.15132
-0.0783108
0.159136
0.194243
0.883624
0.117518
-1.51403
0.855399
0.132792
1.70744
-0.397459
0.107684
-0.477761
-0.703188
-0.838946
0.546777
-0.0152196
0.612545
-0.542294
-0.916744
-0.579228
0.370458
0.841211
1.20524
-0.321941
0.870527
-0.79136
0.175449
-0.0355031
-0.239304
-0.933563
-0.49765
-0.0444606
0.171595
0.33059
0.454344
0.117486
0.119671
-0.219387
-0.588739
-0.871591
0.502291
-0.0772902
0.203159
1.3797
-0.710853
0.783543
0.467979
0.847413
-0.0456785
1.20676
-0.347241
0.250098
0.115231
-0.185144
-0.997977
-0.149805
-0.943755
0.592467
0.055126
-0.430556
0.80948
0.0253932
-0.844321
-0.0862335
0.256646
-1.14173
-0.141962
0.510332
-0.977052
0.0348737
-0.902556
0.298439
-0.405516
-1.52581
0.00180447
0.680318
-0.57112
-0.924406
1.41379
-0.949321
0.738056
-0.0694566
-0.283284
0.467532
-0.093799
0.237975
0.533458
-0.468155
0.384701
-0.0595989
0.315729
-1.18274
-0.732987
-0.421246
0.0737073
0.32924
0.107176
0.138736
0.275115
0.480844
-1.47353
-0.789723
-1.40502
-0.848688
-0.392103
0.0542564
-0.118077
-0.0819868
-1.04866
-0.264589
-0.147705
0.332663
0.635782
0.571716
-0.598659
0.380964
-1.76598
-0.227577
0.0403281
0.74273
0.0417429
0.49109
-0.0580825
-1.769
-0.413789
-1.15146
0.345643
0.256856
-0.137119
-0.4578
-0.183158
-1.15771
1.32113
0.0955517
0.386451
0.359982
1.02661
-0.737854
0.220315
0.622161
-0.96543
-0.306828
0.869334
-0.80935
-0.202872
-0.111123
0.492534
0.123533
0.427249
-0.140552
0.423536
0.0284915
-0.578328
1.48086
-0.374121
0.710283
0.12004
0.989208
0.198697
-0.29616
0.16088
-0.603852
-1.48768
-0.840519
-0.374234
0.319095
0.100414
1.0559
-0.484253
0.403383
-0.758392
-0.329809
0.711707
1.17949
-0.625338
0.288401
0.144301
-1.15081
-1.0161
-0.381019
-0.187589
-0.981504
0.867809
1.10412
-0.318123
-1.23806
1.18156
0.112289
0.461439
-1.55365
-0.0469938
-0.0923274
-0.487517
-0.93599
0.483058
0.620943
-0.0756185
0.134803
0.0131523
-0.0335246
0.482834
-0.136781
0.359232
-0.122298
0.236253
0.075023
0.387199
0.535035
0.18018
-0.135024
0.751513
1.46678
0.118987
-1.74178
0.261025
0.0962401
-0.867327
-0.664569
-0.34714
0.241816
0.392283
1.22814
-1.15841
0.518532
-0.426182
0.233962
0.564175
-0.603649
1.40184
-0.316474
-0.414554
-1.00125
1.15298
-0.264756
0.917332
-0.81409
-0.170142
0.0491851
-0.401653
0.631003
-1.03366
0.933161
-0.596313
0.198064
-0.580333
-0.471377
-0.118194
-1.06135
0.0460175
-0.603927
-0.314994
-0.12166
1.10004
0.336974
0.381938
-0.0894139
-0.27868
-0.320032
0.189111
0.629302
0.235754
-1.14299
0.0692105
-0.425645
-0.479897
-0.606066
-0.0803907
-0.209033
-0.434448
1.30369
-0.58595
0.339358
0.625832
0.0100795
-0.871127
-0.198579
-0.158022
-0.0848713
-0.796493
0.857669
0.982026
-0.790602
-0.0842569
0.899033
0.0673955
1.64233
-0.412504
0.189571
-1.12416
-0.103745
-1.9318
-0.173281
1.12493
-0.214927
0.374655
-0.605872
-0.829415
0.809929
0.504442
-0.379365
-0.579225
0.384449
-1.03679
1.54968
-0.95154
-0.456543
-0.377862
0.64297
0.313765
-0.0144418
0.332393
0.291004
-0.028419
0.0771696
-0.0360593
0.223221
0.424755
0.0274232
0.0843899
0.0927985
0.701285
0.752452
0.719585
0.308477
0.107257
-0.598393
-0.816083
0.246078
0.911273
0.316484
-0.758744
0.458669
-0.884984
0.319347
-0.147351
-0.177139
-0.465047
-0.243533
0.111846
1.29699
0.980085
-0.582613
-0.879289
0.173645
-0.56939
0.631451
-1.42879
-0.66648
-0.743237
-0.971736
-1.03081
0.21411
1.08613
-0.077017
-0.491209
0.683708
0.526285
0.315382
-0.0224814
2.39623
-0.291933
0.455165
0.0940749
0.246236
0.157939
-0.479631
0.904945
-0.202479
1.02736
-0.893385
-0.549264
0.233953
0.723219
0.293111
0.966506
-0.187595
-0.226057
-0.723861
0.403481
0.656701
0.857747
-1.40733
-0.0428965
0.166076
2.42639
-0.955028
-0.44759
-0.223256
0.084867
-0.458445
0.260572
-0.154727
0.829051
-1.73851
-0.720362
0.0304589
0.0926887
-0.153957
-0.375613
0.177382
1.28001
-0.251476
0.498864
0.146028
-0.270912
-0.0985323
0.606123
-0.272057
0.978174
-0.0757428
-0.122497
0.0134027
-0.170692
-0.479495
0.719147
-0.374123
-0.54435
-0.589402
-1.98452
0.560359
0.578163
-0.680703
-0.637275
0.794778
0.493701
-0.561052
-0.498913
-0.958952
-1.02606
1.27401
0.603842
0.421684
0.39619
-1.31553
1.20594
0.162909
1.36847
-0.181503
-0.288877
-0.235674
0.0487292
-0.259404
-0.831468
0.488564
-0.43905
-0.666179
-0.08809
-0.0430868
-0.600249
-1.08606
-1.10827
-0.573836
0.918562
-0.618271
-1.03865
-0.675097
-0.0386417
0.801258
1.20843
-0.843291
-1.19088
-0.0217791
-1.15021
1.31871
0.601784
-1.31612
-1.02478
0.225367
-0.409517
0.934366
0.182251
-0.120342
0.888389
-0.474679
0.317757
-0.995093
0.389036
0.312269
0.751771
-1.28287
-0.953984
0.186203
0.197415
1.11419
0.461033
-0.00797129
0.32314
-0.175217
1.10718
0.734553
-0.199855
-0.564296
0.731812
-0.203076
-0.893984
0.179441
-0.817931
0.473736
1.18352
-0.195971
-0.80941
0.240102
-0.419882
0.305187
-0.743629
0.56127
-0.108541
-0.494946
-0.292976
0.302307
-0.199996
-0.550163
-0.125468
0.881365
-0.389534
-0.588874
1.61157
0.13467
-1.02948
-0.169008
0.16396
-0.691567
-0.334897
-0.602532
0.372712
-1.17544
-1.60835
1.40864
-1.18892
0.460231
0.0379476
-0.18151
0.132175
0.278325
1.15731
0.793507
1.55684
-0.165537
-0.688412
-0.322015
0.433921
1.05853
-0.565423
-0.0173116
-0.666081
-0.105201
-0.198842
-0.0860249
-0.181452
0.33607
0.631612
0.31834
-0.120628
0.352199
-0.963744
0.214726
0.249992
-0.612659
0.899781
0.882713
0.454869
-0.680791
0.190588
-0.272701
0.383576
-0.667047
0.420598
-0.316068
0.251704
-0.0171776
1.23062
-0.417353
0.189301
-0.499716
-1.12062
0.332311
-0.356735
-0.911271
-0.095998
0.938239
-1.02697
1.24702
1.79048
0.83079
-1.17062
0.277841
0.967585
-0.765138
-0.117841
-0.399672
1.24507
0.357514
-0.805392
1.05355
0.301968
-0.86094
0.465595
0.915256
-0.870531
0.594177
0.429339
0.432823
0.930634
0.194459
0.355493
0.0680474
0.192793
0.796826
0.190317
0.661906
-1.30396
1.04265
0.00952109
-0.033931
-0.100159
0.240619
0.115035
-0.424462
1.03244
-0.0645373
-0.205548
-0.318332
-0.432003
-0.210435
-1.09746
-0.584773
-0.623817
0.139356
-0.494105
-0.460918
-0.987193
0.676044
-1.48643
-0.207094
0.0560247
-0.62244
0.357154
0.0138812
-0.601722
-0.271994
-0.426735
-0.998877
0.111127
-0.169434
0.0953518
-0.333686
0.519652
0.765372
-0.08985
-0.559224
-1.57485
0.709031
-0.269476
-0.43763
-1.39312
1.41168
-0.603958
0.332823
-0.112112
0.490222
1.06345
0.121564
0.306339
1.67711
-0.493039
-0.707869
0.942503
2.11571
-0.92258
0.0559607
0.112413
-1.00453
0.344855
-0.619836
0.160671
-1.87203
1.19669
0.586954
-0.182541
-0.327207
1.01953
-0.218517
-1.4171
0.268732
0.194002
-0.362234
-0.463627
-0.227634
0.150379
0.0235107
-0.401652
0.660128
0.268634
-0.621779
-0.914586
0.362471
0.59454
-0.473809
0.531775
-1.08087
-0.964574
0.0368697
1.14855
-0.0687875
1.28437
-0.86172
0.898547
-0.456907
-0.574859
0.11575
1.08904
1.15892
1.20805
0.0214981
0.967072
-0.346072
0.716718
-0.231836
0.705919
-1.21279
-0.29968
0.477733
-0.483221
-0.253771
0.343125
-0.496501
0.0805099
1.06954
0.65683
-0.082145
-1.17335
-0.0309606
0.439325
-0.230171
-0.738149
0.194244
1.27775
1.41305
0.610776
-0.180542
0.819957
-0.0155483
-0.172927
0.229321
-1.77252
-0.144853
0.926908
1.05177
0.80779
1.61344
-0.585275
0.732734
-0.622267
0.76279
-2.31266
-1.39055
-0.210216
0.605534
-1.82187
-0.140129
-0.707175
-1.34725
-0.104232
1.03212
-0.509375
0.123617
0.241922
-0.480229
-0.0252692
-0.117328
-0.8719
-0.261214
1.41934
0.295659
-0.548786
-0.619073
0.452917
0.160087
1.17224
-0.309876
-1.01045
-0.517865
-0.66156
-0.503005
0.571239
0.703246
0.460544
0.317423
0.0794151
-0.28592
-0.224394
0.0518347
-0.519299
-0.742843
0.150712
-1.098
0.327536
-0.074152
-0.777242
-0.0327964
-0.738436
-0.0479696
0.949731
-0.152295
0.0644405
-0.292173
-0.606149
1.66992
-0.262499
0.23256
-0.598362
-0.333741
0.991333
1.19003
-0.0364337
0.263995
1.03423
0.613506
0.736283
-0.401114
-0.706415
-0.58516
-0.901866
0.329323
-2.87577
0.748066
0.160736
-0.519976
0.253053
-0.548468
0.858971
0.695273
0.566951
-0.231446
0.181001
0.68952
-0.986592
-0.569448
-1.24213
-0.790681
1.40402
-0.128569
0.461091
-0.110169
-0.0442011
0.651511
0.80229
-0.176093
1.36541
0.397805
-0.110647
0.178062
-0.640769
0.463142
-0.0257879
1.3054
0.530213
0.374243
0.00351141
-1.09972
0.181474
-0.781502
0.722162
-0.204103
-0.937762
-0.286831
-0.11973
-0.661782
-0.00623933
-1.57264
-1.20649
0.388341
-0.147838
0.15857
0.987724
0.925931
0.292443
0.754741
-0.670084
-0.288949
-0.77688
-0.162674
-0.394185
0.295569
0.580369
-0.516667
0.438587
-0.124252
-0.598136
0.195463
-0.849573
0.89512
-0.298456
-0.493065
0.25814
0.260828
0.422024
0.408651
-0.832061
-1.47513
-0.485653
0.921874
0.0505139
-0.138121
-0.250242
-0.170329
-0.986359
-1.1515
0.492699
-0.232667
1.13173
-0.219945
0.10225
-1.2759
0.926329
0.99499
0.0967918
0.821948
-0.234247
1.14917
0.0108084
0.714259
-0.287726
0.454879
-0.242058
1.44935
0.517522
-0.461208
0.308963
0.544236
0.532938
0.124554
0.535669
-0.57291
-1.12815
0.758812
0.749946
0.450542
0.491388
-0.228103
0.979086
-0.18537
-0.544824
0.684539
-0.706442
-1.14028
-0.819071
0.121144
0.557667
-1.25128
-0.0220676
0.698533
0.0172673
-0.678637
0.702127
-0.164977
-0.00288751
0.0629503
-0.0829265
0.876795
-0.0156915
-0.0145636
0.605051
0.068827
-0.382601
-1.1338
-0.780692
0.0947714
1.14664
0.0612848
1.17406
-1.09068
0.888923
-0.723726
-0.130604
0.424003
-0.533622
-0.435657
0.122
0.339834
1.07052
0.228629
0.538586
0.253548
-0.515774
-0.0593878
0.488692
-0.243582
-0.239787
0.233891
-1.34205
-0.423409
-1.54691
0.202365
-0.528524
-0.165849
-0.472971
1.16609
-0.123943
0.427902
-0.729461
-0.692421
0.155751
-0.202331
-0.790646
-0.775718
0.904935
0.511018
0.27363
0.581155
-0.00248704
0.517012
-0.143691
-0.766498
-0.851193
0.600416
0.867126
-0.74798
-0.144616
-0.32511
0.660426
-0.98185
-0.973176
1.03957
-0.645051
0.368974
-0.281202
0.379953
0.113998
0.50217
-0.218692
-0.957157
0.0893785
0.209214
0.0426402
0.485959
-0.730945
-0.907256
-0.566299
0.509512
1.28038
-0.17238
0.647865
0.968505
-0.394846
-0.195096
0.851199
-0.93433
-0.555849
0.408088
-0.0949189
-0.147936
-0.0320589
-0.686515
-0.846812
-0.652171
1.08531
0.467934
1.08256
0.41358
0.622703
-0.371097
0.313013
-0.47762
-0.949713
-0.38714
0.822044
0.367103
-0.31038
-0.547814
-0.495172
0.371769
-0.966983
-0.0671507
-0.0595494
-0.874366
0.0599419
-0.640493
0.18781
-0.412388
0.119746
0.314624
0.687937
0.968467
-0.808796
-0.723287
0.174924
-0.234914
0.999749
-0.141813
-0.964752
0.722776
0.740253
-0.551898
1.40089
0.863139
0.0514979
-0.383099
0.379681
-0.694186
-0.131184
0.269786
1.73049
0.0539921
-0.733108
-0.264337
0.0154108
0.225614
0.768014
0.764261
-0.16251
-0.00412834
0.663612
0.689671
-0.392947
-0.491774
-0.0438755
0.0585199
0.758603
0.586828
1.1718
0.40252
0.835458
-0.0904967
0.713752
0.200468
0.756745
-1.31619
1.5828
-0.359915
-0.384764
0.414658
0.360087
0.361135
-0.51351
-0.413534
-0.8901
1.35379
-0.719799
0.453684
-0.279609
-0.383091
-0.290772
0.487715
0.983743
-0.00323782
0.459402
0.226636
-1.04331
-0.106136
1.58131
1.04789
0.0141134
0.37666
-0.505027
-1.91819
0.671548
-1.24644
-0.331285
0.0441649
0.935683
