0.623143
-1.76043
1.32747
-0.0655474
0.186224
-1.19117
-0.267024
2.35036
0.179609
0.893492
1.44849
-0.717041
-0.686436
2.80952
2.08661
0.922545
-0.665342
0.430968
-0.0502931
-0.38041
2.30803
1.07736
1.56927
-1.83005
0.0624622
0.0180162
1.28756
-0.0659328
0.0980308
-2.18767
0.812065
0.163792
2.0108
1.0501
-0.227888
-0.487483
0.106867
-0.893698
2.67776
-1.0385
-1.2191
1.25501
0.281595
-0.644754
-0.681376
-0.301748
1.87341
0.502687
0.501473
-1.58383
-0.469988
1.20683
1.22439
0.172083
0.514074
0.702365
-0.668759
1.41685
-0.726072
-1.7961
1.00654
0.704998
0.240915
1.81132
0.348379
0.752322
0.933291
-1.92162
1.28141
1.33243
-1.10464
-0.957761
-0.263783
1.66822
0.924324
0.436734
1.26269
-1.47553
-2.10285
-0.95709
1.95976
0.905302
-0.438502
-4.24759
0.0331306
0.164196
0.708539
-0.0870722
1.10903
0.567868
-1.7919
1.24981
-1.24737
1.33068
1.76421
-0.41351
-0.244287
2.46391
2.15713
1.53173
0.262009
-0.238122
1.79204
0.241911
-2.44765
0.782904
-0.1866
-0.103666
0.690763
0.526162
2.67554
1.48196
0.481631
1.04587
-0.102572
-1.20542
-0.285605
-0.882285
-1.12859
-0.80979
-0.308747
-2.41488
0.680691
0.545164
2.1954
1.14006
0.370691
-0.76613
2.63424
-0.158413
-0.5683
-0.426718
-0.771669
-0.177869
-0.511455
-0.677475
-0.965219
0.833752
-1.51181
3.05395
-1.41311
-1.04099
-0.224347
-0.453461
-0.344371
0.306304
1.11047
0.496042
-1.0883
-0.552237
0.412443
0.365525
-1.23062
-0.363251
0.0770852
-0.556927
-1.68179
-0.0481991
-0.732233
0.924333
0.39821
-0.0852035
-1.24206
-0.731393
0.805131
-0.191583
0.736262
1.36812
0.95716
-1.80208
-0.030805
0.222905
0.097833
0.255694
-0.217695
-1.84296
-1.06248
0.731184
1.7835
0.0291779
-1.497
-1.61241
-0.967961
2.90973
-0.451254
0.717926
-1.46328
1.2433
1.29669
-1.89361
-0.155292
0.226609
1.69206
0.404253
0.130721
-0.209099
-0.302652
-0.692159
0.760516
0.417057
-0.642486
-0.616713
-0.171273
-0.0353184
-0.517753
-1.51373
1.58819
0.990135
-2.15234
0.368963
1.98937
-0.00784181
-0.829942
0.168233
0.796801
-0.385992
1.45416
0.0314402
0.0291296
1.90049
-0.59359
1.74518
-0.786789
-1.36406
1.41777
0.818605
-0.0613314
-0.438917
-0.758353
0.876507
2.28798
0.784017
1.63416
-1.348
2.01035
0.608499
0.120161
1.25807
0.0127743
0.536627
-1.97818
-2.29517
-1.29285
0.249523
-2.055
2.71126
1.20076
-4.54766
1.10935
0.295138
1.35631
-2.08561
-0.446524
0.346258
-0.863933
0.450575
-0.327152
0.334549
0.797463
0.293674
-1.5946
-1.69186
-1.28717
1.78968
2.41257
-0.558132
0.70893
1.21269
2.25272
0.367916
2.00407
0.334494
0.211714
0.0920588
-0.106885
2.08464
-0.0223854
0.401159
-0.324423
-2.51717
-0.32822
-0.391133
0.618998
-1.19842
1.90517
-0.208491
1.423
-0.243575
0.739608
1.16737
0.369971
-0.614785
-0.263819
-0.262015
0.0160202
0.182205
1.07395
0.882024
3.15136
-0.562421
-1.62088
-0.00488908
0.400598
0.184335
1.85962
2.99604
1.41962
-0.496466
0.469574
0.0718933
-0.0133597
0.068573
4.09956
1.39863
1.47719
-0.501594
-1.39118
-1.14469
-1.32514
-0.425212
-3.30686
0.583505
-0.760741
0.638629
-1.02325
-0.699127
0.364177
1.50397
-0.973589
1.11689
-0.991536
-0.439601
-0.38269
0.838554
0.292166
-0.469023
2.38075
0.972427
-0.583347
-0.925681
-0.437811
-1.38036
1.53572
-2.29843
-0.442335
-0.00530059
1.12292
-1.16087
-0.74702
-1.1261
1.6478
-0.59041
-3.10993
-2.35202
-1.58622
1.07809
-1.42499
-0.768006
0.0629323
-1.49009
1.83193
0.0285738
-0.455359
-0.417768
0.636487
0.0045954
0.22014
-2.22643
-0.599765
1.43923
0.322524
-0.329615
-0.109489
-0.426097
-1.52644
0.0118178
0.983725
-1.06328
-0.987298
3.31862
1.43326
0.379872
0.477171
0.563007
0.376486
0.362238
1.24353
0.119453
0.481357
-0.362819
0.866333
2.02165
-0.0241104
1.14439
-0.425968
0.948323
0.625901
-0.694198
-0.795093
1.75649
3.22383
0.674008
-0.79561
-0.512948
-0.0708908
-1.16077
0.128512
-0.308517
-0.362925
-0.399464
-1.40607
1.24004
0.0796647
-0.173364
0.256738
0.248238
-2.89535
1.85729
1.14134
1.01727
-0.0691114
0.109736
0.827494
-0.157942
0.0333984
1.71387
1.06382
-0.235353
0.241619
-1.60718
-0.183685
0.351138
0.649329
-0.0430387
-1.71224
1.19394
-1.30263
-0.119897
0.526967
-2.44874
1.38301
-1.22434
1.51701
-0.549097
-1.26728
-2.49406
1.96564
-0.927975
0.339391
-0.636051
0.0445021
0.98308
-0.578566
-0.321824
1.04715
1.53271
0.0110897
-0.00511421
-1.52399
-2.35688
1.69037
0.986359
1.02685
-0.259415
-1.11229
-1.46182
-0.0210693
-0.499237
1.10204
-1.48051
0.436206
1.01787
0.311234
0.591457
0.15116
2.51648
-1.3767
1.66736
-1.6247
0.116923
-2.03499
-3.22342
-0.00905011
1.63967
0.594566
0.284605
0.0348469
-0.778148
-0.23989
-0.919079
1.76029
-0.0639444
-1.71837
-0.96381
2.34314
0.00784579
-1.73924
1.2283
0.101316
-0.202721
0.176234
-0.328415
0.489359
-0.870163
-0.310838
0.601951
1.37068
0.0409862
-0.820449
-0.101198
0.504039
-2.19731
1.0615
2.13614
-1.66926
-0.122077
1.86578
-0.0797422
-1.96504
0.872722
-0.78775
1.6264
-0.674275
-1.17972
-0.584407
-1.7327
0.805302
0.714183
0.472571
-0.0701286
-1.34032
1.00118
-0.516964
0.0716573
-0.861821
0.760485
0.486811
-1.50027
-0.32102
0.910568
0.895533
0.0566046
1.36565
1.77944
-0.949021
-1.29739
0.0544924
-2.04088
-0.248889
0.0907444
-1.21758
0.804084
0.85042
-0.512768
0.454407
0.0280512
1.88374
0.629108
1.32457
1.30747
0.551211
0.331324
-0.694209
-0.575059
0.71899
1.65575
0.497795
-0.379412
0.538732
0.448992
-0.844843
1.56748
2.72671
-1.24424
0.0959235
1.46427
1.48063
0.544426
-0.904037
-0.0951919
2.14693
1.99952
0.273874
0.0304842
0.292984
-0.737655
-0.592404
-0.326818
1.14665
-0.113385
1.83066
-1.18441
0.85976
0.0486643
-0.21212
0.86895
-0.283718
-0.0901606
0.275887
-0.0406128
-0.0926827
-0.813755
-0.352144
1.29095
1.22386
0.128657
0.360216
1.19511
-0.441073
-1.03354
-0.684978
-1.7408
0.949236
-0.734698
-0.665501
0.957626
-0.0601609
-0.860421
0.454473
0.278769
2.77467
-2.19728
-1.19325
3.15895
1.62377
0.893292
0.831464
-0.811903
0.610717
0.772273
-0.773002
1.80182
-0.13091
-0.407394
1.54645
1.52855
-0.881852
-2.0033
1.08147
0.0010047
0.57023
-0.39573
0.175792
-2.38135
-0.690013
-1.72803
1.10023
-0.56095
1.55969
2.19165
1.03961
-0.400032
0.56848
-0.0655214
-0.32325
0.91404
1.05066
-0.209111
0.290889
-0.148254
0.578649
1.81175
0.00770622
0.262238
0.270907
0.00014579
-1.41791
1.91259
-1.12774
0.497205
-0.303492
0.784762
0.871399
0.16909
-0.647348
0.139634
0.804298
-0.828258
-1.90108
1.1738
-0.0597016
-0.210636
-1.45328
1.4189
0.469385
-0.916884
0.209325
-2.10744
-0.833622
-1.07207
0.103267
2.03963
-0.423329
0.617885
1.29136
1.4108
-0.576378
1.78636
-0.287392
-0.358658
0.0429987
-0.793426
-0.024722
-0.0277204
-0.781732
0.916435
-2.17553
-1.71373
1.70585
-2.31219
1.95751
-0.976121
-0.856078
1.29983
1.09262
-0.633183
1.05112
0.194167
0.0382467
1.32465
0.736348
-2.9791
1.16079
-0.837852
-0.682141
-0.93627
1.5651
1.81455
-0.996157
-0.487635
3.0695
-2.03003
1.05969
1.18594
-1.89504
0.211116
0.499507
-0.91497
0.449542
-1.17389
1.48725
0.663117
-0.461479
-2.30987
-1.01268
0.552592
-0.470194
-0.992367
-1.29372
0.294363
-1.01476
-1.34025
0.246399
2.19729
0.837984
-0.291674
-1.67555
-1.76648
-1.74297
0.678809
-0.876735
0.0457753
-0.234122
0.154912
-1.10511
-0.802637
1.82647
-0.988446
-1.76872
-0.574088
-0.929426
-1.12078
0.144555
-0.165442
1.70342
-0.802859
-1.38794
-1.55387
-0.357101
-0.983182
1.12689
-1.63556
-1.41708
1.08249
-0.807123
-1.95138
-1.69182
-0.332466
1.8238
-0.684394
-0.58193
0.494604
0.691455
0.57926
-0.194113
-0.779599
0.582138
1.92648
1.05898
-0.90845
-0.978076
0.877769
0.0518587
1.7004
-0.112553
1.43465
0.112805
-0.121964
0.102079
-0.313772
-0.419133
0.425446
-1.51482
1.73115
-0.714766
-0.86469
-0.304115
0.863694
-0.473503
-2.69861
-0.411136
0.684985
0.489638
1.85857
-1.57337
-1.60645
1.59147
0.90494
1.27675
-1.12624
-0.910287
1.40361
-0.567578
0.956719
0.265506
-0.960326
0.490597
-0.104362
-0.255581
0.114346
0.118175
-0.285555
0.207183
1.41135
0.198447
0.0341326
-0.660607
0.846958
-0.477217
1.08998
2.03206
-1.30752
-0.766213
3.48212
-1.4093
0.612339
0.43587
-0.967476
-0.291457
0.489118
0.410595
-2.26273
-2.032
0.368961
0.600954
-0.793029
1.80525
0.209776
1.86433
-0.371906
-0.57466
0.706351
-0.98172
1.13772
-1.18533
0.894215
-0.930858
0.394288
0.703662
-1.16273
-0.0187852
-0.69641
0.0568106
0.379119
1.85594
-3.45698
0.0130267
0.379156
2.35875
0.648766
0.616805
0.517519
-0.733626
1.07775
1.48064
1.20987
2.06761
2.67988
1.02837
0.88494
-0.174127
0.674859
-2.44295
1.10051
-1.45507
-0.660826
1.08926
-2.15047
1.38301
0.931496
-1.4114
-0.305459
0.109234
-0.486788
-1.53649
-1.60229
0.770737
0.385316
0.494392
1.04945
-1.98024
0.415052
-0.120264
0.0283871
1.15463
-2.75418
1.06261
-0.534603
0.727972
1.30078
-0.617389
-1.92885
0.0343281
0.0490945
-0.112775
1.05138
1.07988
1.26994
0.795509
-0.589566
0.0951618
0.826537
-0.272978
-2.38994
0.410769
0.888945
-0.646862
-0.212906
0.339454
0.743489
-0.249083
0.0430521
0.987446
0.556986
0.577528
2.43231
0.263865
-1.24046
-0.3292
0.476556
1.3248
-0.715552
1.23008
-0.931032
-1.1701
0.557207
-0.663524
-1.29942
-0.529636
-1.0422
-1.72631
-1.13771
-0.749196
-0.0742917
-0.444148
-1.08919
-1.28658
0.129148
0.531523
-0.334522
-0.116165
0.390283
0.0769138
-0.881793
0.41264
-1.4881
-2.9289
-0.493309
-0.145895
-1.1087
-0.341026
2.85147
2.69019
-1.06914
0.237606
-0.214448
-0.939709
-0.210682
0.74325
-0.97845
0.137007
-0.165066
-2.77351
-0.38422
1.81331
1.12942
-2.09187
-0.260995
-0.813503
0.73326
1.16422
-0.000121234
-0.290053
-2.023
-0.341279
-0.0106612
0.988206
-0.278384
1.79473
-1.52193
-1.94886
-0.427036
1.02839
1.60589
-1.73929
0.759401
1.86313
0.156415
0.329163
1.10297
1.86554
0.353792
-0.429253
1.59882
1.47727
0.218301
2.39337
0.919194
2.26526
-1.64647
-0.203302
-0.0822507
1.06334
0.274769
0.832939
-0.878391
-1.10978
0.00579019
-0.888947
0.950046
-2.0512
0.414765
2.36445
-2.18324
-0.819479
-1.07916
0.435208
1.8193
-0.464976
-0.64327
0.310183
-1.61698
1.51175
-1.51705
-1.12553
-0.507376
-1.36671
1.85669
0.686884
1.96816
1.32502
0.0447078
1.53764
-0.428358
-0.535386
-0.223488
1.30442
1.89541
-1.23972
0.193873
-0.505026
-0.63689
1.6881
0.155711
-0.201531
-0.0995237
-1.30224
1.31932
-0.506608
1.05879
0.266553
-0.535585
-0.677366
-3.0859
-1.32593
-1.02394
-0.264923
0.0781241
1.17604
1.74836
1.30321
-0.639864
-0.485698
0.508037
1.49953
-1.6166
-1.40477
-0.472326
1.62136
-0.767654
0.146771
0.743983
-1.03136
0.446636
0.00997159
0.712784
0.343222
-0.792884
-2.13684
-0.265794
-0.217542
2.76052
-0.623644
0.896108
-0.109601
0.94416
0.99605
0.0405949
-1.60259
1.11672
-0.53221
0.496856
2.14017
-0.764759
-1.16994
-1.13888
0.0053639
0.758192
0.755236
-2.26719
-0.690426
0.505838
-0.870411
-0.795361
0.926468
-1.75573
-0.0963483
-0.150438
0.886645
1.01824
0.448039
-0.802935
-0.418449
-0.977833
-0.341841
-0.0426332
-0.528116
0.689187
0.311111
-0.466627
0.0205601
-1.07603
1.06855
-0.727625
0.0742778
-0.72929
-1.16996
-0.0252176
0.986626
0.513644
0.249338
1.49543
-1.95488
0.452176
0.0674447
0.053126
-1.05572
-0.547999
-1.22531
0.696377
1.69741
-0.731329
0.241794
1.23306
1.91835
0.395181
-0.118732
0.770151
0.733933
1.34679
0.771235
-1.2473
-0.164671
1.9104
-0.513477
-0.703868
-0.60063
-3.27908
1.94875
-0.0704686
1.59269
0.142073
0.475529
0.0971544
1.48692
-0.00853979
0.637425
-0.162286
-0.757142
0.390046
1.32604
0.832501
-0.0794385
2.01149
-0.36209
-0.276539
0.923585
-1.47239
0.074263
-0.546747
-0.0868795
0.550164
-0.806074
-1.43415
0.318955
-0.00580048
-1.71048
-0.150069
-1.20029
-0.592608
-2.02809
-0.118324
2.52655
-0.982015
1.27366
-1.08192
-1.06105
-0.512249
-0.0469631
0.67013
-1.80343
0.482759
-1.35538
-0.728733
-1.89597
0.82777
-0.248935
-0.395228
-0.382198
-0.446758
-0.85636
1.36579
-0.110176
0.0926383
1.15905
-0.790445
-0.752352
0.720724
-0.907961
1.42417
-0.661606
1.04864
-1.34927
0.205855
-1.59757
-0.844476
1.02735
0.48968
0.555175
0.532385
-1.9309
-0.174342
-0.708392
-0.34745
-1.11656
-1.23689
-1.81312
0.569903
0.262778
0.756237
0.0964447
0.8207
0.496344
1.66277
0.608526
0.532293
-0.277518
-1.05371
-0.769995
0.664369
-0.0757849
-0.642876
1.02014
1.29935
1.01912
1.24498
-0.000254339
-0.93926
0.685463
-1.55749
0.381898
-0.497577
-0.731087
-1.90597
1.98972
-2.36446
1.33702
0.0485131
-1.29979
0.936508
-0.574447
0.28789
0.512593
0.421329
0.641342
-0.577895
-0.576758
-0.638745
-1.94117
0.262283
1.11522
1.17292
2.61589
-0.605612
2.29647
-0.272137
-0.371677
1.41535
0.382435
2.58695
-1.0764
-1.20151
0.254161
-1.00501
-0.444606
-2.14006
-1.88701
0.407485
1.11937
0.355926
0.742732
0.502393
-1.01551
0.160981
-0.118264
-1.26794
1.16501
0.539313
1.57326
-0.0213563
-1.30823
2.07085
0.878211
2.42559
0.0118275
0.370491
0.136994
0.989601
-0.519005
3.80709
-0.765376
-1.85782
-2.20676
-0.75977
1.80836
-0.455767
-0.910589
1.02387
-1.33915
1.38099
-1.09248
-1.25543
-0.145559
-1.16658
2.2868
-1.09301
0.423222
-0.0214827
-0.302856
0.354708
-2.0938
1.58027
0.0828381
-1.29872
-0.0715961
0.884842
0.703408
-0.502722
-1.73893
-1.35554
-0.901981
-1.86844
-1.79284
1.48446
-0.336064
0.505791
-0.6796
0.591254
-0.464047
-2.63087
0.901098
0.230464
0.36427
1.38981
-1.27515
3.19743
0.0941888
-0.926148
-1.2853
-0.159504
-1.80399
0.567856
-0.831827
0.802075
-1.89677
0.932718
-0.716507
-1.79533
2.06215
1.09542
1.48318
0.883254
0.0126564
-1.18629
1.22876
-0.411319
-1.59574
-0.703695
1.59835
0.515774
-1.37941
0.725212
0.713611
-0.0384387
0.297299
-1.75232
-1.38281
-0.0344993
0.615517
2.61768
0.861478
0.779446
-0.673334
0.0597931
-1.96782
-0.907393
-1.60874
-1.11032
-1.28336
-1.99734
0.823244
-1.81364
1.37949
-1.24342
0.595495
1.30972
-0.191147
1.5777
-0.435656
1.93347
0.334099
0.895214
-2.08595
0.110839
0.200542
1.72925
-0.521015
0.235352
0.135704
3.28241
0.124608
-1.1384
0.945128
-1.54656
-0.0898293
0.0159364
-0.702571
0.630465
1.34774
-1.21019
0.183698
1.73159
0.196997
-0.484923
-2.19999
-1.43777
-0.860587
-1.09413
0.723286
-0.0482508
0.885628
-0.241559
-0.819195
-1.03246
0.769042
-0.452269
-1.86556
-1.06029
1.71914
-2.75956
0.286812
0.447772
-0.198981
-1.02886
0.286274
1.44039
-0.198001
-0.443236
-0.490569
-2.35605
3.1018
1.57556
0.915636
-1.78662
0.370194
0.0767323
0.254633
0.865014
-0.653763
-0.374934
-1.49469
1.64201
1.36355
1.87566
1.59148
-0.755905
-2.15145
-0.471007
0.421314
0.246546
1.04817
-0.0728177
-2.75431
1.57967
-0.492097
-0.568065
-0.0132429
-0.50644
-1.35061
-0.479696
0.978472
0.256305
0.0338843
1.44477
-0.344469
-0.451636
-0.724433
0.466797
0.604137
-0.540765
0.210376
-1.06051
-1.55086
-0.685024
-0.691959
0.367613
2.09792
2.05263
-0.724312
1.46753
-0.302388
-0.602422
-0.588808
0.885644
0.375952
-0.558407
-0.940287
0.440887
0.505233
0.473353
1.5703
1.06453
1.86635
0.594884
-0.659961
-0.803163
-0.714855
-1.47721
-0.55734
0.308482
-1.23251
-0.631471
1.52587
0.331759
0.0839277
-0.747694
-1.77259
1.65006
0.509203
0.616322
4.13745
-0.406003
-0.718584
0.92845
1.8827
-0.210281
-0.0233412
0.537591
-0.168355
-0.246327
0.119066
1.1747
0.12661
-2.20477
0.162374
0.038999
-0.927361
0.242199
-1.95605
0.253392
-0.163235
-0.217231
0.574676
-1.91609
0.373587
0.216666
1.62214
0.819855
-0.110931
-1.90008
-1.0766
1.01614
0.583478
0.279731
-2.65729
-0.456856
1.67057
-1.11831
-0.484381
0.326389
0.344299
-1.29824
-0.152678
-0.0163028
0.695748
0.472206
-0.282883
0.299669
-1.08506
0.727577
0.0798912
-0.439937
0.0357055
0.866915
-0.0490481
0.191002
-0.125037
0.694802
0.720931
0.281136
-2.60297
1.13621
-0.889491
0.648619
-0.313211
0.0583367
0.0894834
-1.87238
1.32674
-1.57046
-1.43547
0.197061
0.991292
-0.267414
-2.7865
0.0235395
1.24064
-1.23281
0.04475
2.95189
-0.675447
-1.56444
1.70523
0.0236876
0.564535
-0.743658
1.28042
0.711436
1.3641
1.25792
-0.623871
-1.34956
-0.575138
1.76748
-0.133199
-0.385437
-1.47785
0.171314
1.85065
0.971429
-1.12002
-0.240158
-1.75075
0.34851
-1.30325
-0.855853
1.08513
-0.0723236
-2.52062
-0.390274
1.0024
1.84521
0.095257
0.663997
0.00410982
-0.123291
-1.80808
-2.36706
0.591976
-1.70105
-1.94198
-0.489794
1.08704
0.511194
1.53415
-0.614412
-0.809315
2.58344
-0.631895
-0.483581
-1.64152
2.39313
-1.35957
1.38516
2.30451
0.717932
2.38069
-1.67386
-0.364763
0.0759612
1.05192
-1.26718
0.444635
-2.21828
-0.311703
-2.35446
-0.0456999
0.0993656
0.294357
0.66801
-1.53349
0.509815
-0.306669
-0.331316
-0.296784
-1.21351
-0.158213
0.507598
0.595489
0.657913
-1.15785
-0.650218
-0.0846662
-2.14066
-1.43135
0.705076
-1.13621
0.633441
1.06455
0.713667
0.247809
-1.81674
0.154847
2.09875
1.13787
1.28785
1.15254
2.06003
1.87923
-1.0714
-1.00219
0.254157
-0.922576
-1.42837
0.975433
-0.274898
-0.70849
0.967224
-1.21643
-0.0447852
1.17838
1.04502
0.807421
0.257338
0.46122
0.674569
0.392752
-0.384126
-1.48453
0.402049
-0.423266
-1.65287
0.51069
0.134203
0.422872
1.46746
-1.63228
1.67679
0.731537
1.74503
0.167898
-0.351476
1.62015
-1.6462
1.18852
0.766664
-1.69538
-0.00364086
-0.878084
1.63869
0.249622
-1.15743
-0.336719
1.23006
0.182892
1.72968
-1.9031
1.37322
1.13614
-0.588209
0.383345
0.0628882
-0.0811354
-0.126719
1.61119
0.527898
-1.64798
-1.95277
0.0134877
3.35945
0.166247
-0.140023
0.4125
-0.481071
0.8726
2.77591
-0.897351
2.65736
-1.45413
0.882271
-1.64965
1.53737
1.76099
-0.594371
0.40383
-1.45999
1.86783
0.802178
0.609228
-1.99855
2.61308
-0.440404
2.34249
0.139598
1.802
3.39776
0.0648952
0.104158
2.39039
-0.00477846
-1.57019
1.7462
0.0327097
0.903368
1.1773
0.993825
-0.821412
-1.41923
0.529925
0.773621
-0.0925056
-0.603065
0.614881
0.854874
0.420724
0.627698
0.442345
1.27532
0.401956
-1.28735
0.386617
-1.17491
2.07028
-0.911571
-0.179011
1.65521
0.296013
-1.15573
0.64366
1.05946
-2.05478
0.606133
-0.880075
1.26792
0.109319
-0.869817
-1.5143
-0.15207
-0.0273489
-0.0855693
1.96706
1.50336
0.602128
0.156124
1.58833
-1.29122
0.117561
-0.598577
1.7225
-0.0363332
-0.182536
0.527454
0.119884
1.00742
1.26869
-0.42203
0.463069
0.137399
1.8557
-0.173158
-2.00029
0.0988999
1.43823
-0.921066
-1.82577
-2.09814
-0.723353
1.37481
1.94707
-2.80533
-1.27815
2.54442
-1.6153
1.44501
-1.78923
1.45974
0.769136
3.13894
0.312133
0.205678
-1.22962
-1.65273
-2.04072
1.23985
-0.229141
1.1102
2.14372
0.549202
2.55424
-0.219857
2.75587
-1.43256
0.685291
1.50084
-0.388796
-0.239745
-0.166744
-0.213254
0.337525
2.80245
-0.540126
0.11678
-0.39813
0.765647
0.136231
0.728912
0.268375
2.92528
-0.41775
0.459405
-0.760251
-1.26938
1.65034
-0.420721
0.927032
-0.561529
-0.317823
-0.974355
0.800157
-0.247945
2.03918
0.628202
2.81989
0.586272
0.252403
-1.55018
1.35317
0.257583
0.559917
0.608366
1.31614
-0.694343
-0.864251
1.43973
-0.216307
-0.463852
1.43793
-0.0393327
-0.600116
0.6282
0.739687
0.68294
1.597
-0.154799
0.412595
-0.738121
1.27173
1.53742
1.09025
1.75888
-1.80863
-0.0677149
-0.49178
-1.9142
0.307531
-1.90869
-0.736464
1.66041
3.30261
-0.968193
-0.484979
1.2577
-0.061692
-1.00967
-3.3684
-0.310042
-0.157598
0.430852
0.419457
3.62258
-0.0146812
-1.07592
0.162178
1.25996
0.83259
-0.190518
0.00424401
-1.85801
1.72901
1.23238
0.0199762
1.43783
0.0355517
-0.13245
-0.382975
-4.58475
1.58295
-0.704474
-0.406722
-1.4487
0.052855
-0.155281
1.13488
-0.342155
-0.0568019
-1.42616
1.59207
0.591109
0.640883
0.101821
0.176355
-1.56738
1.47267
-0.0391046
2.08082
-0.1085
-2.52827
2.13851
-2.43547
-1.34069
1.41439
0.718646
0.189423
0.288213
-0.686126
0.884878
-0.305666
1.14336
-0.467216
0.584565
0.755969
-0.98406
1.82002
-0.649468
1.08686
-0.974956
0.867018
-0.446272
-2.08363
0.826097
0.677484
0.40807
-0.0599262
0.582912
1.35428
0.795721
-0.878484
-1.48213
-0.126272
-0.637425
0.637168
-0.0990559
-1.96232
-2.16087
0.404963
-1.09985
0.932357
-0.823872
0.984774
-1.72426
-0.102373
-0.808802
0.890323
-2.03587
-1.256
2.08991
1.86904
0.044385
0.900459
-0.0798208
0.0907771
0.0251546
-1.0867
-1.4453
-0.910527
0.949904
1.43309
0.155033
0.471953
-2.56961
1.16635
1.1773
-1.43418
1.20638
0.398696
-1.46523
0.597991
-0.029794
0.568075
1.7624
0.493044
2.80623
-1.27806
-1.5285
-2.09408
-0.741975
-0.643045
-1.15014
0.875663
-0.293298
1.45344
-1.03737
-0.370338
0.1715
0.197593
0.844926
2.59972
-3.72309
-0.461508
-1.85394
-2.09137
1.52142
-0.562398
0.956343
2.0259
-0.200467
0.67102
-0.164726
0.870917
-0.375997
0.403855
0.687487
-0.35394
-1.89193
0.986565
-1.5506
0.877117
-0.757278
-2.44839
-0.782158
0.205522
-1.05479
-3.21372
-2.10405
1.31717
1.42932
-0.127076
0.442678
-0.575621
-0.588699
-1.33811
-0.692035
0.836918
2.96047
-1.20223
-1.11992
0.28657
-0.698782
0.627908
-0.250546
-1.67747
-0.219377
-0.352947
1.11776
-0.906471
0.613137
1.4976
-0.949056
0.87788
1.6913
-0.825278
0.0787996
-0.992225
1.04627
1.30472
0.122397
1.87238
1.47025
-2.31499
1.1469
0.18271
-1.17971
1.39247
1.45531
1.07718
0.356573
-0.797423
-0.851778
1.36791
1.08485
0.282225
-1.40815
-0.024062
0.969499
0.244485
-0.368813
1.9087
0.0866651
-0.355506
0.690192
1.1371
-1.15107
-0.850291
-3.11906
0.985693
1.44157
-0.037914
1.50904
0.64166
-0.85863
0.845612
-0.200671
-0.588697
-0.471788
0.312176
-1.61603
0.0116473
-1.27471
-0.525184
0.0408351
-0.393634
0.922842
0.549051
-0.0492785
-0.413732
-0.622347
1.02345
-0.742144
-1.57891
-0.211166
-0.358997
0.252774
0.304581
0.0488266
1.06637
-0.329613
0.647334
-1.11848
-0.369016
0.394463
2.20206
1.14011
1.16036
-0.0382703
1.73697
-0.128629
0.431625
0.681883
-1.25889
-0.41312
-0.522386
0.644913
-1.37039
1.44149
-0.653804
-0.510502
-3.02574
-0.752649
-0.278199
-0.106553
0.588434
0.672786
-1.154
0.239823
1.43779
0.71614
-0.521182
0.960187
0.749018
0.120252
-0.932843
0.807307
-0.216643
-1.28801
2.1404
1.26218
1.09077
0.108524
0.414485
-1.37209
0.0465322
0.339413
-0.444265
0.521756
1.52051
-0.167638
-0.976923
0.532334
-0.432258
1.2911
-2.35699
1.62673
-2.14784
0.572443
0.164482
0.957136
-0.847906
0.659225
-0.40112
-0.76235
0.517285
2.09473
-1.17589
1.6418
-0.51166
2.44369
-0.790462
-1.81662
-0.0831193
0.468516
-0.347348
-1.39668
0.0563839
-0.061359
1.52506
1.32248
-1.21132
0.661342
-0.0691312
0.21159
0.945573
-0.000967488
2.14588
-1.7284
-2.26971
-0.568314
-0.317314
-0.324576
0.583266
1.44221
-1.12935
1.00103
1.46647
-1.26249
-0.351774
-0.675218
3.21566
2.50874
-0.165125
0.932972
0.278602
0.450542
0.698857
-2.00226
1.22557
0.552487
2.4851
1.90287
-0.141392
0.476494
1.98658
-0.439108
-0.174325
-0.881359
-0.843053
-0.240847
-2.05575
0.295152
-0.197188
2.26183
-0.189173
-0.798631
-0.713231
-0.995507
-2.15382
0.513043
1.76
-1.59237
1.05317
0.178785
-0.329026
-2.04954
0.487926
0.0678162
0.885982
0.440564
-0.634303
-1.77575
1.51847
-0.670957
-0.66348
0.769705
0.443832
0.984392
0.401471
2.36591
0.767328
-0.133077
1.22291
2.21875
0.907899
0.49573
-0.05597
-1.35073
-1.21138
2.03635
1.03601
-0.580712
0.107009
0.637362
-3.10239
-0.833368
-0.117545
-0.365766
0.0630377
0.112204
0.288213
1.63398
0.831903
-0.0518215
-1.80057
0.182819
0.450699
0.457626
-0.203975
-0.680935
-0.0836529
-1.45218
-0.763182
-0.633157
-0.840926
0.370989
-0.275181
-0.0821849
-0.348789
0.562855
1.81358
-1.04018
-1.16861
-0.444061
1.00616
0.490543
0.89786
-0.112363
0.453047
1.56226
0.195465
-0.14975
-1.46049
0.583977
0.363153
-1.07907
1.40128
-2.99899
0.498158
1.12966
-1.80749
1.0869
0.937457
-2.42045
-1.07496
0.842942
-1.10226
-0.189689
0.312111
2.2621
-1.21274
0.28295
1.19032
-1.11526
1.5776
-0.508953
-0.318064
-0.567663
2.1474
0.567984
0.144106
1.36096
0.115528
0.437692
-0.85376
1.63664
1.3282
-0.248424
1.59231
0.116926
-1.8928
-1.1575
0.362981
0.368419
-0.873944
0.506255
-1.5131
-0.310863
-0.576596
1.47466
-1.05899
0.741289
-0.73237
-2.10361
-0.243042
-0.898606
-0.0538894
0.518704
-0.526324
2.13167
-1.61265
-0.545787
-1.50758
1.75839
1.75837
-2.83704
0.134859
-0.0684529
-1.10789
-0.215125
-0.977032
-1.74674
-1.33301
-0.704031
-0.563926
-0.123598
-1.17051
1.65689
-0.575316
1.48189
-2.67771
1.79932
-0.019986
1.56975
-0.928218
-1.45447
1.31605
-0.409415
-0.187383
1.48898
-1.4738
-0.495228
0.053241
-1.96722
-0.105252
0.570749
0.0345126
-1.10039
0.777115
-0.41879
-2.00343
2.40184
0.838039
-1.54117
-1.21559
0.222912
0.927519
-1.85543
1.38683
-1.06527
-0.412247
-0.404949
-0.692919
-0.0656629
1.44877
-1.10734
0.311783
-1.85594
-0.453148
-1.85719
0.192765
-0.94595
0.508631
-1.0986
0.476042
-1.76166
0.281997
-0.827905
0.843256
-1.02814
-2.10286
1.35281
0.645332
-0.0708263
-1.25991
-2.7558
1.5214
0.46939
1.80438
0.757136
-0.0597311
-0.379669
-0.160549
-1.03702
0.809837
-2.57601
1.97341
-0.145694
-2.37256
-1.79113
-2.43314
-0.125374
-1.05135
-1.02706
-1.25204
-0.0210435
-0.211732
-1.37968
0.847502
-1.45126
-0.268469
-0.607852
-1.56332
-0.539685
0.279112
0.536394
-0.515124
3.48331
-1.18061
0.695335
1.61521
0.141936
0.834429
-1.61554
-0.987782
4.07153
-0.540241
0.150665
-0.196426
-1.38911
-1.67156
-0.664112
0.298099
0.714951
1.01032
0.743823
-1.90208
1.45276
-0.143431
0.137572
-0.83759
0.141939
1.40985
-0.901671
-1.4823
-0.00923145
-1.22994
-0.999842
1.52056
-0.690535
1.74448
-1.10704
-0.680131
-2.82223
0.207028
-0.709842
0.792408
0.915885
0.580762
0.182695
-0.58162
0.039154
-1.27982
-0.507471
0.497036
-0.0129656
1.50827
-0.75446
-0.709574
-0.399543
1.66072
-0.288416
1.61384
0.328889
1.95124
-0.718011
-1.69115
-0.550665
-1.28757
0.290857
1.31697
0.68255
-0.25552
1.01726
0.352906
0.174856
0.487145
2.34824
-1.55362
-0.425709
-0.256517
-1.56294
-0.0855815
-1.07441
0.710114
-0.172259
1.84421
1.56721
-1.01413
0.215334
1.51419
-0.198849
1.75944
-1.11599
0.712456
-0.542419
-1.51265
0.888204
-0.373057
0.798905
0.187651
-0.455413
-1.95862
0.234855
0.823577
1.94518
-0.447468
-3.87965
-0.202894
1.30972
-0.401658
2.36381
0.134155
0.988894
0.278574
0.192994
0.359348
0.579061
1.7583
-0.0892958
-1.42353
0.654358
-0.261069
2.29895
-0.693417
-0.777498
0.466379
-1.92241
0.511564
0.133936
-0.632826
-0.721386
0.515883
-1.59473
0.06868
-0.914244
1.66898
-0.207554
0.517923
1.92349
0.701929
0.983933
0.287698
0.614888
0.689354
0.318262
-1.05712
-0.532176
-0.797628
1.62349
0.781365
-0.505323
-0.097592
-0.74951
-0.766269
-1.23584
0.120507
0.31766
0.647322
-1.66259
-3.18325
-0.664123
-1.81555
0.456108
-0.136876
1.16293
1.98205
0.132534
0.220967
0.652396
1.73653
-0.993923
0.190812
1.14576
-0.288664
-0.112337
-1.33986
0.405097
0.223344
0.443555
-0.854428
0.304736
-0.157534
0.067303
-0.515039
0.437491
0.250059
-1.05464
-1.47776
-0.589727
0.899584
-2.26464
1.32565
0.695729
2.32881
-1.752
0.466243
0.159076
0.99347
0.296036
-2.22328
0.191152
-0.293687
0.536568
-2.9454
0.0202849
-0.891829
-0.135179
-0.408161
-0.571218
-2.17017
0.994397
1.88571
0.664007
0.794489
-0.0813209
-0.910666
-0.541534
0.287842
0.216745
1.45772
0.734605
0.0193271
-2.37545
-0.135786
-1.57222
-0.266121
0.634817
1.57729
-0.00845573
0.876276
1.58929
0.849566
-2.46161
-1.47936
-1.00624
1.82451
-0.397161
0.0357638
-0.134296
0.249415
0.874325
-0.741979
0.128948
-0.583267
-0.281679
-0.168702
-1.18308
-0.382603
2.16906
-1.2214
0.594934
-0.202848
2.27679
0.150184
1.50022
0.194196
0.0739537
0.183794
-0.0389209
1.40466
-1.71883
-0.0187647
-0.26274
-1.72486
-1.58509
-0.244823
1.11351
-0.0430797
1.73405
0.228066
-0.766217
-0.996126
0.916255
1.34558
0.972686
1.11372
1.13214
-0.123711
1.5949
1.28365
0.0291648
-0.462858
0.651552
0.992205
2.54975
-0.464761
1.31982
-0.313474
-0.189897
-0.609974
2.36379
-2.26333
-2.62773
1.30201
1.27304
1.17623
-2.30692
-1.26215
1.98287
-0.217022
-1.05273
1.30935
1.39633
0.64578
1.7622
-0.657132
1.11726
3.07359
0.0113716
-0.566415
2.29511
-0.223895
-0.280143
-1.08038
1.64191
-0.149689
-0.452858
0.64348
1.32428
-2.27578
-0.652803
-1.1652
1.26034
0.827072
0.293653
-0.622692
0.00346485
1.0717
1.88247
-0.744202
2.45429
0.483121
0.036289
0.966883
0.223971
0.0520905
-2.54685
-0.910956
-0.902327
-1.07717
-1.47331
0.0457902
1.21231
-0.480135
0.591987
0.194573
-1.55716
0.706032
-1.8549
1.34179
0.870324
-1.1872
-1.62188
0.319175
1.38659
-0.169381
0.505144
0.300989
1.02985
0.555997
-0.444487
0.0392087
0.227525
0.186276
-0.16395
-0.82405
1.14523
-0.423171
1.84639
1.49353
-0.707459
-1.00536
0.032471
-1.0365
0.529641
0.529752
0.915646
-0.108621
-1.95429
1.64443
1.151
1.8908
0.139204
0.598929
1.34686
-0.313874
-0.504077
-0.993771
-1.80973
-2.69598
-1.64323
0.448027
1.67879
-0.00155588
-1.33072
-0.346268
1.73756
0.3343
2.00018
-0.792258
1.89827
0.0681296
0.834471
1.07525
-0.960396
-0.0125484
2.69145
1.73996
2.08363
0.427122
1.03528
-0.123742
-1.55573
-2.30947
-0.141099
1.92141
-0.0152878
0.376068
-0.0678286
-0.344119
0.381047
0.760805
-1.18731
-2.09769
2.29386
0.279305
0.24356
0.423087
-2.73074
-2.04133
0.546247
-0.136606
0.636277
-1.36
-0.938284
1.45822
-0.0253663
-1.31401
0.901141
-0.0281795
-0.539365
0.559304
-0.850072
-1.1433
2.40463
-0.175456
2.01185
-1.44132
-1.00529
0.4606
1.348
-0.840917
0.106751
-0.918427
0.484743
-0.939241
0.226832
0.71077
-1.23841
0.230394
0.917339
-1.07574
0.803363
-1.24695
1.68379
-0.0827492
-0.175547
-1.686
0.471327
-0.0440012
0.348611
0.64747
0.759036
0.850148
0.69214
0.324106
2.07421
0.427975
-0.408893
0.292181
0.884595
1.36552
-0.418692
-2.24256
0.929419
1.55056
1.06733
-0.966205
0.139202
-1.78122
1.01878
-0.522079
-0.267941
-0.866351
0.511592
0.227342
0.74284
1.74273
0.35471
0.289743
-0.574099
-0.0450336
0.56456
0.954211
0.599437
-1.93395
-0.489175
2.13989
0.140305
-1.57638
1.8779
-1.322
-0.606355
0.128217
-0.593996
-1.3623
-1.29081
0.221336
-0.0834756
0.399651
0.524121
0.358131
1.39049
1.15857
0.840515
1.02175
2.42146
0.972854
0.284206
0.0305915
0.686949
-3.12653
0.612551
1.23261
-1.7541
0.652255
-0.372164
0.434149
-0.639458
0.62173
0.2133
-1.06898
-0.5893
-1.85299
0.512375
-0.959215
-0.999882
2.60587
-0.569947
-0.337832
-1.93225
-0.125536
-0.878593
0.96709
0.138237
-0.238627
-1.15837
-0.293038
-0.564223
0.723506
-0.652287
-1.94014
-0.908906
0.839438
-1.0881
-1.52527
0.655415
0.129802
0.580765
-2.36633
0.751334
-0.775753
1.82514
-1.00816
0.643394
-1.21979
1.00855
-0.389638
1.24412
-0.357498
-0.757726
1.12002
0.380985
1.92159
0.270572
0.527915
-1.02485
-2.12448
-1.28802
1.14449
-0.83748
0.557812
-1.28287
2.80578
-0.761459
2.2841
0.116215
0.668294
-1.78373
-0.153254
1.82326
1.20274
-3.89413
0.531165
0.421507
0.625527
-1.64334
-0.25301
-0.394064
0.389565
0.568338
-1.00487
-1.28625
2.73338
0.800726
-1.78246
-0.593857
1.61176
1.74774
-1.09906
-1.58972
-0.104538
2.09423
1.79995
0.848994
-1.33888
-2.68888
-1.87104
0.316413
0.114326
-1.99377
-1.84731
-0.766454
-1.49316
0.156441
-0.906987
-0.195296
-0.305936
0.705787
0.568132
0.991071
0.0495181
0.051914
0.028758
1.44868
1.32553
-0.992403
1.12668
1.4724
-0.390494
-1.09512
1.9532
-1.9005
0.312466
2.57114
0.854444
1.71879
0.212568
0.341554
-0.652188
3.43505
-0.398496
-0.0174656
0.937345
-1.2762
0.46865
0.480056
-0.303719
-1.79895
0.170863
0.883239
0.0235201
-1.02046
1.62061
-0.0931227
0.269846
-0.895715
1.90585
1.13421
0.471998
1.09977
-0.153452
0.960428
2.71429
-0.772073
-0.431374
0.73587
2.17476
0.049076
0.987266
1.07877
-1.56526
1.80195
1.88375
0.475089
-0.517591
-1.20293
-1.00015
-0.24145
-1.04943
1.46284
-0.409682
-0.404423
-0.82325
1.14698
-1.20284
-0.157312
-0.843634
-0.929739
2.4093
-0.00165157
-1.27954
1.33424
-2.09432
-1.53314
1.15135
-0.757318
1.9344
-0.712511
0.697709
-0.361367
-0.837225
1.84764
1.6896
0.216972
-0.728706
-1.9925
-3.11938
0.636878
-0.265338
-0.448792
-0.463152
-1.19
-0.711451
0.407303
-2.59411
1.48797
0.141383
0.74565
0.110012
-2.215
-0.414905
-1.16936
0.208167
-0.22485
-0.877478
-1.99252
-0.412412
-0.0790208
0.110812
-1.3805
0.20934
-0.769129
1.3849
1.93328
-0.732337
1.49271
-0.579243
0.504197
-0.62341
-0.899442
-1.18464
0.212749
-1.13847
-0.275038
-0.26912
-1.99967
-0.293278
0.0832911
-1.67843
2.59842
-0.693876
-2.08266
-1.13394
-0.872342
1.17792
1.58635
-1.02659
-0.25788
-0.74321
0.00183698
0.14236
-2.03514
0.10665
-0.40633
-0.251843
-2.0702
0.303744
-0.633119
0.22886
-0.227066
-0.297775
0.868674
-0.0862092
-0.798949
1.49929
-0.170382
-0.685189
-1.12463
1.91512
-0.0706241
-1.55851
-0.364094
-0.559124
-0.632616
1.07935
0.638712
1.47432
1.90137
0.226077
-2.52139
0.0279684
-0.611083
-1.14688
0.444855
1.76249
-1.15673
0.583888
1.14059
-1.06856
1.33565
0.432669
-0.252556
2.44731
-0.410508
0.703605
0.621784
-0.324853
0.18375
0.0915397
1.04041
0.0442446
-0.396545
-0.397409
0.785223
0.263485
-0.330359
0.591152
-0.788457
-1.76917
-1.55311
0.228811
-1.27905
1.33782
0.778644
1.27057
-0.243988
-0.0136985
0.0613194
0.214285
-0.22379
-2.56569
0.457815
0.046133
-0.207079
-2.43507
0.0258736
0.0387776
0.429533
-1.96097
-0.336858
0.510382
1.15577
-0.42345
0.824626
1.33564
-0.666733
-1.20893
2.16475
-1.67904
0.599054
-0.131571
-2.64435
-0.508024
2.42915
-2.36578
-0.019656
0.0692041
-1.01214
-1.22175
-0.554642
-2.1966
-0.0647003
1.38426
-0.101363
0.285217
1.33448
0.0878961
-0.0269855
0.581476
-1.7809
0.841669
1.88358
1.08633
1.19102
0.656308
0.851734
-0.0841664
0.0132425
0.0465592
0.0872537
-0.986289
-0.207283
1.33568
-1.54524
-0.682118
-1.85799
-0.464124
0.24282
0.780529
0.973271
-0.843321
-0.94191
0.373602
-1.68309
0.0851165
-1.53872
-0.5305
-2.06765
-1.44988
-0.198308
1.22484
-0.432428
-0.863413
-0.185406
0.832542
-0.972722
-0.0308163
0.416146
1.50728
0.592327
-0.929016
2.21227
0.497818
-0.817388
1.38926
1.77889
-2.17808
-1.0739
0.912174
0.634075
0.374337
-1.04597
0.308016
-0.821985
-0.972664
-0.376454
-0.144881
-1.25714
0.840959
2.21562
1.09698
-0.638606
2.04954
0.539879
-0.612245
1.3421
-0.876218
-0.244813
2.18872
0.157155
1.88873
-0.317209
-1.93844
-1.90749
-0.383485
2.06132
1.71458
0.486979
-1.80818
0.838955
0.307703
0.314556
-0.0830615
-2.24541
0.329677
-0.2937
1.12279
-0.541574
0.477246
-0.561529
0.798126
-1.09339
0.473076
-0.881524
-0.036027
-0.526793
0.00494052
-1.10811
-0.439723
-2.43217
-2.51983
-0.506583
0.35841
-0.105401
0.327495
-0.996173
-1.68472
-0.116823
-0.635628
1.4205
1.35484
-0.31738
0.540465
0.578568
-0.823419
-0.947384
1.52136
0.815251
-2.0607
-0.4126
1.67613
0.516369
1.26625
1.41922
1.4543
-0.00310448
-0.843449
-0.857504
-0.300016
-0.412799
1.29924
2.58364
-0.181112
-0.059436
-1.27308
0.18661
0.657427
1.31919
-1.12389
0.345469
-2.16874
0.341994
-0.108965
1.06658
-0.950896
0.751368
0.0914638
0.242616
-0.2516
-0.508789
-2.03525
-1.38967
0.282885
0.837485
-0.0943603
-0.97524
2.49051
2.14992
0.591195
-1.65229
-2.24226
1.45159
0.414182
-1.3416
-1.69714
-0.188875
1.4427
0.732385
-0.431522
1.02656
-0.44812
0.0747352
-0.280216
0.735618
-0.723929
0.753343
1.10787
0.150579
-0.241152
-1.09966
-0.45788
-0.540787
1.2264
-0.383894
0.533429
0.255399
-1.39784
2.93494
-0.920952
0.565311
-0.501278
1.74631
-2.5841
0.000766704
1.63646
2.26009
-2.1565
0.00261479
2.2124
-2.37976
1.14015
1.15034
-2.11817
0.564665
0.520805
0.239968
0.143987
0.296693
-0.707078
0.0441484
0.609872
1.62775
-0.737532
0.267411
0.905397
0.731836
-0.993178
0.828538
0.27843
-2.13983
1.34749
-2.0726
1.28485
-0.294403
-0.287484
-0.200923
-0.788967
-0.59203
-2.01174
-0.941857
0.00101551
0.355834
0.920426
-0.420593
-1.0594
0.434795
1.3673
-0.319993
0.264761
3.2818
-0.0145558
-0.223111
1.87288
-0.549318
-1.23916
0.535903
-2.89486
-1.22106
-0.411198
1.584
-0.811163
-0.0300589
1.91727
0.549929
0.641062
2.88845
-0.590624
-0.915202
-0.887186
0.596124
-0.906079
1.73148
-1.32755
0.722444
-2.20308
-3.23745
0.671377
1.39055
1.66068
-1.05875
-0.144952
0.977507
0.285629
1.99494
1.6437
0.861646
1.94033
-0.681597
-1.489
1.14812
1.49208
1.30643
0.318631
0.120266
0.93869
-0.474892
-3.08612
1.11471
0.748562
1.25254
-0.528797
-2.87321
-0.173146
2.18131
0.683607
-0.253984
0.865676
1.75315
1.96915
-0.523382
1.2421
0.33036
-0.858267
0.980855
1.65474
-0.629821
1.32458
-0.0667517
-0.337662
-0.0103688
1.58511
-0.419031
-0.350871
0.928775
1.50455
0.723614
1.25833
1.18573
0.259515
-0.255965
-0.751983
1.65882
-0.635118
1.01956
-2.83833
-0.489205
0.562414
0.578263
2.4612
-0.425682
0.815976
-0.265187
0.615
0.01585
-0.663646
1.39529
0.0769709
0.324924
-0.432024
0.697266
-0.519834
0.876359
-0.258567
0.795204
-0.232084
0.256386
1.50811
0.453747
-0.0768973
1.39755
1.29846
0.0287535
2.72116
0.462039
-0.269394
-0.484649
-1.76845
1.1229
0.759318
-0.355955
0.483723
-0.260783
-0.212672
0.0204157
-0.786189
-0.514588
-0.716047
-1.16435
0.667267
-0.0693447
-2.18365
0.700239
0.792275
1.54132
-1.47888
-0.907045
-0.773474
-0.69283
-0.689771
-0.548312
-0.332167
1.10242
0.521332
0.581618
-0.117693
1.20647
-0.564051
-0.518903
-1.09238
0.28177
0.997619
0.633551
-1.16774
0.677266
0.920024
-0.400075
-2.32937
1.18013
1.28767
-1.03701
-0.10998
-2.68531
0.337831
-2.72153
0.57138
1.07707
0.742384
1.60436
0.806122
0.953101
-0.35101
-0.638957
-0.591144
1.21694
-0.686538
-1.66995
1.71127
-1.3427
1.08955
1.43229
1.66235
0.620065
1.77053
1.0522
0.0067977
0.826861
-0.586432
0.581245
-0.28497
0.148234
-0.604695
0.0892123
0.127157
-0.00330228
-1.09561
-1.15171
1.29364
2.1491
-0.00651421
-0.409454
-0.580532
1.69711
-0.593458
0.549207
-0.0997028
-0.735878
1.13715
-0.867756
1.63579
-0.781916
-0.0179362
0.0560815
1.19208
-3.15274
0.636998
2.34089
-0.499152
-3.04586
0.826665
2.22842
-1.01243
-1.02367
-3.31743
1.15005
-0.179229
2.68495
-0.15178
0.994524
-0.896818
-1.57493
0.833431
-2.50138
0.118243
-3.09979
-1.58574
-0.539712
0.960662
1.13286
0.970324
-0.674445
-0.588385
0.222078
-1.19283
-0.88768
1.67162
-0.160652
-0.385083
0.30125
0.802851
0.280968
-0.809389
-1.63274
0.478917
0.0814003
-0.894365
-0.592579
0.445176
0.382724
0.26546
1.76621
-0.332487
0.434888
0.137571
0.597292
-1.70784
1.25635
2.75657
1.40704
0.494664
1.8076
0.328793
0.832996
-0.761057
-1.8925
-2.06556
0.373332
0.177358
1.5568
-0.342221
0.589687
0.146871
-1.14258
-1.50428
2.07371
-0.615868
1.2605
-1.55128
1.86875
0.0547342
-1.09084
0.525802
0.131091
-0.258805
1.68794
-1.92747
-2.64421
-2.12183
-0.0672751
1.80258
-1.37289
0.618718
-0.665402
-0.905479
-0.068207
-0.393132
1.98777
-0.403999
-0.92725
0.713073
1.23958
-1.51388
-0.0754976
0.605415
1.60904
-0.824221
-0.048984
-0.954109
-0.832899
-0.953364
-0.353359
1.15391
-1.21027
-0.079888
-0.575053
0.0821715
-0.0859947
0.201317
0.719168
0.226817
2.16776
0.404371
-1.27811
1.82354
0.844443
1.14104
-1.0091
-1.89108
-0.974563
0.793857
2.41869
1.40033
1.17844
-1.14396
-0.516597
1.05122
0.15653
0.259713
-0.0999458
2.68953
-0.849325
2.0875
1.16988
-1.66203
0.923878
0.506838
0.180977
0.865092
1.14429
0.26067
-0.96817
-2.44622
1.16848
-1.49176
0.1186
1.79257
-1.0794
-0.445408
0.423024
-1.44424
-1.70431
1.74427
-0.195581
-0.274767
1.90728
1.11592
-0.346824
0.321599
0.065071
-2.01391
0.157704
-0.337971
0.20368
0.408567
0.957123
0.254529
0.566599
0.790629
-0.716124
-0.218153
0.537219
-2.15085
1.83597
-0.595216
-0.945675
0.816994
-0.437924
1.44358
1.75749
-0.207744
-0.926049
-0.311017
1.1269
2.22408
0.0535951
0.894086
1.37009
-0.305888
-1.34871
1.03338
-2.35323
-0.173329
2.4288
-0.661335
-0.82538
1.47699
-0.37335
0.309841
0.101078
1.29202
-0.159478
-0.261068
0.248424
-0.648089
0.761274
-2.22295
0.275066
-0.0198406
-1.05301
-0.3976
1.26943
-1.20181
-1.81629
0.799637
-0.0222565
-0.0204647
0.208184
-0.122935
1.0671
-0.211625
-2.51941
1.63859
-1.65288
-1.85068
0.275363
0.462926
0.290608
0.801717
1.76652
-2.3221
-0.0544872
-0.0213353
0.665468
1.52673
-0.790124
0.966573
1.73875
-0.559538
1.22174
-0.22603
-1.96518
0.227305
0.638343
-3.02901
-0.552815
1.61959
-1.12235
0.34037
-0.538657
0.700451
1.00916
1.15641
-0.363818
0.74687
-0.182742
0.597516
0.277806
2.22607
-0.723507
1.87589
-1.27983
-1.45076
-2.29532
0.126439
0.553997
1.66858
-0.0222183
1.32855
0.992301
0.511164
0.367247
-0.0741174
-0.752523
0.660681
-1.92614
-1.19868
-0.00314427
0.951094
1.36246
-0.218648
0.616984
1.04836
0.681437
0.774369
-0.572875
-1.55188
0.568277
-1.81352
-1.62939
-0.719818
0.149462
1.42532
1.36894
0.332224
-0.444193
-1.01915
0.793449
0.306913
-0.207444
-1.34467
-1.81912
0.538597
-1.7224
1.03835
-1.40301
0.694585
-1.33431
-0.29454
-0.47988
0.667673
-0.0960976
0.0882883
-0.0334488
-0.959134
-0.902748
0.168449
0.984984
1.2867
0.91357
0.845734
0.0502135
-1.49198
-1.85008
0.592416
-1.28999
0.385703
-2.44409
1.29407
-0.599277
0.271504
0.598617
-0.319011
-1.40384
-1.67029
1.67149
1.12557
1.81322
1.58303
0.903769
0.829444
-0.505666
1.85313
-0.18075
-0.571535
-0.0808015
-1.25495
1.46027
1.89649
-1.02959
-2.29574
0.41525
0.556
-2.19374
-0.755436
-0.00409084
0.959572
-1.25907
0.275394
1.08081
0.747909
0.569214
-0.120086
-0.210639
1.41203
0.810324
-1.61816
0.70475
-1.11657
-0.304891
0.296377
-1.84878
1.45102
-0.971128
3.11919
-0.313441
-2.92467
-0.218448
-0.137354
-0.427844
0.173559
-0.449968
0.884285
1.61616
0.441266
-0.564969
-0.635408
-0.926788
0.625563
-1.25117
0.592835
2.05941
-0.92204
0.352659
0.370846
-1.76292
0.506803
3.05928
0.79838
-1.16111
0.32244
-1.03697
-1.25596
-0.372897
-1.81437
0.723398
0.349343
-1.05191
-1.69478
-0.36937
-3.44776
1.63731
2.21133
1.81229
0.163849
0.437736
-0.0104832
1.44734
-3.0652
0.837304
0.578499
1.28137
-0.538587
1.54724
-0.780065
2.76642
0.0630033
-1.27712
-0.746656
1.13216
1.67382
-1.37132
1.00289
2.37209
1.62202
-2.07656
0.349345
0.824194
1.56426
0.608109
0.920457
-0.168595
-0.04695
-0.204018
0.240706
0.743091
1.06701
-0.952126
-1.49708
-0.111704
-2.27274
-0.658029
-0.113425
-1.49525
-0.468187
-0.0548569
-0.563188
-0.0932612
-1.27016
-1.41861
0.0967791
1.85455
-0.319818
-1.70745
-0.176656
0.551843
-0.531104
-0.13193
0.715745
2.20878
-1.60277
-1.30954
-0.613077
0.0375592
-0.294005
-0.861717
2.47243
0.832026
1.4743
-0.201973
1.20696
-1.37232
0.964134
-0.141518
1.50241
0.208427
-0.946714
0.136316
-1.48393
2.78286
-1.31275
-2.01441
1.67874
-0.357175
0.127423
1.52155
-1.15149
1.62436
0.0234999
-1.06226
-1.23683
-0.662965
0.750102
-1.23252
-0.238025
1.06686
0.149836
0.581072
-1.77935
1.65789
-0.286169
0.593189
0.490368
-0.714239
-0.856526
-2.19164
0.678753
-0.797752
-1.2636
0.364642
1.09204
0.285082
0.106921
-0.398839
1.61263
3.47131
1.41749
0.510519
0.330018
-0.0920025
-0.780378
-0.765286
-0.193209
-0.0107799
-0.0441927
3.10953
-1.68015
0.510011
-0.983065
-0.994549
0.971672
-0.246482
-0.704829
0.873823
0.658397
-0.0114669
1.60533
0.0574941
0.347086
0.678895
1.80137
1.87985
1.54726
1.85414
-2.86597
-0.958357
1.25758
-0.906809
0.458681
1.06168
-0.142908
0.641391
0.524725
1.32893
-0.0646222
2.01427
1.1343
-0.423443
1.1148
-0.449723
-0.450535
-0.410065
0.82667
0.438629
-0.399048
0.621452
0.891006
-0.313577
2.38126
-0.923975
-0.602865
-0.871211
-1.47657
-0.401346
1.49654
1.3919
0.328199
-3.65182
0.53923
-1.65717
-1.58147
0.63926
0.572436
-0.683859
0.101573
-0.603099
-0.49458
0.130986
-0.966057
-1.39235
1.53828
-0.165248
1.59285
-0.224038
1.79288
0.675737
-1.32929
0.257492
-0.756673
-0.120923
0.229107
0.0562594
2.26312
0.11529
-0.440768
0.0357899
0.767515
1.04952
-3.86831
-0.262055
0.609045
-2.58125
3.05244
-2.16171
0.483847
-0.682608
0.421223
-1.33585
-2.42053
2.14888
-1.06722
-0.777492
-1.72622
0.406679
0.963486
1.07365
-0.267625
0.0785362
-2.1417
1.23998
-1.65431
-1.02892
0.264086
0.481716
0.963818
1.56812
0.233157
0.679742
-1.3778
-3.19908
1.0437
-0.427793
-1.71862
1.38512
-2.1216
1.64843
0.357416
-1.22593
-1.03813
1.93728
-0.994285
0.372372
0.133048
0.49348
-0.538838
0.205822
-0.23938
-1.52392
0.548368
0.759252
1.06508
1.5378
0.733702
0.021148
0.908327
2.12938
0.01366
2.00271
-0.986378
0.276058
0.0737348
1.05475
1.38451
-1.01964
-1.12646
-0.195799
2.4027
0.0556074
-0.880372
1.88885
-0.875967
-0.349457
0.388564
0.656883
-0.214521
-0.541985
-0.884844
-2.88951
-0.0611022
1.1361
2.51778
-0.471447
0.344658
-1.76704
-0.497316
-1.56622
-0.121806
-0.207671
0.340109
-1.35831
2.06072
-1.20956
0.827253
-1.48059
-0.309863
-0.973333
0.526086
0.477927
0.622439
0.789946
0.905642
-0.405412
-2.51934
1.33033
-1.23516
1.64079
-0.442635
-0.351517
-0.607123
0.384689
0.83128
-1.80391
-1.88364
2.0785
0.388217
1.21999
0.771524
3.91401
2.93292
0.393754
-2.7949
-0.442284
1.13948
0.778885
-0.010493
2.37609
-0.458625
0.560888
-2.53653
-0.522092
-0.517505
-0.772836
2.5996
1.66666
-2.31595
0.06893
0.830229
-1.02938
2.43855
2.37857
0.0920456
0.812525
-0.234742
0.319931
-1.23836
0.188
-1.15573
-0.423793
-0.574204
0.554415
1.46798
-1.21603
1.0254
2.1779
-0.546392
0.665682
1.02873
1.63754
-0.908719
0.149623
0.314177
-1.3993
-0.257157
0.587166
1.55805
-0.426872
0.366357
1.52265
0.304309
0.873906
0.45565
2.53918
0.0899924
-0.128948
0.465755
-0.0853905
0.110141
1.97006
-0.415585
-0.734097
-1.15376
0.762441
-2.44603
0.532699
-0.294635
-0.698452
-2.04662
-1.10315
-0.923403
-2.04462
0.190415
0.887811
1.83116
0.122299
1.56128
-0.00630158
-0.81451
-0.384537
-0.920199
0.0851429
0.345885
-0.172645
0.189527
-0.498349
0.752348
-1.41509
-0.811996
0.726063
1.19507
1.18059
-1.43787
0.901084
0.429125
1.39976
2.21801
-0.110638
-0.514728
1.26966
0.681185
-0.155359
-0.627427
0.571039
-0.764374
-0.933736
-0.422215
-0.00575005
-0.312651
-0.456564
-0.0270667
-0.184671
-1.49058
-0.878941
1.24196
1.31149
-1.70876
1.33371
0.0635575
-0.248498
0.613757
-0.0242942
1.52504
0.58493
2.7023
-0.716
2.03171
-0.114831
0.264727
-0.746821
-0.695018
1.28341
-1.91908
-1.03284
1.28207
0.623928
0.653559
-1.06484
0.476868
0.359361
1.62926
-0.185761
0.113719
1.48693
2.18514
-0.077411
-0.579824
2.87343
-0.399625
1.43402
-2.13577
-1.24544
-0.912261
0.889507
-0.96208
2.18034
-2.28238
-0.650982
1.00523
-1.06223
-1.43899
-1.18535
-0.264071
-1.06915
-0.951112
-0.847203
-1.46685
-0.843729
-2.41624
0.576305
0.258858
1.38583
1.34878
-2.22691
-0.598661
-0.69065
0.409017
1.02669
0.557292
1.0554
0.297361
-0.26256
-1.05464
0.26663
-2.13459
0.362574
-0.309619
-0.0366188
-1.76296
-1.01725
0.536764
-0.242957
-1.2858
1.18699
1.93382
-1.85941
-0.753366
1.27051
1.37369
0.555172
-1.24492
0.455209
-1.45188
1.16896
-1.28764
1.2205
-0.746312
-0.684528
0.891822
-0.408604
0.468928
2.12406
-0.159776
1.02487
-0.932003
1.25647
-0.799652
0.229639
1.87114
-0.459138
0.150124
-0.173341
0.250011
0.164666
-0.929396
-0.0126754
0.299616
-0.902999
-0.838623
-0.395207
-1.55333
1.39545
-0.938982
0.30616
-0.24856
-0.0950636
1.10571
-1.94842
-2.13104
-1.59517
-0.644182
-1.33466
0.831947
-2.2682
0.160575
-0.138219
-0.150968
-1.19943
-2.27688
1.64581
1.00928
-1.2595
-0.101041
-1.19773
-0.0490256
0.799642
-0.827058
-0.022453
-1.2914
0.477733
1.12811
-0.469737
0.14982
0.431348
0.768909
-0.178116
1.78675
-0.647881
0.104806
-1.01866
0.143738
-1.60151
-0.448837
-0.343016
-0.975343
-0.531341
0.475749
-0.647037
0.820463
-1.02737
0.449698
2.08795
0.451552
-0.349926
1.0892
0.546772
-0.679942
-0.993884
0.281358
0.418523
1.77398
-1.15501
0.46005
-0.434731
0.378029
-1.63402
0.799804
-1.033
-1.232
-0.118073
0.830339
-0.107773
0.409329
-0.114967
-0.500392
-0.149883
0.456855
-0.287243
-1.23889
-0.289626
0.198917
1.74413
1.13204
0.158951
0.193798
-2.52146
0.771008
0.0168373
0.659693
1.56371
-0.0134908
-0.0831383
-1.95162
1.1287
-1.50478
-0.218527
-0.709727
-1.18516
-1.16817
1.46271
0.835717
1.03843
-1.23367
0.901282
0.217048
-0.43435
-1.24171
0.458352
0.740125
-0.669608
-0.0609279
0.345774
-0.813312
3.25293
1.75841
-1.10375
0.437336
0.946977
2.04314
-1.55895
-0.190424
-1.05227
-0.353822
-1.8363
-0.48378
1.06099
1.84814
-2.96463
0.574021
2.95497
1.66273
1.81098
-0.355563
-0.533684
0.168159
1.03162
1.06693
-0.749719
0.735304
-0.837142
1.00655
0.834573
-0.467729
0.685365
3.04839
-2.01244
-1.42395
-0.898816
0.92334
-1.89039
0.746747
-1.47377
-1.14013
0.413525
1.65688
0.954826
-3.14893
0.87846
1.19281
0.573941
-0.988003
0.575522
-0.456941
-0.423776
-3.71521
-0.034791
-0.247757
-1.80845
-0.897348
0.685561
-0.26169
-1.57229
-0.00973743
0.326522
0.878327
-0.935601
-2.54706
-0.401507
-0.414621
1.35033
-1.86233
-1.19941
-0.762044
-0.554142
0.84431
1.47273
-0.996448
2.26167
-2.46272
-1.25306
-0.195483
0.0798144
1.34602
0.6028
0.479844
-1.3551
-1.77232
0.716726
-0.194623
0.801853
0.563422
-0.237684
0.951488
0.959706
0.0452579
1.46573
-0.451357
-1.84185
1.24204
0.0923516
0.645498
-1.15143
-0.839022
0.412731
0.605355
0.0502797
-0.0234474
-0.11191
0.261286
0.689285
-0.363659
0.279018
-0.261557
-0.355086
2.12911
-0.60739
1.11823
2.38412
-0.188879
-1.6863
-0.684211
-1.68352
-0.802481
1.27465
0.366942
0.445003
1.02733
-0.899128
-2.42072
0.0989122
0.252093
-0.32018
-0.690679
-0.182141
-1.08807
0.441258
-0.467029
-1.87372
-1.46718
-0.940818
-0.609938
-0.138222
0.742825
-0.655791
-0.426091
-0.510508
-1.18295
2.26581
0.741824
-0.734919
-0.972525
-0.828729
-0.347634
-0.0262239
-0.747823
1.91616
2.40334
-0.547022
1.48957
0.867657
2.02029
-0.220485
-0.21622
-0.583984
1.45566
-0.820076
1.51355
-0.413062
-0.0249307
-0.650098
0.396156
0.60631
-0.0517924
2.69816
0.536464
-1.67951
0.790265
0.508697
0.766902
-1.45405
-0.44526
-1.59048
0.321489
-1.20297
-2.64803
-0.0282839
1.67104
-0.72505
-0.755403
-0.948514
-1.0188
0.0627316
-0.497259
-0.633558
-2.70006
1.53199
-0.479703
-0.224598
-0.550874
-0.345241
-0.0954269
1.88507
-0.501248
-0.00878784
0.329218
0.209124
-0.87465
-1.55918
0.867713
0.126416
1.21316
0.173888
-0.322397
0.0960302
2.72149
1.50241
0.0164616
-0.741678
0.316316
0.172263
-0.934226
0.446188
1.31785
0.0190317
-0.304515
1.91147
0.351576
2.29406
0.157092
0.836575
-0.817075
1.15609
1.69265
1.7327
0.0991015
0.573441
0.273299
-1.42184
-1.42167
0.43641
-0.122758
-0.110694
-0.0290038
0.230551
-0.551109
1.1417
0.283881
-0.597312
0.879223
-1.06701
-0.793993
1.32145
-2.34538
0.96418
1.69374
-0.875166
0.165986
0.113469
1.75789
-0.592488
-1.54753
1.90281
1.08133
0.0541799
-1.35127
0.419751
0.97371
0.121664
0.407022
0.707211
0.155851
0.255951
0.157265
-0.0754337
-0.933448
1.86799
-1.81236
0.578485
2.19372
-0.535263
-0.721216
1.29832
-0.63679
3.6294
-0.792121
0.601342
2.3946
-0.55072
0.882441
0.400136
-1.3125
0.791087
-0.0230473
-0.279896
-0.409328
-0.695993
1.46976
0.149625
0.0122504
0.339547
0.160412
0.821731
0.0640445
1.90156
2.49725
2.31466
-1.70263
-0.643824
3.2958
-0.365002
2.39057
-0.888998
0.612783
0.286113
0.724456
-0.227266
-0.0735259
0.637122
-0.430392
-1.68757
-0.483678
0.840482
-3.02021
-0.139203
-0.672485
0.54244
2.09446
0.3822
0.616362
1.67043
-0.697515
-0.150752
0.896128
0.536322
-1.25886
-0.904039
0.413214
3.18291
-2.28572
-0.805962
-0.858785
-2.09819
-2.26681
-0.0480146
0.899637
0.686424
-0.901388
-1.72718
-1.20804
-0.454863
-0.00936864
-2.46915
3.23957
-0.681827
1.30348
-0.660545
0.517763
-0.990417
-0.197373
0.118799
-0.139737
1.92051
-1.76067
-1.30849
0.299803
0.933129
0.394887
-1.01935
-0.91419
0.892741
-1.09657
-0.833383
-0.502514
0.391913
0.214491
-0.514989
-0.407362
-1.4461
1.2372
-2.33296
1.50366
0.34907
-0.580355
-1.64172
0.405596
-0.0284075
0.885498
0.0741301
0.373321
0.787333
-1.46091
-1.83678
-0.956354
-1.32868
1.94872
1.2587
1.73157
0.439447
1.23762
3.02283
1.00773
-1.27421
1.32714
-0.446708
2.33379
0.555372
0.710777
-0.226043
-1.14614
0.465093
-0.371962
-0.529198
-0.37946
-0.401313
0.369551
1.73672
-0.762052
0.352721
0.761125
0.059772
-1.40909
0.856726
-1.82376
1.20664
-1.85795
-1.42395
-0.564823
-1.18546
-1.54196
-0.347609
-0.254776
-1.78263
1.13321
1.3986
-0.534948
-2.41881
0.327258
-0.703462
1.22531
0.51606
-0.32214
-0.626632
1.48391
0.732331
-0.0896635
-0.871793
-1.59162
0.153413
2.9025
1.91296
-0.808216
-0.688692
-0.724252
2.49388
-0.53068
0.251014
1.56882
-2.17744
-0.545758
-0.146937
-0.465075
-0.734187
-2.48387
-0.806027
2.35813
1.55373
-0.393063
-0.259229
1.30413
2.51049
-0.443639
0.7084
-0.729814
-0.848919
-0.450923
-0.461649
-0.484903
-0.135125
-1.8795
0.773586
0.509883
-0.437924
0.572316
-1.01077
-0.583581
-1.82351
0.792067
-0.628976
1.00937
-1.97986
1.11984
0.736592
3.24821
0.984057
-0.453567
0.494462
-0.390733
0.71369
0.945402
-2.09929
0.444615
1.37853
-1.30269
0.467971
0.889581
0.106803
1.27718
-0.741855
2.70921
1.81907
-2.29308
-0.28436
-2.16756
1.01121
0.472247
-1.64214
2.67001
1.05592
-0.579321
0.513151
-0.814701
0.806096
1.57444
0.906634
-1.38994
-0.435182
-0.150287
-0.447921
-1.74801
-0.735196
-0.427163
1.18587
-1.43643
-0.493412
-0.0111097
0.406124
-0.342805
0.458998
-1.01399
1.79298
0.519524
-0.684318
0.995492
1.45242
0.724682
-2.08667
1.12539
1.30976
-1.87507
0.599637
1.42209
1.16557
-1.65137
0.291573
-1.26063
1.16226
0.249524
1.39118
-0.533244
-0.391495
0.466337
-0.633546
1.61284
0.0271575
-0.121848
0.0225215
0.641192
-2.02194
-1.23447
-0.18587
1.55006
-0.0275529
0.717505
-0.344912
-1.4729
1.11222
0.412768
-0.989293
-2.5282
0.742008
-0.00498549
0.877527
0.278214
0.431682
-0.96275
0.244844
0.174865
-0.152391
0.493922
-0.127841
0.099829
-0.250262
1.86654
-0.883682
0.760622
-0.721359
-0.213433
0.311355
0.311324
-1.72447
-0.669507
-0.722488
0.367232
0.427474
-0.858676
-0.0575017
-0.233619
-1.39624
1.63247
-0.667189
0.444884
-0.492348
-1.38647
-1.6453
-0.318797
-0.23724
1.68965
1.54316
-0.146377
0.0348207
-0.101586
-1.02202
-0.588163
0.649124
0.216747
-3.34894
-0.663036
1.7627
-0.115992
0.825076
0.159875
-2.56681
-0.829685
-1.57962
-1.59787
1.05619
-0.481619
0.0163165
0.887344
0.646612
0.527166
-1.31984
0.771074
-0.500981
-0.0859278
-1.53581
0.425579
0.731119
0.500838
1.59327
0.268747
1.35171
1.00277
-1.29457
-1.46051
-0.968195
0.457922
0.886236
0.0834467
-0.511069
0.686037
-2.07112
1.86117
-0.471057
1.18482
0.411596
1.63229
-0.765883
0.984652
0.746418
-1.17888
1.49813
1.15514
1.52154
-1.10537
-2.02514
-0.0622542
-0.677684
2.34192
-0.373484
-0.287797
-0.991237
0.151564
3.00618
0.565561
0.32426
0.816472
-1.78076
-1.57704
-0.20807
-0.0083885
0.302174
1.32192
0.0418176
-2.33906
-0.627092
-1.4125
0.0151534
-2.14767
0.520321
1.55764
0.723502
0.0576952
-0.337652
-2.36671
-3.05846
1.23209
0.914621
-1.22542
-1.04134
-0.131643
-0.991284
2.02157
0.40543
-0.117981
0.23113
-1.8851
-1.78781
-0.0201819
-0.408719
0.041976
2.02529
-0.115734
1.21771
0.372082
-1.46193
-1.3566
2.32961
0.754733
-0.456095
0.645257
0.0474782
-0.562751
-0.461347
-0.716537
1.19601
-1.71893
1.02399
-0.768582
0.983975
-2.01822
-0.523201
-1.62461
0.908883
-0.120576
-0.482147
0.546662
-0.0877615
-0.504013
-1.00255
0.63299
0.687032
-0.494673
0.133244
-1.98904
1.068
1.4037
0.287427
0.22947
-0.970852
1.34335
-1.5557
-0.0261964
1.63554
0.125134
1.4343
-0.964319
-0.109628
1.58386
0.313345
-0.00350691
0.258045
1.15823
-1.45706
1.69556
0.198089
-0.000525526
0.983178
0.74555
-0.567917
1.10612
-0.304404
1.49638
-0.384785
-0.447457
-0.866104
-0.698813
1.46784
2.25296
-0.103298
2.22986
-1.02772
0.320573
1.03483
-0.878845
-1.09978
1.21168
2.78326
1.41912
0.290523
-0.237742
-0.93752
0.592382
0.725702
0.802521
-0.398206
1.21693
-0.730242
-3.16353
-0.340296
-0.429267
1.23995
0.0982923
-0.035599
-1.31133
-0.336227
-2.61927
1.44286
-0.97079
-0.824712
-0.160304
-0.386023
-3.13124
1.48646
0.104444
0.614838
0.228016
-0.0447677
2.85065
2.15215
-0.555699
0.763783
3.39489
-0.291817
-1.3831
-1.11951
-0.111318
2.16796
-2.49453
-1.00043
1.43476
0.3302
-0.078005
1.23108
-0.886597
0.0222241
0.191009
1.06422
1.41685
0.849057
0.354992
0.709735
0.522207
1.48029
1.08148
1.09458
-0.616036
-0.655906
-1.54502
-0.744838
1.25817
-0.783223
-0.210557
-0.920393
1.0681
-1.44859
0.72993
1.35367
-1.16042
-2.21871
0.133024
0.577915
0.348211
-0.0189397
1.43608
-0.963087
-2.01182
-0.186305
-1.38301
1.91062
-1.51931
0.409949
-0.99628
0.547214
-0.346572
0.850046
1.23469
-0.140041
1.21951
-2.1607
0.0473951
-1.21645
2.82787
1.5784
-0.985942
0.709807
-0.513944
-2.48263
-1.57012
0.29866
0.727256
1.52615
0.0190866
0.279366
0.254974
-0.746058
-1.95198
-1.44016
1.67079
0.943989
-0.0667867
0.577718
-0.859866
-1.41903
-0.0647274
0.685838
-2.24219
1.94287
0.64272
-0.802819
-1.8999
0.0954587
0.144087
-0.319118
0.732416
-0.0114468
0.0230981
0.189877
-0.688466
-0.915073
-1.20189
1.88385
1.03129
-1.00461
1.07816
1.28679
0.952647
-0.608282
0.538335
1.3603
0.181825
-1.58117
-1.09489
-1.32296
-1.20331
0.223464
0.397759
0.220012
1.59853
-0.187751
-1.02482
1.80474
-0.521737
-2.0391
3.10796
2.13705
0.339169
-0.811471
1.11057
1.09105
-0.73564
-1.68852
-0.013677
-0.35891
-0.903935
0.600441
1.4186
0.0858965
-0.41147
-1.83045
-0.120537
0.949371
0.20584
0.669736
-1.46748
0.270754
-1.5829
1.09816
-0.597703
-0.505388
-3.26133
2.18546
-3.65594
-1.33153
-0.780081
-1.36214
-0.894407
-1.15369
1.06593
0.512674
-0.680691
-0.455931
0.167445
-0.792002
-2.52641
1.38451
-2.79456
0.16084
0.967408
-2.64575
0.133295
1.12357
-0.760047
0.151439
0.217331
-0.353072
-0.140695
-0.0236274
-0.0882291
-1.17887
0.294352
1.51334
-0.683503
-0.418182
-0.716865
-0.197578
-0.259412
-1.20381
-1.6912
-0.170837
-0.459905
-0.0968854
-1.45166
0.24895
2.11732
-0.0196455
0.136488
0.352609
1.1787
0.0946571
1.21405
-1.42839
0.963788
-0.604254
0.570359
-0.184468
2.30877
2.08401
0.469986
0.297058
-2.13932
0.76578
-0.0331339
-0.497726
0.76337
0.201909
-0.560117
-1.44712
2.05008
-1.23401
-0.535229
0.513039
-0.714272
1.72111
-0.209539
-0.652845
-0.168263
-0.367889
-0.159542
1.01746
0.705272
1.64643
0.424039
-1.13689
0.367849
-1.53759
1.54478
0.25295
0.297963
2.64001
-1.08266
-0.645389
-2.30115
0.791043
-0.688955
-0.239415
2.85889
-0.0729261
-0.76328
1.84768
-0.570532
-0.212055
0.786095
0.466056
-1.69139
2.59435
-0.549157
0.339878
0.363074
-0.0319251
1.17368
-2.09118
1.58748
2.48568
2.33698
-0.444974
0.326209
0.322766
-0.15524
-0.149126
1.22231
-2.59859
0.788555
0.563153
0.161972
0.657078
0.520871
1.3822
-0.342558
-0.81414
-2.64868
-0.475732
0.256283
-1.79572
-1.55277
0.464253
0.444802
-0.523994
0.890537
0.30821
-2.32501
0.966769
-0.409649
1.06359
0.484394
-1.65129
-1.21076
0.808865
-1.2951
1.12039
0.0942043
-0.644255
-0.219319
1.96348
1.58421
-0.862045
-0.605488
-0.0304668
0.208556
0.46212
0.782892
-1.58189
1.11051
1.30317
1.10699
0.704793
0.818192
0.521798
-0.71225
2.69392
-0.10821
-1.44296
2.29987
-1.61678
1.67788
-1.33529
-0.307202
1.41418
1.73767
0.327472
-1.63846
2.50776
-1.89779
-1.00358
1.1992
-0.274593
0.0494233
-0.65283
1.80549
-0.702235
0.536754
0.82352
-1.59898
-0.263206
-1.55082
0.384212
-0.715483
0.494235
1.63182
-0.570546
0.365394
-0.280463
-0.635361
1.28895
1.04871
3.09641
0.59617
1.50209
0.402326
-1.23412
-0.0588197
-0.257405
1.53803
1.32472
-0.632234
-0.52407
0.882731
-0.759754
-0.873661
-1.05843
-1.78413
0.293022
0.447236
-0.975543
-1.10117
0.38356
1.00296
-1.72274
-0.536418
1.64851
-1.12989
0.334899
1.4495
0.337158
-0.204175
0.902327
1.13769
-0.402067
0.54822
0.0865504
1.26507
0.446841
0.81572
-1.23857
0.871278
-1.26799
-1.08494
0.181602
0.149832
0.626283
1.23936
1.36653
-1.46868
-0.023211
0.417289
-0.349142
0.846789
-1.42694
-1.90482
-0.440713
0.309439
0.0545193
0.382802
1.2766
0.967154
2.76706
1.33
1.44683
-1.63096
-1.28268
-1.01751
0.640011
0.0708503
-2.24485
0.997013
-0.611379
0.827432
-0.113924
0.719884
0.489298
0.500962
-1.40981
-2.28194
0.58895
-1.01666
-0.402373
-0.251758
0.83326
-0.393214
0.565317
0.0655347
-2.22993
-1.0198
-0.571082
0.296214
-1.07519
-0.24305
2.23415
-0.0961572
-1.40449
1.36355
0.481777
-1.51562
1.00169
-1.49951
-0.0969354
-2.40997
0.257602
0.991905
0.35957
-0.252725
2.12927
-0.10227
0.338672
-0.308008
-2.85839
-2.05661
1.14447
1.72557
-0.0750634
0.640524
1.4734
0.0505211
1.07706
2.2235
-1.3516
0.974201
1.53289
0.4269
1.33352
1.51129
-0.940493
0.424529
-0.505964
-0.330773
-1.15795
-1.62543
-0.547292
1.87751
-1.78002
1.22999
0.825801
1.5815
-0.553879
-0.693558
0.155253
-0.502737
-0.657468
-1.3643
1.52964
-1.59396
0.28854
-0.572526
0.0433251
-1.91431
0.531806
-1.16507
-2.96263
0.723984
-0.1472
1.18714
-0.92765
-1.43929
-0.152772
-0.731386
-0.0696482
0.474978
0.165355
1.15543
0.102353
-1.05753
0.0843035
-0.584372
0.521826
0.162235
-0.1536
-1.9314
0.483461
-0.00053094
-0.620722
1.0288
-2.13636
1.67644
-0.97121
0.251673
1.48572
1.18437
-1.62583
0.762304
1.95429
0.847611
-0.747712
-1.27866
-0.228007
-1.34124
-1.64453
1.57097
0.680211
2.13808
1.99313
-1.14471
-0.286786
0.780887
-2.08167
1.42064
1.74504
1.38908
-1.1945
-0.668731
0.396884
0.730448
0.920407
-1.97693
0.795573
-1.57547
-0.579208
0.738542
-1.7647
-0.0837834
-0.741585
-0.298904
0.882406
-1.09417
0.0171799
-0.198527
-0.0850284
-1.77847
-0.514719
0.704211
-0.0520068
1.57936
-1.19147
-2.03983
1.06004
-0.618268
1.40374
0.0107809
0.298766
1.14302
-0.572999
-0.804751
-0.840888
-1.11597
0.219383
0.178633
-0.26246
-1.08067
0.812316
0.92371
0.0275888
-0.0420001
-0.207867
0.360021
-0.178556
-1.4446
-2.28406
0.104429
1.45602
1.65532
-0.365376
-1.77854
-0.788674
1.15664
-0.156024
-0.320785
-1.17219
0.596635
-0.612236
-0.0503023
-0.900367
-0.6734
-0.224649
0.18173
0.541702
1.30626
0.48833
-2.24106
-1.20602
-1.23904
-1.29731
-0.313582
-1.21874
-1.1207
0.631158
1.1074
0.12424
0.794013
0.883383
-0.461474
1.17135
-0.495524
-0.0595162
-0.845863
0.195685
-0.259157
-0.435466
-1.28611
1.48941
0.936516
-0.608049
1.11464
-1.44673
-0.862759
0.70625
-0.142991
1.30014
2.24001
0.877393
-0.645672
0.347031
1.01138
0.133801
1.6263
0.302169
0.267659
-1.37038
-1.01256
-0.630501
0.167702
0.787587
1.25917
1.17353
-1.11379
-1.02399
0.642145
-0.11935
-0.910621
0.423716
0.221967
-0.719161
0.448402
-0.839237
0.34301
-0.408436
-1.88167
0.203266
-0.396483
1.05553
-0.949949
-0.447635
0.204524
2.01093
-1.48499
0.423556
-0.111372
0.266916
-1.27335
0.0182848
-1.04862
-0.661048
0.422951
0.114793
0.643066
0.420107
0.693865
-1.05634
-0.317949
0.481276
1.5217
-1.11934
-0.563215
-0.51238
-0.967503
0.463378
0.338476
0.978541
0.379555
-1.39122
0.863901
0.290584
-0.399639
1.66678
-0.589037
0.221071
0.0557452
-0.101962
0.186745
-0.271218
0.495924
-0.277533
0.653337
1.2395
0.794323
-0.107499
1.05543
-1.23484
-1.1297
1.21788
-2.20945
0.255643
-2.32342
-0.838064
-2.20576
1.74604
0.822299
-1.84294
-0.763484
-0.362896
0.911073
1.53301
0.0551302
-0.206706
0.801108
3.51033
-0.805508
-1.34211
0.954462
1.4046
0.882808
-1.08505
-0.880171
0.120353
0.87217
-2.41664
-0.290822
1.46679
1.44982
0.341516
-0.409909
0.877742
0.647346
0.165322
2.22518
1.03909
1.8701
-2.0654
0.405321
0.2605
-0.057973
-1.14932
-1.58975
-1.74324
0.0174105
-0.61628
0.775496
0.253224
0.538771
-1.16542
0.371929
-1.52841
0.212054
2.26763
0.159575
0.481993
0.915069
-0.468857
-0.0251276
-0.345056
-0.0345107
0.392627
-1.93495
-0.287128
1.95844
1.13396
-0.694301
0.500498
0.575658
0.404522
-1.03353
-1.31971
0.539973
-0.450729
-1.71898
0.897517
0.57736
0.313889
0.411271
0.398195
-1.40432
-2.40369
-0.413811
-0.405239
-0.362408
-2.61014
-1.07823
0.533276
0.545
0.305224
0.386655
1.8023
1.69875
1.13576
1.1372
-1.44457
0.539659
-2.33214
-0.399741
-2.82567
-1.98945
-1.47739
-0.232065
1.44158
-0.544124
-1.98017
0.704729
-1.17946
0.947854
-0.135215
0.881616
0.659152
-1.42553
-0.602683
-3.31237
0.151675
0.123398
-0.681495
0.554837
0.43077
0.272128
1.51505
-1.51511
3.32365
0.841386
0.253327
-0.248234
0.717763
0.635663
-1.52917
0.846703
0.208348
-1.62307
-2.76225
-1.11408
-0.914971
-0.23901
0.270387
2.06137
-1.37269
-0.139454
0.118974
-0.0291948
-0.132022
0.308143
0.0915614
-0.94564
0.374571
0.460269
1.37094
-0.608971
-0.95675
0.166832
0.353785
-1.69614
-0.434925
-0.422499
0.646557
0.571233
0.565702
-0.654939
0.462338
3.40995
-1.22205
-0.802989
-1.30957
0.150667
-0.506151
-0.783913
-0.49479
0.0485504
0.349152
1.29685
-0.788385
0.473442
-1.4434
2.34086
0.618655
0.828761
-1.231
0.853493
0.0818805
-0.493808
-0.708395
0.220931
0.87833
-0.473948
-1.95688
0.4808
-0.0867702
0.96664
-0.464888
0.0791919
-1.27684
0.588804
-1.8656
-0.413613
-0.244865
-0.328033
-1.61404
1.55022
-2.0588
-0.611817
1.75094
0.149127
-0.128316
-1.10405
0.550309
0.580971
0.400324
0.660052
-1.59773
1.11553
0.571857
0.607397
-1.96911
-1.29421
0.921098
-2.57279
0.0854699
0.620344
-0.758984
-0.597715
-0.617772
-0.429553
-0.398138
0.0514407
-0.612002
2.07602
-1.59712
0.65617
0.71634
0.181941
0.511693
0.220854
-0.552817
-0.599708
-1.7864
-2.30017
0.163118
0.745219
0.29471
0.122718
-1.40093
0.00808879
-0.730268
0.784043
1.16043
0.382877
2.13938
0.288904
-0.932935
1.30559
0.602103
0.0263762
0.254379
1.61613
-1.8637
-0.406419
-1.24067
1.45646
-0.311426
-0.469957
0.881722
1.29797
-1.06802
3.23681
-1.70502
-0.183212
2.04837
1.46378
2.0298
-1.65724
-1.04477
0.0224372
-0.468442
1.79611
-0.659658
0.527251
0.188878
-0.38098
-1.48006
-0.224755
0.852547
0.125845
-0.0421905
-2.68292
-4.04882
0.270347
-0.746365
-2.11844
-0.0524642
-0.266353
-0.218323
-1.51623
-1.0859
3.03702
1.97514
-1.51671
-0.42885
-1.96861
1.31074
1.20639
2.31779
-1.77222
-2.15353
-0.741929
0.310308
0.0570193
0.0893847
-0.0935783
-0.138062
0.371588
0.0966549
-1.50467
0.671462
0.320676
-0.336236
1.52717
3.35232
0.389609
1.38156
-0.695655
-1.26613
-1.70957
1.74308
1.84382
0.81421
0.680069
0.986719
-1.01311
-0.720163
0.720228
0.779108
0.528068
0.761196
-2.51694
-1.59119
-0.989617
-0.292762
0.250586
-1.1396
-0.35121
0.891778
1.77394
0.396409
0.87043
2.40107
-0.848448
1.35706
-1.45132
1.9389
0.25677
1.19813
-2.61025
0.00397173
-1.02274
-2.54893
1.65607
-0.736664
-0.479043
1.05939
-1.18263
-3.88177
0.334064
-0.208391
-1.4064
-0.296793
-0.248588
-2.65547
0.423224
0.613324
1.66396
-1.26197
-1.23829
2.15835
1.07414
-0.503684
1.99474
-0.727059
-0.761271
0.570815
1.24501
0.267885
1.17636
-1.39242
2.06731
-1.35696
-1.04245
-2.3441
-1.58445
-0.303139
-0.983244
1.12741
-0.20106
0.616005
0.60301
0.278008
0.403715
0.664996
0.104536
4.68083
0.494404
-2.19598
1.40212
-1.28444
0.475477
-1.46801
-3.28626
-1.68385
1.42027
1.78791
1.33227
0.0627478
1.33858
1.73616
-0.389399
-0.0917859
1.63891
0.378728
-0.102269
-3.20703
0.0674453
0.860886
-0.116475
-2.17396
-0.638854
-0.462638
-0.171405
1.23781
1.16541
-0.728589
0.207529
1.04719
-0.152108
0.010167
0.528492
-0.501453
-2.38247
0.774431
-0.760252
0.515375
0.729678
-0.27636
1.43838
-1.39272
-1.05074
2.06834
-0.458266
-0.0644922
-0.971691
-1.12224
0.283907
-1.20315
-0.744973
1.63624
-0.3774
-2.99202
0.657568
0.102507
-1.49509
0.579189
-1.43394
-0.358685
1.03659
1.01632
0.312675
-0.185682
0.964821
0.42053
-0.110533
1.17057
-0.604302
-0.0639079
0.767074
0.591877
0.549556
1.27071
0.0607486
-1.0783
2.0992
-0.179289
-1.10907
-1.13885
1.90599
0.53913
0.783039
-0.897682
0.496238
0.11508
0.700942
-0.451638
-0.0640555
-0.888744
-2.43775
0.107362
0.756102
1.86347
2.30022
0.734483
0.0188459
0.460048
0.0401144
0.004322
-0.905321
-0.806015
2.14352
-0.860868
0.553323
-0.47706
2.09326
-1.16474
2.2941
0.590148
1.34672
0.737655
-0.781271
-0.602602
-0.943546
-1.94417
-1.13404
2.37582
-0.508163
0.525868
1.83057
0.749252
-0.793125
1.64581
-1.55655
-1.51559
1.61045
1.10219
-0.564677
2.0316
1.55528
-0.401398
-0.0941562
-1.49419
0.141561
-1.53655
-0.0199806
-0.371461
0.488239
-1.28501
0.438405
-0.444803
-0.0469793
-0.234289
0.331377
-0.104467
-0.844805
0.680223
-1.99246
-0.884831
-1.0665
-0.99997
-2.16209
-0.0158118
1.13921
0.646951
-0.672923
0.411379
-0.849912
-1.74077
0.275561
1.1446
0.0808536
-0.540032
-1.12338
1.21072
-0.981083
2.65232
1.4086
1.36157
-2.07702
0.9579
1.51354
1.97827
0.967576
0.102849
0.19749
-2.46816
0.126861
1.5746
-0.587229
-0.700075
0.375757
-0.43744
-0.372866
0.326311
0.666657
-0.707493
-0.624216
1.71372
-1.58609
1.9014
-1.12456
1.29371
0.117163
3.45949
-2.05942
0.156553
1.33821
1.52433
-0.461905
0.63048
-1.29163
-2.40004
1.37173
-0.508228
-2.43364
2.36723
-0.256796
0.0738379
-0.163777
0.26402
0.128667
-0.0859206
0.491833
-2.92208
-0.395017
0.606056
-0.382004
1.12135
1.97772
0.284417
-0.0278733
1.60673
0.289002
-0.477556
-1.61221
-0.246738
-0.358668
0.457221
2.01057
-2.15705
-0.34459
-1.32771
-0.481166
-0.302637
1.75749
1.82565
-0.470966
0.977662
0.0997367
-0.570627
1.14517
1.45901
-1.69123
-1.01899
-0.446042
0.875898
-0.398821
-0.277294
0.384948
0.652793
1.93855
-0.828598
0.725384
0.586398
-1.80555
1.06468
-1.00873
1.19849
-0.982783
2.36585
0.605928
-1.12338
-1.04844
-0.159005
1.03893
-0.884979
-0.404094
0.297283
0.921918
-1.03875
0.420999
-1.82354
1.18487
-1.41773
-1.56402
-0.901483
0.0426292
2.16768
3.29311
0.793144
-0.726595
1.14631
-0.296226
0.56884
0.472219
1.05949
-1.32442
-0.791044
0.537291
-3.22733
-0.0328109
1.01466
-1.17558
1.60617
-0.78733
-1.23597
1.72431
-0.799727
0.281869
-1.4299
0.177117
-1.74415
0.902114
-0.543616
-0.614597
-0.333926
-0.0176769
0.224439
1.67073
-0.168048
-1.32124
2.34306
1.41986
0.0920121
-0.849144
0.915274
-2.44899
-0.228945
-1.38328
-0.968776
-1.55325
2.63366
0.0229921
0.127996
-0.472158
1.77361
0.919024
1.08737
-1.22385
1.80312
2.32922
0.648838
-0.687621
0.642208
-1.68652
-0.691296
-0.205891
-0.648831
0.422313
-0.977963
-0.209648
2.79281
-1.10815
-0.150221
0.247066
0.465917
1.25745
-0.807101
-0.998315
1.1583
1.13662
0.446294
-0.827123
-0.688128
1.57723
0.107262
-1.83173
-3.47622
-2.70307
-2.02104
-0.610889
-1.40008
0.773893
-0.844708
-2.03932
-0.619995
1.30385
-0.76705
2.98732
1.72471
0.424414
-1.12167
1.0085
-1.70799
-1.86012
1.35405
3.39526
0.180133
-2.20641
0.245745
-0.730585
-0.912744
0.481778
-2.70708
0.579283
0.497279
0.220311
0.429936
-1.43339
0.330592
-0.107715
-0.559477
-0.745546
2.47813
-2.28751
-0.27101
-1.31867
0.427105
-1.47027
0.927343
0.0784308
1.51901
0.155704
0.669515
1.10587
-1.35522
-0.599336
-1.7873
-0.244033
-0.245924
0.130602
0.605075
1.0979
0.461092
-0.783139
-1.08067
-1.47681
-0.0690514
0.447447
-0.472538
2.25092
0.89334
-2.27184
-1.32106
-1.73121
1.25045
1.7855
0.919126
-0.922134
-0.57237
-0.922349
0.519704
-0.0971395
-0.850145
0.575948
0.0999922
0.963756
-0.49212
0.345774
-0.577311
-0.300244
0.108008
-0.24542
-0.45412
0.763155
-0.554265
-0.713238
1.02529
-1.85874
-0.365286
0.605497
-0.941163
1.90397
1.11827
-0.0274819
0.420242
0.0115676
-1.63575
0.957849
-1.06376
-0.670577
1.68055
-1.20646
0.467607
0.106806
1.53662
1.67183
-0.143406
0.749219
0.421969
0.0759727
-0.983388
-0.0929856
1.78231
-0.509513
0.313954
0.165203
0.858453
0.96664
0.894577
-0.0458943
-0.627837
0.79418
-1.3235
0.675953
-2.31045
-0.0538341
1.12579
0.602353
-0.658729
-1.39524
-1.33352
1.58152
1.88687
-0.814941
0.413042
-1.70588
1.53583
1.60081
-0.408583
-0.193679
1.57062
-0.693676
-1.6547
1.24207
0.920003
-0.346588
-0.403487
0.737738
0.737791
1.19147
-0.875479
0.668837
-0.835541
-2.14249
0.248605
0.906472
0.316412
-0.0365958
0.315244
-1.57617
0.649685
-0.508145
0.598029
2.11002
-0.0268899
-0.167189
0.125111
-0.916209
1.10564
2.3945
-1.04508
-0.095049
0.776267
1.46064
-1.68289
-1.16865
-0.0966161
0.875801
-1.35669
-0.107465
0.676942
2.06998
0.304202
-1.25085
1.23184
-0.309642
0.186138
-1.0507
-0.589975
-1.26713
-0.525274
-0.937812
-0.582359
0.650055
-1.76786
0.763386
-1.02707
-0.248729
0.853239
0.627351
-1.61566
-0.639311
0.462787
1.05455
-0.977846
-1.29147
-0.476391
0.0105678
0.120096
-0.846574
-1.03794
-1.06278
-0.433318
-0.448719
1.57179
0.846837
2.10413
1.06485
-0.23543
0.689405
0.57645
-0.051324
0.2802
-0.542636
1.04494
1.67834
-1.84695
0.510589
0.886455
0.803569
0.4662
-1.78916
-0.0157241
-0.411781
2.14764
-0.419802
1.96153
-1.34337
0.965263
-0.72873
1.52269
0.547852
-0.921212
0.506007
-1.24371
-0.487352
0.0742897
-1.18507
-1.37942
0.446542
-0.0445184
1.97264
-1.85714
-1.53722
1.06579
1.53215
-0.771188
0.461059
0.491993
-1.63832
-0.95955
-1.82224
-0.976079
-0.213954
-0.608013
-0.318595
-1.69012
-0.158545
0.475961
-0.518435
0.344953
1.12389
-0.0947439
-0.970286
-1.61149
1.77186
-0.598475
-1.59338
-0.38262
-0.331379
-0.57949
0.439479
0.508804
1.21567
0.734803
2.65914
-1.32031
0.554076
1.37592
0.941594
-1.37754
-1.84283
0.336937
1.20961
-0.0820347
0.400453
-1.03561
0.455793
1.56814
-0.142705
-1.43335
-1.26422
1.96783
0.564631
-0.0153133
-1.89857
-1.31126
-0.468407
-1.37577
-0.270674
1.59962
-0.202243
1.32018
-0.493315
0.54365
-2.0758
1.03223
-0.608065
0.912423
1.21504
-0.70989
-2.90152
0.460753
0.317252
1.62577
2.48624
1.69129
0.767244
0.161783
-0.584268
-1.77545
3.22813
-1.1599
-0.879689
-0.778755
0.294236
2.23947
2.68244
-0.531943
-1.23186
0.00797067
0.379736
0.185511
0.934863
0.451827
-0.48197
-1.58131
-1.58792
-0.913016
-1.78562
0.583153
1.92004
0.235329
0.175278
0.153204
-1.48197
-1.17979
1.303
1.7896
0.309518
0.137611
-0.624124
-1.01144
-0.275522
0.176022
-0.212919
0.644553
1.07316
-0.998448
0.471852
2.42054
1.83374
-1.82063
0.454784
-1.69064
0.313732
-2.06756
2.03659
-1.36069
-0.846771
-3.43338
0.0650186
-1.39432
-0.891419
-1.36176
-1.15152
-0.462528
-0.688885
-1.1108
2.70111
1.11466
1.39493
-1.64556
0.236574
0.749117
-1.36974
0.935096
-1.46855
0.358622
-0.412853
-1.87244
1.63844
1.67928
-0.679003
-0.642882
-1.63594
-0.308799
0.538885
-0.990003
-0.0763072
0.742995
-0.529603
1.03557
1.40676
-0.042496
-0.899252
-2.11783
1.03763
0.495553
2.21293
0.288758
0.102815
-0.780906
-0.448014
1.08148
-1.73626
-1.93611
-0.410748
-2.3566
1.87293
-1.9378
-1.20197
-1.02725
0.202855
-1.62855
-2.09761
1.23124
-0.957104
-1.97407
-0.74587
0.624911
-0.264167
1.7622
1.82083
-1.35087
-0.837092
0.363067
1.37516
-1.70687
0.472936
-1.69179
2.21676
-0.457015
-0.348217
-0.962951
0.554788
2.5543
-0.0740723
-1.95958
2.81843
1.59672
1.88661
0.247457
-1.9895
0.581474
0.950026
-0.953809
-0.0789694
0.665994
1.08312
-0.167921
0.315927
-1.82274
-0.498531
-0.597957
-0.503074
1.11985
0.184343
-1.19767
-0.252003
-2.68395
2.21748
0.0673935
-0.601244
-0.215667
0.35952
1.10651
-1.13811
1.29973
-0.0191817
-0.64891
0.684109
2.67145
1.53788
-0.233946
-1.22251
1.37229
-2.38926
0.104441
0.229448
2.82822
-1.44179
-0.0587693
-0.594725
0.753734
1.07297
0.134043
-0.851319
0.12396
0.136935
-1.91865
1.7081
1.05559
-0.513008
-0.746516
0.303226
-0.100476
0.653176
0.329074
1.03426
-1.44099
-0.0174552
1.5247
-0.184747
-2.57856
1.93512
0.104055
-2.08374
0.387601
-0.159543
0.390932
-1.30219
1.63428
-1.031
-0.287855
1.61115
-0.294392
-0.437208
-2.08301
-1.52304
1.57949
-2.66328
-1.11774
0.81615
-0.579492
1.19429
3.25892
-0.134649
-0.50327
0.958627
1.89045
1.1208
-1.17668
0.60277
-1.46878
-0.752271
-1.0634
0.442978
1.50461
1.57145
0.377227
0.905348
0.258859
2.0257
1.37666
0.785385
1.22676
-0.127024
-1.80957
1.23532
0.186598
0.624477
-1.57305
0.418125
0.543168
-0.231873
0.0106977
0.410324
1.14384
-0.667899
0.641644
0.320369
-2.52152
-0.698945
0.685374
-0.491133
-0.783596
-1.59465
1.68014
-0.0760932
-0.0464117
0.432084
1.26327
-0.0151812
-1.06635
-1.30501
0.298468
3.15943
-1.73343
0.694962
-0.22241
-1.11914
0.687213
0.725548
1.42117
-1.1424
0.2275
-0.112558
-0.647723
-0.179756
-0.251876
-0.237683
-1.12633
-0.0573603
1.55889
0.549575
-2.21479
-0.0741162
-1.01512
-0.152018
-1.51885
-0.279319
0.742014
0.418045
-0.448003
1.15586
-0.681923
0.179532
-1.15164
1.20904
0.855506
0.776038
-2.11486
0.464683
0.281686
-2.3469
1.76411
0.211978
0.403363
-1.92943
-1.8364
0.777886
-0.779204
-2.31709
0.588309
1.64455
-0.00657063
-0.537734
-0.432063
-1.10171
-1.50041
-0.631225
-1.29569
1.09667
-0.100449
-0.794012
0.460235
-0.771163
0.659015
2.5778
0.00280813
0.595224
0.401252
-0.343311
0.0531366
-0.522997
-1.47765
-1.37204
0.796016
-0.174229
0.00843996
0.449387
-0.0377682
-0.630019
-1.64325
-0.248973
-0.201827
0.441741
-2.55105
-0.240078
1.14333
-1.58215
2.33402
1.99131
-0.0214484
-1.67405
2.3044
-1.66759
1.51232
1.64055
-1.60281
-2.10187
-0.862712
1.73512
-0.222901
-1.74889
-0.105826
0.264326
0.349118
-0.206996
-1.20067
-1.23843
-2.24501
-0.965067
0.40347
-1.7262
-0.0256878
-0.715362
-1.0152
-0.168594
0.722307
-1.81416
-0.79881
-1.33289
-0.462289
0.00531537
1.00629
-1.02337
1.16641
-1.8906
0.57473
-2.0146
0.17582
-1.07483
0.0810358
-0.640375
-1.49319
-1.97329
-1.71355
-0.739236
0.856857
0.746997
-0.83882
0.750655
-0.360226
0.435828
0.889745
1.96761
0.976854
0.974268
1.51731
0.417927
2.3493
1.09453
-0.307138
-0.0145141
-0.0394631
-2.42403
0.303167
-0.672201
-1.47514
1.36499
0.351073
2.28807
-0.615088
0.856751
1.32545
1.72288
1.27524
1.24381
3.04322
0.834542
-0.525172
-0.236682
0.453914
-0.24044
0.367488
0.0828931
0.152912
-2.35511
-0.679248
1.4512
0.180238
-1.46425
0.0786144
0.43386
-0.532252
0.207882
0.391913
-0.180813
-0.928948
0.132074
0.65623
0.84001
-0.819212
0.321319
0.776532
0.25171
-0.797828
-2.23582
1.73399
0.100349
0.440694
-1.3439
0.181692
-0.379879
0.373028
0.89036
-1.68006
-0.0949343
0.879453
-1.28557
-0.46967
-0.486613
-1.96201
-0.471257
-0.617096
-0.583203
0.838578
0.266318
0.352623
2.20376
0.260972
0.480515
1.92817
-0.797474
1.75035
-2.08286
0.0662457
-1.50617
-1.26075
-0.522157
-0.127015
-0.842438
0.136275
0.289646
-1.20507
1.5372
-2.83396
1.35367
-1.00308
0.463926
0.425664
-1.05216
1.07891
2.37171
-0.602571
-0.884931
2.46906
0.560839
0.291312
1.89456
0.936985
-0.760491
-1.32392
0.268674
1.57584
0.366462
-1.86787
-1.22663
0.435333
0.401347
1.09509
2.28778
-0.25587
-1.50051
0.420365
1.27296
-0.712775
-1.11496
0.821035
-0.63039
0.309154
-1.10208
0.200716
0.472581
-1.28146
-1.68679
2.18327
-0.558056
-1.10247
0.0974573
-0.339735
2.34511
0.208718
1.28625
0.684618
-0.919327
0.742586
0.230749
-0.777756
-1.56366
-0.318973
-0.35129
1.68898
1.09723
1.43701
-1.96591
0.343722
2.23447
0.413705
-0.687577
-1.03057
1.99701
-0.128596
-0.667126
-0.395126
-0.710146
-0.0644916
-2.21087
-0.729685
-0.452596
0.0613152
-0.618933
-1.69467
0.914057
-1.01225
-0.337577
0.921212
0.752797
1.22616
-0.0907418
1.49328
-0.920402
-1.97084
0.600572
1.85813
-0.24078
1.37864
0.98619
-1.20124
-0.87127
-1.11633
1.82205
1.03638
1.97981
-1.55623
0.187559
-0.121571
-0.318508
0.517068
-1.04231
-1.28076
-0.638764
-1.96868
-1.41861
0.0896322
-0.293042
1.38813
1.36813
-0.307161
0.844039
-0.740186
0.666407
-0.126405
-1.15115
-0.436764
-0.327074
-0.451467
1.68173
0.501969
-1.02915
1.72749
1.10376
-0.334645
-1.8902
0.15521
-0.207627
0.173471
-1.22754
0.0372387
-0.596004
-2.74058
1.39482
-0.772384
0.360249
-0.0809924
-2.94049
1.31756
0.492045
1.05031
0.17815
3.07817
-1.02593
1.72785
1.70628
-1.41819
-0.571003
-1.18812
-1.57874
-0.396716
2.48456
0.064115
0.0645969
-1.8315
-2.01016
0.669318
-0.0158796
-0.781114
-1.33862
-0.280142
-0.203546
-0.713465
2.14935
0.356685
-0.660191
0.908003
0.257174
0.0286926
1.60013
-0.851793
-1.40738
0.732082
-2.30863
-0.250374
-0.015249
-1.05361
0.152657
-2.53617
2.16759
-0.0803942
0.30469
0.287604
0.711189
-0.37747
-0.113014
0.117286
1.50293
-0.0816382
0.820803
0.43712
-1.66593
1.24724
-1.76948
-0.791325
-2.03292
1.07104
0.591705
0.46631
-2.97487
1.01596
0.667814
-1.25821
1.9426
-0.783352
1.13544
1.79627
-0.255993
-1.53082
0.425734
0.786934
1.16446
-0.0331314
2.0516
-0.786511
1.15117
-1.49201
1.15579
-0.952579
-0.740396
1.5327
1.32934
-0.426055
-0.388399
0.516084
-0.489088
-0.472157
-1.07669
-1.3183
1.59809
-1.44008
-1.26255
0.318387
0.78111
-0.0788392
0.287712
-0.69046
-0.277146
1.00922
0.244968
2.18225
-0.722323
0.270692
-0.0129787
2.51997
0.168169
0.758455
1.96428
-1.47789
-0.10711
-0.6069
2.54472
-1.32753
-2.21962
-0.252965
-0.562593
0.699016
-0.632659
1.78619
-1.48739
-0.583652
-0.559259
-1.01146
-1.4195
-1.22463
1.55174
-0.883858
2.13349
0.212532
0.446576
1.08766
0.242375
-0.0570864
-0.817917
-1.70896
0.811183
0.530196
-1.70022
-0.116528
0.0677822
-0.473326
1.96149
2.42324
1.23547
0.477747
2.45532
-0.893622
-0.370846
-0.149273
-2.5592
0.408594
-0.200037
2.06705
-1.25135
-0.50152
1.15445
0.6835
-0.446834
-1.01003
0.253957
0.697271
-0.191633
-2.09341
-0.0590807
-0.146971
0.714462
0.501278
-1.85404
-1.55048
0.736927
-1.78241
0.0472619
-1.81941
0.936181
-1.39603
-1.06372
0.349231
0.24552
0.130939
0.787436
-1.20306
1.00639
-0.683709
0.56749
0.627115
0.947956
1.01868
2.11355
2.30096
-0.611568
-0.00918777
-1.88249
-0.760296
-1.10127
-0.778854
1.34484
-2.07209
1.498
-0.142327
-0.831925
-0.571242
0.0398917
0.519334
0.0550643
-0.704358
0.268612
-1.12013
2.0679
1.97195
0.414511
1.37623
0.315158
-1.02811
-0.814365
0.419391
0.140266
1.95925
-0.746889
0.312822
-0.732296
1.48041
-0.0480512
-0.477163
1.64077
0.779072
-0.46567
-0.640505
3.01084
-2.04708
2.39116
0.0357984
0.258305
-0.134138
-0.311849
-1.85161
0.265871
1.45371
-0.692825
0.563513
1.68403
-0.259214
0.605042
0.17933
1.60719
-0.118269
-1.97341
0.433015
-0.126222
-1.35859
-0.338498
0.269789
-2.36041
-0.642927
-0.933361
-0.431663
-0.863472
1.94177
2.19867
-0.187497
-0.671603
0.634186
-2.61393
3.01788
1.10349
0.0418179
0.571823
-0.0631376
0.474812
0.926549
0.837081
0.299989
0.504887
0.579789
-1.40015
0.566322
-0.423413
1.75349
-1.81173
-1.49433
-0.763768
-1.44016
-0.191416
-0.172482
-0.250008
-1.19986
-0.610559
0.441217
-0.439568
0.820154
1.5099
1.26185
-1.16162
0.182084
-0.746531
0.0551741
1.58971
2.21802
0.427155
-0.530773
-0.222513
0.402109
0.217858
-0.327479
0.142568
-0.625201
0.580636
-1.05847
-1.3612
-1.83126
0.572865
-1.36702
0.0196709
0.890055
0.710177
-1.48906
-0.567356
-2.7306
-0.416668
-0.567376
-0.721153
1.78973
-1.81962
2.42788
-0.1349
-1.12487
-0.137005
-0.704441
-0.151964
1.62922
-1.01456
0.426391
-0.826269
0.489816
-0.761005
2.50547
-0.0251573
-0.0514482
0.815021
-0.221333
0.0447471
-0.727557
0.678206
0.0984233
1.82309
2.3542
-0.290254
0.272539
0.818715
-1.53945
1.53182
0.601365
-1.84667
-1.5838
-0.320822
-0.0298297
0.678803
1.4284
-1.85442
0.412812
0.404458
-0.615018
-1.27949
1.01368
1.17164
0.827766
-0.94723
0.105588
-2.08916
-0.087266
-1.81649
0.101614
-1.57345
-2.96146
0.238026
0.263009
1.78781
-0.718874
0.898112
-1.39582
-1.77589
0.0567619
-0.0445719
1.4201
-0.199986
0.896381
-1.12797
0.249894
-1.7543
0.00556174
0.327501
-0.612063
-0.482865
1.01372
-1.93587
-0.454087
-0.334871
-1.97995
1.13155
-1.92761
0.886037
-0.045912
-0.104462
0.371025
-1.65468
-0.259501
2.03769
-0.798631
1.09163
0.211223
2.63687
-1.84264
1.75347
0.461123
-1.25334
0.683526
-3.35636
-0.211197
-1.55239
0.0483136
2.83296
-1.25974
1.84261
0.428846
-0.000585145
0.835161
-1.64506
1.53503
0.965624
0.427234
-0.214534
1.27679
2.26933
-0.686333
-0.0201841
-1.79481
0.299747
-1.66959
-1.44074
-0.238475
1.64878
0.672835
0.467698
-1.14395
-0.742159
0.634235
-2.05995
1.51228
0.205418
1.35408
0.829719
-0.0891795
0.00799872
0.77172
0.446691
-0.0299591
0.0302909
-0.687787
0.0744102
0.443247
1.548
0.788009
-1.16712
1.10262
0.680742
-0.132873
3.11514
-0.785368
0.108486
0.470105
-1.2281
-1.00911
0.842355
-1.31716
0.690867
1.00767
-0.511932
-0.65286
-0.958474
0.822266
1.73048
-0.979824
-0.97815
-0.766706
-1.22843
-0.494142
-0.800883
-1.35325
2.0227
0.546311
-0.431741
0.537576
-1.01528
-1.01204
-2.19992
-0.0755391
-0.945323
-1.25531
0.172289
-1.25159
-0.337085
0.105153
0.190172
0.170068
0.219592
-2.03902
0.0669303
0.193657
-0.148776
-0.794028
-0.941365
0.36678
0.428892
0.619991
-0.318874
-0.0536265
-0.642539
-0.196022
0.642782
-1.59344
2.69432
0.198344
-0.585851
1.52135
0.795217
1.16436
0.690542
1.61758
-2.89945
-0.25385
-0.951229
0.117389
2.22105
-1.5508
-0.726083
1.0816
0.822309
0.205875
-0.150936
-1.15735
-1.38425
-0.255302
0.358491
-2.39679
-2.05417
-1.45616
0.732729
-0.44847
0.373573
0.546344
0.733298
0.870008
0.664703
0.954613
-0.684447
-0.384361
0.881561
-1.98725
0.0148112
0.578336
0.293845
-0.154774
-1.97954
0.0790631
0.363642
1.35493
-0.340195
1.16493
-2.40153
-2.00163
0.889175
-0.34432
0.274328
-0.718471
-0.162983
0.0900492
1.24849
1.76376
-2.48259
-0.697564
-1.22539
1.03708
0.0245827
-1.77766
1.00149
2.2922
-0.00884882
-1.71428
-1.82261
0.258793
1.34078
-1.04897
-2.0209
-0.814471
0.118912
1.63052
1.96801
-0.393621
0.422729
2.61964
0.712726
-0.13919
0.380345
-1.61583
1.65022
0.106664
-1.23815
0.349369
-0.296135
-1.13483
0.433507
0.0505779
0.604278
0.212526
0.125345
0.204442
1.36872
-1.93029
1.70999
0.154655
-0.359948
-0.108744
-0.464754
0.211362
-1.22458
0.58784
-2.01581
0.168044
0.143134
-0.266819
-2.4124
1.20452
0.859379
1.3806
-1.07308
0.263818
1.32909
0.234602
0.773026
-0.185929
1.88051
1.25829
1.27295
0.0136024
1.32543
2.38124
-0.405758
1.1706
-1.44556
1.8722
-1.89863
0.751356
-1.40095
0.00781237
1.07018
-0.39359
-1.10537
-0.0759587
0.266008
0.182899
1.20765
-0.149808
-0.300545
-0.15552
0.39931
0.670729
0.205735
0.510145
-1.76406
-1.17692
1.45632
-1.47393
-0.702986
-2.27702
-0.546276
-2.02937
-0.129642
-0.29379
-2.08691
-2.40596
-0.445754
1.11636
0.0526989
0.494328
-0.0991235
-0.320891
-0.278331
-2.17403
-1.77426
0.0294745
0.813321
0.0200799
0.973354
-0.874338
-1.60014
1.02061
0.794259
1.02083
2.1048
-0.324002
-2.67636
-0.520002
-0.44509
-1.02684
0.345985
-0.379793
0.00619114
0.922372
-0.505558
2.10724
0.0280101
-0.448901
-0.240263
0.0732593
-0.396208
0.297501
2.01064
2.35524
-0.285249
-1.28459
2.65992
-0.339759
2.22512
-0.148814
0.295145
0.228032
-0.333821
-0.811979
0.828909
-1.00642
-1.32571
1.86449
-0.945475
-0.781421
1.57093
-0.271029
1.56798
-0.0417918
0.549526
-0.138941
-0.826043
-3.08969
-1.81743
1.65678
-1.22838
0.771493
-0.772646
-0.354441
-0.185354
-0.33284
-0.150933
0.325022
0.222049
-1.34463
-0.322699
0.103015
0.919022
2.87491
-0.433587
-1.34189
0.553539
1.2665
-2.33074
0.155848
-2.97031
0.941162
-0.500795
0.646234
-0.144216
0.277025
2.24157
-0.113592
-0.0601359
-0.650072
-1.82393
1.4529
-0.930464
-0.154027
1.44583
-0.710908
1.67967
-0.434118
1.09581
1.40213
-1.66764
0.933597
-0.908629
0.547496
-0.435194
0.628893
-1.53058
1.49071
0.86522
-0.411983
-1.78728
-0.35153
1.92548
2.20819
0.966259
-0.567596
-0.7813
0.00706394
1.10003
-1.15599
2.43894
0.186414
-1.0951
-0.789572
-0.879704
0.512145
0.755647
0.0221085
-1.3329
2.22542
0.397026
0.12306
0.0151247
2.6204
1.01033
-0.627367
-0.581211
-0.759606
-0.440343
-1.6474
1.41107
0.941881
0.16755
0.232972
-0.106415
2.04827
-0.246289
2.46106
-0.602993
0.417376
-0.0786906
0.977539
0.264368
-0.137271
-0.214271
-1.44349
0.545064
-1.75672
0.687605
-1.10678
0.924005
-0.356054
-0.995445
2.27358
0.229059
0.307262
-0.146891
1.22474
0.114394
-0.463584
-1.0937
1.56336
-1.43132
0.848197
-1.39762
1.32621
-0.139677
1.17692
-1.61855
-0.685409
-0.731394
0.48815
-1.91924
-1.03264
-0.0908492
-0.620063
-0.502818
0.56061
-0.221493
-1.21402
-1.70034
-2.37515
0.977033
-0.814542
-0.965476
0.390531
-0.655817
0.981957
0.478345
1.69438
0.747155
1.71967
-2.33181
-1.68482
0.932594
1.21502
0.73082
0.986703
-2.29488
1.49629
0.705428
0.815766
0.440594
1.32366
1.02557
-0.681471
-0.676722
2.85425
-1.34847
-0.451
0.698685
-0.706028
0.103772
1.83532
0.758751
0.936513
-0.536789
0.3075
0.592978
1.44462
-1.41044
-0.296465
-0.272905
2.10319
-0.0799393
0.648804
2.31739
0.229017
0.676413
0.910287
1.0129
-0.58981
1.94425
1.39947
-0.842299
-2.32553
0.274656
-1.38645
1.40194
0.835035
-0.0475444
-1.03448
-0.031052
-0.019619
-0.995233
0.446451
0.672116
-0.516458
-1.70963
1.20366
2.95167
1.22463
-1.29361
-0.44927
-0.221481
1.21195
2.69983
1.0935
1.10448
-0.906927
-0.0194068
-1.03346
-0.752013
-0.196186
-1.56481
0.658888
1.60116
-0.907675
-0.162803
0.249461
-0.314492
-0.460368
-1.57482
-1.89207
-1.08442
-0.4324
-0.685427
1.47926
-0.26018
1.88918
-3.45907
0.635017
-2.3488
0.798222
1.11347
-2.49627
-1.43465
-1.85223
2.41635
-0.378715
-0.998752
-2.81397
-2.51265
0.490719
0.380497
2.64599
0.952308
-1.09065
-1.04316
-0.265429
-0.963639
0.74872
-0.769142
-0.760713
-1.07589
-1.07438
-1.07196
-0.290153
1.16547
0.372937
1.13812
0.331766
1.98753
-0.610531
-1.59175
-0.735802
-2.13087
-0.175249
-0.669917
-1.21853
1.99599
1.86298
-0.77248
0.636768
0.37687
0.555714
0.44785
-0.0381007
-0.935155
-0.229346
0.844
-1.87161
0.596306
-0.146968
2.25691
1.25063
0.0950328
0.633396
0.260904
0.951313
-0.453855
0.692944
-0.132762
-0.937437
-1.23995
-1.83467
-0.973799
0.260958
-0.228502
-0.419012
-1.06857
1.77615
-0.012128
-0.322576
-2.25384
1.30144
1.12212
0.893464
-1.18326
0.21018
-1.49794
2.18294
0.908788
-0.0817176
-1.64379
-0.565105
-2.0002
0.773639
-1.02622
0.803906
2.22413
0.320397
-2.00817
-1.90522
-0.997721
-1.15311
1.87589
-0.376789
0.0828357
-0.837724
-0.821287
1.60562
0.0493892
1.2259
0.164104
-0.556953
0.277557
-3.67756
-0.853108
0.459711
-0.104466
-1.53665
2.08064
0.899414
-1.6182
-0.957126
0.939785
0.918779
1.59454
-0.420543
-1.27008
-0.20087
0.96369
0.758283
0.831042
0.404874
3.11209
1.33023
-0.732841
1.1766
-0.0140837
-0.974803
-0.957138
-0.623784
3.53752
-0.0991563
0.527193
-3.45579
-2.53829
-0.0960294
1.02462
-0.173185
1.61752
-1.35854
-1.95864
-1.81539
-1.14027
0.173346
0.619055
1.63977
-0.491715
-0.844639
-1.75296
-0.743656
0.0485007
-0.502134
-2.01245
0.343901
-2.25432
1.14604
0.361418
0.435187
-0.237124
1.11803
-1.22023
1.43873
1.21186
-1.03733
-2.78394
0.144537
0.252074
0.0591252
-0.677134
-1.08214
-0.885327
0.0440677
0.050043
0.255792
1.82663
0.508917
1.14008
-3.73575
-0.598655
0.899467
-2.36813
-0.88907
-2.18201
-1.28981
1.14661
-1.38043
0.515636
0.924441
1.07732
0.255955
1.57156
-0.748591
0.222452
0.736089
1.80896
0.220967
0.750053
-1.22948
-1.45511
-1.16599
1.92816
-0.530645
0.909508
-1.17271
-1.24743
0.655321
1.66789
0.838323
-1.22204
1.35418
-2.6622
-1.34212
-1.13077
-0.706833
0.313972
-0.876061
0.224637
2.38601
-1.60689
2.70324
-1.13827
-2.03256
-0.0314109
1.15499
0.544868
0.0671723
0.978982
0.967211
0.795733
0.994814
0.335034
-1.31664
2.23
-1.25497
-0.497373
-0.310509
-0.434856
0.137057
-0.441867
-0.684211
0.82813
0.816385
-1.98975
0.213782
-0.52402
-0.327593
-1.05666
1.4169
0.15142
-1.55899
-1.74245
-0.706945
1.1759
-0.743762
-1.27049
-0.720705
-0.314516
-0.93109
0.212297
-0.887865
-1.07805
1.70989
-0.176581
-1.89949
1.82163
0.00888579
-1.69843
-0.230383
-0.392853
-1.52785
1.17559
0.679062
-1.31842
0.90938
-1.55542
-0.993404
-1.02994
-1.38081
0.597021
0.475763
-2.40747
0.542706
0.170503
0.438139
1.96235
-1.05945
-0.745348
-0.652421
-0.120303
-0.210874
0.428174
1.23312
0.774084
1.66739
0.338225
-1.39593
-0.563008
-0.0357965
-1.85681
-0.851439
-1.54517
0.531101
-1.45007
1.00686
0.654731
-1.4043
2.06069
2.07737
0.969233
1.32431
-1.57517
-0.460786
1.59124
-0.266196
0.294598
-1.26477
-1.79484
0.529692
-0.987535
-0.00177129
-1.39871
-0.43979
-0.0626057
-3.00796
1.87709
1.99247
-1.35514
-0.545197
-1.0525
1.22128
-0.540493
2.35593
0.464449
0.867372
-0.634493
-0.605746
-1.0408
2.30149
-0.374369
0.571205
1.15985
0.240977
-0.0617657
1.58093
-0.979415
-0.187109
-0.486634
-0.36851
-0.980681
-0.742714
-0.0307078
-1.95317
-1.04935
-0.57167
1.07029
1.34733
1.80669
1.47486
-1.82274
1.21714
-1.21702
0.30989
-0.656384
-0.665758
-0.908082
-1.53603
-2.65259
-0.0360747
-0.122629
-1.92297
-0.323352
-1.26412
-2.4731
-0.337398
-1.1995
-1.40027
1.33307
1.02598
1.49477
-1.04718
2.09462
-0.669334
0.796479
-2.0873
0.992734
-1.25847
-0.501231
-0.483752
-0.251429
0.200386
0.118549
-1.83913
2.02561
-0.783951
-0.720934
-0.176244
1.00507
1.52331
0.395226
2.12509
0.356114
1.16662
1.32636
-0.506671
2.05392
2.35621
-2.63367
2.10018
-0.100671
-2.38374
-0.100922
1.5115
-0.753645
1.2307
0.390085
1.84676
2.21376
0.155629
-1.79031
-0.45714
-1.53655
-1.42345
0.592865
-0.348843
0.73021
1.85422
-1.66267
1.54796
-1.59703
0.0401926
-0.515821
1.28011
0.0373861
-0.399501
0.57327
-0.725162
1.54911
0.558559
2.28603
0.330056
0.270928
1.55894
1.90604
0.765882
0.926454
-1.22597
0.821653
0.283607
0.397053
-0.0329403
2.11476
0.477857
0.811653
-0.588588
1.81294
-0.406502
-0.479758
-1.20072
-2.19221
-0.990913
-0.954294
0.341645
0.400214
-0.112428
1.33178
0.836633
0.863623
-0.489416
-0.734392
0.513075
1.80479
0.1308
-2.25459
-0.829052
3.85594
-0.109656
-0.744644
2.03442
1.84765
-0.679161
0.654849
-2.51028
-0.504744
-1.60769
0.453088
0.390282
1.0414
-2.67408
-0.546158
-0.890554
0.64465
-0.0679943
-0.164057
-0.343697
0.413916
-1.16078
-0.587352
0.302435
1.93438
-0.63763
0.745863
-1.04911
1.98724
-0.214263
-0.693087
-0.482707
0.0612577
0.354566
-0.182301
1.67653
-0.156995
-0.192746
1.35979
-0.170281
0.209777
-0.710764
-0.00552191
1.26284
0.864289
-0.245149
-0.490243
-0.0282256
-0.0151886
1.8419
0.785432
-0.385683
0.274682
-0.547282
0.151224
-2.29763
-0.0395963
-1.46355
-1.70099
-1.57489
-0.0672997
-1.16697
-1.32547
-0.150372
2.18805
1.76028
2.22146
0.336928
-1.67087
0.110297
-0.0665965
1.98602
-0.633489
1.34045
-1.1928
0.78995
0.391621
0.750958
-2.37032
-2.28361
0.745721
-1.76445
0.215616
1.18256
-0.241864
-0.00816709
0.461269
-0.70506
0.919121
-1.37784
0.424864
-0.310635
-1.40556
0.519155
-0.61234
-1.98293
-1.01847
0.935372
-0.519642
-0.462055
-1.03472
-0.38246
0.57945
1.22705
2.94263
0.0532117
-0.55303
1.88437
-0.0154525
-0.301228
1.99814
-1.37241
-0.707916
1.15746
0.228257
0.663832
-0.361668
0.0958642
-0.523854
-1.57847
1.85898
0.665428
-1.08318
-0.962585
1.30185
-0.714715
2.77608
1.40923
-0.181156
2.87591
-1.21636
0.256149
1.68277
-0.335641
-1.92327
-0.857514
-0.554869
1.30767
-1.07934
-2.67737
-0.289374
-0.260257
0.644325
0.639329
-1.06467
1.31062
-3.08429
1.00487
-0.0372912
0.74041
-2.77816
-0.896332
2.12577
0.891421
-0.147774
1.46031
0.262914
-0.252494
0.0276257
-0.518202
0.245705
0.82935
-1.76544
0.647126
-1.41618
-1.43242
1.05331
0.692984
-0.387359
-0.28547
-0.490421
0.588895
-0.202063
0.233755
0.36454
-1.17737
-0.20056
1.10455
2.07184
0.777286
