-0.110933
0.202884
0.406286
-0.379219
0.798416
-1.11493
0.48573
0.333783
-0.669838
-0.683763
-0.686043
0.756129
0.0443879
0.459405
0.847504
0.221857
0.167431
0.746012
0.0571721
0.409876
0.0279884
-0.265577
0.00399864
-1.12182
-0.799992
-1.00241
-0.167673
0.0261243
-0.599369
0.373149
0.840317
0.868122
-0.166997
-0.471011
2.00547
-0.531098
-0.39638
0.424963
0.0529624
-0.174543
1.17114
-0.470934
0.739175
-0.205979
0.319227
-0.445044
-0.328649
0.176017
-0.239874
0.436461
0.5635
-0.411106
-1.46818
0.295805
-0.434958
-0.331441
0.393441
-0.914706
-0.966973
0.347304
-1.00403
-0.212157
-0.175937
-1.36292
-0.165932
0.31048
0.477568
-0.408781
0.989219
1.57081
0.59388
0.941303
-0.339853
0.120185
-0.0483746
0.299736
1.41656
-0.704761
-1.19299
-0.0471189
-1.0813
-0.727875
-0.289926
-0.296638
-1.74597
1.10826
0.275888
0.412113
-0.250079
0.0538954
0.178492
-0.0457326
-0.0354016
0.206849
-0.782347
0.669592
0.115491
-0.413701
0.583328
0.158029
0.204187
-1.44404
0.614266
-0.848221
-0.514348
0.223995
0.128606
0.0226945
0.927582
-0.734944
-0.731763
-1.3846
0.440015
1.67537
-0.388596
-0.379115
1.60128
0.589604
-0.196145
0.155945
0.0231026
-0.393462
0.29272
1.28015
-1.16374
0.354752
0.468897
-0.101359
0.801203
-1.07775
-0.546405
0.687729
0.124241
-0.033459
0.937113
-1.03471
-1.32852
-0.536717
-0.0807591
0.498083
0.490846
0.316321
-1.14117
0.808438
-0.171614
-0.466321
0.939163
-0.81906
0.298155
-0.327802
0.0464403
0.0669944
0.262114
0.256648
0.453162
-0.258951
0.357679
0.183495
0.133044
0.834629
-0.170563
-0.83414
-0.37424
-0.541363
0.233129
-0.603699
0.781472
-0.734628
0.0471891
0.588417
0.119636
-0.724399
0.438995
-0.21059
0.36739
-0.965744
0.228969
-0.81471
-0.193642
0.509737
0.68334
0.523921
-0.038307
0.394133
-0.669865
-2.01896
-0.333313
-0.438605
0.310876
0.532592
0.00938625
1.06234
0.321551
-0.374345
-0.034777
0.264604
-1.87534
0.716233
0.552178
0.098386
-1.01086
-0.907856
-0.803885
-0.423596
-0.480781
-0.593812
0.249622
-0.506968
-0.358527
0.118331
-0.805387
-0.411277
-0.933199
0.399963
0.57443
0.646629
0.736474
-0.110705
-1.21348
0.781508
0.114804
-0.638937
-0.696976
0.0760567
0.300491
0.120495
-1.20928
0.257607
0.199869
-0.104909
-0.488804
-1.79917
0.22522
0.140674
-0.332514
-0.231419
1.20144
-0.367856
1.25463
-0.354304
0.409737
-0.0724039
0.250042
0.589394
-0.427247
0.175213
0.344445
1.83601
-0.230747
0.438608
1.09435
0.212198
-0.569606
1.37462
0.272536
0.69664
0.120237
-0.279424
0.267695
-0.305631
-1.03124
-0.31115
0.517105
-0.727449
0.119069
0.461589
0.27947
-0.490668
-0.175939
1.01939
0.190369
-1.13179
-0.492983
-0.786347
-1.00069
1.02604
0.406902
-0.199723
1.21557
0.908293
-0.696258
-0.00878567
1.16931
0.435208
-0.936335
0.186106
-0.0182895
-0.113929
0.7134
0.15273
1.00429
-0.797897
0.89935
0.585493
-0.0844404
-0.424905
0.111021
0.928531
1.18032
-0.403262
-1.69433
-0.231713
0.12902
0.431169
0.120785
1.53128
1.30558
-0.307446
-1.08189
0.252717
-0.803982
-0.26467
-0.102342
-0.231645
0.224992
-0.406382
0.803672
0.499442
-0.817737
-0.702035
-1.09111
-0.00886203
-0.319878
-0.158665
-1.90057
-0.851733
-1.55744
0.646444
0.766595
-0.861875
-0.588659
0.772651
-0.0573856
0.367126
0.232254
0.28157
-0.702385
-0.822121
0.0866748
0.32343
0.142509
0.438545
-0.296786
0.0489675
-1.03487
0.454427
-0.0293155
0.905537
0.458547
1.1979
0.862853
1.00996
-0.46031
-0.261882
-0.0358364
0.0822879
0.347134
-0.430683
0.319316
1.28513
0.895969
-1.21573
-1.50826
-1.0597
-0.582101
0.497197
-0.152395
-1.11632
0.233545
-0.45863
-0.463831
-0.785209
-0.908947
-0.10614
1.47912
1.19211
-2.73425
1.46602
0.0997913
0.23116
-0.854056
-0.73336
0.984066
0.634447
-0.116796
0.469755
0.111955
0.0225012
-0.232692
-0.648913
-0.54859
0.987634
-0.39981
-0.231791
0.607409
-0.0952755
-0.016065
-0.139287
1.22611
0.929111
0.304369
-0.0727729
-0.317687
-0.146779
0.134319
-0.280385
0.968737
0.0452619
-0.316844
-0.458496
0.0187129
-1.05178
-0.37035
-0.77354
-0.00113213
-0.0274889
-0.17788
1.18282
1.98692
-0.299762
0.301289
0.821883
1.32196
-0.92781
-1.05825
-0.134031
0.730626
-0.440684
0.29347
-0.234861
-0.263169
0.75403
-0.0612624
1.4122
-0.270198
0.229445
0.171804
0.98343
0.385006
-0.121228
0.358119
0.0348484
-1.50213
-0.545594
0.614903
0.149589
-1.13119
0.167417
0.310855
0.129477
0.123
-0.756016
0.924427
0.465314
0.880538
-0.233633
0.795537
-0.370579
-0.657054
0.500286
-1.06028
-0.646734
0.313789
0.0908568
0.37589
-0.701565
0.0568249
-0.325882
0.705687
1.16005
-0.776641
-0.0041756
-0.809184
0.00928456
-0.456341
-0.202366
0.416169
-0.643638
-0.245513
0.792891
0.896768
-0.0121766
-0.31787
-0.171036
-0.977655
1.09907
0.675828
0.237404
-0.24632
-0.290812
-0.999113
-0.576019
-0.136349
1.96742e-05
0.0860565
-1.31406
-0.208891
0.79806
-1.51115
-0.203912
0.678948
-0.496683
-0.35555
-0.0630813
-1.04535
-0.482234
-0.589678
0.165755
1.51871
0.644161
0.0458909
1.02217
-0.211897
-0.147853
-0.562763
0.292971
-0.43835
-0.190732
-0.598373
-0.17819
0.11462
0.245261
-0.632111
0.0922366
0.138832
-0.404671
0.113007
-1.01061
0.163315
-0.631403
1.17529
0.279546
-1.33271
-0.012743
0.136729
1.33917
0.00760852
0.344055
0.074411
1.81392
-0.432047
1.1219
0.142751
0.561617
-0.176837
0.329968
-0.168192
0.316134
0.0928204
-0.0464234
0.089364
-0.921538
-0.868647
0.333689
0.633574
0.273928
0.248416
1.02059
1.56698
0.330447
-0.0373362
0.441355
0.204448
-0.442226
-0.00607678
-0.140649
0.672941
-0.583395
-0.246398
0.0676177
0.310544
0.0149282
0.718731
0.3234
-0.594437
-0.582424
0.124128
-0.227482
-0.519726
-0.178675
0.64692
0.539983
0.447585
0.537152
0.00529596
0.0890632
0.644577
0.0409622
-0.110947
0.437233
0.0812353
0.115312
-0.827435
-0.280665
-0.200089
-0.554866
-0.160532
-1.12972
-0.332099
-0.961253
-0.300255
-0.0632529
-0.891505
-0.627171
-0.445611
0.455946
1.45862
0.918168
0.662379
0.136959
-0.165667
-0.0446356
-0.407914
-0.265725
-1.40917
-0.58478
-0.193829
1.20623
0.175304
0.24318
0.796044
0.381561
-0.443521
0.279426
-0.584518
-1.18962
0.57384
0.849356
0.481544
0.386375
0.690678
-0.27532
-0.185912
-0.475078
-0.176907
-0.169613
0.465829
0.384035
0.61235
-0.724388
-0.214661
0.898995
-0.580911
0.414303
-0.912721
0.33127
0.244576
0.81082
-0.101835
-0.333227
-0.832196
0.193145
-0.18723
0.847196
-0.113212
0.056782
0.323197
-0.23123
0.271582
0.152806
0.934447
0.226509
-0.274045
0.96738
-0.286478
-0.582673
0.451
0.0136001
-0.324331
0.907568
1.54509
0.900904
-0.742448
-0.756775
0.855853
0.511875
-0.501246
-1.01283
-0.671068
-0.899492
0.56647
0.0208136
0.577385
0.601429
0.19898
-0.329939
-0.219684
-0.334076
0.533554
0.291841
-1.85861
0.184864
0.676946
0.87853
0.20873
0.818727
1.10616
-0.0516438
-0.466571
-0.570469
1.0501
0.34312
0.0341251
-0.981242
-1.15959
0.124715
0.0865468
-0.507876
0.553307
-0.434748
-0.598901
-1.13543
-0.676898
-0.337099
-0.383219
0.338432
-0.662614
1.00941
0.930872
-0.186135
0.0581086
-0.432205
-0.536485
0.272702
-0.741325
0.505954
-0.000570119
-2.01133
0.735249
-0.185591
-0.744569
-1.59655
-0.668273
-0.364407
0.682973
0.377447
-0.174899
0.21429
-0.955482
-0.53162
-0.347131
0.0611883
-1.43036
-0.227946
1.5878
-0.24511
0.211301
0.372476
-0.66447
1.43408
0.693998
0.342401
0.162083
-1.61686
-1.24093
-0.855539
-0.387605
0.131081
-0.427685
0.817494
1.13615
0.136678
0.700056
-0.187129
-0.415525
-0.126734
-0.811446
0.0437593
0.293258
0.848832
-0.309057
-0.00601241
-0.256567
1.16851
-0.908851
-0.724569
-0.216658
0.800199
-1.32792
0.306722
-0.310595
-0.201051
1.26256
-0.787956
-0.259831
0.297203
0.141548
-0.269564
0.708522
1.0114
-0.304001
-0.429168
-0.129346
0.615083
0.840333
0.669223
-0.0478283
0.573277
-0.138572
-0.313818
0.0890406
-0.0679444
0.313719
-0.896817
-0.887178
0.36389
1.13771
0.0265979
1.3782
0.246571
1.09875
0.451907
0.759644
-0.223014
0.360437
-0.796734
-0.797412
-0.337719
-0.422301
-0.242831
0.210619
-0.267791
-1.47268
-0.499254
1.28548
-0.183252
0.910639
-0.641942
-0.58306
-0.0709955
-1.59141
0.416118
-0.767459
-0.338586
0.495024
-0.596874
-1.23953
0.226896
0.328027
-0.153333
-0.408949
-0.418699
-0.670687
0.079558
0.0653369
-0.365626
-0.477049
0.98114
-0.151143
0.354712
0.0802008
-0.650615
-1.1868
0.157861
-0.102931
-0.937057
-0.05601
1.03771
-0.314813
-0.891103
-1.20442
-1.37947
-0.126905
-0.806408
1.38903
-0.614759
-0.212753
-1.42501
-0.32264
-0.502983
-0.902867
-1.02958
-0.2198
0.12661
-1.4531
0.610426
0.489241
0.575894
-0.658183
0.808497
0.821584
-0.801958
-0.8972
-1.15015
0.308168
-0.31646
-0.0128264
-0.2479
-0.0475528
-0.356856
-0.921701
-0.730364
-0.535928
-0.334941
-0.343714
1.15973
1.04697
0.324758
0.83214
1.11825
0.10905
-0.586954
-0.130982
0.586949
-0.187448
0.675036
0.107489
-1.13022
0.270062
-0.768869
-0.563699
-0.957825
0.438207
-0.0425292
1.4074
0.0280188
0.684294
1.19548
1.31428
1.08585
0.55832
-0.652415
0.176344
-0.691589
0.12109
1.01946
0.52103
0.989154
-0.626171
0.429325
0.184186
-0.505544
-0.4255
0.832009
0.321712
0.781543
-0.554937
0.384572
-0.930368
-0.313995
0.739433
-1.14137
1.10598
1.16823
0.161178
0.697617
-0.0979391
-0.420223
-0.307006
-0.256736
0.229545
-0.363989
0.108574
0.654994
-0.821204
0.270949
-0.365458
-0.491726
-0.0318958
-0.80498
-0.147085
0.555885
-0.334338
-0.366036
0.596105
-0.100155
-0.346688
0.241651
-0.0851656
-0.826683
0.943547
0.261897
-1.25721
0.774578
-0.0395053
0.53378
0.98086
-0.336092
0.537883
-0.31811
-0.656644
-0.0897884
0.794794
0.646069
-0.363382
-0.813427
-0.888661
-0.318283
-1.04258
-0.64479
0.0197709
-0.923113
-0.879117
1.27299
-0.227858
-1.3682
-0.966731
0.147899
0.14132
-0.344219
0.228319
-0.112862
-0.976301
-0.521232
-0.585629
0.708641
0.370756
0.258208
0.0912432
0.0126968
-0.568647
0.347379
-0.959208
0.501376
0.16739
-0.357759
0.747489
-0.140455
-0.179985
-0.335322
-0.753907
1.41516
0.448699
0.259053
-0.373365
0.948715
1.22418
0.127325
0.170517
-0.256685
-0.0179364
0.142012
-0.714662
-0.655452
-1.53933
-0.918636
0.417044
-0.633284
-0.454012
0.675464
-0.354263
0.037415
0.987356
-0.665509
-0.434844
-0.178196
-1.38649
0.235857
1.24931
-0.0419104
0.786043
0.473918
1.04767
0.180167
-0.235836
-0.924633
-0.772759
0.42095
1.49693
0.551184
0.332639
0.954389
-0.829139
-0.515496
-0.130978
-0.0864494
-0.452893
0.161765
0.630313
1.21666
-0.359126
-0.177006
-0.390225
0.419475
0.0755317
-1.08578
0.10321
0.55413
-0.293536
1.33409
-0.481095
-0.0337946
0.844378
0.794665
-0.146231
-0.512365
-0.532457
0.971603
0.211097
0.491392
-0.120879
-0.361726
0.287142
0.0654121
0.544201
0.579198
-0.298533
1.18952
-0.922968
-0.243289
-0.453018
0.106434
-0.613437
0.0444827
0.333232
0.84555
-0.258871
-0.613168
0.0551519
-0.814327
-0.478385
-0.184897
-0.442359
-0.131563
0.596723
0.125712
0.545559
-0.0175984
1.00632
-0.898089
-0.151418
0.184892
0.455417
0.780136
0.41479
0.239663
0.357989
0.61219
-0.39329
0.0220297
-0.640582
-0.54655
-0.311043
0.0999503
1.07055
-0.772912
0.0863382
0.409087
-0.124408
-0.488172
0.0172145
-0.648513
-0.0684545
0.504421
0.0673627
-1.10929
-0.369803
0.46378
-0.144325
-0.468486
-0.0865173
-0.324313
0.964723
0.352344
0.0934152
0.662148
0.493345
0.42959
0.786674
-0.190651
0.291343
-0.114048
1.48063
-1.10828
-0.0490576
-0.468492
-1.24855
-0.147433
-0.617748
-0.274791
-0.047823
0.93829
0.52099
1.08187
-0.469161
-0.514642
-0.286686
0.671091
-1.15539
1.02768
0.240781
0.284623
0.0803871
0.146132
-0.193167
-0.0235298
-0.551942
-0.770549
0.160184
-0.512679
0.832821
1.00402
-0.667052
-0.818651
-0.52268
0.530359
-0.55271
0.819875
0.2058
0.0327099
0.442596
-0.980728
0.0866554
0.022505
0.321208
0.0274744
-0.138885
-0.586896
-0.278168
-1.05409
-0.566173
-0.317843
-1.21542
-0.560422
-0.357866
-0.140011
-0.0909669
0.0484371
0.374583
0.641003
-0.0411958
0.384067
0.556087
-0.657969
0.513549
1.60664
0.457217
0.87391
1.07499
-0.192946
-0.658634
-0.228756
-0.0183572
-0.118465
0.200568
0.00619786
0.281792
-0.61771
0.238476
1.3321
0.331496
0.600505
-0.316501
0.382381
1.09547
-0.676624
-0.588645
-0.361385
-0.0374872
0.265595
-0.256745
-0.0556321
-0.140109
0.482312
-0.246479
0.286989
0.430438
-0.667357
-0.593054
0.76414
0.615468
0.537875
1.00877
0.276978
-1.10619
-0.643885
0.201564
0.260268
-0.523679
-0.134484
1.58175
0.934335
-0.128968
-0.465442
0.0145542
-0.182647
0.353331
0.301951
-0.908249
-0.317659
-0.90479
-0.212556
0.46281
1.13257
1.07336
0.609605
-0.315519
0.526227
-0.036086
1.12215
-0.663208
0.0493948
-0.137333
-0.14495
-0.482539
-0.853093
-0.378139
0.103699
0.208993
0.670655
-0.0499784
1.86668
0.400636
-1.79715
0.464554
-0.547839
-0.410046
0.872258
1.11277
0.0255534
-0.102931
0.10646
0.178922
-1.0213
0.298481
-0.479499
0.780707
-0.493188
0.00275647
-0.620497
-0.383401
1.14607
0.361746
0.465142
0.397408
0.00886678
-0.871408
1.18707
-0.607055
-0.919758
-0.485346
-0.12841
0.287941
0.284922
1.17301
1.64648
-0.563015
-0.999324
-0.519091
0.161151
-1.48863
0.534731
0.460446
0.709627
0.159182
-0.346164
-0.421799
1.07723
-0.382097
0.132971
-0.107576
0.395641
0.811723
1.0153
-0.35644
0.35448
-0.0845268
-0.112547
-0.187432
0.665673
-0.137268
-0.0283886
-0.445108
1.35517
-0.149076
-0.685957
0.334473
-1.35695
-0.147001
0.903118
-0.480032
-0.890699
0.0217116
-0.0297401
0.449878
-0.17174
-0.652649
0.607332
0.384183
0.86892
0.530207
1.07251
0.232408
0.163181
0.889273
0.257056
-0.064786
-0.470755
-0.192468
0.101941
-0.466675
-0.253333
1.53432
-1.24964
-0.527659
-0.543905
0.0339637
0.631146
-0.668016
0.260482
0.323579
0.390052
0.431466
0.338447
-0.974716
0.246341
-0.119428
-0.360341
0.754109
-0.308536
0.415767
1.50371
-0.137022
1.6322
0.104224
0.444384
0.378771
-0.317221
0.302978
0.815122
-0.911097
0.429659
-0.757332
-0.333395
-0.948432
-0.56351
0.217067
-0.0843438
0.298154
-0.201491
0.628056
-0.031768
-0.000717251
1.37354
1.35094
-0.207119
0.0591835
1.03214
0.121484
0.646346
-0.451309
0.275798
0.619525
0.466662
-0.774343
0.932695
0.406458
-0.412895
0.320648
0.242211
0.297974
0.223912
-0.868448
0.488862
-1.14852
-0.120466
-0.276297
0.680614
-1.12821
-0.242929
-0.3173
0.199208
-0.837201
-0.257135
0.567294
0.0543381
-0.0897119
-0.214612
0.454003
-0.50172
0.867044
-0.824108
-0.0956717
-0.113758
-0.857282
-0.479342
1.51019
0.0997652
-0.257392
-0.287513
-0.381872
-0.877837
-0.445227
0.212604
-0.376757
0.489647
0.165602
-0.800195
-0.0579568
0.476011
-0.827929
0.378808
0.254275
0.630013
-1.10927
0.0972001
0.866607
-0.564436
0.890927
-0.625955
-0.378364
-0.684555
0.370757
-0.952514
-0.141924
0.156143
0.427241
0.455521
-0.116346
0.509365
0.369096
0.460584
0.347978
-0.0311341
0.447231
0.402063
0.641341
0.174739
0.107421
1.34708
-1.31146
0.197655
1.06658
-0.155201
1.21615
-0.747437
-1.415
0.377891
0.214707
1.09265
-0.253554
-1.59714
0.710239
-0.307207
-0.510166
0.365627
1.08799
-0.0113206
0.471529
-0.297648
0.666124
-0.975593
-0.814115
-0.45935
0.115991
-1.67985
0.0118154
-0.138682
-0.922094
-0.916978
0.270607
0.207579
-0.280822
0.935523
-0.347178
0.565963
-0.107432
0.12349
-1.28835
0.0454288
0.0842607
0.849274
0.381373
0.0374185
0.33413
-0.45189
-0.387494
0.295765
0.267882
0.246371
-0.492446
1.1465
0.551545
-0.369297
-0.484924
-0.511894
0.812508
-0.198995
-0.438603
0.0119769
0.298759
0.106198
-0.201964
-1.06564
-0.504443
-0.942966
0.559255
0.0920117
-0.258744
0.435172
-0.695954
-0.13598
0.198641
0.0296992
0.0239656
0.0145892
-0.509478
0.880096
0.124806
0.111337
-0.140618
-0.490929
0.0624367
-0.259584
0.341484
-0.456925
0.141931
0.985187
-0.607925
0.687229
0.301521
0.00777067
0.614844
-0.327352
-2.38231
-0.407018
-0.609317
0.0617931
-0.483084
0.813006
0.337483
0.445692
1.26989
-0.082834
0.019033
0.272532
-0.106038
0.964887
-0.202035
-0.656689
-0.613057
-0.499128
0.361456
0.62902
-0.158693
-0.664438
0.426029
-0.881592
-0.12991
-0.524773
-0.477722
-0.800319
-0.937263
-0.527342
0.631753
0.608642
-0.134413
0.31608
-1.2581
0.709235
0.980578
-0.46139
-0.191141
-0.255076
0.469974
-0.945033
-0.04891
0.801421
-0.0874505
-2.42829
0.903832
-0.977546
1.14386
0.190292
-0.883476
-0.0806712
0.304482
1.16371
0.368072
-0.0397961
-0.549772
-0.0796345
-0.185793
-1.03034
0.664674
-0.153091
-0.182395
0.326439
0.272128
-0.00827414
0.203861
0.545619
-0.489512
-0.557752
-0.411215
-0.671538
-0.387792
0.219934
0.848165
-0.205874
0.282887
-0.856047
-0.0185554
-0.632519
-0.22257
-0.952129
0.170206
0.980413
-0.105234
0.879975
-0.105749
1.0685
-0.373392
0.9481
-0.000311136
-0.959979
-0.330606
-1.16019
-0.860308
0.175581
0.829689
-0.476807
1.25631
-0.8575
0.159304
0.618402
0.344826
-0.024521
-0.628213
0.554144
-0.154828
-0.0543885
0.397269
0.632817
0.1876
0.177876
0.731353
1.41513
-0.0767705
0.438714
-0.565865
-0.0188993
0.94647
1.4852
1.3124
0.572444
0.0516194
-0.681003
-0.58978
0.615679
-0.313099
0.796188
1.09794
1.26404
-0.0885255
-0.067133
-0.612334
-0.336938
0.233262
-0.457872
0.886782
0.749365
0.294518
-0.663698
0.382939
-0.214843
0.170216
-0.394124
0.394932
0.673927
-0.217626
0.310399
-0.620443
-0.981006
-0.195595
-0.00807677
0.0355419
1.47242
0.845217
-0.569506
-0.464547
0.700092
0.916478
-0.061593
-0.347674
-0.0778178
1.08497
-1.22489
0.413835
0.607659
-0.674211
-0.277844
-0.380481
0.693307
0.0019406
0.263955
0.142732
0.17638
0.492293
0.36105
-0.95872
0.769894
1.06625
0.959605
-0.145665
-0.418103
-0.0634541
0.319293
0.152729
0.00194388
0.445498
0.147468
0.346837
0.115132
0.189716
-1.53051
0.129244
-0.445861
-0.571794
-1.49678
0.58238
-0.0427555
-0.143237
-0.353909
0.928
-0.159624
-1.44341
0.430183
1.10258
0.639538
-0.597373
0.712386
-0.870535
2.02476
-0.37228
-0.761173
-0.394971
-0.524046
0.0460719
-0.0454018
-0.339298
0.438521
0.107664
0.274003
1.56918
0.48772
0.273233
-0.233937
-1.12434
0.373926
0.437039
0.625219
1.66825
0.666736
0.859497
0.418568
0.131432
1.43188
1.02472
0.755534
0.302279
-0.0187481
0.551946
-0.458262
-0.104341
0.784009
0.932516
-1.61838
0.130528
-0.849034
-0.408447
1.04809
0.742028
-0.806788
-0.90567
-0.461611
-0.394434
-0.923058
0.879793
0.5391
-0.637072
-1.28603
-0.297009
0.430679
-0.263092
-1.09782
-0.784817
0.680211
-1.2006
0.0549885
0.205283
0.394238
-1.40546
-0.446386
-0.874881
-1.04185
-0.349603
0.39282
-0.302889
-0.456407
-0.228738
-0.149335
0.808673
-0.404609
-0.329444
0.163395
0.874128
-0.153214
-0.254462
-0.089689
0.330877
-0.825056
-0.188809
0.266169
0.137024
0.0145397
-0.258357
0.218671
-0.46678
0.581472
1.03586
-0.687326
0.916446
0.288445
-0.785925
-0.505258
-1.02445
-0.221015
0.0492554
-1.41967
0.54745
0.490418
-0.0576196
-0.912019
-0.918941
-0.0445401
-0.418605
-0.877352
-1.1779
1.05503
-0.598127
1.56081
-0.238274
-0.214286
-0.168653
-0.297599
-0.613443
-0.153146
-0.165974
0.849418
-0.0758147
-0.00734047
-0.547532
-0.262015
-1.64386
-0.215618
-0.678806
-0.220985
-0.30301
-0.15864
0.133922
-0.302731
-0.379487
0.601762
-1.19536
-0.683967
0.642841
-0.103297
0.4611
1.1492
0.498905
-0.397805
0.398533
-0.281469
-0.571908
0.102578
-0.165525
0.812235
-0.442003
0.524056
0.387207
0.0324378
-0.762738
0.406977
0.499858
0.190951
-0.14433
0.0694261
0.521124
-1.24674
-1.19116
0.394339
-0.479178
0.395402
-1.64857
0.149013
0.482367
0.476309
-0.207766
-0.045899
-0.204635
-0.681258
-0.569133
-0.281978
-1.87136
0.147802
-0.194319
-0.155841
1.1571
-0.265529
-0.350785
1.16554
-0.572126
-0.130298
-0.15837
0.645585
0.854176
-0.318684
-0.0258932
0.526228
0.484659
0.477261
-0.227763
-0.255961
0.595824
1.22947
-0.10479
-0.428918
0.183589
-0.836988
-0.383
0.429932
-0.97221
-0.0056008
-0.156527
-0.102337
-0.330568
-0.713793
0.196798
-0.0347852
-0.142544
0.00439146
0.435004
-0.135884
-0.258057
0.0545719
-0.0641737
0.0778021
-0.748998
1.91268
0.0173719
0.328173
-0.482769
-0.446866
0.763248
-0.672816
0.475558
1.87378
-0.729971
-0.468781
-0.540642
1.45559
-1.01787
-0.774854
0.708856
-0.839262
1.4151
-0.203673
1.01376
1.0909
0.421446
-0.70452
0.0681542
-0.310709
-0.927359
-0.00544045
-2.03862
1.04436
0.375102
-0.459687
-0.780949
0.271534
0.0874574
-0.323597
1.09824
-0.24056
0.643082
-0.160275
-0.771782
-0.870285
0.135537
1.25347
-0.583565
-0.0907035
1.35738
-0.215821
-0.484615
0.289023
-0.707249
-0.893208
-0.491718
0.524619
-0.229207
-0.159075
0.410502
0.196014
-0.176075
0.00650963
0.230681
-0.206521
1.39771
-1.08704
1.06501
-0.327831
-0.147076
-1.23393
0.949427
-0.412862
0.622902
-0.375312
-0.102114
-0.0420089
0.382338
0.259463
0.66407
0.959048
0.196464
-0.29732
0.127625
0.876338
0.257762
-0.538427
-0.107723
-0.450218
-0.00259058
-0.233276
0.249002
0.646474
1.21195
-0.100877
0.145274
0.53385
0.472276
-0.812127
-0.0297073
0.142868
-0.495784
0.903712
1.11653
0.0756353
-0.058268
-0.0161591
0.332428
-0.856256
-0.256422
-0.862273
0.815638
1.04026
-0.53449
0.677618
-1.13393
0.677022
0.27659
0.244049
-0.0135101
-0.196378
0.358242
0.299878
-0.823145
-0.711714
-0.803283
0.53586
0.223913
-0.94053
-0.0202052
0.0272632
-1.30376
-0.323978
-0.720924
0.753024
0.699634
-0.575645
0.14202
-0.289959
0.326037
0.718982
0.684552
0.809293
0.256192
0.144426
-1.33013
0.32573
-1.68058
-0.810339
-0.404428
-1.34019
-0.742523
-0.146513
-0.394508
0.675904
0.48324
-0.465226
-0.145273
-0.290941
-0.703063
0.889414
-0.178725
0.210276
0.520252
0.336596
-0.545125
0.0534672
-0.931284
-0.76138
-0.182554
-0.942212
-0.608717
-0.0955344
0.0892095
0.724075
0.527173
0.156433
0.42848
-0.176058
0.252089
0.647728
-0.844116
-0.605228
0.361661
-0.896716
1.4786
0.0687291
-0.240483
-0.420389
1.07172
-0.162988
-0.605291
-1.23172
0.0788639
-0.381897
-0.918892
1.02489
0.30868
1.19601
-0.257036
0.810649
-0.121646
0.795292
1.08235
0.761265
-0.240596
-0.273197
-0.172202
0.107776
0.541327
0.108116
0.572145
-0.302671
0.485964
0.329372
0.303972
-0.0971276
-0.0891048
-1.13543
-0.0499993
0.781494
0.693215
-1.00554
0.250902
1.53976
-1.24716
-1.6639
0.463393
0.293088
-0.207219
0.6457
-0.5029
0.1612
-0.781561
0.980737
-0.564902
0.643216
-1.03491
-0.812862
-1.38952
0.716823
-0.255249
0.841664
-1.1457
0.222026
-1.45263
0.0740282
-0.661101
0.738796
0.755927
0.756681
-0.251185
-0.110588
0.303371
1.14207
0.0838385
-0.588248
0.338698
0.37891
-0.0709283
0.0927408
0.311384
0.517644
0.997524
-0.467096
1.02148
0.645859
0.41856
-1.10994
-0.522701
-0.803319
-0.211039
-0.821334
1.04672
-0.325127
1.20899
0.975618
0.708495
0.156968
-0.731894
0.460824
-1.35985
-0.397004
0.666343
0.584756
0.712034
-0.509086
-0.40884
-0.549582
0.149625
-0.0536276
-0.0493478
0.197273
-0.685233
0.733826
-0.479153
-0.543034
0.702169
-0.618764
-0.663385
0.0210038
-0.201546
-0.780212
0.00303717
-0.329071
-0.714744
-0.318364
0.858056
1.13218
0.953588
-0.0137835
0.0757327
0.106544
-0.823505
-1.384
0.53624
1.7096
-0.0299824
0.362323
-0.484515
0.0296239
-1.18309
0.510625
0.142471
0.220708
-0.417862
-0.26432
-1.19322
0.0308201
0.052878
0.806158
-0.0924737
0.200194
-0.813247
-0.385501
0.191613
-0.11441
-0.892833
-0.170956
0.110096
1.24198
0.425099
-0.876066
-0.445693
-0.10804
-0.981023
0.148634
-0.113656
0.574913
0.148131
-0.0146033
0.801918
-0.142084
-0.301274
0.0627663
-0.0297266
-0.796433
0.414687
-0.760214
0.751161
2.16092
0.353355
0.600959
-0.0322426
0.355984
0.349539
-0.998342
-1.18282
0.480855
-0.357194
0.855762
-0.521854
-0.288486
0.920995
0.436175
0.737716
-0.698498
0.592527
-0.906153
0.687479
0.702316
0.63119
-0.369322
-0.489285
-1.92383
-0.0127575
-1.20442
0.665722
-0.316017
-0.602055
1.15005
0.00714103
-0.0574945
1.42448
0.376751
-0.211511
1.00695
0.24074
-1.11953
-0.300705
-0.600677
0.0159164
0.927976
-0.487722
1.02451
0.400614
-0.206175
-0.473598
0.210754
0.273615
0.165756
-0.795185
0.498363
0.479258
-0.189526
0.330395
-1.15315
-0.0634876
0.43832
-1.45266
-1.16583
0.243756
-0.815735
0.295425
-0.409262
0.219765
-0.913705
-0.752608
-1.38549
1.13075
-0.482551
-0.127468
0.565257
-0.591056
-0.644657
-1.08956
0.677474
0.560003
-1.00953
-0.0317507
-0.425224
0.371516
0.0950423
0.42865
0.582611
0.825224
-0.14253
-0.0315664
-0.437881
-1.01792
0.84581
-0.440085
1.25822
-0.211506
-1.138
-0.0912753
-0.841578
0.305324
-0.913092
0.0783244
-0.606512
-0.492174
-0.13148
-0.638305
0.18119
-0.643649
1.51076
-0.437073
0.909024
-0.118193
-0.154608
0.0659294
1.13102
-0.162748
-0.259859
-0.353506
0.911854
0.161972
-0.462834
1.41085
0.0592876
-0.579043
-0.454731
-0.427532
0.486676
0.161705
-0.312966
-0.62982
-0.137618
-0.9193
-0.811726
-0.194292
-0.387194
1.54385
-0.236136
-0.139808
0.158686
0.395867
-0.948442
0.910187
-0.536703
1.33181
0.167628
1.42902
0.895794
-0.206059
0.21635
-0.0898876
-0.103284
-1.06376
-0.375454
-0.206681
0.294396
0.242706
-0.676962
-0.0881631
-0.646909
-0.525895
0.799062
0.541492
0.258326
0.535435
-0.308573
-0.0263016
-0.611368
0.5347
0.714522
0.604512
0.738742
-0.011817
-0.379782
-0.999254
0.654545
-1.11415
-0.0801246
-0.0703009
0.0534771
0.0928065
0.899523
-0.403096
0.579793
-0.843886
-0.407656
0.549741
0.121503
-0.523206
-0.127329
0.0481367
-1.27443
1.49344
-0.976829
0.354971
0.652389
-0.0435678
0.824428
-0.609953
0.299366
-0.0170812
-1.16693
-1.04049
-1.18676
0.0428759
0.428393
0.466132
0.967598
0.339131
-0.0574554
0.24855
1.00795
-0.429326
-0.393294
0.121995
-1.12119
0.0695892
1.27493
-0.746519
-0.149351
-1.19567
-0.209133
-0.491608
0.785796
-0.47247
1.10034
0.428668
0.05665
-1.00917
0.0143955
0.120846
-0.347275
-0.92583
-0.751456
0.582761
0.238684
0.415
-0.341777
1.3276
-1.15761
0.838218
0.740783
0.659802
0.244155
-1.33964
-0.530794
-0.340588
-0.27896
-0.0396622
-0.763637
-0.108205
-0.326403
0.352525
-1.59074
0.31312
0.689013
1.33309
-0.471223
-0.848642
0.0672971
1.06866
-0.0848931
0.992399
0.593182
-0.399606
-1.33987
0.618243
0.198125
-1.09823
-0.580511
0.607239
0.991535
-0.0799471
0.406371
-0.651301
-0.72556
-0.472875
-0.401259
-0.17071
-0.0237484
0.604029
0.03356
-0.858301
-0.921931
0.0281241
-0.442749
-0.973847
0.284001
0.450982
-0.286826
-0.693972
0.149144
-0.0293153
-1.17121
0.306607
0.575414
-1.05393
0.983499
-0.148238
0.185424
0.717714
-0.215213
0.705932
-0.465147
0.0223186
-0.28047
-0.668824
-0.397221
-0.0818223
0.191874
-0.0613631
-0.321652
-0.705227
-0.510802
0.604773
0.0874487
-1.15621
-0.635152
0.234464
1.94118
0.0373511
1.00465
0.392696
-0.355574
0.142867
1.03807
-0.472077
0.703232
1.2112
-0.518137
-0.257082
-1.09476
-0.446951
0.605948
-0.431169
1.47424
0.349395
1.07154
0.637314
1.16739
-0.193922
-0.33177
-0.404035
0.568366
0.313386
-0.0937597
-0.599769
-1.35884
0.469243
-0.131791
-1.31547
0.923142
-0.0963299
1.28169
0.588767
0.33491
0.379515
1.31592
-0.287999
0.512467
0.387975
-0.434094
0.0671762
0.199928
-0.629757
-0.817393
1.3167
0.0927726
-0.41287
0.11201
-0.441747
0.447289
0.700334
0.194406
-0.74962
0.441883
0.205234
-0.342842
-2.11304
0.840901
-0.495163
0.240012
-0.511892
-0.156672
0.18397
-0.263752
-0.376378
-1.56066
-0.656672
-0.390011
0.170358
0.196324
-0.765366
-0.300118
0.844245
0.120981
0.336816
0.467474
-0.22072
0.746208
0.958338
1.17463
-0.865973
-0.171126
0.17176
-0.262787
0.643857
-0.0165292
0.630995
0.318627
-0.125119
0.733767
-0.405331
0.4701
0.0424627
0.339816
-0.358093
-0.98421
0.762267
1.58886
-0.794981
0.551811
-0.68019
-0.171268
0.0274706
0.274255
0.32285
0.474453
0.371206
0.29197
-1.06165
-0.03234
-0.342757
0.394829
0.426387
-0.236456
1.54546
0.197037
0.448873
1.39779
0.91519
-0.365644
0.24803
0.13364
-1.47152
2.06482
-0.145575
0.0579385
0.31492
0.347221
0.222271
0.00436543
0.600772
-0.797622
1.09556
-0.405527
1.19394
0.208409
-0.0352674
-0.319023
-0.753197
-0.955708
-0.549322
-0.10785
0.544181
-1.05012
-0.1121
0.0130165
-0.256735
0.949035
0.302097
-0.203097
0.338719
0.521652
0.212967
0.228494
0.30132
-0.115604
-0.620422
0.502993
-0.461172
-0.425853
-0.593323
0.147321
0.11793
0.803603
-0.354183
-0.975636
1.15885
-0.0631158
0.479519
-0.762292
-0.0250185
0.291443
-0.0542981
-0.0452991
0.311425
0.404356
-0.195856
0.551656
0.443369
-1.07572
0.880049
0.450078
-0.235391
-0.0183266
-1.36183
0.177725
-0.302102
0.309357
-0.202414
-0.452775
-0.45139
0.300895
-1.04116
-0.441897
0.525803
0.0817787
-0.208426
1.20009
0.19404
0.302787
-0.762927
0.483393
1.01457
0.531144
-0.765076
-0.636868
-0.108223
-0.283351
0.0585674
1.01316
-0.490891
-0.157354
-0.184203
1.0862
-0.127547
-0.553499
0.0698707
0.266694
-0.374665
-1.38832
0.129227
0.794507
0.0551241
0.438776
0.339474
-0.291025
0.526096
0.690961
-0.117588
-0.0822055
0.442504
-0.466951
0.985891
-0.49517
0.0834865
-1.26286
-0.653372
0.0415327
-0.172832
-0.875714
-0.311064
0.0392097
-1.35602
-0.333707
1.25044
-0.556353
-0.843205
-0.491578
-0.277154
-0.494417
-0.585218
-0.307811
0.197544
0.321837
1.20143
-0.418156
1.01098
0.560162
-0.884604
0.251763
0.157361
-0.222196
0.331248
0.157109
0.785501
0.549776
0.796008
0.408997
-0.0833321
0.0622187
0.627148
0.244924
0.339174
0.641344
0.179349
0.616734
0.395506
-0.684856
1.05957
-0.291404
-0.68519
1.10699
0.670137
0.437692
0.144476
-1.12053
0.748908
0.991085
-1.20733
0.361221
-0.152151
-0.370275
0.0437937
-1.48201
0.374352
0.296829
-0.0012601
-0.965824
-0.950159
0.550739
-1.00563
-0.408801
0.671566
-0.0979847
-1.35732
0.256125
0.816501
-0.376786
-0.709262
-0.285872
-0.903162
0.456429
1.58883
-0.672432
0.543279
-0.214113
1.02934
-0.309592
-0.601231
0.788716
-0.156465
0.491016
-0.978757
0.0244758
0.30564
0.871067
-1.04807
1.21723
1.16157
0.126101
-0.438294
-0.484796
0.379031
0.63619
0.0677815
-0.497652
-0.881422
-0.811458
-0.581371
-0.319308
0.873234
-0.142304
0.000263723
-0.63307
0.570348
0.689732
0.566187
-0.114653
-0.587901
0.131206
0.620263
-0.482685
0.116502
0.0765887
-1.15345
1.70749
0.017192
-0.144853
-0.478293
0.908362
1.27546
-0.388388
-0.892263
-0.0629161
0.256845
1.19449
0.756756
1.07377
0.517525
-0.203241
-0.136517
-0.239723
0.235603
-0.424477
0.64119
0.55944
-0.439463
0.167652
0.652963
-0.0837615
0.459452
-0.188863
-0.489874
0.373515
-0.915634
0.92174
0.936176
0.259528
-0.538266
1.2267
-0.440621
0.902774
-0.116309
0.660292
-0.0286737
0.535235
-1.27939
-0.299488
0.0543126
1.00176
0.228065
0.371514
0.538787
-0.480259
-0.151268
-0.726754
0.355161
0.355364
0.120865
0.169503
-0.670645
1.70142
-0.668168
-0.92195
-0.280866
0.626521
0.056686
-0.479968
-0.0315872
-0.374234
-0.581185
-0.720635
-0.369513
-0.791705
-0.0794368
0.186591
0.797912
-0.432285
-0.879693
0.378848
0.330216
-0.595638
-0.340901
-0.415538
-0.252464
-0.221287
0.294766
0.0610477
0.124414
-0.358673
-0.0795627
0.0270058
0.422829
0.0202896
0.105578
0.527768
0.244036
0.202037
0.353934
0.0427458
-0.859285
0.336804
0.384361
-0.484768
1.93568
-0.0307674
0.037629
0.367136
-0.798833
0.0759865
-0.778705
1.17611
-0.828442
-0.300456
-0.115936
-0.083494
-0.72385
-0.42032
0.112814
-0.116181
-0.0655339
1.27459
-0.641104
-0.603427
0.0515058
-0.0412079
-0.990744
-0.62219
0.094891
-0.603022
-0.942719
-1.14322
0.376346
0.332838
1.46672
0.017404
0.0264895
-0.750496
1.14391
0.380877
-0.752287
-0.0533614
-0.372766
-0.522377
0.54723
0.383706
-0.85624
0.0925437
-0.280973
-0.559612
-0.533909
-0.176762
-0.0285866
-0.241622
0.750267
0.188246
-0.115265
0.042268
-0.801766
-0.187581
-0.230003
0.858849
-0.534762
-1.0381
-0.10751
0.347898
0.0132577
-1.15111
-0.555952
0.501726
-0.522355
0.188134
0.183564
0.190275
0.817466
0.0707465
-0.216269
0.965859
0.579821
-0.430837
0.681981
0.463701
-0.598215
-0.161844
0.172532
0.199324
0.357122
-0.315419
0.0623959
-0.996627
0.589763
0.137622
-0.408662
-0.365891
0.582852
0.606954
0.477741
0.119134
0.884159
0.83561
0.436035
0.569393
-0.533465
-0.460314
-0.638615
0.224258
-0.242375
0.419559
0.224216
0.115324
0.552928
0.774564
0.660312
-0.328971
-0.0500232
1.04999
-0.297446
-0.407322
-1.29933
-0.295433
0.579486
-1.38527
1.00807
-0.774589
-0.192667
-0.490577
-0.304081
1.17192
0.805101
0.307998
0.17644
-0.156117
-0.185079
0.488071
0.228017
-1.09751
0.188725
-0.445688
0.626395
-0.138356
0.110072
-0.0227094
-0.858369
0.443999
0.172736
0.765898
-0.99095
-0.98807
0.264698
-1.46186
0.251098
0.0242187
0.052328
-0.613271
0.0369586
0.198166
0.418126
-0.303958
-0.000205903
0.36922
0.519073
-1.46891
-0.286463
-0.376935
-1.42477
0.744226
0.357875
0.111403
0.544013
-0.224176
1.47733
0.719708
-0.586772
0.402402
0.476327
-0.441164
0.395903
-0.418163
-0.136056
0.158419
0.19217
-0.799841
-0.186828
-0.327324
-0.182882
0.534821
0.400022
-0.520799
-0.891964
-0.581137
-0.107107
0.669591
-0.705641
-0.0242062
-0.984611
-0.180197
0.710372
-1.025
1.13496
-0.150958
-0.0134795
0.685661
-1.14509
0.604276
0.760771
-0.0465177
-0.113942
-0.611895
-0.190866
-0.0813672
0.808377
0.466081
0.573856
0.0804329
0.0667424
0.993915
-0.623728
-0.178872
1.31763
0.819508
0.0268898
0.452311
0.311315
-1.33575
-0.156396
-1.18439
-0.354531
-0.0171395
-0.569723
-0.00296483
0.569145
-0.124375
-0.10246
0.04655
0.421468
1.08354
0.542591
0.455101
-0.543915
0.00383616
-0.850806
2.07363
-0.109195
0.713226
-0.921592
0.172143
-0.750465
0.281821
0.924812
-0.820438
-0.10647
-0.0658276
0.406524
0.146457
0.337031
-0.397107
-0.105602
0.738705
-1.55667
0.191579
-0.556329
0.26218
-0.58735
-0.0941984
-0.0283465
0.353004
0.311686
-0.00733811
0.617872
0.370478
0.100248
0.880749
0.413381
-0.21427
0.618042
-0.499065
-0.219182
0.114712
0.470026
-0.367566
-0.366147
-0.250928
-0.185658
1.04136
-0.597665
0.279446
-0.786672
-0.644112
0.542345
0.684881
0.672842
0.49668
-0.376945
0.997893
0.884007
-1.64613
0.481746
-0.0811588
0.64146
-0.618755
0.489786
-0.323821
-0.312508
1.0905
-0.57997
0.050498
-0.490844
0.260938
0.142919
0.134992
0.286036
0.910673
-1.16376
-0.0840749
0.289679
0.597402
1.07291
0.586357
0.298328
-0.116355
0.0758209
-0.116849
-0.18527
0.14353
0.648038
-1.06324
-0.865957
0.363452
0.166217
-0.396912
-0.901141
0.475128
0.197314
-0.0390087
-0.2595
-0.0897249
-0.485526
-0.147233
-0.131952
-0.301959
-0.939353
-0.278745
-1.10752
0.0490527
-1.43347
-0.370882
-0.0828977
-0.254607
0.220463
0.518642
0.0383348
-0.674353
-0.53311
0.468524
0.750111
-0.546189
0.259282
-0.0741519
-0.502533
0.205027
-1.5644
1.00557
0.817332
-1.33328
-0.0526676
0.38617
0.322082
0.21925
0.599217
-0.910612
-0.042455
0.432335
0.145701
0.923084
0.48096
0.441004
0.800613
0.0454065
-0.111756
-0.343475
0.242336
0.667982
0.509402
-0.0999081
-0.136146
-0.507308
0.336649
-0.342953
-0.0414513
-0.0533727
-0.443223
-0.635211
-0.78758
1.16902
-0.272681
0.620504
0.859595
0.629843
-0.116202
-0.916605
0.273029
0.109462
-0.19559
1.01227
-0.189218
0.865322
0.891652
0.377643
0.647792
0.790082
-0.0997152
-0.0331775
-0.0412456
-0.578015
1.22724
0.34106
1.67233
0.0226653
-0.860504
-0.121623
0.305703
-0.0824112
0.201062
-0.0255305
0.487413
0.0655018
0.279876
-0.25578
0.42182
-0.953673
-1.26631
0.109536
-0.602413
0.157154
-1.06763
0.428037
0.69467
0.458642
-1.22479
0.358101
0.269879
-0.690167
-0.934445
-1.14013
0.786871
-1.16293
-0.651438
-0.266004
-0.806487
0.498854
-0.684321
-0.45756
0.0193709
0.316817
-0.878266
-0.247307
-0.973311
-0.265049
0.332256
0.290125
0.888689
0.170002
-0.512676
0.896859
1.19094
0.598282
-0.093436
-0.0175029
0.248193
0.482537
-0.349539
0.0594592
-0.558074
-0.395922
0.243404
-0.991705
-0.367817
-0.85298
-0.545948
0.985355
-0.0922642
-0.76186
-0.00157981
-0.53736
0.120656
-1.04242
-0.740044
0.775217
-0.475068
-0.754525
-0.122805
0.119425
0.491327
0.960167
0.382621
0.704527
-0.170992
-0.17221
-0.521167
-0.821652
0.903696
-0.632296
0.396348
0.657503
0.00589546
-1.54415
0.411355
0.639405
-1.20483
0.571289
-0.209118
1.18353
-0.697154
-0.425184
0.413242
0.404986
1.42744
0.0578002
-1.22173
0.388997
0.805162
0.529641
0.153563
-0.393724
0.782551
0.963807
-0.860577
-0.460789
1.24291
-0.105634
0.136736
-0.152711
0.0406469
-0.00105059
-1.46419
-0.125075
1.54509
1.28227
-1.63862
0.420627
-0.656793
-0.692804
0.915815
0.107055
-1.3021
-1.09214
0.513361
0.47847
-1.39562
0.356029
0.1268
-0.409402
-0.537006
-0.952364
-1.39926
-0.600267
-0.314714
0.244708
-0.696778
-0.92059
0.690445
-0.565645
0.750994
0.140969
-0.386211
-0.373583
0.935349
-1.19409
0.400402
0.825728
-0.329439
0.31523
1.1362
0.207222
0.23174
0.129812
-0.561246
1.60736
-0.360838
-0.119859
-0.132503
0.53709
-0.115774
0.739722
-0.816729
0.266576
0.444867
-0.333378
0.196692
-0.522177
-0.503991
0.329592
-0.188645
-0.13408
-0.827634
-0.673381
1.03651
0.277151
0.879461
-0.10193
-0.145137
-0.186224
-1.15844
-0.255715
-0.220332
-0.300527
0.301501
-1.03255
0.464757
0.063967
-0.0524251
-0.421316
-0.602555
1.49509
-0.0243895
0.0446459
-0.248509
0.689965
0.161975
0.0441667
-0.285757
-1.33869
-0.950039
-0.307865
1.3756
-0.704703
-0.977853
-0.838575
-1.14469
0.0519547
-0.692763
-1.13521
1.01596
1.44608
0.488475
-0.218119
-0.521051
-1.30012
-0.279762
0.267521
0.645475
0.335781
-0.513248
0.122768
0.585129
0.00608766
-0.320148
0.54266
-0.086125
1.60417
0.787116
-0.701819
0.584016
0.497005
-0.306734
0.444032
0.62516
0.444968
-0.0638622
-0.694583
0.19266
0.582241
0.505931
0.197543
-0.89575
-0.779049
0.582728
0.358422
0.0853561
0.697594
0.95376
1.46101
0.649157
-0.257058
0.332196
-0.389065
0.503513
0.774931
0.214818
-0.389767
-0.562367
0.249047
-0.339405
-0.00260166
1.11002
-1.30257
-0.063499
0.410517
-0.205781
-0.0751152
-0.68652
0.513353
-0.115685
-0.611761
-0.468063
-0.185416
-0.927714
-0.308244
-0.71581
0.0234777
0.252219
-0.802552
-0.693039
-1.05559
-0.68653
0.0441679
1.22712
0.35811
-0.899669
0.0849312
0.63422
0.120552
-0.527412
-0.905775
0.632846
0.0923919
0.462185
-0.464035
-0.145497
-0.0960025
-0.676277
-0.379607
-1.94753
-0.832391
0.101599
1.2885
-0.578223
0.410412
-0.842461
0.898279
0.830896
-0.227903
0.128761
-0.286436
-0.695797
-0.196533
0.769219
-0.947697
0.398601
0.0226571
0.0447899
-0.410948
-0.0740229
1.14759
-0.102385
1.02784
-0.59351
-2.10239
-0.606013
0.130856
-0.520806
-0.555345
0.029912
0.198367
-0.89539
-0.508772
0.0883806
-0.432877
1.72169
-0.520911
-0.0917109
0.000207098
-0.804687
-0.173962
0.468081
-0.0198971
-0.525846
-0.620375
0.303411
-0.0351651
0.335759
1.07541
1.10316
0.706034
1.70771
0.231342
-0.97598
0.951667
0.0175683
0.152026
-0.0729743
0.280071
0.244728
-0.543692
-0.522132
0.750407
-0.491702
0.533181
-0.486895
-1.22275
0.631663
0.176479
-0.603767
0.0642775
0.353994
0.414559
-0.207795
0.63936
-0.697762
0.707765
-0.058601
-0.429698
-0.659085
-0.0851804
-0.121245
0.939744
1.25587
-0.45693
-1.06318
0.0729338
0.666242
-1.13925
-1.08934
0.432296
0.309458
0.482262
1.40463
0.171858
-0.497081
0.500568
-0.558729
0.146778
0.0478698
-0.548758
-0.550993
0.190574
1.65304
0.350737
-0.462297
1.1036
0.0641747
-1.05349
0.155262
-0.106635
0.279605
1.25281
-0.613716
1.02676
0.5035
-0.553709
1.03509
-0.919869
0.767577
0.0718385
-0.343929
-0.21737
0.688502
-0.090445
0.985946
-0.0842813
-0.523318
0.72684
0.399193
0.435095
0.181165
-1.03468
0.16275
0.678664
0.910364
0.529749
-0.26488
-0.239067
1.26533
-1.31394
-0.198634
0.0439661
-0.370105
-0.0167807
-0.343049
-0.53344
0.233074
-1.37084
-0.0686538
0.550787
-0.787289
0.455583
-0.516812
-0.10708
0.294297
0.434911
-0.984161
-0.385087
0.893466
-0.417846
0.356758
-0.370855
-0.763216
0.332897
-0.296608
0.284714
-1.48681
-0.434586
-0.194577
-0.334189
-0.610171
0.717483
0.377458
0.846489
0.156793
0.645973
0.234201
-0.0485922
0.241943
0.723513
0.287374
0.268507
0.840493
-0.108786
0.239253
0.356636
-0.823297
-0.202263
0.83419
-1.08672
-0.216237
-0.937837
0.122044
0.697214
-0.399084
0.992864
0.69651
-0.611398
-0.537692
0.26382
-0.996814
-0.492102
-0.0830229
-0.74198
-0.673193
-0.485568
0.0799904
0.145705
-0.0664212
-0.210565
0.744134
0.514381
-0.016817
-1.01246
0.716773
-0.584788
-0.0878223
0.406629
-0.535878
-0.735571
0.320847
0.778047
-0.69149
-1.57971
0.782396
0.0353379
-0.0797034
-0.510129
0.917661
0.103874
1.3506
0.8894
-0.439684
0.104565
-1.11769
0.950371
0.47541
-0.217085
0.0783095
-0.850149
-0.273748
0.00750417
-0.673069
-0.285385
0.498668
0.0396331
-0.884768
-1.08331
0.56375
0.0997349
-0.737912
-0.32907
-0.375749
-0.191204
0.75489
0.656756
0.571558
-0.629558
0.497415
-1.02612
0.614133
0.173054
1.04186
-0.527133
0.635493
-0.392251
1.02086
-0.280423
-0.455825
-0.0222709
-0.398373
-0.579049
0.757609
-0.812466
-0.365682
-0.131487
0.0323933
0.16075
0.935149
0.112766
0.394855
-0.768724
-0.258509
0.451016
0.186218
0.718
-0.139205
-0.700395
0.328105
0.330867
0.666499
-0.201333
-2.00095
0.00989499
0.151772
-0.397092
-0.911194
-0.381934
0.837565
0.0186671
0.493891
-0.376085
1.0262
0.548587
0.272986
1.3989
1.14015
0.0796303
-1.44942
-0.0413602
0.682663
-0.261953
-0.161166
-0.823902
-0.26515
0.262375
-0.936365
-0.0841742
0.559554
-0.0577745
-0.847406
-0.324924
0.210576
0.0460693
-1.04115
-1.2792
0.730634
-0.8603
0.727648
-0.702301
0.0300276
-0.118929
0.598389
0.749637
0.993993
-0.27039
-0.67463
-0.132197
0.61497
0.368743
-0.274021
0.0814071
0.709141
-0.0520743
0.059519
-0.338824
-0.0266242
0.206855
0.432252
1.04474
-1.0253
0.440501
-1.36884
0.608712
0.511723
-0.501367
-1.31603
0.103104
-0.676667
-0.45995
-0.592873
0.89435
-0.856595
-0.25781
-0.182492
0.661068
-0.852742
0.136004
-1.03582
0.430751
0.154177
-0.469685
0.123453
0.301303
1.71494
1.37815
-0.5207
0.203664
-0.273939
-0.701437
0.626119
0.610957
1.1595
-1.42092
0.525483
-0.00760648
0.115991
-0.611854
0.702647
0.768412
-0.383748
0.352278
0.157623
0.0351144
0.0907942
-1.01529
1.35748
1.56417
0.371008
-0.206943
0.69288
-0.419262
-0.972994
-0.299371
0.000637728
-0.651392
-0.401303
0.179299
-0.983529
0.25814
-0.994101
-1.141
-1.50617
0.326487
0.28088
-0.167321
-1.61663
1.5994
0.0574687
-1.06659
-0.124661
0.664857
-0.662398
-0.792176
0.0471849
-0.346861
1.7221
0.13036
1.29062
0.158653
-0.680591
0.255199
-0.185069
0.00212267
0.693335
-0.42532
-0.192255
0.173521
-1.09772
-1.20946
0.181974
-0.0308003
-0.828767
-0.805019
0.609814
0.423896
-0.73804
1.32317
0.179342
-0.213433
0.613804
-1.47457
-0.448873
0.759881
0.73024
-0.486915
-0.253797
-0.515927
0.44818
0.34082
-0.495883
0.637019
-0.585217
0.138963
-0.504767
-0.212718
0.672581
0.352138
-0.209705
0.0185768
0.386339
1.12458
-0.239593
0.406323
0.348058
-0.445813
0.523758
-0.393714
0.92857
-0.584273
0.764136
-0.500184
-0.316159
1.22429
-0.184433
0.652802
0.24519
0.194056
-0.677774
0.79496
-0.820777
0.750026
-0.435808
-1.00246
0.127327
-0.507698
-0.105275
-0.224787
-1.16101
1.65369
-0.17391
0.453854
-0.0809327
-0.107077
0.210224
-0.50753
0.456381
0.746254
0.00206611
-0.868314
-0.218317
0.271629
0.871121
-0.929915
0.43615
0.854167
0.256345
-0.00667537
-0.591904
0.454588
-0.824332
0.503894
0.578062
-0.984318
-0.626201
-0.335388
-0.384728
1.42005
-0.495531
1.71351
-0.027077
1.81388
0.200826
-0.80497
-0.720452
-0.288835
0.563516
-0.573154
0.0311232
-0.621124
0.210792
0.987877
-0.60164
0.570567
-0.0772892
-0.0289783
0.111146
0.0826823
-0.499214
0.161131
0.894669
0.771265
0.915788
0.303568
-1.03466
0.592079
-0.650782
1.01741
-0.983519
0.058469
0.863039
0.735365
0.970866
-0.305813
-0.708584
-0.0320126
-0.776192
-0.162572
0.787257
0.764978
0.743578
1.64471
-0.535265
0.993706
-0.339874
0.259217
-0.776521
0.184059
0.0771328
-1.7358
-0.368129
-1.10208
-0.370045
-0.181195
1.40539
0.387096
-0.607247
-0.161801
0.679573
-0.90037
0.399932
-0.351036
-0.126284
0.811082
-0.0108998
0.237036
0.213688
0.887999
1.38984
-0.131344
-0.759436
-1.35313
0.639348
-0.66583
0.358296
-1.13271
1.14114
-0.984984
-0.286835
-0.257969
-0.407224
0.237196
0.698386
-0.974297
-0.668258
-0.470194
0.350917
0.799826
-0.0384784
-0.00536171
-1.17957
-0.0367558
0.240285
0.75114
-0.0132404
0.292299
-0.778469
0.771921
1.51692
-1.76049
-0.140213
-0.906496
0.48903
-0.271855
-0.35312
-0.523843
-0.126684
0.138607
-1.6183
0.189911
-0.180169
0.0474648
0.201246
-0.88672
-0.0487375
0.183436
1.11753
1.03088
0.260783
1.19569
0.5296
-1.21501
-0.0797011
0.401146
0.143123
0.114951
-0.466825
-0.957402
0.188379
-0.127925
-1.23496
0.438408
1.14878
-0.657856
-0.0180124
1.15619
-0.225908
-0.851823
1.49854
1.16815
0.240626
0.163756
0.495842
0.161109
0.189995
0.154569
-0.489268
-0.469017
0.136243
-1.65355
-0.0610547
-0.819629
-0.356906
-1.21678
-0.0276524
0.072806
1.11282
-0.699245
-0.355
-1.23153
-0.220701
0.685263
-0.563647
-0.279272
0.40209
-0.213321
-0.227862
-0.970565
-0.0130236
-0.376719
0.14264
0.0440784
-0.203985
0.256359
0.268081
0.251388
-0.852012
0.695724
-0.515762
0.18685
-0.303573
0.977425
0.402123
0.461587
0.279629
-0.205431
0.0114849
-1.62786
-1.08071
0.489598
-0.225048
1.15211
-0.137527
1.09726
0.211923
0.150551
-0.734738
-0.92832
0.283563
-0.489168
0.691484
-0.101459
0.205458
0.401161
0.868934
-1.03492
-0.65154
0.014703
-0.356898
-0.339124
-0.448371
-0.781188
-0.666085
-0.051659
-0.191948
-0.210373
-0.190396
-0.470026
-0.131481
0.250765
0.0687009
0.351163
0.188615
-0.772277
-0.838601
0.0360755
0.311016
-0.271486
0.619053
0.692169
-0.446656
-0.244904
0.288987
-0.179059
-0.754606
-0.160596
0.244383
0.373071
-0.68625
0.221467
0.19002
-0.557295
0.171283
-0.739883
-1.03321
-0.548821
-0.869418
0.0416156
-0.349136
0.145993
-0.187899
0.993874
-0.649673
0.933887
-0.41606
0.758206
-0.687176
-0.92529
-1.10353
-0.611397
-0.542119
-0.815256
-0.225235
-1.23931
0.146482
0.0334334
0.610455
-0.11249
-0.362298
-0.266775
-0.0313247
0.333886
0.208507
0.57853
-1.47793
-0.295799
0.230926
0.484511
-0.176771
-0.327521
1.24275
0.733915
-0.0100508
-0.290018
-0.618853
0.77084
-0.0302848
-0.921712
-0.283339
0.82695
-1.03916
-1.48864
-1.68514
-1.00213
0.677212
0.606693
1.16501
1.46664
0.564433
0.556398
-0.199501
0.882085
-0.900784
0.321891
0.304759
-0.429586
-0.666195
-1.03278
-1.0784
0.482176
-0.0353709
0.242367
-0.342909
0.0977707
0.0356836
0.0294634
0.172653
0.613694
0.572958
0.617515
0.296438
0.572333
0.216506
-0.158788
0.00961885
-0.407329
-0.0749233
-0.338534
-0.618309
0.383965
-0.673467
0.537558
1.23458
0.956074
-0.460964
0.765605
-0.644144
-0.142337
-0.656991
0.847444
-0.621165
0.14653
-0.454796
-0.870625
0.282806
-0.853514
-0.717653
-0.0800619
-0.149643
-0.290689
0.0450366
-0.483282
-0.100904
0.509054
-0.349197
-0.260616
-0.977059
-1.74027
0.55661
1.06905
0.315655
-0.512716
-0.297691
-0.548848
0.250795
-0.47398
-0.179824
-0.611184
0.468078
-0.965214
0.978943
-1.09071
-0.0430458
0.266976
0.303879
-0.179689
1.20345
-0.045009
-0.542884
-0.813784
-0.998855
0.873378
0.295341
-0.718256
-0.10298
-0.341755
-0.723859
0.101671
0.212189
0.239296
0.913228
-0.170538
-0.039438
0.334396
0.0673954
0.714331
-0.664533
0.107916
0.704168
0.0856759
-0.332259
0.259878
0.0677752
-1.75935
-0.070083
-0.419012
0.771477
-0.916771
-0.448211
-0.157796
0.659251
-0.491334
0.0209597
0.48976
0.340431
-0.745888
0.163185
0.268144
-0.674782
-0.81812
1.50939
-0.276169
-0.0430199
-0.424689
0.918669
-0.639537
0.0839907
-0.0302044
-0.390341
1.05442
1.57778
0.240138
-0.00732069
1.05236
-0.261086
0.00591843
-0.274947
0.890923
0.0955625
0.467336
0.500921
0.445467
0.839207
0.0678623
0.214168
0.747009
0.538211
-1.19756
0.0185008
-0.641183
-0.557902
0.866886
-0.254401
-0.291117
-1.2921
-0.705781
0.413779
-0.186526
-0.629366
-0.199909
-1.41619
-0.648811
-1.14439
-0.404407
-0.559904
-0.341133
-1.37732
-0.508941
-0.573469
0.452988
0.151216
-0.454607
-0.433297
-0.648356
0.528158
0.164265
-0.683566
0.711903
-0.526544
0.0302318
-1.08813
0.541111
-0.139048
-0.740344
0.435187
-0.362264
0.190208
-1.16855
-0.217425
0.10166
0.400015
-0.621894
1.09445
0.225478
0.803415
0.909642
-0.81946
0.13772
-1.12892
-0.895709
-1.10753
0.0117931
-0.104237
-0.190564
0.564709
-0.703619
0.0314276
-0.365994
0.296245
0.118091
-1.19425
-0.21134
-0.08318
0.0539045
0.171442
-1.6145
0.094518
0.823761
0.309751
0.212127
-0.239567
-1.5675
-0.138102
-0.048149
0.306473
0.699226
-0.0439143
-0.0710079
0.517448
-1.10215
0.592607
-1.09072
0.292065
1.67332
-0.0177217
-1.09945
0.120308
-0.290108
-0.546819
0.0799998
-0.181226
0.0502117
0.202222
0.609592
-0.27533
1.07008
0.152825
-1.63236
-0.400962
0.579418
0.428611
-0.821511
-0.226308
0.596116
-0.634304
0.488903
0.384268
-0.138181
1.10218
0.0083836
0.723568
-0.132064
1.67688
1.34652
0.194932
-0.557265
-0.912576
-0.122162
-0.02833
0.854725
-0.807881
1.07352
-0.709078
0.316381
0.190272
-1.2161
-0.836856
1.44509
-1.24907
1.48168
-0.556521
0.188737
0.309423
0.978075
-0.587256
1.15484
-0.21546
1.14067
0.203781
-1.20238
0.210507
-1.12671
-0.118722
0.576009
0.171878
1.23979
0.188602
0.672156
0.285179
0.577362
-0.609963
1.22701
0.354733
-0.232368
-1.37168
-0.336971
0.328866
-0.531904
-0.662958
-0.762979
0.234423
0.282552
1.08712
0.50427
0.255774
0.316015
-0.810408
-0.182298
1.31945
-0.103235
0.338662
0.440815
0.947224
-0.448355
0.385227
1.15369
1.03503
0.354168
-1.07071
-0.68675
-0.0835998
-1.09254
-0.0203011
0.85437
0.663672
0.500207
-0.494438
-0.409941
0.744699
0.33569
-0.663113
-0.895894
0.473652
0.151057
0.477406
-0.300653
0.979381
0.571859
-0.0375555
0.20572
0.572919
-0.78112
-0.579152
-0.192571
0.249763
-0.0181117
-0.901371
0.165979
-0.187608
-0.19728
0.184452
-1.11893
0.747835
0.56285
0.81316
-0.522955
-0.0534431
0.14654
0.381112
0.314294
0.56292
0.534505
-0.522936
0.789693
-0.239375
0.118116
-0.923431
0.17106
0.74846
1.29928
0.00223735
-0.818987
0.304172
0.74842
0.313403
-0.84957
0.783706
-1.55331
0.789948
0.772733
-0.737817
-1.16031
-0.428564
-0.545423
0.961774
0.289884
0.577693
-0.827486
0.693839
0.725105
0.725019
-0.208713
0.775744
-0.422729
-1.13514
-0.243854
-0.0913624
-0.381346
0.311174
0.675653
0.47914
-0.259887
1.06686
-0.167513
-0.439985
0.33152
1.3458
0.37653
-0.522199
0.227817
-0.503023
1.21463
0.563868
0.988949
-0.324646
1.30579
0.410758
-1.35866
0.688003
-1.18911
-1.17902
0.00360607
0.723769
-0.294736
-0.213714
-0.318095
-0.303716
-0.340935
-0.00157554
0.78614
-0.103734
-0.219774
-0.389613
0.798836
0.81796
0.350819
0.366419
-0.512802
0.255243
0.0341092
-0.079614
0.903431
-0.163149
-0.729132
1.32846
0.740896
-0.0180125
0.0191438
0.179334
-0.437137
0.247882
0.498247
1.11682
-1.29894
0.00175196
-0.775144
0.504332
-0.837191
-0.207289
-0.688003
0.422601
0.341575
-0.241152
0.931632
-1.31436
0.583821
-0.951429
-0.573359
-0.767344
-0.335941
0.526431
-0.62819
0.447577
0.229603
-0.349991
-0.00537385
0.994873
-0.171638
-0.949887
-1.08531
-0.0278112
-1.55256
-1.11443
-0.0751123
-0.415909
-0.0824034
0.394969
-0.622476
-0.355988
0.125056
0.240018
0.937429
0.5569
0.877725
1.10745
0.0364781
-0.676859
-0.466644
-0.841294
-0.299079
-0.226921
-0.0894136
-0.505997
-0.0283742
-0.337421
-0.21044
-0.119455
-0.346436
1.19884
0.88507
0.336821
0.669286
-0.275848
0.456427
-0.350334
-0.664437
-0.596658
-0.177974
1.21992
0.0336725
0.658454
-0.890813
1.54375
-0.488457
0.602557
-0.406998
1.54102
-0.32286
0.18055
-0.578298
-0.0807907
0.441849
0.963497
0.576549
1.10875
0.85563
0.210392
0.0969008
-0.0739024
-0.316672
-1.07649
0.0665835
-0.0447216
-1.30743
1.02916
0.594317
-0.287649
-1.05251
0.19517
0.00912759
-0.0367447
-0.249542
-0.412164
0.609174
0.00837125
-0.804856
-0.562836
-0.0981253
1.04927
-0.0737908
0.826722
-0.0518451
0.946563
0.360755
-1.03667
1.25103
-0.667694
-0.747248
-0.214981
-0.769643
0.702422
0.555246
0.585872
-0.505476
-1.15868
-0.69092
0.0799511
-0.321253
0.894772
-0.35466
0.140662
-1.31366
-1.92632
-1.0958
0.745311
0.311306
0.97887
0.123876
-0.283407
-0.567977
-0.423558
0.305349
-0.208048
0.546503
0.656807
0.752581
-1.43967
-0.841529
0.254501
-0.0129326
-1.51539
-1.02364
0.456343
-0.615306
1.24762
-0.69249
0.815705
0.107159
-1.36804
0.24644
-0.581774
0.626511
0.0785562
-1.3168
-0.785173
0.364592
-1.20191
0.600143
-0.0765819
-0.910674
0.0500563
-1.18739
0.31437
0.591076
0.221106
-0.0813316
-1.43739
0.386865
0.70324
-1.84156
-0.139365
0.220202
0.280648
0.0180183
0.218506
-0.385716
0.665481
-0.0291829
0.38163
-0.226386
-0.545563
-0.196926
0.807184
0.148704
-0.67637
0.750131
-0.418149
1.17502
-0.604876
-0.215173
0.13588
0.741106
0.449506
0.73586
-1.03011
-1.19511
-0.165836
0.126197
-0.0153322
-0.635041
0.785825
0.39291
-0.39714
-0.246459
-0.177451
0.347911
0.317179
1.48406
0.0848618
-0.154267
1.31333
0.470786
0.56377
-0.159884
-0.53985
-0.210006
-1.08525
-0.319489
-0.923797
-0.441535
-0.0530092
-0.522244
1.58677
-0.0241876
-0.0368101
-0.933314
0.65154
-1.07005
-0.492003
-0.230948
-0.0381787
-0.00465777
-1.17972
0.49399
-0.32443
1.01727
-1.54888
0.388153
-0.721353
-0.518687
-0.300295
0.10464
0.550178
0.319152
0.941638
-0.610172
-0.259824
0.3602
-0.0435463
-0.730855
0.263464
-0.153705
-0.14288
-0.430067
-0.223541
-0.0413659
-0.402741
0.365659
0.421893
0.131366
-0.147361
0.0496338
0.693124
0.0460154
0.341437
0.451844
-0.599042
-0.334659
-0.841742
0.572519
-1.17659
-0.262517
-0.321806
0.0593803
-0.726323
0.323381
-0.185179
0.134893
0.655949
0.222223
0.183106
0.600076
0.122659
0.224445
-0.587475
-0.302262
-0.273639
-0.881706
-0.374918
-1.03808
-1.11306
0.540471
-1.18252
-0.807548
0.723598
-1.53239
-0.671981
0.864032
-0.677608
-0.135866
0.779009
-0.336378
1.39801
0.0756383
0.401751
-1.21893
-0.652598
0.226041
-0.158774
0.27696
0.200371
0.626499
-0.818071
1.16318
-0.743496
-0.445266
0.857536
0.184213
0.051314
1.14223
-0.380579
-0.27119
0.500921
0.383108
-0.200287
0.315027
-0.282432
-0.791618
0.122527
-0.171975
-0.00530904
0.0252264
-0.206456
-0.342372
-0.132857
0.779523
-1.2566
0.164964
-0.534884
0.0109488
-0.688474
-0.743094
0.380058
-0.769471
-0.0798407
0.387573
0.375124
0.951556
0.756247
-0.41667
-0.15767
-0.0422659
-0.13642
0.0269351
-1.57764
-0.807774
0.380225
-0.734356
-0.391157
0.617637
-1.21411
0.319389
0.0446131
0.295465
0.782337
-0.00266327
-0.242367
-0.965108
-0.293136
-0.762661
0.278625
0.28201
0.47134
0.0116344
0.611376
-0.683271
0.594287
1.66425
0.0383394
-0.32404
-0.521913
0.748586
-0.00604033
-0.251766
0.486399
0.734564
0.713211
-0.656843
-0.0299605
-0.954286
-1.08735
0.219675
-0.160117
-0.23259
-0.587506
-0.246518
0.0631765
-0.737968
-0.73343
1.0389
-0.486911
-0.128047
0.176424
0.679347
0.46935
-0.0886231
-0.174996
-0.111828
0.0889883
0.373022
-0.229858
-0.997868
-0.405974
-0.333927
1.18417
-0.0478775
1.25568
0.729068
0.326859
0.944654
0.0901374
-0.545967
0.558527
0.176868
0.812798
1.18856
-0.0706789
0.417697
1.00634
0.183345
0.717564
1.17464
-1.15702
-0.0154273
0.308393
0.911492
0.38621
-0.727587
0.0152734
-1.05554
-0.0475339
0.772014
-0.685477
0.402869
0.517183
-0.853118
0.933678
0.591762
0.569121
-0.117308
-0.21512
1.38563
-1.04022
0.594903
0.726709
0.679197
0.426333
0.603749
-0.399416
-0.763677
-0.236003
-0.623295
-0.115314
-0.551934
-0.0359664
0.0996033
-1.67267
-0.436511
-0.31598
0.0428694
-0.377703
0.0210912
-0.571347
-0.0994845
0.371597
0.514855
0.954844
-0.841367
-0.0258288
-0.13077
0.0433208
0.0711193
-1.02457
0.399979
-0.562123
0.981324
-0.0509915
0.32491
-0.452408
-0.19481
-0.436683
0.236905
0.520867
-0.359665
-1.44963
0.0450028
0.326973
0.181456
-0.581694
-0.840336
1.78114
-0.32507
-0.085599
0.105836
-1.11713
0.288824
-0.316883
-1.10164
-0.348573
-0.57376
-0.499927
-0.489647
-0.223974
-0.435103
-0.69764
0.719833
0.616786
-0.469385
-0.350048
-0.216927
0.424776
0.230704
0.0214003
-0.845202
-0.832543
0.58014
-0.055957
0.86255
0.269701
1.19641
0.48253
-0.050023
0.316865
-0.26764
0.689637
-0.535957
0.652705
0.171442
0.387109
0.203652
0.197871
-0.103649
-0.846714
-0.842738
0.158348
-0.228024
0.518364
-1.13753
-0.71526
0.089898
0.30091
0.165307
-0.661938
0.17224
0.523303
0.280403
-0.55127
0.804762
-1.03565
-0.605128
-1.36459
-0.592218
0.296252
0.257707
1.14821
0.751344
0.0446227
0.39807
-0.50643
-0.333646
0.844647
-0.215175
-0.715421
0.995813
-0.805922
-0.0995097
0.501389
-0.601679
-0.405507
-0.0827835
0.0521745
-0.470141
0.670696
0.57462
-0.373248
-0.621852
0.718297
-0.100078
1.04516
0.673136
-0.725552
0.115261
-0.145015
0.125392
-0.736538
-1.22483
-0.0750151
1.04527
0.474304
-0.391293
-0.515794
0.679741
0.0287313
-0.0770639
0.255397
-0.0733107
0.0520894
0.683087
-0.112631
0.627073
-1.48071
0.571059
0.0054454
-0.666014
0.819517
-0.0129522
-0.592291
0.955966
-0.410552
-0.575911
1.74386
-0.673065
0.611412
0.129168
-0.960005
1.41338
-0.451783
0.305099
0.12455
-0.429036
0.0567044
0.534912
-1.03357
-0.0396938
-0.802611
0.923411
-1.75471
0.257809
-0.485709
-0.727269
-0.0351777
-0.925258
-0.458258
-0.0267165
1.90738
-0.399868
0.972108
-0.837249
0.931829
-0.471975
0.297355
-0.562417
0.73373
0.992215
-1.3747
0.341203
0.36442
0.181261
0.505489
-0.693861
-0.133874
0.268952
0.104382
-0.8681
0.29052
-0.764423
0.304409
-0.772882
0.00676456
1.07455
0.0643886
0.704449
-0.127797
-1.04127
-0.397984
-0.699047
0.582452
-0.227779
-0.379704
-0.378586
0.285375
-0.0446474
0.312088
-1.3102
-0.0598878
-0.40524
-0.332163
-0.266525
0.427965
0.289076
-0.897103
0.399568
-0.242816
-0.0180849
-0.295002
0.183607
0.62306
-0.119513
0.731422
-0.330701
-0.65318
-0.185025
0.126049
-0.0310804
1.29667
-0.221555
0.118513
-0.046427
0.966394
0.260943
-0.245935
0.321348
-0.528754
-0.269347
0.967853
-0.650509
0.485008
-0.992406
6.3494e-05
2.38083
0.326444
-0.589247
-0.587067
0.639973
1.25583
-1.00139
0.196046
-0.183426
-0.273397
0.369064
-0.343146
1.08685
-0.44669
-1.28439
0.471819
1.25646
-0.602856
0.797554
0.849366
0.706962
-0.15119
-0.507967
0.340529
-0.673558
-0.189144
0.93457
0.586152
-1.41327
-0.04337
0.660432
-0.241619
1.20795
-0.612088
0.178744
0.304945
-1.62989
-0.258337
0.187775
-0.771113
-0.366028
0.419917
-0.340134
0.313519
0.462116
-0.938768
-0.359447
0.90255
-0.0463978
0.657309
-0.335539
-0.503666
0.711702
-0.408411
-1.18277
0.952283
0.552196
-0.512904
0.126239
-0.61446
0.78058
0.166572
-0.112671
0.195752
-0.0435909
-0.143439
-0.626607
-0.910462
-0.784502
0.408296
-0.775725
0.778811
-0.528802
-0.151461
-0.933511
-0.793286
-0.149136
0.726577
-1.47248
-1.46858
0.450583
0.483092
0.192515
0.172856
-0.639834
-0.0857949
0.703266
-0.863396
-0.525747
0.181879
-1.24938
0.597631
-0.290564
0.210271
-0.160626
0.65259
0.392183
1.13368
0.0554967
0.4756
-0.224456
0.146427
-0.401778
-0.875628
-1.04801
-0.238609
-0.703403
-0.189485
-0.647429
0.0954493
-1.22806
-0.302141
-0.948439
-0.027332
0.157485
0.387866
-0.107841
0.0072843
1.26078
0.281027
-0.519384
-0.803497
0.235435
-0.0776774
0.153682
0.520065
0.766868
-0.229875
-0.932049
0.259826
-0.48233
0.0398686
-1.05623
0.484626
-0.517304
0.518684
1.13833
0.189822
1.02847
-1.05325
-0.749762
0.491713
0.313278
0.540658
-0.792978
0.863988
-0.856637
0.444144
0.177492
0.854418
-0.105676
-0.376609
-0.175052
-0.181285
0.803224
0.0472394
0.879415
0.344576
1.08652
-0.120435
1.08
-0.112361
-0.0158291
-0.100791
0.291831
-0.398114
-0.395439
0.774843
-0.58156
-0.858161
0.855557
0.257016
0.366525
-1.24853
0.131936
-0.67762
-0.204133
-1.19959
0.341436
0.690254
-0.192711
0.270011
0.659329
0.924452
0.358659
-0.123571
0.491228
0.0878678
0.341673
0.21859
0.455735
-0.101573
0.195682
-1.07254
-0.476676
0.415424
-0.942697
0.124633
-0.614282
0.626076
-0.338428
-0.452444
0.725147
-0.29243
1.38575
-1.67919
-0.0447929
0.355533
0.891636
0.973028
0.214601
0.588053
0.196519
0.0156588
-0.101899
0.323787
-0.0500488
-0.460871
0.120708
-0.983658
0.430343
-0.678819
-0.142541
0.978276
-0.213181
-1.01405
0.431999
-1.25248
-1.59629
0.248249
-0.60011
1.30022
-0.0150252
-0.442468
-1.11819
-0.717051
1.04187
-0.268636
-0.956044
-0.0463052
0.766773
0.205437
0.415326
-1.36394
-0.108064
-0.178472
1.02976
-0.808568
-0.414394
0.580083
0.85738
-0.180009
-0.186218
-0.415342
-1.45261
-0.401908
-0.20683
0.522788
0.52821
0.727278
1.02459
-0.487211
-0.012816
-0.115163
-0.687254
0.702332
0.552605
-0.952106
0.174793
0.498114
0.58436
-0.253156
0.756459
0.500751
-0.167871
-0.682976
-0.261732
1.19107
0.384219
0.121187
-0.515979
-0.165302
-0.277916
0.565234
0.196651
0.383559
0.340227
0.918208
-0.778543
0.450476
0.0268299
0.439689
-0.0639891
0.910065
-0.0277909
0.413318
0.297265
-0.123228
1.25122
0.901734
-0.296301
-0.116674
1.42749
0.711326
0.218718
-0.98146
-0.387278
-0.0964827
0.0855611
-0.358305
-0.0031396
-0.375606
-0.863624
0.472676
-0.00263508
0.0812
0.144374
0.472931
-1.39484
-0.156721
-0.54979
1.10007
-1.30416
-0.376686
-0.862303
0.908331
0.2265
0.447405
-0.791507
0.170423
-0.170377
0.37125
-0.137037
-0.549849
0.540243
0.0828336
0.0836516
-0.755516
-1.09802
0.0445316
0.28648
0.344011
-0.230796
0.562503
0.0210892
1.54423
0.340602
0.14945
-0.894235
-0.427254
-0.389127
0.132235
-0.915747
1.21853
-0.0146732
0.16139
0.0533117
-0.627634
0.98528
0.293435
0.0102261
0.566635
-0.196865
0.0847294
0.223989
-0.410954
-0.485117
0.500881
-0.0197005
-0.514995
0.440487
0.0939337
0.561932
0.298941
-1.54567
0.0357343
-0.0499435
0.0654819
0.531749
0.145054
-0.766262
-0.675431
-0.404748
-1.09434
-1.05787
0.584032
0.821735
0.923048
-0.0217039
-0.899103
0.421645
0.55179
0.257566
1.16066
0.623213
0.901353
0.7565
-0.50572
-0.861776
0.607474
0.608877
0.146344
-0.757214
-0.540598
-1.26609
-0.60047
-0.967607
-0.779293
-1.74576
0.220327
-0.937882
-1.16963
0.261586
-0.474279
-1.04312
-0.338652
0.0445178
-0.801902
1.23217
-0.0745568
0.494623
-0.351295
-0.454118
0.00115976
0.263848
-0.254191
0.504169
-0.176378
-0.925721
0.453152
-0.27596
-0.486142
1.48766
0.489122
-0.369656
-1.01422
0.597474
-0.31869
0.236688
1.15411
-0.49019
0.667886
0.316596
-0.685412
-0.042959
-0.548636
0.128511
0.158742
-0.796821
1.45266
0.880485
0.178497
0.583283
0.131918
1.15344
0.781943
-0.200192
-0.0519207
-0.216546
0.132717
0.81463
-0.276624
0.332622
-0.78246
0.631284
-0.628504
-0.265024
1.77346
-0.136537
1.57383
-0.0617316
-0.39112
0.791985
0.126935
0.0837186
-0.151874
-0.185093
-0.697692
-0.354016
0.192325
0.583941
-0.743752
0.056194
-0.0852849
-0.503656
0.601616
-0.903885
0.566343
-0.507786
0.546654
0.0545208
-0.386315
-0.382138
-0.204997
-1.09715
-1.8378
0.359528
0.947802
-1.04313
-0.213792
0.460038
-1.01307
-0.0887123
-0.308094
-0.0374901
-0.0609838
0.00685328
0.0908118
0.276048
0.095841
-0.673197
1.10136
0.115023
-0.687925
0.610395
-0.529376
0.85473
0.0478449
0.298615
0.680375
0.473829
-1.06791
-1.4196
0.591834
0.480917
0.826465
0.123721
0.643166
1.16554
-0.563506
-0.262144
1.05069
-0.554876
-0.0664536
0.64669
0.111681
-0.302428
0.488598
0.087709
-0.669835
-0.985742
0.42687
-0.0141402
-0.119313
0.217138
0.540011
-0.135038
0.339612
0.24201
-0.123693
0.268552
0.636466
-0.40552
-0.292242
-1.46315
0.680926
1.18611
0.489287
-0.20564
-0.648689
-0.339508
0.163831
0.833674
-0.084519
1.08277
-0.28425
0.105263
1.74641
0.330834
0.0457079
0.595127
-0.220776
1.29645
0.549017
0.314694
-0.0205483
-0.892281
1.38813
0.726033
-1.61727
0.351933
0.999609
0.707414
0.357519
-0.0974992
0.671256
-0.757133
-1.25628
0.877802
-0.0660223
0.822699
-1.26259
1.02793
0.564398
-0.31568
0.387871
-0.320103
-0.28133
0.72394
-0.789351
0.502775
-0.441835
-0.0515364
-0.0753654
0.985766
-1.32526
1.39428
0.895302
0.264155
0.781511
-0.204414
0.463438
0.323838
-0.169162
-0.0534095
-0.896739
-0.0890356
-0.0330201
-0.0735307
0.567514
0.214655
1.04807
0.0617743
1.11795
-0.140152
-0.110631
1.41274
-0.276297
0.417904
0.832473
0.236563
-0.182582
-0.854572
0.432627
0.138874
-0.772587
-0.80375
-0.0835778
-0.253644
-1.41381
-0.0272648
0.398945
-0.27598
0.767361
-0.047207
0.318737
-0.576798
-0.0587146
0.389859
0.181194
-0.674829
-0.201731
-0.623754
-1.3019
0.954006
0.968362
0.0204543
0.588188
-0.0933702
-1.48448
0.770865
0.711161
-0.193469
-0.179902
-0.344387
-0.130925
0.0456345
-0.746538
0.163188
0.791148
0.0861406
-0.87451
-0.0347376
0.477689
-0.724836
-0.124034
-0.328547
1.35273
0.338413
-0.24887
-0.308523
-0.491068
0.827912
0.724722
-0.166892
1.37371
-0.288547
0.583013
-0.0297376
0.199302
0.34365
0.611279
1.2308
-0.36627
0.661889
-0.634683
0.968108
-0.199424
0.894366
-0.973001
0.268204
0.0341285
-0.0453924
-1.04649
-0.0410522
-0.152233
0.570293
0.208246
-0.062864
-0.665231
1.09861
-0.698887
0.253222
0.331005
-0.24562
0.18223
-0.84524
0.653994
-0.34397
-0.47764
-0.701524
0.271978
-0.839912
-0.260293
0.920057
-0.248451
0.0476415
0.201473
-0.294032
0.745401
0.407173
-0.705871
-0.231295
-0.048325
-0.0916297
-0.816264
-0.413628
0.762954
-1.07798
0.0291073
0.423194
1.10083
-0.221196
-0.27091
0.00679144
0.572808
0.377441
-0.196615
0.898577
-0.182417
-0.14994
0.19917
0.441953
0.156963
-0.165005
-0.615615
0.279026
1.02542
-0.666461
0.910026
0.191784
0.72564
-0.871236
0.972146
-1.16075
0.0633064
0.175625
0.153913
-0.120948
0.00616208
0.231259
0.605279
-0.649223
0.0676177
-0.443783
-0.462276
0.863601
0.0969536
-0.836238
1.00465
-0.976903
-0.409071
-0.620746
-0.464607
0.74379
-1.21929
-0.265406
-0.826651
0.814645
-0.14169
-0.621122
-0.665021
0.356599
0.22498
1.50538
0.842357
0.0428561
0.336677
0.499807
-0.560007
-0.399797
0.725163
0.520492
1.07715
0.291229
-0.748256
1.05517
0.229921
-0.657564
-1.16827
0.676868
-0.540162
0.843676
-1.1994
-1.0326
1.49968
-0.690991
-0.104919
-0.681692
0.438781
0.360864
-0.22211
0.357808
-0.226069
-0.368795
-0.527962
0.109237
-0.16996
-0.0363697
-0.503405
0.104043
-1.81566
-0.60701
0.509054
0.528818
0.443092
-0.0880261
-0.778162
0.268253
-0.0202448
-1.36345
0.261318
0.94009
0.363607
0.525741
1.02618
0.362509
0.234117
-1.02635
0.378359
0.671826
1.01589
-0.516595
-0.492866
-0.73827
-0.349419
-0.102973
0.138213
-0.713562
0.339217
0.13587
-0.306776
1.41009
1.04039
-1.2842
-1.17742
-0.514271
1.31371
0.116939
0.0678918
-0.179838
0.0652226
1.7899
-0.0703215
-0.267038
0.509831
0.421309
0.238002
0.388937
-0.0322662
-0.79855
-1.61342
0.287921
0.660168
-0.234081
0.135794
0.156925
0.0970936
0.323653
0.226002
0.350186
-0.0900189
0.262063
0.192174
-0.786014
0.132887
0.0541096
0.968458
0.0297027
-0.234427
0.527125
-0.430946
-0.879406
-2.41853
1.12653
-0.389322
0.222087
-0.735366
-0.359618
0.91325
0.00472591
0.0279625
1.32256
-0.57168
0.862891
0.432114
-0.191028
0.240166
0.823822
1.11786
1.27505
-0.743632
-0.0836956
1.36789
-0.0535292
0.804035
0.615772
-0.182836
-0.175277
-0.964838
1.35839
-0.9366
-0.874196
-0.481997
-0.114705
0.0822777
1.0295
-0.783153
-0.511567
-0.191921
0.651043
-0.191207
-1.06788
-0.931535
-1.2228
0.584248
-1.48278
-0.555352
0.811816
1.07074
-0.551587
0.990709
-0.108132
-0.0485669
0.205837
0.377744
0.735067
0.0579488
0.716504
-0.324624
0.760463
0.654584
0.498995
-0.386079
1.25005
0.0844315
0.341312
-1.61292
0.684577
-0.985572
-0.542971
1.19021
-0.216042
-0.0503751
0.410215
-1.00973
-1.3264
0.0293064
0.662613
-0.185786
0.857219
1.5009
0.577552
0.424267
-0.729225
-0.446003
0.477294
-0.033836
-0.858158
0.763916
-0.424755
-0.336933
0.416045
0.10337
0.30264
-1.14857
0.555885
0.7942
-0.895162
0.93524
-0.239293
0.777436
-0.358465
0.246532
-0.272398
-0.454137
0.816193
-0.520165
0.10258
-1.08921
0.737713
0.360495
0.0900941
0.814582
-0.523607
-0.362973
-0.667094
1.36758
-0.468635
-0.145336
1.39145
0.418205
-0.72506
0.629374
0.66859
0.186961
-1.12213
1.04856
0.455794
-0.534738
0.357977
-0.303489
-0.874747
-0.744808
-0.60794
-0.456966
0.239304
-0.759903
-0.329364
-1.13509
-0.0844049
-0.698032
0.246178
-0.398978
0.740115
-0.317006
-0.484262
0.845772
0.677772
0.682729
0.16625
-1.01875
0.362854
-1.36913
0.903877
0.406773
0.0214582
0.344702
-0.16757
-0.397899
0.222657
0.11246
0.192837
0.510094
0.881349
-1.39
0.815539
-0.654619
0.654027
0.822979
0.0822978
-1.09938
-0.802944
-1.01481
-0.708034
0.454329
0.220761
-0.534396
1.21944
1.17167
-0.592731
-0.517297
0.0553107
-0.679619
-1.12628
-0.890112
-0.758814
-0.550878
0.165333
0.229328
0.570008
-0.60873
0.815283
-0.262073
0.729264
1.43077
0.764726
-0.0229761
0.612703
-0.919064
1.12947
0.131584
1.17874
-0.125726
-0.00269181
0.485703
0.110019
-0.10468
1.17128
0.111449
-1.0782
1.29824
0.173004
0.351229
-0.558963
-0.804566
0.0491443
-0.250478
0.855459
0.404206
1.05841
-0.636038
0.726261
-1.38417
-0.0355233
-1.45066
-0.0227529
0.866731
-0.180501
-0.884971
0.352529
0.292942
-0.201373
-0.639782
0.543143
0.332368
-0.157527
-0.363881
0.326335
-1.20157
0.472569
-0.321868
-1.42977
-0.752951
0.579435
-0.190532
0.593
0.174257
0.0638429
-0.390632
1.05633
0.14131
-0.133311
0.137974
-0.278831
1.05332
0.413967
-1.17908
-0.853251
0.778373
-0.371956
-0.919791
-0.331825
0.000461783
-0.344944
0.647637
-0.179657
0.587571
0.633813
0.783778
-0.648996
0.0972706
-0.742677
0.72396
-0.51851
0.467496
0.0903667
1.22852
0.140981
-0.12946
0.897003
0.398752
-0.111739
1.25624
0.295934
-0.674296
0.18232
-1.40028
-0.549591
-0.988872
-0.337773
0.507159
0.488142
0.10965
-0.620409
-0.187913
-0.940768
-0.207787
1.38207
-0.0267043
0.340007
0.383992
-1.10243
0.167795
0.658515
0.0809294
0.424622
0.215123
0.171625
-0.0858524
-0.936723
0.0555265
-0.00668897
-0.0697674
-0.607686
-0.574413
-0.428376
-0.461847
-0.166547
0.00521992
1.17875
0.391794
0.591459
0.142942
1.03878
-1.01293
-0.132921
0.333853
0.63383
0.606035
-0.162324
-0.78713
0.130447
0.198218
-0.670339
-0.550709
0.491835
0.78133
-0.100756
-0.374653
0.170155
-0.689479
1.55212
0.254571
0.623142
-0.216372
0.511249
-0.621426
0.525194
0.267824
-0.717684
0.706039
-1.3214
-0.509972
0.838604
0.641756
0.319143
0.0855204
-0.592651
-0.157927
0.118901
-0.180106
0.22889
1.25321
0.969957
-0.534305
0.263868
-0.374424
0.54943
0.501896
-0.257781
0.112462
0.225473
0.52198
-1.14186
0.176606
0.129818
-0.3631
0.618176
-1.52466
0.215681
0.266412
0.183117
-0.176174
0.567649
0.782111
0.383399
-0.455585
0.596312
-1.08486
-0.0845003
-0.802712
-0.214308
0.933511
0.120673
0.490359
-0.53071
-0.594498
-0.919942
0.46091
0.313504
0.00486161
0.236479
-0.845037
0.0354882
-0.156097
-0.284126
-0.50133
0.379809
0.469134
0.29185
-0.480326
0.241601
-1.66776
0.823699
-1.54314
-0.0578616
0.124124
0.373503
-0.706736
0.218298
0.211603
0.666007
-0.631871
0.184447
0.835286
0.163067
-0.728334
-0.392939
0.606453
-0.456872
0.0309822
-0.731122
-1.0886
0.328229
-0.449043
0.941872
-0.0483129
-0.612976
-0.229149
0.563996
0.714064
-0.983539
-0.161133
-0.512393
0.467116
-0.508528
-0.0755588
0.841341
-1.13221
0.261886
0.52966
-0.590584
0.192386
-0.513567
-0.0732709
-0.280329
-0.473961
-0.398191
1.32428
0.160882
-1.11631
0.945726
0.0662858
0.530023
0.407159
-1.28858
-0.177816
-0.948811
0.181563
0.892074
1.00163
0.0470986
0.0236024
0.700571
0.217341
0.627261
-0.332865
0.44414
-0.693018
0.285968
-0.16439
-0.733239
-0.519301
0.442418
-0.180235
0.166866
-0.198002
0.365156
0.318527
0.533131
-0.0319079
-0.806136
0.00488303
0.972606
-0.531239
-0.499169
-0.294699
-0.0598591
-0.0605388
1.40243
-1.06497
-1.33669
-2.02176
0.384679
0.513448
0.132795
-1.20525
-0.187907
-0.353917
0.498738
0.458012
-0.44611
0.64251
0.336657
-0.862897
-0.0984722
-0.719594
-0.685239
-0.193834
0.750529
0.758677
-0.196915
-0.246881
-0.32716
-0.555478
-0.523281
-0.754564
0.00230976
0.734075
-0.277146
-0.0477203
-0.0979923
-0.696491
0.351327
-1.81521
-1.35738
1.65708
-0.740447
-0.176523
-0.608631
1.62186
1.02727
0.137957
0.0922718
0.817086
-0.147509
0.420041
0.402729
0.779359
0.452638
0.590011
0.0164933
-0.581685
0.314274
-0.512123
-0.0661521
0.0379889
0.821069
0.27668
-0.317558
0.287006
0.460585
-0.424467
1.09303
0.215971
-0.328356
-1.07666
0.341812
-0.638659
0.424929
-0.236909
1.05164
-0.0284363
0.0519856
1.30561
-0.369783
0.181149
0.00502172
-0.48286
0.29917
0.443976
0.0440089
-0.0086777
0.609908
-0.174579
0.248342
0.404425
0.350237
0.310642
0.915559
0.773397
0.261632
0.267459
0.41726
-1.57646
-0.12408
-0.849789
0.183022
-0.486557
-0.316521
-0.261183
-1.71414
-1.08887
-0.139961
0.383515
-0.530715
-0.359145
0.189427
0.159088
-0.95027
-0.111698
0.811302
-0.105788
1.42001
-0.999167
0.213672
-0.759212
-0.660293
0.0806192
-0.95893
0.921926
0.740186
-0.172751
-0.280335
0.0609147
0.427782
-0.23485
-0.662953
-0.328677
-1.04911
1.49824
-0.0198632
0.495248
0.966229
-1.12729
-0.221601
0.231076
-0.987823
-0.609382
-0.151432
0.159545
0.618919
-0.105731
-0.193864
-0.638802
-0.667208
-0.477464
0.440025
1.64656
0.336235
-0.287532
-0.385363
-0.236799
-0.723227
-0.650458
-0.442696
0.306263
0.428415
0.467003
0.223068
-1.24656
0.121329
0.24974
1.11567
1.10973
-0.409885
-0.905198
0.519799
0.173304
-0.96521
-0.804064
-0.10457
0.0483981
0.669935
-0.563122
1.00731
-0.069459
-0.00177468
1.10751
0.131415
-0.207156
-0.478456
-0.913306
-0.910244
0.201733
1.02387
0.79192
-0.451902
-0.0642212
0.126855
-0.191483
-0.568516
-0.500179
0.0181479
-1.18005
-0.844743
1.13088
0.0747199
-0.45398
0.753564
0.955528
0.581708
0.440088
0.99784
0.72536
0.0641915
-1.10256
0.53427
-0.181377
1.00246
-1.27598
1.45483
0.107385
-0.92631
0.411813
0.843564
0.237994
-1.3482
1.46538
-0.145461
-0.1047
-1.33522
0.185553
-0.432656
-1.14952
-0.371081
-1.27211
0.0967567
-0.0932743
0.489174
-0.0200462
-0.169933
0.199057
-1.07074
0.422943
-0.639553
-1.04714
0.0951257
-0.866092
-0.962004
0.057728
-0.480088
1.24408
-0.221809
-0.450961
0.111559
0.765663
-0.626467
-1.51883
0.543758
0.764022
0.37759
0.878739
-0.940136
0.315322
0.590194
0.868508
1.14226
-0.784567
-1.01365
-0.988349
1.11328
-0.887251
-0.209046
0.471284
0.76227
-0.197787
0.980805
0.622158
-0.551299
0.234482
-1.35362
0.209612
0.792589
0.807923
0.611572
1.09711
0.0718603
-0.727633
0.450784
-0.368199
-0.212775
0.788146
0.465579
-0.731027
-0.672577
0.641851
0.120032
-0.227796
0.387949
-0.312686
-1.00015
1.4524
-2.07091
0.297268
0.956348
1.23437
0.543493
0.362854
1.00856
0.688352
0.0925014
-1.06875
0.446137
-0.218712
-1.43646
-0.240018
-0.485049
-0.648396
-0.255789
-0.491511
-0.277435
-1.23347
-0.156478
1.14147
0.260791
0.314762
-0.825442
-1.26024
0.855932
-0.653888
-0.315066
-0.116957
-0.251946
0.295966
-0.117509
-0.347806
0.323891
0.407912
-0.169674
-0.349341
0.592941
0.186633
-0.537517
-0.0341277
-0.686272
-0.490024
0.403031
-0.884566
-0.300481
0.051387
-1.88935
-0.0216244
-0.257583
0.518574
-0.839786
0.238487
-0.287753
0.194396
1.19208
-0.596225
0.379816
0.338426
0.0352508
-0.997429
-0.276521
0.376912
-1.13884
-0.00367213
-0.356454
-0.0915484
0.874071
0.359682
-0.412414
-0.0646362
-0.431624
0.316177
0.340372
-0.38551
-0.92055
-0.515528
-0.386061
0.134632
-1.31773
-0.390667
0.321884
0.582072
-0.208646
0.464107
1.56626
1.40159
-0.573714
0.242167
-0.369528
0.986936
0.528668
-0.283247
0.398373
0.287192
0.24161
-0.343016
-0.576573
0.0870006
-0.26188
1.11163
-0.0438108
0.134698
0.996464
0.448729
0.425235
0.422831
0.193944
-1.2141
-0.0523206
0.182566
-0.173063
-0.0402347
-0.847155
-0.443839
0.359013
-0.195307
0.96137
1.17407
0.0825023
-1.61298
0.249028
-0.513243
-0.692194
-0.891588
-0.440519
-0.873005
0.837797
0.224727
-0.508994
-1.24515
-0.696703
0.560891
0.245017
0.36589
-1.05578
0.230455
0.0771241
-0.10761
-0.0623233
-0.677192
-0.184538
0.883424
-0.356277
0.0906701
-1.31995
-0.593037
-0.559155
-0.38602
-0.97199
0.796056
0.88432
0.887613
0.330059
-0.225627
1.67443
0.742183
0.147635
0.443725
-1.56258
-1.14638
0.805688
-0.287912
0.776336
0.0863489
0.117629
0.15284
-0.405203
0.174712
-0.404148
-0.493711
-0.669849
0.962555
-0.162949
0.657396
-0.0310967
-0.289484
-0.965887
-1.06684
0.680907
0.482956
0.790583
0.270222
0.669124
0.00126797
-0.570638
-0.894927
0.105676
1.26704
2.60994
-0.61188
0.0821462
1.03762
0.564176
0.0774281
-0.423229
-0.500473
-0.926183
-0.892026
0.933401
-0.7724
1.31101
0.182102
-1.05844
0.350674
0.0599779
-0.368819
0.124623
0.754748
0.349929
0.739484
-1.52295
0.391294
-0.678707
-0.953146
-1.40727
-0.00849009
1.33959
0.185105
-0.575105
1.46039
-0.308298
-0.315068
-0.113822
-0.432434
-0.394927
0.574022
0.617227
-0.292035
0.354446
-0.270735
0.583614
-0.58454
0.775217
-0.122837
-0.147148
0.24567
0.415121
-0.665936
0.3477
-0.71894
-0.176047
0.351615
-0.212536
-0.16736
-0.950688
-0.672634
0.318777
-0.235936
0.309279
0.0766824
-0.693916
0.278218
-0.722466
1.42919
-1.02941
-0.988635
0.535656
0.39338
-0.202791
0.182182
-0.215027
0.00795014
-0.450235
1.05343
-0.67812
-0.308604
0.309341
-1.68896
-1.15218
-0.658775
-0.533103
0.377075
-0.800955
0.0136847
0.815551
0.132769
-0.0841873
1.70011
1.30348
0.732306
-0.582499
1.0807
-0.688662
-0.238608
-0.0564571
-0.35962
0.752492
-0.182086
0.109226
0.804815
-0.218687
-0.406858
0.0356084
0.498058
-0.0847369
-0.278073
0.216193
0.370144
-0.207687
1.11042
0.343354
-0.434048
-0.459645
-2.085
0.0510477
-1.3392
0.505998
0.309258
0.271045
0.173838
-0.892581
-0.181335
-0.27296
-0.430502
-0.892543
0.174315
0.136957
0.22221
-0.561881
0.0906443
0.582413
-0.341521
0.116348
1.17614
-0.728628
0.151653
0.117276
0.216312
-0.0369565
0.219784
-0.00532286
-0.789613
-0.107371
1.76545
0.304941
1.11988
0.430032
0.265676
-0.216768
-0.410167
0.0902015
-0.611859
-0.656881
0.150971
-0.809892
-0.904482
0.808184
-0.357938
0.124965
0.298731
-0.775951
-0.826254
-0.631564
-0.116326
1.65999
-0.125451
0.0723946
-0.482692
0.324969
-0.357364
-0.176917
0.0879846
0.154614
-1.46229
-0.487207
0.710578
-0.0449994
-0.172013
0.614156
-0.0533018
-1.2053
0.0718886
0.362568
-0.0867025
0.300767
-0.249249
0.101608
-0.235977
0.0167017
0.133779
1.08917
0.76409
-0.235893
0.210059
-0.359795
0.108823
-0.410422
-0.908721
-0.341667
0.419821
0.131986
1.19597
0.481044
0.250348
-0.305998
-0.153437
0.563229
0.254943
-0.259924
-0.649366
0.0236088
0.838909
0.326577
-0.159057
-0.918985
-0.456119
-1.33216
0.482898
0.482579
0.0143849
-0.817738
-0.112785
0.242031
0.266315
-0.608632
0.678812
0.571561
-1.05518
0.680004
0.158085
-0.608636
1.24703
0.4563
-0.898118
-1.09782
0.586819
-0.374026
-0.648753
0.207938
-0.0330857
-0.511754
-0.450232
-0.130977
1.39272
1.01169
-0.163519
-2.00607
0.630697
-0.160028
0.16182
-0.421479
1.00319
-0.940576
0.351003
0.944596
-0.513418
-0.5941
-0.395107
-0.210895
-0.379011
-0.499166
-0.928967
0.157288
-0.0183018
-0.508546
-0.229752
0.652578
0.276914
0.105544
0.948309
-0.15681
1.48876
-0.075018
0.612406
-0.465843
-0.937818
-0.0691711
-0.247926
0.524764
-0.244371
0.0393666
-0.582424
0.434812
0.0276636
-0.0671267
0.835546
-0.178109
-1.16151
-0.0156155
-0.929415
0.354314
-0.330907
-0.0825887
-0.151406
-0.168562
0.0443782
0.19755
0.110785
0.539266
-0.0245806
0.0824089
-0.287821
0.10809
-0.282612
-1.45729
0.857065
1.24715
0.688295
0.116117
-0.540805
-0.751164
-0.321841
0.122158
-0.32862
-0.441069
-0.539246
0.869354
-1.39663
-0.266057
1.04134
-0.162246
-0.0508946
-1.26052
-1.26785
0.473204
0.199116
0.229084
-0.173774
-0.0564029
-1.23814
0.297805
0.127094
0.0656967
0.352767
-1.59077
0.493232
-0.144534
-0.00114153
-0.545425
0.0815567
-0.372883
0.333975
0.106092
0.277678
-0.0427144
-0.710129
-0.437686
0.533092
0.0667474
-1.69267
0.453577
0.371889
-0.0611638
-0.488462
-0.782718
0.89177
0.0927054
-1.77942
-0.607806
-0.0620766
-0.275443
-0.168435
-1.14793
-0.055424
-0.113715
0.019309
-0.0973323
0.805371
0.0586308
0.286478
0.366153
0.452974
0.0798976
-0.149443
0.742098
1.54494
-0.703863
-0.518073
-0.0769095
0.13863
-0.386467
0.0183566
-1.07565
0.171482
0.03211
-2.13774
0.891962
0.627898
0.416482
0.299628
0.251322
0.264585
-2.06175
-0.348948
0.579598
0.551573
0.406573
0.120104
-0.928468
-0.334653
-0.410024
0.124768
0.381483
0.227176
-0.180153
-0.965928
-0.537148
-0.0852166
1.5941
1.12374
1.0486
0.0227634
-0.375565
-0.568924
1.11056
-0.683207
-0.10136
-0.28309
-0.440954
-0.281061
0.281075
-0.609126
-0.404017
0.504935
-1.66415
0.276295
0.0110437
-2.0484
0.212588
-0.392647
0.616347
0.329249
0.125255
-0.302723
0.035473
-0.702857
-0.163049
-0.718575
1.37768
-0.0541385
0.333976
0.395033
0.49698
-0.0684724
0.140057
0.74376
-0.325858
0.624858
1.18975
-0.661115
0.282099
-0.933571
0.267868
0.152167
0.305844
-0.110649
0.436078
0.217617
-1.19744
-1.07831
-0.0141765
0.573843
0.568543
-0.403982
0.313183
-1.66004
-0.213123
-0.669224
0.872784
0.471372
0.20959
0.269507
0.19679
-0.801109
0.521861
0.672536
0.373993
0.648499
0.901003
0.280394
-0.283628
-0.570769
-0.0734051
-0.094257
0.353327
-1.37327
0.500678
0.80288
-0.0209923
-1.18387
-1.20648
-1.32327
-0.375585
0.631952
-0.545954
-0.187711
1.00592
0.0232381
-0.323727
0.280087
-1.92287
-0.430983
0.244426
0.550819
0.682799
-0.214708
0.0875639
-0.315384
0.524802
-0.181551
0.563281
-0.604866
-1.02296
-0.291071
-0.26292
-0.20706
-0.553471
-0.381365
0.122259
0.595087
0.133683
-0.495652
0.492404
0.306013
-0.690739
-0.456835
0.474404
0.0614997
-0.235523
0.432868
0.466383
0.0598923
0.174894
0.423597
0.266237
0.323207
0.731134
-0.187809
-0.107856
0.666885
0.439191
-0.629524
0.529841
0.64206
0.780547
0.282103
-0.224834
-0.438011
0.867994
1.64571
0.697198
0.790295
-0.121376
0.467729
0.249825
-0.510879
1.89202
1.22523
-0.158783
0.173781
0.742046
-0.904466
0.779324
0.879178
-0.305896
-0.872271
-0.306971
1.17112
0.0501523
-0.864646
-1.12703
-0.121251
-0.271088
0.785649
1.20079
0.559635
0.801408
0.737225
-0.113507
-0.775335
0.18159
0.412215
0.677284
-0.998754
0.101851
-1.08796
0.804743
-0.169397
0.301676
-0.38613
-0.776766
-0.669924
-1.426
0.352182
0.588781
0.143496
0.426919
0.438936
-0.745437
0.157986
-0.706417
0.987764
0.81028
0.542082
-0.497057
-0.813646
-0.0204871
-0.121432
1.7029
0.0702307
-0.0707614
-0.155552
0.238789
0.142634
-0.241218
-0.0962853
-1.52194
-0.222771
-0.087577
0.519168
-0.211519
0.00418208
0.430555
-0.765211
-0.788869
0.56035
0.150575
-0.730773
-0.63698
-0.851197
-0.168244
0.0452168
-0.19846
-0.214565
0.63106
-1.10338
-0.353728
0.133672
1.06151
-0.261621
-0.0125385
-0.43823
-0.0375668
0.275131
-1.59273
-0.54408
0.178879
0.347984
-0.233523
0.838841
-0.30225
0.751056
0.636179
-0.313685
0.131228
-0.415101
0.861567
0.553238
-1.34513
-0.105333
-1.03775
0.839729
-0.652775
-0.371055
-0.325547
1.00036
-0.482291
-0.0958457
-0.0869504
1.12472
0.00806922
0.190156
0.185951
0.995226
-0.542401
-0.578625
0.570841
0.834184
-0.143263
-0.958538
-0.67924
-0.596187
1.29371
0.321884
-0.176466
0.542648
-0.898003
-0.00319737
0.123593
1.8597
-1.49523
-1.40447
-1.10284
0.166092
-0.852223
0.151754
-0.776004
-0.889328
0.0143937
-0.0326171
-0.616843
-1.07076
0.161069
-0.598778
-0.771728
-0.40191
-0.447481
-0.27167
0.816085
-1.58766
-0.295536
1.30257
-0.178416
0.116009
0.110631
-0.242016
-1.52765
0.360107
0.429772
0.466131
-0.571869
0.263148
0.183677
0.365491
1.36739
0.33802
-0.525069
0.714704
0.030619
-0.236007
-0.512612
-0.544998
0.488101
0.524286
-1.02237
0.262682
1.00946
1.19251
-0.192547
0.587678
-0.523386
0.932896
0.24599
0.286005
-0.890622
-0.766237
-0.519753
-0.97492
0.310735
-0.0701104
0.347935
-0.446236
-0.548632
-0.283708
-0.377855
0.0695407
0.159532
-0.203798
-1.03274
1.16042
-1.00076
0.276038
0.490694
-0.0161976
-0.919914
0.269957
-0.987833
0.697399
0.20966
-1.28446
-0.245537
-0.540979
-0.472258
-0.575642
0.482036
-0.620458
-0.869874
1.36832
0.518824
0.622163
-1.24138
-0.283961
-0.532289
-0.284939
-0.452979
-1.12296
0.600533
0.458378
0.13757
-0.796687
1.16224
0.87562
-0.232433
1.29925
0.170487
1.00295
0.619392
0.0301158
0.160005
0.525848
0.578228
0.652913
-0.18851
-0.349722
-0.295168
0.850223
-0.292283
-0.37049
0.261561
-0.217111
-0.172791
0.228639
-1.04964
0.643062
-1.58579
-0.112628
-0.573345
-0.350067
0.381205
0.531829
-0.224022
-1.21624
0.0297676
-0.921867
0.810445
-0.691281
-0.72288
-0.456572
-0.780483
0.0873578
0.701807
-0.0373807
-0.333477
1.02571
-1.92293
0.423036
0.45013
1.34208
0.027776
-0.726177
1.0856
-0.587228
-0.845077
-0.821719
-0.647282
0.471565
-0.410031
0.00565923
-0.279235
0.0211987
1.63385
-0.394338
-0.190049
1.02819
0.419195
-0.0525287
1.11366
0.481732
0.365681
0.572161
-1.25534
-0.353583
0.0010022
0.583859
-0.844534
0.401079
-0.231698
-0.18913
-0.50644
-0.122376
0.136709
0.59763
-0.356937
-0.523206
0.146407
-1.03968
0.613836
-0.107461
-0.427726
-0.309468
0.172418
0.882213
0.153063
0.18397
-0.161547
-1.51835
0.861515
0.165151
0.0906799
0.0440544
-1.02874
0.218447
-0.177136
-0.195074
0.724849
0.0403071
-0.0805161
-1.06335
-1.0687
-1.57198
-0.02534
-0.345674
-0.0540779
-1.24987
-0.156852
-0.17341
0.175291
0.0626624
0.883105
-1.32655
-0.321793
-0.775846
0.462792
-1.04617
0.443808
-0.492706
-0.682554
0.627237
0.0778737
-0.164392
0.416725
1.27847
-1.72143
0.800261
0.856455
-0.22248
-0.694013
-1.09316
0.844636
1.03064
-0.278512
0.150854
0.177044
0.535898
-0.686214
-0.290169
-0.388853
-0.209747
0.443779
-1.02428
-0.00342227
0.206483
-0.536427
0.363437
0.383269
-0.151497
-0.866882
0.40942
-0.563914
0.0503903
-0.785858
0.501181
0.146696
0.152552
0.418974
0.212525
0.992975
-0.648299
-0.740302
-0.248036
-0.941286
-0.42996
0.607328
0.853475
-0.476048
0.634764
-0.690074
0.719666
0.249325
1.11149
-0.566795
-1.44269
-0.0383301
-1.36238
-0.0244457
-0.369706
-0.620196
-0.362272
0.388307
0.623127
-1.33428
0.0412058
-0.538356
-0.0990759
0.631477
-0.212783
0.175702
-0.903175
0.224109
0.841215
0.492641
0.256519
0.0627897
-0.435934
-0.433255
0.508509
-0.493195
-1.72732
0.16456
-0.483314
-0.0175928
-0.507126
-0.362928
0.0291917
-0.386339
-0.148099
-1.8422
0.151298
-0.0732875
0.401692
-0.153273
0.14356
-0.14344
0.368749
0.374905
-0.162018
-0.350438
0.373684
0.13719
-0.286998
0.40074
0.471286
1.00894
-0.0524825
0.664516
-0.568792
0.757172
0.37909
-0.843853
-0.806147
0.103787
0.314249
-1.06472
0.746913
0.174204
0.374655
0.23436
0.412622
-0.338263
0.354987
0.318183
0.76643
1.03451
0.37622
-1.57289
-1.12923
0.750624
-1.03418
0.3603
0.656115
-1.19257
-0.763339
-0.5768
-0.607215
0.544038
-0.916859
-0.607538
-0.588662
1.6742
0.14957
0.511972
0.439314
0.342521
0.487607
-0.132901
-0.339696
0.326291
0.635946
-1.14022
-0.450877
-0.295921
0.348405
-0.811857
-0.534361
0.172822
-0.821396
0.0619529
0.0654174
0.499637
-0.831111
-1.38019
-0.491932
0.0803967
-0.466676
1.46504
-0.259477
-0.173894
1.35283
-0.568729
0.151551
0.669644
-0.617983
-0.129307
0.244372
-0.229495
-1.20342
0.304128
0.498978
-0.356328
-1.02267
-0.130394
-0.859789
-0.0373843
1.47299
-0.490046
0.352278
0.409064
-0.275698
-0.919526
-1.00846
0.202137
0.745176
1.08678
0.0661343
-0.372077
0.967939
1.2531
0.254758
-0.357566
-1.24327
0.0164922
-1.07273
0.40286
-0.318102
-0.305809
-0.514242
-0.471285
-0.452885
0.254532
0.802679
-2.02619
-0.107458
-0.472112
-0.582294
-0.0145794
-0.816899
-0.46498
0.123409
0.251819
0.437753
0.657024
0.0199256
-0.403002
0.506523
0.174333
-0.865666
-0.546761
0.214795
-0.27345
1.0393
-0.711114
1.10739
-1.11312
0.0983033
0.0408998
0.705054
0.345329
0.691734
0.914977
-0.52349
0.106004
-0.18757
0.515557
-0.0779669
1.13026
0.0671225
-0.192574
-0.0310718
-0.238131
0.739044
0.249422
0.516708
-1.38864
-0.922869
0.27602
-1.52544
-0.414246
-0.41508
0.601206
-0.456745
0.160292
-0.915173
0.278078
-0.207399
-0.0259781
0.0875022
0.215063
1.05745
-0.756592
-0.865029
-0.302011
0.0176401
0.284385
0.118906
0.195591
0.447529
-0.925914
-0.621342
0.0342722
-0.715763
0.750496
-0.540108
0.627963
-0.309211
-0.508782
-0.87082
-0.0158933
0.0346244
0.667687
1.00498
0.460223
-0.00404368
-0.108334
-0.123269
-0.271976
-0.341515
1.0168
-0.37855
-0.456797
-0.669839
-1.45458
-0.344355
-0.539723
-0.231503
-0.710369
0.289157
0.618582
0.773341
0.72183
0.374647
-0.00318123
-0.393923
-2.22102
-0.360041
0.814861
-0.503606
-1.08945
-0.0473598
-0.00630067
-0.348846
-0.260604
0.377086
-0.212377
0.378501
0.207398
0.21089
2.78303
1.40548
-0.756187
0.44015
-0.545648
-0.553796
-0.730815
0.108907
0.319784
-0.679931
-1.17912
1.18528
-1.12221
-0.387093
0.0288533
-0.126625
-0.322462
1.03634
0.461495
-1.48449
0.275252
-0.839513
-0.21287
0.54272
-0.191512
-0.924884
-0.42566
0.127359
0.371941
-0.277133
0.193676
-0.634129
-0.373271
-0.751891
0.640149
-0.204488
0.114628
0.178242
-0.483908
-0.762861
-0.353274
-1.08593
-0.439293
0.553417
0.79602
0.515064
-0.4927
-0.0593993
-0.116146
0.431077
0.810968
0.0908346
-0.283283
0.344832
0.973722
0.667148
-0.127376
0.372146
-1.3568
-0.507779
-0.920482
-0.489155
-0.525927
-0.0274722
0.49166
0.381801
-0.698693
-0.147414
-0.0779238
0.0351866
-0.3058
-0.14228
0.558813
-0.0864901
-0.595825
-0.371915
-1.16262
-1.08835
-0.195865
0.453039
-1.63507
0.0178181
-0.0115554
-0.284786
0.893921
-0.31319
0.234662
-1.02162
0.186367
-0.154982
-0.177082
0.28077
0.740958
-0.0200594
-0.126868
0.409381
0.864538
-0.740164
0.675061
0.259217
1.04113
-0.856782
-0.718305
-0.350082
0.87245
0.285567
0.124429
-0.0579916
-0.911088
0.211298
0.819843
0.167384
-0.32014
0.614297
-0.646444
0.246064
-1.30361
-0.0830766
-0.0542169
-0.0488835
0.179782
0.268529
-0.926864
0.735442
0.477274
0.0365115
0.425032
-0.567795
0.496984
0.298561
0.0456992
-1.12942
-1.14233
0.992488
0.00836943
0.418943
0.585413
0.445538
-0.404593
0.476428
0.271431
0.401684
0.330657
0.741636
-0.627357
0.48374
-0.359455
-0.0394277
-0.0118663
-0.0110909
-0.70176
0.105548
-0.0696068
0.142863
0.197183
0.56163
0.620325
-0.11001
-0.887714
-0.23556
-0.874249
-0.961638
0.433827
0.720811
-0.229744
0.0685928
-0.863962
-0.0604643
-0.860709
1.52179
0.027821
0.444671
1.51084
0.760632
-0.0793903
-0.604536
0.616836
-0.24196
-0.955622
-0.209697
0.683041
0.541848
0.669244
0.458492
-0.46495
-0.254359
-0.829225
-0.383703
-0.0358122
0.607797
0.833288
1.32023
0.467781
-0.48558
-0.891924
0.334462
-0.0495876
0.128571
0.194226
-0.0118947
0.491543
1.27693
0.829776
-0.131976
-0.545233
0.388203
-0.601228
0.170229
0.295853
-0.057753
-0.989699
-0.0512999
-1.05025
-0.643243
0.26915
0.0399104
1.9532
-0.573316
1.0649
0.222148
0.304518
-0.731129
-0.386716
-0.198209
0.0556007
0.296806
0.166992
0.574293
0.00805506
0.879903
-0.127961
0.186014
0.514634
-0.764109
1.02087
0.450795
0.0490111
0.0649713
1.08565
-0.326949
0.830618
1.23658
-0.164921
0.888236
-0.40556
-0.723096
-0.0540281
-0.605381
0.298398
0.832784
-0.381151
0.36791
-0.432488
-0.509854
0.0987001
-0.039659
0.0512154
-0.820948
0.16019
-0.105076
0.531547
-0.903976
-0.644057
0.639902
1.25946
0.64377
-0.939905
-1.3832
-0.487529
-0.0909758
0.418547
-1.04622
-0.598164
-0.0476072
-0.0744923
0.790591
0.0791261
-0.875955
0.0121068
0.988413
1.21207
-0.506168
-0.266433
0.496674
0.61128
0.825434
0.647138
0.255841
-0.207922
-0.214234
-0.420411
0.255849
-0.565159
0.386705
-0.261475
-0.669243
0.45435
0.165728
-0.644741
-0.0425843
0.124102
0.179386
-0.561177
-0.79578
0.152178
-0.353611
0.622535
-0.0307673
-1.14936
-0.913656
-0.853988
1.36168
-0.111486
0.0462788
1.11944
0.168502
-0.914295
-0.169793
0.666435
0.838603
0.197665
0.564444
0.180088
-0.363956
-0.0939167
1.06134
0.180454
0.0337381
-0.19346
0.0430435
-0.167817
1.08288
-0.530511
-0.156285
-0.047034
-0.834184
0.614829
0.267263
-0.122332
0.999497
0.496016
0.697806
-0.144844
0.32376
0.362431
0.108816
0.673817
-0.209073
-0.0996063
0.242076
1.18641
0.680103
0.765952
0.228809
-0.365547
0.414094
-0.434305
-0.102874
-0.133784
-0.859931
0.13641
-1.07212
-0.233552
0.836138
0.316063
-0.128976
-0.948582
-0.507028
-0.387094
-0.975305
-1.49314
-0.196326
-0.54358
0.447578
0.0822708
1.28325
-0.739072
-0.76132
0.0578622
0.678782
-0.190503
1.02793
-0.914894
-0.660175
-0.671189
0.148601
-0.6422
0.186484
0.109137
-0.504542
1.15104
0.54369
-0.449116
-0.247536
0.309692
-0.663257
-0.332181
0.4657
0.829041
-0.739048
-0.836492
-0.217286
-0.366311
-0.0316566
-1.15954
-0.566022
-0.00577451
-1.05941
-0.575778
0.285301
-0.726986
-0.00236071
0.887724
0.290768
1.22605
-1.21937
-0.0996668
-0.746607
0.773437
0.53818
-0.353638
0.456384
-0.102056
1.03124
-1.33039
0.464263
-1.83211
-0.00388371
0.189529
-0.736776
0.190726
0.481286
0.798097
-0.257783
0.390879
-0.704077
-0.973084
0.0956765
-0.12166
0.0695819
1.21284
-0.548951
0.638953
0.446781
-0.241115
1.02963
0.0827619
-0.253224
0.355518
0.578687
-0.356185
0.939985
1.02565
0.186069
-1.00475
-0.0904166
0.234427
-0.841028
0.320489
1.08085
1.44897
2.1248
-0.770891
-0.807223
-0.0296788
-0.609051
0.136863
1.26412
-0.576599
-0.420023
-0.657608
-0.157792
-0.742974
-0.0509823
0.412091
-0.421118
-0.152698
0.980168
0.0346508
0.151945
-1.32661
0.828322
-0.353384
0.549367
-0.136774
0.228356
-0.482056
0.702267
-0.895648
-0.236638
-0.608522
-1.4088
0.266889
-1.23549
1.64487
-0.0884407
0.223481
-0.579169
-0.984402
-0.597667
-0.539535
0.980262
-0.311338
0.306703
-0.227025
0.556449
0.281764
0.187387
-0.79125
-0.445038
1.06452
0.383354
-0.169912
-0.788674
0.288825
1.13135
1.24672
-0.450693
-0.00988692
1.03152
0.426494
0.736933
-1.56433
0.176154
1.63311
0.795461
-0.450981
-0.202321
-1.08856
-1.18947
0.208069
-0.165079
0.0311939
-0.407468
-0.999235
-0.610969
-0.533786
-1.43734
0.696507
0.673915
-0.233186
-0.848544
-0.825409
0.52475
-0.762117
-0.216496
0.856351
0.719705
0.783439
-0.491104
-0.717558
-0.0908496
1.6489
-0.578049
-0.719587
-0.640932
0.00165904
-1.00236
0.0237546
0.201693
-1.12638
0.00636222
-0.121346
-0.99757
0.343938
-1.57255
-0.108119
0.0447205
-0.0750364
0.162546
-1.28568
-1.10791
-0.288656
-0.00698493
0.735749
-0.438711
0.99786
-0.841399
0.552971
0.558018
-0.254656
0.327048
0.927853
-0.624488
0.40485
-0.0574225
0.385253
-0.682725
-0.457188
1.00157
0.365661
-0.696563
1.34603
-0.0433213
0.494414
0.77759
-0.178213
-0.640994
-0.682696
0.864623
0.538416
-0.961889
0.533101
0.115244
-0.553102
0.433565
1.18779
0.051759
-0.0345525
-0.854291
0.487598
-0.428618
0.67803
-0.930679
1.11425
0.231226
-1.01834
0.0346321
0.14914
0.245404
1.0517
0.0324684
-0.288975
-0.163131
-0.645933
-0.285433
-0.0065563
-0.151508
0.850409
-0.293559
-0.309946
0.733207
0.098791
1.17496
-0.300114
-0.333962
-0.30076
0.217913
0.32252
0.444302
-0.0700956
1.50884
0.550464
0.520258
0.244974
0.087457
-0.404919
0.364236
-1.01261
0.011847
0.46834
0.0395948
-0.996902
0.234882
-0.480366
0.30803
0.0193487
-0.665896
0.834512
0.45774
-0.756846
0.0127422
1.59879
-1.83167
0.520087
-0.335541
-0.262472
0.481812
0.613424
0.0424608
-0.0361491
0.354541
0.0509241
0.624781
-0.271605
0.660764
0.0982475
0.265869
-0.995954
-0.203453
0.86274
0.0332091
-0.231156
0.227388
1.00705
0.45418
-0.39897
-0.10398
0.782468
0.43823
-0.133143
-1.38923
-0.636881
1.22529
-0.97243
0.575099
-0.183801
-0.637623
-0.527788
-0.489158
0.321128
-1.13684
0.259446
0.282061
-0.386649
1.10125
0.285093
-0.954624
-0.0365221
-0.064588
-0.271141
-0.661699
0.108046
0.0427729
-0.0961346
-1.12614
-0.372702
-0.9615
0.112175
-0.710319
-0.560979
-1.04346
1.16372
-0.0922682
0.798583
-0.211435
0.911497
-0.180446
-0.342954
0.908316
0.775386
1.27737
0.0754141
-0.0860722
0.484288
0.384404
0.342446
0.423586
-1.80866
-0.713943
-0.299985
0.623889
0.814405
-0.210864
0.208414
0.238539
-0.398604
-0.224377
-0.0160856
0.883906
-0.541604
-0.396876
0.751343
-0.320671
-1.40805
-0.208558
0.332104
-0.237661
-0.158591
-1.84139
0.808848
-0.166655
0.249476
-0.394113
0.614725
0.162095
0.27902
0.0967772
-0.578527
0.286829
-0.347194
-0.0197555
1.93599
-0.138612
-0.0716062
0.121977
0.0658887
-0.88015
0.592903
-0.251344
-0.242964
-0.776315
-1.49175
0.107719
1.09408
0.022718
-0.207823
-0.745317
-1.37708
0.332863
-0.447312
0.541042
-0.313996
0.396974
0.1401
0.66209
0.309956
-1.14809
-0.566221
0.555596
0.31383
-0.802307
0.0192012
0.705034
-0.414307
0.801244
-0.6351
0.321161
0.334693
0.976637
-0.836345
0.382432
-0.777462
0.866543
-0.898269
-0.0845073
0.0137658
1.10398
0.39014
-0.624054
-0.130746
-0.947725
1.04598
0.00153167
-1.13042
-0.777587
0.385926
0.615139
-0.219355
0.413404
1.37809
-0.428966
-0.365085
-0.1115
-1.4703
0.464358
0.616074
-0.434521
0.12311
0.0408506
0.31108
0.918577
0.0533447
-0.1511
-0.974964
0.397506
0.66975
-0.798842
0.770152
0.121169
0.650174
-0.563019
-0.911321
-0.175117
-0.672893
-0.518372
-1.04425
0.0887364
0.326101
0.324328
-0.266727
0.624205
-0.89662
-0.552857
0.904261
-0.207747
0.65062
-1.23091
0.0922558
0.123677
1.28211
0.381756
-0.547787
0.652832
-0.518393
0.701718
0.96337
0.261469
0.123378
0.181028
0.0367939
-0.169231
-0.632436
0.0186341
0.0905237
0.175901
-0.263272
-0.0281608
-0.447815
0.441983
1.07527
-0.203437
-1.0852
1.52686
0.87824
-0.788989
0.293341
-0.22212
-0.962845
0.116005
0.0596924
0.850847
-0.383755
0.691699
0.234996
0.444189
-0.735427
0.891868
0.0758345
0.602728
0.0335466
-0.0166645
0.857537
0.299136
0.490725
0.990848
-0.494719
-0.00245094
0.320362
-0.150666
-1.31913
-0.763713
0.0107696
-0.151988
-0.0389661
0.71893
0.484371
0.0737823
0.0446228
-1.69699
-0.170465
0.17163
1.06197
-0.98903
0.0810114
0.803758
0.300159
1.41575
-0.172949
-0.0762001
0.534292
-0.0791487
0.66494
0.407661
1.4067
-0.0743338
0.206652
-1.33161
-0.435669
0.788374
-0.331707
0.0310804
0.0889683
0.0767514
0.800043
-0.354291
-0.430713
0.131423
0.402787
-0.521381
0.976926
