0.00899357
0.406836
-0.251995
0.0940065
-0.570083
0.344314
-0.423509
-0.0326275
-0.449526
-0.391397
0.919682
0.232302
-0.679119
-0.936166
0.355842
0.0667303
0.576675
0.25226
0.491885
-0.233594
-0.78655
0.229568
-0.811054
0.262125
0.79937
-0.160586
-0.183114
-0.57471
-0.340264
0.601554
0.314465
-0.550546
-0.129276
0.0987113
-0.219482
-0.244001
0.0371105
-0.364188
-0.865599
0.443544
0.477014
-0.0679877
0.243683
-0.630878
-0.0356349
0.497084
0.196569
0.342759
0.822377
-0.272091
0.107366
-0.399999
-0.802217
0.267444
-0.280473
0.0416334
0.503149
0.729596
0.176078
0.0991355
0.101725
-0.200461
0.654255
0.3051
0.152983
-0.162909
0.133563
0.119092
0.386176
-0.732303
-0.337711
0.434688
-0.231357
-0.444506
-0.0452757
-0.38279
0.0487807
0.0775197
0.443386
-0.458297
-0.0739045
0.365961
0.0489858
-0.0130575
-0.124316
-0.541776
0.381275
0.835289
-0.546126
-0.336185
0.0048115
0.238476
0.678197
-0.255968
-0.50318
0.189519
0.337886
-1.44367
-0.2485
-0.0712638
0.419851
-0.0386399
0.418082
-0.000726684
-0.580437
0.461102
-0.240992
-0.121171
-0.970675
-0.554448
0.521616
-0.410056
0.120074
-0.765121
0.464853
0.391293
0.0121965
-0.286754
0.111362
0.152141
-0.229523
-0.11754
0.623061
0.526018
0.28294
0.362719
-0.264579
-0.0944904
-0.450112
-0.513726
0.0930618
0.408837
-0.413712
0.449086
0.612702
0.35938
0.613285
-0.386777
-1.31969
0.124241
0.546819
0.254495
0.819061
-0.327785
0.530302
1.35611
0.373331
0.123447
0.18683
-0.429451
0.133386
-0.418476
0.555148
0.704509
-1.04757
0.708539
0.577703
0.492667
0.235328
0.395018
-0.216058
0.416564
0.549286
0.26219
-0.535513
-0.437649
0.51971
-0.578859
-0.260097
0.305964
-0.137953
0.830871
-0.282652
0.159795
0.299287
0.263679
-0.153806
0.0359014
-0.87233
0.125813
-0.134304
-0.0558855
0.459548
-0.00512786
0.62734
0.27667
0.076238
0.202422
-0.27296
-0.231829
0.0837653
-0.392739
0.0742104
0.696683
0.0832031
-0.338446
-0.638824
0.00441273
-0.343086
-0.795173
-0.839216
-0.259211
0.10166
0.353061
0.765699
-0.275337
-0.530995
-0.647616
0.496417
0.0514267
0.76879
0.269494
0.334128
-0.263161
0.320934
-0.0957093
-0.689283
0.760224
-0.409705
-0.0956139
-0.447808
0.356718
0.20857
0.791861
0.151008
0.974436
-0.125068
-0.0552503
0.198223
-0.581079
-0.397013
-0.158354
0.20687
0.352026
-0.398102
-0.117915
0.199504
-0.348166
-0.502017
-0.0869494
0.0838128
-1.18378
0.279242
-0.394107
-1.06056
-0.632194
-0.551728
0.596328
-0.102531
-0.15092
0.669832
0.196388
-1.52968
0.00208164
0.0574719
0.00296347
-0.270631
0.0278549
-0.584446
0.353921
0.381767
-1.23088
1.07033
-0.244782
-0.778657
-0.402531
-0.232692
0.50087
-0.621681
0.429454
-0.598717
0.0314179
-0.472499
1.18317
-0.0955282
-0.2314
0.642976
0.189618
0.247574
0.216984
-0.24215
-0.0370117
-0.335728
0.113144
-0.369122
-0.469357
-0.0696429
0.0912753
1.00149
-0.279014
-0.0433064
-0.144837
-0.573615
0.201497
0.0446128
0.219801
0.469765
-0.920509
-0.0303694
-0.15004
0.620537
-0.939799
-0.146328
0.962171
0.200338
0.591886
-0.317542
-0.050887
-0.0907188
0.0648389
0.16158
-0.591166
0.460201
-0.616168
0.551348
-0.701386
0.311575
0.286194
0.00962859
0.151073
-0.184867
0.288289
0.651534
-0.364657
0.345431
-0.663966
0.13858
-0.00791017
-0.315323
0.341123
0.401439
-0.154
-0.0672709
0.13211
0.970314
-0.0874211
0.192695
0.390376
1.12159
0.777979
-0.0931937
0.0215147
-0.567238
0.624901
-0.0869036
-1.05281
0.0133656
0.441329
0.128166
-0.614222
0.325554
-0.553386
0.675544
0.295312
0.332841
0.81413
0.137713
0.631658
0.275381
-0.272242
0.0886525
-0.263961
1.04193
0.0125091
-0.458058
0.363401
-0.411194
1.21801
-0.128781
-0.165118
-0.167383
-0.837408
0.197293
0.0556092
0.364566
0.289842
0.173292
0.563522
0.0900328
0.494847
0.290361
-0.702621
-0.604713
0.0343134
-0.563704
-0.0472648
-0.329637
-0.388802
0.072441
-0.171159
0.0573562
-0.266423
0.173808
-0.177691
-0.920175
-0.189822
-0.469657
0.313084
-0.0497029
0.251671
-0.605233
-0.452727
0.037496
0.00916184
0.860644
0.175895
-0.192209
0.327239
-0.58646
0.418885
0.270052
-0.145582
-0.0311848
-0.373669
0.0654561
-1.20417
-0.311009
0.0695863
0.154631
0.619395
0.756132
-0.6134
-0.293588
0.869253
0.16462
0.424851
0.24558
-0.350811
-0.18099
-0.154963
-1.07625
-0.973594
-0.0926865
-0.37595
0.0603611
-0.237747
-0.235989
-0.142402
0.159065
0.476803
-0.309316
0.115469
-0.153128
0.505101
-0.213877
0.350857
-0.231271
-0.76143
0.138603
-0.402345
0.715832
-0.0529679
-0.636064
0.776788
-0.593624
0.25466
-0.923808
-0.323805
0.709503
-0.632974
0.361653
0.605305
0.420185
0.312239
0.268433
-0.885305
0.345267
-1.34525
-0.285104
1.01998
-0.805409
0.157783
0.11708
0.0600531
0.0469745
0.556534
-0.231336
-0.608187
0.271498
-0.131707
-0.199778
-0.0233223
-0.0563443
-0.0302151
-1.00401
0.136362
0.493993
-0.386468
0.395594
-0.188792
-0.635547
0.334504
0.363612
0.974068
0.103739
0.00585669
0.0775283
-0.432229
0.825215
0.151292
-0.317828
-0.0827435
-0.156892
-0.169116
0.528456
0.0146128
-0.656919
-0.419969
-0.0160316
0.251154
-0.438039
-0.406361
0.157035
-0.452644
-0.589442
-0.00983193
0.21962
-0.355237
0.456237
0.304296
-0.261692
-0.476838
-0.497052
-0.34496
0.0837827
-0.639368
-0.224734
-0.551481
0.362572
-0.425189
0.0665497
0.614377
-0.133851
0.00558382
0.0720299
-0.0425684
0.570003
-0.204448
0.0806426
-0.948466
-0.138867
0.101187
0.261875
0.300015
-0.313454
-0.0471563
0.0770837
0.802186
-1.43301
0.182265
0.54313
0.475288
0.0608407
0.0889825
0.00878022
-0.299236
0.137798
-0.305474
-0.726534
0.240261
-0.473222
0.113651
-0.586444
-0.0988515
-0.209181
-0.203297
-1.0531
0.335132
0.220983
0.0643829
-0.0961752
0.107006
-0.310903
-0.258563
-0.677003
0.210949
0.455384
0.289975
0.578819
0.0843636
0.0687902
0.537763
-0.394578
-0.379401
0.541816
-0.356941
-0.0691123
-0.107553
-0.47374
-0.603074
-0.933088
-0.449774
-0.530911
0.539988
0.711152
-0.470258
-1.0412
0.283417
-0.645067
0.0764253
0.987224
-0.443659
-0.315958
0.233296
0.251835
0.301643
-0.658045
0.514173
-0.28205
0.501191
0.845838
-0.533579
0.181366
0.108188
-0.0259268
-0.487261
0.334803
0.370278
-0.398374
-0.836473
0.337632
0.376199
-0.263861
-1.67713
0.133965
0.0720155
-0.697687
0.424746
0.490979
0.380801
0.250903
-0.833929
0.468784
0.0644666
0.304071
0.107237
-0.0607782
1.09905
-0.0333342
-1.05016
0.44978
-0.360081
-0.046497
0.166274
-0.40711
0.815621
0.842142
0.539131
-0.302048
-0.493637
0.647619
0.324422
-0.719377
-0.208473
-0.146159
0.837327
0.0947234
-1.0421
0.568414
0.218395
0.621111
-0.291055
0.338512
0.434056
0.190654
0.585723
-0.513367
0.842308
0.0676598
-0.483308
0.961966
-0.475913
0.307449
0.383987
0.951402
-0.0609476
-0.451524
0.423963
-0.471405
-0.273353
-0.315972
-0.386792
-0.171887
0.028815
1.00738
0.478584
0.180939
0.518804
0.215494
0.570829
-0.487587
0.22585
-0.470261
0.430048
0.287082
0.186345
-0.568211
-1.30828
0.199997
1.0429
-0.321964
-0.408249
-0.256619
-0.148489
-0.00244733
-0.705222
0.263977
1.25774
0.12704
0.243529
-0.250127
-0.122121
-0.399656
-0.0859145
0.128138
0.766112
0.450454
0.128845
-0.205938
0.937976
-0.220872
0.518541
-1.0985
-0.468935
0.586512
1.3514
0.430825
0.330093
-0.331258
0.177524
-0.517078
0.166148
-0.260798
0.8773
0.24413
-0.0020839
-0.755531
-0.130061
0.390671
-0.500519
1.13363
-0.123456
-0.528369
-0.426233
0.062926
-0.588386
0.881758
0.757071
-0.180196
-1.23742
-0.6601
-0.301894
-0.0117119
0.595786
-0.146771
0.191853
-0.291578
0.286077
0.378184
0.72718
1.13188
-0.116425
-0.668459
-0.0128785
-0.97987
-0.0209063
-0.00945733
0.49221
0.576584
-0.44606
-0.137635
-0.888363
0.30664
-0.310196
-1.06928
-0.132147
0.659759
0.0345693
0.228735
-0.179315
0.681888
-0.529665
-0.294994
0.0912745
0.738187
-0.745334
-0.387432
0.262104
-0.459628
-0.111772
-0.620528
-0.0463997
-0.0155549
-0.107505
-0.320109
-0.17564
-0.710053
-0.154598
0.112158
0.127097
0.652672
-0.492602
0.838984
0.142362
0.00673911
0.526559
-0.764909
-0.155636
0.147264
0.488282
0.356734
-0.0147198
0.159861
1.0354
-0.0869985
0.101095
0.472095
-0.305191
-1.39724
-0.575793
0.168224
0.555365
0.140707
-0.516112
0.211931
-0.655856
0.164459
-0.466709
0.469323
-0.529399
0.569646
-0.903103
0.383792
-0.35607
0.869988
0.354943
0.148037
-0.265975
-0.593291
-0.0827384
0.090078
0.358088
-0.453044
0.128423
1.04645
-0.00872885
-0.714566
0.336594
-0.1368
-1.1717
0.708679
-0.399646
-0.13103
-0.218535
-0.727913
0.389399
0.306377
0.173853
-0.017838
0.32564
-0.624725
0.0627495
0.851273
-0.289958
-0.0649798
-0.233477
-0.242175
-0.0311902
0.153284
-0.0321159
-0.423974
-0.118082
0.0207108
-0.213716
0.0803717
-0.29413
0.254729
0.0631885
0.24667
-0.295838
-0.128021
-1.53692
-0.898495
-0.578384
-0.850142
-0.0280932
-0.38268
-0.11141
0.328934
0.613253
-0.48494
-0.895356
-0.048065
0.344925
0.459437
1.25615
0.905503
0.0662887
-0.522621
0.778829
0.136793
0.00347059
-0.892127
0.971489
0.0245674
0.634399
0.692859
-0.148453
0.537502
-0.687886
-0.821474
0.296437
-0.632266
0.904803
0.121661
-0.348111
0.510259
-0.307978
-0.142903
0.223496
-0.295442
-0.30575
0.227154
0.045518
0.58931
-0.420709
0.584609
0.258472
-0.573912
0.418478
-0.437676
-0.716512
0.122519
-0.00964825
-0.641293
0.166195
0.00954932
0.127636
-0.4755
0.103993
-0.277704
0.15945
0.0910662
0.425734
-0.283926
-0.628514
-0.294883
0.337071
0.0686576
0.197123
-0.631687
-0.371874
-0.217327
-0.169642
0.265928
-0.221476
0.109464
-0.487669
0.838712
0.150784
0.385575
0.21071
0.44085
-0.0187755
-0.673808
-0.429452
0.00585488
0.242465
0.833983
-0.0652823
0.554676
0.329143
-0.312102
0.310821
0.592972
0.676285
1.31096
-0.754643
0.206138
0.630691
0.459021
-0.683423
-0.515282
-0.152029
-0.769889
-0.0393319
0.348248
0.0970971
0.362496
-0.50433
0.61734
0.720656
0.773345
-0.254929
0.511756
-0.465029
-0.305589
-0.115858
-0.44118
-0.0676418
-0.191784
-0.138618
0.52413
-0.0383575
0.365317
0.168277
0.2212
0.542871
-0.0788316
1.15618
-0.68607
0.145044
-0.429599
1.217
0.373575
0.222522
-0.0661008
0.0502618
0.636578
-0.157825
-0.162022
0.314514
-0.0235944
0.804258
-0.313573
-0.0210937
-0.230788
0.101527
0.230019
-0.621017
0.387428
0.195208
0.30568
1.0431
0.0910398
0.441934
-0.0103659
0.0159362
0.0606432
0.0636041
-0.467164
0.511928
0.00604466
-0.259762
0.0696663
-0.00712443
0.707683
-0.0155993
0.330643
0.429086
-1.13933
0.102936
-0.0536271
0.509279
-0.318297
-0.135708
0.208952
0.594726
1.22343
0.0745162
-0.756422
-1.05853
0.706209
-0.301538
0.174256
0.297612
0.534039
-0.672698
-0.0709005
0.0917618
-0.0873686
0.00267841
0.311137
-0.42575
-0.0657468
0.739839
-0.289126
0.801518
-0.114271
0.563979
0.521177
-0.488309
-0.503586
-0.538105
-0.875619
0.613702
-0.510091
-1.00263
-0.548286
0.415015
-0.0218348
-0.350142
-0.0538868
0.569415
0.0856997
0.0529005
-0.141575
-0.0591979
-0.246863
0.444738
-0.75888
-0.0106195
-0.12075
-0.0476211
0.329628
-0.0468626
-0.366274
-0.652053
-0.591236
-0.292232
-0.206865
0.530118
0.41846
-0.390963
0.578281
-1.27039
0.483183
0.418401
0.401386
0.824457
0.580605
-0.190455
-0.570802
-0.894279
-0.241977
-0.0381676
-0.312981
0.407639
-0.165971
-0.695013
-0.451515
-0.911456
-0.523214
0.386012
0.559845
-0.0546126
0.472856
-0.429506
0.187443
1.38805
0.213716
-0.0245713
0.737051
0.598476
-0.601477
-0.190649
-0.0422497
0.339991
-0.304653
0.505123
-0.254721
-0.622727
0.000184429
0.439918
-0.228542
0.791835
-0.453782
-0.852068
-0.47441
0.547892
0.219167
-0.373029
0.241109
0.839198
0.0287883
0.338845
-0.640738
0.124351
0.643119
-0.687514
-0.343123
-0.621632
-0.326471
0.117503
0.349578
-0.659756
-0.605102
-0.630064
0.334084
0.972161
-0.056543
-0.775206
-0.17124
0.124781
-0.232058
0.700283
-0.277483
-0.206719
-0.193934
-0.990427
0.163748
0.0461986
0.346362
0.094474
0.46961
0.201871
1.22452
-0.39541
-0.398108
0.149361
-0.0285891
-0.582554
0.358437
0.0989292
0.258495
-0.195071
-0.153266
-0.100283
0.371327
0.18495
-0.324922
-0.0161442
0.0413424
-0.038132
0.0346934
-0.0372528
-0.0106336
-0.142317
-0.286199
-0.775192
-0.296408
0.454486
-0.0939897
0.0378141
1.07497
-0.0724098
0.145106
-0.362454
-0.634189
0.0316007
0.40268
-0.450927
0.132069
0.0714964
-0.0392331
0.0838421
-0.00360232
0.621827
-0.0679582
-0.648447
-0.330756
0.322181
-0.00354768
0.00796639
0.0776301
0.22791
0.622426
0.549812
-0.0831024
-0.243078
0.68874
-0.0183371
-0.221477
-0.623855
0.773558
-0.130605
-0.321811
0.192275
-0.0522791
-0.573762
0.612842
0.378896
0.755001
0.810053
0.730931
1.38281
-0.106297
0.349824
0.518804
0.939703
-0.601884
0.542696
1.19886
0.0867075
0.951501
-0.640433
-0.173761
-0.126844
0.411101
0.612851
-0.738913
-0.329646
-0.548284
-0.00787955
0.301558
-0.450676
0.504289
0.0418522
-0.12273
0.103152
-0.59981
0.0941412
0.153448
0.252728
0.146064
0.35334
-0.327806
0.59555
-0.2929
0.148655
-0.0402503
0.206168
-0.0575303
-0.986244
-0.684781
-0.20401
0.357386
-0.176258
-0.46277
-0.744169
-0.206193
0.343473
-0.718416
-0.0169335
0.47248
-0.438757
-0.719062
-0.799013
0.479755
-0.423572
0.995724
-0.0268763
0.205479
0.313205
0.38353
-0.0618272
-0.243221
0.11492
-0.0652066
-0.117586
-0.124801
0.0290054
0.0409254
0.397749
0.691373
-0.1356
-0.620312
0.195104
-0.75862
-0.34736
-1.26595
0.317145
0.126805
-0.0189178
-0.261438
-0.133975
0.668659
-0.167808
-0.7043
-0.229526
-0.450168
0.500661
0.440187
-0.771255
-0.729376
0.276159
0.468071
0.0563921
-0.161073
-0.0466984
-0.174938
-0.292815
-0.285941
-0.181157
-0.479334
0.749421
-0.123727
0.540914
-0.470836
0.0422582
-0.696412
-0.171631
0.21037
-0.0100838
-0.414795
0.276024
-0.544865
1.02446
0.305589
0.60649
-0.659375
-0.132996
0.505289
-0.995749
0.103489
-0.867382
0.343253
0.174205
0.124565
-0.0875247
-0.000577457
-0.378147
0.84375
0.766276
-0.616274
-0.197514
0.262457
0.0225293
-0.754539
0.430432
-0.00309271
0.0425185
0.117115
0.100049
-0.427141
0.214033
-0.103538
0.54799
-0.14249
0.432163
0.0307781
0.507648
0.502868
-0.172493
0.0913651
-0.320225
-0.681417
-0.120737
0.5172
-0.36362
-0.598444
-0.37196
-0.00897579
0.576541
-0.125638
-0.460154
0.563587
0.38291
-0.424818
1.01935
-0.616973
0.381533
0.471155
0.594627
-0.485855
-0.0117873
-0.113649
0.344046
-0.320304
-1.53815
0.596684
0.00981142
-0.693713
-0.145109
0.714865
-0.636565
0.55453
0.00279039
0.031571
-0.260325
-0.589498
-0.607977
0.204204
0.142604
-0.474736
-1.09398
0.752717
-0.583634
-0.42193
0.345872
0.048382
-0.214061
-0.524549
-0.375534
0.14901
-0.709457
-0.0457883
-0.0510771
0.199098
0.162906
-0.429942
0.725106
-0.084172
0.68231
-0.44209
0.577119
-0.584275
-0.0759769
0.174762
-0.174557
0.458881
0.160464
0.43925
0.0876356
-1.01367
0.558376
0.144965
-0.799234
0.445683
0.478584
-0.697555
0.131002
-0.444076
-0.176878
-0.404344
-0.16953
0.940926
0.248397
-0.250493
0.281324
0.435065
-0.174166
-0.812279
1.53732
0.232897
0.152574
0.0666107
0.00637479
-0.405696
-1.07918
0.439532
-0.553067
0.861926
0.251227
0.496926
-0.329319
-0.186404
-0.264432
-0.123841
-0.335198
-0.418265
-0.367859
-0.155754
0.285461
0.0177669
0.462115
0.0300624
-0.55436
-0.37157
0.280185
-0.806278
-0.493126
-0.335372
0.384181
0.605057
0.316672
-0.556693
0.546546
-0.0738329
-0.191132
0.288891
0.382931
0.269872
-0.348852
-0.293592
-0.325307
0.858083
0.369778
-1.06353
0.220116
0.347822
0.594383
-0.0447114
0.424936
0.368898
-0.0121346
0.58843
0.601654
0.556635
-0.317048
0.330898
-0.785165
0.1993
-0.329841
-0.231592
-0.633741
0.0887597
-0.690744
0.294516
0.756111
-0.207374
-0.0503237
-0.169721
-0.076122
0.246613
0.220892
-0.389915
-0.53084
-0.907776
0.0234966
0.515895
0.511275
0.054303
-0.231065
0.0203242
-0.00301094
-0.492843
0.621676
-0.279107
-0.297738
0.361296
-0.199452
-0.764218
-0.354745
-0.485266
-0.474197
0.185312
0.072441
-0.681867
-0.437346
-0.438354
-0.321067
-0.0161173
-0.207073
0.217445
-0.849224
-0.32878
0.117059
-0.246354
0.0857989
0.115337
0.31264
-0.452638
-0.131715
0.920541
-0.232399
0.205778
0.275814
0.0882537
-1.17881
0.167893
0.161257
0.527019
0.373286
-0.348094
0.316512
0.40414
0.259375
1.4194
0.0967332
0.645632
-0.0365025
-0.0136346
-0.403232
-0.250996
-0.197275
0.0895043
-0.151475
-0.670516
0.222114
-0.103229
-0.0652879
-0.471913
0.338301
-0.518578
0.138249
0.122072
-0.368184
-0.694729
-0.291753
-0.536152
0.855541
0.673072
0.0903757
-0.491404
-0.173747
-0.544757
0.281012
0.329283
-0.113844
-0.162354
-0.823751
-0.143387
-0.345588
-0.862232
0.637121
-0.774403
0.47069
0.431536
-0.848407
1.40326
0.310235
0.0684873
-0.132991
-0.227225
0.558269
-0.254345
-0.080551
-0.959477
0.816313
0.243306
0.450189
-0.0146957
-0.116375
-0.0857142
0.201093
0.419144
0.00518512
0.338578
-0.362094
0.098463
-0.281831
-0.601655
-1.50566
0.440117
-0.119302
-0.443233
0.346094
0.0349565
-0.121753
0.134825
-0.909517
0.0376313
-0.406957
0.142586
0.163617
-0.758733
-0.314645
-0.158245
-0.166919
0.591283
-0.336646
0.456917
-0.297895
0.259317
-0.371741
0.280191
0.186422
-0.392091
0.70867
-0.00650299
0.124876
-0.190448
0.0966289
-0.217008
-0.148442
-0.0438893
0.15218
0.507903
-0.475087
-0.301521
0.190012
0.384535
0.242097
0.148679
-1.39916
0.605956
0.0183095
0.651426
-0.271699
0.0253629
-0.112067
0.542745
0.460462
-0.229896
-0.780986
-0.775556
-0.854728
-0.343297
-0.833625
-0.288733
-0.272916
-0.60239
0.0734568
-0.111918
0.25629
1.17511
0.646768
-0.555654
0.400286
-1.23091
-0.044057
0.316516
-0.46398
-0.553146
-0.920598
0.253707
-0.291546
0.0990374
-0.156764
-0.151764
0.144205
-0.0292806
0.311614
0.202682
0.485144
-0.839647
0.313445
1.231
0.450694
-0.821943
-0.0559413
0.122162
0.28288
-0.242363
-0.925091
0.51884
0.505973
0.194157
0.393222
-0.331431
-0.576097
0.136134
-0.0661205
-0.314689
-0.634787
0.327556
0.5451
0.464015
-0.0377713
0.12216
0.574202
0.497865
-0.335493
1.00174
-0.339421
-0.23452
0.0695134
0.329104
0.438357
-0.216941
-0.354122
0.310546
-1.37064
-0.842933
-0.716745
0.27413
0.24114
0.750848
-0.801917
0.545154
0.161536
0.582069
0.234689
1.0009
-0.446496
0.186198
0.395631
-0.943405
0.874738
0.234803
-0.596057
-0.018676
0.551041
0.0460594
0.190058
0.069575
-0.279926
-0.446957
-0.662666
0.32
0.34393
-0.317337
-0.209458
0.429089
-0.200905
0.651216
-0.611158
-0.368585
-0.164261
-0.503644
-0.378152
0.115112
0.107101
0.396453
0.285206
0.513784
-0.260819
0.76657
0.698153
0.0605581
-0.659848
-1.13343
0.252995
0.853825
0.585295
-0.59634
-0.198561
-0.0864813
0.431559
-0.234667
0.157811
0.0799512
1.06098
-0.0335016
-0.575913
0.699508
0.314985
-0.23515
-0.391376
0.918818
0.0287193
0.0515139
0.169542
-0.947537
-0.17917
0.427691
-0.634846
-0.236302
0.140376
-0.430542
0.34531
-0.475116
0.275194
-0.458182
0.0866296
0.713884
-0.490665
0.81492
-0.140094
-0.353615
0.247452
-0.043649
-0.773089
-0.570253
0.967005
-0.099048
0.0727054
0.456367
-0.560278
0.287618
1.01018
0.799542
-0.484244
-0.426068
-0.208007
-1.44392
1.17861
0.521623
-0.0247224
0.195442
-0.193593
-0.184571
-0.0937687
-0.109165
-0.464407
-0.831982
-0.236325
0.223879
1.16572
0.516986
-0.389796
-0.420145
1.25356
-0.251117
-0.186815
0.810215
0.510496
0.393951
0.231161
0.409126
0.21655
-0.624886
-0.448543
0.778814
-0.497443
-0.740633
0.681876
0.479851
0.641445
-0.105446
0.481385
-0.224755
-0.119417
0.798765
-0.0313679
-0.0295508
-1.19435
0.591457
1.071
-0.36229
0.152021
0.14588
-0.395566
-0.233237
-0.702535
0.0199986
-0.478136
-0.75674
0.386126
0.435852
-0.132678
0.279911
0.0405026
-0.956573
-0.392312
0.376993
0.932926
-0.235168
1.07281
0.203761
0.213791
-0.00945938
-1.14485
-0.0515138
0.0979061
-0.189443
0.00965396
-0.483574
-0.0998698
0.264045
-0.0718227
-0.326814
-0.580778
0.632611
-0.685875
0.0305423
0.16361
-0.517764
0.0564067
-0.53701
-0.293335
-0.0477415
0.232974
0.476984
0.108114
0.240652
-0.0114384
0.633869
-0.146793
-0.0846935
0.237343
0.287252
-0.929893
0.356839
0.928573
-0.0147573
-0.691217
0.969858
-0.181765
0.071687
-0.398524
-0.17446
-0.0300127
0.111396
-0.235357
0.0572368
0.649668
-0.667685
-0.607556
-0.473765
-0.552008
1.10211
0.246471
-0.311268
-0.0169989
-0.45656
0.408947
-0.495067
-0.491483
-0.373859
0.147891
-0.371895
0.694006
0.483364
0.683892
0.981281
-0.235084
-0.130401
0.0355463
0.655788
-0.0072993
-0.115554
0.539802
0.752527
-0.274114
0.755861
-0.0495625
0.242666
-0.753654
-0.879191
-0.762263
0.315336
0.586737
-0.0632625
0.196873
-0.721877
1.39545
-0.264112
0.152869
-0.261846
-0.278273
-0.189705
-0.218876
-0.126593
1.4489
0.865444
0.180467
-0.453612
0.134433
-0.278658
-1.10658
-0.283931
0.350896
0.0618937
-0.799872
-0.550826
-0.799995
0.275355
0.136112
0.722421
-0.143928
-0.415177
-0.27824
-0.486764
1.07448
0.25172
-0.159266
-0.361776
-0.270386
0.220503
0.336999
-0.2312
-0.0262263
-0.41153
0.2091
0.224652
-0.635615
0.258359
-0.384419
-0.485985
-0.751928
-0.0947836
0.0330816
0.98047
0.96022
0.214501
0.490941
0.169473
-0.0713424
0.592208
0.441551
-0.00571917
-0.268271
-0.308441
-0.0788798
1.25758
-0.014689
-0.0752088
0.0620869
0.318285
-0.317217
0.875629
-0.772273
0.0461295
0.297693
0.591536
-0.469931
-0.312742
-0.168521
-0.282342
-0.194119
0.0599962
-0.38047
-0.817496
-0.269371
-0.890884
-0.0589462
-0.633611
0.747834
-0.265192
0.308796
0.304855
-0.87731
0.0800593
-0.129362
-0.317186
0.14028
-0.364727
-0.782878
-0.249777
-0.342746
-0.52563
-0.0825413
-0.862619
0.465966
0.410185
0.0669522
-0.209396
0.742005
-0.981363
-0.389883
0.526341
0.0180028
-1.33367
-0.324163
-0.227624
0.843368
-0.410586
-0.373402
-0.243036
0.723123
0.108681
0.332416
0.0699791
0.68279
-0.485983
-0.2547
-0.438636
-1.0836
-0.579176
-0.0674942
0.109531
-0.210707
0.57672
-0.230732
0.212917
-0.862817
0.479522
0.425908
0.356534
0.0428866
0.199705
-0.175991
-0.381113
0.767363
-0.137759
0.20473
-0.797438
-0.276704
0.241703
-0.787019
-1.17061
-0.140503
-0.664543
1.08541
-0.579212
0.499736
-0.561755
0.0553633
-0.0637741
-0.40481
0.480352
-0.164292
-0.0113429
0.22531
0.505547
0.505304
0.0593176
0.26068
-0.00344069
0.0714423
-0.523202
-0.53979
-0.123546
-0.227785
-0.569335
-0.117172
0.253168
0.589251
-0.0579142
0.640283
0.278652
-0.64128
-0.420577
-0.282313
0.0266724
0.264084
0.335061
-0.892441
-0.758083
0.331097
0.563636
-0.843504
-0.806928
-0.0786862
-0.680256
0.179721
0.279729
0.84256
0.499438
-0.0390365
-1.05349
-0.847755
0.666332
-0.0607517
-0.202325
-0.695903
0.267532
-0.609015
-0.280087
-0.310896
0.142399
-0.335136
-0.08522
0.982281
0.15111
0.258775
-0.0390314
0.265688
0.18893
-0.39551
0.209617
0.170134
0.0899413
0.20153
0.0220476
-0.115792
0.587898
-0.783174
-0.818368
-0.400136
0.316724
-0.0905476
0.388083
0.567419
1.11947
-0.12885
-0.106686
0.2075
0.408322
-0.380399
0.294508
-0.659119
-0.308869
-0.52365
-0.466772
-0.58167
-0.599827
-0.110031
0.720818
-1.03411
-0.383834
-0.0644952
-0.129447
0.607204
-0.946726
0.404753
0.25881
-0.378266
0.869118
0.344186
0.562564
0.561799
-0.0712623
0.216253
0.897602
0.437842
-0.764186
0.235539
0.118892
0.409022
-0.0153036
-0.182338
-0.395816
-0.158586
0.14543
0.136313
0.229826
-0.476473
0.448822
-1.10951
-0.0088404
0.339391
-0.181065
-0.0861139
0.756537
1.00161
-0.152441
-0.462614
0.466137
0.379914
0.659474
0.909434
0.827786
0.446251
0.647222
0.532396
-0.00648172
-0.035978
-0.525733
-0.136887
-0.116502
0.640828
0.337489
-0.213725
0.397286
-0.623842
0.0923663
-0.312052
0.379215
0.255334
-0.0170261
0.340948
0.0121044
0.201567
-0.139125
-0.183602
-0.531627
0.0219607
1.03257
0.06252
0.303925
0.48379
-0.530873
-0.339842
0.193525
0.129302
0.219214
-0.0132507
-0.278426
0.33377
0.161172
-0.261729
-0.217403
0.0371799
0.930762
-0.0825396
0.674234
0.179932
-0.0738728
-0.480001
1.15503
0.625146
0.657211
-0.485701
0.703985
-0.239251
-0.412142
0.0641544
0.352958
-0.23144
-0.472747
-0.691147
-0.823853
0.192318
0.555624
0.704241
0.169447
0.205122
1.38215
0.788884
0.889133
0.593565
-0.501529
-0.103859
0.42832
0.193876
0.396689
0.269148
0.18793
0.420136
0.0970753
0.00111182
-0.141386
0.618683
0.113496
-0.890237
0.12147
0.16548
0.255984
0.261177
-0.14374
0.239685
0.709277
0.0411336
0.277783
0.565119
-0.155794
0.254694
0.0782061
0.172244
-0.693437
-0.117892
-0.536147
-0.606724
-0.670799
0.298705
0.561786
-0.141653
0.448575
0.184507
-0.000834733
-0.310691
-0.732907
-0.471173
0.204605
0.141218
-0.141049
-0.0403308
0.0313028
0.192578
-0.727849
0.0737857
0.0949416
0.0220471
-0.178101
-0.125651
-0.461158
0.619883
-0.0877955
0.0272776
0.0162994
-0.376061
-0.297258
-0.176484
0.869657
0.418223
-0.148252
-0.792829
-0.229387
1.17412
0.233453
-0.670211
-0.0689481
1.37715
0.544143
0.517056
-1.38266
0.109177
0.274442
0.152732
0.339017
0.62782
0.277307
-0.204193
-0.155932
0.560879
0.137226
-0.634824
0.62139
-0.0565465
0.746924
-0.0252398
-0.200701
-0.308208
-0.650015
0.538062
-0.17694
0.211726
0.945996
0.0291618
0.60498
-0.126388
-0.777447
0.283114
-0.313064
0.290369
-0.218516
-0.274359
-0.451392
1.07423
1.40583
-0.792934
0.982188
-0.28944
-0.684681
0.0848218
-1.3305
0.633086
-0.167278
0.542762
0.40084
-0.054751
-0.377832
-0.698494
-0.119486
0.0620755
-0.0103441
0.74173
-0.459157
-0.870773
-0.399558
-0.744275
-0.485598
0.375201
-0.702109
0.871861
-0.285561
0.568163
-0.398116
-0.32894
0.0193241
0.0838789
0.628001
0.00446052
-0.836793
-0.711284
0.29787
0.381795
-0.611722
0.359602
-0.0965687
-0.27472
0.500696
0.221068
-0.299733
0.541232
0.922785
-0.566177
0.0699589
0.220361
-0.278852
0.221286
-0.262032
0.305861
-0.725828
0.0402881
-0.489689
0.458377
0.315531
-0.156501
-0.495164
-1.23469
-0.141853
0.0508448
-0.781383
0.127904
-0.893825
0.380796
0.46297
0.137333
0.180126
0.0985874
-0.136336
-0.529023
-0.839007
-0.251321
0.650796
-0.472989
0.0287571
0.381113
1.10262
0.28799
0.762585
0.714192
0.264148
-0.280098
0.464851
0.00552477
0.0903629
0.00397297
-0.479297
0.134539
-0.521272
-0.963058
0.32654
0.666442
0.331404
0.766891
0.381615
0.157193
-0.564485
-0.788049
0.690759
-0.100779
0.274087
-0.27027
-0.429517
1.08985
0.707426
-0.427808
-0.945972
0.418265
0.443059
-0.245891
0.484118
0.0388133
-0.462231
0.175682
0.140546
0.278818
0.107726
-0.532678
0.248087
0.2361
-0.393994
0.478767
-0.154104
-0.742611
0.0443281
-0.170835
-1.1406
-0.540534
0.141894
1.02203
0.183913
0.461528
-0.0492597
0.448674
-0.633261
0.267688
-0.125873
-0.106478
-0.161664
0.897022
0.0368239
-0.169426
0.147051
0.160165
-0.519257
-0.460891
0.228753
-0.372318
-0.680106
0.449875
0.7832
-0.644216
0.359823
0.569561
-0.826157
1.02553
0.964121
-0.923734
0.777356
-0.410527
0.0627485
-0.0161798
-0.648598
-0.121274
0.0828381
-0.286048
0.0389109
0.0779676
-0.232827
0.47899
-0.734924
0.164441
1.0157
0.246078
-0.354459
-0.788365
-0.313012
0.411069
0.0291897
1.18689
0.35132
0.0120531
0.36382
0.294691
-0.425453
0.113
-0.89271
0.38428
-0.583472
-0.287465
0.30016
-0.0620803
-0.642752
-0.226227
-0.0334064
-0.0441956
-0.579683
-0.335609
-0.30094
-0.395403
0.375087
0.409689
0.314923
0.455426
0.100089
0.921177
-0.483619
0.0951202
-0.70155
-0.272831
-0.547806
0.377107
0.436171
0.170912
0.039018
0.58779
-0.262104
-0.322094
0.0629336
0.814487
0.379799
-0.303694
-0.0817036
-0.322146
0.341027
-0.246382
-0.748827
-0.561767
-0.726427
0.0227057
0.00569226
0.208571
0.296297
-0.361645
0.445497
-0.413973
0.728136
0.706446
1.12326
1.08179
-0.15869
0.0690031
0.118159
-0.586274
0.271721
0.0223219
-1.35422
-0.0838558
0.47092
-0.0402451
0.0962791
-0.841858
-0.143629
0.349362
0.0198388
-0.384872
-0.458005
0.343576
-0.436999
0.169382
0.426993
0.784644
0.321198
0.0310966
-0.721027
0.206574
-0.460866
0.170513
0.141863
-0.508505
-0.231371
-0.24906
-0.406882
-0.274923
0.730204
-0.1568
-0.379665
0.43058
0.107533
0.187694
-0.519109
0.166772
0.612064
-0.147389
0.714248
0.094034
0.796917
-0.520911
-0.458841
-0.208604
0.286092
0.262443
0.19165
-0.548965
-1.27892
-0.268504
0.0918956
-1.17855
0.944268
-0.643358
0.70651
0.0631164
0.336895
-0.751344
0.399677
0.367499
-0.344781
0.42968
-0.766341
0.312689
-0.302187
0.221346
1.16889
-0.167371
0.134617
0.222105
-0.0687174
-0.0161017
-0.854719
0.023315
0.240491
-0.0156795
0.712357
0.0242633
-0.476281
1.15219
-1.0155
-0.605679
-0.24877
0.206097
-0.25888
0.17388
1.21969
0.817263
-0.256865
-0.288395
-0.47178
-0.0607226
0.128312
0.898844
0.03722
0.600191
0.318925
0.808433
-0.411315
-1.01404
0.9804
0.590201
-1.10366
-0.201511
0.531928
-0.765116
-0.746042
0.53055
-0.35759
-0.665173
1.09778
-0.194464
-0.36162
0.816092
-0.371405
-0.355967
0.904004
-0.0516591
-1.40791
-0.847561
0.403279
-0.114953
-0.0559397
0.0407836
-0.305196
0.360307
0.778657
0.532354
1.39007
-0.531996
0.688701
0.552109
0.208089
0.370076
0.87927
0.0130625
-0.138255
0.0191988
0.272745
0.144253
0.0511609
-0.941139
0.211503
0.461625
-0.448471
-0.051278
0.0294906
0.0558518
-0.0978514
-0.495957
-0.0293337
0.224723
-0.135492
-0.484993
0.586072
0.0320293
-0.755549
0.272925
-0.207779
-0.495746
-0.134139
1.05517
0.1357
-0.107976
0.597105
0.183496
0.483257
-0.0373536
-0.259621
-0.0898176
0.661299
-0.537308
0.401909
-0.358952
0.703531
-0.0761308
0.507883
-0.517731
0.730214
-1.15196
0.138294
-1.19056
-0.497748
-0.0825959
-0.194016
-0.0454844
0.0212121
0.50101
-0.0900241
0.284213
-0.0961286
-0.490031
-0.511799
-0.861584
0.276965
-0.33204
-0.244438
0.925614
-1.01551
0.194135
0.057278
0.493939
-0.288346
0.897555
0.552565
-0.567253
0.427925
-0.138833
0.329019
-0.432813
0.829597
-0.436443
-0.129486
0.5657
-0.389006
0.466375
-0.146923
0.0325319
0.10385
0.725972
-0.456441
-0.249909
-0.205651
-0.222361
-0.255006
0.727408
0.0796366
-0.225012
-0.197925
0.655847
-0.014427
-0.261595
-0.531443
-0.00258244
0.293958
-0.73848
0.0889527
-1.20089
0.803174
0.683623
-0.142602
-0.0516986
-0.365122
0.18299
0.467877
-0.250441
-0.362112
-1.02415
0.349976
0.0901927
0.98725
-0.0579589
-0.72403
-0.720955
-1.08581
0.419307
-1.17991
0.0982229
-0.00949992
-0.837546
-0.380394
0.00587782
0.73953
0.546588
0.196644
-0.0810061
0.37494
0.651494
-0.274171
0.130803
-0.33475
0.663989
-0.614425
0.507747
-0.336758
-0.691364
0.310944
-1.09722
-0.171078
0.867375
-0.845264
-0.158375
-0.643799
-0.0662062
-0.495126
0.076388
-0.00903986
0.962418
0.404605
0.293541
1.16829
-0.173809
0.719681
0.0610652
0.0509739
-0.360733
0.0283069
0.220515
0.0442924
-0.459336
0.491809
-0.462586
-0.162504
-0.25614
0.375454
-0.178593
-0.90236
-0.110899
-0.611949
0.338201
-0.273661
0.573139
0.45424
0.341305
-0.820363
-0.365032
0.71901
0.0570931
-0.146728
-0.0669649
-0.164359
-0.317436
-0.467839
0.531407
0.0804894
-0.566796
0.333945
-0.0920114
-0.155613
0.051999
-0.227255
-0.694201
-0.214291
-0.22451
-0.73179
0.295749
-0.101298
-0.559712
0.275576
0.417389
-0.313279
-0.0868159
0.100329
0.520643
0.998496
-0.509136
0.491115
-0.107058
0.520956
-0.501008
-0.657844
0.77752
0.120292
0.149323
-0.73949
-1.22168
-0.276935
0.443408
-0.719195
0.110867
0.268255
-0.274303
0.779197
-0.673795
0.521892
1.10783
0.171968
0.65342
-0.10527
0.123361
-0.0353705
0.27419
0.0995277
0.576253
-0.835452
0.0720833
0.772435
0.240272
-0.507119
-0.404009
-0.822
-0.366124
0.469495
-0.563688
-0.921173
-0.871896
-0.241257
-0.716888
0.668935
-0.955433
-0.874146
-0.640012
-0.584435
0.262625
0.201036
-0.638129
-0.694417
-0.119145
0.470361
0.57934
0.801261
0.0861361
0.403378
0.141818
0.581983
-0.478375
-0.244709
0.586175
-0.0428101
-0.211715
-0.470594
0.116844
-0.0620263
-0.847797
0.566206
-0.0639642
0.0929816
0.619063
-0.26321
0.160546
0.33986
0.901077
0.45437
-0.226127
-0.30512
0.331792
1.00097
-0.40902
-0.35398
-0.00485227
0.194822
0.0310224
-0.213152
-0.279918
0.787207
0.246431
0.52095
0.750087
-0.0563135
0.454818
0.181975
0.31345
-0.215117
-0.260699
-0.714408
-0.292913
0.0287834
-0.72725
0.18114
-0.615946
-0.0862147
-0.518729
0.742131
0.701413
0.121071
0.619432
-0.186146
0.405227
-0.448242
0.0293198
0.137941
0.261129
-0.749964
-0.602476
0.451391
0.137849
-0.159234
0.00423132
0.0155618
-0.528121
0.547572
-0.169998
0.354553
0.203719
0.555048
-0.481313
-0.324856
0.14042
0.0971533
-0.0434058
-0.38615
-0.366137
1.27511
0.304384
0.196316
0.285299
-0.638336
0.159648
0.209285
-0.27922
-0.286522
0.188472
-0.323534
0.342384
-0.14153
0.045857
-0.118137
0.406895
-0.0638333
0.280436
0.831168
-0.840685
0.177016
0.941871
-0.263709
-0.0553895
-0.499807
-0.636764
-0.551484
0.159982
-0.871106
-0.492594
-0.481653
0.577589
0.0203411
-0.0936477
-0.11215
-0.362452
-0.194013
-0.189584
0.247137
0.773458
-0.740267
-0.0636351
0.0855192
-0.0185628
0.090242
0.174004
-0.132826
-0.213479
0.596891
-0.390806
-0.901088
0.383075
0.340445
0.716987
0.44572
0.266723
-0.31785
-0.402762
0.803715
-0.187734
0.315603
0.290028
0.427051
-0.286862
0.291105
-0.247787
-0.408833
0.27061
-0.643597
-0.229724
-0.241234
-0.733615
-0.155907
0.836402
-0.901623
0.32039
-0.236813
-0.452574
-0.507767
-0.25699
0.406926
-0.42975
0.456768
-0.469163
-0.323985
-0.582709
0.074478
0.000363855
0.284603
-0.220181
-0.765515
0.538839
0.74255
0.586162
-0.453031
0.199874
-0.368792
0.198968
0.126903
0.119399
0.145764
0.217693
0.409377
-0.54763
0.10125
-1.12207
0.634706
-0.113066
-0.722238
-0.158887
-0.252343
-0.52185
-0.10977
0.0587156
-0.0415424
-0.872443
0.944852
-0.181413
0.432361
0.932574
0.15177
-0.0139806
-0.829462
-0.524671
0.0407392
1.02622
-0.196994
0.592605
-0.380427
0.321781
0.0876919
-1.28916
0.307372
0.0168478
0.045669
0.22648
0.431144
0.204591
-0.957978
-0.620636
-0.608941
0.0997407
-0.417985
0.612745
-0.163991
-0.589112
0.0755482
-0.0902579
1.01886
0.944603
-0.0785794
0.0314622
-0.69859
0.575718
-0.578387
0.498904
-0.0774516
0.666571
-0.0978194
-0.953434
-0.114697
-0.442528
-0.0282956
-0.464126
-0.230417
0.34643
0.325711
0.0196
0.0950745
-0.770764
-0.329378
-1.13635
-0.336343
-0.557194
0.444388
1.08773
0.413043
0.0408552
0.867159
-0.197228
0.0352218
-0.958015
0.296475
-0.196305
0.22175
0.0128138
0.293538
-0.612301
-0.307684
-0.292973
0.391368
-0.449712
0.688502
-0.719446
0.0722418
-0.0395784
0.41787
-0.476101
0.312496
0.349658
0.691828
0.5992
0.591147
-0.268647
0.322368
0.60139
0.610638
0.165318
0.264058
-0.373877
0.61152
-0.0971845
-0.457324
-0.487579
0.311418
0.107884
0.105568
-0.420181
-0.673502
-0.297569
-0.795295
0.666833
-0.369354
-0.0130646
0.470788
-1.00246
-0.942888
1.15096
-0.144773
0.619467
0.00777046
-0.529391
-0.330803
0.113764
-0.666724
-1.06629
0.616155
0.499026
-0.344456
0.439708
0.18857
0.237274
0.5025
-0.206412
-0.318566
-1.02835
0.674488
-0.0127096
-0.84393
0.0124477
-0.407451
-0.518595
-0.973688
0.39661
0.149503
0.326318
0.267176
-0.399775
-0.174157
0.181468
0.260705
0.659016
0.312649
-0.0308913
-0.475672
0.311199
0.507839
-0.667642
-0.164479
0.644081
-0.0875023
-0.50462
0.433199
-0.774038
0.469851
-0.511863
-0.655731
-0.702058
-0.73091
-0.26488
-0.122266
0.642896
-1.00094
0.842933
0.0646714
-0.382381
-0.233661
0.131666
0.600561
0.359422
0.618536
-0.421289
0.711101
0.126836
-0.419896
-0.650439
0.365527
1.43731
0.272188
-0.0330961
0.394016
-0.532088
-0.130192
-0.585044
0.498257
0.0148447
-0.0521724
0.148139
-0.687028
-0.553342
0.486392
-0.0260954
0.751205
0.501014
-0.00243463
0.0750058
-0.068518
0.289055
0.0245301
0.741926
1.02765
0.0029396
-0.619791
-0.0051633
0.533727
-0.178722
-0.931523
-0.0845605
0.00107242
-0.296699
0.0624008
0.0566611
-0.271547
0.207444
-0.127776
-0.158104
0.286047
0.0489836
0.131817
-0.166677
0.0368686
0.631401
-0.517452
0.0754293
-0.124773
-0.776153
0.711516
-0.420421
-0.516404
-0.281501
-0.0184903
1.06697
-0.349848
-0.981495
0.544383
0.916433
-0.812783
-0.190735
-0.978825
0.0792454
-0.162513
-0.928584
0.0610695
0.0142365
0.142167
-0.0217314
-0.0558505
0.423235
-0.252372
0.219335
-0.250835
0.127354
-0.644463
-0.141744
1.13664
-1.02381
-0.969409
0.397657
0.166783
-1.16789
-0.00165537
-0.420717
0.591536
-0.0705629
-0.468386
0.149608
0.109952
-0.262688
-0.241363
0.0444604
0.242235
-0.26725
-0.775118
-0.0728104
-0.250694
-0.382203
0.17539
-0.513795
0.14532
-0.299256
0.017948
-0.679942
0.924735
0.520676
0.404283
-0.969679
-0.232998
-0.381209
-0.56613
0.73374
-0.341733
0.0781086
-0.341459
0.86449
0.437181
-0.898812
-0.0105013
-0.161427
-0.581435
-0.485388
0.0104119
0.0883297
0.327602
0.130913
0.805778
-0.0140634
0.247451
-0.0136982
-0.243072
-0.453704
-0.0831285
0.262292
-0.828004
-0.108529
-0.0788097
-0.309598
-0.651013
0.31359
0.518027
0.487093
-0.220561
-0.728417
-0.0132964
0.0379455
-0.635703
0.256554
0.0506474
0.392572
0.168505
0.612271
-0.380423
-0.270548
0.424814
-0.231491
0.0318808
-0.742033
0.31558
0.367965
0.59679
-0.0392508
0.433646
-0.30753
-0.939042
0.153811
-0.446727
0.234789
-0.317201
0.0407969
0.51569
-0.367226
0.716413
-0.38338
0.644172
0.449821
-0.693546
-0.457339
0.502251
-0.378845
-0.373135
-0.701578
0.0823091
0.327306
-0.173741
0.580826
0.108907
-0.308857
0.248267
-0.550635
-0.402629
0.463453
0.357096
-0.753196
-0.57784
0.533543
-0.156073
-1.29269
-0.614744
0.417875
-0.0287683
-0.213266
0.131989
-0.559196
-0.503916
-0.341711
0.696766
0.520082
1.14327
0.985413
0.0651982
1.43054
0.223071
-0.50041
0.00313153
-0.376238
0.264913
0.354068
-0.704627
0.852489
-0.528502
-0.157647
0.429116
0.13802
0.332619
0.426554
-0.393323
-0.060734
0.0158468
-0.282865
-0.986501
0.0455006
0.0661003
-0.0593124
0.463213
1.39944
0.711525
-1.67993
-0.609626
0.48788
0.0265982
-0.719046
-0.872249
-0.843416
-0.458791
0.384842
1.12596
0.416821
0.766884
-0.478837
0.103011
0.0071618
-0.164603
-0.318
-0.280267
-1.1695
0.619898
-0.0615683
0.0985673
0.19998
-0.120893
-0.343433
-0.231122
-0.908829
-0.0481629
-0.0698543
-0.991697
0.785941
0.384368
0.0287824
0.749119
0.161814
0.700985
-0.972139
-0.245148
-0.756057
0.0442268
-0.109823
-0.506268
-0.645212
0.582004
0.818931
-0.514317
-1.33026
0.532379
-0.19218
-0.994632
0.225835
0.0881436
-0.239855
0.178502
-0.254345
-0.0544195
-0.0571536
0.198254
-0.112547
-0.102183
0.0400435
-0.495591
-0.200182
0.094843
0.998868
0.0689005
0.662994
-0.56898
0.624783
-0.102655
0.16189
-0.618781
0.168187
0.528521
-0.948747
0.0968782
1.08427
-0.4156
0.749476
-0.15246
-0.360851
-0.170433
-0.409337
-0.101083
-0.757849
0.703833
-0.141519
-0.0244379
-0.552106
-0.625605
0.140874
-0.353184
-0.161175
-0.142923
0.0342124
-0.407677
0.976308
-0.178767
-0.185519
0.288457
-0.390139
-0.0180147
0.18894
0.656969
-1.59785
-0.243679
-0.029616
0.135679
-0.153149
-0.469336
0.588458
-0.00816585
-0.363027
0.455531
0.852707
0.0967469
-0.249534
0.31147
0.391355
-0.305388
0.355836
-0.170262
0.427561
0.594697
0.623152
0.452251
0.00468536
-0.0240091
0.536629
0.119568
0.829049
0.044332
-0.490095
-0.219305
-0.453896
-0.187114
-0.0852225
-0.448087
-0.00360945
-0.543941
0.116042
-0.347751
-0.235986
-0.575542
0.6856
-0.235333
0.0109911
0.562585
-0.60159
-0.0314797
-0.272359
-0.0904718
1.22145
-0.323312
0.985346
0.0671108
-1.03147
-0.250816
0.375015
0.550807
0.691056
-0.586969
0.988273
-0.798547
0.503482
0.146224
0.15237
-0.44123
0.305254
-0.19496
1.20443
-0.21733
0.554775
0.327914
-0.360746
0.343139
0.395952
-0.553835
0.258884
0.603717
-0.143066
0.102529
0.449188
0.0692671
0.206173
0.615206
-0.236421
0.178538
0.758809
0.167127
0.0217124
-0.270202
0.614938
0.232133
0.345288
-0.0111149
-0.621184
-0.108421
0.484829
1.06759
0.215239
-0.160218
-0.34989
0.00377469
-0.126535
-0.302859
-0.160558
0.477958
-0.527677
0.37585
0.303006
-0.183871
-0.0842911
0.786849
0.230746
0.497347
0.0252127
-0.0895445
-0.300296
-1.14309
-0.339236
-0.0308962
0.641024
0.481288
-0.0839171
-0.179582
0.199458
0.208275
-0.616804
0.0591891
-0.198995
0.530543
1.04787
0.251871
-0.91551
-0.895479
0.929354
0.517778
0.145846
-0.459416
-0.12307
0.457594
0.157128
-0.553102
0.68028
-0.0925941
-0.401358
-0.467004
0.400141
0.11371
0.400713
-0.416461
0.204736
-0.0341571
0.447699
-0.300818
0.428664
-1.25179
0.516134
-0.728765
-0.389171
0.620714
-0.362423
-0.255051
0.796414
0.942135
1.03274
-0.593646
0.103453
0.799345
-0.104159
-1.26167
0.141288
0.376882
-0.17217
0.0887177
0.456549
-0.0627678
0.206729
0.0202121
-0.149987
-0.200075
0.224609
-0.591876
-0.383904
0.115922
-0.593389
0.17286
0.0295984
-0.41912
-0.537603
-0.433148
0.314364
0.520078
-0.662166
0.445024
0.508666
-0.698093
-0.33017
-1.05793
0.0189077
-0.100577
0.567403
0.809936
0.295696
-0.220271
0.651183
-0.00893831
0.0459485
-0.671997
0.569992
-0.226769
0.0426904
0.937933
-1.61117
-0.332998
-0.157031
0.24113
-0.0685746
-0.5955
0.00291039
0.554206
0.566615
-0.677452
0.484816
-0.232783
0.117497
0.947445
0.276943
0.569055
0.11507
-0.702191
-0.359134
0.103094
-0.723882
1.05042
-0.0355289
0.0174859
0.436827
0.216985
-1.66611
-0.548823
-0.243678
0.283514
-0.138077
0.315373
-0.0765237
0.662822
-0.0664165
0.547456
-1.64367
-0.333626
-0.135415
0.00459975
1.05514
-0.220584
0.169345
0.338417
0.0325141
0.666472
-0.722738
0.396542
0.842009
0.815185
0.223139
0.441776
0.759622
-0.455867
-0.269941
-0.702245
0.805424
-0.313925
0.182351
-0.236608
0.153805
-0.349268
-0.0926463
0.639919
-0.385352
0.496464
0.022343
0.0544214
0.79795
-0.131607
0.300886
-0.248826
-0.30283
0.585229
-0.227868
-0.199354
-0.11171
0.220782
1.05171
-0.498578
0.349291
-0.178442
0.0870671
-0.487117
-0.132389
-0.0330874
0.543674
0.572633
0.414599
0.101926
0.128472
-0.259646
0.410748
-0.0780259
-0.250392
-1.11631
-0.377073
-0.232067
1.25535
-0.293307
-0.0957653
0.835181
-0.361932
0.581479
-0.0473039
0.0316671
-0.618951
0.435077
0.280519
0.562034
0.378634
0.502487
-0.283885
-0.153521
-0.0786004
-0.565396
0.228222
0.350284
0.116054
0.166617
-0.407246
0.367312
0.322726
-0.278064
-0.520602
0.21556
0.395698
0.192909
-0.0574119
0.253856
-0.240471
-0.323826
-0.462846
0.502818
0.340924
-0.594001
-0.0141419
-1.49482
0.207527
-0.799143
0.273982
-0.041089
-0.930637
-0.641994
0.24746
-0.139692
0.166732
0.676091
0.392075
-0.288259
-1.16021
-0.5253
0.0898333
0.470275
0.394435
-0.413995
0.190459
-0.33368
0.170174
-0.0595462
0.579159
0.057259
-0.131801
-0.447258
0.097223
-0.696925
-1.56839
0.71091
0.13883
0.128298
0.0631823
-0.944405
-0.251187
-0.553699
-0.109751
0.255855
0.132001
-0.491714
-0.163517
0.440984
-0.474155
-0.168137
0.856478
0.135364
-0.567693
0.0910555
-0.481694
-0.121602
-0.739466
0.348467
0.189369
0.475698
1.50851
-0.21951
0.239863
0.552637
0.153112
0.44715
0.0498439
-0.168535
-0.0207426
-0.024408
1.00815
-0.0316313
0.0630273
0.596635
0.0886068
0.345244
0.0748933
0.102617
-0.490937
-0.129532
-0.356649
0.429734
0.773494
1.20152
-0.594554
-0.181976
-0.261239
-0.424661
0.300299
-0.291158
0.201767
0.945494
-0.0447227
0.718125
0.517207
-0.144819
-0.444084
0.872421
0.37801
-0.326262
0.480104
-0.706495
0.31875
-0.7154
0.423457
-0.57146
0.16763
1.0318
-0.592624
0.102714
0.537143
-0.616822
-0.00118576
0.174129
-0.114959
0.554295
-0.351702
0.35012
0.299938
-0.0122714
0.237592
0.938983
0.600615
-0.226485
0.229936
-0.301225
-0.0880496
0.379206
0.410225
-0.794716
0.122975
-0.558052
-0.18863
0.0178808
0.154028
0.533878
-0.0677201
0.270732
-0.547137
0.245366
0.701391
0.287687
-0.303957
-1.22435
-0.103209
-0.116719
0.999805
-0.146239
0.182604
-0.560382
0.209441
-0.568556
-0.468752
0.249017
-0.344885
-1.24998
-0.292294
-0.57171
-0.300221
0.654903
-1.60003
-0.719688
0.332967
-0.617797
-0.654786
-0.954872
0.237124
-0.450312
-0.488069
0.544446
-0.32589
0.414162
0.0273165
0.638197
0.600406
-0.468801
-0.299957
0.496096
-0.30637
0.0529857
0.748965
-0.392697
-0.149312
0.411926
0.00170348
0.480724
-0.452839
0.229267
-0.515255
-0.894128
-0.0728215
-0.147439
0.31306
1.18315
0.643085
-0.547216
-0.166355
0.493241
0.0166892
0.339412
0.00877996
0.276654
-0.928311
0.819951
0.43324
0.121408
0.374433
0.863724
0.089079
0.430599
0.377817
-0.564399
-0.242648
-0.179911
-0.0731618
0.0718284
-0.928245
-0.143946
0.174315
-1.19102
-0.533899
0.562558
-0.105145
0.314579
0.0709311
-0.0696102
0.00597762
0.58495
0.052499
-0.549532
0.60658
0.314384
-0.3327
-0.371141
1.08354
-0.152918
0.68102
-0.23969
-0.138294
0.923904
-0.398194
0.223773
-0.139995
-0.454208
0.0386119
0.703018
-0.984359
0.879292
-0.592941
0.178124
-0.250278
0.381061
0.550912
0.0399111
-0.756202
0.01898
0.305289
0.161876
0.138173
-0.103122
0.275682
0.000276789
0.129859
0.236587
0.340655
0.0816588
0.205295
0.826559
1.16691
-0.345093
0.451373
-0.335925
-0.480125
0.0611739
-0.135045
-0.0431521
-0.0710697
0.645081
0.298719
-0.248488
0.0646501
1.14813
-0.20286
0.670387
-0.438739
0.607866
-0.0048558
-1.12004
-0.797253
0.900247
-0.790708
-0.264993
-0.530856
-0.479131
-0.159921
-0.933094
-0.909455
0.238389
-0.0827875
-0.562573
0.26234
0.162559
0.293616
-0.213854
-0.581911
0.164213
-0.122068
-0.319192
0.0515516
-0.431073
-1.00453
0.434619
0.26875
0.319131
0.157778
-0.372901
-0.623461
-0.527353
-0.3345
-0.37681
-0.547647
-0.408625
-0.748288
-0.0893795
-1.18617
0.264531
0.701193
-0.215758
0.262305
0.243357
-0.889788
0.63143
-0.113097
0.609432
-0.239779
1.33802
-0.348192
1.04449
1.01188
0.760362
0.104763
-0.449521
-0.529613
0.252797
0.0434397
-0.259258
0.128194
0.185333
-0.605064
-0.923008
0.0174065
0.601443
-0.179655
-0.00683526
-0.472953
0.236355
-0.315873
0.0807841
-0.299024
0.696083
0.662877
-0.847243
0.482707
0.487962
-0.777493
-1.07123
-0.0712768
0.170592
-0.359756
-1.16035
0.561487
0.527895
-0.165753
0.0285666
0.522582
0.27653
0.148318
0.157277
-0.0806259
-0.348819
-0.232015
-0.0682703
0.734483
-0.44292
0.559737
0.0119067
0.0259833
-0.901735
0.712702
-1.4201
0.89693
-0.560816
-0.483456
0.195819
-0.157323
1.33795
0.214957
-0.0457433
-0.381297
-0.206414
-0.462801
0.55158
0.466424
0.465703
1.12839
0.218764
0.0982341
0.217519
0.0950533
-0.461814
0.383191
0.740485
0.660429
-0.440908
-0.258157
0.374526
-0.545858
0.100655
0.594355
0.461997
-0.0579155
0.387419
0.704751
0.649902
0.406516
-0.849398
0.481128
0.242263
0.381417
0.153714
0.0100641
0.0670747
-0.132754
0.293379
-0.691746
-0.638528
-0.682737
0.0346638
-0.426554
0.094886
-0.456342
0.505753
0.222161
0.102786
-0.589397
-0.0698071
0.301565
0.498158
0.216009
0.154732
-0.517686
0.0507283
0.403143
0.741908
-0.681356
-0.582816
-0.679482
-0.158896
-0.372385
-0.68685
0.812212
-0.219644
-0.00904547
0.550887
-0.189534
-0.115469
-0.452145
0.167277
0.142214
0.227805
1.12454
0.327366
-0.439794
0.0769553
-1.04619
-0.414916
-0.612875
0.588205
-0.934845
0.087804
0.13276
0.42039
-0.049789
-0.125622
0.479287
0.465722
-0.612471
0.156276
-0.518812
-0.393911
0.113643
0.282858
0.331128
0.979229
-0.219408
-0.0404504
0.466763
-0.679399
-0.389996
-0.140833
0.469328
-0.564293
-0.440998
0.239123
0.835386
1.06508
-0.410581
-0.302309
-0.301155
-0.0708439
1.08038
-0.553837
-0.433274
-0.555073
0.260689
-0.166971
0.328636
1.10502
0.514292
0.280696
0.470129
-0.223305
-0.0287398
0.139783
0.726071
0.223556
-0.408381
-0.38201
-0.599767
-1.07027
0.139325
-0.24351
0.259428
0.447099
0.735523
0.0645988
0.879135
-0.772521
0.609473
0.44949
-0.0125043
0.484405
-1.34444
1.44881
-0.84433
-0.61503
0.273494
-0.307596
0.313552
0.731532
0.340577
0.246654
-0.00608744
-0.274006
-0.383037
-0.579215
0.0323141
-0.499461
0.371038
-0.185901
0.36485
-0.1314
0.164706
0.66123
-0.202765
0.0470201
0.508642
0.24726
-0.448614
-0.537017
0.711878
-0.685204
0.202534
-0.335231
-0.387768
-0.320069
0.293006
0.0771222
0.117488
-0.303213
0.47207
0.0927182
-0.690686
-0.585639
0.212644
-0.555619
0.247487
0.161928
-0.0461844
0.0277488
-0.286934
-0.113302
0.307496
0.371553
-0.214327
0.170429
0.433812
0.49462
0.781767
-0.377244
0.279643
0.262414
-0.261317
0.170256
0.681901
0.467402
-0.553138
0.0752068
0.0394565
0.511103
0.846119
-0.527358
-0.0741844
0.240631
0.109664
-0.092748
0.194701
0.122332
-0.573136
-1.03203
-0.295093
0.357636
0.0640371
-0.675654
0.0885724
0.173008
-0.509663
0.512842
0.0636196
0.819696
-0.757565
0.419642
-0.991707
-0.590563
-0.777128
-0.318506
-0.816978
-0.610168
0.549773
-0.739892
0.631024
-0.0977335
-0.402619
-0.316905
-0.147703
-0.661919
0.196079
0.407317
-0.449102
-0.483911
-1.12131
0.829953
0.0173337
-0.400329
-0.0356882
0.122859
0.393444
-0.422137
0.482368
-0.146227
1.5737
0.679313
-1.09188
0.410744
0.0656999
-0.299096
0.456608
0.0997291
0.364555
-0.485707
-0.187966
-0.231149
-0.790809
-0.153797
-0.2211
0.586654
-0.293456
-0.313927
0.234937
-0.068855
0.0588655
-0.151432
-0.21341
0.60447
0.192743
0.220346
-0.149406
0.0122781
0.0831635
-0.817337
-0.0652332
0.280968
-0.114431
-0.475266
-0.190872
-1.0014
-0.107245
-0.213458
-0.105656
-0.713025
-0.0345958
0.523879
0.167809
0.791542
0.326315
0.877428
-0.445186
0.622653
0.16879
0.294836
0.784054
-0.477491
0.195527
-0.253083
0.0390977
-0.292776
0.01076
-0.358496
0.52796
0.674153
-1.01088
0.327172
-0.044349
-1.00919
-0.121754
-0.0702085
0.0955094
-0.726146
-1.0027
0.494674
0.928646
-0.00308451
-0.0589861
-1.3105
0.829443
0.778953
-0.33811
1.02921
0.17985
-0.600487
-0.537468
-0.564875
-0.393193
-0.314562
-0.286526
0.47074
-0.482799
-0.28117
-0.297313
-0.543651
0.778223
0.69673
-0.0992097
0.5391
0.37936
-0.18697
1.27952
-0.414854
0.682473
0.0163303
-0.858795
-0.543167
0.20831
0.222355
-0.484371
-0.330414
-0.5501
0.129701
-0.196249
0.240854
-0.459298
0.10149
-0.000858684
-0.414916
0.591462
-0.214927
-0.599935
-0.0124534
0.0853733
-0.308182
-0.241177
-0.252426
-0.621958
-0.553621
-0.214241
-0.0928524
0.0690718
0.166708
0.257215
1.18108
-0.373017
-0.24035
-0.508482
0.439347
0.361392
-0.146471
0.0588346
0.225185
0.952667
-1.24355
0.663652
0.667388
-0.379336
0.200845
-0.727008
-0.0140192
0.423822
0.134554
0.433148
-1.28586
-0.478936
0.325558
-0.213854
0.142763
0.472429
-0.686611
0.235226
0.79914
0.184793
-0.221405
-0.158193
0.658348
-0.35788
0.823466
0.0091762
-0.271462
-0.0551814
0.270547
0.13056
0.0496402
0.0780205
-0.67307
-0.029221
-0.610024
-0.349654
-0.132293
0.620045
1.51172
0.491823
0.198448
0.496955
-0.609397
0.321991
0.179977
-0.214192
-0.461408
-1.10879
0.937185
-0.121018
-0.173594
-0.207502
-0.162919
0.184654
0.163022
0.297376
-0.109709
-0.239067
-0.0532465
-0.45269
-0.104774
0.168999
0.437819
0.191343
-0.4251
0.107267
-0.078951
0.567037
0.178849
0.0847043
-0.272525
-0.406887
0.102517
0.114928
0.0399626
0.627499
-0.287328
-0.107027
0.592796
0.31964
0.554178
-0.259248
0.2243
0.30015
-0.435358
-0.308479
0.0877693
0.187617
-0.0492808
0.113454
-0.329802
-1.32193
-0.391658
-0.62648
-0.19114
-0.430997
-0.627528
-0.352061
0.31412
0.145582
0.213379
-0.0718932
0.582948
0.187019
-0.361725
0.474979
0.000276804
0.788007
-0.43159
-0.160538
0.226683
-0.314759
0.0869986
0.204741
0.428529
-0.865202
-0.00577534
-0.459523
-0.273122
-0.0368313
-0.328675
0.544547
-0.363443
0.851573
-0.0029505
0.437788
-0.809959
0.83757
0.659479
0.114592
0.360604
-0.644654
-0.320269
-0.280923
-0.623335
-0.201497
0.0136679
0.427097
-0.586813
0.827439
-1.0297
-1.26448
0.232164
-0.490868
0.478818
-0.605024
0.0797969
0.618639
0.0915451
-0.444835
-0.0738804
0.00217177
-0.601393
0.232746
0.63774
0.0675112
0.470942
-0.206582
0.0062929
0.607644
0.430546
-0.083133
0.503946
-0.0951188
-0.0692302
0.0961252
-0.774021
-1.15987
0.200565
0.185666
0.491282
-0.116003
-0.226971
-0.273532
0.283746
-0.404764
-0.564119
-0.0849717
0.456046
0.442433
-0.0137771
0.409067
-0.450511
0.390648
-0.71632
0.438122
0.45921
0.534727
0.345205
-0.630287
-0.165254
-0.319025
-0.192895
0.332953
-0.187817
0.350897
-0.0103923
0.502467
-0.205382
-0.17275
-0.589305
0.130735
-0.450119
-0.248287
0.203741
-0.226707
-0.668486
-0.318048
-0.0896531
-0.432982
-0.227254
-1.14844
-0.504991
0.0988914
0.571898
-0.749751
-0.10299
-0.364483
1.10049
-0.201427
0.351509
-0.131985
0.023901
0.151743
0.554533
-0.487769
0.0328306
0.0653924
-0.117487
-0.0352244
0.351842
0.438977
-0.406964
0.139284
-0.211729
-0.39079
-0.692124
0.891008
0.00334354
-0.657052
0.662414
0.568552
-0.210996
-0.342505
-0.495591
0.107276
-0.196257
-0.122097
-0.277801
-0.532229
-0.0119227
0.340477
0.0171937
0.382716
-0.273395
-0.935521
-0.0701531
-0.840966
-0.771093
-0.0225003
0.349202
-0.87195
0.617274
-0.841653
0.836123
-0.406234
-0.0526413
0.304057
0.304365
-0.536114
0.893542
0.0771145
0.0225767
0.283894
0.248753
-0.128932
0.856816
0.23033
0.0314343
-1.06901
0.503263
-0.628102
0.108713
-0.229333
1.20827
-0.300745
0.209975
0.395065
-0.418138
1.02241
0.807911
-0.0559114
0.487642
0.301392
-0.142209
0.371818
-0.24949
-0.459602
0.909889
0.189724
0.630033
0.853373
1.06555
-0.210934
-0.269695
-0.54798
-0.0836594
0.218689
1.3416
0.114759
0.252854
0.0668116
0.496166
0.440929
-0.490006
0.0947944
-0.685329
-0.897897
0.0885817
0.25032
0.509173
0.435666
-0.0929881
0.899192
-0.139209
0.450142
0.0741984
0.402346
-0.423619
-0.538978
0.23441
-0.731604
-0.376262
0.200585
0.669
0.104443
-0.0835804
0.166422
-0.104518
0.623953
0.255178
0.137388
0.0621134
0.735299
-0.893348
0.32954
0.85893
-0.336651
0.4446
0.0421097
0.339385
-0.110327
0.0606887
-0.0429875
-0.449411
-0.418816
0.00187871
-0.00851415
-0.237364
0.59862
0.71366
-0.434596
-0.0618111
0.139164
0.149038
-0.328575
-0.157675
-0.737145
0.53488
1.33575
0.360199
-1.0891
0.0109107
-0.237376
0.242441
0.338853
-0.639248
0.471414
-0.849025
-0.111984
-0.725594
-0.0909827
0.00972453
-0.42305
-1.07547
-0.66875
0.00458797
-0.235411
0.446033
0.10771
-0.0161488
0.423928
0.721697
-0.342009
0.216543
-0.625688
0.457966
-0.380065
0.337893
-0.173808
0.208655
0.209818
-0.307709
-0.369234
0.550709
0.179625
0.402081
-0.129608
0.820004
0.259161
0.931134
-0.457132
-0.167948
-0.299127
0.460483
-0.148041
-0.165437
-0.130192
-0.830977
-0.0390358
0.198863
-0.72198
0.846558
0.0319611
0.0621835
0.252201
0.295912
0.818298
-0.292834
-0.661911
-0.171138
-0.761858
-0.01758
-1.18685
-0.518035
-0.342525
-0.583034
-0.608427
-0.290179
-0.242686
-0.589485
-0.16515
-0.0307871
0.591781
-0.375534
0.383457
0.321961
0.919967
-0.145774
0.228893
0.681939
0.115701
-0.750144
-0.100865
0.188094
-0.719039
-0.188261
-0.0953065
-0.571536
-0.151494
-0.192272
0.996099
-1.04492
0.122661
0.685634
-0.585378
0.550714
-0.257786
0.762629
-0.323394
0.684854
0.091595
-0.830243
0.156585
0.518903
-0.162179
0.910977
-0.584531
1.07603
-0.484656
1.01224
0.375258
-0.522365
-0.658198
0.159118
0.195869
-0.235999
0.984838
-0.29383
-0.470249
-1.00345
-0.199417
0.87122
0.142607
-1.19917
0.751688
0.349782
0.115167
-0.0492749
-1.13077
0.531994
-0.724973
0.161466
0.338369
0.168935
-0.936562
-0.45948
0.203581
0.846866
0.530244
-0.10156
-0.230808
0.816177
0.224058
-0.333046
0.281713
0.216183
0.0385759
-0.634011
-0.206431
-0.224882
0.49306
0.209505
-0.0503775
0.0436382
0.424531
0.521856
-0.518453
-0.320966
0.768046
0.629134
-0.299872
0.129181
1.18368
-0.100644
0.208616
1.4072
0.226586
0.0600983
0.0800346
-0.281853
0.311572
-0.22483
0.390452
-0.463943
0.284556
0.412377
0.193721
0.405236
0.83625
0.168143
-0.72984
-0.0377779
-0.173835
0.780593
0.135067
-0.639861
0.283738
-0.150361
0.261976
-0.880673
0.400059
-0.179631
-0.28379
0.0424698
-0.0223188
-0.0707359
0.230091
-0.366174
0.622496
0.471789
0.927016
-0.412363
-1.11477
0.973441
0.228284
-0.620588
-0.879418
-0.530078
0.421333
0.211373
-0.217832
-0.325481
-0.18777
-0.744117
0.113345
-0.0286969
-1.06722
-0.170435
-0.478829
-0.718447
-0.442172
-0.490121
0.774152
0.702028
-0.546218
-0.742638
-0.093649
0.435962
1.0523
0.0640864
0.109487
-0.320056
0.085393
-0.0668158
-0.871492
0.309326
-0.035986
-0.124512
0.0708003
-0.966542
0.791936
0.400382
0.122763
0.549686
0.000691131
0.904404
-0.23104
0.452646
-0.0899127
0.600937
1.17378
-0.644051
0.261809
0.30746
0.632372
-1.07186
-0.443592
0.247851
-0.184021
0.627813
-0.102666
-0.261131
-0.0585668
-0.481101
0.346624
-0.780581
-0.903301
-0.0760345
0.271931
-0.931927
-0.146021
0.523536
-0.359741
0.198557
1.00587
0.150853
0.414881
0.758359
-0.0719385
-0.287505
-0.217211
-0.0581694
-0.427146
-0.905436
-0.522531
1.15262
-0.189938
-0.0503145
-0.117994
-0.830962
-0.187535
-0.129571
0.22703
-0.168476
0.553111
-0.777704
-0.48791
-0.0488961
-0.633669
-0.314801
-0.873438
0.592577
0.905718
0.182669
0.136223
-0.183039
-0.362813
0.752805
-1.01731
0.629023
0.537727
-0.127437
-0.426412
0.118466
0.175514
0.0855656
0.00690523
0.275956
0.0429089
-0.450491
-0.583032
0.486383
0.457551
-0.175562
-0.500186
-0.773458
-0.385364
0.479533
-0.921826
-1.06714
-0.731497
0.0920566
0.228977
0.890488
-0.91496
0.67825
-0.943736
-0.0792302
0.654046
-0.0574543
-0.258905
0.178049
0.214157
0.654184
0.192042
0.87141
0.0932509
0.106859
0.324521
-0.393147
-0.154344
0.150028
-0.0838013
-0.751615
0.596817
0.15271
-0.29964
0.601954
-0.598753
-0.372147
0.608807
0.049022
-0.219747
-0.0885161
0.187541
-0.233048
-0.424266
-0.131109
-0.665012
0.61466
-0.362157
0.00384421
0.510205
0.0386037
-0.272297
0.208699
0.272911
0.0819355
-5.41945e-05
-0.149976
-0.103872
0.232457
-0.233819
-0.474279
-0.207613
0.552454
0.307603
0.314304
-1.20256
0.00824308
0.220995
-0.132157
-0.0893132
-0.139497
0.391247
-0.703925
-0.260508
0.643135
-0.359762
-0.152963
0.409084
-0.533324
0.874941
-0.53081
-0.176288
0.100622
-0.582754
0.899586
-0.22694
0.311006
-0.153929
-0.91351
0.213738
-0.210166
0.814735
0.541229
-1.42997
-0.635904
-0.042307
-0.347461
-0.516993
1.04537
-0.288601
-0.364869
0.158595
-0.722718
0.686847
0.247927
-0.235278
-0.218248
0.578025
0.0221965
0.0756983
0.288043
0.274072
0.426344
0.00825412
-0.0296774
0.310134
0.4095
0.715894
-0.506839
0.152748
-0.0804357
0.0319921
-0.245509
0.196579
-0.237483
-0.36922
-0.142683
0.953638
-0.197328
-0.114274
-0.781178
-0.200121
0.50051
-0.179958
-0.0166638
-1.06943
0.650793
-0.510451
0.410037
-0.597721
0.499956
-0.419788
0.68759
-0.625581
0.0911393
-0.563179
0.0823699
-0.458491
-0.116475
1.08578
0.395263
-0.277355
-0.29031
-0.294596
-0.366425
-0.662616
0.412843
0.400675
-0.237045
-0.00907815
-0.162493
-0.157543
-0.559826
-0.365868
-0.211535
-0.183435
0.176297
0.334149
0.197814
0.345614
-0.523235
0.612243
-0.669774
-0.627798
-0.173464
0.225889
0.400242
0.196034
1.30091
-0.108303
-0.179349
-0.748634
0.675811
0.140802
0.621849
0.103932
-0.146347
0.135454
0.665295
-0.519021
0.185733
-0.527567
-0.348997
0.0861608
0.0163471
-0.315865
-0.426177
0.169226
0.100235
-0.381787
0.29311
-0.599728
0.149325
-0.427145
0.126799
0.245884
-0.486604
-0.502704
0.65121
0.667611
0.60604
0.430067
-0.309102
0.0528669
-0.369821
0.361595
-0.637808
-1.01921
0.437956
0.120367
1.47321
0.848452
-0.361423
-0.889378
-0.714526
0.375335
1.00109
-0.147153
0.430811
-0.147663
0.728877
-0.360315
-0.436815
0.381807
-1.14292
0.394087
-0.0111071
1.44008
-0.39959
-0.610912
-0.223188
0.078548
-0.795701
0.44043
0.0654781
-0.295429
-0.050901
-0.268472
-0.214699
-0.163976
-0.198769
-0.499002
0.248719
-0.381012
0.145141
0.0409254
-0.619567
-0.334754
-0.0197034
-0.163123
0.511069
0.167857
1.78331
0.262014
-0.310656
-0.0631804
-0.692349
-0.124721
0.0669418
0.118338
1.12535
0.273542
-0.551538
0.185763
0.100932
0.0844795
-0.553843
0.365883
-0.159032
-0.59506
0.237154
0.283239
-0.359963
0.848606
0.0938895
0.396528
0.333825
-0.287654
1.28057
-0.78503
-0.633737
-0.304755
-1.18391
0.329344
0.302686
0.205185
0.948423
-0.474995
-0.529255
0.471157
-0.000269474
-0.442081
0.681058
-0.292626
-0.3806
0.876777
-0.0121306
-0.285361
0.741494
0.233387
0.466475
-0.766107
-0.0646039
-0.0606665
0.371667
0.52494
0.295287
-0.602185
0.330406
-0.491608
0.759259
-0.134918
1.17501
0.836064
0.131759
0.177542
0.835187
0.295177
0.67316
0.0293194
0.523337
0.543841
0.273463
0.0300794
-1.05641
0.342495
-1.07924
-0.453853
0.124373
-0.1396
0.104004
-0.140743
-0.535528
0.269245
-0.649505
-0.909365
-0.894448
0.0950842
-0.52664
-0.0209613
0.771974
0.500037
-0.222269
-0.322455
0.693753
-0.727478
0.304912
-0.31785
-1.07523
-0.222296
-0.321674
-0.139989
-0.0673275
-0.0690993
0.0456333
0.0412868
-0.945096
-0.0956631
0.0169032
-0.444099
-0.140841
-1.09869
0.543338
-1.02111
-0.0325095
-0.430387
0.0663739
0.0798102
-0.347721
0.117137
-0.156616
-0.887894
0.622252
-0.846898
0.095589
-1.05854
0.90184
0.276007
0.695317
-0.00713979
0.41057
-0.0532047
0.414792
-0.475638
-0.146233
0.154636
0.531846
0.721541
-0.27919
-0.229857
1.03339
0.0772249
0.503572
0.746322
0.0239552
0.159752
-0.382219
0.988071
-0.142188
0.413759
-0.434895
-0.172697
0.135923
-0.263815
0.565623
-0.482073
0.324238
0.370087
0.619126
0.759114
0.346186
0.176935
-0.657956
0.412422
0.283449
-0.552396
0.64158
-0.160492
-0.678345
-0.0399623
-0.440584
0.274874
0.220889
0.334395
-0.364671
1.19231
-0.920033
-0.272477
-0.441441
0.140641
0.913879
1.16178
0.324298
0.191239
0.0959959
-0.760566
0.299657
0.495471
-0.162222
0.581029
0.100287
-0.94675
0.720098
0.231983
-0.0129574
0.827113
-0.724092
-0.531278
0.161783
0.268924
0.388056
0.283047
-0.908111
-0.849635
-0.24814
-0.132396
-0.732104
0.321369
-0.545274
0.0847413
-0.246662
-0.459554
0.141939
0.346099
-0.341885
-0.0898867
-0.148757
0.198498
-0.0723458
0.0238465
-0.937348
-0.158775
0.859942
-0.450897
0.164215
1.28319
0.42564
-0.961208
-0.946568
0.49708
-0.189843
0.70343
-0.970936
-0.645296
0.749155
0.517844
0.536211
0.17127
-0.33069
0.342081
0.124763
0.302623
0.372449
1.41303
0.659099
-0.0358391
-0.0735442
0.285721
-0.358592
0.145872
0.306785
0.1004
-0.387529
0.343699
0.221091
-0.172554
1.06283
-0.473751
0.568981
-0.479559
0.203439
-0.423939
-0.157945
-1.19929
0.23125
-0.409411
0.285523
0.714868
0.117199
0.920464
0.378349
0.129878
0.298377
-0.532939
0.497418
0.286056
-0.382001
-0.1357
-0.384116
-0.296151
-0.116668
0.31505
-0.437721
0.969311
-0.874158
-0.224964
0.109931
-0.145266
-0.273432
-1.15179
0.782648
0.647964
0.74456
0.200972
-0.441765
-0.371993
0.166666
0.863782
0.394501
-0.465521
-0.00436591
0.263016
-2.12727
0.53109
-0.102533
-0.857994
0.231064
0.124198
0.234378
0.504728
0.510531
-0.795519
0.412096
-0.409382
-0.871176
-0.124912
0.0187631
0.144606
0.339384
-0.236878
-0.256135
0.665636
-0.267076
0.0191822
0.161276
0.0713269
-1.64835
-0.76136
0.867831
0.148076
-0.137684
-0.543519
-0.61035
0.336616
-0.44832
-0.396973
-0.31448
-0.427912
-0.607461
0.286447
-0.148818
-0.355421
0.341156
0.83409
0.409858
0.0890659
0.55045
-0.174118
0.729149
-0.363582
0.0641361
0.172483
-0.0279838
-0.447591
0.776661
-0.0710361
0.029925
-0.430089
-0.606185
0.270808
0.285231
0.0590245
-1.03692
-0.341288
0.241851
0.470407
-0.228248
0.0324952
-0.0294897
-0.133671
0.406384
0.186867
-0.119264
0.283505
-0.166883
-0.202116
0.624234
1.24707
0.130727
0.311205
0.351556
0.0861013
-0.314004
-0.0530081
0.343436
0.0818857
-0.506135
-0.699572
-0.317254
0.478087
0.206583
0.0642384
0.50311
0.440014
-0.223112
0.116815
0.0786816
0.226992
-0.172503
0.422595
0.874047
0.631556
-0.207048
-0.103812
0.551921
0.74977
0.252067
-0.0714641
-0.317055
-0.694807
-0.227943
-0.0183405
1.05764
0.317029
-0.0202506
-0.0807308
0.826082
-0.125789
-0.678742
0.237585
-0.19435
-0.0706259
-0.0680871
-0.252493
0.51519
1.00744
0.156012
0.537932
0.31981
-0.255373
0.541002
-0.793159
0.224855
-1.50753
-0.203101
-0.285741
0.0111998
-0.254367
0.365144
0.898368
-0.735589
0.324096
-0.0598343
-0.397748
0.576511
-0.0407216
-0.136714
0.690603
0.318773
-0.137224
0.429041
-0.592833
-0.724691
0.978231
0.162671
0.391198
0.353832
0.290718
0.0293496
-0.757149
0.350281
0.271938
1.20243
1.43185
-0.158021
0.102582
0.13954
0.112688
-0.714741
0.143434
-0.455174
-0.0165937
0.466493
0.274713
0.747308
0.55795
0.542565
0.242357
0.597783
-0.0834316
0.0777584
0.554623
0.00791083
-0.0528256
0.0337498
-0.379991
-0.428957
-0.422701
0.252141
0.0215078
-0.00689376
0.0208415
-0.040439
-0.306878
0.299231
0.447043
0.733495
-0.440005
0.297044
-0.53999
-0.745116
-0.903668
0.354218
-0.394274
0.162306
-0.3217
0.0943636
0.266571
0.293115
-0.746911
0.0422329
0.638875
0.308262
-1.11314
-0.245378
-0.441599
0.550493
0.56031
-0.199963
0.154829
-0.116308
0.0150234
0.0739862
-0.91858
-0.2229
-0.43932
0.168001
0.115958
-0.562076
0.438864
0.0424381
0.0558195
-0.426702
0.501716
-0.155849
0.525589
0.314922
0.424098
0.367155
0.00235705
0.791561
0.302976
-0.42066
0.315488
0.126606
-0.525655
0.174308
-0.0343693
-0.296804
-0.54342
-0.348701
0.466389
-0.144901
0.414681
-0.0611121
0.723113
-0.00253615
-0.326696
-0.165966
0.60192
-0.177104
-0.159818
0.194043
0.334524
-0.336618
0.574443
0.375664
0.0299647
-0.115979
-0.379609
0.809503
0.084611
0.275748
0.147992
-0.20665
0.264896
-0.781297
-0.927967
-0.9939
-0.459393
0.062437
-0.0816278
0.0199382
0.286422
-0.308305
-0.640838
-0.186422
0.302203
0.0600638
-0.352136
0.103997
-0.701887
0.473957
0.256845
0.732141
-0.805366
-0.284464
0.252343
0.192943
0.339455
-1.11879
0.429102
0.482369
0.512942
0.106997
-0.195702
-0.699304
-0.426872
0.771806
0.168637
-0.592798
0.660861
0.640391
0.351089
0.10093
-0.321884
-0.131603
-0.516357
0.551575
-0.359979
-0.0777552
0.877594
-0.0177466
-0.180351
0.105583
-0.129593
-0.290669
0.393327
0.208146
0.342809
-0.158864
-0.131132
-0.358023
-0.400988
0.110062
0.762256
-0.0673949
0.11827
0.240737
0.507711
-0.133221
0.148719
-0.25275
-0.506568
-0.0740666
0.887888
0.242061
-0.0373613
-0.787172
-0.373914
0.277172
0.480582
-0.359451
0.146026
0.764485
0.127063
0.267056
0.19345
-0.399634
-0.0902913
-0.292048
0.448226
-0.0489666
0.063281
-0.35824
0.641989
0.205218
-0.0618837
0.646546
-0.432601
-0.203107
0.674855
0.555238
0.447766
0.924232
0.441418
0.647623
0.990557
-0.0786208
0.584483
-0.556221
0.991616
0.677113
0.117727
0.725488
-0.164934
-0.624281
-0.312791
-0.414201
-0.192829
0.187184
-0.0870938
-0.0245485
0.392939
0.00726581
0.718837
-0.43904
0.156969
-0.326318
0.518155
-0.370062
-0.536497
0.569413
-0.284515
0.188262
-0.828132
-0.886327
0.979737
0.613846
0.419085
-0.370313
0.577901
-0.039289
0.0854176
-1.14743
-0.162935
0.515136
0.559389
-0.488846
0.505107
0.264296
-0.196832
0.243564
0.0168159
0.240652
-0.842996
-0.128193
-0.865574
0.24851
1.25051
0.69381
-0.379337
-0.123724
-0.205352
1.27822
-0.0938733
0.0703413
0.360013
-0.100889
-0.575599
0.247056
0.593978
-0.037381
0.162615
0.927733
-0.399705
-0.0445784
0.681147
0.889499
0.50565
-0.150076
-0.0172453
-0.0208489
-0.329303
0.171821
-0.242332
0.393175
-1.03761
-0.453714
-0.529608
-0.143154
-0.45347
-0.198139
-0.567981
-0.809695
0.0332352
0.525167
0.196471
-0.0603588
0.659835
-1.02875
1.22504
-0.281831
-0.61157
0.774889
-0.318906
-1.86278
0.181427
-0.0486119
-0.0563393
0.353129
-0.948764
0.092693
0.183692
-0.068452
0.116158
0.180055
0.681982
0.218505
1.40674
0.413864
0.274159
0.0798272
-0.446232
1.06402
0.3945
0.118747
0.66804
-0.742925
-0.978805
0.461709
-0.0775161
0.31591
0.246754
-0.2672
-0.659614
-0.359098
0.642731
0.400057
-0.235475
0.468249
-0.539856
0.367949
0.803784
-0.384007
-0.162511
-0.336625
-0.316031
-0.458039
-1.59398
-0.335208
-0.32304
0.51611
0.241287
-0.600604
0.00304927
-0.0931558
0.122212
0.359725
-0.462441
0.775177
-0.237922
0.0641128
-0.0742745
0.0447986
-1.00633
0.356228
-0.639198
-0.0571543
0.44011
0.344421
0.0752952
-0.159971
0.126065
0.397576
0.0588131
-0.295905
-0.583909
-0.781481
0.805459
0.133002
-0.808598
0.145576
-0.215178
-0.145519
-0.622196
-0.179946
0.0783447
0.638323
0.0301619
0.256451
0.201062
-0.241743
0.640365
0.319691
-0.30653
-1.03319
0.317427
-0.319708
0.56779
-0.172109
0.82038
-0.596714
0.934123
0.278662
0.534703
0.366071
-0.155086
1.29583
0.0861531
0.625129
0.363328
0.453917
-0.24157
-0.0772088
0.305695
-0.371423
0.516442
0.895983
-0.0883828
-0.240979
-0.476332
1.07786
0.066239
-0.248948
0.242798
-0.199394
0.395299
-0.293649
0.542161
-0.0596808
-0.698117
-0.98784
-0.17713
0.241934
0.186485
0.898643
0.416064
-0.0912913
0.227973
-0.1801
-0.1992
-1.18697
0.251424
-0.478088
-0.209629
0.361996
0.543435
-0.315136
-0.519875
-0.03818
0.351934
-0.183488
-0.263417
0.276913
-0.315381
0.447771
0.587966
-0.0690444
0.333851
-0.647383
0.473427
0.1494
-0.161755
0.252137
0.0844788
0.298986
-0.735079
-0.608403
0.146483
-0.367807
0.103965
0.761884
-0.217425
-0.812237
-0.156794
0.0330745
-1.11648
0.583695
-0.188427
-0.24178
0.375284
-0.0309993
-0.597408
-0.120309
0.260514
-0.305108
-0.935087
-0.212877
0.845554
-0.645093
0.400792
-0.769302
0.457048
-0.0477884
-0.00715248
0.614274
-0.258403
0.036606
0.514593
-0.00671025
0.736674
-0.261194
0.204274
-0.156893
0.558688
-0.119801
-0.0475931
0.863132
1.32562
-0.304433
0.0199123
-0.346784
-0.0451108
0.742928
-0.0759705
-0.65867
-0.362109
-0.120417
0.184763
0.159898
-0.500739
0.424811
0.525978
-0.457632
-0.147381
-0.298964
-0.828081
-0.484674
-0.320572
-0.24422
0.383187
-0.248301
0.265677
0.421424
-0.151119
-0.623868
-0.936822
0.263223
-0.477391
0.116323
-0.303332
0.37678
0.167046
0.561812
0.157696
-0.977059
-0.238358
0.397514
0.138127
-0.482473
-0.682632
-0.303516
-0.430291
-0.237707
-1.00978
0.0168103
0.208275
-0.216802
0.0256358
0.301113
-0.94533
-0.969992
1.04034
0.345228
0.0520795
-0.647511
-0.174628
0.011043
0.700351
-0.634354
0.102198
0.144644
-0.329886
-0.243535
0.596822
-0.395923
-0.583711
-0.3493
-0.988079
0.737094
-0.154259
-0.341359
0.267222
-0.337098
0.525954
0.430456
0.353271
0.55829
-0.434948
-0.147356
0.123746
-0.185272
0.22662
0.13242
-0.489839
0.119442
0.0609736
0.776723
0.0874393
-0.060011
-0.00526162
0.586924
0.273865
-0.0754525
-0.172074
0.413693
0.163545
-0.530344
0.539401
-0.856119
0.317617
0.318976
-0.488236
-0.541043
-0.723144
-0.128527
0.393668
0.340161
0.795157
-0.0156608
-0.14805
-0.15466
-0.216214
-0.538311
0.0192503
0.472275
0.342469
0.688385
0.435516
-0.159618
0.0756002
0.0014693
-0.0135379
0.0804354
0.209715
0.409321
-0.204645
-0.247965
0.42377
-0.757348
0.428662
0.301842
0.377772
-0.19588
0.760419
-0.151715
0.144474
-0.00625822
0.734892
0.138686
-0.185224
-1.08439
-0.598639
-0.575132
-0.609036
-0.153678
0.384106
0.71391
0.601425
0.302338
0.0699006
0.0159264
0.264314
-0.651257
-0.436861
-0.205875
-0.144794
0.671377
0.0594653
-0.441052
-0.744375
0.40453
-0.481393
0.135932
0.0108072
0.0312964
-0.0272912
0.689474
-0.400293
-0.0995201
-0.0918869
-0.461868
0.194749
0.124058
-0.318095
-0.528804
-0.381144
0.413646
-0.484854
0.499514
-0.76896
0.554754
-0.0885491
-1.37555
-0.245652
0.242816
0.481231
-0.402499
-0.211829
0.0560958
0.225396
0.404923
-0.488467
-0.133006
0.590389
-0.459041
0.436597
0.117727
-0.478104
0.0882375
1.05885
-0.666888
0.473851
0.211068
0.0667487
-0.27075
-0.123735
-0.0995895
-0.439598
1.12075
0.0952714
-0.0933403
0.0589979
0.58429
-0.20943
-0.973618
0.132454
0.424795
-0.0325363
0.346116
0.189797
-0.108468
0.0309189
0.527275
0.446912
0.299386
0.0773807
0.210834
0.748873
0.410334
0.0328598
0.386676
0.0362857
0.0223835
-0.421162
-0.450451
-0.178098
-0.963627
0.82904
-0.50338
-1.10269
0.217244
-0.149408
0.202499
1.03569
0.249338
-0.295908
-0.219675
0.616079
-0.362744
-0.169269
0.744457
0.700304
-0.16643
0.131246
-0.0627137
1.12906
0.0112886
0.0774681
0.72571
-0.421222
-0.587132
-0.776398
0.0996814
0.595406
0.736657
0.275779
-0.299596
-0.841398
-0.101527
-0.218555
-0.522462
-0.0223136
-0.423607
0.142133
0.852576
0.146714
-0.0139912
-0.424909
0.00910787
-0.477272
-0.38097
-0.350935
-0.746935
-0.0595789
0.348129
0.0978424
-0.0315221
0.901536
-0.504287
-0.0477419
-0.187796
0.904873
0.0953629
-0.00830714
0.195765
-0.0573908
-0.186284
-0.521113
0.351577
0.63106
-0.0583414
-0.280209
0.332391
0.119899
-0.536188
-0.201619
-0.00659655
-0.565672
0.0676428
0.583609
0.139198
0.394631
-0.516688
0.285106
0.0924657
0.525633
0.240766
0.533845
-0.47371
0.255627
0.45207
0.269066
-0.775847
0.0140124
-0.599252
0.741977
0.346664
0.0760753
0.0859888
-0.224087
-0.319967
0.537662
-0.101759
0.300673
0.468556
-0.827593
0.29744
0.955082
0.203321
-0.25221
-0.0917769
-0.0506937
-0.347604
0.517726
0.0599567
0.578852
-0.809616
0.0823991
0.0157662
-0.860294
-0.202714
-0.317956
-0.306285
-0.153805
0.363393
0.0352324
-0.101855
-0.93673
-0.319677
0.337064
0.00912003
0.259349
-0.289298
0.302112
0.159594
-0.861365
0.582803
-0.364217
0.456253
-0.223461
-0.941515
-0.162336
0.160818
0.19443
0.804451
-0.21766
0.234027
-0.193412
-0.381974
-0.58662
-0.280336
-0.458873
1.14676
-0.433302
-0.86158
0.663432
0.532387
0.562617
0.462836
0.0714463
0.506288
-0.371097
0.562085
-0.189211
1.77497
-0.271579
0.689653
-0.527095
-0.456585
0.404861
-0.416167
-1.1637
0.31476
0.594852
-0.671845
-0.831284
-0.794453
0.0476722
-0.112939
0.0331055
-0.28173
-0.618296
0.214754
0.394294
-0.113677
0.430482
0.238857
0.423896
-0.215805
0.352023
0.225882
-0.767702
0.322462
-0.185193
-0.20037
1.14227
0.670436
0.102646
-0.0883379
-0.295994
0.251154
0.0545968
-0.680358
0.217742
-0.71996
0.140115
-0.208957
0.202904
0.189699
0.184499
-0.17031
0.612348
0.0938674
-0.265133
0.401735
-0.285974
-0.768868
0.00492222
0.547853
0.503739
-0.773558
-0.542889
0.430791
0.277336
-0.382919
0.311842
0.102331
-0.521704
-0.594292
-0.473245
0.898094
0.0374143
0.682127
0.222569
-0.63938
-0.700446
-0.60366
0.818643
-0.581939
-0.507941
-0.826807
0.35418
-0.255714
0.23822
0.0417775
-0.0719963
-0.0378618
-0.408377
0.0909433
0.244703
0.579626
-0.453305
0.41723
-0.219518
-0.429457
-0.311124
-0.780656
0.801984
-0.225145
-0.446036
0.563096
0.859028
-0.320861
-0.554945
-0.124702
0.542939
0.0569904
-0.892852
0.651075
0.345021
-0.264085
0.00938259
0.00494126
-0.756652
-0.364178
0.380149
0.0838906
0.196139
0.843665
-0.165024
-0.128308
-1.10144
0.435626
0.169361
-0.076466
0.311026
-0.114364
0.131916
0.164735
0.30163
-0.494871
0.0028673
-1.07886
0.33678
-0.0832309
1.10043
0.516875
0.635949
-1.15974
-0.690519
0.113052
0.53744
0.244484
0.499626
-0.210429
-1.05065
-0.236927
-0.167271
-0.00302785
0.0925039
-0.476706
0.0519752
-0.0680593
0.0190226
-0.456473
-0.584106
0.983227
-0.186929
0.513118
-0.17428
-1.05465
0.138767
0.293141
0.119569
-0.251679
0.385836
0.0329599
-0.26369
-0.335159
0.260316
0.11594
-0.074456
0.316907
0.543042
0.145151
0.098204
0.166832
-0.25196
0.0682715
-1.26351
-0.428278
1.11122
0.478881
0.952702
-0.240557
0.589902
-0.722766
0.239833
0.0646484
-1.35122
0.519757
0.233021
-0.286259
0.369155
0.999241
-0.364597
0.207364
0.327919
-0.332184
0.200007
-0.493399
0.517909
0.477348
0.10506
-1.22801
-0.0430248
0.525261
-0.638324
-0.164439
0.0571387
0.56685
0.694626
-0.355399
0.0487461
0.240042
-0.602024
-0.18266
-0.0446328
0.0795021
0.568359
-0.282796
0.303982
1.00026
0.278283
0.420526
0.848202
-0.241025
0.90436
-0.3097
0.078605
0.553285
-0.080534
-0.650775
-0.644733
1.06611
-0.390626
-0.158495
-0.00214888
0.788472
-0.617471
-0.172951
0.727206
-1.09818
1.3852
0.157577
-0.0533972
0.221146
0.37877
-0.199805
0.380958
-0.208845
0.430841
1.10875
-0.177434
0.485581
0.24144
-0.297848
0.129868
-0.422838
-0.155872
0.0466049
0.552877
-1.0269
0.464635
0.835824
-1.0262
-0.194887
-0.65474
0.437789
-0.175076
0.13665
-0.105506
-0.344582
-1.2126
-0.16437
-0.0697054
1.03612
-0.453698
0.296879
-0.187206
-0.566576
0.65955
0.0909151
0.489125
0.366208
-1.29793
0.0105423
-0.519258
0.306508
0.122868
-0.311813
-0.325691
0.673817
0.409173
0.16745
-0.0122615
0.622334
0.0656901
0.315012
0.246484
-0.0563812
0.23627
-0.5779
-0.57295
-0.0607057
0.0563202
-0.369529
-0.153759
-0.620708
0.548314
1.03203
0.756761
-0.538605
-0.0544514
0.202339
0.125526
0.695561
-0.174377
-0.0811093
-0.827426
0.0552012
-0.23859
0.366121
-0.396013
0.264492
-0.585175
-0.47857
0.0240828
0.290253
-0.44848
0.082219
0.00780909
-0.46865
-0.075739
-0.237411
0.18894
-0.237965
0.658379
-0.411401
-0.933583
0.371168
-0.021013
-0.669864
0.853884
0.986655
0.433316
0.56272
-0.35583
-0.598877
1.08446
1.31917
0.192638
-0.0490708
-0.113427
0.117361
0.231733
-0.421851
0.617658
-0.730419
0.925878
0.177273
0.264898
-0.0343341
-0.323962
-0.165837
-0.823332
-0.0729776
0.0931837
-0.123568
-0.763689
-0.268116
1.26095
-0.0579274
0.112919
-0.563307
0.300076
0.743826
-0.229493
-0.443889
-0.783313
0.805278
-0.671871
-1.11442
-0.174939
0.534403
-0.0377649
-0.594275
0.671467
-0.519928
-0.676715
0.102007
0.31022
0.215382
0.356167
-0.409411
0.18185
0.97993
0.731937
-1.2247
-0.445686
0.376847
-0.766428
0.0921497
-0.375889
-0.505061
0.401358
0.271037
-0.0130074
-0.249033
0.643203
0.892078
-0.414049
-0.0163195
-0.194765
-0.52314
-0.624733
-0.220561
-0.141144
0.125101
0.656922
0.0260306
-0.19629
-0.0313742
-0.0265269
-1.66234
-0.0623307
-0.302143
0.254294
-0.575356
0.303628
0.137614
0.660042
0.106997
0.151012
-0.124719
-0.505191
-0.158134
-0.716707
0.479841
0.287029
0.706656
1.00756
0.737436
0.0714513
-0.246572
-0.264682
0.283911
0.721039
-0.474173
-1.08415
0.326425
-0.795855
-0.272633
0.771326
0.793204
-0.136189
-0.370591
0.985085
0.0316709
-0.55499
-0.51238
0.237769
-0.662866
-0.201473
-0.456928
0.804045
-0.0749593
-0.0471596
-0.259631
0.201682
-0.00210714
0.143125
-0.79374
0.127632
0.0756805
-0.0832258
-0.64131
0.119313
-0.103456
-0.541043
-0.349094
0.11036
0.420765
0.442908
0.385736
0.140053
-0.333022
-0.310195
-0.0222838
-0.511616
-0.0272517
0.257706
-0.592728
-0.00916326
-0.31646
0.278496
-0.233551
0.607843
0.371625
-0.226409
-0.0383656
-0.761082
-0.151557
0.0437226
0.237956
-0.0363051
-0.254418
0.346565
-0.452699
0.498795
-0.367587
-0.321912
-0.0689304
-0.467331
-0.321779
0.77131
-1.01695
0.808063
-1.49125
0.486958
0.225912
0.256343
0.870204
-0.192799
0.374839
-0.0576844
0.0267031
0.288732
0.235936
0.404338
-0.595044
0.112245
-0.416559
0.330295
-0.273369
-0.485966
-0.291014
0.339927
0.182035
-0.409325
-0.747556
0.345774
0.565892
0.349458
0.888125
0.562997
-0.65743
-0.0225253
0.064688
-0.763011
-0.0138442
-0.300704
0.117183
-0.340147
-0.771279
-0.405924
0.229537
-0.265605
0.822007
-1.08558
-0.0296303
0.651596
0.706947
-0.0426036
-0.287497
0.00226267
-0.376531
0.025207
-1.05544
0.36028
0.134853
0.142562
0.0674534
-0.254191
-0.107507
0.774733
-0.239688
0.374584
0.48297
0.164175
-0.476174
0.623927
-0.447957
0.0426528
-1.15224
-0.323656
0.9752
0.695785
0.481388
0.669485
1.10964
-0.0456694
-0.6282
0.0513126
-0.780897
0.226582
0.0618912
-0.0638405
0.0621881
-0.179168
-0.396255
0.396619
0.413839
0.332328
0.639494
0.405269
0.648413
-0.47621
-0.0266345
0.486551
0.190395
0.555141
0.525675
0.652143
-0.673736
-0.350469
-0.954093
-0.0415153
-0.0863876
-0.743447
-0.318144
-0.172106
0.0188563
-0.201968
0.0510669
0.503797
-0.531668
-0.343311
0.501382
-0.706599
0.895262
0.678399
-0.00703584
0.727313
0.678463
-0.0873388
1.03751
-0.0588843
-0.830204
0.365624
-0.163068
-0.512046
-0.984745
0.566881
0.671846
-0.0723276
0.585715
-0.144026
-0.517396
0.309395
0.456139
-0.0938722
0.354459
-0.735065
-0.659589
0.529388
0.380904
0.970375
-0.0911425
-1.33246
0.72166
0.0103925
0.142071
0.178241
-0.471842
0.337661
0.542612
0.39054
0.422793
-0.112367
0.0765404
0.584994
0.0130654
-0.2279
-1.11945
0.239273
0.5253
0.0552917
-0.1872
-0.547763
0.700156
-0.277696
-0.12623
0.819704
0.670223
0.0626109
0.0503131
-0.275884
0.641282
0.332889
-0.303023
0.273821
0.306817
-0.713061
-0.405046
0.607306
0.959148
0.660354
-0.204932
-0.333593
-0.269343
-0.452563
-0.109771
-0.63781
0.0167607
-0.960121
0.379639
-1.07653
0.0477192
0.134108
-0.655291
-0.355747
-0.64494
0.212922
-0.0825742
-0.290143
-0.217357
0.016336
1.71635
-0.535045
0.163017
-0.0816199
-0.27026
0.533553
0.1189
0.761984
-0.0947469
-0.342689
-0.239534
0.0852187
0.394187
0.242647
1.22132
0.191158
-0.763748
1.37363
0.267897
0.809777
0.0728912
-0.774097
0.436922
0.326905
0.0484315
0.829301
0.429022
-0.359157
-0.524377
0.249016
0.643434
-0.311462
-1.19847
0.0167579
1.67031
-0.202085
-0.679585
-0.148184
-0.146908
0.264774
-0.17046
0.976608
-0.0844372
0.240534
-0.272668
-0.246235
0.0627809
-0.0675778
0.805498
-0.712982
0.471109
0.460317
0.507573
0.648139
-0.283091
-0.0814011
-0.248555
-0.108363
0.225581
0.233822
0.744699
0.246001
-0.255225
-0.076557
-0.13554
-0.321835
-0.52855
-0.356096
0.317809
0.45764
1.37132
0.18456
0.352603
-0.346383
0.422791
-0.0124415
0.676951
-0.294477
-0.0775397
-0.0055335
0.310857
0.0855931
-0.31095
0.710432
-0.535963
0.385592
0.626279
0.263578
0.984938
-0.0808465
-1.17136
0.0886379
1.19464
0.488803
-0.176634
-0.662055
0.719024
0.329996
0.289254
-0.19307
0.23118
0.420165
-0.755312
0.786537
-0.864768
-0.67778
0.576608
-0.176802
-0.162457
-0.528306
-0.819305
-0.779629
0.117904
0.109426
0.669026
0.90525
-0.701315
0.457047
-0.0880438
0.171703
0.188348
0.956017
0.303168
-0.240467
-0.947205
-0.546508
-1.0098
-0.809209
-0.670625
-0.626681
-1.2064
-0.569119
0.239446
0.857098
-0.257041
0.352348
-0.447555
0.884303
0.276271
0.174766
-0.0998189
0.140749
0.116272
-0.568769
-0.188702
0.651131
0.191482
0.117273
-0.218294
0.404632
-0.396327
-0.699634
0.715937
0.22677
-0.551823
0.0215101
-0.0756437
-0.126077
0.0213011
0.0349738
-0.508881
0.833504
0.183314
-0.549316
-1.17903
-0.115251
-0.35132
0.42698
0.860806
-0.0386242
-0.296092
0.346903
0.0339174
-0.259723
0.146508
-0.282343
-0.447688
0.236709
0.858987
0.27892
-0.352768
0.557621
0.446773
-0.692187
-0.290562
-0.104248
1.05324
0.165497
0.321561
0.125502
-0.107985
-0.0608533
-0.344491
0.598018
-1.0622
0.777527
0.643012
0.346191
0.316738
-0.347231
-0.205122
0.439076
-0.447196
0.641905
-0.00579184
-0.984903
-0.65521
0.0542865
0.154966
0.176232
-0.355482
-0.438538
-0.451496
0.40008
-0.309945
-0.242237
0.139702
-0.0427835
-0.584489
-0.605128
-0.230147
0.318389
-0.0936628
0.21731
-0.447309
0.49712
-0.602683
-0.354633
0.244804
-0.50974
0.371996
0.026073
0.0205722
-0.404808
0.282099
-0.62908
-0.154241
-0.520024
-1.01588
0.256698
0.0363339
0.787984
0.0836819
-0.757861
0.0249508
-0.133251
-0.258328
0.0204136
-0.517299
0.560615
1.26119
-0.837972
-0.202655
0.189388
-0.25624
0.36418
0.263814
0.200425
-0.169032
1.11882
0.202052
-0.393025
0.263948
-0.21535
-0.0764921
-0.244178
0.242253
-0.35217
-0.39667
0.521864
-0.349558
-0.0616367
0.0996505
-0.32559
-0.0132555
-0.496809
-0.610052
-0.274768
-0.198217
-0.431536
-0.361623
0.668626
-0.604472
0.314076
0.475143
-0.329537
-0.132122
-0.554732
0.388466
0.688609
0.411342
0.439598
-0.37353
-0.0846007
0.662975
-0.235046
-0.600404
0.548888
-0.251747
0.116055
-0.495507
0.384153
0.0941199
-0.195307
-0.870858
0.4998
0.173866
-1.00741
-0.761188
0.10062
1.34498
-0.769385
-0.429231
-0.190974
-0.224125
-0.296185
-0.0777302
-0.133473
1.09096
1.41614
0.319672
0.643107
0.359186
-0.74385
0.0333028
0.658801
-0.703589
-0.543036
-0.0336228
-0.448659
0.119576
0.0608404
-0.159423
0.227326
0.842666
0.357285
-0.308874
-0.360934
0.214321
-0.368446
0.145942
0.20656
-0.16247
0.0818604
-0.419205
-0.209018
0.0685638
0.216666
0.12429
0.57483
-0.308556
0.301872
-0.0649919
1.06191
-0.301299
0.0756949
0.587784
0.564597
0.739358
0.142206
0.0724421
-1.07139
-0.115385
-0.550414
-0.428449
0.468489
0.383757
-0.639339
0.497987
-1.34
0.582065
0.246149
-0.46244
-0.209213
-0.346532
0.198367
1.09287
-0.106098
-0.630885
-0.09727
0.496309
-0.0931085
0.564548
-0.71072
-1.52615
0.73851
0.182128
0.052702
0.295501
-0.531724
0.548645
-0.464204
-0.411489
1.09004
-0.249554
-0.583761
0.690028
0.065834
-0.430783
-0.0189333
-0.265705
0.857643
0.101988
0.422332
0.764975
0.219602
0.604177
-0.182131
-0.0655234
0.24651
0.0357378
0.293193
0.810516
0.274576
0.697847
0.346543
-0.110408
-0.461632
-0.0829792
0.358236
-0.0872499
-0.218302
-0.258682
-0.369002
0.476384
0.384038
-0.519149
-1.27349
-0.218868
-0.217434
-0.211066
0.711668
0.526153
0.491783
0.724387
0.195874
-0.248282
0.267299
-0.195189
0.0565154
0.516169
-0.760672
-0.725021
0.799433
-0.579498
-0.514766
0.681003
0.343042
0.595646
0.290453
0.586992
-0.141488
-0.139102
-0.0461427
-0.126711
0.0278131
-0.37142
0.315702
-0.545549
-0.313671
-0.196241
0.170249
0.70108
-0.290972
-0.215093
0.0332938
0.595314
-0.80035
0.0700445
-0.0644749
-0.1936
0.716727
0.048065
-0.129317
0.858034
0.171824
0.535929
0.0031652
-0.593551
0.287518
-0.0477016
0.209902
-0.401053
0.0641744
0.0653161
-0.683415
0.0848885
-0.398241
0.581364
0.557469
-0.701065
0.736788
-0.640156
0.576518
-0.103526
0.267213
-0.0244559
0.219123
-0.114194
-1.27662
0.0469263
-0.270713
-0.12444
-0.572621
0.499665
0.340944
0.484683
-0.515769
0.0961228
0.197977
0.40573
-0.318605
0.50692
0.00696836
-0.534908
0.545666
-1.06543
-0.0120171
-0.0256609
0.343573
0.409434
-0.129529
0.839925
0.00781902
0.202167
0.0594337
-0.453356
0.026863
-0.205774
-0.142558
0.00461613
-1.19197
0.247329
1.03796
-0.44068
0.980091
-0.396691
-0.227114
-0.336663
0.134452
-0.704988
-0.596817
0.556955
0.802315
-0.742752
0.144574
-0.765286
0.179608
-0.848588
1.12402
-0.328696
-0.566636
0.565575
-0.472214
1.23774
-0.515444
0.439965
-0.366349
-0.0590614
0.309925
1.01068
-0.0603223
-0.325123
-0.540908
-0.371373
-0.146207
-0.108674
-0.482058
-0.455058
-0.376381
-0.200594
-0.248914
-0.164713
0.465632
0.305745
-0.275357
0.0870711
0.302794
-0.12055
0.275786
-1.13017
-0.0969752
0.0860029
-0.101653
0.499798
0.470478
0.358144
-0.0451794
-0.445206
0.0403495
0.587352
0.0375511
-1.03186
0.116095
-0.599218
1.02821
-0.419411
1.42116
-0.277825
0.182755
0.030605
0.374939
0.090904
-1.0838
0.114869
0.563948
0.00597391
0.525693
0.02807
0.620433
0.564597
0.308422
-0.535494
0.035994
0.525116
-0.55024
-0.0826923
0.446104
0.362572
0.48294
-0.104176
1.32618
-0.195142
-0.592862
-0.097045
0.354502
-0.214781
0.170448
-0.268127
-0.193047
-0.325271
-0.0719689
0.212452
-0.409678
0.622916
0.700231
0.48664
0.781814
-0.361671
0.0567636
0.337911
0.0684395
0.710694
-0.0155555
0.209718
-0.0124498
-0.775667
0.0379852
-0.28643
0.114445
-0.555718
1.09543
-0.0257177
-0.823218
-0.032518
0.0486822
-0.138266
-0.421389
0.0295939
0.952705
0.503689
0.658262
0.608783
-0.399832
-0.314771
-0.448028
1.20028
1.4645
-0.108908
-0.553294
-0.180735
-0.62198
-0.0744138
0.835157
-0.64077
0.25087
-0.121142
-0.423016
0.259401
0.634831
-0.29143
-0.731886
0.5614
-0.471066
0.165455
-0.0708437
-0.250155
0.0577758
0.744192
-0.264445
-0.490824
-1.50343
0.0832332
0.183671
-0.283111
0.5205
-0.500838
0.00803911
1.02664
0.532848
0.473988
-0.0572172
0.131285
0.56184
0.177952
-0.209738
0.798752
-0.228294
-0.190944
-0.25032
0.465263
-0.0595725
-0.426697
-0.099419
-0.0699905
0.316338
-0.176855
0.333133
-0.0962462
0.352693
0.00497507
-0.525602
-0.0133432
-0.0767057
0.692664
-0.393417
-0.370308
0.672942
-0.179084
-0.87673
-0.354152
0.0494462
-0.704589
0.0799333
-0.0461478
0.111021
-0.13818
-0.420821
0.279006
0.640353
-0.638595
0.278359
-0.14522
-0.220832
0.512057
0.0828742
0.399364
0.00121698
-0.654012
-0.172583
-0.260945
-0.467059
-0.325366
-0.614879
-0.439847
-0.937058
0.0648185
-0.0990751
-0.312582
-0.287071
-0.601563
0.703342
0.652305
0.986876
-0.41154
0.0149636
0.073011
-0.403722
-1.31343
0.579212
-0.163641
-0.440729
-1.15789
0.156689
-0.361385
-0.182234
0.667626
-0.405975
-0.456196
-0.196729
-0.257693
0.327817
-0.400936
0.542645
-0.0515944
-0.176541
-0.0252943
-1.04229
-0.168085
-0.00652487
-0.252488
-0.216605
-0.320868
0.21696
0.72937
-0.747484
-0.239391
0.434638
0.708508
-0.619188
-0.125112
-0.831713
0.437446
-0.558546
0.19616
0.639183
-0.761609
0.0425366
0.890461
0.224685
-0.164454
-0.471669
-0.633421
1.65536
0.164077
0.263628
-0.405388
0.139517
0.254516
-0.161566
-0.336582
-0.269915
1.01481
0.555277
-0.158113
-0.117184
0.636707
-0.352031
-0.439541
-0.32449
-0.433529
-0.816286
0.468261
-1.07813
0.0841456
-0.077689
0.675387
-0.759863
0.497896
-0.238689
-0.373516
0.300622
-0.256948
0.243361
-0.624426
-0.182839
0.510557
0.244347
0.273482
-0.129986
-0.234273
-0.263311
-0.819695
-0.76713
-0.929699
-0.515997
-0.786281
0.315337
-1.35709
0.231188
0.255993
0.501697
0.565892
0.533381
-0.0345993
-0.265595
-0.00590741
-1.09747
0.401274
-0.817227
0.00117913
-0.17637
-0.141349
0.662437
0.167545
0.987248
-0.123148
0.0365544
-0.460363
0.0954169
0.345661
0.132671
0.0461192
-0.850998
-0.237534
-0.0752034
0.407665
0.156922
0.250798
-0.00830935
-0.609475
-1.14591
-0.126407
0.364145
0.128496
-0.451094
0.62982
0.174059
-0.238227
0.741111
-0.899592
-0.382474
0.739458
-0.265741
-0.191373
0.212577
-0.533796
0.749366
0.502346
-0.150555
-0.0531166
0.119605
0.035314
-0.324103
0.684403
-0.0610663
-0.153673
-0.429435
-0.00349517
0.456248
0.00886067
-0.402922
0.0245563
0.901851
-0.87571
1.22535
-0.46254
-0.706216
-0.130719
-1.07507
0.283943
-0.680274
-0.234474
0.61276
-0.181552
0.197318
0.11583
-0.557877
0.191015
0.248701
-0.52203
0.213131
0.530769
0.524009
-0.22246
-0.944611
0.670078
-0.196647
-0.120451
0.302554
0.407656
-0.849267
-0.194688
-0.51803
-0.694168
0.391013
-0.332783
0.561324
0.0988187
0.259972
-0.0694681
0.121217
0.0934889
0.0920926
0.492711
0.733404
-0.00753559
0.290835
-0.557058
0.972607
0.423911
-0.999031
-1.30337
-0.248565
-0.580347
0.549929
-0.437124
0.0521764
-0.0264905
0.0727032
0.281691
0.784311
0.58423
-0.390571
1.00447
-0.604301
0.139988
-0.700707
0.689783
-0.151836
0.114943
0.675616
0.276894
-0.0640733
0.440028
-0.203315
-0.702381
-0.0940393
0.0968439
0.344505
0.415459
0.409401
-0.732241
0.622265
-0.107434
0.45123
-0.54558
0.374175
-0.595082
-0.318617
-0.5773
0.110755
-0.237656
-0.0252737
0.237882
-0.800801
-0.354555
0.454945
-0.515883
0.767636
0.0922629
0.368821
-0.0600108
0.359693
-0.0712772
0.564137
-0.28047
-0.622705
0.185106
-0.698596
0.911636
0.240931
-0.0561905
-0.24375
0.147729
-0.749656
0.270243
0.258319
0.445081
-0.290368
-0.162296
0.63592
-0.341173
0.463268
-0.698734
0.0288416
0.437843
-0.280367
0.0972961
0.317531
0.208679
-0.586209
0.5954
-0.718895
0.302653
-0.139846
0.752693
0.548402
0.558233
0.421701
-0.132937
0.0726865
0.61724
0.0960407
-0.067437
0.216348
-0.202418
-0.943181
0.0839276
-0.079607
0.180727
-0.318814
-0.577712
-0.293025
-0.470281
0.623432
-0.34381
-0.0542955
0.187175
0.191548
-0.299321
0.0485024
0.0042031
-1.02538
0.147551
0.168831
0.137598
0.146653
-0.245932
-0.797536
-0.651148
-0.210264
0.0241398
0.939769
0.628583
0.428582
-0.154918
-0.439537
0.552209
-0.283211
-0.254639
-0.0837087
-0.47569
0.815412
0.208798
-0.745626
-0.249959
-0.133883
-0.719706
-0.179005
-0.667016
0.954914
0.968388
-0.189798
-0.128165
-0.599415
0.808974
0.300516
-0.730724
-0.767054
-0.460074
0.953177
0.0825107
0.303546
-0.25986
-0.991614
0.0217273
-0.282584
0.165503
-0.00465826
-0.555119
-0.615453
-0.279636
-0.382827
-0.870175
-0.147586
-0.409191
-0.172122
-0.187596
-0.300289
-1.03214
0.0445111
0.802036
0.297375
-0.738324
-0.305353
0.154688
-0.489976
0.43292
-0.686665
0.711033
0.197711
0.224856
-0.613229
0.465942
0.831168
0.276952
-0.571446
-0.918923
-0.390468
0.39703
-0.453628
0.014333
0.626132
-0.69025
0.134809
0.518286
-0.234856
-0.218124
-0.138499
-0.125827
0.196278
0.52764
0.000996116
0.425281
-0.501784
0.219002
0.0121846
-0.0504278
0.277323
-0.311624
0.319289
-0.0738892
-0.141036
0.155867
0.074397
0.134311
-0.339251
0.749315
0.382851
-0.00157476
1.19788
-0.378531
-0.0127172
0.29413
0.650209
-0.892292
0.396634
0.531131
-0.172149
0.442572
-0.284796
0.798023
-0.152737
-0.385343
0.948901
-0.65152
-0.156675
-0.0775833
-0.0142568
-0.864605
-0.683686
0.119773
-0.207365
0.411174
-0.528261
-0.0624077
0.340367
-0.669465
0.517928
-0.625382
0.344825
-0.0158043
-0.389452
0.92215
0.188185
-0.468558
-0.114508
-0.0743403
0.379117
0.082782
0.360234
0.0648384
-0.750027
0.449006
1.52461
-0.112921
-0.679988
-0.201363
0.110863
0.0758716
-0.728908
-0.613424
0.0337223
0.136615
-0.500541
-0.339604
-0.345935
-0.168039
-0.659633
-0.0381193
-1.0322
-0.0410804
0.563874
0.0269538
-0.362346
-1.20699
0.282471
-0.343213
0.178907
0.360651
0.156193
-0.633595
0.716991
-0.0287483
-0.348157
0.84876
0.12783
-0.335193
-0.208834
0.36948
0.249559
-0.0439861
0.170775
0.141903
0.00895496
0.239203
0.369723
-0.205666
0.584966
-0.529657
0.598914
-0.470939
0.00111262
-0.15549
-0.741473
0.405308
0.0987792
0.339522
0.00646731
0.654825
-0.0387653
0.0340591
0.608742
-0.433676
0.704633
0.0479765
-0.356756
-0.767083
0.177378
-0.264771
0.0120939
0.36766
-0.403738
-0.184492
-0.184348
0.446504
0.286383
0.933186
-0.197514
0.405352
0.3753
0.190098
0.120195
-0.17987
0.0502297
-0.260175
-0.802639
-0.0529489
-0.241123
-0.14947
-0.0387375
-0.529929
0.15803
0.882263
-0.111438
0.379072
0.132511
-0.530575
-0.0429369
-0.234912
-0.607283
0.0668127
0.631163
-0.509934
1.30124
1.48123
-0.356118
-0.252674
-0.413426
-0.454743
-0.455184
0.142384
0.167317
0.436659
-0.0442173
-0.0448948
-0.141308
0.282829
-0.139684
-0.559562
0.87376
0.592178
0.403098
0.546282
0.179304
0.129462
0.787767
-0.192879
-0.604281
1.00285
-0.226632
-0.505813
-0.0813497
0.128855
0.0904246
-0.58
-0.101663
-0.105152
0.0705932
0.385466
0.276441
0.0787752
-0.224525
0.133405
-0.548742
0.441477
-0.510828
-0.0054886
-0.0663129
0.295526
0.247734
-1.01569
-0.0607115
0.336114
0.0754607
0.409897
0.272323
0.636579
-0.0570601
0.217156
0.91782
-0.654962
0.524286
-0.695856
-0.068633
0.690234
-0.383469
-0.911089
0.0185839
0.728028
-0.539737
-0.294769
-0.314294
0.666977
-0.0649211
0.0833316
-0.067945
-0.691405
-0.494519
-0.627924
0.0994609
-0.624003
0.313379
1.04177
0.602797
0.134358
-0.0843953
-0.362819
-0.287194
0.477093
0.649582
-0.247116
-0.203207
0.916325
-0.351023
-1.0099
0.270713
0.158359
0.162958
-0.284081
0.723576
-0.927484
1.08402
0.0731406
-0.207329
0.0547678
0.00845562
0.0961628
-0.342854
0.371182
-0.263389
0.112584
-0.406854
0.12165
0.340037
0.207472
-0.192455
-0.58812
0.179231
-0.0374903
0.303233
-0.107955
0.0513932
-0.424127
0.338206
0.0265453
0.649777
-0.319808
0.46407
0.093751
0.857283
-0.253417
0.0131011
0.272316
-0.080819
-0.055084
-0.107877
0.241066
0.0620462
-0.0346613
-0.12451
-0.104978
0.583009
-0.186044
-0.27369
-0.423212
-0.317675
0.138479
-0.196786
-0.0300325
-0.195493
-0.14836
0.366205
0.0639191
0.255653
-0.254649
0.104345
-0.0233518
0.127682
-1.03073
-0.152944
-0.0532742
-0.600356
-0.108428
0.611717
1.23988
0.0134148
0.380468
0.404834
-0.834915
0.312073
0.263196
-0.283111
0.779956
0.702349
-0.116188
0.423999
-0.313072
-0.127264
0.289723
-0.507076
-0.392036
-0.161378
0.14883
-0.261782
-0.0630936
-0.147359
0.105827
-0.0782845
-0.56763
0.0210436
-0.234128
0.0380165
0.29387
0.995198
-0.0885956
-0.222405
1.008
-0.0829024
-0.542061
0.0083005
0.469071
-0.0631873
0.281021
0.0779233
-0.29738
-0.148168
0.552642
-0.0641015
0.606636
-0.733271
-1.07299
0.311655
0.552306
-0.598342
-0.164801
1.04219
-0.213581
-0.257701
-0.872628
-0.557258
1.12202
0.789083
-0.298385
-0.0845256
0.625475
-0.136917
0.65525
-0.153408
0.243812
-0.00689127
-0.346356
0.676618
-0.520661
-0.104994
0.48128
-1.4343
-0.614569
0.273209
0.535666
1.04311
-0.791468
-0.182937
0.317947
-0.106089
0.194712
-0.75021
0.580626
-0.444564
-0.182787
1.18805
0.273784
0.963294
0.533244
0.755925
0.39834
0.197645
0.0128195
0.846587
0.554198
-0.288127
0.0449679
-0.613574
0.215854
-0.0634895
0.0682714
0.490727
0.0773969
-0.112095
-0.00227687
0.0439037
-0.252829
-0.205098
0.829332
-0.446317
0.131787
1.34261
0.0470113
0.114612
0.0672437
0.428638
0.256931
-0.0309276
-1.00278
0.264049
0.030796
0.582155
1.1241
-0.245236
-0.040489
-0.203798
-0.107452
-0.351401
-0.38018
-0.566726
-0.117157
0.158108
0.570224
-1.17559
0.713467
-0.402485
0.213294
-1.33658
-0.038554
-0.108682
-0.162639
0.896174
0.280366
0.580859
0.253822
0.482082
0.112836
0.138026
1.39922
-0.140194
-0.0803013
0.197318
-0.845393
0.274091
-0.45676
0.788313
-0.0721113
0.517564
0.0965399
-0.632111
-0.110576
-0.239037
-0.70526
-0.746846
-0.391049
-0.926385
0.260496
-0.353262
0.166689
0.6581
0.271298
-0.37524
0.463203
-0.517434
-0.298147
0.114601
-0.00890769
-0.0203661
0.28348
0.842995
-0.281484
0.0158042
0.351881
0.540557
-0.861489
0.274637
-0.324078
-0.00622316
-1.1429
-0.115392
0.518818
0.154812
-0.532368
0.0342541
0.101169
-0.17818
-0.577198
-0.725141
0.166072
0.00159165
0.745177
-0.395139
-0.496616
0.140162
0.757676
0.335155
0.620031
-0.499334
-0.644376
0.606228
0.546817
0.0608076
0.215839
-0.540751
-0.409745
-0.80592
-0.537838
0.950115
-0.0813047
-0.209201
-0.233615
-0.0597448
-1.31918
-0.638815
0.113492
-0.3123
0.258349
0.480967
-0.424127
0.423422
-0.134865
0.962453
-0.736205
0.0887463
0.0169565
0.361497
-0.0730335
-0.344451
-0.266545
0.324233
-0.448427
-0.147029
-0.0311258
0.0486598
0.0110152
-0.150673
0.150842
0.259553
-0.79614
-0.200322
-0.0913504
-0.404308
0.512164
-1.0396
-0.720044
-0.606028
0.946341
-0.116491
-0.358093
-0.411075
0.809982
-0.496906
-0.123397
-0.321743
-0.739749
0.214984
-0.0836166
0.133759
-0.00820853
-0.765289
-0.61058
0.326822
-0.751087
-1.05851
-0.793523
-0.377448
-0.325938
0.840944
-0.388532
-0.0520335
-0.706451
0.359369
-0.171932
0.925861
0.121278
-0.338414
1.24091
0.532629
0.935963
-0.103304
-0.723967
0.428039
-1.02246
0.488462
-0.632965
-0.144412
-0.56635
0.390296
0.313087
0.336413
0.216584
-0.0497497
0.196319
-0.510425
0.0649226
-0.168585
0.574559
0.119125
-0.256961
0.263714
0.19296
-0.10613
0.391032
0.403988
-0.794912
0.653637
0.406093
-0.124088
-0.960493
-0.16228
-0.0932833
0.370214
-0.213117
-0.686924
-0.271697
0.190212
-0.0293378
0.605852
0.733234
0.152875
-0.0917197
-0.0696932
0.120236
-0.940654
0.301021
-0.336135
-0.0896558
-0.322742
0.745471
0.710245
-0.37449
-1.06994
0.623988
0.019063
0.332399
0.577948
-1.30822
-0.13002
-0.233008
-0.226157
0.116676
0.118496
-0.705926
0.878611
0.391464
-0.142976
0.280481
1.33812
0.0624432
0.281793
-0.68232
-0.456283
0.580418
0.919555
-0.156459
-0.107629
0.143547
-0.755205
-0.61198
-0.309781
-0.104734
-0.585935
0.0463715
0.361538
0.105597
0.858815
0.277903
0.689759
0.723904
-0.043804
0.349769
-0.22297
-0.281933
-0.091033
0.127702
0.33056
0.0702431
0.106565
-0.347112
0.150963
-0.611738
-0.0804363
-0.29436
-0.386969
0.472631
0.465444
0.431249
-0.111932
0.924489
0.414395
0.131825
-0.153751
-0.558355
-0.335861
0.339465
-0.0349662
0.435686
0.103189
0.146307
-0.0889903
-0.848209
0.483469
0.348754
0.111274
-0.706205
-0.0898605
