-0.461018
-0.0455327
0.18357
0.300214
0.763153
0.746435
-0.105514
-0.250704
-0.323668
0.0541219
-0.873224
0.343734
1.09879
-0.208775
0.585024
-0.798777
0.0345566
0.652716
0.416157
0.428031
0.483184
-0.0496461
0.379587
-0.754955
0.524308
-0.323447
-0.916819
0.0752004
-1.02449
-0.309503
-0.479768
-0.255917
-0.202222
-0.348819
0.568974
0.0134174
1.00151
0.151059
0.619934
-0.123392
-0.298666
0.455795
0.0426347
0.380003
0.0798398
0.108221
0.191971
0.142143
0.320529
0.178836
-0.539962
-0.249153
-0.500924
0.291527
-0.159114
1.10292
0.00866408
0.68283
-0.660184
0.262791
-1.43714
-1.13279
-0.609851
-0.845628
0.162158
0.856219
-1.08308
0.854001
0.0418602
-0.0704552
0.173142
0.357992
-0.413725
-1.04268
-0.208
-0.521326
0.110134
-0.283
0.397003
-0.447894
1.22195
0.610211
0.0669868
0.130029
0.566549
0.527054
-0.271984
-0.0846949
-0.599078
-0.0392879
0.266909
-1.35703
-0.117532
0.139777
-1.45161
-0.304522
-0.683192
0.729202
-0.00997124
-0.455783
-0.562173
0.219623
-0.119208
0.350726
-0.746919
0.0734132
-0.0341378
-0.487863
0.128365
-1.04241
1.20873
1.26533
-0.313432
-0.518706
0.476527
-0.371443
-0.989643
-0.202383
-0.101485
-0.039452
0.116372
-0.334491
-0.253669
-0.632319
0.443059
0.0341752
0.083497
0.528184
0.00425578
0.201293
0.645097
-0.168049
0.571765
-0.0817674
-0.76261
-0.584093
-0.261887
0.102327
-0.192525
0.059416
0.862667
-0.13458
-0.262595
-0.0296974
-0.543124
0.198343
0.559064
-0.106462
-0.207559
0.669105
0.374966
0.193263
0.111197
0.0610763
-1.45982
0.510917
0.486515
0.269412
0.0638618
0.270913
0.143494
0.933229
0.0701677
-0.270108
-0.768591
1.16613
-0.0521058
0.787267
-0.120957
-0.559541
-0.865532
-0.468333
0.187522
0.909437
0.0791183
0.733842
-0.384011
-0.222938
-0.386243
0.230899
0.364099
-0.406147
0.44476
-0.751742
-1.12311
0.61654
-0.318214
-0.370568
-0.354255
0.318168
-0.152756
-0.365597
-0.739951
-0.765236
0.875239
-0.4621
0.765759
0.927437
0.191018
0.041656
-0.0250309
0.459413
-0.294985
-0.955553
1.03627
0.505973
0.940393
-0.963562
0.639695
0.102208
0.154195
-0.222655
0.668059
0.357408
-0.589135
-0.8803
0.425892
0.539483
-1.21403
-0.461319
-0.591506
0.140446
0.0105331
1.14714
0.494805
-0.285377
-0.728765
-0.899762
-0.119422
0.879974
-0.611301
-0.285033
1.3461
0.277921
-0.55466
-0.284096
0.182446
0.106135
-0.037125
0.0185968
-0.305533
0.165686
0.17194
-0.223725
0.0365269
0.662869
-0.217699
-0.629662
-0.766752
-0.633637
0.577295
-0.305571
-0.134956
0.0872027
1.02924
-0.885281
0.178341
1.0134
-0.729466
0.356129
-0.463239
0.227807
-0.618332
-0.376792
-0.546451
-1.0646
-0.0278294
0.37636
0.161231
1.55875
0.0482863
-0.0409581
0.679175
0.28121
0.114998
0.980152
-0.14404
-0.883582
0.26048
-0.424458
-0.0835516
-0.705509
0.482553
-0.103213
0.251698
-0.436427
-1.15065
0.581782
0.274892
0.993942
0.580172
-1.14678
0.999681
0.592828
0.00754071
0.244677
0.364541
-0.479906
-0.0152412
1.26813
1.17998
-0.119566
0.129709
-0.165726
-0.771833
-0.288931
-0.0185361
-0.869114
-0.0140794
0.170383
-0.34192
-0.19524
-0.527068
0.725385
0.427705
0.401908
0.350382
-1.10202
0.381683
-0.500137
-0.389784
1.19991
-0.714506
-0.480308
-0.59217
0.657834
0.432469
-0.651098
1.04988
0.0942226
0.289629
0.05783
-0.387536
-0.076284
0.250018
0.222669
0.790737
1.40873
0.310166
0.0391431
0.618303
-0.194417
-0.293498
-0.161107
0.050459
0.471611
-0.374748
-0.00483681
0.717081
0.548814
-0.129642
0.53527
0.0454823
-0.0556137
0.301578
0.668604
-0.77395
0.273285
-0.0982014
-0.0393748
0.312334
-0.506446
0.0590777
0.294853
-1.07796
-0.00628662
0.219087
-0.016215
-0.656572
-0.339178
-0.0975827
0.234708
-0.733212
0.88688
-0.696702
-1.45077
-0.155002
0.416774
-0.52717
-0.509876
-0.422294
-1.01392
-0.822651
-0.454282
0.991816
0.880956
-0.443611
0.0175802
0.19055
-0.640426
0.11542
-0.636568
0.318578
0.712467
0.355508
0.335648
0.293838
-0.0614442
-0.359166
0.190049
-0.464776
0.409644
-0.353439
0.98696
-0.75501
0.180617
0.249945
-0.426362
-0.576532
-0.848803
-0.266706
0.0647328
-0.931959
-0.544988
-0.809591
0.506608
-0.33847
-0.281216
-0.102519
-0.459796
0.0109609
0.173379
0.249455
0.0492392
0.423049
0.3886
1.33212
-0.506943
0.233488
0.729953
-0.118275
-0.68204
-0.115325
-0.2274
-0.124494
-0.0875222
0.307303
0.720764
-0.523894
0.125068
0.484266
0.231484
-0.729787
-0.261063
0.749756
-0.182641
-0.0107064
0.334971
0.0213665
0.561812
0.0977965
-0.427991
-0.3462
0.944417
-0.26115
-0.634238
-0.135122
0.540236
-0.282927
1.18594
-0.117389
-0.499731
-0.275813
-0.057053
-0.0716981
0.488211
-0.355623
-0.228658
-0.459286
0.253448
1.02456
0.94203
-0.228971
-0.154217
0.303761
1.45516
-0.380316
-0.730842
-0.624446
0.123401
0.077782
-0.00198326
-0.16159
-0.198233
-1.16646
0.51814
-0.17991
-1.00462
0.425242
-0.204245
-0.214377
-0.138027
0.628737
-0.611986
-0.318366
-0.0106714
-0.856985
0.460656
0.177053
0.423479
-0.0248221
-0.232732
-1.11141
-0.349011
-0.279774
1.65019
0.0229113
0.272475
0.602885
-0.444382
0.289207
-0.109945
-0.0138116
0.231059
0.475462
0.580617
0.683738
-0.249494
0.360997
0.324323
-0.553571
-0.145091
-0.398291
0.907248
1.0197
-0.179994
1.25626
-0.771911
-1.09503
0.134942
-0.398126
0.329742
-0.350275
-0.605893
0.920501
-0.0598663
-0.169888
-0.113135
-0.915857
-0.183563
-0.0257623
0.234475
0.902219
0.295357
0.194934
-0.120232
0.611392
0.540751
-0.295211
0.74399
0.323118
0.158068
0.184329
0.425437
-0.168038
-1.06201
-0.383264
0.982804
-0.484702
-1.26907
-0.538507
-0.13334
0.386971
-0.274565
-0.520948
-0.23729
-0.0378331
0.163231
-0.720484
-0.219176
-0.497948
0.250791
-0.647675
-0.163308
-0.500179
1.03495
0.86791
-0.242226
0.194504
-0.669416
0.4929
-0.00519292
0.0375078
0.746955
-0.738733
0.704745
-0.261377
-0.57903
-0.51748
0.911005
-0.61576
-0.198177
0.491843
0.135495
0.285094
-0.599885
-0.166971
0.430887
-0.428223
1.09782
0.215501
0.581026
0.763169
-0.438799
0.338727
0.434436
1.03954
-0.539674
-0.563767
0.037538
0.0220924
0.00824601
-0.109072
0.313359
-0.680547
-0.00789523
0.496923
-0.893952
0.638003
0.491003
0.123342
0.612836
-0.217545
0.485753
-0.0941939
0.0133265
-0.325039
0.597509
-1.01496
0.289087
0.858271
-0.154481
0.158513
-0.511462
-0.507594
0.744879
0.0244886
0.423062
-0.868019
0.0323584
-0.266447
0.934588
-0.342311
0.143592
-0.682981
0.125254
0.363286
0.323687
0.727759
0.330284
-0.0887992
-0.516683
0.0616086
-0.356476
0.365894
0.144667
0.185821
-0.269713
-0.482185
0.810894
0.0963063
0.658683
0.383471
-1.70722
-0.327703
-0.760084
-0.0190649
-0.312778
0.0532123
0.588445
0.810818
0.712891
-0.850119
0.629871
-0.251251
0.334236
-0.279761
0.721319
0.130847
0.43156
0.368074
-0.372652
0.887865
1.01257
-0.700669
-0.133934
-0.387954
1.20561
-0.172699
-0.22804
-0.898113
-0.0411833
0.341299
-0.406324
0.464089
0.720851
0.261223
-0.169677
-0.727687
-0.715645
0.227404
0.355268
1.21255
0.0462907
-1.09797
0.287033
0.591634
-1.16115
0.390446
-0.235418
-0.23561
0.447099
0.224341
0.102812
0.254848
-0.882835
-0.508165
0.335082
-0.194045
0.606812
-0.691041
0.166066
-0.0412253
-0.58564
0.458385
-0.310477
0.23791
1.16096
0.164011
-0.75551
0.925902
-0.857601
-0.663997
0.177335
0.178518
1.0142
0.0261401
-0.104172
-1.5086
-0.186899
-0.144886
-0.241764
0.744923
0.432021
-0.0414264
0.909483
-0.0466016
0.135138
-0.128668
0.37633
0.309899
-0.0952587
0.297493
0.504949
0.422739
0.806198
0.193011
0.680205
0.538263
-0.368654
-0.228876
-0.424773
-0.0141069
-0.218916
-0.448704
-0.966802
-0.336101
0.794336
-0.0504349
0.252599
0.372231
0.838771
-0.544908
-0.770544
0.117249
-0.927925
0.214767
-0.0293735
-0.155401
1.10566
-0.42318
0.423322
0.090501
-0.0862264
0.532599
-0.150163
1.10543
-0.200365
-0.110165
0.268042
-0.758794
0.522533
0.087871
-0.0533414
-0.948075
-0.538491
-0.734049
-1.54522
-0.29942
-0.315629
0.747162
0.0991176
-0.736063
0.0570383
-0.00918225
-0.385564
-0.312871
0.361917
0.824024
-0.159552
-0.553717
-0.354831
-0.377328
-0.26739
0.0353689
-0.0733153
0.720755
-0.808581
-0.394216
0.417245
0.689211
-0.861187
-0.410679
-0.545867
-0.0257128
0.0107188
-0.0859769
0.905072
-0.47471
-0.598485
-0.339566
-0.334289
0.976267
-0.235773
-0.215756
0.341348
-0.877025
-0.0223023
-0.492515
-0.458248
0.222787
-0.761638
0.24751
-0.0963571
-0.0573783
0.643696
0.103691
0.239776
0.868946
-0.0559267
0.0755447
0.0466336
-0.530332
-0.167275
-0.0258052
1.64475
-0.204642
0.0881607
0.574339
0.0612307
0.76304
-0.735103
0.347953
-0.107297
0.406023
-1.29565
-0.194391
0.596354
-0.754371
0.709933
-0.984491
0.339974
0.558343
-0.596826
-0.317594
0.0565306
-0.141816
0.228504
-0.553387
-1.404
0.0542052
0.297064
0.349952
0.227411
-0.0496294
0.115262
-0.30555
0.302738
0.705504
0.254031
0.221834
-0.107191
-0.664782
0.618261
0.236168
-0.0303646
-0.190421
-0.483612
0.0283432
-0.409882
-0.905333
0.337908
-0.115094
0.186637
0.755765
-1.3686
0.206989
-0.264475
-0.920692
-0.902574
0.131062
0.363407
0.377438
0.546435
-0.528344
-0.936235
-0.507909
0.709444
-0.163309
0.986347
0.143491
0.461238
0.853426
0.641553
0.552534
-0.144419
-0.818664
-0.161173
-0.902738
0.805909
0.460762
0.464924
0.382
-0.0417057
0.808429
0.229294
0.382585
-0.385274
0.0657217
0.286627
0.695204
0.98298
0.950322
-0.243886
-0.81948
0.21905
0.36278
-0.0752909
-0.476639
0.137248
-0.431274
0.217558
-0.137653
0.0819302
0.798618
-0.629113
-0.806749
-1.06965
-0.30886
0.675993
0.242564
-0.484118
0.217134
-0.0620563
-0.901975
-0.19266
1.81266
0.809297
-0.604165
0.433274
0.412507
-0.669821
-1.54424
-0.733482
0.667381
0.634527
0.533391
-0.567753
0.576747
-0.0260886
0.487658
0.215325
-0.316974
-0.701986
0.285927
0.525895
0.373576
-0.334294
0.458641
-0.533712
0.157674
0.128969
0.0910094
-0.617077
1.21264
0.60427
-0.58189
0.449651
-0.772716
0.194527
-0.252503
-0.328294
0.137099
0.44335
0.766056
-0.185733
0.564122
0.733719
-0.282512
0.111571
0.538931
-0.632469
-0.202113
0.215367
-0.15153
-0.305178
0.0681084
0.152212
0.0783831
-0.00821422
-0.256961
-0.413163
-0.383563
0.176432
0.485248
-0.236953
0.484336
-0.730717
-0.353492
0.593829
-0.0970689
1.08002
-0.393983
0.0736351
0.813113
0.487697
-0.532365
-0.362693
-0.455242
-0.102612
0.153038
0.634741
-0.7303
0.0664809
-0.321397
-0.0268727
-0.604916
0.292107
2.3689
-0.316543
0.850721
-0.530703
-0.2672
-0.291774
-0.108605
0.57779
-0.543857
0.13469
0.211591
0.31255
-0.22115
0.839954
-0.0519969
0.839927
0.785249
-0.595266
0.652355
-0.533293
-0.0503674
-0.415516
0.431321
-0.0364356
0.390867
-0.455814
-0.0341735
-1.09736
0.496437
-0.438846
-0.116822
0.125697
-0.423827
-0.751854
-0.477829
0.0996977
-0.431837
-0.290943
-1.15336
-0.0215087
0.250195
0.675615
-0.210464
1.00826
-0.0964162
0.276117
0.0724438
0.527503
-0.535939
0.801185
0.544397
1.05067
-0.469013
-0.0445522
-0.559967
-0.23104
0.506706
0.96148
0.390457
0.409108
-0.59952
-0.308427
0.655397
0.193611
0.807534
-0.185589
0.481825
0.361983
-0.585411
0.165899
-0.758262
1.02926
0.395447
0.586192
-0.614947
-0.544106
-0.662371
-0.506064
-0.063242
0.632117
0.523034
1.04963
1.72607
0.0953075
-0.70522
1.02061
-0.00277315
0.643827
0.237954
0.922672
0.318466
0.75314
0.0430584
0.797803
0.531824
-0.143706
0.878335
-0.971618
0.601976
0.623499
-0.383453
-0.912195
0.307316
0.253492
0.619189
0.148608
0.18982
0.261705
0.120878
-0.264412
-0.713627
0.747781
0.794153
0.0628115
1.10685
-0.688634
-0.830317
0.191244
-1.1102
0.869948
-0.158426
0.436702
-0.924899
-0.464873
-0.395817
0.408861
-0.111446
0.0610558
0.838626
-0.600093
-1.21929
-0.46656
-0.606834
1.75771
-0.830127
-0.0766988
1.18609
0.145972
-0.96634
-0.762419
-0.453143
0.108887
0.283232
-0.316822
0.330601
-0.239227
0.223248
1.01521
0.0607591
0.678705
0.802199
-0.247332
-0.623315
0.232142
-0.305893
0.115678
0.521015
-0.51298
-0.282247
-0.539077
-0.50726
0.253592
-0.899222
-0.223545
0.835335
-0.020032
-0.17271
-0.806578
0.901142
0.0496412
-0.73573
0.0124581
-0.177821
0.610902
-1.06524
-0.460342
-0.092325
0.496376
0.00525784
-0.769244
0.395322
-1.49408
0.164484
0.266099
0.0947387
0.0882745
0.508399
0.611649
0.0543872
-0.238449
-0.183667
0.194414
-0.480851
0.484545
0.739332
-0.014864
0.116553
-0.066324
0.968341
0.458669
-0.310141
-0.505177
0.810247
0.601008
0.0229909
-0.068285
-0.366064
0.601942
0.797409
-0.692622
-0.893957
-0.286658
-0.558713
-0.153875
0.679944
-0.673884
-0.0689536
0.335846
0.746002
-0.609437
0.547
0.200799
0.136282
-0.411898
-0.491264
0.233123
-0.336052
-0.428045
-0.707376
0.148512
-0.369124
-0.19646
-0.249302
-0.440919
-0.061997
0.44515
0.176358
0.0535904
-0.329626
-0.676957
0.230074
-0.0330883
0.310722
-0.935519
-0.572183
0.216799
0.939346
-0.511838
0.709797
-0.626265
0.795103
0.230136
0.712414
-0.0121722
-0.270156
-0.196374
0.385933
0.431996
-0.486398
0.424879
0.377889
0.399399
0.742544
1.13401
-0.0532122
0.531975
0.129306
-0.467814
0.500246
-0.397836
-0.847805
-0.0379193
-0.394119
0.675295
1.06785
1.08845
-0.354722
-0.858671
0.501735
0.52201
-0.14989
-0.671891
-0.0787712
0.155129
0.447768
0.229513
-0.573786
0.446399
-0.664336
0.0729863
0.617128
0.17594
0.0554689
0.357381
0.71739
0.591064
1.0438
1.08953
0.233996
-0.721973
0.279472
-0.691195
0.0230326
-0.283158
-0.513288
0.184748
-0.837935
-0.127215
-0.219146
-0.10299
1.61548
0.414078
0.918444
0.00674052
0.56668
0.729963
-0.829012
-0.152688
-0.455249
0.622636
-0.0155804
0.713156
0.578732
0.000705005
0.186471
1.43788
-0.382456
-0.17923
0.389547
0.617528
1.36386
0.178291
0.491722
0.031416
0.0367425
-0.198694
0.0589715
0.470091
-0.241284
-0.732203
-0.0156218
0.703166
0.0868809
0.940414
-0.392611
-0.315973
-0.712661
0.251615
-1.09733
0.752915
-0.132247
-0.279584
0.669062
-0.581862
0.174319
0.243748
0.598642
0.824967
-0.984451
0.721319
-0.00209305
-0.311603
0.56139
0.486461
-0.987742
-0.502123
0.406632
-0.483828
0.264846
0.0259309
-0.320325
0.752708
0.517886
-0.213871
-0.141371
0.363885
-0.642981
0.880696
-0.498039
-0.628402
-0.129206
-0.0600163
0.0833227
0.775119
-0.286677
-0.185079
-0.444633
0.533718
-0.294656
0.351866
0.271773
-0.0649575
-0.894675
-0.630973
0.8155
0.694011
-0.456248
0.605163
-0.13497
0.726058
-0.325665
0.288305
0.985831
-0.446097
0.0970631
0.957885
0.756817
1.04441
-0.744322
-0.562166
-0.190491
-0.0756786
0.343695
0.514417
-0.827607
0.616937
0.172673
0.34731
-0.0833853
0.294214
0.0258971
-0.233095
-0.524439
-0.32756
0.312981
0.265888
0.751363
0.688731
-0.067327
0.496157
0.573769
0.0929066
-0.861839
0.695378
-0.481025
-0.23883
0.321623
1.0805
1.08228
0.225462
-0.196812
-0.29024
-0.161679
-0.228991
-0.918842
-0.676692
0.158331
0.668108
0.033888
-1.00234
0.920535
-0.269093
-0.442763
0.0292255
-0.35861
-0.636056
0.514105
1.97384
-0.156279
-0.753714
0.442506
0.424493
0.343547
-0.118621
0.0276993
-0.184649
-0.534029
-0.716551
-0.787385
-0.547736
-0.810255
0.132496
0.135833
-0.680157
0.105922
0.156142
0.209222
-0.422432
1.19569
-0.643353
-0.604445
0.0209199
-0.781504
0.236475
0.166838
0.53232
-0.540161
0.288108
0.189832
0.315476
-0.384677
-0.688824
0.069951
-0.180461
0.548671
0.127134
-0.779226
-0.269235
-0.223762
0.392482
-0.166467
-0.174754
-0.191462
0.637684
0.00995825
0.956552
0.0411081
0.6038
0.196228
-0.302432
0.411809
0.713462
-0.255387
-0.557834
-0.352703
0.725378
0.181229
0.494448
0.0265904
-0.649591
-0.967943
0.428088
-0.119665
0.0876174
0.416501
-0.184366
-0.088812
0.781595
-0.365171
1.06469
0.66115
0.851916
-0.348806
-0.343835
-0.0721658
-0.0730412
0.415339
-0.265756
-0.175171
-0.453213
0.551495
0.228343
0.458515
0.358802
-0.2382
-0.150308
-0.0800705
-0.335587
0.479359
0.86869
0.0891659
-0.366432
0.38017
1.05203
-0.325014
0.983795
-0.0443595
-0.114799
0.46575
-0.42549
0.231232
-0.606003
-0.464369
0.240737
-0.143779
-0.414018
0.0463864
-0.571252
-0.310208
0.000327333
-0.590054
-0.0038258
0.118439
0.603968
0.689719
0.665292
-0.483126
0.458225
0.605818
-0.347765
0.472544
-0.40981
0.359336
-0.111866
0.0692785
0.344269
-0.476256
0.15526
0.442564
-0.334712
-0.537923
0.267405
-0.149102
-0.678499
-0.220493
0.0704712
0.1357
-1.1452
0.831083
0.0593793
-0.311294
-0.537279
-0.0362371
-0.219359
0.242706
0.275873
-0.144864
0.636358
-0.218793
0.590444
0.510326
-0.483576
1.68059
0.12727
-0.75195
0.320537
-0.847509
-1.1998
-0.574795
0.537134
-0.578448
0.434048
-0.305409
-0.367376
0.588833
0.0357722
-0.147956
-0.610327
0.282241
-0.775791
0.739689
-1.31134
0.347413
-0.666377
0.40648
0.664884
-0.545023
-0.358056
0.07259
0.0423281
-0.28955
0.000950066
-0.872703
-0.131954
-0.512341
-0.842118
-0.198069
0.276604
-0.611869
0.0215591
-0.426267
-1.48755
-1.35743
-1.24469
0.0453084
-0.655799
0.521764
-0.125016
0.0172217
0.774502
0.218495
1.10386
0.557242
-0.0438997
0.228554
-0.383377
-0.0720911
0.180368
-0.267485
0.81556
-0.025597
-0.142177
-0.124806
-0.500906
-0.0440199
1.02371
-0.24653
0.910911
0.103577
-0.3947
-0.0492569
0.232551
-0.259087
0.210057
-1.52143
-0.0325773
0.542807
0.224434
-1.06178
0.684834
-0.994785
0.201117
0.0924935
-0.605972
-1.21697
-0.26316
0.0639496
0.528917
0.469006
0.636346
-0.507784
-0.211208
-0.718194
-0.7412
-1.22387
-0.814089
0.892139
0.215928
0.0537212
0.0254928
0.496223
1.29628
0.501224
-1.10036
0.411198
-0.488151
0.586439
0.0350171
0.305193
-0.064228
-0.449168
-0.589944
-0.126487
-1.45755
-0.141295
-0.018416
-0.236069
1.11822
-0.631975
0.056381
0.243843
0.472023
0.155913
-0.670934
-0.468361
0.564429
-0.178329
-0.198438
-0.320857
-0.728567
-0.866676
-0.257339
-0.0700402
1.22698
0.454106
0.195658
0.77227
0.295196
-0.203815
-0.0692471
0.685673
1.39071
-0.0706814
0.0602227
-1.13936
0.252023
0.477187
0.325115
0.514403
-0.640048
0.674029
0.0686574
0.453681
0.976655
0.339541
-1.34232
0.55519
0.239382
-0.150486
0.738934
-0.371183
-0.395986
-0.949305
-0.0188348
0.00524441
-0.635117
-0.718574
0.0944713
-0.179896
-0.267571
0.0346472
-0.329195
-0.1158
-0.409975
-0.0247061
0.396115
0.215846
0.478722
-0.785426
-0.911723
0.921044
0.737341
-0.324087
1.04921
-0.779065
-0.367474
-0.509531
0.0728764
-0.752024
-0.0593882
0.437098
0.176869
-0.548789
-0.304665
0.312185
0.644222
-0.455715
0.777358
0.345604
-0.693828
-0.255213
0.820376
0.152334
-0.160409
0.943512
-0.27148
-0.338376
0.749645
-0.0428204
-0.314787
-0.118324
0.267847
0.118589
1.08311
-1.3463
0.0365476
-0.0990766
0.694457
-0.332216
-0.740927
-0.156877
0.0963462
-0.769243
0.791727
-0.664228
-0.921796
0.922771
0.703233
-0.123725
0.434407
-0.424917
0.319132
-0.73828
-0.609494
0.304149
-0.0777395
0.61273
0.396413
-0.444102
0.712025
0.503631
0.467085
0.837174
-0.3468
0.317856
0.431342
0.189208
0.481578
0.313605
0.45459
-0.0125467
-0.0666847
-0.203491
-0.00312957
0.0633248
-1.02807
0.626891
0.0867899
0.2022
0.0705494
-1.25493
-0.838676
-0.470104
0.983582
-0.812733
0.0108352
-0.131475
-0.716456
0.136667
-0.0440964
0.744223
0.489379
-1.08986
0.0213706
0.105489
-0.0607346
-1.68145
-0.0126
-0.354906
-0.514006
0.10479
-0.305492
-0.0852316
0.494762
-0.488991
0.468053
-0.426317
-0.115916
0.471781
1.08005
0.596847
0.128401
1.35649
-0.011919
0.0760433
-0.0179433
-1.06987
0.520915
0.804263
-0.0167303
0.398243
-0.378626
0.114437
-0.252431
-0.690418
0.557523
0.358489
0.602665
-0.576339
0.00648724
0.211735
-0.353843
-0.0504708
-0.626559
-1.20769
-0.265118
0.328101
-1.40887
0.5444
-0.353128
0.415437
-0.576199
0.444718
0.448546
1.23147
-0.356541
-0.495031
-0.181776
0.803222
-0.594887
0.342424
-0.63582
-0.475917
0.102099
0.446389
-0.294996
0.570754
-0.519034
0.0297212
-0.00070452
-0.363642
0.301548
-0.0429223
0.148119
-0.268354
-0.928529
1.18166
1.10441
0.472985
0.413539
0.311686
-0.131867
-0.600088
-0.267818
-0.407613
0.43263
0.621365
-0.50947
0.108895
1.62716
0.674117
0.572828
-0.0320698
1.04017
0.320344
-0.145175
0.0672925
-0.702593
-0.163389
-0.0712488
0.00976976
-0.829245
-0.281181
0.828245
0.0730692
0.113595
0.596182
0.413349
-0.267541
-0.66371
0.776556
0.265375
0.381588
0.0453053
-0.853147
0.534794
0.347064
0.634698
1.04091
-0.541168
-0.797295
0.530414
-0.1635
0.371685
0.0342642
-0.487904
0.565085
-0.137646
-0.131788
-0.526861
0.00475004
-0.236566
0.0971075
-0.279642
0.0186271
-0.639331
-0.0774223
-0.126947
0.080772
-0.372459
-0.952859
1.67065
0.301714
-0.742471
0.727943
0.271946
-0.756976
-0.415417
-0.25586
-0.44536
-0.14308
0.62693
-0.168308
0.0252248
-0.0289657
-0.0801032
0.521558
-0.472433
0.808656
-0.150877
0.451867
0.559273
0.192032
0.0251774
-0.1738
0.424296
-0.407334
-0.6033
-0.735429
-0.660163
-0.625326
-0.485304
-0.174596
-0.98724
-0.659326
-0.330078
-0.497665
-0.422129
0.465562
0.060479
0.628176
-0.160581
0.168965
0.587058
0.430499
-0.0123756
-1.09887
0.135079
-0.352457
1.06352
0.00357342
-0.88279
-1.01935
-0.316333
0.72533
-0.243661
0.00332097
0.597851
-1.13024
-0.529772
-0.69921
-1.11372
0.15725
-0.305679
0.988741
0.941833
-0.294404
-0.148901
0.0554659
1.31847
-0.572091
0.0369907
0.285549
-0.625891
0.390858
0.884788
0.238305
-0.387344
0.849042
-1.39845
-0.845356
0.00854969
-0.754879
0.595506
0.277373
-1.09631
-0.543735
-0.324182
0.137051
-0.067677
0.498288
-0.48617
0.458925
-0.426853
0.0459596
1.25793
0.00900599
-1.17331
-0.103714
0.106779
0.135792
0.791332
-0.181467
-0.569125
-0.642071
1.01913
-0.723437
0.477716
0.592212
0.0322293
-0.840242
-0.829648
-0.0841145
-0.183598
0.745694
0.534488
1.01493
-0.390703
-1.03763
-0.435721
-0.261503
0.59813
-0.387172
0.513502
-0.0989762
0.526937
0.40846
0.292633
1.24956
0.357372
-0.572352
-0.606441
0.531755
-0.423319
0.635298
-0.909649
0.591566
-0.0816746
-0.259888
1.10725
-1.24136
-0.591706
-0.555627
-0.139946
-1.08066
-0.802199
-0.0550059
-0.432782
0.038065
-0.241021
0.0877988
0.426508
0.306105
1.20405
0.0731237
-0.855063
0.664836
0.369349
-0.071276
-0.355061
0.495873
-0.738023
0.157287
-0.0196268
-0.398441
0.174393
0.49445
0.677017
-0.732518
0.00381399
-0.431132
0.53973
-0.433724
0.462065
-0.607974
0.212321
-0.0727843
0.224415
-0.906821
0.218149
0.460355
0.343806
0.287653
-0.465292
-0.87069
0.104404
-0.56881
0.0663302
0.388424
-0.389889
0.42379
0.47524
-0.154643
0.45879
-0.372517
-0.349585
-0.1381
-0.0693883
0.878979
0.582487
0.6764
-0.11874
-0.125525
0.070625
-0.0102738
-0.562758
-0.9156
-0.192114
0.933205
0.847225
-0.498
0.272085
-0.499369
0.815242
-1.19561
1.19561
0.00148088
-0.452325
-0.124733
0.0135255
-0.681378
0.0193397
-1.12896
-0.360215
0.535198
0.0386035
0.0737833
-0.18385
1.13565
-0.0262661
-0.172089
0.450777
0.0181609
-1.06962
0.413373
0.96815
0.784064
0.0864823
0.140597
0.0348354
0.448503
-0.170679
-0.129094
0.511439
-0.129107
-0.418509
0.458842
-0.00224318
0.0901378
-0.107803
0.210899
-0.330323
-0.38477
-0.184148
1.04848
-0.0572972
-0.338868
-0.743407
-0.0308941
-0.511792
0.026157
-0.422943
0.922127
-0.0506084
-0.629913
-1.54949
0.7869
0.12236
0.831936
0.751227
0.0851837
0.113926
-1.18427
-0.300415
-0.52983
0.208296
-1.17858
-0.733202
-0.580107
0.560403
0.239914
-0.339022
-0.500254
0.2643
0.851185
0.393106
0.32407
-0.621588
0.479917
-0.555237
0.0780045
-0.0197004
0.223369
-0.282631
-0.12532
-0.506311
0.491097
-0.386266
0.17529
0.0756252
-0.706403
0.427166
0.375192
-0.180009
-0.473841
0.124088
-0.454248
0.204366
-0.236632
0.461717
-1.43222
-0.0245474
-0.161604
0.953959
-0.733903
-0.460556
0.597298
-0.348688
0.550768
-0.0207978
0.0107404
0.871454
-0.374203
-0.120579
0.0717512
0.454678
-1.06824
-0.00723928
-0.52914
-0.809882
0.0646293
0.00322212
-0.307633
-0.326753
-0.791253
0.440898
-1.3991
0.400008
0.683153
0.889947
0.323185
-1.00617
-0.361518
0.111911
0.433942
-0.141362
0.014662
0.69782
0.030694
-0.645796
0.511587
0.152148
0.200184
-0.745567
0.969398
0.028116
-0.551876
-1.23218
0.505797
0.0256642
0.36568
-0.0571266
0.661222
0.317457
-0.187419
-1.08844
0.244007
-0.0404247
-0.800695
-1.02632
-0.91655
0.831164
-0.297203
-0.134168
0.785093
0.109814
0.068094
0.633733
-0.411911
-0.542344
0.98535
-0.051186
0.0154142
0.79494
0.725379
0.828286
-0.697368
-0.238528
0.88183
-0.197907
-0.34151
-0.308757
-0.113318
1.0714
-0.263939
-0.698635
0.539833
-0.00494352
-0.204475
-0.298806
-0.304297
0.687734
-0.162142
0.652031
-0.531876
-0.105824
0.541338
-0.335608
-0.99474
-0.728676
0.443115
0.215899
-0.519487
0.361091
0.000612919
0.69202
0.0861378
-0.642503
-0.45636
0.117809
0.198011
-0.0189131
0.0748745
-0.0919837
-1.1619
1.23518
-0.317916
0.663551
-0.373442
0.213954
-0.524302
0.764902
-0.712214
0.310892
-0.513634
-0.601943
0.167035
-0.173149
0.432567
0.475367
0.112756
-0.261253
0.747801
-0.0662643
-0.326844
-0.47298
0.7155
-0.0423197
-0.546389
0.983739
-0.214001
0.599143
-0.109325
-0.417837
-0.547883
-0.755135
-0.393641
0.211581
0.0834052
-0.646875
-0.377143
-0.0371133
0.279255
0.272086
-0.124747
-0.554162
1.31002
-1.13877
0.768675
-0.0378035
-0.438807
0.520099
0.0777249
-0.467867
0.0955917
-0.277156
0.240962
-0.119782
-0.94321
0.193413
1.16434
-0.704317
-0.271361
-0.785131
-0.198563
0.0478644
-0.27309
0.638373
0.678959
0.408572
0.0500795
0.264491
0.975419
-0.572892
-0.798131
0.0909069
0.41997
-0.874525
0.344129
0.586256
-0.28839
0.429064
-0.808693
0.47528
-0.331318
0.110808
0.413355
-0.0391436
0.694724
0.904079
-0.632904
-0.625333
0.891016
0.18986
-0.836412
0.309836
0.729551
0.527982
0.905211
0.66355
1.67519
0.0390422
0.87291
0.0828944
0.59305
0.783837
0.249188
-0.180865
0.242573
-0.333906
-0.209229
-1.44354
-0.608977
-0.621432
0.178858
0.923291
-0.761754
0.0228749
-0.419228
1.02195
-0.490821
0.282803
-0.825801
-0.317104
-0.249596
-0.303071
0.965
0.161886
-0.00209776
0.881809
0.430222
0.165849
-0.498476
0.600709
0.83407
-0.539288
-0.391041
0.321155
-0.316231
0.337555
0.502462
0.539069
0.226572
-0.0587903
-0.132186
0.400055
0.328427
-0.582412
0.698179
-0.227783
1.00693
0.51383
0.352603
0.19219
0.156111
0.884033
0.174449
0.553585
-0.0228857
0.261773
-0.582948
-0.413617
-2.06826
-0.308576
-0.370009
0.160133
0.135033
0.177729
0.50401
0.45859
0.209247
-0.457112
0.163463
0.366141
-0.415257
-0.307283
0.178258
-0.129401
0.178602
-0.398242
-0.351252
0.865401
0.364053
0.414559
-0.26183
0.209541
-0.554327
0.126586
-0.340756
0.231981
-0.616399
-0.140819
-0.597693
-0.353802
0.383337
-0.588598
0.119402
0.57475
-0.959038
0.0601258
-0.133051
-0.570501
0.202274
1.27867
0.457863
0.543896
-0.450414
-0.135869
-0.984938
0.236396
0.174146
0.311041
-1.0648
1.10131
-0.160868
-0.394814
0.770564
0.165789
1.14295
1.474
0.915443
0.612708
-0.343675
1.08982
0.279075
-0.252094
-0.0468878
0.0630034
0.152657
0.269094
0.142273
0.759735
-0.108074
-0.820835
-0.7219
-0.607687
-0.59654
0.514076
-0.532029
-0.0865712
-0.194655
-0.0709276
-0.233672
0.0716248
0.183074
1.20855
0.67481
0.0411848
0.715056
-0.141427
0.92032
0.859548
0.24791
0.413839
0.571749
-0.599408
-0.667099
0.457885
0.273159
0.792765
-0.960592
0.0551565
-0.502475
0.924794
-0.0641764
-0.0910489
-0.343008
-0.47483
-0.78417
-0.134853
-0.609654
-0.787832
0.299599
0.727412
-0.0673288
-0.183616
-0.476368
-0.131789
-0.339527
-0.182132
0.0022301
-0.119923
-0.348385
0.492281
-0.53577
0.289903
-0.939903
-0.0426816
0.478618
0.0806705
-1.07254
0.336368
0.376188
0.0430734
-0.235431
-0.247857
-0.193775
-0.50294
0.683496
-0.64137
0.429284
0.698974
0.595667
0.09835
-0.308605
0.825172
-0.145551
0.424898
0.372566
0.0423164
0.807103
0.910216
0.190051
0.553616
-0.31727
0.746099
-1.32579
0.718407
-0.359025
0.705711
-0.74153
-0.402234
0.71055
-0.905639
-0.0466954
0.678407
0.00206686
0.192259
0.634759
0.00564552
0.31739
-0.19246
-0.606629
0.148709
-0.52142
-0.585631
-0.013225
-0.764434
-0.266489
-0.340793
1.03181
0.324787
0.037807
-0.0528526
-0.0227399
0.783351
0.24661
-0.246143
-0.457807
0.281652
-0.545315
-0.405662
1.27133
-0.0215932
-0.0999734
-0.13843
-0.335275
-0.23587
0.220223
0.335784
-0.812299
0.602126
-0.419542
0.260054
-0.134008
0.363545
0.0514951
0.355508
-0.256548
0.157963
-0.571937
-0.387395
-0.153164
0.185768
-0.256433
0.128312
0.899113
0.38421
0.21409
0.86175
0.301418
1.19339
0.507013
-0.666822
-0.10885
1.05929
-0.39319
-0.30267
-0.902075
-1.06273
-0.23398
0.479803
0.00171436
-0.578866
0.624724
0.378325
-0.148651
-0.271046
0.444222
0.400043
-0.0161662
-0.189996
0.522859
-0.573806
-0.394796
-0.173706
0.229481
-0.389939
-0.264149
-0.529823
-0.0928858
0.791177
-1.00727
-0.925296
0.631175
-0.858088
0.209785
-0.307248
0.401568
-0.470451
-0.571008
0.601018
0.152916
0.30968
0.0836481
0.300536
0.0999147
-1.04438
0.357005
-0.729166
0.497759
-0.315225
0.470496
0.336844
0.379108
0.213559
0.757046
-0.89642
-0.0565434
0.835494
-1.34403
-0.676806
0.0402602
-0.477014
0.302374
0.319655
0.635938
0.166062
-0.217674
0.139774
1.32807
0.0345624
-0.431319
-0.83557
-0.076942
-0.164538
0.360899
-0.0939711
0.145444
-0.284743
-0.547405
1.295
-0.440695
-0.0191577
-0.158973
-0.0283815
0.0462691
-0.901375
0.371372
0.946357
-0.875113
0.484262
-0.161427
0.307669
0.176037
-0.0410735
0.915
1.0583
-0.0573397
-0.189189
0.0634117
-0.463502
1.03363
0.385125
0.0574418
-1.47605
-0.552273
-0.545715
-0.19377
-0.150854
1.15552
-1.32229
0.20592
-0.236243
-0.357783
1.46498
-0.571336
-0.459502
-0.295015
-0.528193
-0.0701831
-0.123518
-0.708384
-0.190747
-0.258609
0.305548
-0.0197646
0.717184
0.323844
-0.430613
-0.582738
-0.133668
-0.855592
0.473755
-0.446818
-0.550504
-0.36526
-0.346674
-0.164667
-0.268087
0.274016
0.139945
-0.478572
0.646734
-0.614061
0.224035
0.00202463
-0.263543
0.355378
0.69235
0.351734
0.200829
0.741659
-0.73407
1.12587
0.447804
0.417081
0.394762
-0.511283
-0.0520481
-0.243861
1.31476
1.04927
-0.731196
-0.554533
0.461396
0.136197
-0.460509
-0.0754948
1.11087
-0.49865
-0.743382
-0.627985
-1.68683
0.00624994
0.0379481
-0.840618
0.561101
-0.413916
-0.0386825
0.285081
0.102215
-0.757243
-0.586688
-0.666701
-0.530783
0.382067
-0.890784
-0.725555
-0.201234
-0.197128
0.84196
-0.0243173
0.219714
-0.673103
0.555422
-0.623065
0.369593
0.482329
0.179693
-1.05077
-0.737395
0.732548
-0.93271
-0.611104
1.5247
-0.75538
-0.232839
0.578396
0.90874
-0.278853
0.314953
0.129699
1.21318
0.022941
-0.122832
0.244492
-0.211723
-1.72816
0.0768802
0.102421
-0.448159
0.201884
0.166877
0.440902
-0.152896
-0.0789694
0.825722
-0.0187862
0.917934
-0.403591
-0.139802
-0.383884
-0.840713
-0.401598
-0.195636
-0.578072
-0.347099
-0.421209
-1.4886
0.00906319
-0.0913597
0.365647
0.290004
-0.448528
1.05185
-0.884698
-0.291918
0.309271
-0.405912
0.776999
0.546491
-0.948681
-0.25302
0.158991
0.703332
0.276182
-1.54022
0.700572
0.506979
0.277419
0.516093
-0.254753
-0.168673
0.299388
-0.220012
1.16244
0.0961547
-0.100444
-0.291955
0.157731
1.95353
1.00123
-0.500043
0.00322129
-0.867334
-0.109788
-0.078594
0.674423
0.274158
0.0854813
1.26335
-0.164129
-0.101722
0.129978
-1.00098
-0.38543
0.573491
-0.235403
0.460781
-0.720883
-1.24244
1.38293
-0.567284
0.476404
1.37957
0.130485
-1.52132
-0.635435
0.795494
1.29103
-0.409595
0.30789
-0.284457
0.901783
-1.00272
0.0468009
0.669311
-0.53316
0.250559
0.568542
0.237632
-0.115309
0.402817
-0.309384
-1.05093
-0.383411
-0.0357111
0.351411
0.742772
-0.120649
-0.102849
0.334232
-0.313057
0.974038
-0.88231
-0.205157
0.126957
-0.178364
-0.941706
-0.374889
0.225217
0.549363
1.2022
-0.0141638
1.12907
1.45641
0.366419
-0.65115
-0.323117
-0.317892
0.0665237
-0.300588
-1.278
-0.485003
-0.308847
0.323295
0.632205
-0.123517
-0.225037
-0.224006
0.133307
0.605704
0.0606214
0.729791
-0.666046
-0.550993
-0.414506
0.0183999
-0.00113743
0.907588
0.261681
0.0311728
-0.0264689
0.680203
-0.530791
0.625435
-0.605152
0.0759807
0.0875772
-0.321169
1.51844
0.144268
-0.110349
-0.403291
0.23232
0.36758
0.989251
-0.348104
0.894513
0.362626
-0.0817915
-0.264404
0.67633
0.0958633
0.816314
0.407405
0.638891
0.773978
0.487274
-0.430922
-0.221873
-0.0536881
0.794636
-0.135064
0.512036
0.0793492
-0.166805
-0.138112
0.209437
-0.617827
-0.436333
-0.0197269
0.433858
-0.417991
-0.188279
0.542543
0.0975501
0.139562
-0.576619
0.193967
0.997332
0.265732
0.167976
0.766491
0.88894
-0.52001
-0.19718
-0.301201
-0.400031
0.4773
-0.621529
0.352841
-0.590773
0.836432
0.361191
-0.322752
0.909287
-0.127435
0.182501
0.470724
-0.470037
-0.649587
1.92762
0.302803
0.547245
-0.211796
0.380553
-0.382478
-0.366463
0.0164641
-0.131498
0.807948
-0.219701
0.814773
0.673449
0.500192
-0.165914
-0.456653
0.120774
0.148632
0.693652
0.413464
0.396661
-0.0203626
0.0688251
-0.498665
0.266654
-0.87397
0.716003
0.0218185
0.296554
0.581664
0.343337
0.224637
-0.317627
0.84416
-0.0603134
0.0472949
0.634583
-0.100565
-0.533241
-0.450327
-0.0499158
-0.486695
-0.347332
0.136256
0.526408
1.23269
-1.31422
-0.427767
-0.250464
0.0600228
-0.123699
1.42966
0.231837
0.21823
-0.154703
0.502578
-0.216236
-0.0146492
0.0649003
0.548815
0.582086
0.493512
-0.327773
0.47626
1.19801
-1.21168
0.410133
-1.08122
-0.221268
0.183278
0.176702
-0.0499243
-0.0529102
0.757508
0.735638
1.46284
-0.662061
-1.0588
-0.464358
-0.721705
0.119069
-0.437129
-0.209574
-0.186195
0.350653
-0.0439601
-0.283251
-1.2464
-0.47608
-0.00100682
0.394146
0.187803
-0.255661
0.0945961
0.0324497
-0.499959
0.362358
-0.0625427
1.19658
-0.275005
-0.513428
-0.13059
0.0137797
0.219489
-0.726628
-0.199369
0.624781
0.0158266
-1.34811
0.523317
-0.520147
0.161756
0.302249
0.0442445
-0.219997
-1.66731
-0.0684638
0.348654
1.12958
-0.473906
0.937134
0.462527
-0.223394
1.15649
0.300698
-0.808721
-0.44116
-0.782088
0.0605464
-0.0666337
1.09306
-0.0445689
-0.0671136
0.0555699
-1.16723
0.190201
0.204956
-0.704146
-0.306652
0.286711
-0.382153
0.490341
-0.25794
0.375822
0.764905
-0.67277
0.335065
-0.294091
0.0386512
0.490235
0.524928
0.632199
-0.61646
0.239875
-0.884012
-0.84962
0.430728
0.768455
0.104979
-1.13169
0.111454
-0.367128
-0.0739444
0.165612
0.225162
-1.20255
-0.0954973
0.613493
-0.128699
-0.0102377
-0.959522
1.12409
-0.263295
0.603128
-0.692382
0.624441
-0.721232
-0.943814
-0.036307
-0.698901
-0.407446
-0.365948
0.0590701
-0.732946
0.181586
-0.429767
0.110798
-0.102449
0.448513
0.0198511
0.579571
-0.803203
-0.153422
-0.641659
0.89591
0.0801601
0.402023
-0.201708
-0.00835028
-0.251668
0.315749
0.383374
-0.384926
-0.0403446
-0.478734
-0.0633641
0.339654
0.726716
0.127932
-0.0829329
0.0431302
0.693351
-0.999232
-0.179376
0.0753281
-0.0755044
0.44141
0.741525
0.0641444
0.158111
-0.693652
-0.802001
-0.440675
-0.606528
0.704832
-0.102406
0.587377
0.0824309
-0.654052
-0.760429
0.499824
-0.596206
-0.337892
-0.0586578
-0.492602
-0.382774
0.0837897
-1.4201
0.416196
-0.531691
0.0648819
0.85032
-0.291089
0.430791
0.113102
-0.110227
0.684108
-0.0251353
-1.10357
-0.371041
1.09128
0.0155294
0.185606
0.307257
0.31434
-0.527158
0.654248
-0.831307
-0.319911
0.461662
0.324557
0.805076
-0.179075
-0.312532
-1.01938
0.473361
0.388567
0.100053
0.543231
0.67482
0.574998
0.466234
-0.283717
-1.17364
0.253506
1.44541
0.23772
0.548535
-0.415114
-0.729525
-0.74393
-0.962584
0.352077
-0.725508
-0.364294
0.369486
0.173969
-0.388943
-0.111657
-0.253731
-0.279366
-0.418248
-0.36009
0.113936
-0.720082
-0.384495
-0.501385
0.725187
-0.121579
-0.659572
-0.320585
0.980564
0.278533
-0.373821
0.399334
-0.130539
0.427718
-0.817163
0.109694
0.515923
-0.183213
-0.861822
0.108685
-0.735072
0.44267
-0.227002
0.517794
-0.554707
0.311305
0.294598
0.352206
0.481165
-0.676653
-0.0957104
0.110815
0.156451
0.0338679
-0.0273519
0.277631
0.961072
0.535231
-0.788888
-0.225919
-0.321328
0.0866033
-0.662433
0.449653
-0.0381548
0.23865
-0.477444
-0.0132781
0.569088
-0.222541
0.317433
-0.648579
0.105122
0.130841
-0.290633
0.450107
-0.532734
-1.26011
-0.464051
0.0945866
-0.269437
0.74097
0.627352
0.74248
0.415602
0.297902
-0.0891982
1.44002
0.840205
0.515846
1.29906
0.278676
-0.0962244
-0.175143
-0.410768
-0.188331
-0.477547
0.558034
0.542275
-1.07293
0.00774311
-0.283766
1.08586
-1.0272
-0.109973
0.797844
-0.632717
-0.0777109
-0.104585
0.0274473
0.233545
-0.585683
0.52566
1.09611
0.122544
0.0148957
0.251726
0.158532
0.0412661
-0.00478959
0.526292
0.518434
-0.384493
-0.0586366
-0.203231
-0.654726
-0.127931
-0.85369
-0.0916149
0.860702
1.16825
0.570432
0.18771
0.970562
-0.0935214
-1.04726
-1.11066
0.583068
-0.688687
-0.36308
-0.174902
0.126221
0.00354638
-0.489497
-0.155373
0.660004
0.397183
0.502017
-0.00734282
-1.15907
0.128983
0.493958
0.276873
0.333004
0.738814
0.147557
-0.0271566
0.0710614
-0.19211
0.0122151
0.457387
0.332688
0.55688
-0.22995
-0.794281
-0.690389
-0.297716
0.14677
0.648196
-0.856255
0.00568631
0.392929
-0.0040857
0.23077
-0.0415991
-0.552078
-0.333283
0.27993
-0.515729
-0.0517328
-0.269912
0.365049
-0.45257
0.9087
-0.47863
-0.1454
0.0999934
0.177228
-1.04623
-1.0772
0.0462759
-0.856202
0.311661
-0.0588986
0.888767
-0.120953
0.859171
0.997362
-1.06475
0.589423
-0.44546
-0.107211
0.333255
-0.491692
0.0762717
-1.16108
-0.404935
-0.284377
-0.0969179
0.499535
-0.325807
-0.764727
-0.207526
0.873958
0.0641657
-0.407932
-0.597193
0.70715
1.00567
0.169476
-0.608832
-1.0296
0.974752
0.0587101
0.131308
-0.267513
0.128158
0.162477
0.769365
-0.344786
-0.279677
0.173887
-1.17856
-0.485374
0.499562
-0.132999
0.635864
0.29821
0.863706
-0.249869
-0.670853
0.285179
0.18932
0.519164
0.482085
-0.154387
-0.156299
-1.2302
0.575124
0.988328
0.0589897
0.0488689
-0.381778
0.66935
0.243127
0.181467
0.325681
0.354673
0.392974
0.168123
-0.186241
-0.621255
0.456581
-0.223921
0.0353718
0.132734
0.867828
-0.48552
-0.330692
0.0248668
-0.276991
0.659521
0.452019
0.0670906
1.25959
-0.324998
-0.273166
-0.0635347
0.183179
-0.271927
0.0328329
0.218902
0.999923
0.67734
-0.286647
0.179482
0.578572
-0.412392
0.0239604
0.583072
0.0501456
0.477021
0.244583
-0.119013
0.538515
-0.0480664
0.194423
-0.698933
0.135013
-0.0622395
0.51557
0.77103
-0.585155
0.24752
-0.172902
0.268188
-0.652329
-1.10314
-0.309295
0.463001
-1.22116
-0.528028
-0.228797
0.895292
0.10085
1.81332
-0.828835
0.909417
0.821713
0.120065
0.115735
0.137618
0.0806276
-0.225307
-0.105692
-0.253993
0.109845
0.276057
-0.147892
0.0507003
-0.295288
0.238093
0.832287
-0.709277
0.507101
0.841833
0.109351
-0.13239
-0.33114
0.466432
-0.420617
0.395535
-0.211405
0.601015
0.480722
0.347158
-0.606938
0.00768577
-0.0481493
0.356902
0.4351
-0.596285
-0.626273
-0.369135
0.527585
0.119112
-0.619116
0.0405978
1.08137
-0.439898
0.7787
-0.136637
0.526365
-0.284414
0.34937
-0.547886
0.409439
0.845893
-0.059627
-0.555695
0.186282
0.338775
0.929179
0.318571
0.161541
0.0218492
0.610544
0.146041
0.466265
0.118288
-0.126728
0.55393
0.517933
0.777826
1.29972
-0.622117
0.469273
-0.240632
-0.130393
-0.0526999
0.545255
0.322623
0.240303
0.349047
0.0468288
-0.0526864
0.736812
-0.309291
-0.605465
-0.349758
-0.326879
1.59184
0.0471334
0.37172
0.679597
-0.501298
-0.65843
-0.419467
-0.207016
-0.00734773
-0.280713
0.775121
-0.44115
-0.127907
-0.212234
-0.0948634
0.510406
0.219627
-0.480369
-0.727651
-1.19547
-0.367151
1.18262
0.577892
0.942041
0.0102961
-0.366518
0.274877
-0.0803751
0.0680733
-0.465685
-1.08918
-1.03511
1.1065
-0.861258
0.347232
0.183704
-0.48856
0.236861
-0.895328
-0.0324164
0.0551055
-0.509639
0.497123
-0.258344
0.25121
-1.38039
-0.749815
-0.417529
-0.867829
0.571243
-1.34301
0.432638
0.414695
-0.101908
-0.449719
-1.04281
-0.440137
-0.563489
0.75055
0.0372684
-0.0803422
-0.280444
0.448246
0.123798
-0.357408
0.714171
-1.04807
-0.105733
-0.107807
0.0301189
-0.27219
0.11127
-0.338457
-0.117773
0.172578
-0.421239
0.111701
0.256902
0.901248
-0.271648
0.357469
0.028195
-0.380489
-0.578266
0.235533
-1.02824
0.361837
0.05369
0.221593
0.0333219
-0.630096
-0.539026
-0.910269
-0.546451
1.04045
0.542574
-0.454428
-0.272335
-0.482912
0.101103
0.458387
0.358285
0.0420138
-0.0701035
0.307793
-0.5938
-0.478119
-0.310593
-1.28175
0.488033
0.641047
-0.774908
-0.767531
-0.950267
-0.676076
-0.0469054
-0.198064
-0.161597
-0.190548
0.115429
0.885642
-0.548738
0.793972
0.735568
-0.186927
0.396174
-0.0554709
0.196908
0.35897
0.829635
-0.237961
0.513749
0.590674
-0.676461
-0.172246
0.195394
-0.03453
0.574774
-0.668887
0.354587
-0.348189
0.360988
-1.98832
-0.581609
-0.774032
-0.932162
-0.105055
1.39864
-0.114911
-0.531288
-0.458041
-0.0464712
-0.300537
0.968589
0.842802
0.120975
-0.0512938
0.869632
-0.408845
0.016997
0.442502
-1.22524
1.06648
0.38901
0.40847
-0.455012
0.0762109
0.538662
-0.745886
0.482969
0.0126789
-0.170171
0.289922
-0.655903
-0.579821
-0.0983041
-0.561605
-0.964565
-1.18525
-0.558244
0.578036
-0.798429
-0.880093
-0.101347
0.859422
0.456234
-1.66178
-0.767954
0.564368
-0.352952
0.0206054
1.49235
0.12276
0.820344
-0.432435
0.252267
0.355459
-0.000273997
-0.984643
1.10138
-1.0162
0.640013
0.935601
-0.557386
-0.0482964
-0.983279
0.268869
-0.0549953
-0.156956
-0.117749
0.493229
0.633595
0.192782
-0.189921
0.376028
-0.469838
0.377097
-1.21288
0.52611
-0.363114
-0.485582
-0.115655
-0.922343
-0.288695
-0.93876
-0.00582372
0.100795
-0.469161
0.531175
-0.896287
1.65746
-0.601084
0.646296
0.0411498
-0.0663689
1.25151
-0.216818
0.710578
0.548526
-0.261498
-0.489754
-0.177104
-0.179764
-0.44078
0.813276
-1.5446
0.417522
0.237001
-0.0932963
-0.267029
-0.129301
-0.612191
0.321504
-0.404344
-1.04563
-0.583765
0.0529471
0.385754
-0.452742
0.334725
-1.32322
-0.0911938
0.184095
-0.222733
0.172029
1.81848
0.560465
0.449341
-0.294496
1.04636
1.39542
-0.854157
0.375649
-0.190658
0.283899
-0.727793
-0.218741
0.206434
-0.0349824
0.324324
-0.843252
0.0911753
0.696731
-0.521316
0.92494
-0.873816
-1.14197
-0.51791
-0.690824
-0.559394
-0.976577
-0.107809
-0.326298
-1.31421
-0.111104
-0.0188629
-0.488691
-0.356423
1.20356
-0.209102
-0.120223
-0.385428
0.21383
0.115177
-0.584351
0.0946417
0.114815
-0.815079
0.673812
-0.718216
0.171354
0.345485
-0.0186603
1.04061
-0.695256
1.06043
-0.629321
-0.183104
0.0120405
-0.667346
0.197975
0.106408
1.04395
-0.611629
-0.329235
-0.879385
-0.394634
0.372102
-0.028694
0.324427
-0.15399
0.182471
-0.399396
0.0968217
0.472226
-0.527267
-0.207964
-0.276336
0.116144
-0.0261024
0.56165
-0.696338
0.680075
0.536312
1.07882
-0.675896
-0.439215
-1.18752
0.133187
-0.510449
-1.24965
0.427871
0.219215
0.784572
0.639033
-0.330337
1.99914
0.146227
0.0840264
0.64984
1.09323
0.473626
0.87497
0.217276
0.0781141
-0.614404
-0.0276379
-0.0781494
0.208623
-0.0672547
0.971559
-1.16519
0.101153
0.526868
0.082517
0.277671
-0.443189
1.28835
-0.0599152
0.647279
-0.554439
0.613816
0.15872
-0.536197
0.0108331
-0.342856
0.184296
1.02782
0.3126
-0.935443
1.18299
-0.498191
-0.138448
-0.717559
-0.247095
-0.139095
0.815266
-0.105673
0.849981
0.118436
0.0333756
-0.464773
0.0257502
-0.835308
0.0138719
1.01736
1.39456
0.511734
-0.336706
0.4043
-0.319051
0.288832
0.0915987
0.856178
-0.228599
0.512847
0.215961
0.429841
-0.508742
0.344521
-0.349146
-0.435137
0.0732225
0.117404
0.772888
0.499284
-0.338237
-0.945292
-0.446081
-0.194201
-0.295731
0.61393
-0.063724
-0.256604
0.195796
0.113528
-0.588285
-0.158553
0.0184206
0.626755
-0.275648
0.154908
0.193831
0.516979
-0.0511607
0.35016
-0.746452
-0.172391
-0.723516
0.318226
0.764019
-0.523645
-0.0664252
0.355417
-0.367317
0.236691
0.141178
0.0154802
-1.07692
0.425164
-0.964315
-0.376102
0.112508
0.922885
-0.147295
1.06271
-0.684091
-0.49576
0.590608
0.888538
0.348775
0.0999895
-0.365382
-0.57688
-1.05965
0.264174
-0.438122
0.843054
-0.346723
-0.657705
0.195017
-0.4263
0.395527
-0.67833
0.670927
0.279979
-0.396771
-0.607567
-0.987832
-1.04811
-0.376098
-0.108763
-0.0877931
0.613743
-1.10198
0.589792
-0.0696574
-0.475788
0.709344
0.431807
1.24176
0.115503
-0.490888
-0.784787
-0.864001
0.406663
-0.0916703
0.0965482
-0.639266
0.559249
0.0735069
0.0261112
-0.612777
0.121642
0.266935
-0.69978
0.75705
-0.89836
1.19497
0.443215
0.396538
0.451546
0.890824
-0.0680089
1.16191
0.368841
0.469923
-1.23806
-0.279722
0.426316
0.487098
0.237338
0.87443
-0.627963
-0.4462
0.852647
-1.28618
-0.647226
-0.152708
0.167898
0.268627
-0.5898
-1.25454
0.0940595
0.219305
0.451317
0.184348
-0.804581
0.771975
0.600191
-0.61123
-0.326249
0.145745
-0.112341
0.211591
-0.268303
-0.260008
-0.22006
-0.317385
-0.492448
0.0614137
0.0231014
0.491343
-0.63337
-0.570784
-0.47168
0.092152
-0.955167
0.240052
-0.805977
-0.190911
-0.355921
0.892061
0.879357
-0.582568
-1.2041
-0.30056
-0.528317
0.592775
0.0835306
-0.426396
0.659535
-0.571017
-0.763263
0.269071
-1.13911
0.0525687
-0.688208
-0.537773
0.616913
-0.961554
0.258135
0.687309
0.71724
0.0246208
-0.915573
-0.638526
-0.121293
-0.15629
-0.501756
0.282563
0.221989
-0.533901
0.0971103
0.731435
-0.0617755
0.630833
-0.368897
0.51413
0.319819
-0.978259
0.379518
0.217579
0.134956
0.407188
0.124325
-0.310219
-0.605507
0.986497
0.0511709
-1.15302
0.378632
-0.00869842
-0.122874
0.534134
-0.265244
0.0714266
-0.562413
0.766762
-0.240714
0.254892
-0.778456
-0.179323
0.304303
0.410222
-0.560444
-0.498396
-0.0939664
-0.675121
-0.189709
0.152036
-1.25405
-0.629945
0.335055
-0.126221
-0.54166
-0.384577
0.900037
0.0879964
-0.339274
-0.566235
0.94951
0.162302
0.402642
0.268785
-0.602743
-0.738031
-0.833331
1.1821
0.747841
0.329574
0.309241
0.275827
-0.114691
-0.604297
-0.261908
0.14547
0.0507659
-1.31578
0.637361
0.392322
-0.745476
-0.391695
0.3028
0.746115
-0.197731
0.277125
0.380096
0.822579
0.788458
0.136548
0.984826
0.100661
0.625918
0.377304
0.528962
0.392667
0.200233
0.723315
-0.46769
0.311071
-0.822353
-0.382962
0.654776
-0.960072
0.405988
0.209491
-0.130197
1.74626
-0.812228
-1.24053
0.25478
0.160705
0.222
0.495237
-0.471985
-0.156941
1.04504
-0.989338
0.5716
1.25569
0.213224
0.115452
0.510877
0.327283
-0.518699
-0.449227
0.00964325
0.394446
0.27569
-0.292139
-0.7193
-0.294082
0.12916
-0.0753981
-0.301911
0.0322142
0.0273575
0.312491
-0.0506273
0.374283
-0.0106445
-0.33619
0.534368
-0.190314
-0.425932
-1.33381
-0.301166
0.623747
-0.920535
-0.278693
-0.17937
-0.351767
-0.69111
0.928413
0.35359
0.394998
0.0504744
-0.24933
-0.432685
-0.173665
0.209737
0.171471
-0.127261
-0.179245
-1.1307
-0.758368
-0.100619
0.902469
0.565152
-0.878959
0.412298
-0.60939
0.160848
0.0950887
0.545665
-0.231482
0.482425
0.711542
0.287715
0.194977
-0.837984
0.674603
-0.903979
-0.182216
0.519075
0.502127
0.99479
0.732814
0.110533
0.674079
1.27062
0.83557
0.273917
0.737588
0.0173736
0.188374
-0.223129
1.54091
-1.78463
1.05884
-0.183626
0.0399977
-0.732034
-0.613588
-1.75893
0.0729135
-0.0672139
0.698037
-1.20696
-0.549454
0.571987
-0.750303
-0.520155
0.55303
0.251308
-0.682439
1.17589
-0.54414
-0.529491
0.379634
0.680937
-0.606488
0.353954
-0.276831
0.289829
-0.0530436
0.109938
0.237231
0.0840873
1.29633
-0.189939
-0.0314972
-0.600462
-0.303674
-0.406183
-1.70284
0.659305
0.445406
0.643855
0.946251
0.186183
-0.261095
-0.178989
0.448402
-1.68962
0.749297
-0.601296
0.939276
-0.0565891
-0.351915
-0.0134424
0.335102
-0.66491
0.52475
-0.302289
0.02356
-0.263598
0.699106
-0.283054
-0.675513
-0.141597
-0.0259883
-0.768729
-0.794802
0.674712
-0.174309
0.362384
-0.254738
-0.0354299
0.385305
-0.299312
-0.591388
0.632066
1.02271
-0.0685084
-0.633756
-0.691866
0.275047
0.760863
0.564761
-0.949118
-0.208768
0.81797
-0.176741
0.200397
-0.904472
-0.181611
0.0298897
0.361954
-0.160934
0.0553575
0.701492
-0.351072
0.484476
-0.861417
0.19347
-0.571519
-0.329095
0.43613
-0.254415
-0.0664788
0.136198
-0.528748
0.818415
-0.492666
0.601418
-1.04426
-0.0118394
-0.190959
0.485767
0.274356
0.711103
-0.114
0.0189213
0.578564
0.225294
-0.778312
-0.754897
-0.535625
0.741069
0.074707
0.165366
0.056057
0.127061
-0.14666
1.09107
-0.279071
-0.056388
-0.0329583
-0.248762
-0.553319
-0.855186
0.168875
-0.25913
0.024853
0.808026
-0.717605
-0.0480025
0.485891
-0.587138
0.264502
0.196706
-0.0416424
-0.222012
0.710361
-0.270535
0.718815
0.893105
0.548007
-0.205872
-0.783322
0.64028
0.711203
-0.184521
-0.371608
-0.805759
-0.0377112
-0.251733
0.26262
-0.520795
0.225084
0.637525
0.723145
1.0302
-1.34352
-0.636815
-0.201661
-0.790601
1.09204
-0.510635
0.845825
-0.305911
0.390893
0.632612
0.648475
0.252869
0.356056
0.593103
0.420545
-0.759783
0.175524
0.561352
0.835242
-0.162855
0.647552
0.260857
0.209599
-0.20268
0.184161
0.141344
0.315139
-0.363223
-0.80649
-0.166077
0.390707
-1.43663
-0.0731442
0.360263
-0.189334
-0.723896
-0.201215
0.413648
-0.293531
-0.617322
0.493178
-0.171733
0.276474
-0.40002
0.489252
0.384523
-0.852982
-0.223511
0.16513
0.55808
-0.695926
-0.0848479
-0.183519
-0.93483
1.13128
-0.641034
-0.452287
0.509338
-0.396936
0.170065
-0.254792
0.282244
-0.162393
-0.0676576
0.678731
0.736142
0.356632
0.203712
0.42362
0.37944
0.394548
0.402214
0.622103
-0.0322746
-0.881149
-0.133429
-0.817028
-0.611065
0.727529
-0.181894
-0.365747
1.1647
-0.186792
-0.0850056
0.444248
-0.609594
-0.153074
-0.175943
0.762609
0.0518934
-0.0924493
-1.00666
-0.0500153
-0.620126
0.577672
0.173781
-0.463781
0.259132
-0.376259
0.54418
-0.805893
-0.498165
0.820945
0.418238
0.690198
0.0732536
-0.356038
-0.561434
0.146126
-0.497485
0.245245
-0.338982
0.719687
-0.0270996
0.0778811
0.317268
-0.0488514
0.205752
0.625376
-0.100303
-0.693674
-0.165794
0.117677
0.242053
0.400511
-0.11053
0.570055
0.187357
-0.0378085
-1.03557
0.616414
0.449305
-0.927294
-0.532111
-0.59368
-0.585471
-0.233706
0.0303868
0.132325
-0.39961
-0.12641
-0.817194
0.742402
0.134749
0.205897
0.0111881
0.373636
-0.631187
-0.26009
0.474674
-0.484887
-0.733883
-0.157228
-0.0582966
1.27459
-1.03453
-0.430791
1.20558
0.175874
1.16205
-0.253612
0.480474
-0.291279
-0.319678
0.0444906
-0.298493
0.413792
-0.018117
-0.647546
-0.276394
-0.408137
0.936463
-0.69969
0.217932
0.512641
-0.244631
-0.0962967
-0.398466
-0.488488
-0.677094
0.11255
0.0681617
0.301645
-0.288718
-0.29507
-0.287236
0.262423
1.20424
0.284325
0.213376
-0.595127
0.694637
-0.0738845
-0.596173
-0.0901978
-0.530465
-0.0943344
0.644788
0.936707
0.51883
0.468102
-0.595608
0.626988
-0.235648
0.123067
0.23419
-0.17642
-0.413151
0.555418
0.0879942
-0.469739
0.0751738
0.397117
-0.115308
-0.34354
-0.0647261
-0.103263
-0.0810873
-0.0322984
0.389595
0.578113
-0.00255409
-0.0972214
-0.880687
0.220867
-0.329375
-0.233569
0.0660867
-0.0739582
-0.818941
0.686642
-0.310089
0.0475945
-0.173579
-0.104942
0.690159
-0.678832
1.44186
0.232725
1.21734
-0.86224
0.541654
-0.0639886
0.0548794
0.402121
-0.634015
-0.446291
0.296964
-0.489217
-0.843437
0.0867405
-0.194715
0.148064
0.129573
-0.295163
-0.321373
-0.997407
-0.4497
-0.285143
-0.313994
0.0316708
1.14472
-0.710445
-1.48122
-0.748144
-1.31076
0.247956
0.719922
-0.13637
0.416292
-0.111816
0.383472
-0.0890539
0.914253
0.274134
-0.326392
0.192996
-0.438221
0.969009
1.16215
0.730757
-0.109816
0.260506
0.149956
0.466913
0.365499
-1.35458
-0.572006
-0.106793
-0.0185628
0.717234
-0.0839008
0.799778
-0.1606
0.86103
-0.53702
-0.0422952
0.802771
0.418593
0.924369
-0.0681041
0.113456
-0.196026
0.46108
-0.723126
-0.459794
-0.995839
-0.033434
-0.00847594
-0.13595
0.797721
-0.102938
0.320618
0.106098
0.351025
-0.122465
-0.0518359
-0.137996
0.446641
-0.853119
-0.7598
-0.901674
0.316795
-0.339604
1.10901
-0.673294
-0.52341
-0.414246
0.891451
0.0926092
-1.16652
-0.866277
-0.327567
0.646736
0.0697687
0.0965021
-1.24882
-0.411941
0.151907
0.0192334
0.233252
0.623465
0.0925592
-0.165838
-0.250593
1.11404
1.95758
-1.12921
-0.28293
0.115854
0.453136
-0.23069
0.472291
-0.0182849
0.234274
0.678568
-0.0358304
-0.242204
-0.0696504
0.320653
0.165629
-0.382597
0.576064
0.669258
-0.434765
1.35006
-0.0981242
0.357772
0.328233
-0.0176459
-0.664534
-0.161957
0.663623
-0.494514
0.31826
-1.36946
-0.218105
0.245749
-0.708083
0.347987
0.170589
-0.0278656
-0.523433
-0.295023
0.480234
0.260453
0.426978
-0.355599
0.225665
0.309996
-0.593318
-0.273829
-1.54087
-0.207877
-0.253033
0.928781
-0.0301173
-0.101495
0.303347
-0.58539
-0.225211
0.140052
0.0560656
-0.830095
0.563851
-0.0956671
0.522101
-0.775384
0.203593
0.845958
-0.26525
-0.757504
-0.744647
0.54271
-0.875474
0.482463
0.543195
0.0731877
-0.237151
0.151334
-0.141101
0.421239
-0.314097
1.66375
-0.396917
0.132184
0.431125
0.603854
1.07895
-0.25708
0.190016
0.246458
-0.195764
0.566411
-0.447513
0.596191
-0.0233612
-1.03497
-0.585922
0.923761
-0.915821
-1.27527
0.423298
0.26781
-1.05011
-0.372069
-0.424986
-0.242764
-1.57707
0.545206
0.253895
-0.281015
-1.64602
0.200373
0.99071
0.328911
0.064416
0.206235
0.0467019
-0.0783613
-0.396311
0.704719
1.09179
-1.11449
0.70582
-0.731822
-0.899847
-1.28956
-0.48805
-0.337522
-0.507266
0.997638
-0.281979
0.186425
0.607016
0.390029
0.392792
0.511549
0.0912356
0.205747
0.49584
-0.106492
-0.0533845
-1.2191
-0.813309
0.841827
-0.954285
-0.162669
-0.894988
0.555949
0.0409942
0.847748
-0.010552
0.908968
0.611508
0.337549
0.664315
-0.984698
0.261622
-0.287423
-0.0650368
-0.730732
-0.950779
-0.614934
0.247626
0.0790999
0.72795
0.588983
0.0336584
0.654222
0.17924
0.582047
-0.518529
0.0855962
-0.479187
0.166769
-0.279733
-0.311868
0.611481
-0.550643
-0.251916
-0.301783
-0.396966
0.863263
-0.312286
0.804461
-0.330723
-4.37336e-05
0.12244
-0.0888875
0.416319
-0.779784
-0.0491696
-0.329341
0.315957
-1.25259
-0.0981634
-0.625917
-2.04852
-1.15008
0.047155
-0.261939
-0.227061
0.659058
0.0293304
0.929587
-0.247598
-0.588107
0.00915017
0.266729
0.253198
0.188143
-0.52744
-0.126087
-0.163946
-0.36613
-0.535397
0.61656
-0.103296
-0.59426
1.16374
1.02168
-0.264616
-0.900726
0.492524
0.284611
-0.595169
-0.0747518
-0.330561
-0.00827046
0.466008
0.299651
0.859949
0.0261409
-0.201043
-1.11303
0.383528
0.653667
-0.0841854
-0.774851
-0.408557
-0.486875
0.980872
0.029423
-0.898128
-0.859467
-0.474713
-0.227659
-0.735716
0.418247
0.656117
-0.628056
0.286791
0.58426
0.636696
-1.31925
0.384892
1.14958
-0.466057
0.502316
-0.965339
1.03069
-0.355105
0.148348
0.673267
0.462715
1.09865
0.989749
-0.72157
0.874918
-1.12281
-0.174888
-0.403677
-0.904567
0.796595
-0.92812
-1.03513
0.874087
-0.694551
0.240106
-0.928206
-0.264805
0.253253
-1.46637
0.859143
0.288968
0.659609
-0.986762
0.635561
0.0873272
-1.25743
-0.281248
-0.0758245
-0.254993
0.552006
-0.0785774
-0.0997213
-0.687199
0.330198
-0.190553
-0.112468
0.483165
-0.0362457
0.650866
-0.360488
0.268907
0.967149
0.828274
-1.00065
0.0219193
0.559383
-0.690064
0.392623
0.92051
-0.486261
-0.428467
-0.053091
0.434808
-0.484978
-0.667944
0.0106625
-0.122045
-0.19207
-0.443805
-0.692908
-0.68808
-0.586671
0.281909
0.22537
-0.177664
0.237172
-0.205369
0.608003
1.06795
0.622026
0.0805402
0.562179
0.130979
-0.451401
0.193145
0.334868
0.119214
-0.487808
0.156536
0.290607
1.17463
-0.938771
0.197436
-0.188124
0.377549
-0.149324
0.746115
0.279639
0.937857
0.709781
-1.19929
0.0508786
0.525145
-0.589894
-0.739215
0.286824
0.157616
-0.0290314
0.720664
-0.127932
-0.00803726
0.125715
0.263165
-0.415339
-0.373999
0.646398
-0.719039
-0.83379
-1.29899
1.07089
-0.670656
0.0118156
0.208216
0.00299328
-1.02546
0.25152
0.0977908
0.678777
-0.212516
0.366181
-0.233899
0.0495065
0.350754
-0.264623
0.304413
0.378007
-0.157231
-0.0397138
0.30212
0.202568
0.063258
-0.60694
-0.447295
-0.208785
0.371789
-0.199745
-0.449654
0.394279
-0.0755902
0.0329796
-0.672526
0.340685
-0.419518
-0.681289
-0.128406
0.596739
0.312806
-0.406901
-0.0900731
0.0440966
-0.250139
-0.708173
0.346349
0.419082
-0.20948
0.0269167
-0.0302733
1.07232
-0.241107
-0.0140037
0.0516923
0.668575
0.0604488
0.92947
0.329954
0.51118
0.485971
0.960215
-0.129057
0.550411
-0.192777
0.611897
0.873353
0.665656
-0.245579
0.6903
0.186889
0.0712925
0.0867443
-0.166191
0.224559
0.69036
-0.479574
-0.105871
0.523441
0.0384436
-0.433417
-0.85271
0.498573
0.0378154
-0.812351
-0.299897
0.215789
-0.216706
-1.1237
-0.214257
0.148031
-0.390029
1.48667
-0.0816684
-0.569385
-0.120453
0.240961
-0.384157
-0.488135
-0.811244
0.769937
-0.442234
0.23491
0.912952
-0.538023
0.581512
0.517688
0.0572147
-0.163432
-0.538837
0.687643
0.0916774
-0.0897262
-0.962696
-0.206039
-1.22318
0.917158
-0.354557
-1.08066
-0.598959
0.916861
1.55153
-0.637482
-0.410574
-0.171384
0.558958
0.528637
-0.691033
-1.11095
-0.702228
0.301858
0.227605
0.585616
0.250581
0.259279
0.151733
0.633949
0.090415
-0.120838
-0.585277
-0.333421
-0.909028
-0.244755
0.741582
-1.25143
-0.0276874
1.01687
0.287489
-0.39789
-1.24313
-0.517897
-0.391906
0.293444
-0.708514
0.998996
-0.171499
0.408409
0.912239
0.608847
-0.760318
0.855774
0.0246581
0.154338
0.281596
-0.0163119
-0.253719
-0.592462
0.3384
-0.553233
0.109732
0.447853
-0.875464
0.0662077
-0.145587
0.901158
-0.307138
-0.279899
-0.153412
0.541599
-0.501983
0.542091
0.60856
-0.739893
0.399879
1.03049
-0.391507
-0.944848
-0.264579
-0.0156436
-0.571797
0.318608
0.888822
-0.532248
-0.0151262
0.162011
-0.625502
-0.28579
0.606903
-0.0301461
0.587599
-1.25108
-0.864322
0.248714
-0.288884
-0.0897314
0.114882
0.760802
0.33889
0.0391722
0.690044
1.03156
0.167299
0.0102095
0.100359
0.340084
0.300257
-0.917209
-0.528517
0.416021
0.47562
0.15696
0.0166653
0.526235
0.0346937
-0.207962
-0.110766
0.750237
0.320254
-0.531569
0.827121
-0.11031
-0.0124747
-0.0879361
-0.393613
0.672023
-0.53739
0.00213458
0.438892
0.513016
-0.0286097
-0.275644
-0.126365
-0.0589546
-0.90837
-0.501253
-0.78922
0.657508
0.0562367
0.26223
-0.542121
0.111184
0.401401
0.665184
-0.31056
0.670407
-0.128241
1.40896
-0.483128
0.850071
0.166053
-0.244343
-0.226475
-0.994157
0.67682
-0.301828
1.82304
-0.717221
-0.0877839
0.406548
0.507263
0.926879
0.160816
-0.865686
-0.448465
0.581758
-0.373412
0.82213
-0.367938
0.525329
0.0834907
-0.431727
0.298887
-0.686501
-0.217422
-0.39247
0.14208
0.760626
0.261328
0.433847
-0.709801
-0.425439
-0.210362
-0.0349076
0.878997
0.143941
-0.342758
0.633912
0.698771
-0.444634
-0.232687
0.0242071
-0.328009
-0.985871
0.705851
0.693755
-0.32242
0.831307
-0.582158
0.685277
-0.374016
-0.718483
-0.940494
0.0877596
-0.23406
0.259758
0.0889237
-0.106139
-0.018842
0.709745
-0.0911137
0.331656
0.00197112
-0.91499
-0.979832
-0.761183
-0.853227
0.00571067
0.888471
0.676628
-0.524444
0.0632198
-0.432985
0.44764
0.350091
-0.738781
0.0380866
0.0168465
-0.0284645
0.0662794
0.315197
-0.105218
-0.446717
0.168071
1.00973
-0.0043076
0.33707
0.198099
-0.983188
-0.0516189
-0.233718
-0.0518589
0.157842
0.229356
-0.216418
0.578937
-0.616994
1.37432
0.499456
-0.989854
0.270317
0.0822497
1.17478
-0.745143
-0.335795
-0.546188
-0.126929
0.0373487
-0.0902869
-0.482023
0.568254
-0.422071
-0.569095
0.514599
-0.0213923
-0.306244
1.50512
0.28646
-0.433319
0.298564
-0.398224
-0.485487
0.72603
-0.225617
-0.263303
0.245924
-0.810587
-0.285929
0.762832
0.219889
0.0305996
-0.617924
-0.397765
-0.0856673
0.734885
-0.469122
-0.591241
-0.0608165
0.466774
0.297976
0.878119
-0.0830096
-0.284693
0.975075
-1.09968
-0.590826
-0.189341
0.632582
-0.313007
-0.679033
-0.340018
-0.265117
0.313652
0.130285
0.276975
0.912473
-0.17605
0.877944
0.00585692
-0.403526
-0.216316
0.405533
-0.88674
-0.18813
0.202183
-0.00770416
0.569434
0.415665
-0.150621
0.553965
0.390237
0.14631
-0.418641
-1.09534
-0.595409
-0.606542
-1.17595
-0.153004
-0.686213
0.261646
0.142346
-0.316068
-0.451847
-1.18263
0.457321
0.390892
0.468046
-0.693981
-0.30763
-0.918743
-0.513345
-0.166998
-0.517989
-0.50617
0.27289
0.683671
0.12779
-0.0966508
0.0293769
0.880411
0.380455
-0.121324
-0.443149
-0.0658819
0.424063
-0.237556
0.186687
0.475454
1.1839
-1.84872
0.0956579
-0.288669
-0.659168
0.101294
-0.298454
-0.0640222
-0.493124
-0.419252
0.603153
0.909425
0.949033
0.0522636
0.778316
0.505737
-0.205609
0.155533
0.354313
-0.234198
-0.837755
-0.273453
-0.830703
0.445469
0.012276
0.758786
-1.19342
-1.04696
0.759332
-0.204075
-0.331767
-0.322762
0.609421
-0.165981
0.807074
0.20653
0.539062
0.518279
0.128391
-0.699134
0.176991
0.0680434
0.641069
-0.231597
0.0846218
-0.255625
0.809217
-0.625804
0.452001
-0.372275
1.19553
0.431983
0.589313
0.451782
0.0060427
-0.993772
0.1735
-0.438265
-0.570589
0.842455
0.0234912
-0.46145
-0.633131
-0.702718
0.0927134
0.2437
0.392784
0.297627
0.506773
0.576873
-0.436973
0.339781
0.39277
0.4695
0.749169
-1.12846
-0.744309
-0.63504
-0.0834063
-0.447506
0.872566
0.518537
0.663412
0.761567
-0.543813
-0.509969
-0.000645457
0.495459
0.139747
-1.39833
0.548212
-0.0392035
0.214109
-0.355599
1.09528
-0.383884
0.698895
0.585267
-0.440616
1.17296
-0.0450038
0.239274
-0.131413
0.0375107
0.219343
-0.0906593
-0.258961
-1.33072
-0.126428
0.14127
-0.168333
0.589986
-0.213254
0.117807
0.285036
0.602713
0.245759
0.823833
-0.123432
1.14362
0.334998
-0.197688
-0.309232
-0.239267
-0.470261
0.831316
0.498075
-0.0169725
-0.236992
0.57372
-0.0707203
-0.0202733
0.0138269
0.531786
-1.02217
0.0437105
-0.112762
-0.390743
-0.419997
0.694497
0.396411
0.861614
0.0977968
-1.41411
0.294945
-0.428309
-0.139602
-1.37033
0.273462
0.106207
-0.0729305
-0.275385
-0.525053
-0.331886
0.28538
-0.0288242
0.201961
0.462175
0.0612945
-0.439859
-0.430859
0.186932
0.349476
-0.483016
-0.832023
0.188837
-0.298003
-0.0964807
0.653999
-0.0520479
-1.02279
0.446054
0.585526
-0.527662
0.195785
-0.0218601
-0.663778
0.380269
-0.0937818
-0.954248
0.0928724
-0.304825
1.28274
-0.45136
0.257574
-0.640435
-0.00844749
0.114661
-1.45251
-0.192845
0.0284598
0.0908239
-0.116278
1.25876
0.651162
-0.227278
0.344178
-0.600214
-0.416174
-0.108626
0.188106
0.0987618
0.12538
-0.316754
0.802569
-0.879331
-0.130513
0.570802
-0.264309
0.921676
-0.786401
0.193202
-0.894276
-0.299137
0.603409
0.589219
0.545927
0.0886733
-0.221182
-0.13131
0.463914
-0.13736
0.24783
0.219847
0.443555
0.0922941
0.742317
-0.231769
-0.547339
-0.0779758
-0.720726
-0.408023
-0.435386
0.622769
0.201275
1.55427
-0.375265
0.0588054
-0.0715824
-1.04493
-0.0284077
-0.0881599
-0.0923913
0.758567
0.30928
0.820417
-1.36948
-0.617804
-0.207564
-0.298972
-0.621338
0.0327512
-0.612258
0.863285
0.212646
-0.854831
0.42785
-0.558343
-1.11808
0.368524
-0.592449
-0.890187
0.175219
0.332685
0.689451
0.55011
-0.21448
-0.923568
-0.460398
0.56248
-0.487522
-0.160714
0.440606
0.0588509
0.252621
0.982001
0.250204
0.211026
-0.179483
0.936438
0.399779
-0.00530161
-0.155476
-0.543991
-0.0717024
0.201846
0.491141
-0.099366
-0.499086
0.0668642
0.432214
0.45595
0.0904243
-0.454502
0.0365728
0.0828811
-1.21955
-0.728719
-0.719796
-0.446923
0.0486641
-0.185709
0.103681
0.44482
-0.28564
-0.0884603
0.347401
-0.868627
-0.312053
0.198065
-0.0203667
-0.463076
-0.0253274
0.400584
-0.402241
0.363437
-0.217516
0.16489
0.858284
0.49646
0.508226
-0.0312126
0.670559
0.728687
-0.0579894
0.614079
-0.205314
0.480886
-0.369202
0.427923
-0.227553
-0.190806
0.158892
0.591469
-0.150406
-0.049979
0.198149
0.620693
-0.870705
-0.724202
-0.48047
-0.906246
0.127115
0.616629
0.767033
0.584237
-0.327726
0.605597
-0.762728
0.223927
-1.06238
1.02032
0.165873
-0.0325484
0.0488736
-0.318051
0.0901669
-0.594451
0.124141
-0.488946
0.566316
-0.531649
-0.876026
1.03369
-0.18932
0.462413
-0.0475624
0.679995
-0.156425
0.306854
-0.108602
-0.0740134
-0.676958
0.813248
-0.72199
0.675415
-0.637865
-0.838428
-0.0114328
1.32615
0.0386659
0.097368
-0.481875
-0.237054
0.44771
0.717402
0.62596
-0.476154
0.274068
0.213035
-0.000544239
-0.625422
-0.278928
-1.11064
0.528992
0.755384
0.292187
0.171823
0.901892
-0.189257
-1.28847
-0.48678
-0.192122
0.0796643
0.891341
1.07897
-0.42046
-0.324968
-1.11849
-0.380219
0.0575293
-0.325416
1.00089
-0.255639
-0.921316
1.02514
-0.434883
-0.078007
-0.2088
-0.100304
-0.458012
-0.0133615
-0.195044
-0.620827
0.0292896
0.514858
0.0867217
0.473634
-0.0355169
-0.669067
-0.134427
0.498817
0.112093
0.306792
0.297934
-0.0470236
0.72744
0.326973
0.00981955
0.089299
-0.049007
1.48038
0.524089
-1.00017
0.0819613
0.0259684
0.334081
-0.922147
0.705689
0.522337
-0.637466
-0.381193
0.703698
-0.199205
0.535811
-0.333006
0.31364
-0.624023
-0.783643
-1.73034
0.121065
-0.523546
-0.317436
-1.10629
0.65036
-0.321667
-0.756145
0.551749
0.708117
-0.339345
-0.0982138
0.243968
0.369697
0.356556
-0.086815
0.3662
-0.130523
0.48802
0.0461072
0.723245
0.960384
0.714618
-0.273497
0.0769303
-0.169812
0.181303
0.268472
-0.147964
0.295612
0.239798
0.86072
0.275883
-0.465921
0.240898
0.115969
-0.111598
0.167828
0.153083
-1.26146
0.58444
0.315016
0.658503
1.28055
-0.42282
0.514251
-0.548376
0.167919
-0.424132
1.15376
0.0525312
0.135564
-0.638116
-0.104021
-0.979258
0.310694
-0.195882
-0.276027
-0.388165
-0.883679
-0.364486
-0.701599
-0.79534
0.538242
1.19132
1.01096
0.316824
0.46694
0.558468
0.13928
0.124401
-0.907756
0.0187598
-0.334913
0.553249
-0.635152
0.057876
0.218572
-0.188097
-0.0199298
0.653195
-0.813053
0.310076
0.0334976
1.06091
0.927385
0.370617
-0.418172
-0.142397
0.286099
0.578263
0.262906
-0.0680075
-0.579902
-0.611953
0.238982
-0.477563
0.967766
-0.37368
0.444267
0.328716
-0.0148972
-0.289049
0.369147
0.167814
-0.563485
-0.10973
0.163041
0.269989
-0.452765
-0.644223
-0.314013
-0.0968648
-0.0587953
0.267623
-0.0140408
0.48598
0.118619
0.960112
0.478126
0.0128965
0.345224
0.209846
-0.151072
0.188813
0.4899
0.779696
0.940946
-0.6139
-0.739999
0.304592
-0.213322
-0.295196
0.553563
0.0871058
-0.433245
0.309738
-1.0558
0.377824
-0.277991
-1.23863
0.568284
0.695809
0.0997604
0.153106
-0.735708
-0.105742
0.135448
-0.583924
-0.667238
1.04819
-0.309136
-0.240008
0.00108265
-0.0258785
-0.0802501
-0.42124
-0.333927
-0.547882
0.627122
0.134382
-0.18327
-0.206513
-0.441743
-0.490459
-0.169222
0.29682
0.511142
0.10621
0.57735
0.571186
0.322386
-0.0185768
-0.186181
-0.207866
-0.350009
0.87292
0.987595
-0.183486
-0.173706
-0.265134
-1.01993
0.223309
-0.918362
0.75757
-0.45457
-1.14252
-0.183658
1.03306
0.739624
-0.278817
-0.209095
0.273884
-0.923079
0.0666961
0.264422
-0.893071
1.52532
0.845172
-1.07525
-0.956124
0.539326
-0.556211
-0.249956
0.599652
0.617134
-0.27479
-1.04842
-0.350082
-0.278168
-0.122782
0.0134483
-0.0678537
-0.936546
0.474184
0.549366
0.693525
0.246456
-0.430437
0.185421
0.0767603
-0.601092
-0.625154
0.233732
0.791204
-0.192454
0.00191232
-0.192278
-0.331972
-0.974011
-0.339414
0.465733
-0.556393
-0.00877274
0.427885
1.00649
-0.190994
-0.416018
0.325649
-0.527746
0.206558
-0.504297
0.187991
-0.320261
-1.16516
-0.406389
0.0249826
-0.00586163
-0.725928
0.430342
0.0648551
0.89098
0.280846
0.265462
0.474786
0.992215
1.21865
1.54344
0.271218
1.62946
-0.754632
-0.25637
0.209722
-0.192531
-0.958724
-0.383372
-0.638641
-0.485577
0.357339
-0.0146394
-0.547527
0.576244
0.410659
0.500497
-0.407332
0.535309
0.181952
-0.243767
-0.167614
0.625578
0.898467
0.678149
-1.32485
0.924253
-0.64815
0.40208
-0.0522011
1.09562
-0.56802
-1.00983
-0.000451609
0.193419
0.259739
-0.612273
-0.542518
-0.0859172
-0.0381007
0.842447
1.16685
-0.471025
-0.549885
0.111204
-0.22183
0.857905
-0.913162
-0.349286
0.0747048
0.958652
-0.316026
-0.373562
0.832489
-0.497753
0.678012
1.0341
-1.16785
-0.45287
-0.288728
-0.178156
-0.108907
-0.940227
0.716452
-1.43049
-0.621116
0.511528
0.419537
-0.247015
-1.46486
-0.8599
-0.540604
0.29317
-0.828551
-0.22667
0.405832
-1.16981
-0.7406
0.322649
-0.768134
0.212137
-0.588676
0.538301
-0.807323
-0.313899
0.519522
-0.164843
-0.345289
-1.03221
-1.372
-1.20505
-0.0972307
0.0625732
-1.18653
0.00129451
-0.284581
0.357521
0.503903
-0.168148
0.498895
0.209134
-0.305512
-0.716679
-0.577249
0.301495
-0.0238295
-0.440776
-0.114486
0.166762
0.799258
0.839491
-0.913888
-0.131479
0.00310055
-0.309799
-0.255315
-1.03665
0.340596
-0.45379
-0.379867
0.380491
0.717105
0.15353
0.304909
-0.811513
-0.975608
0.969801
-0.469318
-0.270475
0.122019
0.153139
-0.549441
-0.114972
-0.136582
0.418476
0.118978
-0.568705
-1.06773
-0.0458186
0.0661012
0.392871
0.527122
-0.00538478
-0.388648
-0.0429177
0.104106
-0.211968
0.06122
0.279324
-0.0045364
-0.595656
0.180021
-0.0150005
0.279315
-0.52082
0.840239
0.27009
-0.61936
0.793687
-0.221919
0.389425
0.314691
-0.874849
0.408723
-0.533601
-0.817943
-0.349767
-0.0893238
-0.267998
-0.459953
0.167483
0.638256
0.108964
-0.0913308
-0.506415
0.484709
0.248308
-0.400758
0.85031
0.222549
-0.0955886
1.31639
-0.826458
-0.196393
0.738644
0.547366
1.24583
0.121709
0.205848
0.548735
-1.52668
0.0884026
0.491557
1.10602
-0.0617338
-0.120474
-0.382731
-1.27366
0.0538849
0.423638
0.129016
0.0671669
0.344076
1.1173
0.202521
0.435871
0.488879
-0.47178
0.792144
-0.469382
0.340613
-0.362747
0.969299
-1.10721
-0.00535802
-1.28703
0.00364668
-0.915355
-0.171075
-0.171684
0.594938
-0.332597
1.61486
0.0189552
-0.519954
1.02335
0.539481
0.279962
0.0552169
-0.146953
-0.640406
-0.244074
-0.587375
-0.101974
-1.09503
-0.328392
0.211631
-0.935771
-1.60454
-0.0853333
-0.309981
0.072927
0.831824
1.40188
-0.933163
-0.14778
-0.863936
-0.0409271
-0.276708
0.201459
-0.0122166
-0.576191
-0.304707
-0.693176
-0.335362
-0.194295
-0.56237
0.315285
-0.239797
0.715051
0.210416
0.266889
-0.0832329
0.220125
-0.150309
-0.554672
0.66344
0.355246
-0.356164
0.0486232
0.685046
0.683721
-0.242035
0.497516
-1.40133
-0.571367
0.245786
-0.11497
0.283368
-0.0312132
-0.252454
1.29568
-0.202082
0.636203
-0.777176
0.750438
0.257782
0.213987
0.833486
-0.697904
0.357869
0.666512
-0.656513
-0.412739
-0.342922
-0.700593
0.660403
0.877242
0.678942
-0.221738
0.677975
0.911642
0.380745
-0.342718
-0.77394
0.637856
-0.0169249
-0.692727
-0.196743
0.610136
0.532329
-0.174889
-0.333896
-0.140224
-0.671591
0.296952
0.285253
1.16248
-0.170722
-0.559261
0.616795
-0.130898
0.446277
-0.651082
-0.66409
1.24219
0.550491
0.202084
-0.293375
-0.74696
-0.428242
-0.197541
1.04053
0.0217999
-0.554593
-0.197982
-0.627951
-0.487475
0.0493233
-0.298876
-1.32488
0.380158
-0.440939
-0.770547
0.162768
0.486779
1.33878
-0.488194
-0.444478
-0.357629
-0.310397
0.187968
0.0876768
-1.00718
0.000864887
0.642045
0.119156
0.914231
-0.286399
-0.76834
-0.475866
0.0507922
0.616254
-0.327276
0.0219039
-0.0367715
-0.325983
-0.444755
-0.207711
-0.369848
0.0655525
-0.152527
1.26994
-0.191532
0.013708
-0.359461
-0.652644
-1.29917
0.64584
0.685743
0.749133
0.34834
0.290717
0.229552
0.188528
-0.183898
0.740875
-0.339043
0.572875
0.829122
0.0603054
0.0527874
1.44796
-1.11703
-0.182806
-0.131412
-0.627925
0.580621
-0.0565188
0.844767
1.4531
-0.385495
0.220004
0.969647
0.00489726
1.10313
-0.246902
-1.03589
-0.539293
0.144305
-0.433501
-0.418949
0.0602604
-0.159233
0.643885
-0.122743
0.609985
-0.865628
0.518556
0.474245
0.215059
0.274876
-0.705217
-0.695753
0.0486798
-0.757868
0.0914554
-0.66432
0.165603
0.339052
-0.206863
0.561324
0.433575
0.784491
-0.516604
-0.542168
-0.372527
-0.375629
0.0765526
-0.653575
-0.32596
1.03947
0.456742
-0.72675
0.215028
-0.256637
0.0774623
-0.987195
-0.256486
-0.256485
-1.03364
-0.452335
0.533341
0.351003
-0.538829
0.712855
1.16548
-0.325861
0.539916
0.466289
0.803807
0.518005
-0.0642357
0.747483
0.0942449
-0.525897
1.07754
1.06163
-0.782502
0.668681
0.904908
-0.111387
-0.392125
0.329186
-0.367406
-0.546689
0.538341
-0.186681
0.369809
-0.682801
0.258699
0.438659
0.200628
0.109268
0.822138
-0.125828
0.0823908
0.216469
0.480561
-0.319349
1.20437
0.665495
-0.371829
-0.573554
0.0892156
-0.650385
0.533231
0.13946
-1.27021
-0.0945059
0.740688
0.354896
0.547408
-0.0948573
0.703502
0.493244
-0.507113
0.926055
0.603761
-0.235526
-0.48138
0.619582
0.493282
0.363044
0.368976
-0.224261
0.316346
0.388614
0.245233
-0.0651963
-0.0342242
0.0989291
0.519199
0.473575
-0.375159
0.0317808
0.343401
-0.454382
0.636002
-0.12442
-0.728211
-0.96703
-0.174963
-0.55685
0.092404
-1.53218
-0.305469
-0.648362
-0.280263
0.568749
-0.305487
0.00552492
0.173824
-0.351189
-0.444006
-0.0731172
-0.362751
0.525086
0.258769
-0.676276
-0.0271064
-0.0578862
0.161986
0.430788
-0.630806
-0.227336
0.82934
0.209453
-0.536942
0.165226
-0.429634
-0.530534
-0.361611
-0.203803
-0.127599
0.184706
-0.423928
0.710279
-0.0573759
-0.775313
0.520711
0.505117
-0.55555
0.600348
-1.30802
-0.167281
0.342974
0.0878877
0.668403
-0.372012
-0.650645
-0.0749513
-0.420016
-0.547815
-1.05318
0.0290532
-0.323051
-0.514706
0.635794
-0.411351
-0.111396
0.707879
0.192656
0.312107
0.344535
0.274894
0.50979
-0.152365
-0.0971964
0.456168
0.234278
0.144306
-0.0473492
-0.597706
-0.750813
0.584312
0.0434773
0.0779064
0.457088
0.679397
-0.324941
0.231895
0.309013
0.0813008
-0.278684
-0.169443
-0.466952
0.0567456
-0.707645
-0.227968
0.894569
0.846244
0.136059
-0.242267
-0.367993
-0.456413
-0.237836
-0.800495
-0.573361
-0.592097
-0.614728
-0.175143
0.0274139
-0.0644181
0.278782
-0.40446
-1.16976
0.0613168
0.427872
0.0318291
-0.516625
0.724145
0.765744
0.260526
-0.137223
-0.219605
0.340127
0.065608
0.103815
0.392163
0.453693
0.527491
-0.717831
0.198431
-0.614918
0.602825
-0.406154
-0.514049
-0.845696
-0.0612749
0.622978
-0.109251
0.434578
0.518372
-0.983099
0.0890362
1.20353
0.184539
-0.280003
-0.35651
0.427567
0.442852
0.125218
0.345668
-0.198879
-0.0146374
-0.195462
0.273116
-0.119197
-0.110558
-0.521513
0.118791
0.356787
-0.491357
0.491174
0.696119
-0.34179
0.138856
0.989355
-0.0650136
0.571602
0.066997
0.154267
0.337975
0.244626
-0.443906
0.832776
0.321551
0.478973
-1.13038
-0.0372028
0.602969
0.468742
0.0500595
0.750067
0.338996
-0.372042
0.82728
-0.0613605
0.158946
-0.607991
-0.37044
0.507205
0.0589095
-0.336641
0.403773
0.547712
-0.931303
-0.344264
-1.33484
0.491171
1.11135
0.259477
0.560436
1.28761
-0.0322604
0.17607
0.540982
0.231615
0.909769
0.0593309
-0.655686
0.130197
-0.856936
0.744189
0.668081
0.570097
-0.44733
-0.63169
-0.290991
0.323872
-0.92936
-0.238591
0.267692
-0.569491
0.115876
0.49332
0.456757
-0.143799
-1.13039
-0.081094
-0.494114
0.126291
-0.845434
0.140117
0.355166
0.375798
-0.398458
0.193822
-0.739932
0.729409
-1.02232
0.7592
0.584964
-0.827432
0.619326
-0.809916
-0.174068
-0.40626
0.98057
-1.08199
-0.375838
0.235831
0.375448
-0.317361
0.479096
-1.00254
0.555901
0.31963
0.22226
-0.359342
-0.0881359
0.516948
1.3379
-0.29722
0.757779
-0.168776
-0.0917107
0.158073
-0.173587
-0.148504
0.812427
-0.555114
-0.678299
0.941116
-0.907487
0.0473642
0.503589
-0.549258
-0.564414
-0.0938527
-0.0749531
0.303533
-0.25986
0.0705083
1.07672
0.229834
0.650171
0.148197
-0.970083
0.743622
0.446792
0.523818
-0.585723
0.08579
-1.25252
-0.0297779
-0.621187
0.327012
0.167432
0.312784
0.0525359
0.348596
-0.550261
-0.0552765
-0.297749
-0.322601
0.866144
-0.572479
0.923626
-0.153178
-0.112858
0.931507
-0.450998
0.578976
-0.143559
0.879579
-0.859556
0.256918
-1.29405
-0.243588
-0.722859
-0.869019
0.108817
-0.162434
-0.631674
-0.0960512
-0.393438
-0.942797
0.723881
0.0100757
0.109314
0.0907037
-0.294015
0.486777
0.381083
-0.843071
-0.463859
0.0522791
-0.140062
0.972957
-0.325619
-0.490551
0.0746599
0.113313
-0.0234076
0.601697
-0.0855353
0.301096
-0.705254
-0.161912
-0.611273
-0.813867
-0.236089
-0.234845
0.971243
-1.02965
-0.261344
0.14285
0.680509
-0.618067
0.464723
-0.202545
0.666353
-0.244601
0.295834
0.548423
-1.28415
0.179331
-0.0360693
0.655709
-0.834375
0.161854
-0.771554
-0.0674774
-0.0927489
0.00584696
-0.288398
0.289478
0.747612
0.197098
0.267336
-0.110607
0.210864
0.0913264
0.122845
0.667543
-0.967431
-0.530562
-0.374233
-0.00441315
0.717288
-0.573334
-0.526322
0.0760719
0.56518
-0.80893
0.0818713
0.583841
0.55024
0.370002
-0.248446
-0.653953
0.343765
-0.185713
-0.318331
0.261429
0.63816
0.748228
-0.0313896
-0.0753695
0.126033
1.30539
0.557169
0.314085
-0.874013
-0.0735172
0.184501
-0.606418
0.00213991
0.709885
-0.946769
-0.221674
0.215475
0.100643
-0.297358
0.377323
0.00492325
0.441494
0.123683
-0.0229747
0.27494
-0.477555
0.298591
-0.593612
-0.728205
-0.0433165
0.158089
0.683761
0.0714253
-0.451503
0.304009
0.512427
-0.521611
1.16596
0.778525
0.392657
-0.186768
0.53627
-0.288333
-0.285944
-1.13153
-0.201656
0.743178
-0.0377686
0.321067
1.27744
1.44849
-0.316854
0.0954206
-0.319062
-0.405299
-0.395741
-0.527057
-0.138594
-0.246168
-0.233303
0.876733
-0.422058
0.256079
-0.220074
-0.372011
-0.133568
0.596964
-0.479121
-1.06216
0.280568
-0.278687
0.317939
0.543774
-0.149151
0.00474889
-0.291609
0.497746
0.610401
-0.826025
0.279278
-0.0757795
-0.0120848
-1.0456
0.981023
0.110371
0.176435
-0.366512
-0.0266787
0.256232
-0.632376
0.658069
-0.689567
1.30369
0.511524
-0.571808
-1.19643
-0.558286
-0.578113
-0.151269
-0.914377
-1.22849
-0.0282092
0.684587
0.482063
0.328258
0.364418
-0.515462
0.0798917
-0.0324157
-0.176723
-0.380401
-0.373407
-0.427202
-0.233865
0.0896807
0.5683
0.190061
0.275775
-0.206346
0.567271
-0.092212
0.478521
0.236529
-0.362892
-0.0334855
-1.37002
-0.036226
0.901047
0.34325
-0.726442
0.839213
-0.65705
-0.977721
-0.407766
0.115964
-1.4371
0.420726
0.413741
0.137782
0.740874
-0.64831
0.62682
-0.867024
0.147879
-0.0975739
-0.3741
0.00494321
-0.62135
-0.760526
-0.345815
0.577351
0.616662
-0.122765
-0.622015
-0.475209
0.489284
-0.217353
-0.0503682
-0.103705
0.11033
-0.676097
-0.323524
-0.1268
1.31187
0.390229
0.115185
-1.00921
0.155975
-0.396273
0.00994992
-0.805594
0.136514
0.463295
0.792241
-0.10472
0.0173266
-0.275586
0.736515
-0.0230396
1.50832
0.296574
-0.763957
1.37174
0.0109472
0.0110357
-0.500224
0.383194
0.732957
-0.682365
-0.350907
-0.0303999
1.15677
0.363556
-0.873978
0.036564
-0.474561
0.099428
-1.13237
1.14823
0.811278
-0.306241
0.94831
-0.74398
0.719732
-1.64939
0.433989
-0.360534
0.886298
-1.07218
-0.434236
-0.573097
0.830914
-0.519124
0.187506
-0.548917
0.280782
-0.625531
1.52798
0.934972
-0.316304
0.656172
-0.695151
0.00480231
-0.576794
0.844139
0.212754
0.0202105
1.30368
0.765822
-0.420837
0.27112
-0.247164
0.226009
-0.434958
0.367307
-0.398325
-0.736933
-0.0138777
-0.681744
0.200156
-0.379893
0.31767
0.353638
0.591326
-0.0222564
-0.415307
-0.667221
-0.0224876
-0.59587
0.437067
-0.903094
-0.0875077
0.902881
0.456921
0.160028
0.358433
0.00730109
0.365407
-0.955487
-0.183819
-0.392076
-0.073026
-1.03825
1.31801
-0.365419
-0.731882
-0.457977
-1.19053
0.512137
0.443027
-0.167993
-0.507748
-0.30176
-0.611212
-0.646136
-0.667153
0.126433
-0.358339
0.638719
0.420932
-0.505587
-0.20829
-0.685074
-0.0471601
1.06736
-1.37715
0.443231
-0.926748
0.453036
-0.14853
-0.423374
0.0954935
0.688368
0.676385
0.790391
-0.668746
-0.357989
-0.588357
-0.714337
-0.276421
1.159
0.289417
0.0633646
-0.0461522
-0.239797
0.641254
-0.728358
-0.0610621
0.103748
-0.16141
0.182685
0.0244052
-0.303207
0.957739
0.223769
-0.0757148
-0.148704
0.864317
0.020138
-0.0228802
0.44383
-0.27874
-0.169846
0.0791645
-0.246297
-0.950802
-0.920835
0.892598
-0.323916
-0.0637438
0.281853
-0.725369
-0.910131
0.833481
-0.277301
0.166701
0.582872
0.51135
0.762573
0.225305
0.0497462
0.381604
1.32227
-0.716628
-0.233617
-0.515468
0.249397
0.0655806
0.699037
0.62281
0.0492984
-0.716447
0.0966147
-0.378886
-0.78873
0.827779
0.463365
-0.0289395
-0.133363
0.370254
-0.5347
-0.18611
0.0732471
-0.337536
-0.345675
0.807348
0.135993
0.993533
-0.136337
-0.515317
1.01205
-0.24043
-0.357928
0.52059
-0.556307
-0.0994466
0.545229
-0.448226
0.483482
-0.612021
-0.256594
-0.448652
-0.589453
0.298255
-0.561768
0.265837
0.235818
-0.311228
-0.844757
0.0404478
-0.134306
0.900485
0.526479
-0.751446
0.0100103
-0.0977856
-0.44887
0.514076
-0.0237336
0.896162
-0.321209
-0.349689
0.631798
0.157788
0.399127
-0.0022049
-0.0923383
0.838856
0.350353
0.232435
1.29472
0.895567
-0.606379
0.0778909
-0.0781766
-0.4145
-0.0414217
-0.23737
-0.0371795
0.142293
-0.096441
-1.11896
-0.350637
0.151222
-0.0599461
-0.341181
0.964506
0.860315
0.345477
-0.59447
0.263421
-0.232203
0.797939
-0.40361
0.21224
-0.382336
1.28921
-0.164145
-0.0937497
-0.487712
0.304003
0.173372
0.967116
-0.250564
-0.233272
-0.0687432
-0.584405
-1.757
0.628692
0.449362
1.21896
0.143872
0.890359
1.094
0.282212
0.0853803
0.344693
1.0325
-0.692487
-0.64538
-0.337283
0.609522
0.152743
0.370096
0.50159
0.317546
-0.0312254
0.214334
0.934096
-0.0202082
0.619521
0.985665
0.130361
0.483093
0.543655
0.0665721
0.165637
-0.674438
-0.560423
-0.392918
-0.906561
-0.15571
-0.0393402
1.04472
0.631454
-0.0388486
-0.88531
0.0803755
0.886592
-0.00218718
-0.254215
-0.891361
-0.210607
-0.401212
0.212581
-1.25627
0.812529
0.714871
0.120522
-0.605156
0.254853
0.245471
0.420082
0.398779
-0.0543147
-0.0573996
-0.351295
0.0904847
0.275467
-0.275467
-0.0768595
-0.124986
-0.164014
0.668262
-0.00473691
0.341579
0.344834
0.789988
-0.777789
0.151372
-0.243221
-0.186331
-0.966488
-1.04153
-0.57743
-0.0301113
0.425819
-0.0155138
0.0311883
-0.054912
-0.357369
-0.582927
-0.868677
-0.0230242
-0.912041
-0.160733
0.744431
0.643285
-0.542365
1.11466
0.567769
0.42739
-0.777576
-0.239623
-0.489909
-0.504027
0.25446
0.824114
-0.33334
0.189915
0.297038
-0.330036
0.116843
-0.655675
0.980742
-0.0657141
0.354145
0.145101
-0.334553
-0.331299
-0.75346
0.00562472
0.379122
-0.133796
0.0463023
-1.01683
0.747334
-1.26807
0.778291
0.0959073
0.000474923
-0.959107
-0.0830786
-0.324698
1.15669
0.61368
-0.312575
1.19294
0.616278
0.584253
0.964022
1.09448
0.217168
0.520265
0.0955643
-0.465268
0.766486
-0.869562
0.313738
-0.0228947
0.826719
0.00217639
1.06781
-0.737471
-0.13723
-0.204245
-0.807435
0.245984
-0.735728
0.0455215
-0.293617
0.63174
0.246978
-0.659378
-0.393234
-0.914897
0.293406
0.509843
0.733613
0.0757784
0.458153
-1.05032
0.0662683
-1.43846
-0.871654
-0.503695
0.237483
-0.299515
-0.124633
0.419668
0.252206
-0.00751052
-0.394343
0.251372
0.298633
1.41648
0.583583
0.868648
-0.0509638
0.350904
-0.290952
-1.12859
0.884197
0.0337703
-0.352526
0.88414
0.619201
-0.521094
1.10582
-0.136937
-0.0657605
-1.46453
0.473986
0.845364
1.43815
0.144394
0.217626
-0.414331
-0.550183
-0.15106
-0.510457
-0.326086
-0.779459
0.947685
0.335467
-0.129249
0.843453
0.134164
-0.518075
0.934229
0.00301005
-0.277082
0.329918
-0.0203073
0.530522
0.607338
0.656498
0.258768
0.540963
1.046
-1.0769
0.860176
0.17433
-0.918971
0.756476
-0.604048
0.226707
-0.205085
0.283748
0.257224
0.881942
-0.550881
0.507003
-0.18717
0.261923
0.510166
-0.688361
0.241825
-0.122478
-0.588936
-0.137641
0.32847
0.51724
-1.05911
0.020668
0.380217
0.917381
0.500323
0.227428
0.109199
0.774454
-0.181407
-0.675424
-0.0170229
0.363125
0.441471
-0.306627
-0.425009
-0.633229
-0.538087
-1.6275
-0.17252
-0.795228
0.899225
-0.577734
-0.44199
-0.957483
-0.881524
0.883407
0.201571
-1.27632
-0.0547064
0.649558
-0.420269
0.903921
0.494244
-0.115647
0.30377
-0.339326
-0.185315
-0.271833
0.0982376
-0.45255
-0.561793
-0.632563
0.0747648
-0.0818726
0.765165
0.285965
0.340817
0.128463
-1.03186
-0.608254
0.821593
0.951496
-0.0699567
0.60965
-0.243144
-0.193573
0.139154
0.500239
-0.693435
-0.254649
-0.484783
-0.63058
-0.260112
1.0579
-0.214043
0.176649
0.0492464
-0.730777
-0.741519
0.146398
-0.431748
0.0246277
-1.22859
0.126637
-0.1619
0.0980443
0.930903
-0.481726
-0.697955
-0.587367
0.893135
0.692026
0.116983
0.0934145
-0.0878765
0.585007
-0.526949
0.34728
0.633608
-0.143213
-1.03268
0.645128
0.483087
-0.179074
-0.843089
-0.552305
-0.178211
-0.020295
0.0484738
0.355505
-0.704158
0.158322
0.646478
-2.23574
-0.719473
0.380238
-0.63121
1.01188
-0.220312
-0.191287
-1.59511
0.961738
0.251903
1.12046
0.496652
-0.485262
-0.469767
-0.30931
0.549179
0.0931622
-0.136023
0.305635
-0.561685
0.649095
0.0649364
0.869545
-1.18461
-0.437344
0.13461
0.105649
-0.907755
0.0637486
-0.427169
-0.850527
0.513592
-0.0574179
-0.370295
0.932932
1.40847
-0.23196
-0.703378
-0.0608272
-0.294999
-0.235375
0.745154
-0.717717
-0.189611
0.108998
0.510281
0.471396
0.816901
0.337539
0.628108
0.199593
0.380729
0.500837
-0.153953
-0.0837235
-0.583725
-0.272538
-0.656896
-0.789945
0.210141
-0.64649
0.52759
0.606331
0.393748
0.0864933
0.239058
-1.32918
-0.00288169
0.384051
-0.153629
-0.647121
-1.19721
-0.159987
-0.620337
-0.594013
-0.339218
0.460046
-0.0953812
-0.0757027
0.857465
0.128451
-0.702077
-0.070256
-0.362144
-0.65011
-0.27483
-0.0411177
-0.853399
0.0257973
-0.87525
-1.36972
-0.661833
-0.50098
0.89181
-0.693004
0.297923
0.818814
0.386909
0.705815
0.566704
-0.361357
-0.144882
0.287636
0.431214
-0.00735042
-0.683328
0.684044
0.759445
0.1667
-0.303516
0.00248965
-0.303558
-0.107963
-0.551259
-0.533162
-0.32523
-0.070962
-0.270408
-0.0516897
0.0285425
-0.778239
-0.344911
-0.861345
-0.13314
1.01569
0.382305
0.481446
-0.11623
-0.0527428
-0.227056
-0.0116304
1.14996
-1.11737
1.41688
-0.401102
0.351795
-0.522048
0.482396
-0.127865
-1.02582
0.04509
0.159856
0.121818
0.356773
-1.22391
-0.392537
0.840292
0.348392
0.549513
-0.535143
0.0161713
0.572515
-0.414406
-0.721443
0.405262
0.271125
-0.0579888
1.40926
-0.342195
0.969105
0.168598
-0.287058
0.27471
0.0934893
0.577438
-0.762696
-0.265495
-0.256363
0.0166675
-0.284388
0.812434
-0.709574
-0.277758
-0.396611
-0.814625
0.570502
0.524539
-0.518711
-0.0446686
0.0146908
-0.902885
-0.664703
0.310507
-0.094581
-0.0810263
0.379565
-0.997222
-0.950913
-0.166696
1.10007
-0.248641
-1.58459
-0.210916
-0.900406
0.157632
-0.180316
0.59292
0.632561
0.39222
0.198245
-0.00237005
0.960233
0.819932
-0.216707
0.40876
-0.476427
0.705272
0.263754
-0.813332
-0.451693
0.280762
-0.545356
-1.05274
0.549752
0.445862
-0.0955664
0.461451
0.111029
0.111039
1.77032
0.0425755
0.329379
0.812207
0.108293
-0.0566789
0.0327574
-0.0903118
0.871965
-0.0167604
0.886311
-0.281034
0.992448
-0.0616228
-0.287344
0.114665
-0.618637
0.163592
0.17553
1.30245
0.294869
0.442029
0.869158
-0.310476
0.515878
-0.368736
-0.296155
0.197604
-1.55394
-0.469602
0.576399
0.875537
0.0226236
-0.57323
-0.57819
1.0562
-0.617279
0.309972
0.00946134
-0.156539
0.328234
-0.933002
0.242739
-0.719512
-0.0882435
0.392514
0.0130493
0.123178
-0.198499
0.178499
0.868743
0.541967
-0.791332
-0.55317
0.787248
-0.49504
0.118454
0.513887
-0.208413
-0.697019
-0.529328
0.0615172
-0.0380234
-0.780029
-0.21533
0.653514
0.212794
0.382443
0.529712
-1.89191
0.991181
-0.368233
-0.372838
-0.289588
-0.455436
-1.13186
-0.267792
0.683756
-0.391533
0.354258
-0.218037
0.67117
0.532466
-0.4021
0.126104
0.198696
-0.737304
0.116508
0.290577
-0.842914
0.0688732
0.609392
0.522326
-0.212753
-0.267301
0.510648
0.319396
-0.796363
0.283326
-0.655165
0.574743
0.215386
-0.491074
0.15385
0.63152
-0.252925
-0.869184
-0.11298
1.33192
0.0920732
-0.088186
0.861888
-0.481317
0.332459
-0.826855
0.0935488
-0.280415
0.334842
0.822204
-1.03993
0.106555
-0.0273102
-0.379954
1.92378
-0.22372
-0.398549
-0.236225
-0.368145
-1.18374
-0.693125
0.541441
-0.18091
-0.715377
0.68191
0.124574
-1.04064
0.295314
0.70076
1.12344
0.00426026
-0.124549
0.560507
-0.461638
-0.517921
-0.172905
1.02248
0.390427
-0.198114
-0.939429
0.795586
0.513032
-0.424473
-0.236511
0.41687
-0.333921
0.568812
-0.350398
-0.0549829
-0.214974
0.71352
-0.241395
-1.04136
-0.0696409
-0.403122
-0.842804
0.0680371
-0.16228
1.1768
-0.380027
-0.455179
0.550442
-0.452505
0.914785
-0.288325
-0.259223
-0.514604
-0.751117
-0.532249
-0.904246
-0.334756
0.511289
-0.10723
-0.523846
0.549264
-0.716644
-0.00466379
-0.480744
-0.504804
0.0579527
0.418432
0.445937
-0.00843972
-0.224473
-0.473925
0.317314
0.383115
0.288932
0.972811
0.297931
0.941918
0.736342
0.759194
-0.454841
-0.478414
-1.16477
0.172242
0.852645
0.846621
-0.134379
-0.692433
0.542164
0.617855
-0.510644
-1.10972
-0.0960598
0.119477
0.145187
-0.111155
0.305669
-0.636664
0.286356
0.396074
0.0610466
-0.359365
-0.00968381
0.741305
0.140203
0.179528
0.694682
0.0225641
-0.807929
-0.00260618
-1.85363
0.150269
0.807763
0.837592
0.496618
0.156884
-0.602364
0.558832
-0.0405881
0.10108
-0.109699
-0.136464
0.72596
-0.59595
-0.522031
-0.92919
-1.14184
0.708074
-0.0995513
-0.351739
2.01853
0.853929
-0.458921
0.225082
0.305252
-0.640327
0.701023
0.245108
0.405427
-0.406282
0.408566
-1.119
0.426331
0.701478
-0.114968
0.500863
0.222702
0.506779
0.565049
-0.518377
0.456183
-0.348574
0.463173
0.606812
0.203713
0.0929153
0.573304
-0.279025
0.424055
-0.461949
-0.0833001
-0.777469
0.753757
-0.16508
0.889528
0.617862
-0.400644
0.137958
-0.18266
-0.734262
-0.335874
-0.22217
-1.72957
-0.319544
0.57537
0.0260589
0.817485
-0.979622
-0.38294
0.0323142
0.042334
0.0129274
0.307887
-0.214597
-0.217785
-0.202385
0.691011
0.505651
0.0572581
0.286613
-0.5289
0.401807
0.359531
0.0312036
-0.386914
-0.248903
0.0376794
-0.0675163
-0.494665
0.29109
0.0167231
-1.04772
0.35142
-0.720666
0.917437
-0.0905176
1.5201
-0.369258
0.0256104
0.442649
-0.283511
-0.040245
0.16241
0.341547
0.608076
0.289372
-0.283027
-0.747336
1.61427
-0.340197
-0.586039
-0.161861
-1.09752
-0.37741
0.404801
0.125597
0.958791
-0.488944
-1.03092
-0.00782648
-0.467302
-0.134416
0.65227
0.0959117
0.61319
-0.154218
0.727226
-0.215029
-0.623276
0.376525
-0.0339406
-0.719644
0.196061
0.889445
0.69941
-0.722837
0.424316
-1.23039
-0.64885
0.488178
-0.575682
-0.0946917
0.630136
-0.36663
-0.00919767
0.0781711
0.934377
-0.516872
-0.432486
0.15705
-0.0970324
0.0570605
0.470555
-0.278885
0.351049
0.198239
0.383732
0.80377
0.595987
-0.204867
0.150931
0.0984267
-0.51293
-0.601058
-0.0951538
0.872136
-0.837199
-0.572785
0.547669
0.808452
-0.657436
0.848724
0.684098
0.16318
-0.605717
1.01428
-0.0625996
1.50271
-0.221035
-0.452864
-0.159783
0.107879
-1.08632
-0.0280774
-0.788396
0.182212
-0.237818
0.445311
0.0839115
0.0936304
0.503221
-0.319542
1.53328
0.491343
0.27732
-0.323074
-0.767861
-0.285118
-0.0373942
-0.124693
0.914264
-0.228232
0.436982
-0.879199
-0.25693
-0.00466447
0.377694
-0.293436
0.475276
-0.813336
-0.245176
-0.365608
-0.0228881
0.302907
0.471481
-0.0176687
0.76531
-0.618692
-0.290364
1.08826
0.256632
-0.0484503
-0.800745
-0.923157
0.792222
-0.0852247
0.970165
1.49734
-0.444896
0.706682
-0.10025
0.202346
0.151678
0.333486
-0.460731
-0.631752
-0.630369
-1.25913
-0.477888
-1.1928
0.0931319
-0.222554
0.682575
-0.617751
0.521364
-0.24681
-1.08025
-0.706279
-0.0726297
0.106399
-0.0166027
0.284916
-0.871797
0.376088
-0.839573
-0.603118
0.234155
-0.712302
-0.376387
-0.764108
0.722557
-0.898744
0.674059
-1.39526
0.293827
-0.462021
-0.302683
0.700813
-0.0682628
0.222099
0.29773
-0.610388
-0.309669
0.00273565
-1.20505
-0.138069
-0.503563
-0.856605
0.120206
0.705678
0.0380819
-0.247214
-0.0668007
0.151118
0.502788
-1.1465
0.0420352
-0.697927
-0.0791127
-0.0372759
-0.735621
0.355613
0.2398
-0.358461
0.00960323
-0.43061
0.318203
0.393955
-0.00219318
0.141589
0.0925236
0.146446
1.31944
-0.162383
-0.446078
0.0432421
0.21
-0.0839279
0.347497
-0.396847
1.09406
-0.903724
0.333838
0.53356
-0.109663
0.57095
-0.514966
0.939478
0.825158
-0.85351
0.25062
-0.819111
0.276576
-0.183466
0.0186477
-0.0390414
0.068088
0.843253
-0.63639
0.233114
-0.230737
0.290536
-0.366082
-0.3586
-0.513115
-0.0695504
-0.429067
0.762049
-0.123892
0.222727
-0.243949
0.197856
0.191947
0.181375
0.0163541
-0.00879646
-0.145146
-0.119197
-0.556419
-0.246799
-0.0327046
0.682596
-0.482102
-0.641189
0.167042
-0.872345
0.662766
-0.439938
1.22813
-0.262691
0.420081
0.296198
0.640378
-0.314307
-0.24409
-0.406905
-0.143144
-1.34327
0.0829911
0.243148
0.562307
-0.931866
-0.111013
0.691642
0.323725
0.223771
0.164642
-0.476808
-0.294548
0.316574
-0.314386
0.124023
0.691424
0.493544
0.0690828
-0.290392
0.311866
1.1709
0.151376
0.0504076
0.831102
-0.546225
0.164176
0.73669
0.150556
0.451417
-0.590435
0.23356
0.375983
-0.245508
0.962404
-0.338366
0.11128
0.776854
0.471931
-0.393783
0.545601
0.153398
-0.00129963
-0.31447
-0.133475
-0.420559
-0.161307
0.483718
-0.648433
-0.552748
-0.987017
0.249002
0.725576
0.280059
0.712713
0.808038
-0.106667
-0.705455
-1.23611
-0.437379
0.730857
-1.25284
0.863537
0.627153
-0.96369
-0.455688
0.709587
-0.621604
-0.154118
0.078374
-0.394864
0.694054
0.350968
0.498789
0.0426674
0.693679
0.436745
-0.29424
-0.133263
0.339132
-0.316654
0.614206
0.499118
0.0558073
-0.0475384
0.663823
0.583975
-0.546029
0.249697
-0.174756
0.157153
0.644134
0.886486
0.359919
-0.406792
0.811322
-0.308087
1.33937
0.36285
0.117496
-0.244228
-0.691297
0.190233
-0.582381
0.152831
0.0707865
-0.866118
0.165952
0.233854
0.199605
0.983522
0.13021
0.310559
0.0332519
0.033185
-0.174848
-0.416161
-0.68985
0.129432
-0.489814
0.456601
-0.430109
-0.286008
0.361769
0.273646
-0.0961406
0.565661
0.871977
0.346693
-0.219184
0.205901
-0.952096
-0.512731
0.0470441
-0.533217
-0.565099
0.371407
0.863359
0.0372659
-0.226912
0.533649
1.0863
-0.402514
0.167653
-0.158909
0.167903
0.423613
-0.0872961
-0.630358
-0.606339
0.771796
-0.0209688
-0.561737
0.327596
0.943406
-0.798568
0.209791
0.442876
0.339675
-0.0320937
-1.03345
-0.391387
-0.287426
-0.527237
-0.277689
-0.244957
-0.936462
-0.300652
-0.344736
1.04924
0.181356
-0.218884
0.233443
1.47233
-0.13315
-0.0637882
-0.314365
0.711388
-0.340343
-0.25687
0.465512
0.359377
0.295909
-0.111763
-0.223425
-1.2192
0.164854
0.486683
0.614274
-0.455386
0.0163808
-0.405952
0.346853
-1.01969
0.617701
-0.475594
-0.196869
0.446305
-0.135763
-0.143708
-0.395345
-1.24948
-0.0973013
-0.722987
0.283669
-0.405297
1.15478
-0.496114
-0.312306
-0.468669
0.49291
0.195191
-0.648652
-1.26913
-0.108901
0.348708
-1.54744
0.223597
-0.274055
-0.0332224
-0.727722
0.187544
-0.996757
-0.535312
0.413834
1.24997
0.851416
0.00927006
0.0663916
0.297154
-0.278277
-0.64052
1.17568
-0.341916
0.405843
-0.130475
1.05981
0.251018
-0.916491
-1.20349
-1.32609
-0.504346
0.555003
-0.277032
-1.13599
-0.628904
-1.28686
0.176961
0.499322
-0.322613
0.0560504
-0.601643
0.942307
-0.366542
-0.0835509
-0.924633
1.54801
-0.0878936
0.672579
0.793215
0.601554
0.0440817
0.473684
0.176618
-0.590762
0.507138
0.269855
-0.487852
0.468845
0.360343
0.220424
-0.310529
0.125717
-0.672008
0.126415
0.10486
-0.499681
-0.513856
-0.682091
-0.975292
0.0388604
-0.00930603
-0.00436199
-0.613805
-0.261608
-0.30996
0.214213
0.550657
0.196656
0.558956
0.127647
0.18449
0.288005
0.24529
0.988724
1.00606
0.203829
0.723272
-1.07453
-0.400898
0.225891
-0.534806
0.392516
1.06077
0.0899682
-1.29126
-0.932659
-0.404208
-0.275692
0.512955
0.148735
-0.653504
0.108104
0.0105635
-0.0566832
0.185249
0.42736
0.400059
0.261245
-0.290573
-0.18041
0.741453
0.399039
0.189886
-0.214088
-0.121671
-0.643296
-0.483859
-0.802188
0.249829
-0.554056
0.376684
-0.7953
0.700293
0.507957
-0.291534
-0.743832
0.567643
0.0572399
-0.22862
-0.708377
0.459029
-0.183094
-0.377292
0.444239
0.538789
-0.140174
0.421269
0.754789
0.0530775
-0.603451
0.747193
0.268254
0.854019
0.103501
0.17357
-0.137043
-0.134727
0.959951
0.153136
-0.720902
0.42736
0.118166
0.00393704
-0.298461
-0.409769
0.338172
-0.809009
0.991214
-0.0615115
0.306636
0.0479456
-0.858077
-0.208386
-0.490699
-0.552932
0.800288
-0.373095
-0.123571
-0.158464
0.515888
-0.1574
0.768986
-0.104702
0.934756
-1.14394
-0.542404
0.346249
1.18917
0.231853
0.21601
-0.801096
-0.225248
-0.483651
0.136463
0.542177
-0.165058
1.26018
0.121038
0.838497
-0.897224
0.15062
0.578185
0.545197
-0.176505
0.164451
0.100467
-0.522461
-0.91222
-0.0870447
0.75169
0.380084
-1.1369
-0.573027
-0.303032
1.17073
0.147304
-0.629373
-0.662694
1.08864
0.180779
0.646755
-0.275363
-0.351125
-1.20832
0.104898
0.190363
-0.181884
0.866517
-1.09019
-0.921696
-0.650061
0.621521
-0.817942
-0.545964
0.556053
-0.324611
-0.0565791
-0.814818
0.849099
0.117746
0.0683975
-0.130784
0.475751
-0.654819
-1.15949
0.577467
0.428505
0.637798
-0.733993
0.824092
0.738246
-0.731424
-0.0335557
0.283944
0.402607
-0.123354
-0.336256
-0.379141
0.51466
0.26239
0.151805
-0.705468
-0.842011
-1.06914
-0.237315
0.427071
1.1698
-0.602524
1.17325
0.123889
-0.0431763
-0.0106376
-0.225137
0.54941
-0.205681
-0.450709
0.0613045
-1.15624
-0.206101
0.168058
0.138425
-0.0499063
0.68046
0.663944
0.205008
-0.383445
-0.715779
0.401313
0.122448
-0.68392
0.168826
-0.350205
0.815453
0.105999
0.0892475
0.36218
-0.044117
1.72828
0.825165
0.827122
0.21078
0.586033
1.14556
0.841555
0.246261
-0.411065
0.174122
-0.452102
0.705482
0.425736
0.0294466
-0.0753644
0.433201
0.510473
0.342462
-0.488548
0.327907
-0.443214
-0.521694
-0.504449
-0.17223
-0.309942
0.0243854
-0.390402
0.196912
-0.272264
0.409582
-0.706166
0.0127348
0.0156816
0.282381
0.576822
-0.283357
-1.7926
1.19432
0.356727
-0.0850388
-0.25542
0.560165
-0.512792
0.107727
0.275271
-0.33823
-0.0806315
-0.580595
-0.370136
0.540355
-1.49539
0.218902
-0.0436664
-0.391961
0.163975
0.808873
-0.717837
0.711832
0.613574
0.0677302
-0.0297868
0.213952
0.700384
1.02257
-0.523923
-0.741306
-0.118179
-0.0607033
-0.381634
-0.742604
0.171272
1.15673
-0.206063
-0.483618
-0.388396
-0.350308
0.196923
0.229377
-0.60451
0.483181
-0.069278
0.932289
0.247917
0.482231
0.00465296
1.15294
-0.0573886
-0.360354
0.52446
-0.558584
-0.462738
-0.409973
-0.432017
0.00915321
0.299498
-0.53639
0.708941
0.273128
0.0500088
-0.716795
0.23223
-0.669334
-0.504064
-0.0277723
-0.281211
0.0551004
0.596952
1.12037
0.614535
0.122467
-0.180802
0.135073
-0.610244
0.233911
-0.438705
-0.401
0.824866
-0.449417
0.59437
0.112928
0.330428
-0.410752
0.537754
-0.211149
0.754171
-0.972434
0.600572
-0.486919
0.716387
0.696515
-0.0710869
-0.760577
-0.566726
-0.519476
0.894808
-0.076001
-0.118293
0.686106
