0.277105
-0.969721
-0.102488
0.0138852
-0.365867
0.691682
0.378586
0.73953
0.699278
0.556213
0.0103662
-0.300822
-0.124639
-0.230072
0.0537458
-0.871285
-0.476648
-0.946254
0.212396
-0.167263
-0.601624
-0.877027
-0.769254
0.329671
-0.97329
-0.0938372
0.272864
-1.94422
-0.342658
1.11456
0.740159
0.251469
-0.430185
-0.170523
0.0278372
0.86097
-0.406603
-0.330033
-0.133143
0.183919
1.2759
-1.16159
-0.252309
0.779831
0.418597
0.0776551
0.377188
0.127467
-1.00557
-0.732296
0.179222
-0.118591
-0.342576
-0.325524
-0.379535
0.372204
-1.95213
0.68476
-0.450787
-0.113794
-0.121109
0.265118
-0.197181
-1.28234
-0.897834
0.484029
1.0914
0.280844
0.143502
-0.192594
0.0700792
-0.111341
-0.244651
-1.23522
-0.162777
-1.02167
0.0941925
0.345307
0.581579
0.135552
-0.544071
1.40845
0.0365821
-0.403973
-0.0639354
0.0482338
0.928264
1.89018
0.152053
0.418785
-0.732439
0.661472
-0.659715
0.101606
0.763612
-0.148473
-0.484371
-0.484005
0.270871
1.10441
-0.337077
0.240129
0.226902
0.235612
-0.796404
-0.449496
0.165869
0.478656
0.574288
0.316944
-0.483976
-0.808666
0.129306
0.582022
1.07272
-0.178555
-0.356698
-1.07997
0.564423
0.454147
-0.154912
-0.223947
0.605207
-1.01719
0.511883
-0.604692
0.272405
0.805874
-0.0131735
0.665543
-0.52053
-0.11194
-0.480007
-0.0507064
-0.131979
-0.657477
0.384428
-0.119804
0.39148
0.272146
0.0813914
0.295392
0.882088
-0.0343705
-0.570008
-1.73254
0.287998
0.731999
-0.593106
-0.859342
0.138772
1.25693
-0.82246
0.169804
0.27434
-0.0399975
-0.245689
0.00287317
-0.33747
0.280124
-0.0885559
-0.31642
0.159993
-0.183821
-0.0892065
-0.215982
-0.463295
-0.125823
-0.179618
0.27841
-0.549985
0.943256
-0.0326843
-0.36398
0.0905181
-0.0385762
-0.270108
0.227767
-0.642421
-0.612326
0.639849
1.15574
0.467097
-0.174464
-0.779078
0.375261
-0.148846
1.26474
0.371538
-1.23765
-1.1473
-0.358543
0.196529
0.10249
0.576604
0.564691
0.568766
-0.156248
0.750952
-0.428663
0.164586
-0.542774
0.38829
-0.0299192
0.450703
-0.257024
0.320692
0.645937
-0.994595
-1.05796
-0.320832
-1.17803
-0.291939
0.375653
-1.081
-0.0464092
-0.0619434
0.0401145
0.20116
0.112564
0.082918
0.951378
0.344238
1.17439
0.177791
-0.332671
-0.534576
0.559503
-0.679657
1.09164
0.140089
-0.247749
0.506111
-0.0156253
0.460597
0.564477
0.366426
-0.519979
-0.308197
0.62202
-1.03814
-1.92264
-0.924858
0.738776
0.616498
0.462818
-0.752751
-0.42279
0.125205
-0.176544
0.565077
0.473081
0.253219
0.448306
-0.189482
-0.762981
-0.444744
0.643445
0.0505051
0.207462
0.914091
-1.66991
-0.699987
0.348098
1.3038
0.798219
-0.683776
-0.116981
0.69356
-0.587778
-0.057876
0.632585
0.320441
0.269571
0.367935
-0.070025
0.526297
0.192122
0.211686
1.31953
0.291643
0.284167
0.766709
0.979066
-0.761364
-0.461682
-0.811895
0.194042
0.0359257
0.917872
-0.296888
-0.57455
-0.0544021
0.0479889
-0.0058926
0.160419
0.624031
-0.375064
-0.229965
-0.309426
1.06259
1.21535
-0.098431
0.989549
-0.877195
-0.556064
-0.179462
0.634016
-0.453453
-0.781673
0.732676
-0.926798
-0.402297
0.47744
-1.08473
-0.240929
0.0652224
-0.216435
0.201597
0.450216
-0.100189
0.132617
-0.394227
-0.252836
-1.00725
0.246224
-0.016324
0.336568
0.830831
0.606825
0.0204542
-0.603646
-0.0623646
0.290217
0.0466132
0.236613
0.0199269
0.203003
0.496754
0.727157
-0.324316
-0.288439
0.24792
1.00461
-1.0546
0.837987
0.137664
-0.798579
-0.84633
0.332615
0.250784
0.910507
-0.0486203
0.28327
-0.581686
-0.855416
-0.165314
0.148274
0.37887
0.263011
-0.856219
1.68384
-0.206091
0.594085
0.233952
0.0396989
0.0713373
0.108004
-2.05604
-0.757245
0.038691
-0.414028
0.084115
0.00615631
-0.377676
1.43808
-0.603747
-0.231609
0.0315231
0.219689
0.437492
-0.0501201
-0.240478
-0.243043
-1.58087
-0.738316
0.528433
-0.79558
-0.162068
-0.338434
1.1213
-1.14577
-0.0256317
0.073217
-0.657495
0.157351
-0.937483
0.552431
-0.255711
-1.11679
0.431395
0.315661
-0.426962
0.380774
-0.789911
-0.566859
-0.536531
-0.363211
-0.426022
0.30331
-1.11664
0.392709
0.650246
0.0305453
-0.256681
-0.451462
-0.764794
-0.108113
0.0451789
0.078786
-0.38331
2.05604
0.0753941
-0.773623
-0.124191
-0.182113
-0.465386
-0.66446
-0.196999
0.356399
-0.128812
0.758057
1.59672
0.142805
0.446612
1.15387
-0.382199
0.429386
-0.246739
0.740397
0.622159
0.521207
-0.198748
-0.169044
1.26435
0.303892
0.471216
-0.964462
-0.1123
0.117786
0.873379
-0.993417
0.90943
0.583786
0.570179
0.676114
-0.377083
0.820778
-0.830237
-0.153773
0.730917
0.0483098
-0.451132
-0.962454
0.411412
0.587974
0.313665
-0.285328
-1.29822
-0.606324
0.737766
-0.501852
-0.389716
0.00793884
0.639433
0.855152
0.731885
-0.227797
0.255804
0.415685
-0.093386
0.4654
0.159772
0.0826738
-1.53022
0.346931
-0.701559
0.138183
-0.113385
-0.243791
0.310633
1.02822
-1.10828
0.29755
-1.10859
-0.152667
0.371576
-1.49618
-0.433697
-0.0140549
0.530585
0.321803
-0.290883
0.0428844
-0.106743
0.321712
0.518683
0.193427
0.75965
-0.149606
0.845153
-0.434313
0.251788
-0.948455
0.242885
-0.597526
-0.196519
0.233048
0.0937605
-0.51268
0.272678
0.273314
0.407331
0.608819
1.5148
-0.96065
-0.00802268
-0.00312155
0.266717
-0.691732
-0.0701213
0.51274
1.17023
0.313328
-0.889752
-0.215217
0.71535
-0.309341
0.0179827
-1.01163
0.291515
-0.410052
-0.356715
0.49994
-1.45928
0.858392
0.616834
-0.730674
0.301468
0.609795
-1.02947
0.248017
0.0896083
-0.205783
-0.184429
1.99449
-0.0501312
0.184594
-0.502982
0.271671
-0.444355
0.418141
0.685264
-0.422335
0.788914
0.629606
-0.179983
-0.63013
0.195468
-0.144109
-1.38792
0.325504
0.167562
-0.963039
0.79258
-0.92931
0.31915
-0.933287
-0.436942
0.0259313
0.435934
-0.925294
0.036267
0.572252
0.260955
0.00861809
-0.8894
0.647411
-0.512958
-0.781435
0.759848
-1.10143
0.0359524
0.605176
1.02429
0.461988
0.928373
0.2719
-0.588524
-0.418155
-0.106807
0.700235
-0.213132
-0.694186
-0.577834
0.890453
-0.61209
0.183878
-0.502484
0.60167
0.382423
-0.155002
0.560562
0.403972
0.516368
-0.530979
1.07619
0.0303627
0.639276
0.210253
-1.53157
-0.364766
0.601133
-0.173091
-0.481339
-0.516719
-0.936709
-0.64709
0.0759319
-0.637197
-0.00272139
0.952093
0.138352
0.248766
0.14174
0.889136
-0.8668
-0.209788
0.00979603
0.209217
-0.404666
0.105543
0.205313
0.182101
0.302955
0.159644
-0.889276
-0.171704
-0.620181
0.683511
-0.665322
-0.702528
0.24973
-0.749728
-0.0791734
-0.536819
0.173287
0.661704
0.884233
0.67477
0.0294102
0.304196
-1.48942
-0.402011
-0.554405
0.532112
0.432502
-0.399002
-1.43029
-0.986343
0.00384388
1.0942
-1.77651
-0.0158965
-0.847747
0.380288
1.00841
-0.274012
-0.96815
-0.372334
-0.108738
-1.42129
-1.04256
0.349589
0.328945
-0.789196
0.336158
0.127682
0.402932
-0.216347
-0.608846
1.00857
0.633376
-0.312463
0.0520596
0.558605
-0.470193
-0.179143
0.764493
0.150412
-0.742018
-0.516809
0.142186
-0.322063
-0.690309
0.171112
0.0825545
0.513164
0.972366
0.776225
-0.939176
-0.194608
0.368118
-1.33899
0.164747
-1.32198
-0.580824
-0.211656
0.404816
0.283926
0.487123
-0.614029
-0.108844
-0.388693
-0.0951622
-0.476756
0.891701
0.900907
0.830432
0.135622
0.980524
-1.19922
0.133546
0.395032
-0.310047
-0.114878
-0.798112
0.211762
0.341376
-0.195247
1.54405
0.00318767
0.168885
0.72269
1.0465
-0.769618
-0.349111
0.580219
1.75548
-0.638329
-0.625245
0.812035
-0.00836692
0.479983
-0.328869
-0.538208
-1.13977
0.530009
-0.123361
0.390121
-1.95719
-0.363471
0.162587
-0.586884
0.239437
0.225302
0.282208
0.753491
0.387244
-0.33689
0.209107
-0.858995
0.699688
-0.335794
0.399586
0.0447012
1.80498
-0.0693951
0.52668
0.537622
-1.11192
0.274381
0.433488
-0.238427
0.323829
0.0706953
-0.112911
-0.788355
-0.351585
-0.051847
0.776361
0.289944
0.684966
0.0826615
0.268898
0.420332
0.655769
0.295741
-0.806462
-0.115986
0.719481
0.351174
0.142819
1.00597
-0.232887
-0.578858
0.269163
-0.0656856
-0.5091
0.68271
-0.865454
-0.0396642
-0.542827
-0.544072
0.593047
-0.162741
0.409258
-0.151663
-0.686085
0.191361
-0.0876063
-0.0109742
0.815999
-0.812245
0.550982
-0.152289
-0.260867
0.614788
-0.0043551
-0.237709
-0.38342
0.460601
-0.316928
1.09752
0.436177
0.204808
0.121428
-0.619353
0.537235
-0.25706
0.795675
-0.936104
1.15648
0.988032
-0.317666
1.40638
0.405795
0.0419691
1.16061
0.622253
-0.9229
-0.205347
-0.848582
-0.125386
0.428096
0.681136
-0.615204
0.120527
-0.640085
0.758737
0.69555
-0.54852
0.159275
0.114285
0.3934
0.304313
-0.292141
-0.965347
-0.0350554
-0.770937
-1.25224
0.746615
-0.280419
-0.385536
0.113847
-0.403617
-0.675563
-0.593545
-1.04924
-0.770032
-1.53227
0.737489
0.274647
0.409562
-0.051891
-0.757419
-0.240938
0.428843
-0.0937644
-0.480463
0.438365
0.779124
0.0916355
-0.944375
0.221654
0.10789
-0.465742
0.772296
-0.0323785
0.00991325
-0.71423
-0.317092
0.541536
-0.0143273
-1.70774
-0.480613
-0.126082
-0.118206
-1.27716
-0.0043344
0.398449
0.0309944
-0.666843
-0.585683
0.404756
-0.296007
0.146302
-1.03008
0.278012
-0.175697
0.613375
-0.685502
-0.24288
0.95986
-0.0667843
-0.674592
0.737555
0.0357553
-0.107605
0.100119
-0.878004
1.13955
-0.615307
1.03028
0.491826
0.582634
-1.16935
-0.309728
-0.672669
-0.253994
-0.193017
0.613221
-0.482397
0.112455
-1.25088
-0.759826
-0.92556
-0.246717
-0.0334201
0.264586
-0.892296
0.293301
0.821663
0.191979
-0.231889
-0.490022
-0.0821955
-0.469225
0.148845
0.679588
0.267755
0.259477
-0.61769
0.501813
0.491815
-0.946012
0.465598
-1.01733
-0.976116
-0.647369
-0.0975896
-0.234162
0.212403
-0.763447
-0.0894076
-0.473881
-0.404686
0.397469
0.927148
-0.353017
0.00616851
1.27837
0.45119
-0.25787
0.0158804
0.347973
0.216233
0.457332
0.920737
-0.499716
0.280657
0.174662
0.305894
-1.29142
1.27125
-1.82973
0.339678
-0.549821
-0.728738
0.323862
-0.387837
0.413364
0.299443
-0.0078519
0.14239
0.346725
-0.641535
-0.654919
-0.148172
-1.05542
0.439685
-0.457872
0.558949
0.19526
-0.142548
1.32918
-0.639416
0.538222
-0.523441
-0.899529
-0.399501
-0.0918756
-0.671921
-0.413966
-1.22113
0.585706
-0.0595903
-0.4069
-0.024818
-0.117638
-0.545913
-0.540271
-0.0901225
1.02022
0.0234039
1.10758
0.140166
0.089222
1.16492
0.995819
0.682256
0.279687
0.293527
0.590068
-0.189284
0.590913
0.52128
0.624201
0.4477
0.20442
-0.144505
-0.504433
-1.5168
-0.527241
0.204146
-0.147623
-0.669207
0.312742
-0.590507
-0.232435
0.175794
-0.00610762
-1.0313
-0.760187
0.292873
-0.0132549
0.198716
-0.57601
-0.869346
-0.440494
1.41138
-0.353733
-0.323876
-0.280556
0.245935
0.0428265
0.475018
0.416928
-0.846462
-0.344574
0.795677
0.527665
-0.0693471
1.07349
0.393502
-0.637543
0.152296
0.417541
-1.24481
0.46148
0.450314
-0.739704
1.42823
-0.000526046
-0.00155713
-0.561234
-0.213058
-0.460887
0.765841
-0.293119
-0.862565
0.441567
0.153132
0.183506
-0.302422
-0.179634
0.0176458
-0.134712
-0.479701
-0.333644
-0.280513
-0.773299
-0.341977
0.132839
0.256805
0.130319
-1.11737
-0.0152133
-0.764826
-0.810802
0.04906
-0.495128
-1.14019
0.148698
-0.479348
0.351078
-0.304573
-0.106856
0.384658
-0.156211
0.422121
-0.0773162
-1.31405
0.206752
-0.0265498
-1.10716
-0.248901
-0.213246
-0.244104
-0.0626347
0.39412
-0.35976
0.195343
-0.107249
0.257173
-0.218782
0.0434014
0.52039
0.305348
0.229401
0.052122
0.731409
0.216499
0.0484077
-0.0398761
0.421954
0.964866
0.380393
1.291
0.694457
-0.611037
-0.0960554
0.391503
0.529451
-0.141403
-0.12472
-0.242178
-0.545425
-0.840581
0.0341314
-0.256806
-0.699926
-0.123181
-0.708846
-0.0836602
0.828284
0.193296
-0.867164
-0.276053
0.378812
-1.79479
0.208148
0.394045
-1.17775
0.759539
-0.0720247
1.13819
0.778781
-0.702041
1.24246
0.736744
-0.710641
0.447896
0.335218
0.0609381
0.0363058
0.356062
0.181237
0.400406
-0.781962
0.49641
-0.187663
-0.579112
1.29943
-0.140544
-0.345789
-0.00865902
-0.0305315
0.0916688
0.0187621
0.430114
-1.11709
0.598395
-0.794406
0.335079
-0.281589
0.599764
-0.629545
1.12938
-0.450232
-0.035445
0.905045
0.00262804
-0.613828
-0.50383
-0.0301404
-0.245705
0.043337
0.221195
0.250444
0.612562
-0.00756682
-0.244789
-0.0554088
1.20559
-0.999059
-0.395141
0.0714262
-0.0644328
-1.18615
-0.385283
0.0686807
1.01708
0.220179
0.239522
-0.390655
0.0275308
-1.399
0.418666
0.0210744
0.71805
-1.14378
0.0119888
-0.300048
0.106774
-0.968273
0.350292
-0.0747426
-0.214986
-0.740394
0.282682
0.130896
0.750532
-0.182788
-0.0866864
-1.22019
0.396344
-1.06744
-0.860186
-0.454477
0.0557399
-0.312238
-0.0709648
0.476554
0.411412
0.0399949
0.63876
-0.776465
0.992038
0.481137
0.369497
0.159782
0.120713
1.23518
-0.230238
0.196035
-0.162426
1.0182
0.453504
-0.809815
0.754413
-0.0868982
-0.789684
0.664032
0.686104
0.681263
0.791284
-0.120982
0.0869521
0.0266296
0.114761
-0.461632
-0.372231
-0.130299
-0.756073
-1.19796
0.387028
-0.476047
-0.663287
-0.815373
0.820903
0.652454
0.720533
-0.696039
0.43662
0.740391
0.309542
0.472731
-0.791576
-1.1666
-0.569345
-0.0445506
0.616899
0.407789
-0.721201
0.474583
0.825145
0.777128
0.0113907
0.671206
0.0568235
-0.259432
-0.748435
0.690447
-0.416655
-1.18746
0.504162
0.229082
0.758038
-0.116316
0.0595106
-0.288575
0.208882
-0.530813
-0.352228
1.48346
-0.832599
0.172114
0.228011
-0.19326
0.1421
-0.189486
-0.309054
0.864118
0.249959
0.750122
0.587809
-0.567525
0.967753
0.58743
0.281253
-0.340617
0.443262
0.9095
-0.15855
-0.585555
0.308446
-0.378945
-0.665045
-0.026128
-1.01624
-0.750783
0.622536
-0.0189212
0.246622
0.0674598
0.0800189
-0.387894
-0.260541
0.331309
-0.348443
0.77433
-0.988825
0.472122
0.0983682
0.191128
-1.49458
0.670725
1.17908
0.794002
-0.852848
1.39852
1.02791
-0.153996
-1.26583
-0.228424
0.705907
0.683591
-0.0965371
0.371372
0.0711492
0.246454
-0.638523
-1.18907
-1.24668
-0.372323
1.26744
-1.33152
-0.560351
-0.292082
-0.23311
-0.431278
0.225218
0.149215
-0.365528
0.60027
-0.0523872
0.224153
-0.316444
0.498941
-0.0125421
-0.481788
-0.26194
-0.609361
0.575638
1.11269
1.29103
-0.230206
0.120865
-0.881412
0.259065
-0.810124
0.273875
0.198217
0.225097
0.913237
1.20681
-0.375312
-0.0951693
-0.936417
0.176819
-0.576353
0.411769
-1.44363
0.312056
1.07596
0.283364
-0.072755
-1.10427
-0.0521758
0.91296
0.173517
0.19874
0.480697
-0.0851764
0.00796234
-0.355918
0.998165
-0.623514
0.278247
0.867588
0.431224
-0.43902
-0.573924
0.598373
-0.00218784
0.430688
0.749277
-0.0365946
-0.471532
0.28549
-0.503962
-0.192382
0.432018
0.214005
0.444864
-0.435311
1.03381
0.365461
-0.668609
-0.532439
0.957975
-1.09623
0.796832
-0.655666
-0.562996
0.440071
0.2695
-0.0116235
-0.11432
0.379208
-0.471438
-0.457192
-1.14403
-0.114483
-0.75179
-0.181681
-1.33405
1.26284
0.199606
0.123927
-0.609858
0.0474398
-0.00469454
0.890935
0.664508
0.21118
0.737426
-0.878975
0.0637307
0.0410071
0.461835
-0.715981
-1.31175
0.307743
0.00128143
-0.233662
-0.488888
0.207974
-0.155832
0.675148
0.17601
-0.410652
0.18022
0.142033
-0.024468
0.473629
-0.630796
0.308056
-0.0604546
0.930536
0.614532
-0.646183
-0.90416
-0.0306297
0.672502
-0.26632
-0.676124
-0.928306
-0.043672
-0.810001
-0.275007
-0.117166
0.719841
0.43669
0.0994108
0.228485
0.045917
0.448594
-0.944788
0.142819
-0.239273
0.932062
-0.608114
0.11275
1.74935
0.610305
0.498773
-0.722467
0.529147
-0.222887
0.713111
-0.992178
-1.43946
-0.257073
1.50222
-0.291473
0.949347
-0.0937297
0.961666
0.655523
0.444379
-0.325159
0.561363
0.835837
0.398191
-0.120055
-0.44181
0.698782
-0.897179
0.0359707
-0.151245
-0.17479
-0.0344784
-1.191
-0.144192
-0.604848
-0.454311
0.0468655
0.620883
0.703781
-0.269055
0.923761
-1.37518
-0.115846
-0.727497
-0.311028
-0.754591
-0.47289
-0.766074
0.351832
-1.0859
0.188991
0.454309
0.222011
1.15467
0.600729
0.103436
0.23934
-0.324286
0.384716
0.325948
-0.472148
-0.728581
-0.333038
-0.609033
0.153137
-0.278811
-0.309837
-0.0112132
0.225642
-0.847382
-0.0649949
-1.23369
-0.448401
0.0844889
-1.26935
-1.24189
1.05232
1.01607
0.529863
1.32795
0.394409
0.057909
0.246828
0.603316
-0.611536
1.01574
-0.66986
0.177693
-0.827492
0.406153
-0.80355
0.846292
-0.752991
-0.143505
0.0511334
-0.496453
-1.62981
-0.594216
0.549151
-0.611242
-0.0200078
0.613377
-1.14051
-0.124333
0.250138
-0.255512
-0.0318024
-0.402739
0.21476
0.763149
-0.362494
-0.0416283
-0.67593
0.444934
-1.18864
0.785562
0.172471
-0.203392
1.27736
-0.27551
0.102247
-0.0504068
-0.516761
0.49263
0.321621
-0.00126658
0.190686
-0.667961
-0.0840582
-0.64865
0.480054
1.073
0.659941
0.407927
-0.0220637
0.512131
-0.711149
0.478782
0.669723
0.988777
-0.132917
-0.255977
0.100005
0.739103
-0.963542
0.744675
-0.747892
-1.23932
-0.316474
-0.217909
-0.482091
-0.311282
-0.785993
-0.737075
-0.274188
0.0881228
0.609657
-0.162216
-0.355917
-0.12559
-0.457113
-0.223459
0.362272
0.560523
0.373952
0.199018
1.24448
-0.227717
-1.52392
0.253683
0.830318
0.00804394
0.855651
-0.494476
-0.395397
-0.460688
0.139525
-0.439406
-0.635846
-0.689613
0.0305241
1.23921
0.254964
-0.13289
-0.328197
0.132886
-0.272085
-0.599346
0.351975
1.438
-0.0182629
-0.799991
0.22224
-0.18578
0.143319
-0.887957
-0.856593
-0.243003
0.0186788
-0.433695
0.176815
-0.611935
0.271811
0.269563
1.07984
0.460975
1.39182
0.0969704
0.303252
-1.01276
-0.495889
0.468576
-0.312231
0.159735
0.760461
-0.486341
-0.119312
0.202549
0.315471
-0.52366
0.418012
-0.16483
0.524329
0.770007
-0.00358441
-0.240129
-0.736478
-1.27561
-0.238548
0.621389
1.20996
-0.672312
-0.106948
-0.362663
-0.814278
0.351525
0.553969
0.746238
-1.11137
-0.645125
1.43523
-0.514132
-0.371004
0.846249
0.0531729
-0.264282
-0.826027
0.453627
-0.217732
0.174442
-0.0180859
-0.590066
1.10674
1.02512
-0.882028
-0.354437
0.855373
0.382984
0.757105
1.10577
0.682748
-0.123388
-0.176011
-0.252421
-0.82547
0.772399
-1.39164
-1.31118
-0.63545
0.27419
-0.355512
-1.01655
0.865876
-0.369423
0.34561
-0.0388101
0.290464
1.33362
0.0586892
0.536013
1.44755
-0.344757
0.325634
-0.992851
0.220322
0.0831724
-0.527868
-1.1215
-0.974278
-0.548957
0.187103
1.02085
-0.0664325
-1.26953
0.289792
-0.373231
-0.160602
-0.973871
0.586316
-0.908338
0.204254
0.635071
0.213816
0.511559
0.918248
-0.403865
-0.548183
0.442643
-0.355444
0.263636
-0.0582242
0.228458
-0.336633
-0.308874
-0.0481138
0.322178
-0.560862
0.108312
-0.321976
-0.185784
-0.202155
0.709965
0.268035
-0.0103299
0.552728
-0.00017118
0.632062
1.08032
-0.0618043
-0.00241631
0.713709
-1.01785
0.248494
-0.205413
-0.0920396
-1.03772
0.191244
-0.467779
0.331895
0.218006
0.350635
0.641113
0.190289
0.612343
-0.124151
-0.427433
0.766556
-0.722891
0.0973139
-0.131161
0.219439
-0.601596
-0.223187
0.0868375
-0.491853
0.832403
-0.57767
-0.677743
0.635009
0.759929
1.08827
0.944588
0.609866
-0.142847
-0.0973069
0.521764
0.151808
0.457014
0.392136
-0.20722
-0.659166
-0.278748
0.187452
0.0590152
0.683948
-0.153864
-0.321197
-0.168628
-0.534167
0.527085
-0.268458
0.716625
0.0575625
-0.421116
-0.167396
1.66967
-1.14069
0.118753
0.38525
-0.292954
0.15359
-0.736202
-0.200377
0.00915159
0.284494
0.286879
0.411179
-0.0742836
-1.05049
0.535558
0.0934979
-0.552275
-0.0527342
0.792377
0.478415
1.5256
-0.349173
0.0915739
0.147484
0.747097
0.286938
-0.344758
0.460115
0.459357
-0.842171
0.0486391
-0.647731
0.182383
-0.717182
-0.923025
-0.0928875
-0.268189
-0.52744
-0.338013
0.960387
-0.289089
-0.761748
-0.171126
0.775746
-0.144739
1.0319
-0.253273
-0.242548
-0.115255
0.346684
-0.431018
-0.784792
0.799012
0.854322
1.13894
1.24938
0.715415
-0.691333
0.353293
0.136183
-0.0240771
-0.6614
-1.11798
-0.160991
-0.599947
-0.570587
-0.117196
1.47247
0.52005
0.707729
-0.202137
-0.278942
0.194535
-0.134428
0.775873
0.334414
-0.0594147
-0.0895059
0.113096
0.750126
-0.711298
-0.173872
0.566523
-0.085835
0.654816
-1.05858
-1.11611
-0.0507822
0.496844
0.592277
-0.823635
0.467305
0.538976
-0.980239
-0.695821
0.544962
-0.139541
-0.471859
-0.279069
0.596328
-0.968601
-0.585316
-0.231968
0.297827
0.756851
0.497351
0.450065
0.74033
-1.21186
-0.197259
-0.0927809
0.259088
-0.882166
0.192985
-0.709497
0.486093
1.01195
0.807947
0.57658
0.454513
0.305227
-0.263257
0.285167
-0.120237
-0.310506
-0.415406
-0.932138
0.14301
0.123544
0.47548
-0.239124
0.957111
1.0975
1.00578
-0.12876
0.538768
0.938052
-0.39112
0.917259
0.000914156
0.0389443
0.398836
-0.557157
-0.170806
-0.410963
-0.21779
0.131831
0.847922
0.517757
-0.679869
-0.250148
0.0144318
-1.59459
0.27641
-0.360607
-0.248255
-0.187974
0.435131
-0.239912
-0.298921
-0.800794
-0.0694669
1.40995
0.599499
0.610189
0.558829
-0.0565161
-0.115692
-0.135083
0.0530317
0.0212067
0.257565
-0.589573
-1.46516
0.567021
0.219683
-0.613553
1.07521
0.0201297
0.106528
-1.33174
0.271425
0.269907
1.09272
-0.117225
0.936349
0.110065
-0.541101
-0.791743
-0.526404
0.11728
-0.0140812
-0.0399105
-1.11861
0.663126
0.619603
-0.108654
0.46812
-0.866177
0.670032
-0.0970709
0.337059
0.0551563
-0.814673
-0.477288
0.138332
-0.241919
-0.695242
-0.391578
0.394815
0.423633
-1.05824
-0.0268036
-1.23719
-0.0959487
0.460643
0.0521177
-1.15577
-0.0587978
0.827957
0.231677
-0.486365
-0.50633
-0.105845
0.267154
-0.568984
-0.622944
0.0318347
0.961518
0.52181
-0.488963
-0.172037
-0.21034
-0.900469
0.521705
-0.626821
-0.408939
0.379031
-0.127783
-0.280092
0.161612
0.0504372
-0.0143342
-0.674294
0.461055
0.27944
-1.27636
-0.368059
0.481944
0.0252658
0.0831042
-0.409913
0.0245779
0.417996
-0.64677
0.149837
-0.829665
-0.472243
0.494053
-0.122209
0.637561
0.151943
1.18786
-0.677129
0.21539
0.512053
-0.212856
0.0741957
-0.834127
-0.00472128
1.16494
0.329205
-0.690453
0.512154
0.633249
-0.358094
0.513527
-0.568001
0.259659
0.074309
-0.287041
-1.08503
0.461699
0.760131
0.702076
-0.657084
0.779699
0.789206
0.781131
-1.01872
0.272072
0.114954
-0.0308231
-1.49719
-0.377832
-0.57999
0.802722
0.260059
0.78952
1.04265
-0.720982
0.564193
-1.01518
-0.245101
0.741936
-0.54669
0.365729
-0.593117
-0.178705
0.30532
0.84999
0.0194635
-0.0542033
-0.755702
0.384751
-0.307493
-1.10667
-0.0724271
-0.533718
-0.188784
-0.740174
0.428546
-0.0402514
-0.865462
0.15132
0.221878
-0.618608
-1.0199
0.297171
0.586486
0.810872
0.251137
-0.781654
-0.779376
-0.165276
-0.897627
-0.415158
0.890191
-0.457956
0.211601
0.120885
-0.545544
-0.12672
0.0665185
0.418293
0.0879293
-0.198715
0.0985556
-0.76073
1.2602
0.167719
-0.0841128
-0.804954
-0.414694
0.311
0.36112
-0.393481
-0.170741
0.210251
0.527594
0.923717
-0.236206
0.280885
0.102095
-0.146856
-1.4514
-0.059691
-0.390567
-1.2814
0.247209
0.0381733
0.902464
-0.571437
-0.326106
0.197211
0.601684
0.373422
0.193003
-0.0875259
-0.471546
0.612215
-1.5536
-0.595495
0.598077
-0.295479
0.585605
0.378065
0.277214
0.0105444
1.15763
-0.111071
-0.536963
-0.0717047
0.489063
0.678222
-0.317564
0.33599
0.460668
0.0432152
-0.0882454
-0.282741
-0.433164
-0.485442
-0.194514
-0.386409
0.29912
0.171291
-0.25722
0.556684
-0.364227
0.159343
0.162108
0.465186
-0.170261
-0.225562
-0.271134
0.424673
1.28558
1.48732
-0.289843
-0.371878
-0.13552
-0.199255
0.178716
0.533866
0.703617
0.0324242
0.291789
0.0311475
0.969371
0.397859
0.49405
-0.150926
-0.187444
0.646227
0.381852
0.453493
0.407311
0.0355402
0.76721
0.565686
-0.227003
0.488416
-0.813984
0.248358
0.727512
-0.405902
1.07423
-0.226151
0.180851
-0.274977
-0.124912
0.677246
0.0331692
0.535245
0.455276
0.68482
-0.480489
-0.0257327
0.414535
-0.584616
-0.170352
0.539096
-0.76172
-0.754097
-0.818554
0.288992
1.62593
-0.132056
0.647088
-0.0219992
-0.621454
1.41603
-0.214044
-0.68646
-0.0534615
0.120167
0.435398
-0.749034
-0.146607
1.01313
-0.395315
0.406423
1.33401
-0.826629
0.191552
0.257797
-0.230901
-0.120278
0.058767
0.528138
-0.471234
0.249219
0.00585584
-1.27617
-0.0591986
-0.540998
0.279717
0.699764
0.698739
-0.231782
-0.401417
0.402795
-1.10791
0.494936
-0.0165301
-0.151538
-0.345456
-0.722068
0.127489
-0.0939421
-0.497458
0.594821
0.0940413
0.388728
0.362635
0.908736
0.595052
-0.292546
0.408261
-0.0534229
-0.668091
-0.797856
0.520032
-0.345132
0.771237
0.547592
-0.554679
0.747362
1.6406
-0.987948
-0.508487
-0.53813
0.29744
0.918673
0.244823
-0.0746466
0.943035
-0.233233
-1.30496
0.0176927
-1.0661
-0.884723
-1.08388
0.518819
0.398117
-0.346851
-0.102838
0.43422
0.467695
0.0502321
-0.457418
0.613432
-0.950785
0.326949
-0.67082
-0.556926
0.808177
-0.590867
-0.125599
-0.569794
-0.699467
0.311066
0.590473
0.704133
0.612709
0.26666
-0.230321
-0.308361
0.319685
0.852479
-0.55493
-0.85405
-0.462967
-0.318342
-0.917696
-0.732748
0.306834
-1.24652
1.08272
0.470554
0.556315
-1.46294
0.336791
0.234085
0.603771
-0.418822
0.302418
1.04541
-1.02702
1.22194
0.445708
-0.229834
0.0186239
0.324342
0.881213
-0.771551
-0.195192
-0.108695
0.110757
0.352795
-0.608543
-0.313404
0.355986
-0.144992
0.355755
0.510739
0.358703
-0.295039
0.0157747
-1.3432
0.200422
0.0471364
-1.31898
-0.919189
-0.0202211
-0.471132
0.941321
0.471743
-1.67571
0.368133
-0.461329
0.0620043
-0.135061
-0.227739
0.34102
0.554355
0.184872
0.391037
0.000709644
-0.523736
0.683197
1.58965
0.0258243
-0.416964
0.666644
-0.849356
0.516043
-0.158717
1.40833
0.743772
-0.094722
-0.351604
1.11963
-0.44391
0.322135
0.749229
0.226419
-0.00167131
-0.587739
-1.37381
0.0253619
-1.06977
0.131434
0.081947
0.148342
0.317559
0.514859
0.0223713
-0.613931
0.260147
0.262211
-1.09162
-0.42942
-0.561727
-0.185486
0.444709
0.655062
0.961619
-0.165256
-0.290715
0.564197
0.61556
-0.44441
0.0723684
0.666829
-0.942736
-0.502563
-0.938963
0.601026
-0.198602
0.723699
0.437632
-0.105065
0.1628
-1.17193
0.467032
0.051434
0.340705
0.0410144
-0.0237392
0.305055
-0.765074
-0.366543
0.303974
0.525625
-0.265568
-0.442271
-0.89961
0.611626
0.417725
1.20477
-0.923574
-0.470923
0.0477483
-0.830726
0.577923
0.773269
0.484847
0.303169
0.527753
0.00269019
-0.669055
-0.949715
-0.120638
0.214223
-0.153177
-0.750176
-0.200095
0.0862561
0.582916
0.19186
0.608746
0.225535
-1.45825
0.997125
-0.0368804
0.103524
0.130325
-0.428441
-0.842056
0.0097138
1.64571
-0.520166
-0.0190662
-0.694482
0.567599
0.353241
-0.679506
-0.229146
0.0245289
0.342294
0.145294
0.100587
-1.02368
-0.209601
0.176194
0.203431
0.474308
-0.058204
0.0735714
-0.53423
0.445811
0.0220536
-0.142147
-0.303173
0.923566
-1.04141
-0.751826
0.0229634
-0.119095
0.709066
-0.0758561
-0.117957
-0.0890982
-1.14972
0.480516
-0.672538
0.040159
-1.34102
-0.167936
0.297589
-0.62533
-0.526388
0.373599
-0.170163
-0.00692838
-0.673692
0.816106
-0.415088
-0.229611
-0.129076
-0.469168
0.170116
-0.161579
0.521874
0.240196
0.523977
-1.11255
0.41891
-0.192259
-0.423102
0.939187
-0.270698
0.312986
-0.634055
1.60983
-0.445268
-0.585628
-0.55952
0.789808
-0.525888
-1.64045
-0.818627
-0.255017
0.230898
-0.237999
-0.544983
-0.0634777
0.0993262
0.191562
0.29098
-0.797406
-0.223767
-0.511013
-0.240454
-0.895739
-0.222946
0.00730905
0.584343
-0.541726
0.420647
-0.671464
-0.992708
0.998369
-1.31822
0.31189
0.350463
-0.48901
-0.0590534
-0.205008
-0.196224
-0.223386
-0.109786
-0.274756
0.13519
0.0392796
-0.888821
0.63572
0.445649
-0.360019
-0.306333
-0.753295
0.0971476
-0.0200351
-0.778435
0.0190543
-0.157812
1.07464
0.500738
0.0634869
-0.0993598
-0.927883
-0.222194
-0.772018
-0.998705
-1.2706
0.192299
-0.378512
-0.0173926
0.0322069
0.172425
0.766777
-0.400529
-0.44422
-0.112782
0.10192
0.794694
0.521256
0.040479
0.122526
0.588139
1.92227
-0.115302
0.0092932
1.59827
-0.095829
0.129656
0.940554
-0.410485
-0.23588
-0.0751487
0.709255
-1.02121
-1.05719
0.812629
-0.373802
-0.132077
-0.713205
-0.821454
-0.156559
0.253944
0.274666
1.31923
-0.247783
-1.17237
0.8064
0.50653
0.0421173
-0.771186
-0.608752
-0.85169
0.295053
-0.212851
0.605371
-0.697665
-0.509372
-0.518525
0.900512
0.0419933
-0.401756
-0.336003
0.792527
-0.0335861
0.507203
-0.300364
-0.302392
0.444751
0.589624
-0.818505
0.438539
-0.865354
-0.0488443
-0.367814
-0.156408
-0.446619
0.833778
-0.891215
-0.0127397
0.438984
0.395533
-1.19879
-0.0947049
-0.0867073
0.220766
-0.817269
0.486788
-1.07183
-0.128353
-0.0259367
0.426952
-1.27915
0.0526841
-0.157313
0.622159
0.506639
-0.894571
0.78601
0.636332
1.21059
0.278727
0.362783
0.704135
-0.789782
-0.200306
0.106541
-0.678948
0.0910822
-0.117406
-0.920252
-1.4214
0.265046
-0.077965
-0.306666
-0.245446
0.882191
0.0295849
0.625224
1.14532
0.79517
-0.161294
-0.552057
-0.150844
0.613994
0.223083
0.61032
-0.144768
0.263172
0.345006
0.780226
0.645332
-0.480588
-0.354011
-0.884044
-0.281597
0.525092
-0.848938
-0.0360271
1.62618
0.229962
-0.224138
0.582461
-0.988356
-0.305264
-0.0363201
0.0436996
0.269457
-0.846969
-0.490252
-1.03515
0.381842
0.512489
-0.366701
-0.345546
-0.603057
0.75391
0.216435
-0.389857
-0.951811
-0.349877
0.0881486
0.465138
0.366473
-0.143207
0.610118
0.615185
-0.655349
0.553491
-0.381774
0.788839
0.183778
1.1078
-0.16326
-0.347098
0.567277
-1.01804
0.0335311
-0.00617379
0.452242
-0.181288
-0.206739
-1.17155
-0.0911905
0.466658
-0.512947
-0.541341
0.0106501
-0.229679
0.0467352
1.02713
0.130594
0.665773
-0.000517963
0.00172412
0.518883
-0.237456
-0.478167
-0.973675
-0.177412
0.182197
0.003141
0.866719
0.163112
0.561702
-0.241603
-0.256878
0.148979
0.2857
0.479186
-0.152104
-0.450077
-0.477046
-0.693312
0.424387
-0.281168
0.343054
0.900908
-0.0257674
-0.517798
-0.170712
0.700885
0.920935
0.377167
-0.148594
0.229731
-0.28119
-1.34168
0.00347237
-0.114335
0.0332401
1.25396
0.00632627
-0.659548
1.05811
0.281075
-0.573462
0.247143
0.468949
-0.285982
-0.778302
-0.531613
0.0691594
0.427762
-1.11516
0.197047
-0.432755
-0.331226
0.372456
-0.765423
0.369529
-1.22441
-0.89259
0.258786
0.447563
-0.551727
-0.737948
-0.0849433
-0.440082
0.323789
-0.446586
-0.593911
0.327723
1.15836
0.875378
-0.0707769
-0.231979
-0.437104
0.0835746
0.909486
-1.09188
0.246691
-0.397079
-0.0643727
0.96066
0.180387
0.334083
-0.0680988
-0.214967
-0.358541
-0.702266
-0.687657
-0.21429
-0.416572
0.102916
-0.820867
-0.138647
0.678226
1.50187
0.262699
0.387697
-0.0478562
0.291022
-0.586671
0.0434558
-0.378517
-0.185617
0.715768
0.197073
-0.61307
-0.501763
-0.105438
-0.320494
0.92064
-1.01213
0.14132
-0.548671
-0.648075
-1.48228
0.214513
0.504229
-0.60587
-0.160195
-0.0496742
-0.130124
0.380283
0.080514
-1.54661
0.621168
0.623174
-0.0847741
0.151717
-0.232008
0.442047
-0.255954
-0.931792
0.848309
0.795432
-0.51799
-0.428217
0.466876
-0.324096
0.0824854
-0.27201
-0.0985182
-0.0709493
0.279866
0.0885762
0.600406
-0.324133
-1.08802
-0.100502
0.0559445
0.692462
-0.643275
-0.142238
0.992076
0.731728
0.395188
-2.05205
-0.108482
1.11204
-0.017847
0.00224307
0.390849
0.783399
0.774935
0.167405
0.832499
-0.0867304
0.194421
1.36374
1.00789
0.198528
-0.47762
-0.00256377
0.514895
0.00865937
0.327215
0.449516
0.263589
0.898937
-0.442262
0.216462
0.139186
0.407661
-1.9738
-0.871383
0.700255
0.0277391
-0.686208
-1.01254
-0.376631
-0.0606087
0.489844
0.601315
0.18664
-0.864372
0.76956
0.625633
0.740682
-0.326731
0.210477
-1.0672
-0.255688
-0.460296
-0.685794
-0.126296
0.106667
0.774157
0.322496
1.21323
-0.208355
0.616897
0.19599
-0.706572
-0.727928
0.0389493
-0.582991
-0.00258291
-0.196413
-0.530211
0.0957885
-0.995406
0.152065
0.151488
-0.0820142
0.261143
-0.476793
0.112501
0.605009
-0.781271
0.215671
0.68113
0.121651
0.678973
0.099329
0.579177
0.0100753
-0.364189
0.213464
0.489776
-1.33267
-0.223348
-0.494304
-0.652469
0.38769
-0.195214
0.949427
-0.735312
0.641151
0.33092
0.421141
-1.35439
0.079512
-0.741013
-0.387879
1.61098
-0.783407
0.157578
0.333556
0.402409
-0.923559
0.215827
0.159742
-0.559922
-1.1709
0.349974
-0.315416
0.931876
0.524812
-0.4523
-0.576684
0.252314
-0.14585
-0.477894
-0.149269
-0.144251
-0.853255
-0.029736
0.498825
-0.359036
-0.832515
0.25013
0.426282
-0.974011
-0.0379013
-0.181
-0.80191
-0.158107
0.495067
0.299125
-0.872789
-0.964772
0.712373
0.420482
-0.344258
0.473315
0.227743
0.375341
0.15124
-0.667272
0.164799
-0.147514
-0.289698
-0.476566
-0.498156
0.547787
0.528031
-0.291425
-0.481804
-0.0175403
0.537232
0.533457
0.718739
-0.260191
0.804799
-0.940791
0.725629
0.864638
0.246891
0.193434
-0.459434
0.121508
0.811546
0.0380518
0.896779
0.081357
-1.01438
-0.00124873
0.538072
0.299132
-0.142033
-0.0506234
-0.151346
-0.779934
0.993509
0.364346
-0.399674
-0.235486
-0.70473
0.525476
0.437317
-0.140909
-0.500559
-0.94436
-0.711743
-1.12549
-0.345522
0.18699
-0.644243
-0.813792
-0.307034
0.401136
-1.40763
0.0485454
0.568594
0.23172
-1.19095
-0.490337
0.429467
-0.198108
-0.742217
-0.473153
-0.306795
0.925153
-0.621492
-1.21483
-0.592886
-0.378873
0.56737
-0.521944
0.804886
-1.26927
-1.14538
-0.56119
-1.00942
0.881103
0.149209
0.196293
0.428802
-0.335614
-0.682005
-0.27852
0.494088
0.291635
0.466973
0.220767
0.0596633
-0.576097
0.0922215
0.242392
-0.256092
0.736706
0.354031
-0.933988
0.0537441
0.402603
-0.0810903
0.16076
-0.467151
0.00461547
-0.0524423
1.20411
0.382394
0.341156
-0.0593011
0.213375
0.640161
0.455847
0.154467
0.222358
0.0606625
-0.567967
0.3061
0.606348
0.124004
0.769459
0.165295
-0.398358
-0.363062
-0.474473
-0.67042
-0.4322
0.184662
-0.812449
-0.232586
0.490211
0.727888
0.561162
-0.408342
-0.0339884
-0.208063
-0.964041
-0.467416
0.838846
0.670021
0.0785066
-0.132833
0.0298581
-0.389084
-0.0380381
0.0801893
-0.325797
0.686205
0.0575904
-0.303799
0.41422
-0.740201
-0.0756175
0.107464
-1.66385
-0.0989397
-0.434315
0.395566
0.571197
-0.121798
0.0708828
0.597004
-0.591176
0.197401
-0.303404
-0.966772
0.232508
-0.261241
-0.802298
-0.286107
1.24697
0.784908
0.258132
-0.469128
-1.27242
-0.169247
-0.563535
0.384138
-0.155708
1.08856
0.318848
-0.851472
-0.413916
-0.435475
-0.347404
0.0221681
-0.0833437
0.144178
-0.60846
0.385443
-0.399027
0.343102
0.822357
-0.0890361
0.47178
-0.0363053
-0.421632
-0.357909
0.739364
0.421737
-0.401868
-0.253721
-0.0829612
0.0823422
1.27221
0.672689
-0.0944086
0.270611
0.548967
1.54825
1.50556
0.142717
-0.731997
0.0234026
-0.932663
-0.483562
0.0132434
-0.206126
0.429036
0.623161
0.241171
0.569193
0.619839
-0.363603
1.05853
-0.765986
-0.251437
-0.758477
-0.438694
0.948343
0.317352
0.240115
-0.452088
0.655556
-0.00550346
-0.263965
-0.0838609
-0.0782107
-0.377989
1.60337
-0.674526
0.180047
0.191623
-1.23773
1.14701
-0.775476
-0.113966
-1.13204
-0.202112
0.766875
-0.279314
0.941686
0.560924
0.144809
-0.617308
-0.796796
-0.0783738
0.692219
-0.355338
1.02437
-0.991754
0.126348
1.35836
-0.886035
-0.704731
-0.0526967
-0.815673
0.322969
-0.397587
-0.521305
-0.847871
0.15172
-1.08308
0.307295
1.05673
0.859965
0.353044
-0.774902
0.245785
-0.0396163
0.314935
-0.637791
-0.0844947
0.300426
0.57547
-0.165029
-0.263772
0.716235
0.640558
-0.13361
0.349194
-1.44777
1.88068
-0.416229
0.397744
-0.473743
-1.12523
0.490371
-1.37589
-0.294455
-0.688933
-0.184983
-0.341354
-0.972797
-0.0133018
0.143489
0.383129
1.08037
-0.702732
-0.214281
-0.750509
0.678704
-0.383144
-0.153588
-0.382084
-0.103425
0.294567
-0.761933
-0.218223
-0.301401
0.256264
-0.102445
-0.275418
-0.535827
0.0514949
0.135888
0.652455
-1.05378
-0.279913
0.530698
0.116875
0.0962137
-0.223444
0.0747558
0.626437
-0.288965
-0.272567
-0.269292
-0.409625
-0.680087
-0.261679
-0.0374259
0.216463
1.38823
0.09815
-0.0552696
0.0572609
-0.248755
0.357639
-0.025572
-0.864616
0.226341
1.35293
0.395362
1.21872
-1.22761
-0.652036
0.585508
-0.487463
-0.760562
-0.36541
0.519187
0.308735
-0.54955
0.177417
0.542855
-0.569031
0.373774
0.54158
0.370719
0.355695
0.0132656
-0.492668
-0.564163
-0.78769
-0.244709
-0.220975
0.328653
0.284207
-0.226919
1.19924
0.560711
0.0445723
0.347991
0.951383
-0.318246
-0.402332
-0.305119
0.12535
-0.208769
0.711645
-0.528244
0.654912
-0.102369
0.00531925
-0.314063
0.326192
-0.369646
0.282834
-0.0551296
0.268763
0.0297357
1.69976
1.85447
-0.506655
-0.424634
0.424995
-0.44064
-0.458307
-0.369855
-0.204268
0.142169
-0.329743
0.0524391
-0.0699203
0.450876
-0.128535
-1.32023
0.512622
-0.774054
-0.0621017
-0.624847
-0.418193
0.317213
0.357028
-0.440491
-0.832534
0.19903
1.2003
-0.463121
-0.578999
0.589261
0.35243
-0.717563
-0.573958
-0.0658907
-0.862375
-1.45431
0.0781948
0.367898
-0.134669
-0.108021
0.19964
-1.27949
0.793312
-0.91237
-0.696255
-1.45853
0.519455
0.0925463
-0.834407
-0.803218
0.0776161
-0.801664
-1.31291
-0.183141
-0.542294
0.894487
-1.52636
0.437241
0.943541
0.765437
-0.128394
-0.588079
0.438653
0.921343
-0.878061
-0.477692
-1.21773
-0.735228
-0.673886
0.413366
-0.363053
0.198139
0.30772
0.239181
0.0562922
-0.725448
0.169114
0.375822
0.595227
0.0828956
0.377384
-1.30641
-0.827429
-0.134151
1.40935
-0.388608
-0.985667
-0.182628
-0.306078
0.826009
0.349692
-0.776196
-0.0861705
-0.324767
-0.686299
-1.47054
-0.1005
-1.02113
0.561281
-0.623933
0.407448
-0.337853
1.09978
-0.230215
-0.034698
-0.596814
-0.16056
-0.584734
-0.202356
-0.136872
-0.98613
0.724854
0.230713
0.10618
0.0666616
1.03769
-0.909737
0.138322
-0.891391
0.906047
-0.795727
-0.471098
-1.43261
-0.685712
1.31436
-0.0270859
-0.126912
0.559336
-0.394743
-0.92644
-0.297747
0.28553
1.21073
0.157636
-1.26521
0.208761
-0.00762922
-0.357264
0.0986686
0.30815
-0.760045
-0.735858
-0.575256
0.692143
-0.360203
-0.826974
-0.109476
-1.1399
0.690437
-0.0296259
0.446749
0.300731
0.585151
0.518402
0.961
-0.885665
0.402943
-0.423948
-0.70254
-0.347373
-0.342707
-0.795372
0.401221
-0.107884
0.482756
1.45631
0.942467
-0.869533
0.969463
-0.59218
-0.0340422
0.632443
-0.175258
-0.123864
-0.905551
-0.277233
-0.207337
-1.51522
-0.421107
-0.343065
0.0829643
-0.329377
0.99405
0.755707
1.3936
0.750887
0.917485
0.7422
0.180722
0.164821
-1.56057
-1.20552
-0.00233543
0.483603
-0.0866316
-0.754652
-0.623529
0.502531
0.612627
-0.103209
-0.102158
-0.789057
-1.06968
0.683474
-0.366634
-1.03395
-0.268949
-0.478942
0.165273
0.482099
0.204268
0.721404
-0.515688
-0.45942
-0.0546075
0.013369
-0.0276589
0.352213
-0.918539
0.233365
-0.554206
-0.206758
0.0683701
-0.838988
0.295323
0.490278
0.437612
-0.0611328
0.480385
-0.825536
0.277328
1.39298
0.121794
-0.794744
0.103092
0.0442067
0.0730204
-0.830118
0.093497
-0.583984
-0.499608
-1.06538
0.595927
0.641726
0.889135
0.138473
0.100605
-0.313663
-1.24569
-0.0922
-1.35596
-0.345959
-0.887585
0.502216
-0.272812
-0.13317
-0.374953
0.934289
-0.120972
0.0538107
-0.740122
0.217334
-0.691079
0.482158
-1.33233
-0.34334
-1.28522
-1.53368
0.204003
0.335523
-0.900004
0.988732
-0.458107
0.188378
1.05465
-0.468695
0.232874
0.377866
-0.103612
-0.191522
0.0322908
-0.617836
0.646569
-0.35842
1.15464
-0.421348
-0.0177828
-1.18866
0.948331
-0.540308
0.106694
1.07566
-0.302384
-0.341184
-0.0814716
-0.695527
0.710358
-0.502614
-0.275046
0.763449
-0.559754
0.145127
0.600678
-0.478673
-0.931468
0.901493
-0.323483
0.525966
-0.337073
-0.38324
-1.03605
-0.166443
-0.0313297
0.7337
-0.294438
-0.447233
0.779231
0.0350996
1.9346
0.472913
-0.49797
0.192533
0.169744
1.03558
0.62755
-1.25751
0.544249
-0.417282
-0.103223
-0.622327
-0.0323603
-0.262189
-0.299209
0.204846
-0.10511
0.14795
-0.372966
0.529929
0.366898
-0.0446638
-0.654763
0.0662128
0.995108
-0.587145
1.20443
1.39525
-0.012699
-0.197045
0.458651
0.480408
0.783747
-0.565323
1.10532
-1.69655
-0.564743
-0.359197
-0.551542
-0.422392
0.389583
1.00776
-0.766779
-0.265662
-0.804117
0.0361859
1.36736
-0.418878
-0.925773
-0.138683
-0.950249
0.871672
-0.516043
0.626156
-0.301285
-0.142881
0.00907798
0.529754
0.664621
-0.331853
-0.505798
-1.01054
-0.769429
-0.773077
0.603458
-0.00374379
0.389486
-0.549449
0.511435
-1.39795
-0.382601
0.167089
0.625473
0.560675
0.498971
0.125256
-0.920003
1.26056
-0.214943
0.162193
0.5288
0.410511
0.347137
-0.64902
-0.302668
-0.000902524
-0.397113
0.0547299
0.187976
-0.885984
0.7203
0.783135
-0.368193
0.90608
0.222994
-0.656482
0.97774
0.336086
-0.432101
0.484875
-0.147693
-0.420139
0.259716
0.191525
-0.198636
-0.237211
-0.786794
0.251952
-0.104928
0.0120571
0.535625
-0.676801
1.27698
0.379673
-0.439182
0.451696
0.273748
-0.223576
-0.167465
0.30919
-0.830855
-0.0604616
-0.421752
0.52929
-0.705024
1.07053
-1.34007
-0.441246
0.222648
0.173258
0.844922
0.529062
0.893859
0.469322
-0.847196
-0.257204
-0.156473
-0.0538452
-0.612689
-0.824489
-0.696165
-0.721936
-0.12204
0.293797
-0.310078
-1.01664
0.410425
-0.203053
-0.594618
-0.561041
0.442094
1.08146
-0.285317
0.555891
-0.81897
0.276649
-1.12565
-0.266376
0.665183
0.140854
-0.663228
1.09368
0.363827
0.472887
0.164828
0.123086
0.513309
0.279369
-0.309725
0.0559
0.12182
0.827941
0.428468
-0.676779
-0.364033
0.827391
0.772574
-0.735218
-0.267249
-0.628442
0.476687
-0.820197
1.3708
0.330276
1.36534
-0.293504
0.231484
-1.12454
0.178542
-1.94538
-0.550696
-0.135553
-0.00402424
0.520761
-0.661671
-0.217954
-0.37559
0.290948
-0.0604432
0.128958
0.349569
0.956958
0.0807628
-1.23207
-0.273906
-0.687872
0.675717
0.680506
0.293071
-0.285584
0.27136
-0.145731
-1.14061
0.736376
-0.371614
-0.913668
-0.830261
-0.0912743
0.216531
0.550545
0.482755
0.548223
-0.030924
-0.188318
0.720046
0.197799
-0.451656
-0.0491191
-1.19354
-0.142321
0.012363
0.163597
0.959467
-0.391158
0.151596
-0.946732
-0.182864
-0.352764
0.326281
-0.0587453
-0.793337
-0.678142
0.0378926
-1.17361
0.427482
-0.547274
0.145189
-0.0818909
0.301405
0.190557
0.848264
-0.438072
-0.310669
-1.07499
0.440781
0.91761
0.221356
-0.328926
-1.2974
-0.0501602
0.90776
-0.424043
0.0367297
-0.19946
-0.201214
-0.679026
0.714523
-0.36417
-0.0987536
0.70022
0.00413474
-0.749808
-0.35018
1.08927
0.573337
-0.099989
0.320315
-0.175837
0.422868
-0.282407
-0.160733
-0.983025
0.33148
-0.512004
0.864427
0.335798
-0.531717
0.852023
0.570857
-0.33855
-0.0512044
0.300009
0.274072
0.260044
1.1034
0.847367
0.141929
-0.585809
-0.364599
0.194603
0.641488
0.692662
1.05308
0.623353
-0.310496
0.271359
-0.221157
0.221934
0.414674
0.179466
-0.469479
0.148079
0.136753
1.16948
0.730822
-0.205214
0.486967
0.487487
-0.114694
0.259912
-0.411862
0.100786
-0.0694939
0.263353
-0.245062
-0.0810103
-0.13584
0.118887
-0.647463
-0.534417
0.918157
0.691797
0.458529
-0.236861
-1.27787
0.544934
-0.447145
0.27013
0.401395
0.191903
0.219405
-0.135314
0.454236
0.293779
-0.154499
0.452754
0.0295413
-0.0025337
0.00605864
-0.313099
0.354986
0.401981
-1.26527
-0.170593
0.127056
-0.282282
0.00929883
-0.400189
-0.156141
0.440375
-0.570436
-0.273577
0.505522
0.357367
-0.40118
-0.322726
-0.285544
0.386213
0.2421
-0.252972
-0.143504
0.48073
0.225568
0.97157
0.544797
0.466819
0.18953
-0.051194
-0.862536
0.643284
0.204065
0.306115
1.22025
0.338488
-0.0751364
-0.393212
0.603714
-0.237754
0.930086
-0.0761217
-0.329907
0.159874
-0.368955
0.4221
-0.188964
0.265867
0.127137
0.394161
-0.302323
0.813269
-0.117154
-0.138043
0.0946933
-0.934049
0.195869
0.771889
-0.00366326
0.0539476
0.880488
0.322305
0.6415
-0.462669
-0.695739
0.916821
0.211239
-0.160314
-0.190292
0.606245
-0.309669
-0.693822
1.08252
0.276481
0.311864
-0.485556
-0.224922
-0.433872
1.43906
0.0367151
-0.1822
-0.149675
0.182313
0.280112
0.625657
1.08273
-0.193224
-1.01278
1.08072
-0.139919
-0.569122
-0.415368
-0.509306
0.196327
-0.414254
-0.903012
1.35929
-0.670221
-0.152081
0.392284
0.313404
0.764264
-0.694044
1.20755
-0.19056
0.073695
-0.477967
-0.486575
-0.250528
-0.0998395
0.243735
-0.691412
-0.0405633
-0.38319
-0.0433312
0.121363
-0.15067
0.673086
0.513612
0.36763
-0.454375
0.135706
-0.512899
2.134
-0.875612
-0.607276
0.340821
-0.835157
-0.108151
-0.322049
0.268577
-0.298216
0.448268
0.286799
-0.743396
-0.09092
-0.316648
0.889407
-0.202142
-0.253487
0.270641
0.191561
-0.0837658
-1.09601
-0.100972
0.605267
-0.481144
-0.715704
0.530124
0.286053
-0.617159
0.0869397
-0.891778
0.084502
-0.331902
0.421089
-0.336913
-0.518987
0.397885
0.597028
0.895369
0.73379
-0.70452
-1.41803
0.235614
-0.452769
-1.13456
0.408383
0.491547
-1.23011
-0.156009
-0.406089
-0.0134078
0.0516219
-0.394051
-0.234748
-0.0877134
-0.43799
-0.0610237
-0.669102
0.711484
-0.309029
-0.275584
0.395591
-0.740987
0.330407
0.586613
0.123073
0.0106078
0.147181
-0.660887
0.298347
-0.0858371
-0.81911
0.0551395
0.625691
0.587184
-0.255994
0.021643
0.0130873
-0.273983
0.186231
-0.466541
-0.0211304
0.166879
0.436586
0.317563
-0.0193211
0.234538
0.15984
-0.696802
-0.827582
0.131338
-0.210962
0.992951
0.188085
0.010711
-0.0819623
1.08635
0.926837
0.313048
0.470631
0.152799
0.133844
-0.457394
-0.804476
0.542081
-0.0303714
-0.0230392
-1.41237
0.034547
0.169181
-0.484336
-1.45152
-0.444661
0.110728
-0.895417
0.342224
-0.0321764
-0.320632
-0.487709
0.658635
0.106089
0.461842
-0.621253
0.293641
0.243342
0.587365
0.0433646
-0.526933
-0.0109731
0.354423
0.868079
0.235356
-1.08836
0.0675368
-0.947284
-0.53092
-0.34401
0.311488
-0.439814
0.488138
-0.0679815
-0.963502
-0.356104
-0.166795
0.972788
-0.858295
0.143291
-0.459662
0.445072
0.104486
1.13746
0.0128566
0.374594
0.200566
0.0921964
-0.122442
-0.459
-0.26316
0.643206
0.231753
-0.387458
1.02199
-0.150411
0.376665
-0.853605
-0.349352
-1.00233
0.967901
0.225313
0.709244
-0.232962
0.125282
0.354327
0.0592317
-0.501996
-0.482411
-0.165003
-0.266401
0.589349
0.493581
-0.0702042
-0.874744
0.450075
0.679872
-0.280417
0.000685293
1.46151
-1.58442
-0.380157
-0.154266
-0.666703
-0.263947
-0.497279
-0.252744
-0.43938
-0.444842
-0.36262
0.958699
0.272531
0.323315
0.192388
0.500451
-0.521215
-0.0997491
0.408197
-0.17001
0.581574
-0.133793
1.1668
0.227637
-0.568049
0.130321
-0.248789
-0.312407
-0.782749
-0.581411
-0.593315
0.228668
0.739558
1.40484
0.369109
0.857849
1.22262
0.436532
1.06157
-0.365041
0.29988
0.0987562
0.353788
0.753955
-1.05508
0.768426
-0.895516
-0.0254334
0.148293
-0.421986
-0.890365
0.47556
0.727218
0.652457
-0.831651
-0.106215
0.549268
-1.06614
0.202821
0.768781
-1.01097
1.38172
-0.115706
0.377018
0.481919
0.219802
0.712654
0.679084
-0.665871
0.258719
0.825671
0.244365
-0.134641
-0.357056
-1.74543
-0.0774064
0.0669749
-0.0801917
0.826963
-0.0711392
-0.0892553
-1.00701
-0.512047
0.174004
-0.962103
-0.378981
-0.972373
-1.04743
0.451336
0.718121
0.022397
0.0385165
-0.0458048
-1.21816
0.41162
1.00459
1.08686
-0.791501
-0.587603
0.0629845
0.194384
-0.0188525
-0.84463
0.359155
0.291458
-0.589418
-1.1434
-0.372524
1.42736
0.446523
1.09569
0.254326
0.96642
-0.346253
-0.276017
1.10733
-0.47327
0.141373
-0.389048
-1.0772
0.168159
-0.0591208
0.683085
1.52978
-0.469613
0.134088
0.408109
-0.557891
-1.38845
0.981028
0.625904
-0.108249
-0.171044
0.0974461
1.2089
-0.13069
-0.349617
-0.117536
-0.141491
-0.261709
0.146524
-0.207396
-0.440177
0.494354
0.42674
-0.536477
-1.1181
-0.134032
0.522775
-0.657464
0.0655522
-1.25484
0.200687
0.0637982
-0.634509
-0.394415
0.121836
0.849196
-0.918242
0.616764
-0.909113
-1.36457
-0.957253
0.174569
0.0232693
-0.0896705
0.167291
-0.729721
-0.999214
-0.174008
-0.131831
0.642638
-0.924676
-0.297062
-1.20734
0.051143
-0.0683238
-0.839205
-0.812143
0.503038
0.480713
-0.639133
-0.759603
-0.812605
0.585382
0.705136
1.0743
0.229892
-0.322147
0.507839
0.328947
1.09707
-0.0944989
0.824957
0.321096
0.290554
-0.56989
-0.156496
0.193676
0.583391
0.3833
0.384362
-1.3268
-0.491745
-0.063886
0.0998545
0.706704
-0.338609
-0.727229
-0.115341
0.10162
-0.598326
0.200471
-0.459078
0.277359
-0.446054
-1.68185
0.154643
-0.78201
-0.130989
0.446809
-0.748845
1.1051
-0.423689
-0.0199089
0.456241
1.04344
0.34816
0.0784549
-0.464782
-0.550185
-0.185136
-0.287508
-0.928585
0.517373
0.23036
0.211588
0.70346
0.0722932
-0.322437
0.280637
0.445364
-0.864852
0.79863
0.604754
-0.132306
-0.183098
0.707534
1.25191
-0.326771
-0.858793
0.467193
0.587694
0.432533
0.612722
-0.548255
0.694734
-0.0353343
0.398197
-0.31131
1.06997
-0.357188
-0.41544
-0.545163
0.752778
-0.0916307
-0.78465
-1.45196
0.356751
0.463283
-0.543072
0.0497758
0.841368
0.117783
0.0604749
-0.321928
0.0344627
-0.950477
-0.469899
0.482402
-1.61979
0.775875
0.548161
0.698201
1.02839
-0.95202
0.212508
0.153251
0.563233
-0.00824145
0.283088
-0.085074
-0.415162
-0.347876
-0.0512793
0.222139
0.650754
0.431949
-0.171387
-0.0561146
-0.873078
0.42439
0.996656
0.801919
-0.21502
-0.123925
0.118825
-0.57208
-0.415166
-0.0507124
0.337674
-0.142963
0.0792566
0.185714
0.100946
0.453196
0.464621
-0.460909
0.52546
1.57443
0.818288
0.238644
-1.28739
-0.270413
-0.635174
0.322572
0.488125
-0.578647
0.93079
-0.32791
-1.02331
0.259706
-0.0157205
0.641844
-0.571174
-0.208103
-0.348143
-0.497912
-0.0314384
0.255758
-0.978004
0.193282
0.156778
-0.454025
0.704357
-0.304443
0.466951
-0.63009
-0.473803
0.691569
0.922211
-0.767585
0.473994
-0.613617
0.525216
0.29018
0.0301054
-0.744661
-0.185815
0.298612
-1.0754
-0.674072
0.129378
-1.41385
-1.5891
0.71118
-0.166238
-0.189318
-0.410299
0.586947
0.405463
-0.0912611
-0.262015
0.684201
0.572991
-0.229716
0.156301
0.108288
-0.762986
-0.158411
0.130397
-1.2441
-0.138366
-0.192801
0.39905
-1.42754
0.630614
-2.56224e-05
0.586478
-1.08469
-0.397584
-0.0543149
0.246319
0.592587
0.65724
0.37289
-0.0567238
-0.162061
0.959346
0.958279
0.648382
-0.256204
-0.329981
-1.09588
-0.534831
-0.20839
-0.0915508
1.11344
-0.110491
-0.853606
-0.378839
-0.752941
-1.1938
-0.296862
-0.968869
0.891553
0.589138
-0.313663
0.774523
0.304457
-0.315834
-1.04447
-0.904499
0.238387
0.736578
-1.09931
-1.27141
1.36999
-0.498345
0.62016
0.486904
-0.301865
-0.0176094
-0.300074
0.825221
-0.476074
-1.4029
-0.361054
-0.0979326
-0.240229
1.75313
-0.529111
-0.409131
0.608394
-0.370067
0.173917
-0.209774
0.165771
0.247804
-0.270139
0.562219
-0.063051
-0.170328
0.793608
-0.514814
0.400008
-0.525025
0.273408
-1.60583
-0.811602
0.568322
0.693137
0.264267
0.384692
-0.377429
-0.629125
0.0190456
0.143784
-0.982458
0.873148
0.136866
1.05097
-0.279789
0.98709
0.210213
0.938271
0.0877482
0.211131
-0.311859
1.41797
1.44978
-0.340949
-1.71019
-1.27316
-0.738127
0.837182
1.17164
0.143977
0.0673583
-0.462019
0.672661
0.575622
-0.344109
0.504034
0.217677
-0.126516
-0.164795
-0.977607
-0.513086
0.398027
0.841143
0.0236912
0.239274
1.01786
0.280225
0.557516
0.898965
-0.362368
0.508166
0.0356741
-0.157153
-0.67431
0.511759
-0.631441
-0.458418
-0.950564
0.157273
-0.696558
-0.0814384
-0.243584
0.366778
-0.505678
-0.386438
-1.43787
0.318627
0.1569
-0.355572
0.419756
-0.473535
-0.092083
-0.240746
-0.000724709
0.636763
-1.30199
0.543241
0.287385
-0.15118
0.294029
-0.00686203
0.448311
1.00786
-0.854538
0.0950214
0.100431
0.343279
-0.172087
-1.345
-0.960247
0.584828
0.525901
0.252788
0.180032
0.154543
-0.460362
-0.308708
0.765826
-0.503715
0.48917
0.642632
0.119749
-0.0708637
-0.36307
-0.220409
0.393118
-0.553731
0.445039
-0.879154
-1.69176
-0.145812
-0.558945
-0.0463735
0.81384
-0.482562
-1.43609
-0.295947
0.298645
0.572163
-0.566391
-0.0748314
-0.244902
-0.600914
-0.806784
0.829745
-0.517193
-0.158603
-0.0791671
0.0934065
0.505007
0.202239
0.247874
0.0598149
0.244561
-0.675966
0.342998
-1.1703
-0.158141
-0.987493
-0.949546
0.787397
0.79963
-0.690239
0.164182
0.33466
-0.825563
-0.0168376
-0.144648
-0.239484
-0.703698
0.480391
-0.0983664
0.319134
-1.5115
-0.486558
0.36268
-0.0994877
0.672681
1.13438
0.199532
-0.479493
0.494736
0.230724
-0.467904
0.394235
-0.276123
-0.31038
0.225626
-0.293789
-0.0587708
0.105535
0.261333
-0.368032
-0.0437688
-0.0563308
-0.152264
0.354498
1.13821
-0.104668
0.171388
1.04067
-0.0885261
0.409292
0.389163
-0.82796
0.860117
0.107204
0.333595
0.423691
-0.749793
-0.611145
-0.23393
-0.366268
0.614896
-1.06643
0.0302323
0.211488
-0.244916
-0.174165
-1.1367
0.22269
0.588346
0.425431
0.886637
0.580557
-0.124766
0.92111
-0.531412
0.31331
-0.982484
0.555428
-0.0281775
-0.69524
-0.352365
-0.661467
1.07602
-0.971416
0.12149
-0.299945
-0.29185
-0.100443
-0.447746
0.871002
-0.531513
0.0366186
0.147297
-0.0181443
-0.648132
0.76605
0.7472
0.635262
-0.105046
0.950949
0.77844
0.00732256
-0.0488157
-0.777332
-0.249159
-0.299251
-0.624237
0.123459
0.392097
0.431309
0.456356
0.57101
-0.0452306
-0.321987
-0.586153
0.00355401
-1.09715
0.455183
0.477277
-0.433306
0.758832
0.114997
-0.584931
0.220952
-0.708064
-0.42653
0.0698622
-0.716505
0.225084
-0.466582
-0.513779
-0.782648
0.125142
0.500893
0.234072
0.445711
-0.56209
0.0443957
0.61248
0.384828
0.760956
0.469812
-0.464057
1.31983
-0.490939
0.692642
-0.421264
0.387495
-1.12987
0.177053
-1.18545
0.780959
0.246533
0.473854
-0.215473
-0.723967
0.746877
0.73261
-0.370572
-0.454355
0.557751
0.596022
-0.786087
0.152737
0.52551
-0.237079
-1.13284
0.395054
-0.537871
-0.877979
-0.524171
0.168979
0.378888
0.304403
-0.705804
-0.387413
-0.0135295
0.960576
-1.12509
-0.248235
0.205514
-1.52801
0.525821
0.0287208
0.632848
0.523587
0.0153015
0.225782
-0.777192
0.0203951
-0.618045
-0.91855
-0.620155
0.926686
1.46899
0.713238
-0.225964
-0.39789
-0.135854
0.939293
-0.730004
0.259714
-0.490796
1.49385
0.74103
-0.860242
-0.0441982
-0.567927
0.0376936
-0.160302
-0.264102
0.496252
-0.543309
0.404604
0.204491
0.605868
-0.345108
-0.508088
-0.0504863
-0.0600142
-0.127763
0.438833
1.14628
1.15779
-0.598092
0.522028
0.0496406
0.149587
-1.00241
0.00853158
0.240198
-1.20446
-0.891553
-0.357282
-0.197368
-0.0377424
-0.70072
-1.20551
-0.353458
-0.0140184
-0.629594
0.308149
-0.102722
0.479183
0.60474
0.247646
-0.645918
-0.985075
-0.698296
0.432411
0.607052
1.62845
-0.280209
-0.569784
0.273404
-0.462183
-0.307456
0.105717
0.746699
0.685804
0.194879
0.580679
-0.490657
0.25898
-0.359237
0.0375986
-0.395639
-0.63337
-0.280559
-0.0993845
0.0655452
-1.11909
-0.254082
0.310745
-0.0912843
1.06793
-0.659068
-0.439334
-0.652255
-0.85458
0.672353
-0.0177133
-0.686213
0.243883
-0.275637
-0.237291
0.396791
0.0467171
0.539074
0.629744
0.287516
0.436117
-1.1919
-0.854737
-0.155762
-0.730232
0.916306
0.903177
-0.383349
0.794559
0.029723
-0.791456
-0.771199
0.669807
-0.0412886
-0.187969
0.633494
-0.201366
-0.465241
0.531436
0.0830538
0.435989
-1.27558
-0.326126
-0.118782
-1.10294
0.585257
-0.832328
-0.458364
-0.59496
0.355458
0.126566
-0.347326
-0.917474
1.23081
-0.405698
-0.581
-0.119737
0.0998818
0.222641
0.763317
0.172275
0.0321058
-0.37527
-0.30842
0.844732
0.513734
-0.441341
0.830509
-0.573192
0.401853
0.18476
0.261178
-0.414141
0.636918
-0.603828
0.130469
-0.271174
-0.175146
-0.284348
1.03119
-0.215101
0.0277501
1.0626
0.522627
-0.234302
-1.42107
-0.165876
0.507242
0.0205387
1.52936
0.0465034
0.655579
-0.69107
0.364426
0.663547
-0.00993838
-0.148748
0.864128
-0.209402
-0.867131
-0.737822
0.0692287
-0.086628
0.564986
0.0121055
0.881308
-1.02654
-0.0929846
-0.763924
-0.304285
0.349927
-0.57161
-0.125472
0.89601
-0.0743034
0.0892606
1.28134
0.162061
-1.82511
-0.694283
0.00874444
0.99441
-0.177013
-0.0256468
0.274525
1.02452
-0.448294
0.614429
0.144259
-1.01721
0.458791
-0.579212
0.6617
0.126574
0.777518
0.0178707
0.0471636
-0.476693
0.307689
-0.365648
0.0463808
-0.0545422
-0.351128
0.156396
0.388138
-0.502732
-0.40018
0.242321
-0.715708
0.19592
0.290663
0.410815
-1.0265
0.0332863
-0.676846
-1.13903
-0.654182
-0.366672
-0.222226
0.241002
0.0562719
0.0425583
0.366919
1.0185
0.252874
0.489067
-1.09737
-0.312236
0.314888
-0.180991
0.727592
-1.63898
0.120627
0.208325
-0.384983
-1.20265
0.0310942
-0.47608
-0.505774
-0.460513
-0.457228
0.709414
0.565554
0.764329
0.339956
-0.703264
-0.78129
-1.07241
0.441928
-0.347928
-0.267542
-0.640316
-0.38977
0.408812
0.697592
-0.175049
-0.734292
-0.29906
-0.573487
-0.438453
1.19147
0.476204
0.684156
0.216016
-0.447291
0.855879
0.603557
0.11504
0.210566
1.0933
-0.25931
0.277054
-0.13641
0.733224
0.63884
-0.62248
-0.52214
0.307761
0.299704
-0.238523
-0.247515
0.311066
0.228182
-0.133682
-0.492034
-0.17071
0.405908
-0.825383
0.152984
-0.507027
0.394482
-0.435235
0.00375271
-0.231451
0.806832
-0.667446
-0.0820647
0.208415
-0.0597872
0.426261
0.220303
0.423234
0.0404966
-0.34132
-0.401142
-0.0173607
1.00537
-0.368926
0.0576816
0.848142
0.475677
-0.434406
0.50548
0.18263
-0.87689
-0.115147
0.383697
-0.815158
0.0415991
0.705135
-0.0306292
0.132415
0.707369
-0.00626714
0.27215
0.213721
-1.37796
1.05527
-0.554941
0.211795
0.569872
0.486151
-0.30684
0.213722
-0.094699
-0.0895078
-0.152472
0.52226
1.01163
-0.707193
0.00254979
1.62858
-0.0721288
-0.314142
0.188753
-0.236055
-0.137111
0.0816667
-0.502696
-0.429073
-0.230345
-0.809128
-0.464992
-0.574401
-0.4253
-0.964346
-0.68345
0.412889
-1.24457
-0.499847
0.428449
0.343349
-0.420458
-0.492154
0.911189
1.15876
1.10862
-0.341244
0.281425
0.931945
-0.362966
0.519738
-0.481453
0.594674
-1.07478
0.532036
-0.316492
0.0935308
0.0657738
1.08979
0.621018
0.560669
0.547206
-0.251493
0.477676
-0.281083
0.408839
0.291273
-0.56055
0.0606208
-0.315341
-0.445551
0.523069
1.03907
-1.14265
-0.827547
0.568137
-0.37267
-0.0368997
0.0858384
-1.21253
0.391725
-0.473039
0.193376
-0.0333573
0.0312836
-1.04428
-0.988082
-0.188606
0.152236
-0.378134
-0.933557
-0.659974
-0.658022
-0.283609
-0.318412
-0.399652
-0.217053
0.618159
-1.204
-1.41416
-0.463986
0.677809
0.172145
-0.080442
0.593434
-0.542349
-0.201025
0.657773
0.485325
0.689679
-0.746083
0.47142
0.131439
-0.0678865
-0.197832
-0.249485
0.684064
0.27448
1.04194
0.695719
0.445136
-0.459252
-0.235859
0.722036
-0.449336
-0.18569
0.176119
0.347923
0.328822
0.723619
0.237798
0.525971
0.828756
-0.208769
-1.4136
0.706589
-0.267895
0.645899
0.956998
0.304222
-0.657149
0.0547864
0.261385
-0.64292
0.079662
0.0801815
0.463642
-0.0155019
1.41825
0.0591488
0.359274
-0.288955
-0.657749
0.436779
-0.359626
-1.05073
0.841767
-0.699402
0.0932018
-0.121994
-0.425115
-0.115028
0.236724
-0.251069
0.382434
0.765244
0.582257
-0.542011
0.485343
-0.872121
-0.395966
0.387966
0.0106513
0.206441
0.584476
-1.52578
-0.000210539
0.274235
-0.0814564
-0.149863
-0.0205865
0.625834
0.580833
0.639903
-0.0666814
0.207775
0.742477
-0.00661426
0.113674
-0.984549
-0.789792
0.245187
-0.0444571
-0.781677
-0.850793
-0.605407
0.0524292
0.695799
-0.879784
-0.552181
-0.47663
0.335231
-0.188567
0.720727
1.12113
0.324814
-0.855064
-0.301404
-0.101842
0.994322
-0.157396
-0.826641
1.51069
-1.50509
1.05498
-0.227239
0.569093
-1.51238
1.63235
-0.335588
0.162003
0.367049
-0.28514
-0.229706
-0.244776
-0.268306
0.716014
0.198814
0.635218
0.428337
0.247877
0.223463
0.00540512
-0.943567
-0.380629
-0.965198
1.00588
-0.565556
1.17297
-1.10165
-0.671853
0.138718
0.268841
-0.395916
-0.219275
-0.0593779
0.321086
-0.137261
0.539314
0.0457455
0.183366
0.287774
-0.234667
1.30072
-0.561961
-0.243945
0.638178
-0.363898
-0.504689
-1.16733
0.158131
-0.302896
-0.445282
-0.992994
-0.37089
0.180123
-0.158675
0.0772563
-1.02482
0.0464145
0.409244
0.0549548
-0.949981
0.782099
-0.682857
0.328307
0.101719
-0.44822
-0.124224
-1.18442
0.132089
0.402462
-0.335655
0.405789
0.273096
0.156132
0.3433
0.538384
-0.392111
-0.744303
0.774564
0.419671
-0.0928339
0.896389
0.601575
-0.597093
-0.190491
-0.406829
0.76988
0.227513
-0.732489
-1.20324
-0.787669
1.12959
1.00394
-0.180424
-0.469372
-0.622613
-0.124019
0.901453
-0.209927
-0.279711
-0.28962
0.547115
-0.241036
-0.433358
0.758575
-0.568773
0.132884
0.680514
-1.15204
-1.45442
0.109279
-0.490379
-0.0194066
0.143152
-0.14486
-0.0404309
0.0790385
0.146831
1.07718
0.370601
-0.73852
-0.230201
0.420286
0.574057
-0.0629244
-0.244935
1.47626
-0.531885
0.403942
0.555141
0.591743
0.947131
0.3725
1.20707
0.429407
0.0267115
0.873179
0.52305
0.719627
0.563981
-0.185855
0.197554
0.457353
-0.159059
0.407649
-0.101996
0.124135
0.244066
-0.870688
0.410743
0.894759
0.71418
-1.05584
-0.253744
0.555952
0.211867
0.777666
-0.349456
0.664659
-0.629296
0.66388
0.544151
-0.0426075
0.206235
-0.549766
-1.35033
-0.844829
-0.484893
0.0113311
-1.15714
-0.53099
-0.0688321
0.234657
-0.714032
-0.00982927
-0.0968858
0.393458
-0.57058
0.17613
-0.0765831
-0.636207
-1.68667
0.601818
-1.49978
-0.677357
-0.281931
0.324573
0.0388124
1.30068
1.25539
-0.866484
1.04281
-0.0813224
0.385733
-0.797574
-0.127125
0.36969
0.0113744
-0.0822042
0.402852
0.305094
-0.611155
-0.0849416
0.36383
-1.17962
0.544087
0.75844
-0.0843149
-0.25883
0.608573
0.323586
0.985931
-1.27652
-0.726375
-0.236059
0.346984
-0.144585
-0.440575
0.0366099
-0.122445
0.706002
-0.440058
0.0412916
-0.107344
-0.0423593
-0.144091
0.802686
1.16594
0.640336
-0.384838
1.1898
0.547218
-0.208167
0.38173
0.0834575
0.669095
0.262802
-0.0653623
0.595442
0.733863
-0.304327
0.357246
0.60005
0.364018
-0.502168
0.775621
-1.07585
-0.36415
-0.0855441
0.171807
0.381134
0.525914
-0.264312
-1.53606
1.11138
0.852041
1.03873
0.14577
0.497391
-0.743458
-0.126033
-0.0262345
0.25443
-0.1549
-0.474962
-0.480125
-0.992554
-0.306678
-0.224815
-0.613118
-0.318375
-1.01693
-1.01966
0.334059
0.561367
0.044827
0.282027
0.537769
0.396514
0.901843
0.0280606
0.85906
-0.0718166
0.303081
-0.208544
1.21678
-0.554972
0.773254
0.611594
-0.0473716
-0.574883
-0.914295
-0.766252
-0.778437
0.694707
-0.556616
1.2306
1.35604
0.81784
0.804786
0.649819
0.109462
-0.428577
0.422665
-0.41522
-0.441587
0.103032
0.097238
-0.388635
-0.414322
0.789882
-0.684746
-0.511404
0.257898
-0.0257639
0.0272467
-0.316953
0.589076
0.585145
0.504245
0.661812
0.198029
-0.242424
0.221536
1.12278
0.401993
-0.113734
1.3042
0.65895
0.0534711
-0.0506991
0.45153
0.0716908
-0.181465
-0.377829
0.716721
-0.421228
-0.700629
-0.160386
0.439819
1.03796
-0.455436
-0.0534515
-0.779086
-0.482958
0.0367464
0.973711
0.215155
0.369433
-0.594508
0.408375
0.470716
-0.779083
-0.028919
1.17549
0.550744
0.610488
-0.742398
-0.814091
0.874594
0.283717
0.459101
-0.853137
-0.681721
1.0766
-0.206203
-0.655041
-0.145656
-0.444621
0.388847
-0.57339
-0.517009
-0.679555
-0.717147
-0.185709
-0.809658
-0.268967
0.00104264
0.453112
-0.39254
-0.403532
0.18815
0.532533
-1.0085
-0.646966
-1.24739
0.159982
0.0157207
0.144447
1.1197
0.398355
0.00933934
0.11772
-0.346069
-0.716537
-0.257998
0.467746
0.708935
-1.58117
-0.767927
0.698634
0.01774
0.514254
-0.807504
0.479709
-0.155487
-0.53876
-0.82179
0.756473
-0.280486
0.648048
0.222257
-1.14602
-0.184965
0.282743
0.248026
0.178305
-0.133726
-0.351539
-0.156297
-0.514556
-0.101069
-0.59112
0.400992
-0.951416
0.247396
-0.138501
0.283877
-0.00339388
-0.541552
0.823932
-0.0064044
0.500854
-0.00583329
1.06699
-0.442619
0.22323
1.06922
0.251182
0.969875
0.270418
-0.171222
0.0606383
0.313827
0.311597
-0.0299791
0.338723
0.145999
0.694298
0.529838
0.932102
0.535212
-0.574151
0.145554
1.02407
0.737158
0.0280285
0.511217
0.155568
-0.671806
-0.118172
0.536263
0.256466
0.103431
0.415836
0.0133175
0.584569
-0.427757
1.5035
-0.970882
0.641385
0.208158
0.540861
0.437289
0.617152
0.703443
0.842102
0.81067
-0.120802
-0.446955
0.24025
-0.301839
0.183945
-1.26771
0.0918198
-0.853736
0.567864
-0.0732016
-0.726127
1.66181
-0.0295026
-1.06792
-0.558567
0.325948
0.662051
-1.04886
0.338934
-0.445852
1.31252
0.55525
-0.0914847
-0.841594
-0.0336092
0.503211
1.16162
0.158362
-1.04739
0.0475627
0.689864
-0.281489
0.16288
-0.532225
-0.433657
-0.268547
0.0432494
0.094149
-0.820259
0.554716
-1.47297
0.638849
-0.600763
-0.114329
-0.615173
-0.104035
-0.0626666
0.509
0.706877
0.0562249
0.676132
0.170215
0.624458
0.531829
-0.342281
0.458826
0.225949
1.34361
-0.17885
-0.00738724
0.17645
-0.242431
1.53264
-0.159604
0.432528
0.515258
0.226335
-0.6416
-0.766766
-0.243691
-0.159504
-0.134492
0.0573655
-1.59534
0.857308
-0.637364
-0.180845
0.143313
0.0470682
-0.267345
-0.998004
0.260615
0.173179
-0.494221
0.00924279
-0.364653
-0.730462
-0.301334
0.361504
0.549323
0.528333
0.352595
-0.0599346
-0.845338
0.387104
-0.0698933
0.444608
0.530706
-0.765885
-0.623947
-0.972536
-0.34985
-0.266494
-0.596715
-0.154485
-0.197362
-0.90167
-0.276602
-0.1919
-0.148562
0.575327
-0.167395
0.214031
0.363381
-0.0120134
-0.639858
-0.827813
-0.0160633
0.773508
0.0909806
-0.393279
-0.723267
0.657864
-0.350796
0.277704
-0.411877
1.0093
-0.151753
-0.617685
-0.51152
0.408759
-0.557881
-0.161542
-0.847753
-0.0935379
0.664131
-0.205328
0.769139
-0.0969635
0.374481
-0.477584
-0.248225
-1.58421
-0.0783838
0.299788
0.49613
-0.0994323
-1.06599
-0.00551258
0.491729
0.771317
1.12206
-0.284506
-0.568484
1.04917
-0.345277
0.525817
0.168639
0.860755
-0.0421863
-0.356155
-0.963582
0.332146
-0.125457
0.659645
0.312355
-0.329671
-0.00304649
0.123658
-0.0269058
-0.602301
-0.697303
-1.56632
0.341417
0.888263
-0.528363
-1.24534
-0.767509
-0.964673
0.599405
0.120586
0.283033
0.609563
-0.682959
0.910497
0.128475
-1.36196
0.261154
-0.23793
-1.28742
-0.301513
-0.921945
0.0252659
-0.182073
-0.500951
-0.0930137
-0.79099
-0.0776028
-0.706856
0.0134961
0.0267665
0.261528
0.160735
-0.402379
0.16472
0.967219
-0.0354588
-0.227378
0.0675946
-0.637553
0.355699
0.10512
0.282193
0.79991
-1.00689
-0.953356
0.156157
-0.0302293
-0.501674
-0.244192
0.163722
-0.0544314
-0.334756
0.360021
-0.546058
-0.805654
0.985786
-0.440992
-0.159318
-0.329647
-0.359526
-0.126754
0.0977598
0.437877
0.402825
0.445998
-0.283095
-0.306122
-0.355919
0.607564
0.296181
1.85199
-1.10599
-0.13408
-0.167029
-0.514068
-0.365737
0.500682
-1.70725
-0.307864
-0.369147
-0.311503
-0.185785
-1.10799
0.51766
0.753193
0.375429
-0.102613
-0.838912
-0.460147
-0.127762
-0.941421
-0.900122
-1.20397
-0.802137
-0.0633921
0.258614
0.186506
0.748914
0.0180139
0.139416
-0.504762
-0.665759
0.684742
0.636922
0.239466
-0.589541
0.206162
-0.57719
-0.861295
0.175519
0.00986013
1.25019
0.409155
-0.473197
-0.164096
-0.330682
0.536068
0.309282
-0.230414
0.0742838
-1.27295
0.692602
0.695021
0.242935
1.93692
-0.225507
0.0041764
-0.629914
-0.286885
0.529131
0.0118076
-0.629889
-0.853675
0.0251313
0.535691
-0.54259
0.15077
0.874268
0.11233
0.0260789
0.666005
0.161892
-0.355438
0.682984
-0.354467
0.368236
0.292059
0.368159
-0.43627
-0.171445
-0.221666
0.304047
-0.730464
-0.0497388
-0.0999425
0.54377
-0.936463
0.296776
1.07194
-0.38358
-0.0100567
-0.354792
-0.267385
0.905316
0.0185627
-0.621772
-0.644489
-0.861316
0.166938
-0.436791
-0.14738
0.485955
-0.340436
0.192699
0.434573
-0.5443
-0.330141
-0.178188
-0.0859632
-1.43851
0.0787156
-0.837258
0.925784
-0.30217
0.57823
0.326071
-0.442841
0.747907
0.0464275
-0.967953
-0.31737
-0.573345
-1.17999
0.960965
1.49094
-0.262705
1.11089
-0.351357
0.505228
-0.280246
0.0638202
-1.20703
-0.0881631
-1.75017
-1.12521
0.401808
0.677285
0.452294
0.0545792
0.43048
-0.182027
0.312302
-0.601536
-0.367937
0.321467
-0.976071
0.968712
0.350019
-0.273046
-0.0707918
-0.693559
-0.811141
-1.33762
-0.925879
0.400088
-0.627141
0.211309
-0.87059
1.42693
0.166024
0.54354
-0.156546
0.204193
0.213362
0.430143
-0.733259
0.177199
-0.00861424
0.0141498
-0.195929
0.0380438
-0.791898
-0.98108
0.638868
-0.551272
1.00459
0.159076
0.437784
0.714082
0.758026
0.410284
-0.517785
0.87367
-0.350147
0.422116
0.342976
-0.0845414
0.407487
0.100608
-1.09122
0.601089
-0.349547
-0.202895
-0.592232
-0.771617
0.683205
0.745777
-0.124072
-0.0329626
0.279929
0.966612
-0.400246
0.691244
-0.536819
-0.0985674
0.175984
0.0597065
0.196093
-0.592923
-0.539881
-0.0490523
0.533304
-0.122034
-0.872697
0.236235
0.0177974
0.132026
-0.906473
0.483422
0.649479
-0.667771
-0.54945
-0.0927368
0.195285
-0.864446
-0.979772
-0.0933812
-1.89897
0.653737
0.500442
0.302766
0.0323712
0.4966
-0.0501232
0.69029
0.080361
0.180213
-0.413242
1.24421
-0.574321
0.72622
-0.594756
0.416492
0.167141
-0.289659
0.395576
-0.865166
0.641195
-0.164085
0.542609
0.440142
0.578318
0.625438
0.121188
-0.582029
0.515257
-0.696808
-0.878589
-0.0630757
0.57524
0.00664123
-0.595673
-0.087929
-0.561498
0.00803903
1.08174
-0.592071
0.315671
-1.05812
0.0452322
1.05383
-0.00627303
1.01716
-1.08565
1.22092
0.408815
-0.410977
0.388841
0.486244
-0.936107
0.405058
-0.74463
0.666816
-0.074035
0.179858
-0.285147
0.476514
0.15659
-0.788415
-0.629349
1.04563
-1.02676
0.523051
0.441353
0.146098
0.0447373
-0.211208
0.46135
0.324706
-0.66095
-0.14097
1.20485
0.187536
0.392351
-0.348018
0.570271
-1.0081
0.354979
0.505471
0.479982
0.191397
0.0704242
-0.0180493
0.545635
0.102263
-1.1644
-0.653819
-0.346754
0.764692
-0.666919
-0.134167
-0.808837
-1.08192
0.355752
0.133938
-0.0412721
1.15015
-1.01973
0.236381
0.320825
-0.394259
0.0875383
-0.546031
0.030383
-1.06964
-0.790465
0.0360062
-0.00081754
-0.968587
0.128964
0.386604
0.400102
0.5405
-0.408564
-1.00798
0.603831
0.119321
-0.196985
-0.704642
-0.280853
0.347197
0.346882
0.0288493
-0.338517
-0.472898
0.827413
-0.108649
-0.278082
-0.426168
-0.582422
0.379944
0.748078
-0.687311
0.0552896
-1.00909
0.0502827
0.607131
0.396606
-0.210918
0.59406
-0.557361
-0.385915
0.741838
-0.520453
0.412009
-1.05415
-0.1184
-0.622838
-0.975502
-0.00249565
-1.89258
-0.172959
-0.00609472
0.494919
0.277537
0.870652
-0.815378
0.20062
-0.85094
-0.145783
-1.2087
0.674017
0.84186
-0.517853
-1.56334
-0.223103
0.19873
-1.19088
0.470968
0.837302
-0.900659
0.258996
-0.474494
0.386421
0.0458298
-0.196263
0.60795
0.407213
0.750337
0.119008
-0.163874
0.268878
0.226663
0.324506
0.0428259
-0.724652
0.490603
-0.25588
-0.395017
-0.781482
0.169658
-0.582991
-0.324275
-0.146266
-0.507384
0.0783364
0.342476
-0.0746311
0.114336
0.626726
-0.395057
-0.32819
-0.568647
-0.86986
-0.461366
0.0982525
-0.362174
-0.340903
-0.663438
-0.0531596
-0.46032
0.0248983
0.127731
-0.874678
-0.407877
0.0345636
-0.545973
1.16804
0.154773
0.572482
-0.400742
0.551065
-0.0942749
-0.939852
-0.155598
-0.260522
0.157083
-0.767766
0.952827
-0.892835
-0.0393007
1.22379
0.055649
0.726926
-0.700319
0.679541
-0.0077315
0.458535
-0.0393039
-0.64782
0.37188
-0.434502
-0.600344
-0.171501
-0.740542
-0.256652
-0.310765
0.471495
0.0477144
-0.880374
0.200068
0.25941
1.07862
-0.0807618
0.268834
-0.321865
-0.4984
1.03369
-0.611115
-0.605564
-0.601365
0.160161
0.791393
-0.131313
0.764058
-0.263995
-0.570084
0.861988
-0.029041
0.381194
-0.556933
-0.272827
-0.00830714
-0.747951
0.438824
-0.327867
-0.348218
0.207818
0.021076
-1.05769
-0.0692683
0.0363772
0.323412
-0.558693
-0.245313
1.30886
0.354837
0.139262
-0.0989746
0.0356284
0.0959871
0.061124
0.556499
0.730254
0.400818
0.817874
-0.452641
-0.193408
-0.244158
0.638877
0.537135
0.117271
0.930207
-0.280926
-0.140236
0.762218
-0.0207266
-0.137702
0.829263
0.110615
0.239683
0.817677
0.499691
0.0272006
-0.300109
-0.246976
-0.00875326
-0.363695
0.0925859
-0.612407
-0.0602473
0.201118
-0.221752
0.0509687
-0.0861948
-0.317279
1.39176
0.647069
-0.157872
0.0940609
-0.340151
-0.41485
-0.468768
0.0360407
1.54005
-0.289966
-0.191464
-0.753171
0.673424
-0.437543
0.0512999
0.157824
0.958944
0.403381
-0.137601
-0.324462
-0.0581299
-0.354258
-0.0639306
-0.0242244
0.455064
0.56544
-0.74573
-0.210731
-0.047388
-0.617676
-0.330728
-0.52966
0.157478
1.35935
0.431522
0.47193
-0.182254
1.08696
-0.748213
-0.308543
-0.913935
0.230731
0.153389
0.109475
0.342952
-0.836268
-0.301958
-1.00513
-1.04178
-1.22699
-0.627817
-0.366479
-0.373722
-0.950131
-0.0828878
-0.560917
-0.818723
-0.320153
-0.433128
-0.598595
-0.0638634
-0.954424
-0.330363
0.762844
-0.885904
0.261679
1.30548
-0.939988
0.990294
-1.23062
-0.113535
0.229966
0.677045
0.0488048
-0.359851
0.0736964
-0.309689
-0.69307
0.417689
-0.238452
0.589798
-0.290642
0.261661
0.17356
-0.310545
0.741069
0.79265
-0.192406
-0.686728
0.239156
0.244555
0.227263
0.239438
0.116592
-0.442041
0.127765
0.685283
-0.672869
-0.586018
1.10265
0.605938
-0.153771
0.184365
-0.291111
-0.805037
-1.14435
0.506674
-0.837694
-0.654662
-0.819797
1.06823
1.31686
0.778896
-0.453691
-0.880712
-0.284144
-0.177757
-0.0579612
0.837744
-0.235099
0.707608
0.123977
1.13902
-1.03162
-0.00182725
-0.0967795
0.00865945
0.397944
-0.211365
0.235185
-1.11851
0.197399
-0.624691
0.624887
0.697246
0.780515
0.222702
-0.462307
-0.0962833
0.0408504
1.2944
0.409291
0.0204885
0.988712
-1.4449
0.15603
0.0236785
0.440259
-0.753252
0.243319
0.724904
-0.0423631
-0.862856
0.666012
0.494361
-0.16738
0.281035
0.0351858
-0.16913
0.697058
-1.43838
-0.0668005
-0.101131
-0.459891
-0.314364
0.150576
-0.325541
-0.930851
-0.105579
1.56525
-0.132968
-0.130133
-0.0121308
-1.05504
-0.807747
-0.464994
-0.539245
0.572077
0.28197
1.25334
-0.766287
-0.800215
0.135503
-0.200982
-0.888904
-0.473439
0.126499
0.469787
-0.232389
-0.51938
0.462196
-0.969679
0.509344
1.86592
0.650367
-0.0188517
-0.116807
0.805008
0.173975
0.646047
0.1297
-0.0426077
0.182469
0.942514
0.664676
1.00696
0.177158
0.732653
0.126725
0.580321
0.255411
-0.585275
0.457221
0.579622
-0.483323
1.29152
-0.171425
-0.311389
0.045601
-1.01136
0.0771802
-0.116246
1.03857
-0.432527
-0.0564115
-0.521802
0.00226153
-0.550744
-0.166156
0.242268
-0.181843
-0.419186
-0.424806
-0.425566
-0.21826
-0.884173
-1.60995
-0.594947
0.63
0.399313
-0.232239
0.148056
0.616975
0.568764
-0.243824
-0.355504
-0.255518
0.169936
0.670695
0.274008
0.36723
-0.233333
-0.256654
-0.716909
0.474371
0.282193
0.442421
-0.310884
0.642537
-0.848254
-0.161186
0.329944
-0.125151
0.5044
0.643737
0.197643
-0.95666
0.808004
-0.500534
-0.129569
1.01806
-1.37378
0.853435
-0.0694152
0.00669256
-0.370822
-0.37176
0.444728
2.13584
-0.169314
0.653843
-0.126951
-0.11812
-0.382239
-1.1945
0.3283
-0.154128
0.410481
-0.0147359
-0.808339
-0.099466
1.25721
0.301169
0.383462
-0.1076
0.0374717
0.255441
-1.00804
-1.13397
-1.67209
0.670588
-0.116014
0.685193
-0.504601
0.157339
-0.270771
0.753972
-0.768689
-0.263204
-0.251722
0.789014
-1.39344
-0.132702
-0.0731252
0.834208
0.145241
-1.27996
0.520065
0.688074
-0.350878
0.833144
-0.0219856
-0.085
-1.21053
0.27294
-0.847026
0.145865
0.0223247
0.926076
1.56688
-1.30582
1.07388
-0.304655
0.473664
1.01793
-0.491241
-0.886104
0.40463
0.226546
0.0727139
0.691014
0.0667945
0.577146
0.218171
-0.564059
0.722923
0.372826
0.361378
-0.165053
-1.06479
0.431792
-0.187204
0.753567
-1.16657
0.0389459
0.0426881
-0.145663
-0.192687
-0.242278
-0.888952
0.195955
-0.0291336
-0.0379438
-0.230561
0.254651
0.406396
-1.20911
0.340934
-0.17008
-0.816751
1.80955
-0.560341
-1.31319
0.486302
-0.590094
0.587787
-0.0160776
0.00897664
-0.660737
-0.416614
0.223602
-1.32163
0.597721
0.987608
-0.579268
0.426381
0.21962
0.955746
0.0947904
0.0148295
0.644391
-0.537476
-1.76845
0.948464
1.02368
-0.943684
0.243837
-0.21619
-0.12329
0.987465
0.436107
-0.309095
0.555936
0.0551134
0.221823
-0.748898
-0.21542
0.491073
-0.740844
-0.55487
0.102185
-0.25416
0.315337
0.220796
0.101496
-0.287574
1.28736
-0.509051
0.780679
-1.0571
0.352627
1.15217
-0.240702
-0.372181
-0.281946
0.697099
-0.0907441
1.0538
0.0352234
0.398239
-0.747334
-0.317612
0.229929
0.125959
-0.852528
-0.21475
0.422534
-0.0561937
-0.499519
-0.663266
-0.0427106
0.00367969
1.10821
0.0328504
0.922726
-0.515408
-0.141783
0.428843
-1.52487
-0.293473
0.230168
0.723026
0.492387
-0.0870009
0.196209
0.166957
0.525535
-0.53836
-0.569944
0.325512
-0.110685
0.0114223
0.283746
-0.539045
0.142054
0.0335068
-0.0733716
-0.397765
0.0300142
0.302818
0.0877346
-1.12074
0.365212
-0.601372
0.724492
0.719898
0.75765
-0.106183
-0.28265
0.517429
-0.150416
0.0291998
-1.56405
-0.412743
-0.893873
0.497389
0.238747
0.0997912
0.0171136
0.0824366
0.0880209
0.469041
-0.0756639
0.434566
-0.383018
0.376282
-0.310883
-0.676878
0.353937
-0.609458
-0.938166
0.229005
-0.784756
0.0570154
0.917711
-1.33597
-0.905476
-0.385273
-0.345106
-1.00331
-0.603535
0.504148
-1.02986
0.290273
-0.700816
0.0841954
-0.612775
0.816782
-0.173843
1.18165
-0.578897
0.114208
0.707595
-0.346776
-0.685272
-1.22172
-0.418635
0.566564
0.53692
-0.472932
0.294491
0.548644
-0.613606
-0.652871
-0.634099
0.734349
-0.0292382
-0.773107
0.0840078
0.133709
-0.256338
0.137373
0.409179
-0.323048
-0.688138
-1.00386
1.02679
1.55233
0.884614
-0.352816
-0.032422
0.484768
-0.0711722
-0.62647
0.674407
-0.052201
0.554538
-0.80485
0.542649
-0.557705
0.417282
0.153574
-0.0268072
0.184467
-1.50235
0.243618
0.317785
0.973574
0.31271
0.623111
0.135557
-0.17405
-0.738929
-0.0218717
-0.370341
0.331488
-0.948413
-0.0920917
0.833898
0.480997
0.257245
0.551738
-0.582891
-0.5259
0.835937
0.8727
-0.0621131
-0.655259
0.470388
0.552316
-0.704761
-0.189603
-0.285156
1.53846
-1.20161
0.487414
-0.5144
-0.162595
-0.342372
0.00398851
0.679771
-0.108436
-0.876765
0.594168
0.87101
1.15721
-0.729465
0.189121
0.0205127
0.217953
0.121423
-0.180111
0.548383
-0.522554
-0.693991
0.714579
0.281424
-0.542585
0.435747
0.301636
0.289438
0.308293
-0.0766914
0.521095
-0.0487683
-0.143601
1.0902
0.456823
0.258761
-0.595084
-0.14443
0.916021
0.964023
0.02204
-0.951065
-0.587549
-0.337462
1.55584
-0.303871
0.280262
0.259242
0.580513
0.753089
-0.628122
1.42482
-0.482865
-0.275055
0.482224
0.675028
0.675564
1.33521
-0.128846
1.10709
0.653232
-0.133416
0.50358
-0.108465
-0.152569
0.153653
0.871454
-0.267499
-0.598912
0.728038
0.355329
-1.12766
-0.723003
-0.754078
-0.0551169
-0.0236566
-0.51784
-0.0506169
0.095429
-0.558977
0.601141
0.666782
-0.700138
-0.58086
-0.24386
0.0137993
0.356509
-0.531071
0.324744
-0.193225
-0.23285
0.613707
-0.47288
0.790553
-0.858078
0.582627
0.522535
-0.105527
-0.339059
-0.111731
0.285107
-0.391929
-0.600444
0.261308
-0.0631741
-0.0794799
0.240571
0.0443527
-0.691287
-0.202575
1.55528
0.802157
0.618762
1.59328
0.394059
-0.386026
0.590569
0.394961
0.95457
-0.122052
0.520373
-0.47309
0.717714
0.510036
0.744447
-1.10719
0.175658
-0.0207317
0.235679
0.476769
-1.39616
-0.897927
0.22085
0.756911
0.557325
0.347501
0.250996
-0.992722
0.441593
-0.410217
0.205203
0.114363
-0.462954
-1.15526
-0.452892
-0.385032
-1.20697
0.934929
0.142067
0.382041
1.26654
1.13889
-0.0719488
-0.234863
0.219061
-0.493581
0.206746
-0.195738
-0.86771
0.110435
0.401943
0.603081
-0.348531
1.78767
-0.493452
0.110453
0.88999
-0.502237
0.145527
0.206086
0.353522
0.15197
-0.352769
0.847209
-0.344034
-0.597939
-0.38063
-0.159494
0.689807
-0.158416
-1.08402
-0.466316
0.0114163
0.718921
0.206543
0.404321
0.728674
-0.524587
2.15449
-0.283124
-0.0176603
0.877881
-0.280578
0.188032
0.830151
0.227913
0.627035
0.151275
-0.20209
-1.35003
-0.762793
0.222475
-0.358768
0.434429
-0.994114
0.727407
-0.148092
0.633224
-0.0180759
-0.0481015
-0.131794
0.510616
-0.709128
0.570038
0.478294
-1.14935
0.327388
0.252692
-0.359226
0.338207
-0.01591
-0.300849
-0.600786
0.045005
-0.130588
-0.504658
0.113777
-0.750719
-1.65093
-1.16909
-0.586412
-0.0560157
-0.540546
-0.660262
0.804388
0.675719
0.187788
-0.0948255
-0.183107
-0.562765
-0.563673
-0.658574
0.875221
1.47067
0.0287003
1.94924
-0.667786
-1.27814
0.466083
1.24963
0.996365
-0.446973
-0.0389579
-0.565519
-0.0368602
1.13507
0.412089
-0.00947443
0.76483
1.5947
-1.4919
-0.107757
-1.12113
-0.315872
-0.764593
0.0905085
0.376678
-0.996539
0.423286
1.26168
-0.146413
0.828872
-0.186731
0.445328
0.510284
-0.407081
-0.243584
1.25637
0.129359
0.512302
-0.210881
0.38284
0.243928
-0.823994
-0.162993
-0.872168
0.066163
0.591587
-0.331765
-0.914133
0.00504312
-0.662851
0.515186
1.05695
0.164766
0.166189
1.29947
0.458422
0.595851
-0.538083
-0.840432
-0.842049
0.184302
-0.703496
0.0933577
0.798929
0.0508986
-0.63993
-0.0969261
0.00732758
-0.168864
-0.569746
-0.676759
0.319697
-0.598286
1.36555
-0.625408
-0.309636
-0.0844535
0.812135
0.0390109
-0.78163
-0.491621
-0.329255
-0.739224
-0.86223
1.64008
0.746593
0.330874
-0.775869
-1.49211
-1.99032
-0.296034
0.161908
-0.106908
-0.491455
-0.461955
-0.741628
0.542983
-0.00853818
0.453401
-0.120798
-0.594327
1.29926
-1.15357
0.701083
2.08182
-0.824365
-0.0929111
0.0242527
-0.491854
0.208866
0.378433
-0.249487
-0.0767889
0.189572
0.136515
0.537348
0.62244
-0.527227
-0.718456
1.84893
0.633068
0.40792
0.429817
-0.843395
0.969893
0.111451
0.321223
-0.555754
0.324255
-0.468109
1.52827
-0.297225
-0.187439
-0.277924
-1.12709
0.390194
0.074412
0.929207
-1.29741
0.447071
0.299056
0.83667
0.172676
-0.335888
0.278367
0.207919
-0.581984
-0.385622
-0.49622
0.186975
-0.321564
0.927138
0.717625
0.882862
0.1071
-0.780115
-0.691681
0.103763
-0.698944
0.303635
-1.13806
0.742912
-1.06409
-0.739215
0.0529511
1.126
0.374032
0.369468
0.789629
-0.342932
0.0974304
1.24619
0.605731
0.57647
0.789525
-0.597089
-0.340761
-0.322002
0.112312
0.0890532
-0.35102
-1.36968
-0.592914
-0.267053
-0.0676737
0.454257
0.0413227
0.216953
0.499178
-0.998399
0.322911
0.460738
0.317334
0.450258
-0.0910719
1.38867
0.586169
-0.0666164
-0.676806
-0.628901
0.74732
0.778236
0.873574
0.715129
0.2642
0.756142
-0.0250919
0.998836
0.338519
1.24696
0.377278
0.192682
-0.101774
0.193992
1.00867
-0.663039
-0.0615661
-0.0297964
1.08232
0.194658
0.879732
1.02215
0.733094
0.0580057
0.333567
0.699715
0.793708
0.889396
-0.532113
-0.137439
-0.555247
0.379054
-0.538408
0.170337
0.462518
-0.661669
2.05477
-0.0236663
-0.0364116
-0.133584
-0.654908
0.546277
-0.197002
-0.597234
1.02049
0.105575
-0.459076
-0.457295
1.10072
0.222533
-0.326604
0.98739
-0.602701
-0.325766
0.143414
-0.114826
1.30134
0.611714
0.906731
0.401614
-0.106697
0.313101
0.926912
-0.0741092
-0.324865
0.156402
0.330052
-0.295198
-0.624178
-0.215406
0.252557
-0.468866
-0.228669
-0.735508
-0.641298
0.66909
-0.0618025
0.318871
-0.155388
-0.21676
-0.419929
0.687039
-0.721347
0.886009
-0.188422
-0.162729
0.697662
0.146757
0.0400468
-0.578001
-0.111529
-0.56053
0.324342
0.248274
-1.35956
-0.641468
0.0156352
1.6844
0.729834
0.541808
-0.481831
-0.439186
1.03238
0.410066
-0.511051
-0.538745
0.511547
-0.835641
-0.782675
-0.715207
-0.382825
-0.42441
-0.75307
0.722939
-0.600667
0.211214
0.288677
-1.13251
-1.43042
-0.192257
-0.721068
-1.23173
0.221681
-0.167698
0.0540256
-0.631332
0.407933
0.36914
0.636053
0.778608
-0.194877
0.36084
-0.0520865
0.278687
-0.367792
0.1282
-1.02002
0.0277395
-0.766215
-0.583953
-0.399337
-0.288723
0.338738
-0.703816
-0.438158
-0.201328
0.455583
-0.280337
-1.5664
1.05564
-0.690355
0.0853889
1.00383
0.255117
0.0157458
0.550095
-0.799099
-1.53745
-0.532352
0.331282
-0.310433
-0.746477
-0.0106652
-0.873524
-1.00846
0.928536
0.427376
0.258256
-0.528006
0.0157989
1.20397
-0.286816
-0.327799
0.845287
-0.229552
-0.357951
-0.10233
-0.356222
-0.69437
1.20327
-0.200504
1.2637
-0.242822
-1.60194
-0.0458944
-0.289951
0.281732
0.276828
0.288419
1.7529
0.791777
-0.87314
0.3475
-0.502997
0.181892
-0.892437
0.841192
-0.838998
-0.299794
-0.0465168
0.899907
0.283594
-0.0533772
-0.186162
0.129937
0.392764
6.45226e-05
0.30797
0.568108
-0.0154228
-0.225836
-0.379769
0.0446952
-0.49166
-0.0545137
1.20147
-0.0121093
1.09128
1.16812
-0.808795
0.361709
-0.403972
0.209999
0.770448
-0.0373403
0.19051
0.215041
0.929965
0.714822
-1.22584
-0.0311924
0.308756
0.0271293
0.517825
0.808033
-0.0529449
0.435123
-0.687478
1.079
-0.913522
-0.311159
0.0350117
0.0101294
-0.718956
1.1094
-0.52867
0.0832357
0.675374
0.672014
0.757579
-0.166234
0.851395
0.624781
0.201794
-0.656901
-0.377657
-0.715161
-1.05455
0.881687
0.338337
-0.96876
0.389219
-0.0393561
-0.038712
1.22376
0.500687
-0.0123049
-0.0851221
-0.35587
-0.971169
-0.511755
0.0939084
0.439078
-0.332953
1.22878
-0.520802
0.243554
-0.924259
-0.327248
0.0267279
0.240255
-0.208205
-0.200957
0.632921
0.697729
-0.463829
-0.605921
0.35058
0.132889
-0.376122
0.318007
0.0778881
0.122276
-1.16958
1.18546
0.0281929
-0.25987
-0.549808
1.04874
0.706742
-0.702378
-1.08686
0.545413
-0.887305
0.0359617
-0.518003
0.766847
-0.220547
0.683088
0.0155851
0.015695
-0.183753
-1.47543
-0.534044
0.426325
0.0670496
0.829827
-0.478385
0.51998
0.696391
-0.0408848
0.0266451
0.391291
1.39192
-0.316295
-0.149506
0.236266
0.0818793
0.111041
0.512232
-0.290755
-0.227919
-1.50629
-0.808141
0.391582
1.02796
0.101204
-0.261285
0.638131
0.429195
0.243401
1.1298
0.781977
-0.290445
-0.218942
0.326757
-0.372923
-0.020134
0.3793
1.12297
0.117417
-0.491009
0.299087
0.326962
-0.392944
-0.270371
0.137347
-0.229668
0.0143974
0.510761
-0.146923
0.525411
-0.670512
0.101433
-0.0151375
0.673383
-0.795586
-0.00769361
0.853698
1.12288
0.491788
0.435252
0.765839
0.147123
0.636946
-0.00611089
-0.46718
-0.0981715
-0.567426
0.433801
0.287651
1.11036
-0.624066
-0.605011
-0.323487
-0.296245
-1.04323
-0.148699
-0.396658
-0.849964
-0.253555
-0.123776
0.23803
0.440055
-0.572619
0.157124
0.311753
-0.916368
0.588239
-0.0915128
0.889353
0.170345
-0.0375881
-0.160607
0.00670967
-0.000952185
0.762735
0.350702
0.496411
-0.473381
0.0218405
-0.211892
0.0993869
0.553439
0.405614
-0.421687
0.398058
0.022012
0.110514
-0.08865
0.0659136
-0.371282
0.55999
-0.367235
-0.16079
-0.541205
-0.551759
0.132029
0.357449
-0.103843
-0.0500085
-0.692552
-0.29401
-0.285981
0.572963
-0.807277
0.0683335
0.349686
-0.395762
0.16486
0.192631
-0.51908
0.326715
-0.627222
0.391907
-0.0202393
-0.632605
-0.0521742
0.181118
-1.11245
-0.352333
-0.0535623
0.478442
-0.124795
-0.112311
-0.429038
-1.06875
0.234506
-0.221751
0.774281
0.256374
-0.211284
-0.195217
0.496435
0.216143
-1.35989
-0.123902
-0.286931
0.168178
0.0204536
0.508802
0.314116
-0.284205
-0.802294
1.12385
0.190121
-0.182067
-0.681491
-0.72584
-0.764743
-0.122785
0.565063
0.472426
-0.738431
0.561261
-0.0277345
0.417445
0.485164
-0.0433872
0.063165
-1.10724
-0.58389
-0.602922
-0.929087
-0.211201
0.255916
0.698038
0.436536
-0.043467
0.481071
0.276921
0.215294
0.00175615
-0.0234103
-0.0506283
0.971568
-0.724782
0.586534
0.095522
-0.228119
-0.071059
0.655472
-0.700373
-0.427204
0.0154995
1.27234
0.312896
-0.193029
0.272369
0.705673
-0.0108944
-0.192663
-0.657815
-1.17224
1.05629
0.497868
-0.620861
1.01335
0.79064
-0.256267
0.462708
0.00447646
-0.95983
-0.52581
0.212174
0.877819
-0.378211
0.735121
-0.624207
-0.243893
0.730878
-0.193028
0.889011
-0.413314
0.0489547
-0.416546
-0.23361
0.246039
-0.560962
0.169687
0.476895
-0.983476
-1.16785
-0.616603
0.649708
-0.938315
0.587437
0.116351
-0.232735
-0.0602529
-0.398752
-0.755324
-0.155246
1.7229
-0.246456
1.03689
0.184657
1.07312
-1.15529
1.71281
-1.12411
-0.608389
-0.395335
0.367272
0.404318
1.48448
-0.0184786
-0.0749391
-0.494093
-0.201236
0.473714
-0.13951
-0.463554
0.494331
-0.600301
0.701923
0.0729506
-0.420466
-0.562658
1.1251
-0.937164
-0.461779
0.951362
0.242635
0.180273
-0.00595863
0.451862
-0.0300912
0.287467
0.120309
-0.610613
-0.889359
-0.0313365
0.180954
-0.345127
1.07593
0.271599
0.350076
-0.105747
0.285683
-0.224433
0.268761
0.476834
-0.418446
0.824302
1.00276
-0.219194
0.104268
0.116798
0.906873
0.513402
-1.13942
0.291183
0.688504
0.677199
0.496542
0.777618
0.215725
0.459805
0.698263
-0.50328
-1.02552
0.00331594
-0.548378
0.0615121
-0.180514
-0.383794
0.19278
0.638254
0.0084766
0.185688
0.229211
-0.701047
-1.01677
0.640364
-0.22895
-0.450595
-0.128098
0.38326
0.738146
-0.291863
0.846636
1.2571
1.00034
-0.77917
-0.615451
0.471633
0.476326
0.239741
-0.40475
0.812791
-1.27223
-1.04858
0.984402
0.183825
0.055623
-0.158895
0.306698
0.524336
1.21115
-1.18839
0.109006
-0.182675
-0.36279
0.404402
1.51784
0.178712
0.470705
-0.359258
0.0131677
1.0166
-0.324846
0.337199
0.193067
-0.273127
-0.357919
-0.408567
-0.565503
-0.475379
-0.57092
0.074254
-0.543134
-0.824438
-0.729718
1.45817
-0.911216
-1.08463
0.631695
-0.28484
0.117941
-1.04666
-0.167722
-1.62808
0.43779
0.473098
-0.517055
-0.705726
-0.22513
0.515238
0.43787
0.604882
0.122472
0.703522
-0.157421
-0.045819
-0.0336878
-0.779121
-0.857423
-0.117897
-0.135159
-0.176746
0.390686
0.470039
0.734846
0.55852
0.214933
0.340931
0.44815
0.396883
-0.300692
-0.959083
-0.505668
0.704942
0.274014
0.695335
-0.290842
-0.0801588
-0.330488
0.638702
0.426372
-0.550976
-1.12611
0.560539
0.852247
0.308029
0.397574
0.351878
0.0856406
-0.504313
-0.225115
-0.82765
0.495374
-0.237863
0.711818
0.0753988
1.02285
-0.497689
-0.518724
1.00311
0.823404
0.372802
0.551757
0.0323174
0.674236
0.00102009
0.260264
0.366282
-0.559965
-1.07973
-0.469569
0.102373
-0.453411
0.153499
-0.815067
-1.48464
-0.152916
0.516445
0.649009
-1.24659
0.606084
0.315847
0.952767
-0.448954
0.546513
-0.0559408
0.586025
0.124262
0.35642
-1.38927
-1.16661
0.518562
0.557736
0.149234
-0.131583
0.499959
0.47633
0.368954
-0.0464536
0.0171295
0.110079
-0.15388
-0.198742
0.00878981
-0.544455
-0.249205
0.554441
1.21959
-0.41041
-0.188155
1.02901
0.7972
-0.280692
-0.756151
1.39945
0.902558
-0.103766
0.409018
-0.208134
-0.324224
-0.216248
-0.674923
0.342034
-0.170651
0.355879
-0.295639
-0.670162
-0.709896
0.0460095
-1.37669
0.244081
0.0178375
-0.141905
-0.482461
-0.615879
-0.0521384
0.901398
-0.00155573
0.180432
0.347776
-0.203795
-0.235751
0.866495
-0.503947
1.67326
-1.36402
0.403627
-0.751215
0.398956
0.362194
-0.0297463
-0.847032
0.683717
-0.759923
-0.804676
-0.532902
0.519631
-0.402921
-0.334318
0.132472
-0.0522088
-0.498517
0.0859141
0.488581
0.340799
0.0859301
0.860023
-0.0867115
-0.0125979
-0.512369
-0.668096
0.798002
-1.23515
0.265188
0.0821998
0.485646
0.373335
-1.16048
-0.567057
-0.0138156
0.818998
-0.102612
-0.27492
-0.452297
-0.604908
-0.0504399
0.379481
-0.338172
-1.29186
0.84873
0.452746
0.413148
-0.370336
0.212847
0.116429
0.514762
-0.525125
-1.19268
-0.232128
-0.672838
-0.145594
1.07265
-0.545757
0.128806
-0.362802
1.02139
0.0258975
-0.132996
0.270819
-0.725476
-0.13141
-0.190109
0.642948
-0.602737
0.286715
0.156516
0.0996624
-0.225603
1.19263
0.0448187
-1.51625
-1.03625
-0.156145
0.540303
-0.0939814
-0.383753
-0.133631
-0.0968159
-0.143993
0.679115
-0.771597
1.3191
-0.573545
-0.122766
0.480327
0.485453
-0.230993
0.148771
0.477518
-0.574488
-0.380403
-0.895786
-0.278403
-0.377019
-0.171506
0.145988
0.863438
-0.858576
-0.0204328
-0.882247
0.442725
0.0281748
1.13634
0.732532
0.114815
-1.57064
-0.626375
0.242087
-0.176564
0.1952
-0.0685104
-0.0288745
0.628657
0.478502
0.504586
0.238721
-0.855819
0.202279
0.874789
0.355531
0.722447
0.511316
0.938127
-0.535062
-0.120301
-0.180208
0.43788
-1.1264
0.173951
-0.108658
-0.347475
0.232423
0.137548
-0.196966
-1.58514
-0.272775
-1.16773
-0.632264
-0.820019
1.16667
0.798553
-0.169654
0.95959
-0.196766
0.145053
0.0801449
-0.979723
-0.241663
-1.02875
0.0760239
-0.0866465
-0.822639
0.170867
-0.365743
-0.545829
-0.547591
0.770215
0.556965
-1.22419
0.494478
-1.13069
-0.857737
0.719223
0.0593256
0.655279
-0.283952
-0.532388
-0.525924
0.964187
0.93396
0.3775
1.55406
-0.0219765
-0.4443
-0.565052
0.0977042
0.195278
0.4018
0.0306934
1.70108
0.431107
-0.109309
-0.477904
0.632608
-0.491148
-0.329759
-0.789009
-0.503775
-0.263427
0.334883
-0.240875
0.441636
0.0210344
0.638148
0.302613
-0.716919
-0.618705
0.89246
0.030541
-0.128023
-1.57294
-0.650027
0.998725
-0.349095
0.897689
0.338758
-0.23265
0.451777
-0.374299
0.383734
0.600567
-0.349799
-1.02721
0.818998
0.522484
1.18381
-0.327545
-0.358968
-0.0362069
-0.71915
-0.711415
0.0456776
0.189293
-0.318742
-0.538119
-0.492057
-0.484997
-0.890046
0.240742
0.803445
0.51719
-0.0169515
0.251581
-0.449583
0.281935
0.702152
0.0214942
-0.0493228
-0.451613
-0.202056
-1.77302
-0.625762
-1.19032
-0.878322
0.0783943
-0.305022
0.0187503
0.537367
0.875048
-0.02195
-0.315106
-0.507634
-0.125695
-1.36463
0.0498128
0.195826
0.333968
0.462048
0.620295
-0.698641
-0.380961
-0.147452
0.39438
0.824909
-0.21726
0.804522
-0.0896972
0.928841
-0.547333
-0.310492
0.0894471
0.511379
0.0250867
1.39189
-1.01596
0.133583
0.380579
0.125145
-0.162872
-0.253226
-0.231204
-1.10659
-0.26287
-0.410063
0.238836
-0.425447
-0.274046
-0.174798
-0.479053
-0.546849
-0.193997
-0.350437
-0.433106
0.526854
0.067568
-1.18288
0.0949609
-1.58263
0.252526
-0.179619
0.289407
0.187589
-0.167228
-0.844894
0.517824
0.389011
0.142441
0.426116
0.0401121
0.373975
0.010649
-0.311852
-0.234846
0.115521
-0.362323
0.0442321
-0.162105
0.411068
0.563197
-1.4699
0.124064
-0.205753
-0.61356
0.793181
0.163425
-0.685923
1.12082
0.168849
-0.213502
-0.153985
0.777884
0.0388888
-0.289688
0.11573
0.963493
-1.05726
1.40471
-0.620525
-0.712745
0.655343
-0.887897
-1.16115
0.728741
-0.752372
-0.256654
-0.00700395
-0.401184
-0.80116
0.680725
-0.271008
0.822244
-0.0520755
-0.541858
-0.354838
0.373618
0.74169
-0.136817
0.360918
0.749502
0.513941
-0.345791
-0.435168
-0.985056
0.0838587
-0.457422
0.0290634
0.163991
-0.417749
0.264599
0.0211166
0.148697
-1.18136
-0.528957
0.141731
-0.215406
-0.767698
-0.695379
-1.30669
0.7056
-0.970988
0.161786
-0.0782216
0.991891
-0.313146
1.38201
0.280148
0.891256
-0.531319
0.574156
0.346566
0.439348
-0.124931
0.0561547
0.569979
0.521569
-0.774769
0.0498159
-1.20202
1.03291
-1.37136
1.24865
-1.56661
-0.334849
0.517886
0.836714
0.0362696
-0.537849
-0.553575
-0.617786
0.731493
-0.234456
-0.410503
-0.680135
0.991952
0.031536
0.11312
-0.153726
-0.851907
0.283918
0.460225
0.00263143
-0.220764
-0.224893
0.23733
0.672744
-0.544826
-0.0546561
1.16551
0.369314
0.795859
0.612667
-0.209306
0.0164784
-0.517758
-0.533756
0.381003
0.238367
0.17012
0.0259891
0.122356
0.829344
0.594496
-1.26227
0.0395787
-0.60993
-1.18838
-0.173357
0.888648
0.654041
0.0485836
0.385541
0.499836
0.124447
0.547316
0.703966
0.399884
0.968113
0.799821
-0.643586
-0.510219
-0.163954
-0.549201
0.84889
-0.388149
-0.290089
0.76469
-0.547105
-0.271365
0.226375
-1.46275
-0.0186603
-1.48247
1.09085
-0.324541
1.53278
-0.0124297
0.306114
0.315391
-1.19615
-0.270348
0.257082
0.807777
-1.28437
-0.997268
0.489808
0.21515
0.104499
-0.571195
0.17525
-0.365428
-1.08565
0.0801285
0.356108
0.0540959
-1.1113
0.117429
-0.701306
-0.163512
0.312115
1.05801
-1.21074
-0.905392
-0.253707
-0.338995
-0.0677907
-0.839808
-0.968138
-0.315384
-0.572755
-0.366816
0.630566
-0.218597
0.522015
-0.198839
0.109859
-0.808183
0.344203
0.413677
-0.719337
0.425953
-0.904664
0.503391
0.0350756
0.209914
0.251175
-0.775107
1.16673
-0.272752
0.328617
-0.390812
1.19207
0.829861
-0.659214
-0.460851
1.32765
0.816335
-0.234604
0.848998
0.854346
-0.800788
-0.458521
-0.655532
0.982593
0.620413
0.621084
-0.270612
1.33744
-1.12946
-0.491084
0.582485
1.46361
0.80096
-0.122947
0.124666
0.999435
-0.450875
0.904538
0.0439043
-0.688494
-0.182289
0.653228
-0.603688
-0.586513
-0.561119
-1.00426
-1.13709
0.427277
-0.963395
-0.679329
0.682628
-0.435736
0.211063
-0.0830794
-0.627501
-0.705192
1.24253
0.461554
-0.76349
0.735997
0.231136
-0.316115
0.214955
0.453241
0.244595
0.209374
-0.56669
0.988074
0.433692
0.195229
0.63467
0.0148147
0.138077
-0.305571
0.138775
1.34759
-1.45222
0.318124
0.164339
0.41001
-0.6878
1.18626
0.782626
0.559793
-0.16148
-0.100059
-0.698937
1.756
-0.0482523
-1.56419
-0.00598059
-0.0781143
-0.816491
0.567413
0.559148
0.292767
-0.843964
0.451187
-0.119063
0.813343
0.336618
0.324022
-0.40027
-0.229182
-0.536067
0.425086
-1.32922
0.10964
-1.23253
-0.479366
-0.611908
0.534464
-1.39647
-0.166423
0.378127
-0.755282
0.830364
-0.474485
-0.119541
-0.392996
-0.363083
-0.54308
-0.266279
0.00549276
-0.733737
-1.20917
-0.169791
0.90605
1.16432
-0.497615
0.751854
-0.944164
0.191885
0.194501
0.679221
-0.382838
0.0331021
0.620227
0.887343
-0.0453638
-1.13669
-0.10319
-0.365555
-0.0759706
0.100092
0.383326
-0.327963
-0.274798
0.144689
0.635205
0.0421194
0.128315
-0.832627
0.324911
-0.211107
-0.0926465
-0.0545723
-0.226963
-1.05467
-0.501304
-1.55365
0.436516
0.134853
-0.540265
-1.33937
0.832128
1.23631
-0.243968
0.662307
-0.66056
-0.605745
1.27816
-0.497694
-1.98034
-0.81997
-0.0796224
-0.415522
-0.478735
0.337634
-0.437044
0.373455
1.31648
-0.713372
-0.0536846
0.0923378
-0.268752
-0.399462
-0.780443
0.110202
0.340857
0.333059
-1.15928
0.812305
-0.751933
1.37262
0.854392
1.25624
-0.282866
0.63027
0.564246
0.0187078
0.942755
0.227016
-0.165608
-0.0887144
1.12613
0.168136
-0.517259
-0.394032
-0.929678
-0.571744
0.0314514
-0.331837
-0.156498
0.282676
-0.146313
0.8273
0.488005
-1.00134
-0.223974
-0.1345
-0.140375
0.375049
1.24921
-0.624478
-0.442402
-0.366046
-0.27971
0.197063
1.08818
-0.905148
-0.0875202
0.334069
0.137229
0.427946
0.0953132
-0.00124301
-0.701259
-0.494135
-0.0604353
0.0669556
1.26649
0.253994
-0.161571
-0.735496
1.28434
0.457907
0.240515
-0.760391
-0.846588
-0.0757416
0.127567
-0.674877
1.02381
-0.375441
-1.08929
-0.848846
-0.332704
0.3988
-0.134859
-0.207897
0.363504
-0.834007
1.24154
0.939431
-0.157898
-0.188205
-0.0656237
-1.48019
0.848175
-0.391645
-1.12581
-0.369393
0.613628
-0.633436
-0.440123
-1.21803
1.33643
0.265008
0.468012
-1.21658
-0.669071
-0.0990275
-0.0939957
-0.0736277
0.217647
0.547254
0.575765
0.376478
0.135983
-0.200908
-0.0264555
0.50802
-0.570713
0.0074249
-1.62744
-0.207105
0.278057
-0.318664
-0.224835
-0.0735383
0.258069
0.083818
0.0031382
-0.837425
-0.0161152
-0.873792
0.231654
-0.389213
1.93348
0.409359
-0.211119
0.870799
-0.649674
-0.371729
-0.272459
0.978219
0.323377
-0.429061
-0.0330564
-0.218077
-1.09834
0.0517325
-0.478777
0.712014
0.318001
-0.251267
-0.120073
-0.461759
1.42774
1.03051
-0.577395
-0.359404
0.0395849
-0.847379
-1.6128
0.0397931
-0.0560379
