-0.127438
0.0842362
-0.131439
1.05352
0.973417
0.11037
0.902939
-0.446619
-1.2596
0.0462273
1.48316
-0.67042
-0.155752
0.48994
-0.575121
-1.56988
-1.38998
-0.343984
0.181566
-1.82074
0.274899
-0.417324
1.61684
0.66251
0.82643
-0.43389
0.742872
-0.796544
-0.82096
-0.482313
-0.360805
-2.38825
-1.33815
-2.66305
-0.677033
0.970295
0.195058
1.25658
-1.03415
0.0986588
-1.07809
-0.324335
0.409509
-1.00151
1.36522
-0.454637
-0.174308
-1.04092
0.122851
-0.82968
0.346473
0.0181836
0.699488
-1.46753
1.1415
-0.11748
1.08259
0.101179
-1.624
-0.0269453
-1.48511
0.35174
0.386253
-1.14987
-0.582946
0.825871
-1.23107
0.0162691
-0.356011
0.718805
0.660961
0.542628
-0.342868
-0.278082
-0.316377
-0.262121
-0.208236
-0.485336
1.35444
-1.15023
-0.445295
-0.281157
-0.401235
0.308018
-0.129902
-0.0501041
0.0256032
1.98472
-0.154858
-0.739557
0.410818
0.339369
-0.000171993
-0.396768
0.603983
-0.271725
-0.0999721
-0.821635
-1.68206
0.0413893
-0.317151
-0.581303
0.928133
0.624087
0.913554
-0.154684
1.55205
-0.728083
0.416145
-0.949092
0.791705
-0.349148
-0.468907
0.429042
-0.274414
-1.88944
-0.304908
1.54166
0.175678
0.0748662
0.577265
0.0877328
-1.41163
0.552408
-0.476009
0.352463
-0.973445
0.0765551
-0.963915
-0.899692
-0.834935
-0.958156
0.0051573
0.0228736
-0.596334
0.178393
-1.25265
0.707137
-0.0616305
0.937494
-0.0687551
0.304582
1.70332
-0.655053
-0.947028
-0.243015
0.395431
0.493534
-1.91568
0.648657
0.440847
-0.0833285
1.03465
0.642297
0.119746
-1.97541
1.08771
0.689171
-0.242152
1.46039
-0.144017
-1.1372
-0.169351
-1.31334
1.73876
-1.72536
-0.810137
-1.53833
-1.23849
0.236348
0.0259078
0.837157
1.08485
-1.38904
0.962027
-1.7445
-0.00827421
0.630332
0.858578
-0.856248
-0.135387
-0.453356
-0.697815
1.62858
1.17351
-0.379348
-0.157682
-0.125317
0.0594293
0.0280017
-0.680131
-0.942996
0.903266
-0.752665
-1.08369
-0.736207
-0.529027
0.0368261
-0.139391
0.698981
0.559602
0.431904
1.08218
-0.135994
0.173728
-1.00637
1.00733
0.649045
-0.135762
-0.675625
0.251146
-0.170978
0.737281
1.51481
0.93576
0.329839
-0.946789
-0.745344
0.151661
-0.0498126
-0.596861
0.129495
-0.312059
-1.90276
-0.570678
1.24028
-1.60133
0.045359
-0.696271
0.547397
0.127903
0.425949
-0.390712
0.145997
0.354143
-0.495155
0.098952
1.52335
-2.15002
-0.900918
1.21762
-1.28328
0.978457
0.0939642
1.33414
-0.182394
-0.868455
1.98906
-1.04888
0.750295
-0.719163
0.709026
1.28337
-0.566511
-2.103
-1.53194
0.696387
-0.96485
0.398972
0.87438
-0.535284
0.181983
1.51417
0.0479568
0.413148
0.640699
-0.293071
-1.18909
-0.768271
-0.362376
1.77553
0.19955
1.24366
-1.14096
-0.982833
-0.525747
-0.0358417
-1.49997
0.0561304
-1.68589
-1.49487
1.28339
0.632828
0.856311
-0.092635
0.695268
-0.799585
-0.462018
0.83581
1.3412
-1.18578
-0.112274
0.724242
-0.926218
0.602824
-0.543898
-0.119631
0.728671
-0.408504
0.266655
-0.0895031
-0.902446
0.518054
1.32737
0.170551
0.050019
-0.216798
0.0569525
-0.904929
0.294271
1.29146
-0.754379
1.00789
1.25434
0.639766
-1.12549
-0.304297
-0.669696
-0.91241
-1.85596
0.827183
-0.842518
0.425331
-0.684522
0.22593
-1.26981
-0.447759
0.559559
-0.424288
-0.249915
0.808887
-0.031316
-0.261105
-0.680282
1.88307
0.0870723
-0.878555
-0.401689
0.503176
-0.776828
-0.463295
0.675389
-1.70716
0.970873
1.05912
0.84401
-0.466818
0.35068
-1.05185
0.667669
-0.165215
-0.0880345
0.676694
1.27448
-0.731486
2.04571
0.515627
0.871655
-0.630502
1.32534
-0.700465
-1.57201
0.7404
1.09722
-0.97888
-0.729614
-0.591955
-2.8683
-0.624321
-0.525165
-0.106695
0.419567
-0.490046
-0.244503
0.126411
-0.166725
0.573911
1.82024
-0.579606
-0.0199896
0.559144
0.881156
-0.380295
0.148887
0.446867
-0.0905847
-0.0189548
0.391273
0.453084
-0.162071
-0.472668
0.208136
1.21329
1.59994
-0.293533
2.15776
-0.26616
0.914089
-1.86776
0.210021
1.02067
0.346175
-0.355859
0.95985
0.303134
0.378403
0.243854
-0.257239
0.0394579
-0.94551
-0.385262
-0.0401399
1.43454
-0.113911
-0.455828
-0.943202
-1.17639
-1.31714
0.429948
1.31579
1.02154
-0.46749
-0.417043
-0.731952
1.47607
1.88892
-0.647071
0.210476
-0.253813
-0.662143
-0.959649
0.465944
0.487136
0.621875
-1.82471
-0.0245026
-0.123603
-0.576187
-0.76163
0.400346
0.574334
1.19706
0.0846336
1.08436
0.495673
-0.747202
-0.5572
-0.00261557
-0.682457
-0.58125
0.752791
-1.2649
-0.842011
-0.0492981
-0.734532
1.06439
0.347759
0.527097
-0.612423
-0.699071
-1.00536
0.747414
-0.542541
-0.0290446
-0.608161
-0.463638
0.432502
0.326079
-1.12176
1.23966
0.37511
-1.31032
-0.201118
0.836812
-0.218582
1.28223
-0.322116
0.147632
0.611189
-0.125414
0.502141
-0.0180621
-1.05732
-0.64652
-0.22349
-0.387543
-0.658236
0.551524
0.435266
-0.818391
0.526641
0.490983
0.873357
0.145233
0.333624
0.178253
-1.25594
-0.363503
-0.793078
1.26157
0.119677
0.803521
0.959444
-0.11988
-0.419676
-0.162892
1.74039
-1.86565
1.51433
0.296439
-1.70752
-0.248378
0.289853
0.551008
0.102079
-2.39224
-0.868724
-0.67133
-0.706603
-0.250585
-0.916983
1.39814
-0.698373
-0.137713
-0.614236
0.717257
0.996725
-1.5085
-1.30793
0.635771
1.22022
-0.418974
0.472669
-0.0652462
-0.0544929
0.474089
-1.02379
0.42337
1.38712
-1.73821
-0.801152
0.285969
0.392284
-0.295244
0.172445
-0.405193
-1.39946
-1.13299
0.822087
0.683191
1.26873
1.26487
-0.301973
-1.3623
1.98383
-0.423851
-0.854074
-1.58742
-0.963361
1.49728
0.326601
0.560471
-1.85428
1.12775
-0.0689654
0.773355
0.425234
0.225381
0.206257
-0.708589
0.110438
-0.642643
0.00329919
1.99237
-1.23204
-0.105047
0.191812
0.898376
1.27498
-1.94991
-0.654122
0.00167469
-0.604286
1.40878
-0.677711
0.584242
-0.400933
-0.309658
0.804108
-1.41363
-0.768892
-0.0116766
-0.826716
-0.340324
-0.539187
0.0848223
-0.515805
-1.47142
1.01658
-1.13366
0.73404
0.840234
-0.364433
-0.208074
1.96869
0.582023
-0.026444
-1.7781
0.624593
-0.228746
-0.0353763
-0.0193791
0.15169
0.486996
-1.13937
0.17435
1.03813
-0.0809266
1.45677
0.313427
-1.06669
0.206942
-1.50283
-2.05073
0.803018
-0.106356
1.42309
-0.95428
1.0029
-1.75874
0.659187
0.19329
-0.093007
-0.416059
0.185268
0.679721
-0.219558
0.761595
-0.0244744
0.531091
-0.127094
1.1877
-0.756477
0.788412
-0.116305
0.674986
-0.453278
-0.735538
0.717306
0.340582
0.605881
-2.64101
0.363723
-0.511326
-0.959265
-0.0094965
-0.588906
0.641559
0.235454
-0.413417
0.0760591
-0.52136
0.586069
0.239341
-0.45381
0.645671
-1.28442
-0.0219056
-0.689614
0.145284
0.86902
-0.218992
-2.01196
0.688697
-1.19473
-0.411544
-0.798487
-0.623503
-0.397557
1.46805
0.141021
-0.352274
-2.389
1.41031
-0.966274
0.774068
1.36923
-1.78179
-1.83855
-1.13829
-1.76382
0.285773
1.52946
-0.149313
-0.485323
-1.02186
-0.632478
0.461412
0.468266
0.787535
0.174695
-0.370002
0.664407
1.75167
0.0422161
0.184467
0.697712
0.323062
-0.499318
0.610006
0.330478
-0.0994608
0.0966171
-0.238003
-0.317428
1.10168
-0.389577
0.774477
0.896661
-0.846499
-0.580354
-1.52951
-1.85223
1.14138
0.970372
-1.78023
-0.994066
0.0758803
0.388077
0.469299
-0.157676
0.511723
-2.72988
0.602438
-0.226496
-0.210502
1.05118
-1.45074
0.44506
0.622638
0.564847
-0.248705
0.680863
-2.10743
-0.493969
0.0249455
-0.173541
-0.142311
0.507209
0.613055
-1.09216
-0.641351
0.705656
-1.33233
0.557331
0.949284
-0.894946
0.116578
1.02319
-2.22788
-0.333699
-1.05214
0.321764
1.17177
-0.112658
1.49792
-1.67197
0.210084
-0.195517
-0.90243
1.80089
0.306361
-0.947258
0.962742
-0.438574
0.133429
2.05088
0.379783
0.389344
0.432399
-0.481658
-1.12166
1.63316
-0.17791
0.320334
0.0870766
0.403313
1.76211
-0.744428
0.353574
-0.124665
0.167631
-1.79955
0.962283
-0.0561404
0.242858
-0.0754797
1.02099
0.80292
-1.19735
-0.243247
-0.0919342
-0.115284
0.334648
0.0715078
-0.0353096
0.494606
-2.84041
0.511894
-1.7251
-0.480804
0.106333
1.03306
-0.165915
0.526701
0.955054
0.439759
0.552749
-0.0861241
-0.294017
-0.671424
-0.0295539
-1.49472
0.671579
0.547947
-0.0235315
-0.0303966
-0.160206
-0.0256027
0.743811
-0.212866
-2.3769
-0.491997
-1.39496
0.155867
-1.3656
0.89971
-1.01049
-0.784709
-0.630312
0.561744
1.88149
-0.235791
-0.977914
-0.136449
0.315122
0.373434
-0.431
-1.04326
-0.788055
0.0400455
0.0446822
0.254115
-0.579223
-1.07382
1.39364
-0.0395168
0.273443
0.0242649
0.931863
-1.94282
-0.341959
0.129406
-0.374755
-0.525331
-0.25567
0.676164
1.22125
0.02025
0.766846
-0.918234
-0.521896
0.619845
-0.978932
0.225992
0.283608
0.705547
0.43473
0.258837
-0.36734
-0.0306485
1.38047
0.662742
-0.42843
-0.88663
1.26793
0.689945
0.85731
0.780745
0.948071
-0.162674
-0.419832
0.525891
-1.64596
0.0519468
-0.594682
-0.538885
1.26203
-0.458134
0.695154
-0.0903691
0.211909
0.59111
0.758563
0.304539
1.80034
-1.75195
0.529688
-0.15504
-0.175171
0.0301306
-0.494808
0.367421
-0.537931
1.18556
-0.867376
-0.238012
-0.10244
0.884862
1.95356
-0.497216
-0.193907
-0.105841
0.546468
-0.450894
-1.05115
-0.239416
-0.609794
-1.22451
-0.865088
-0.227645
-0.562096
1.0003
-0.456942
1.07928
1.02854
0.0610096
-0.867317
-0.547441
0.252912
-1.01463
-0.978007
-1.06735
-0.206408
-0.77857
0.239934
-0.760658
-1.47851
0.0461645
1.06299
0.376511
1.05077
-0.115214
-0.78219
1.3138
-0.488137
-0.851925
-0.319015
-0.756922
0.988138
-1.1604
-0.212845
0.055427
1.04128
1.32244
-0.87538
0.107216
1.81481
-0.104207
-0.361921
0.656272
0.365519
-0.0315893
-0.0897847
-0.250289
1.04568
0.0459359
-0.707793
0.497388
0.761833
0.252774
-0.349737
1.06425
-2.25563
-1.04547
-1.98458
-0.203709
2.12449
0.253245
2.67903
-0.299933
0.487191
-0.456053
1.02489
1.89245
0.391608
-0.505084
0.832755
-0.287696
-0.0221954
0.922282
1.25829
0.0970859
-0.928413
-0.747505
0.563095
0.462846
1.04879
-0.81909
0.139284
-0.829678
-0.0136496
0.00883687
-0.899131
-0.287171
0.563389
-0.900881
0.863903
0.416957
1.19607
0.126042
-1.79942
0.088704
-0.309673
0.485543
-0.202442
-1.9746
0.368115
-0.734981
-0.0672572
0.767801
0.488016
1.05063
0.24136
-0.827717
-1.90728
-2.63658
0.124927
0.196624
-1.6982
1.09221
1.04954
0.721962
0.271743
1.63669
-0.574148
-1.96831
0.269008
0.711046
-0.75235
1.2638
-0.291455
1.57499
-0.571643
-0.538461
0.0834931
0.431954
-0.426081
-0.592498
-0.895536
0.382212
-0.342649
-1.2119
1.0465
0.247676
-0.899754
1.55
1.20643
-0.672997
0.0501127
0.558115
-0.954735
0.162924
0.0155872
1.78259
-0.639555
0.963653
-0.0911502
-0.130493
-0.787732
2.36945
0.158488
-1.62703
-1.71877
0.205556
-0.6782
0.734529
-1.09253
1.19247
1.0772
0.266778
-0.83887
-0.276562
0.0351114
-2.29499
0.985666
0.142215
0.0166738
-0.026806
0.136997
0.0799783
0.410592
0.654821
0.858132
0.408799
1.25145
-0.794607
0.637307
-0.202789
0.646315
-0.899148
-0.27269
0.706894
-1.65304
-1.6108
-0.436458
-0.754506
-0.250628
-1.50476
-1.1761
-1.53564
-0.749508
0.419345
-1.26823
-1.26381
-0.541894
-0.807843
-1.27307
-0.80013
0.2755
-0.965614
1.85953
0.406459
-0.219634
-2.00395
0.115503
0.0665099
-1.58742
-0.262835
-0.361524
-0.452237
-0.247045
-0.193324
-0.179282
-1.11378
-0.273601
-0.504098
-0.617994
-0.785003
0.050369
0.734684
-0.540858
-1.1892
0.0174036
-1.43528
0.794721
-0.283538
-0.707899
0.334215
-0.792075
-0.210412
-0.0988768
-0.0177109
1.02159
0.00466476
0.940859
1.20718
-0.431032
1.43125
-2.61302
0.263065
1.63451
1.12273
2.78183
-0.346233
-0.494988
0.666483
0.225688
1.00728
-0.401906
0.447037
0.597738
0.34942
1.90312
0.693591
0.324519
-0.105286
0.388765
1.24038
1.89457
0.619405
0.0274271
-0.141606
-1.49887
-0.493807
0.440897
1.29107
-0.471105
1.78883
0.500133
-1.67606
-0.127
-0.576187
0.192394
0.28627
0.895726
-0.224962
0.740966
-1.64113
0.0155362
-0.094076
-0.374037
-0.723375
-0.0163021
0.728403
0.220334
-0.295016
0.168768
-0.0122184
0.368286
-1.77996
-1.23002
-0.981897
1.10147
-1.89649
-0.659836
-0.216912
0.906923
0.070868
-1.60195
1.28493
2.24229
0.00897603
-1.11326
-1.3549
-1.06626
0.784427
-1.00853
-0.26005
-1.13938
0.486877
-0.181262
-0.330237
-1.08905
-0.975663
-0.380318
0.538097
0.200511
-0.452093
-0.696198
-0.0594941
0.640388
-1.48836
0.72326
0.2462
0.0988119
-0.831684
0.624802
0.0654235
-0.758709
-1.5501
1.47879
-0.77242
-0.509059
-0.475446
-1.59876
-0.398443
1.2185
-0.126753
0.147362
-1.19146
0.930275
1.17795
0.168346
0.0298991
-1.48524
1.25538
-0.348194
-1.50827
-0.497097
1.40248
-1.10185
0.221509
0.554828
0.206747
0.23663
0.342634
0.514196
0.904092
-0.692216
1.87032
0.400708
0.794068
-0.517049
-0.932174
-0.828194
0.699858
0.164151
-0.247946
0.191698
-0.425512
-0.864562
-0.659288
1.84011
0.783884
1.02412
-0.615665
-1.28296
-0.267494
0.402236
0.842804
-0.995869
0.00610142
1.26567
1.44908
0.510608
-0.194534
0.988079
-0.272624
0.585195
-1.21952
-0.73474
0.158336
-0.237197
0.405675
-0.469199
0.0543916
-1.16662
0.902276
-0.50315
0.58606
-0.162408
-1.90865
-0.470172
-0.470359
-2.24491
-0.633001
-0.257649
-0.554243
0.626165
0.726889
-0.643935
-1.07179
0.555886
-2.05804
-0.0533692
-1.55742
-0.140861
-0.0152814
-0.0854861
1.2558
-1.40675
-0.263474
-1.03226
1.515
-0.270925
0.298378
-0.425679
0.243999
0.741646
-1.33449
-1.20101
-0.451721
1.0075
0.305947
0.0389793
-1.11004
1.07575
-1.10968
-0.805368
1.47284
0.475584
-0.0169113
-0.303344
-0.526153
0.569301
2.29443
-1.29502
-0.660761
-0.78344
0.563099
-1.69985
-0.0467504
-0.452362
-0.756335
0.335351
1.56574
-0.939875
1.06463
0.494319
0.721672
-0.638363
-0.31555
0.0249861
-0.339776
-0.612745
1.0703
-1.2122
-0.611571
1.4476
-0.00445572
0.23185
2.64373
1.20186
-1.35207
-0.255629
-0.0656999
0.387788
0.682232
-0.231162
1.84721
0.793082
0.806279
0.151598
-1.53261
-1.17902
-0.419127
-0.967872
1.06555
-0.262492
0.15219
-0.622004
-0.864044
2.19437
0.185533
-1.56791
-0.971096
-1.27551
0.292467
1.57564
0.766135
-0.808164
-1.06674
-0.493215
-0.219845
-0.816719
-0.838293
-0.422593
1.29612
0.446959
0.906983
-1.74823
-0.934401
0.13782
0.284468
-0.0354369
0.941389
0.249696
-0.453389
1.35333
-0.779074
0.113807
0.289801
0.802534
0.560113
0.373528
0.353339
-0.189942
0.81842
-1.22649
-0.44394
-0.746795
2.17007
0.681422
1.43339
0.794084
-0.560033
1.17325
-1.55765
-0.383463
0.112673
-1.02059
-0.642932
-0.272439
0.399938
0.355807
-2.18146
-1.026
1.17203
-1.18076
-0.272465
1.3426
-0.509951
0.259317
-1.87952
0.245085
-1.54288
0.399804
-0.191439
0.383164
-0.385797
-0.631727
-0.252202
0.116592
0.851788
1.72632
-0.185761
0.590348
-0.524392
0.384812
0.0575943
0.178571
1.66611
-0.393313
-0.877687
-1.25224
0.218441
0.640922
-1.25983
-0.306528
-0.610227
1.38342
1.10981
0.409153
-1.15823
-1.10849
-1.44424
0.365715
-2.376
1.29415
0.0320419
1.98868
-0.84684
1.79047
-0.105462
-0.103974
0.647461
1.15031
0.264716
-0.627025
-0.95066
-1.19136
1.32539
1.43708
0.0473215
0.362127
-1.10364
-0.943173
-1.05312
0.159581
-0.768229
0.174573
-1.4833
-1.00384
1.4331
2.37077
-0.154131
-0.158203
0.189717
-0.392116
0.760148
1.81319
-1.11611
0.723715
0.63001
0.0427265
-0.404546
-1.08303
0.128226
0.669904
1.16497
0.570698
-1.32915
0.289445
-0.738264
-0.245302
-1.04065
-0.17132
0.484153
0.835798
-0.973097
1.14707
-1.3686
0.86171
-0.418236
0.477529
-0.539053
1.64807
-0.747467
0.431738
0.508937
2.44765
0.173337
0.517666
0.796869
-0.690295
0.436544
-1.87319
-1.5924
-0.707089
0.124068
-1.45778
0.426676
-1.3802
-0.254282
2.1283
-0.186939
-0.156
1.12973
-0.262147
0.542336
-0.373668
-0.91707
0.919189
-0.254796
-0.314637
-1.1812
1.50211
-0.453173
-0.390479
-1.24309
0.491097
1.23613
0.0323879
0.382233
-0.296557
-0.195957
0.845096
0.893564
-0.174404
0.202159
0.13607
-1.15928
-0.963555
1.05337
-1.13723
-0.729142
-0.0125141
0.473293
1.1908
-0.796779
-1.27445
0.532393
-0.782477
0.547292
1.10782
-0.999809
-0.174383
-1.13989
-0.86124
-1.89069
-0.0804068
0.840726
-2.03432
1.30006
-0.476753
1.24793
-2.7358
0.540404
-0.299853
-0.34913
-0.0638153
-0.534293
0.284966
0.0368307
1.13941
-0.646075
0.0439015
0.265667
0.162613
-1.38558
-1.35356
-1.59752
-0.0512148
0.0216288
0.804453
0.163048
0.00543237
0.439438
0.380823
0.346609
-0.319544
-1.64166
-0.0351997
-0.254842
-0.0783502
-0.173415
-0.274872
1.59974
1.44661
-1.79974
-0.20595
-0.832284
0.532778
0.895486
1.75142
0.346359
-0.713699
-0.619076
-0.642125
-2.17001
-0.414965
1.26806
2.40424
-0.308595
0.0933525
0.4229
0.81246
0.286869
0.0936147
1.63621
-1.40774
-0.194681
1.42668
-0.220309
-0.310709
0.39516
-0.17797
-0.290481
0.42252
-0.561117
0.0476651
1.23229
1.11374
1.05623
-1.42636
0.399932
0.912689
0.320644
0.0447639
-0.582011
-1.40176
-0.639515
-0.750424
-0.0679515
1.82943
-1.58244
0.210355
1.93243
0.171646
0.703827
-0.396492
0.257979
1.5581
-1.37012
-1.88633
-1.44638
-0.114699
0.0596714
0.0566116
-0.282537
0.395272
-0.605547
1.67553
-1.62522
-1.79615
0.245569
-1.55426
0.0913384
-1.10844
-0.282719
-0.702724
0.869409
-0.784777
0.251318
-1.65929
-0.140964
0.0543738
-0.34938
-2.45986
1.74125
0.371088
-0.494757
0.171279
0.421043
0.942508
0.636682
1.14105
-2.19133
0.00923441
-0.45104
-0.799496
-1.56894
-0.130183
0.828459
-0.249288
1.11328
0.159467
-1.66035
1.18723
0.218466
0.419709
1.50146
0.993014
0.853625
1.10306
-0.440104
-0.922254
0.0546931
2.61155
0.375817
0.394668
0.211066
-1.69811
-0.464645
-0.635198
-0.658778
-1.38734
-0.337235
-0.323944
-0.311684
0.584296
-0.294172
-0.651624
-0.476717
-0.315487
-0.388996
-0.271641
-0.335159
-0.614525
-0.67641
-1.05748
0.717723
0.702344
-1.23593
0.498168
-0.750387
2.07183
-1.59552
0.00408179
-0.372314
0.990634
1.24946
0.756444
-1.17842
-1.26615
0.241041
-0.459075
-0.366589
-0.0141997
0.412434
1.43469
-0.904703
-0.322122
0.467781
-1.55989
0.903004
-0.0165022
0.759479
0.189924
-0.611304
-1.50052
1.01833
-0.582032
-0.249555
-0.57288
0.522718
0.0555958
-0.343196
-0.00176962
-0.535776
1.25435
0.324359
-1.02699
0.835401
-1.26124
-0.711174
-0.0784348
-1.72193
-0.146889
0.0620367
-1.25954
0.129383
-1.47134
0.527771
0.452913
-0.584657
0.705977
0.72607
-1.17018
0.595896
0.0823896
0.833336
-1.04589
1.16913
0.403039
0.294485
1.84079
0.10067
-0.625043
-0.136955
-0.274959
-0.663333
1.20329
-2.04263
-0.497013
0.760266
-0.108541
-1.21711
-0.384488
1.26126
0.444133
-0.133186
-0.359421
0.940924
0.268764
-0.57641
0.15721
-1.96094
-0.612115
0.199478
-1.64884
-1.3607
-0.0796042
-0.652343
0.451076
-0.361069
-0.593325
-0.334054
-2.17029
1.48782
0.314523
1.2051
0.443992
-0.435722
1.2978
-1.37255
-2.10817
0.444982
1.21913
-1.04661
-1.57239
-0.171913
0.600494
-0.979601
-0.35039
0.552023
0.610338
-0.532258
0.708851
0.577821
1.75792
2.33075
-0.629095
0.0297742
-1.20086
-0.426568
-0.317664
-0.283927
0.389652
0.976324
0.836712
-0.275932
-1.11875
-0.829934
1.29546
0.450741
-0.668075
0.534818
0.0483394
0.00610596
0.494001
-1.97858
-0.42727
1.39341
0.498689
1.46738
0.622622
1.30736
-1.47008
0.244294
-0.880723
0.021011
1.21965
-0.176027
0.583773
-0.952473
-0.0677539
0.645692
-0.646473
0.712331
-0.388476
0.545872
0.780658
-0.956222
0.871641
-0.864277
0.0461426
0.605736
-0.0452763
-0.174319
-0.0911472
-0.0947027
1.27734
-0.285105
1.25414
1.24358
0.344515
0.313897
-0.20954
1.29937
0.675404
-1.12765
-0.641857
-0.276848
0.583557
-0.149249
1.20162
-0.247143
1.59329
0.961665
-0.933329
0.37025
1.91211
-0.0969303
-0.952507
-1.35753
0.21552
1.01496
-0.450567
1.70534
-1.09084
1.41357
-1.52099
0.791378
-2.0567
-0.51344
-0.0561348
-1.71173
0.642948
0.202278
0.661642
1.67592
0.912584
1.4203
-0.663429
-0.011295
-1.34016
1.7105
0.360316
0.157034
-1.41583
1.01281
0.524459
-0.130918
-0.295816
-0.217684
0.0067198
0.028697
-0.564738
0.518279
-0.155693
0.0460321
-0.0237485
0.869858
1.38714
-1.01327
-0.714617
0.651659
-1.22043
-1.10555
-1.00436
0.32636
-2.42755
-1.44527
-1.4781
1.24073
-0.52368
1.11546
-0.724624
0.10865
-1.03401
0.112672
-0.141588
0.879611
-0.674581
-1.43088
-1.73316
1.1296
1.06715
0.488168
-1.15188
2.52143
-1.00153
1.33309
0.836908
0.743363
-0.368928
-0.544001
0.27598
0.00922014
-1.94907
0.387722
0.592218
-1.66382
-0.118468
0.471564
2.25172
0.354535
0.690768
-0.165126
-1.41816
0.50241
1.63269
0.798577
-1.0175
-0.474488
0.521924
-0.74003
-1.1412
-0.541086
0.83579
-1.18815
0.224309
-1.11357
0.262467
-1.31297
1.18109
0.853927
0.632572
1.2897
0.384931
0.488414
1.14021
0.471142
-2.51035
0.506204
-0.116391
1.58856
0.118052
-0.742702
0.419842
2.13122
0.174154
-0.270285
1.43379
1.25764
2.03992
1.64952
-0.407609
0.0317631
0.230251
-0.30918
-1.64965
0.524096
-2.10102
-0.198154
-0.978258
1.88324
0.249817
-0.367965
1.06881
1.82412
-0.411489
-0.527103
-0.635764
1.10269
-0.331402
-0.297646
-1.22647
-0.0616332
2.05243
-0.759472
-1.31176
0.518437
1.82319
0.191737
0.15908
0.200153
-0.531267
-0.40064
1.18709
0.077353
1.60818
1.5054
-0.794642
1.10639
0.654858
-0.646056
-0.572013
0.213672
1.65413
0.784181
3.66412
-0.0215744
-0.0635402
0.208128
0.849875
-0.68491
0.12221
0.0403671
-1.18649
0.542949
-0.595225
0.136347
0.662524
1.27587
1.05285
-0.30307
0.0759937
0.0678722
-1.82733
-0.375679
-0.469327
-0.632666
0.02825
0.281734
-1.79678
1.27708
0.147261
0.43478
-2.68472
-0.743826
1.7362
0.331046
-0.82662
0.945309
-0.258674
-1.52754
0.0227319
-0.448196
-1.38107
0.957722
1.26351
-2.05224
0.314427
0.222386
0.747208
1.46099
-0.770745
1.35552
0.728343
0.133127
-0.142046
0.646458
-0.34704
0.535283
0.0183743
-1.40298
1.25074
2.04982
-0.869769
0.293358
1.25901
-0.573915
0.416851
0.850669
-1.62596
-0.0328887
-1.10093
0.9904
-0.412363
-0.141525
0.376978
-0.668472
0.357283
0.681276
0.665417
-0.0156217
-0.532061
1.25544
0.783421
-0.326275
-1.66095
0.24078
2.16851
0.0839412
0.338797
0.489303
0.087074
1.0807
-0.100205
0.239985
0.951537
0.461205
-1.44741
0.0036887
0.0310732
0.47313
-1.56895
1.1797
0.252332
-0.31768
0.213438
0.149056
-0.512248
-0.620103
-0.129933
-0.224115
-0.329975
-0.52399
0.481282
0.62938
-0.688063
0.306981
-0.0611383
-0.559716
1.51073
0.0499194
1.36632
-0.832019
-1.07021
-0.729813
1.31366
0.884597
-2.25509
-0.0936349
0.587036
-1.18758
-1.28206
-1.57194
-0.344948
0.29973
1.47677
-0.12874
0.180539
-0.0178452
1.18384
-0.302392
0.287844
-0.946415
0.273147
0.497804
-0.079836
0.529839
0.89093
0.0858036
1.11123
-1.05169
-0.229552
-0.471707
0.846301
0.493135
0.315654
1.17616
-1.15788
-2.01529
0.693293
-0.0546742
-0.398177
0.554475
0.114608
0.903971
-1.39262
0.34653
1.14922
-0.605186
0.449901
-0.752983
0.517585
-1.03603
1.11055
-0.0305879
-1.58836
0.570985
-0.675788
1.0525
-0.67094
0.279917
-0.522545
-0.106086
-0.632691
-1.21274
0.19351
-0.0756089
-0.208117
-0.00100403
0.907651
0.999667
-0.811509
-0.909232
0.143484
-0.676024
-1.12903
0.244787
0.438338
-0.862258
0.258161
1.50806
-1.00991
-0.0044763
0.735065
0.800479
0.369027
0.194491
-0.625026
-0.0341277
0.390859
0.117604
0.271728
-0.427785
-1.5686
-0.695244
-0.494134
0.621945
0.882533
0.81886
1.05539
-0.38559
-0.455347
0.259806
-1.22712
-0.0580945
0.78527
1.57505
-0.427687
0.456726
-0.179222
-0.220218
1.01269
-0.194625
0.738111
0.592529
-0.0477605
-0.459994
-1.45993
1.03648
-1.23823
0.191376
-1.41515
1.57747
-0.186552
0.918792
-0.566672
1.42771
-1.03967
1.5772
0.646265
0.406887
0.536811
-0.0599045
-0.91629
-0.807835
1.43593
1.5295
-0.814807
1.56501
-0.516005
0.840644
-0.380585
1.79237
0.415539
-0.727306
0.231579
0.726269
-0.681475
-0.288047
-1.67945
0.525077
1.02753
0.337707
-0.800109
-0.320086
-0.0338445
0.334421
-0.0119593
-0.0965196
0.953308
0.366393
0.788058
1.48994
1.915
0.584221
0.179699
0.000753427
-1.06366
-0.698914
-0.526788
1.30931
-1.1647
-0.597034
0.662466
-0.353572
-1.74303
-0.734229
1.06822
0.19462
0.0371496
0.35829
-0.203388
1.12874
0.372566
-0.320723
0.68358
0.377088
1.4128
-0.0216514
0.882923
-0.0176183
-0.34063
0.0713888
0.779199
0.669822
-0.84655
0.716311
-1.04707
-0.0594765
-0.425203
-0.447905
-1.67855
-0.328397
1.79907
-1.04986
1.07029
-1.44404
1.25344
0.639934
-0.320516
0.251534
0.447952
-0.135975
0.376201
-0.93017
-0.44841
-0.0785907
-1.17307
-1.0147
-0.985133
1.21952
0.194197
0.318277
-0.910334
0.0329225
1.24669
-1.88086
-0.630284
0.1458
1.32186
-1.09798
-1.51997
-1.33344
1.53713
0.241857
0.280288
-1.16229
-0.335345
-0.132628
1.82529
0.747589
0.550667
0.53786
0.354562
-0.20509
-0.398079
-0.85783
-0.294002
-0.310107
-1.00963
-0.319198
-0.516661
-1.88937
0.113886
0.583871
1.72066
0.389583
0.0146841
0.90316
0.434913
0.216226
-0.390651
0.770818
1.05048
0.670485
0.187265
0.255826
-0.413238
0.585261
0.123229
0.508124
0.0844116
0.515207
-0.0851475
-0.0111155
0.352672
0.658058
0.49898
-0.0490475
1.9873
-0.307173
0.856123
-1.2548
0.0415102
-0.891639
-0.105015
0.757624
0.188939
1.01794
0.0975079
0.559455
-1.28751
-0.425069
0.684801
0.785583
-1.19858
0.319418
0.540115
0.36652
-0.0241444
-0.919179
0.494553
0.266709
0.419264
0.181918
-0.414059
1.12055
0.372829
-0.451805
1.81314
-0.392332
0.539978
-1.41664
-0.884338
0.445684
0.330833
-0.385833
-0.76684
-1.01024
0.153539
-0.773427
0.627468
1.63509
-1.53619
-0.119095
-1.34284
1.18277
0.125784
-0.38512
-0.518416
-0.699266
0.193268
-0.189529
-0.687939
-1.84186
-0.457598
-0.621229
0.874068
1.17118
-0.0881861
-1.44345
-1.36244
0.848585
-0.697905
0.325644
0.391625
1.39041
-1.15119
0.286557
-1.02784
-2.98361
-0.972431
-0.872004
-0.448189
1.08271
-0.182905
0.715145
-0.739998
-0.541361
-0.138383
-0.214535
0.270327
0.43943
-0.876579
-0.0785201
-1.39453
1.15375
-0.509036
1.03262
0.921823
0.245783
0.35615
0.269188
-1.37464
1.34129
-1.44082
-1.00954
-0.976764
0.412593
0.113063
0.369035
-1.35422
0.939855
-0.354928
1.47649
1.07373
0.039702
0.973782
-0.886635
-0.578395
1.0558
-0.711848
-0.61946
-0.0169284
-0.380161
0.383433
-0.163031
-0.125629
-0.649415
-0.427272
-0.152691
1.10057
0.39657
-0.12531
-1.12446
-2.71659
0.671109
-0.17906
-1.21455
-0.342536
0.317213
-1.36402
-0.155099
0.869719
-0.545403
-0.387158
0.463404
-0.141409
-1.01961
-1.91229
-0.749781
-1.39216
0.489822
0.408714
-2.18644
-0.276683
0.0774173
-1.26594
-0.702018
1.65825
0.551331
0.671489
-0.69572
0.476807
-0.69507
-0.235308
-0.217563
-0.152906
0.532943
-0.569736
0.118159
-0.677876
-2.25942
0.885852
0.806374
1.25737
-1.48575
-0.710758
-1.23725
-0.277667
-0.764688
0.638709
0.8486
-0.503429
0.400386
0.206124
-0.345846
-0.446689
0.768089
-0.483388
1.4437
-0.930656
-0.00905936
1.35544
-0.62364
0.722418
-0.941349
-1.23385
-1.72624
-1.27802
-0.091087
-0.936635
0.997906
0.48413
0.774243
1.38934
0.726713
0.61057
-0.629192
-0.938737
0.762646
-0.568159
0.119257
-0.332656
-0.653289
-0.82917
1.08331
0.530072
0.0770691
-0.943286
1.09123
0.357504
-0.29587
-1.22566
1.07207
0.530543
0.188442
1.69254
0.366818
-0.691934
-0.187636
0.795823
0.750898
-0.639266
0.386453
0.59589
-0.532677
-1.17613
0.657519
-0.265112
1.80111
-0.409775
0.0740579
-0.318491
-0.518522
2.46688
-0.249564
0.0403023
-0.426495
-1.11782
0.301685
1.80982
-1.35115
0.126734
1.18465
-1.84363
-1.043
-0.258706
-0.572509
-0.147757
-0.673004
0.476655
0.107687
1.2681
0.294809
-0.362839
-0.0222984
0.36464
0.729383
1.78484
-0.518847
-0.0977725
0.395707
0.639162
0.151995
-0.946768
-0.231744
-0.430832
-0.0553294
-0.238471
0.0585253
0.438034
0.647173
0.550704
-0.557889
0.982688
1.12033
-0.920252
0.197671
-1.79012
0.476067
-0.511747
0.289774
-1.01766
-0.376355
-0.247023
0.0220236
-0.355201
-2.07365
0.708316
0.219089
0.360662
2.11192
0.994063
2.50081
0.71448
0.152361
1.4403
-0.190926
0.210636
0.626782
-1.67615
-0.442665
-0.646409
-0.571889
0.371852
-0.899603
-0.405563
-0.73911
-1.08394
-0.426202
-0.825843
0.491003
0.382868
0.344711
-1.38844
-0.285464
-0.856079
-1.21283
2.39754
1.77976
-1.35116
-1.03844
-0.0346595
-0.897986
1.31315
0.317744
0.486812
-1.5847
1.32731
1.06518
-0.599755
0.398125
0.400374
0.334187
1.21015
0.355539
0.170211
1.01603
1.11009
-0.163913
1.25429
-0.640566
0.207433
0.299621
0.399203
0.152963
-0.675614
0.365369
0.577058
0.438069
0.640637
0.689976
0.329614
0.122921
-1.1646
-0.146716
-0.441303
-0.0628207
0.460454
-0.423825
0.296539
-0.0277375
-0.583866
1.39314
-0.155446
-0.0501635
-0.919703
0.935592
-0.883162
0.664621
-0.0463526
0.132194
-0.0182234
0.582773
0.500942
-1.44399
0.116026
0.372932
1.32621
-1.11235
0.381108
0.117288
1.14863
0.286543
0.451678
1.97007
0.60079
2.20903
0.888538
2.08547
-1.17173
0.917287
1.30018
1.72251
0.870482
0.472699
-0.58057
-1.22839
-0.460782
1.78764
-0.330502
-1.71581e-05
0.722795
0.227201
-0.355283
1.59355
-0.0818869
0.872637
1.06094
-1.04395
1.36988
0.374611
1.80562
-0.737333
0.781288
-1.00803
-0.788916
-0.356884
-0.568754
-0.864259
1.0028
0.0433957
0.938683
-1.64756
1.00694
-0.239022
0.242026
0.313948
0.0216562
-0.657534
-0.564554
-0.903514
-0.0873688
-0.476506
0.362001
-1.39838
-0.268778
-0.174434
0.0563908
0.512479
-1.35941
-0.231504
-1.35752
1.01817
-0.238486
-0.292391
0.215276
-0.177758
0.771726
0.0832966
0.129226
0.373519
-2.42415
-0.147536
0.698928
-0.230123
0.346538
-0.888143
-0.376537
0.604377
1.42421
0.154883
1.23379
0.212451
2.34467
-0.933981
-0.0204497
0.542671
-0.237548
-1.14363
-0.642447
-0.111436
1.38785
-2.28982
-0.108631
0.628345
-1.02107
0.549184
-1.21212
0.246063
0.569606
-0.0686911
0.776911
1.55395
0.160098
-0.227739
0.50527
0.930893
1.15778
-0.928425
1.67499
1.26298
0.0347603
-0.353831
0.509418
-2.36465
-0.940848
0.648934
-0.267563
1.08204
0.561876
0.483373
1.11997
0.532499
0.630236
-0.059984
-0.205485
-0.126137
0.4061
-0.698265
-0.650457
0.850206
-0.814579
-0.841447
1.10001
0.927719
-0.394963
0.00142771
0.647693
0.698256
-0.80473
-0.17418
1.25416
-1.01357
0.0633961
-0.193117
-0.958937
0.548417
-0.183143
0.0343582
-0.143926
-0.460186
-0.83717
2.08779
-0.0638004
-1.74558
-0.583223
-0.323175
0.878119
-0.16295
-1.51097
0.878669
0.0715786
-0.0691403
1.61395
-1.08119
0.722071
0.607249
0.0313927
0.851155
0.047991
-0.606158
-0.427118
0.799256
-0.645882
-1.13431
0.580775
1.13904
-1.01619
-1.7485
1.20785
0.187738
-0.668011
-0.355257
-0.479155
-0.868507
-1.14218
-0.949323
-0.333797
-0.338353
0.644135
-0.194403
-1.32819
-0.0133071
-1.59079
-0.871727
0.588755
0.379442
0.0458209
-0.459113
-1.09049
-0.896254
0.30019
0.499969
0.360452
-0.432747
-1.32933
-0.227714
1.56731
0.0150537
-1.38928
0.190005
0.813251
-1.56866
-0.168441
-0.581157
-0.50382
0.464966
1.10944
0.281328
-2.37859
0.989094
1.074
-1.49637
1.30868
0.0773446
-0.939522
-0.37824
0.507288
-0.333961
-0.36897
0.241965
0.251725
-0.505378
0.255691
0.935787
0.484382
1.47251
-0.572821
-0.200069
-0.549342
-1.16822
0.252725
0.520513
0.317911
0.0724651
-1.10861
-0.0384925
-0.606959
0.430976
-0.600051
1.69566
0.629371
1.59725
0.329961
0.272539
0.333207
1.76683
0.120253
-0.929839
0.967535
-0.0935064
-0.426949
0.504782
-0.315825
1.08967
-0.0280706
0.420108
0.0853602
0.729562
-0.332199
0.317639
-1.38228
0.894071
0.133353
1.36309
-1.0571
1.12142
-0.635822
1.15165
-1.19892
-0.979711
-0.369667
0.872767
0.327322
-0.0567422
0.413877
0.158728
0.0859251
-1.44495
1.94052
0.0610934
1.01922
0.426168
0.0589836
-1.01855
-0.729711
-0.0595753
1.11275
-1.49331
-0.0067705
0.388785
-0.562808
0.333929
0.526014
0.173766
-0.642677
0.386423
1.51001
-1.35461
-1.02724
-1.52968
-0.295019
0.00227566
1.38821
-0.482452
0.0869451
0.660149
0.00884229
-0.866544
0.926249
-0.00457062
-0.718495
-0.478539
-0.590381
0.20391
0.649348
-0.159799
-0.12653
-0.591825
0.321775
1.47312
1.36756
1.60472
-0.741029
0.165329
-0.107084
-0.589484
0.25065
1.0917
0.547006
0.273883
0.602975
-0.201868
0.141079
0.425669
-0.673743
-1.27416
-1.32241
2.16721
-0.052405
-0.941849
0.251074
-0.408645
0.713819
1.20803
1.92362
0.849378
0.574209
0.048568
0.0304097
0.253787
1.4228
-0.666094
0.728308
-1.00734
1.35976
0.934993
-1.22378
-1.14163
0.160912
0.246122
1.18657
0.9678
1.52435
-0.70992
-1.07859
-0.115415
0.432277
0.280391
-0.36963
-2.32298
0.555187
-1.09488
-0.484653
-0.537848
-0.168671
-0.449183
0.713779
1.27369
1.01937
0.409559
1.00754
-0.126229
1.25421
-0.716076
-0.510296
1.6692
-1.75337
0.554815
-0.367392
-0.815714
0.685414
0.215802
-1.06026
0.297576
-0.166808
0.910683
-0.262397
-1.06229
0.573398
-1.17293
0.383398
-0.0928139
1.98866
1.81484
0.762565
0.1618
0.646396
-0.0562365
1.78593
0.465401
0.396242
-0.270414
0.975558
-0.539948
2.29171
0.336214
0.958485
1.47717
0.751952
-0.950169
1.12392
0.696183
-0.362426
-1.1204
0.594496
-0.230854
0.123264
-0.849864
0.373974
-0.693029
-0.447391
-1.12738
0.49089
-1.08331
0.803764
-0.335247
-0.44624
1.32959
0.00400021
0.311777
0.823736
0.397524
0.720195
1.8935
-0.53139
-0.123397
-1.16447
0.0237118
-0.572217
-0.411502
-0.128526
0.118153
-1.10965
0.332431
-0.902892
0.44947
1.44156
-0.792002
-2.54952
-0.606847
-1.70981
-1.38146
0.00736243
0.707793
-0.992132
0.508047
0.505191
-0.167022
-1.59253
0.181582
0.0483258
0.308742
-1.36322
0.359511
-0.309998
-0.987381
1.09044
1.05786
1.43907
-0.0152142
1.25755
-0.764581
-1.01792
-0.646864
0.116083
-1.33465
0.964968
-1.46359
2.24973
-1.43091
-1.42886
1.4036
0.164675
-0.702144
-0.213798
-0.501741
-1.55912
0.101704
-0.03919
1.21453
0.186571
-0.287474
0.231578
1.01113
-1.05233
0.0588625
0.351294
-0.3808
0.486977
0.184774
1.57373
-1.07028
-0.959029
0.219926
-0.296618
0.806975
0.579226
0.280141
0.162572
0.628219
0.270865
1.40475
0.978009
-0.104102
1.14356
-0.668902
0.0451347
0.643909
-0.849195
0.166244
1.78492
1.81996
-0.568149
1.34255
0.342736
0.906477
1.3594
-0.397113
0.028753
1.80288
-0.26652
-0.200177
1.43005
-1.31683
-0.787387
-0.232706
-0.696773
-1.54383
0.303316
0.602889
0.601262
0.495259
-0.493187
0.746718
1.59525
0.44051
-0.503252
-1.48766
0.689094
0.353763
1.07128
-2.08727
-0.535663
1.01228
0.630289
1.43185
-0.623731
0.83868
-1.38292
0.0434099
1.40109
-0.121124
-1.50604
-0.546923
-0.938518
-0.100807
-0.589198
-0.73261
0.197082
-1.56236
0.299961
-0.67034
-0.0440823
-0.988459
-1.33241
-0.419949
-0.88729
0.466334
0.888282
-0.401561
-1.06246
1.03474
-0.970042
-0.535019
0.927801
-0.700906
-0.867758
-0.0253299
0.316103
-0.25208
-0.335585
-1.28638
-0.0961617
0.451298
-0.142576
0.0303712
-0.311956
-0.741587
2.26505
-1.83642
-0.237494
-0.662848
0.157977
-0.312839
0.948302
0.24554
-1.33917
1.02194
1.25705
-0.186647
0.226041
-0.112004
0.250939
-0.754627
-0.399314
0.143598
0.52098
-1.23581
-1.973
0.191889
-0.29263
0.264867
0.80565
-0.598975
-0.191483
-1.11947
-1.19891
0.123569
-0.393162
0.310279
-0.0459136
-0.260702
-1.43692
0.15475
0.690053
-2.60876
-0.734763
-1.08688
0.696791
-1.30573
-0.646388
1.46962
1.2554
0.625784
1.10181
-0.710478
-0.17091
-0.400954
0.0318144
0.948598
-0.280583
0.216131
0.0795416
-0.914772
-1.99151
-1.76331
0.241389
1.21427
0.0236632
0.590105
-0.67187
-0.0737062
0.838121
-0.350507
-0.781519
0.194841
-0.456768
0.162796
-1.30392
-0.26718
-0.382275
-1.73182
-0.238526
-1.02731
1.06188
1.00179
0.0652447
-0.340544
-0.412553
0.0276671
1.07575
-1.54081
1.73864
0.877887
0.774511
1.50873
0.819773
-0.434001
0.298559
-0.108935
1.66938
-0.273836
-1.06874
1.16424
0.728458
-1.06789
-0.610244
0.189781
0.127759
1.21699
-0.841269
-0.421805
-0.131231
-0.540031
0.0434354
1.82419
0.407082
0.0282405
-1.05442
-1.17514
1.40774
0.306593
-0.691538
0.00590355
-0.0615964
1.2889
0.339277
-0.584558
1.26185
0.920242
0.775607
-0.897013
-2.73329
-0.183875
-0.730409
-1.23841
0.400621
-2.14132
-0.669768
-2.06252
-0.759936
0.251434
0.457106
0.546785
0.0694872
-0.068501
0.448967
0.236853
0.883077
-0.0554208
0.572499
-1.51737
-0.0296954
0.0410249
1.95271
-0.566146
-0.567734
1.28342
0.73006
-0.710474
-0.137271
-0.652068
-2.13664
-0.953542
-2.05306
0.386002
0.876804
0.529422
0.146824
-0.052956
1.04415
-0.295723
1.78442
1.79466
-0.417721
-0.914835
0.875775
0.31001
0.854778
0.0338116
1.16382
-0.908577
-0.419751
-0.199131
0.250966
1.05246
1.26774
0.64577
0.238807
-0.435278
0.644109
-0.351366
0.4945
1.09767
1.28878
-0.607534
0.904512
2.28004
-0.16332
0.144612
-0.235712
1.43928
0.530473
-0.461127
0.331156
-0.877374
-0.78914
1.91065
-1.05621
-0.320364
-0.398153
-0.859735
1.90058
0.489501
-0.612254
0.332507
0.582513
1.36676
-0.253014
0.250077
-0.728231
-1.30945
2.89324
-0.00650258
0.641292
-0.899835
1.36285
-1.76909
1.09
0.307425
0.611147
0.432866
1.12668
-0.408987
0.258055
-1.35264
0.445881
0.277038
-0.935228
-0.59804
0.00379714
-1.46767
-0.276062
-1.97198
-0.446443
0.493929
-0.0822941
1.0288
-0.128416
-0.216325
-2.15692
0.284371
1.10724
0.339935
-0.455384
-0.442911
-0.150929
-0.119711
0.638569
-0.598219
1.18549
1.28618
0.296694
-0.166859
0.791866
0.709808
0.0685183
0.533784
0.634235
0.407257
1.05861
0.203148
0.627843
-0.745911
-0.0838935
-0.500901
1.07301
-0.179
1.05597
-0.682863
0.816749
0.420346
0.500518
0.0762417
0.21467
-0.931094
-0.246073
0.255616
-0.821975
0.226777
0.588453
0.294467
-0.319217
-0.317086
-1.29204
1.13083
0.125678
-0.475151
1.87898
0.821069
0.466631
1.36665
-0.363612
-0.267204
1.51571
-0.602622
-0.91801
-0.787279
-1.2195
-1.2467
-0.783419
1.30161
0.890446
1.58797
-0.455204
1.45755
-0.0903698
-2.66135
-0.623865
-0.464191
0.299499
-0.541652
-0.733616
0.551249
0.940087
-0.495724
0.297035
1.13912
2.40346
-2.71931
-1.36344
0.915624
1.39312
0.880459
0.29169
0.510348
-0.520272
-1.04888
0.622361
0.44258
-2.21556
0.870962
0.633559
-0.386616
-1.62066
-0.337237
1.72587
-0.231307
-1.20313
1.01317
-0.858716
-0.253378
0.746
-0.112286
-0.507941
-0.0199985
3.79068
0.155057
0.302781
-0.116027
1.7075
-0.504492
0.101805
0.7922
-0.463014
-0.332322
-0.559804
-0.527074
-1.06172
-0.820213
-0.986239
0.217721
-0.890735
0.643339
-0.681771
0.569311
0.907435
0.279804
0.411784
0.454751
-0.965149
1.01557
-0.177775
0.421496
-0.296326
-0.413283
-0.687157
-1.91728
1.13688
-0.152298
0.915552
1.848
1.82241
0.757442
-0.565752
-0.512281
-0.893686
0.965329
-0.294376
0.927947
-0.561389
-0.113596
-0.0639176
0.499719
-0.00943131
-0.0869776
-0.0901573
2.61083
0.413332
-0.0821449
-0.272956
-1.39415
0.34836
-0.837478
0.178305
1.04688
-0.766218
0.289582
0.550666
0.102538
-1.35138
-0.928049
-0.597372
-0.067696
1.88667
0.130365
1.12953
0.223052
-0.254752
-0.156292
1.49745
-0.464426
0.242146
1.09381
1.20547
1.02161
1.00786
0.750665
-0.0196174
-1.81398
0.861005
0.393942
0.985989
-0.389983
-1.24186
-0.524926
-1.77867
-1.11007
-1.81318
0.100132
-1.17122
0.913158
-1.87043
-0.953863
-0.253173
1.10677
-0.258916
-2.26464
-0.506063
0.487602
0.293897
2.11171
-1.66288
-0.203241
0.342842
-0.526675
0.44816
-0.407524
-0.984472
0.0702099
0.941788
-0.978367
-0.37428
-0.968469
-0.613774
1.31371
0.202759
1.15457
0.366472
-0.231883
-0.742633
-1.27563
-0.81922
0.646469
0.314471
1.54428
-1.23272
0.384142
-0.508567
0.473912
0.778647
-1.35822
-0.972525
-0.498169
-0.468146
0.935838
1.52122
-0.213631
0.074615
0.0188179
-0.419794
-1.41883
0.0458348
2.20257
-0.110839
0.0627319
-1.3089
-0.493208
1.06061
1.34227
0.734263
0.192087
1.24221
-0.272633
-1.13284
0.814097
-0.323854
1.74982
0.723037
-0.379138
-0.822041
0.101989
-0.0402037
-0.536293
1.30676
-0.0112997
0.136052
-1.59031
-1.86568
0.295647
0.91643
0.386673
-1.23713
-0.446394
-0.629357
-0.44771
1.25062
0.738992
0.338139
1.40854
1.36384
-0.400868
-1.21695
-1.06669
0.210427
1.33761
-0.726177
-0.212687
-1.23956
-0.525639
0.33412
-0.688418
-1.00643
-0.0435161
-0.237366
-0.548616
-0.178739
-0.85609
-0.158445
0.079497
-0.577756
-1.25251
-0.769726
-0.564762
0.48261
-1.38849
0.795153
-0.786929
-0.401797
-0.57849
0.760058
-0.913944
0.660023
1.26077
0.391743
-0.865359
0.243491
0.108683
0.672938
-0.271429
0.132928
0.313231
-1.46715
1.40928
-0.623695
-0.148623
-2.37254
0.0599407
-0.256689
-0.711942
-1.02004
-0.0444224
0.253655
0.0286203
-0.80366
-1.50474
0.331697
0.699118
-1.38239
0.858266
-0.957613
-1.11911
-0.198701
0.451609
-1.56461
0.601714
0.892755
-0.159038
0.238637
-0.09195
0.782683
0.705068
-1.25469
-1.53941
0.458099
1.07421
0.456653
2.09406
0.728451
0.368816
0.0598765
0.107166
1.64943
0.170562
0.788989
0.323464
-0.421382
0.703811
-0.926358
-0.522991
-0.240806
0.0159502
-1.69118
-0.322401
0.285059
-0.47805
0.255549
0.5004
0.0403731
-1.55385
-0.543367
-2.33509
-0.579771
0.413876
-0.146034
0.822777
-0.740029
1.15732
0.917036
0.81521
-0.613554
-0.550131
-1.18244
0.775752
-0.475343
0.490872
-0.0456708
-0.408134
-1.11731
0.0179482
0.702626
0.0668888
-0.049566
-1.22443
1.10204
-0.577416
-0.887857
-3.40718
0.163996
-0.666601
0.33194
-2.30418
-0.774543
-0.766937
-1.26422
-1.85607
-1.37117
-0.13975
-0.918598
0.993379
-0.875229
-0.615597
-1.12776
-0.455596
-1.77021
-0.202991
0.631422
-0.483148
-0.00287658
-0.336189
0.55086
-0.382037
1.79271
0.566662
-0.0277488
0.531972
0.653959
1.00215
-0.988941
-1.13379
-1.27906
-0.390766
-0.0691306
-1.00991
0.0357579
0.912266
0.0853606
0.505061
-0.699568
0.252029
-1.64552
0.562206
-0.42402
-0.386394
0.747751
-0.565938
0.799108
1.2888
-0.133039
0.15494
-0.0736982
1.02009
-2.22147
-0.773416
1.08101
0.111883
1.35115
1.20839
0.319414
-0.579877
-1.01847
0.632535
-0.257822
0.440886
-0.623244
-0.478788
-1.07464
-1.2533
-0.230211
0.623642
0.244995
0.558096
0.271631
0.128344
0.0682558
-0.641479
0.566773
0.107596
-1.30762
1.52918
0.960349
0.375238
-1.28645
-0.825948
1.75227
-1.08024
-0.457263
-0.632736
0.111821
0.227033
-0.215876
-1.49508
-1.35105
1.15604
-1.04881
1.13886
0.853613
1.5974
1.00019
-0.391641
0.745358
0.554719
0.869379
-0.134576
-0.668222
1.87804
1.0393
0.71564
1.28079
-0.69908
-0.458141
-1.69735
-2.05905
-1.56381
-1.42038
2.44433
0.784644
0.795414
1.25681
0.111659
-0.133999
2.08329
-1.35508
-0.688755
-1.92004
-0.725569
0.981735
1.10253
1.49972
0.0779481
-0.168419
0.934338
-0.659481
1.06718
-0.202917
-0.710094
-0.0259499
0.703347
2.04007
-0.75037
-0.722747
-0.556796
-0.202189
0.332939
-0.106761
0.336963
-0.190129
-0.643726
-0.207865
-0.242038
-1.33196
-0.406121
-1.52708
-1.66898
-0.578581
0.359049
0.347633
0.641781
0.197472
0.929985
0.543777
0.251839
-0.718792
-1.27005
-0.186865
-0.524936
0.939777
0.761835
0.364251
-1.47129
0.497468
1.16764
0.610396
-1.30108
-0.235818
-0.846423
-0.325461
-0.356667
0.207159
0.429236
0.619409
-0.934792
0.786245
0.119732
-0.0713727
1.66132
0.596673
0.0832771
-0.24664
-1.541
-0.283708
-1.40413
0.183988
-0.171571
-0.285503
-0.351272
0.792394
-0.224419
-1.50258
-0.215252
-1.40242
1.11283
1.49535
-1.78975
-0.484823
-0.191059
1.00676
-0.338279
-0.126381
-0.545023
-0.151149
-0.470449
0.223634
-0.391663
-0.0451922
0.345362
-0.879695
-1.37114
-1.10725
1.36575
0.318875
-0.823966
0.190005
-0.714945
-1.06733
-0.908139
-0.762876
0.710384
1.80979
-0.462799
1.64149
-0.632675
0.13893
-0.175962
0.826439
0.658727
-2.52579
0.133716
-0.0754417
0.736036
0.967258
1.50929
0.276389
0.705494
-1.16386
1.34662
0.707419
0.540899
0.785984
-2.18638
0.0562316
0.467188
0.072562
0.572899
-0.593534
1.04912
-0.290298
0.254668
-1.35099
0.548722
0.987449
-1.43358
0.270865
-0.533537
-1.78721
-0.567308
-0.0463496
0.507318
-1.15903
-0.260975
-0.0303849
0.12991
-0.999467
0.137765
-0.993628
0.465404
-0.515328
1.19764
-0.413563
-0.825874
-1.1076
1.46067
-0.878528
-0.182061
-0.431775
-0.0347713
-0.394739
0.921535
-0.079815
0.0415733
0.206862
-0.23928
-0.27376
2.15421
0.618743
0.525257
-1.1163
-0.21644
0.686527
1.13755
0.27756
-1.30246
0.100149
-0.0267526
-0.598514
0.631352
0.000264898
0.273418
-1.23631
-0.687524
0.735966
-1.82258
0.598601
0.855175
1.06922
0.203099
1.38796
0.518869
-0.461623
-0.443163
-0.0683757
0.939266
-1.10927
0.254072
-0.745182
0.114105
-1.29197
-1.46692
-2.72346
-1.64662
-0.197727
-0.446435
0.890477
1.15309
-1.55075
1.49848
0.695445
-1.52112
0.520687
-0.228502
-0.0754339
-0.640397
0.114238
-0.0712231
0.277502
0.444001
-0.289924
0.0895384
-0.697572
0.179903
1.05757
-1.40139
-1.82498
-0.253616
-0.379298
-0.0778682
0.39403
-2.87199
-0.392467
-0.19671
0.797919
-0.700758
2.14798
1.53183
0.526278
-0.986857
1.03271
1.97156
0.766881
1.02242
0.711041
0.834385
0.388267
0.042073
-0.399359
1.24333
1.04782
0.175484
-0.350798
-1.53912
-0.789861
1.84112
-0.336438
0.610479
-1.49629
0.314153
-1.5212
0.177836
-2.21778
-0.64617
-1.0192
-0.63732
0.0614939
-0.325538
0.140786
2.18602
0.0630093
0.940649
-0.0155491
-1.18275
-0.718715
-0.0102169
0.768211
0.632081
-0.00957323
-0.455872
0.300913
0.94632
0.101519
-0.898396
0.734515
0.506367
-0.487436
-0.945266
-0.484607
0.920253
-0.553134
2.07287
0.432598
1.0439
0.690421
0.322269
-0.605025
-0.204789
-0.517428
0.224615
2.09808
0.336491
-0.679023
0.509932
1.31304
-0.632197
-0.291624
0.483128
0.29223
0.0626579
-0.424642
0.714949
-1.02704
-0.979862
-0.905344
0.520539
0.0377773
0.821216
-1.01559
0.643673
-1.72591
-1.12593
1.83024
0.571284
0.122316
0.381579
-0.847456
-1.23213
-0.976754
1.03967
-0.241427
0.534955
0.528516
-0.156194
-1.00588
1.36975
-0.233903
-0.467742
1.04365
-2.00143
-0.323008
0.386971
-0.42264
-0.682963
0.479521
0.828775
2.30532
-0.744426
1.21482
0.392225
-0.189407
0.75745
0.862842
0.243865
-0.650771
-1.34923
-0.497361
0.539404
-0.502757
0.325262
-0.817913
-0.925052
-0.140498
0.599817
0.18219
-0.0104614
-0.122469
-1.27841
0.644853
0.529352
0.62672
-0.768715
-1.15771
-0.939251
-1.27381
0.728483
1.89867
1.58149
-0.248109
-0.512884
2.80942
0.198324
1.33059
-0.743646
0.736692
-0.634694
0.380133
-0.104364
-0.736432
-0.234796
-0.393015
-0.0214231
-0.441008
0.546281
-0.649124
-0.0456586
0.54801
-1.18081
-2.22328
0.372938
-1.75992
-0.391583
0.298773
-0.284829
0.881124
-0.512155
1.01914
-1.36004
0.79991
-0.248703
-1.55067
0.281727
0.422271
1.31729
-0.36758
-0.656578
-1.1791
-0.625503
0.193177
0.561791
-1.88166
-0.203585
0.229168
-1.67296
-1.06437
1.57516
0.168272
-0.887113
-0.826762
0.572551
-1.05569
0.903512
1.2528
-0.870436
-0.810428
0.902982
0.00840716
-0.196246
-1.10303
0.899484
-0.70579
-0.297017
-0.206215
-0.361922
0.463133
0.75614
0.620357
2.03142
-0.950773
0.802262
2.43726
1.01761
1.19062
1.2121
0.0721716
-1.98138
-0.892003
-0.363953
-0.0998727
-1.38617
-1.12417
-0.0487951
-0.74577
-0.912369
1.79331
-1.42881
-0.0268499
-0.508329
-0.879893
-0.807986
-0.510472
-1.24276
0.494006
1.2544
-1.76005
0.50665
1.52966
-0.502764
-1.10731
0.438588
0.290933
0.207411
1.2274
0.357114
0.204202
0.511629
0.424521
-0.609701
-0.0498555
-0.243668
-0.220214
0.682682
0.211093
-0.855006
-0.42071
1.23619
-1.30996
0.699295
-0.541501
-1.61675
0.0820658
-0.898048
0.238229
-0.337954
-1.13759
-0.873576
-1.37003
-1.42731
0.293816
0.677949
0.363593
-0.518114
-1.87847
-0.576792
1.83132
-1.17533
1.24489
-0.141903
1.11151
1.51525
-1.77062
-0.790257
0.552956
0.240282
1.05129
-0.850092
0.0291062
-0.598301
0.524136
-0.140945
-1.40462
0.563277
0.267166
0.613449
-0.907506
-0.526264
0.825353
2.19021
0.868504
-0.245594
1.0535
1.94098
0.918155
0.892977
-0.756262
-0.0590322
-0.0829162
0.671782
-1.13941
0.729424
1.40053
0.169056
0.391218
-2.28499
-0.580284
-0.0355982
0.77725
0.115306
0.566409
1.42481
1.04239
-0.262319
-0.566288
1.53401
-0.709617
0.512027
0.259291
1.3596
-0.964607
0.500004
0.948621
-0.938289
-0.414523
0.151765
0.627972
0.171519
-0.383129
-0.450904
-0.0202591
0.399487
0.757628
1.62677
-0.577641
0.758721
-0.71586
-0.254106
-1.07219
-0.123126
0.599729
-0.00311742
0.795637
0.306486
-0.123404
-0.918277
0.593396
1.66853
-0.893589
1.42819
0.556492
-1.1718
0.401356
1.42859
-1.14268
0.78196
-0.0763066
1.00768
0.62709
0.76627
-0.254314
-2.23616
1.32415
0.947623
-0.455695
-0.223445
0.856628
-0.884663
-0.770921
0.575546
2.37175
-0.314358
-0.189924
1.39666
0.241451
0.253024
1.3419
1.07364
-1.95753
-0.287433
0.351359
-0.391684
-0.095624
-0.0817869
0.373807
1.58761
-0.590418
1.2527
1.36878
-0.472712
-2.02158
1.31603
-0.265523
0.021482
-0.617387
-0.471605
0.606064
0.167023
-1.13627
0.20384
-0.581669
-0.020713
-1.38278
-0.00625137
-1.00387
-0.70252
0.477002
-0.99779
-0.0135592
-0.979092
0.320251
-0.363726
0.414446
1.70947
0.318037
0.640702
-0.584587
1.67156
1.32739
1.8838
0.918926
-0.530521
1.17706
0.201829
0.68481
1.00829
1.68117
-0.00736767
-1.05979
0.703481
-1.05139
-0.0297438
0.508559
-0.333676
-0.428901
1.41343
0.767507
0.603799
2.19902
-0.248937
-0.450256
-0.546236
0.633599
-1.13617
1.01999
0.984397
-0.195746
1.34182
1.5594
0.988414
-0.482069
0.921405
1.47226
-1.69186
0.310878
-0.961069
-1.27007
0.724469
-2.60284
0.373456
0.267219
-0.61418
0.702009
-1.96738
-1.02145
0.52342
-0.899049
-0.312029
0.55316
-0.561274
0.638741
1.18601
-1.22382
0.199917
0.297422
-0.784235
0.529284
0.433091
0.343094
0.305625
-0.0889453
-0.0821071
-1.13557
-1.51442
-0.993474
-0.671808
-0.371876
0.151139
1.3373
-0.56295
-0.0444078
-1.54493
0.17624
-0.936072
-0.630035
1.5178
0.994857
-0.314498
-0.991746
-0.207312
0.535645
-0.346459
0.384544
-0.82047
0.422212
1.61535
-0.642252
1.45472
-1.00827
-1.34667
-1.64892
-0.928149
-0.314361
-0.0872294
1.14793
2.08289
-1.52861
-0.987209
-0.0111274
-1.41608
-0.550364
-0.576478
-0.154633
-0.567722
-0.856444
-1.59503
-0.817615
0.171411
-0.75774
-0.387426
-0.188924
-1.23846
0.0988887
-0.433513
1.20076
1.14139
-0.83013
0.126613
-1.40119
-0.43948
0.329926
0.0772303
-0.282351
-1.42918
-1.87442
-0.816785
0.905657
-0.54847
-0.511547
0.706737
-0.262766
-1.4818
-0.977811
0.304069
0.039782
0.533206
-0.68428
-1.89324
0.314365
-0.47443
1.22461
-0.393151
-1.35563
0.865316
-0.333092
1.2941
0.167798
-1.43415
0.566051
-0.0119769
1.03691
-0.090053
-0.503786
-1.09501
0.249872
-0.291453
1.75192
0.52429
0.0169536
-1.16209
-1.5349
0.272583
0.652719
-1.21961
0.449714
0.217648
-0.757589
-0.841499
0.480191
-0.145365
0.929136
-0.51449
1.51179
-1.22222
-0.343002
1.28608
-2.04565
-0.883067
1.30882
-0.80803
-0.43938
-0.0866605
-1.84611
0.911232
0.00378581
0.382441
-0.565817
-1.30664
1.61685
1.27479
0.402813
0.221972
0.0164834
-0.494048
0.462291
-0.13322
0.757189
-0.24473
-2.13327
0.857581
0.50125
-0.529773
-0.97197
1.49298
0.17048
0.716946
-0.622148
0.0824318
1.47292
0.610514
0.266473
0.426213
1.1061
1.50049
0.226773
1.09177
0.298784
-0.463903
0.912855
-0.396167
-0.530507
0.510554
-0.501704
-0.147883
-0.491508
-0.34098
1.23503
1.06574
0.129837
0.225189
0.388221
0.721752
-0.632737
1.31468
-1.16494
0.2057
-0.668461
-1.99395
0.901938
0.769875
-0.161722
-0.391416
0.520827
-0.428832
-0.54397
1.06894
0.598111
1.42063
-1.51899
-1.08087
-1.26501
0.135298
-0.631561
-0.697178
-1.51579
0.0745912
-1.30635
-0.569522
0.200173
1.43499
1.01449
-0.568764
0.395211
0.349662
-0.774533
0.59923
2.41295
-0.550495
0.787311
-0.742545
0.586951
0.491884
0.606227
0.861512
0.667931
-0.775829
-0.763499
-0.953468
-1.28245
-0.60649
0.639264
0.914654
-1.80299
-0.386507
1.01677
0.666324
-1.81074
0.572827
0.214261
-0.869764
-0.0296683
0.437384
0.101023
-0.34805
1.06507
-0.715696
0.720749
0.77112
0.644465
2.02357
-0.710777
0.043228
0.460435
-0.134986
-0.348764
-0.518091
0.557151
-0.0226237
0.320873
-0.739382
0.978759
-0.725891
0.16511
0.966861
0.19447
1.29173
0.892586
0.960645
0.880337
1.22904
1.17086
-0.0447112
-0.0710428
0.454663
-0.292859
0.0321754
-0.697084
-2.01145
1.30762
0.609716
0.66837
0.152312
-1.23089
-0.941934
0.654099
0.505199
-0.405011
-0.423028
-0.00982853
0.939405
-0.761349
0.411746
0.861879
2.05234
1.22061
0.218727
-0.0620269
1.12882
1.24743
-0.0319598
-1.01646
-0.782402
-0.282626
-0.729994
1.0825
-0.310447
1.05324
-1.38656
1.35736
0.260439
0.239895
1.7936
-0.0210167
-1.59177
0.15256
-0.44456
1.78804
0.880568
0.692417
-1.51702
-0.646
1.34967
-1.88966
-0.876584
-0.0752511
-0.571318
0.947499
1.30856
0.551942
1.05287
1.00776
-1.341
-0.249172
0.747419
-0.0699733
0.00602134
0.54632
-1.16633
1.43671
0.389641
0.810695
0.651545
-0.172593
0.756863
0.5694
0.162519
-0.824334
0.825896
0.709042
-0.112607
0.83464
0.197642
-0.0979403
-1.00138
0.219032
2.12144
-0.906259
0.0760861
0.747932
1.04721
1.03534
-0.816206
0.535614
-0.367672
0.157576
1.11688
1.54363
0.655929
-1.85822
0.89007
1.22078
0.234865
0.0844644
-0.816147
1.90514
-0.865558
-0.637459
-1.764
0.133834
1.53568
-0.00870873
-0.82007
1.04252
1.80207
0.00220185
2.15867
-0.370588
-1.84224
1.27747
1.85512
-0.677282
0.957183
-0.279884
0.00671768
-0.619362
0.728897
-0.24844
-0.11127
-0.30131
-0.361422
1.32621
-0.0476782
-0.839691
-1.83146
1.99747
-0.704956
-1.66423
1.52032
-0.46804
0.486035
1.48101
-0.405072
0.0252339
1.57017
0.878898
-1.22297
0.534283
0.559378
-0.0422854
0.612351
0.255742
1.06767
0.671896
-0.131369
0.0600693
-0.135422
0.326849
0.0720498
0.0421774
-0.200678
-0.140861
-0.218453
1.19856
1.37636
0.609342
-1.09103
0.716363
-0.523924
-0.157125
0.459703
-0.896238
-1.00929
-0.818558
0.0705287
-1.07771
-0.357531
0.594973
-0.661929
-0.898219
0.212112
-0.684879
0.275829
0.64646
-0.203168
0.742697
0.029423
0.97794
-0.429795
-0.17141
0.152556
0.111334
0.199649
-0.412874
0.633161
0.697314
0.0592942
-0.865667
-0.028188
0.697017
-1.06231
-0.757583
0.634645
-0.214807
2.00012
1.18675
0.896784
-0.0514517
-0.878413
0.630094
-0.120995
0.252628
1.46347
0.82759
0.410316
-0.357059
0.31092
0.881515
-1.41034
-0.656003
-0.8832
1.76375
0.409353
-0.152328
-0.226352
1.20147
1.27199
-0.933545
-0.44007
0.284383
-1.03749
-0.501711
-0.865775
0.113708
-1.0287
-0.349857
-0.907871
1.0668
-0.6558
-0.669671
-0.588555
0.258972
-0.442214
-2.27551
-1.44965
-0.159978
1.34947
0.891959
1.5749
-0.46952
1.17117
0.558962
-0.122223
0.219528
0.0478576
-0.801473
-0.399258
0.505959
0.649868
0.705554
-0.158663
-0.0167455
0.450422
-1.11092
0.215094
0.0691289
-0.940066
0.222872
0.186595
0.560738
0.524308
0.191302
0.881061
-0.222738
0.189512
-0.108309
-2.0353
-0.886155
1.33215
0.132054
0.601224
-0.515934
0.117432
1.70241
0.00260947
0.218426
0.359706
1.15142
-0.125728
-0.389811
1.14136
1.47577
-0.108619
-0.789267
2.71233
0.462982
-0.750607
-0.183581
-0.948697
-0.985662
-1.06796
-0.258095
-0.242194
0.334621
1.14637
1.02316
0.750168
0.157911
3.40046
-0.294065
-0.046652
0.0394967
-0.476323
-1.51779
0.0115119
-1.50142
-0.720482
-1.08933
0.450836
0.329631
1.78523
0.388756
2.10058
0.475018
0.972527
0.826838
1.18825
-0.219681
0.111817
0.675741
-1.05402
0.391169
-0.679548
0.283348
-0.444452
-0.180702
-0.384783
0.243924
0.813481
-1.13652
0.442966
0.427442
-0.860779
0.572424
-0.61922
-1.03603
0.273467
-0.576736
0.902838
-0.0884202
-0.0665047
-0.67691
-0.577416
-1.25241
0.780276
-1.72169
-0.504731
0.723907
0.71388
-1.70227
0.2833
-0.387105
0.0328996
-0.127361
0.246747
0.346159
1.36792
-0.00140693
-1.18144
-1.77225
1.15226
-1.5253
0.38816
0.639877
0.641555
1.26917
0.455919
-1.04033
1.27507
-0.200429
-1.7541
0.510485
-0.203576
0.0624951
-0.595667
1.21474
-1.65309
1.38042
0.0561064
-0.603414
1.52587
0.221112
2.4091
0.224127
-1.60948
-0.0184518
1.3154
-0.347
-1.84721
1.09273
-1.72491
1.57448
-1.12442
-0.265834
-1.42981
-0.516874
0.538946
0.186454
-1.21529
0.0271772
-0.511396
0.502487
-1.56502
0.368343
-0.975283
-0.884065
0.60353
-1.76355
-1.23271
-1.04965
-0.25443
-0.729197
-0.0660532
0.155609
1.20973
-0.70502
-1.59477
0.737516
0.706588
-0.760335
-0.0504108
-0.434418
-0.827979
0.771432
0.18553
-0.259241
-0.816851
0.798269
-0.153747
-0.0795941
0.363197
1.82373
-0.5989
1.9977
-0.196964
-0.123636
-0.0531438
0.184855
-0.454887
-0.933063
0.644967
-1.79569
0.778047
-1.12613
-0.040958
2.42674
1.11657
0.0756042
-0.372384
-0.49293
0.139008
0.620156
-0.320758
0.603562
0.559636
1.98766
0.36818
0.611861
-0.777601
-0.155054
2.87305
0.20156
-0.445008
-2.15682
0.576813
0.325932
-0.319014
0.431359
0.105877
0.238859
-0.0220438
0.415006
-1.37119
-0.246995
1.05776
-0.826556
0.808561
0.812062
1.37671
0.873798
1.05196
0.80632
-0.176092
0.0628625
0.0107128
1.44318
1.50586
-1.70912
1.00829
-1.18497
0.720982
-0.348362
-0.928344
0.353343
-0.582786
-0.320863
-0.542992
-0.38211
0.651922
0.347256
-0.450201
0.628948
0.273456
-0.297054
-1.88189
1.59543
0.787788
0.213085
-0.0807111
-1.05343
0.424034
1.28065
-0.617207
-0.818983
0.909962
-1.2885
0.252945
0.415864
0.930985
-0.257679
0.601577
0.0918397
0.0863388
-0.34082
-0.950305
-0.121993
0.289677
0.0344101
-0.0709604
0.0380102
-0.258553
-0.138043
1.25876
-1.21264
0.361625
-0.750808
-1.16679
0.637873
0.566071
0.267748
-0.42225
-0.628564
0.814143
-0.374228
-0.514938
-2.74783
-1.05028
0.97042
-0.614915
-1.16596
0.0601326
0.0769576
-0.18107
-0.162373
-0.589324
0.367619
1.25428
-0.0396321
0.553322
0.409968
-1.00517
-1.57534
0.524134
-0.727785
0.577581
0.99272
1.62103
0.285705
-0.517898
-1.34608
-0.167489
0.494176
-0.337283
-0.732339
0.638572
0.381878
-0.477343
1.55792
0.540928
-0.176092
1.45197
-0.0168041
0.931605
0.148901
-2.2913
0.568977
1.78527
1.26107
0.106173
-0.93515
1.01531
-0.731923
-0.29061
0.546674
-1.55039
-0.0784299
0.845061
0.743114
-0.77207
1.02977
0.99093
0.330851
0.874978
0.0929845
-1.23406
0.558902
0.285647
0.208286
0.95115
0.0104772
1.15154
-0.115394
0.500006
-0.976268
0.965815
-0.532375
-0.137377
-0.874221
-1.01156
-1.07615
0.164428
0.0814709
0.258453
-0.695837
-1.09361
0.622784
-0.403957
0.440449
1.0724
2.37375
0.0478126
-0.340472
-0.46264
1.40744
-0.833418
0.459533
1.3078
0.2802
-1.58811
-0.517913
0.0700788
-0.852963
0.840424
-0.235425
-0.390312
-0.85668
-0.919217
0.433691
-0.580642
0.891919
-1.7996
2.32128
-0.106485
0.014087
-0.163151
-0.660587
0.0435559
0.187535
-0.72942
-0.437701
-1.46654
0.40719
-0.601221
0.766791
2.50666
1.28517
-1.30248
1.26079
-0.559267
1.1443
-2.16284
2.98725
0.423411
0.00560011
0.0338077
0.237846
0.86592
-1.26047
-2.58061
1.3571
-0.904699
0.789141
0.454791
-0.181008
1.27572
-0.142535
-1.72124
0.303956
-0.286776
-1.46144
-2.02519
-0.746682
0.288978
-0.448305
1.5445
1.09236
0.948326
-0.266863
1.19394
1.40297
0.6204
-0.631212
-0.233476
0.633214
-0.871
-0.392474
0.692412
-0.0419603
1.87158
-0.587452
-0.853127
-0.336315
1.23945
-0.478917
-0.395933
1.07901
1.04212
-1.18326
-0.183634
-0.795918
-0.257193
0.603389
-0.215505
-0.591101
0.636168
-0.780292
1.77462
0.304334
-1.49436
-0.682994
-0.394793
-0.31436
0.140983
-0.285873
-0.833645
-1.29323
-0.705813
-0.882112
1.53949
0.17903
1.46451
0.594723
-1.00349
1.14587
-0.599463
-0.135372
-2.47908
0.741418
-0.280748
0.689226
0.745121
-0.773434
0.130294
0.399679
0.628543
-1.13083
1.04665
0.250459
-0.442459
-0.164431
-2.7405
0.289084
0.973782
-0.280483
1.34607
0.709406
-0.79906
1.17657
-0.654421
0.230371
0.26484
-1.98645
1.00255
-0.674997
-0.134844
-2.58583
0.262665
-0.36003
-0.271135
-0.623777
-0.3354
-0.26613
-0.732146
2.61274
0.476828
0.0371527
-0.908184
-1.01535
0.556336
-0.360744
-1.7416
1.16465
-1.19013
-0.461624
-1.00142
-2.33772
-0.177076
-0.613671
0.115918
0.645476
0.336529
0.841499
0.651213
0.192189
-0.305596
1.68263
-0.974274
0.19119
0.766451
1.11411
-2.15903
-0.812381
-1.80229
1.51377
-1.79791
-0.0650115
-0.32015
-1.70483
0.92433
0.317301
-1.48603
-0.631753
0.708632
0.660733
0.184054
0.366345
-0.1963
0.537438
1.48531
-0.499279
-0.834192
0.082201
0.747186
-2.07141
-0.0742032
-0.59807
1.65127
0.641647
0.0555467
0.804822
-0.987563
-0.732707
-1.9107
0.506762
-0.291271
-0.98436
0.940757
-1.27389
0.135745
-0.681164
1.23137
0.741005
0.0724986
1.15508
-0.0331147
1.46859
-0.424284
1.38409
0.964253
-1.38658
0.969566
-1.14709
1.10488
1.40294
0.802724
-1.25375
0.96358
-0.370282
-0.537243
-1.50934
-2.97251
0.0768954
-1.32627
-0.297663
-0.447468
-0.529653
-0.145771
-0.473871
0.409706
-0.064995
-0.927341
0.521675
0.600201
-0.836151
-1.13948
-0.151927
-1.65232
-0.401097
-0.0500105
-0.615603
-0.762284
0.637165
0.570494
0.319137
-1.35966
-1.06894
0.244064
0.53531
-0.19651
-1.4519
0.372367
0.258746
0.192928
0.00533847
-1.05761
1.60851
-0.408559
-0.459469
-0.633717
-1.85162
-0.490904
0.792024
0.898072
-0.217076
1.45598
-0.49289
-0.185454
-0.978374
-0.302079
0.522189
-0.1414
0.429917
-1.22147
0.257393
-1.12679
-0.739604
-0.222931
-1.57893
-0.489199
1.54346
0.707415
0.389041
-1.05412
0.946884
-1.10039
0.388245
-1.14526
-1.82946
0.842331
0.395246
-0.587651
0.784028
-0.664859
1.85066
-1.15222
-0.454706
0.739095
0.76208
0.0970833
0.27146
-1.45834
-1.93639
0.402677
0.596891
0.338341
-1.41131
-0.547432
1.64176
0.0732355
-0.0431219
1.07161
-0.0195127
0.457958
-0.255451
-0.996987
-1.10107
-0.525735
0.747199
-0.511938
-0.784217
-0.642366
0.0303557
0.29747
-0.383772
-2.32505
2.21155
-2.8755
0.788608
1.0284
-0.0707132
-0.202962
0.614736
-1.49853
0.291544
0.68023
0.155447
0.90436
0.272121
1.47468
0.195156
0.623109
-1.16781
-0.0321977
-1.01631
-1.01487
0.163445
-0.103563
0.962207
1.49059
0.103553
0.669921
0.309321
-0.38439
-0.78291
-0.230764
0.185384
1.06531
0.719275
1.95908
0.362016
0.40299
0.892215
2.18006
0.244337
-0.10351
1.78536
0.0527894
0.724627
-0.119001
1.21011
0.576004
1.51986
-0.275405
-0.219409
0.621683
0.258619
-0.165243
-0.0352002
0.512963
0.360109
1.20827
-0.443672
1.0915
-1.36963
-0.166132
-0.436779
0.560051
-0.0500483
-1.04766
0.0825803
0.192567
0.583314
0.468706
0.764327
-1.32865
1.87805
0.114525
0.121213
-1.74803
0.351916
-0.503243
1.73894
-0.0444068
0.319142
1.28059
-0.668092
-0.350305
0.0810601
-0.483162
-1.15849
0.205683
-0.749905
1.21438
1.38181
0.4035
-0.0347344
0.295312
0.824885
-0.23625
0.28543
-0.790505
0.399681
-0.438326
1.13993
0.569822
-1.36856
0.581962
0.617367
2.17042
0.296831
0.73647
-1.29042
0.353024
-0.443298
-0.233007
-1.10604
0.335904
-0.9598
0.0376452
-1.91716
-0.426624
0.09462
-0.247475
-2.10927
-0.553771
-0.580142
1.00893
-0.041989
-0.929466
0.443479
0.214202
0.828052
1.04797
-0.958239
-0.764636
-0.635991
-1.1208
-0.261641
0.608172
0.202837
-1.27806
-1.26754
0.730591
0.100708
1.3099
-0.465443
0.560717
-0.566742
1.16144
0.253695
1.42912
-0.930463
1.29039
2.18168
1.91435
0.148081
0.166833
-0.320804
0.756626
-0.229399
0.0319718
-0.757083
1.78899
0.609137
-0.744576
0.778419
1.38951
-0.00474646
-1.38391
0.6384
0.233366
1.46754
-0.587821
-0.471443
0.85366
0.690962
0.362552
0.635301
-0.555273
-1.5084
-2.36839
-0.111002
-1.61468
-0.144303
-0.139415
0.73654
-1.69063
-0.652239
-1.45707
0.541286
-0.724933
-0.089694
-0.798893
0.957742
0.95404
-1.11082
0.591083
-1.20885
0.949822
-0.837432
0.166353
-0.270847
0.138795
-0.0623359
0.306553
0.714316
-1.39373
-0.320498
-0.0968302
-0.200337
0.104063
-0.531435
-0.454269
-0.117856
0.207812
-1.451
-0.25761
0.723727
-1.28204
-0.535202
1.70838
-1.59276
-1.04972
1.24532
1.61906
0.167837
0.790425
0.0407437
0.0151402
0.901037
-0.773287
0.340851
0.750984
-1.27454
-0.500958
-0.337259
-0.855731
-1.42309
-0.0889058
-1.88995
-0.116911
0.705368
1.25598
1.26461
-0.324686
-2.18933
2.29071
-1.16123
0.540159
1.71407
0.434922
0.862051
0.227129
0.999412
0.0930678
0.695466
0.202352
0.830287
1.14819
1.40986
0.423121
0.197128
-0.489443
-0.405531
-0.688446
-0.756539
-0.214631
1.42195
-2.33435
0.475053
-0.732509
-0.033483
-0.82435
-0.367916
0.206928
-0.329106
-2.08015
0.00313488
0.565938
0.682141
0.203643
0.0487761
-1.92122
0.00324024
-1.61216
1.25157
0.267505
1.1302
-0.527659
-1.94611
1.29507
1.00413
0.145118
-1.09205
-0.0182006
-0.437567
0.658717
-1.21728
-1.38283
-0.859821
-0.135118
0.084818
0.0265116
-1.1929
-0.626241
-0.0286989
-0.572851
1.66231
-1.68339
-0.363928
-0.666361
-0.634729
-1.29704
-0.618377
-0.894351
0.177456
-1.01524
0.0369029
0.601329
-1.03998
2.27372
0.466393
-0.105993
0.29834
0.11788
-0.534119
-2.01366
-0.383158
-0.017913
0.19614
-1.05508
-0.263984
-0.0237212
0.00498117
-1.58061
1.4607
-0.589873
-0.0666201
-0.7992
0.595021
0.337585
1.55088
0.676097
-0.819622
-0.449606
-0.230975
-0.11249
-0.711448
-0.353159
0.234157
-0.538623
-0.894616
1.22699
0.144678
1.86124
-1.21814
-0.123941
2.45035
-0.069919
0.767435
2.00523
1.71429
-1.03067
1.22545
0.249442
0.682681
-1.38887
1.26
-1.5039
0.681982
-0.642329
1.14952
0.0669783
-1.46927
-0.697542
0.739669
-0.759794
-0.672336
-0.698985
0.857209
0.0278578
-0.021533
-1.4076
-0.198094
-0.125133
-1.64644
0.339012
1.17155
-0.334023
1.41073
0.448712
1.18528
-0.255746
0.505841
-0.919353
0.78397
1.36735
-0.0311827
-0.651226
0.926517
0.235275
0.118462
0.142876
0.424346
-0.770485
-0.834738
0.171653
1.37521
0.682569
1.12533
0.30222
-0.373274
-1.31812
0.746035
0.211188
0.472662
-0.542006
-0.327899
-0.0918523
-0.212696
0.0397658
-0.646934
-0.30755
-1.66145
1.015
0.0871509
-0.0332772
0.196199
-1.02014
-0.629601
0.18768
-0.019393
0.78793
-0.0776525
0.292024
0.157608
-0.0279311
2.2096
-0.430944
-0.55414
0.577084
-0.267763
0.990861
1.28885
-1.13748
-0.389609
0.399117
0.499161
0.684214
-0.648204
-0.108016
-0.115052
0.618966
-0.271265
-1.05496
-1.09278
-1.19807
0.803657
0.3574
-0.523681
1.22166
0.804824
1.37938
-0.569458
-1.31014
-0.532518
-0.817663
0.145036
-1.39985
-0.387304
0.0976778
0.737207
-1.34159
-0.82351
-0.386681
-1.18387
-0.597782
-0.0914478
1.34319
-2.23588
-0.646669
1.00263
0.242939
0.639387
-0.865092
-1.12862
1.49428
1.45519
-2.24051
2.10522
0.481233
0.866849
-0.0302493
0.530567
-0.937127
0.226067
1.09297
0.600168
0.221198
0.24711
0.428196
0.529822
-1.27389
-0.385112
-1.06224
0.398092
-1.00514
1.96005
0.218433
-1.3795
0.339376
-1.28622
0.431446
-0.956236
0.154966
0.473969
-0.783891
0.118033
0.613718
-1.02292
-1.02129
0.538053
-0.956408
1.05216
-0.150832
0.595726
0.883646
0.0874213
-0.0384211
0.275663
0.281795
-0.454126
-0.280321
-0.319462
-0.558137
-1.42667
0.446416
0.356604
-0.117134
0.328199
1.94292
-0.198148
1.86196
0.0772278
0.0876153
-0.840916
-1.00508
0.625666
-0.370312
-3.39697
0.204111
-0.413721
0.206658
0.78551
-1.56721
-0.839235
-0.207801
0.0158872
0.753042
0.402274
0.368637
-1.75596
0.372755
0.277578
1.06741
-0.990288
-1.67446
-0.50699
0.38434
-1.05166
2.32614
-0.581126
-0.161725
-1.81182
-1.20788
0.261569
0.40116
-0.653258
0.0293526
-1.56048
0.404655
-0.0636727
-0.110159
0.057858
-0.358405
-0.219617
0.770557
0.0488072
0.161484
-0.193759
-0.143007
-0.0183781
0.57378
0.590682
-0.2318
-0.241512
-0.261701
0.0477358
-1.05919
-1.32631
-0.098895
0.0749569
-0.231653
0.292754
-0.712246
1.02574
0.94251
-0.834991
-1.4223
-0.0677248
-0.479483
-1.55852
0.631191
-0.636839
0.286854
1.00161
1.84066
-0.111493
-0.0238828
1.11545
0.754192
0.194315
-0.0367563
-0.213369
0.658141
0.167631
0.802071
0.58126
0.595919
0.76793
0.443516
-0.257381
-1.01014
0.415512
0.46719
-0.959454
-0.83644
0.327062
0.471972
0.929378
0.512959
1.18225
0.0021955
-0.391259
0.547457
-0.769775
-0.30457
-0.147745
0.778353
-0.368038
-0.334747
-0.72845
-0.0846076
-1.67382
2.26382
-0.344393
1.3137
0.113719
0.373247
0.298906
-0.770408
0.0676018
0.0284822
-0.535977
-0.385815
0.630178
-0.8652
-0.550244
-0.161613
-0.319104
-0.109164
-0.883684
-0.955911
0.903065
0.590225
0.883912
-0.770707
-0.375599
-0.533856
0.429084
-0.516974
-0.422453
1.19239
-0.477303
-1.54213
-0.786664
0.496387
-0.802567
-0.641821
-0.0433896
0.487027
-0.502577
0.44909
0.696023
-0.106997
-0.0826137
-1.76009
-0.0432134
1.78064
-0.524434
0.0612613
0.465472
0.168321
-0.280809
-0.951328
0.867506
2.22387
-0.994304
-0.51774
0.247054
0.934492
0.370839
-1.27624
1.4309
0.725512
-1.31629
-0.709813
-0.879415
-0.473468
-0.109475
-1.2313
1.9965
-0.46522
0.0725396
0.619679
1.2381
-0.268237
1.21252
0.0819134
-0.398576
1.22051
-0.805932
-0.576983
-0.639427
-0.470653
-1.29573
-0.815065
-0.643545
0.487395
-0.575808
-0.177215
-0.53386
0.879911
0.0348192
0.722076
1.55604
-0.120047
-0.459164
0.310023
-0.855718
-0.643337
0.602233
0.968031
-0.458324
0.0951895
1.29823
0.394828
-0.784547
-1.54085
-0.500486
-0.101012
0.332633
0.23655
0.16484
1.5293
0.529162
-0.843924
-0.505927
0.758939
-1.83357
0.102268
-0.870466
0.747361
-0.413349
-0.395619
0.498735
0.0660862
0.924617
1.11408
0.257796
1.00139
1.63249
0.555872
-0.324654
0.747404
-0.111165
1.24051
1.0717
1.15486
0.293393
-0.698431
0.864471
-0.626103
1.06309
0.48884
-0.168155
-0.285271
-0.908317
-0.211841
-1.1828
0.32203
0.309773
0.54177
1.24162
-1.5019
0.102553
0.71703
-0.518579
1.23287
0.119471
-0.126405
-1.96612
0.1937
-0.577932
0.615198
0.946061
-1.0056
-0.927105
0.450702
-0.266886
0.0751474
-0.59915
2.12242
-1.01406
-0.613426
-0.335074
-0.277826
0.610666
-0.120612
-0.315128
-0.602343
0.484979
-1.79121
0.035771
1.62835
-0.860629
-0.805367
-0.00194755
0.994207
-0.831763
-0.13235
-1.58524
-0.781865
0.555502
-1.00363
0.718652
-0.789878
-0.126315
0.170527
-2.14991
-0.0713277
0.887933
1.31327
-0.565509
0.595089
-1.57067
1.08168
1.31454
-0.880889
0.353855
0.214097
-0.844242
-0.0421916
-0.0840945
-0.637925
-0.188588
-0.081699
0.755974
-0.827491
0.28475
0.48607
1.03485
0.0927904
1.55657
0.48634
-0.987279
1.3257
-0.476743
-1.21653
0.0331465
-1.9483
1.69088
0.407385
-0.566561
-1.46448
0.972111
-0.773177
-0.902685
-1.32271
-0.744216
-0.212549
-1.07417
-1.98712
0.58341
-1.1787
-0.623689
1.10671
0.827998
-0.16858
-1.24442
-0.478043
1.72838
2.22254
0.849098
0.138101
-0.973412
0.916606
-0.176205
1.34706
-0.525088
1.41833
1.16135
0.0873451
-0.136748
0.635366
0.320408
-0.105477
-0.443256
0.100794
-1.22809
-0.955279
0.0648888
-1.75456
-1.51774
2.10845
-2.83571
0.0487935
-0.0110322
-1.21669
0.710048
0.926366
0.216614
-0.117767
0.149594
-0.0813122
-0.521529
0.131878
0.275491
0.135963
-0.0768696
-1.26057
0.895791
-0.183528
-2.84119
-0.863985
-1.49512
-0.0809524
-0.71683
-1.14107
-0.438856
0.681665
1.53398
-0.353472
-0.0578242
1.88477
1.53131
0.314095
-0.113491
2.16046
0.905232
-0.875624
-0.0411944
-0.647161
0.421185
-1.09158
1.02724
0.179702
-0.7421
-1.17889
0.777938
-0.17301
-1.14782
0.271165
0.348732
-0.504116
-0.455208
-0.609566
1.68985
-1.33106
-0.172877
0.932592
-0.386676
1.33516
-0.739764
0.846438
0.205405
-1.43457
0.0521535
-1.61185
0.137312
-0.80138
-0.370748
-0.716336
0.423355
2.54907
0.628475
1.44144
0.608611
-1.06421
0.759319
-0.119298
-0.28322
0.484741
-0.532142
0.0634535
-1.613
0.0290027
1.27915
0.279314
0.166954
0.380302
0.616958
0.963491
0.6604
1.26443
-0.424485
-0.190327
-0.145136
-0.944773
-0.432228
1.92091
0.143981
-1.17397
0.137134
-1.19598
-1.00281
0.557866
0.320836
-1.54943
0.0915943
0.481874
0.482379
0.305909
-0.0256003
-0.870059
1.11862
0.557747
0.322594
0.151525
-1.5909
0.170823
1.26861
-0.712154
1.40217
2.38055
0.764083
-1.5547
-0.554963
0.0699156
1.67231
0.0169325
-0.0362264
0.0131476
-0.607983
0.982798
-0.615594
0.059645
1.87072
1.46187
0.387735
-0.262309
1.3003
-0.985348
-0.22532
0.0180939
-0.298093
-1.08303
-0.0165203
-0.179112
-0.599752
1.382
-0.112331
-0.211071
0.195056
1.28672
0.369471
-0.328391
0.0371915
-0.0198063
0.767359
0.402485
-1.03089
-0.0982931
-0.765816
-1.06681
0.263838
0.316802
-1.19834
-1.12852
-0.166409
-0.105095
0.0927999
-0.48506
-1.21719
-0.82021
0.297996
-0.151121
-1.13314
-1.78467
-2.23135
1.23062
-0.575521
-0.290768
-0.214318
0.937616
-0.658978
0.602838
0.944568
1.1613
0.582531
0.624787
-0.36414
0.315978
0.190581
-0.00623381
0.567914
0.637793
0.311051
-0.573315
-0.684976
-0.290581
2.02666
-0.450854
-2.08187
-0.842124
1.31353
-1.00627
-0.153822
-0.547582
-0.569158
0.346203
1.0893
-0.901019
0.3729
1.82338
-0.984631
1.40605
0.545371
0.638112
1.74383
-0.537931
-1.40272
-0.304167
-0.361888
-2.68041
0.303107
1.2517
0.200592
0.13003
0.123733
1.13991
-0.362452
-0.827104
0.114854
-0.941063
0.479776
-0.304991
-0.137775
0.864563
-1.14223
0.172357
-0.126435
1.42533
1.14732
1.45206
0.487395
-0.00179266
0.0910336
0.60458
0.161483
-1.88246
-1.50694
-0.585837
-0.587021
-0.0604454
-0.440622
0.104492
-0.986158
-0.0575094
-0.737856
-0.150107
0.613967
-0.956325
-0.451182
-0.857598
0.504552
0.655542
0.259228
1.08269
-0.0397153
0.0646654
1.07568
0.893887
-0.868788
0.658866
-0.542988
0.0485568
0.126574
0.0614949
0.994128
-0.826732
0.0756925
0.85386
0.790474
-1.43602
0.180255
0.598503
0.184518
-0.775086
2.30313
0.702326
1.36969
-0.574284
0.243807
0.0558331
0.727122
-0.422133
-1.38603
0.620455
-0.408707
0.723406
-0.656968
-0.284908
1.37814
-1.25387
0.73983
-1.68155
0.762736
-0.292232
-1.09825
-0.20658
-0.666663
-0.595474
-0.925882
-0.616723
0.606917
0.673203
0.652518
1.65015
0.592592
-0.635075
1.59025
1.08641
0.370181
2.12224
-0.557227
-1.74272
-0.595886
-1.31741
0.500818
0.560756
-0.415403
-0.0977893
-0.19054
-0.638661
0.390227
-0.451214
0.80632
0.150264
-0.551644
0.184131
-0.825836
-0.858345
0.229483
0.403675
0.27567
-0.69033
-0.355864
2.37985
-0.972472
-0.859104
0.112282
-0.536134
-0.17068
-0.679921
1.32696
-0.0590199
0.130401
-1.19416
0.917523
-0.225828
-0.485338
1.2396
0.346476
-1.44161
-0.455588
0.0685605
0.308362
0.599377
-0.72255
0.704889
-0.0543503
-0.793742
-0.26155
1.77887
-0.809266
0.886635
0.409482
0.199631
0.275197
-0.154267
1.03548
-1.21001
1.25511
0.158907
-0.117422
-0.905511
0.736688
-0.829841
0.0953233
0.612858
1.63343
-0.125344
0.430367
-0.329981
0.603451
0.987235
-1.27111
-0.19841
1.66381
-0.211125
0.829312
0.711102
0.592193
-0.176864
0.133327
0.123677
-0.0580567
1.21208
0.201822
0.693098
-1.17305
-0.987903
-0.497576
1.1503
-0.653644
0.677718
0.722954
-0.0207563
-0.811681
-0.292023
-1.283
0.1516
-0.202053
0.683366
-0.892586
0.0772566
-0.605318
-0.224509
0.518241
0.259355
1.12653
1.53576
2.05904
0.754532
1.0197
0.724845
0.913995
-0.439111
-1.53108
-0.597002
0.322953
-0.70819
0.178627
0.429087
0.403164
-0.338738
0.419043
-0.13698
-1.09683
-0.791318
-0.406998
1.73596
-0.515389
0.865817
-0.732911
0.548604
-0.615384
0.828307
-0.84714
0.903051
-1.66893
0.880912
-0.559133
0.858166
-1.97862
1.23783
-0.137968
-0.877534
-0.372426
-0.838421
-1.66494
0.924791
0.323709
0.647038
0.347587
-1.83535
-1.42331
0.163137
-1.03318
0.404853
-1.19948
-0.985417
1.10573
0.954451
-1.85748
0.430077
-0.0386098
0.246872
1.23316
-0.232437
-1.33228
-0.434332
-1.23143
-1.05166
-0.10163
-0.0416251
-0.84979
-0.974635
-0.301261
-1.21768
-0.826095
0.930903
-0.226287
-0.421191
-1.04089
-0.332103
-2.37242
0.179104
0.938296
-0.105471
-1.00577
0.650432
2.30759
1.62002
-1.0108
-0.24721
-1.25271
0.0542395
1.52655
0.781146
-0.905054
0.380877
-1.98378
0.0769578
0.448734
0.91563
-1.89971
0.496719
0.888895
0.118282
0.460648
1.25238
-0.843983
0.162359
-1.48997
0.615812
-1.63951
-1.73666
-0.582978
-0.209112
0.0931421
-1.62419
2.14107
-1.70161
0.654234
1.09873
0.836668
0.726538
0.452197
1.74363
-1.97737
0.918328
1.30487
0.571327
0.566637
-0.330002
-1.77038
-1.0912
0.124024
-0.172179
-0.571221
-0.341978
-1.22064
0.828238
0.63405
-0.982721
-1.04356
-1.14321
0.0662743
-0.166171
0.303975
-0.853615
1.07209
0.969863
-0.127726
-0.275406
0.406675
0.284783
-0.74448
-0.409659
1.58641
0.203424
-0.788437
-0.143039
0.352624
-0.257272
-0.538601
-0.244357
0.583896
0.823793
-1.56163
1.67498
-0.670055
0.819203
-1.39523
-0.899362
-0.32144
0.334908
0.0631945
0.962425
-0.62476
2.25046
0.0925118
-1.15591
-0.171614
0.388309
-1.05706
-0.405674
0.214523
-2.59355
0.685476
0.72646
0.030793
0.935983
0.00263481
-0.149394
1.23877
-0.278974
0.252715
-0.289606
-1.0735
2.02194
0.474388
1.13912
1.14288
-1.33326
-0.075494
0.464364
-0.031381
0.960097
0.728442
0.235322
-0.268302
1.42238
-1.26936
-0.366419
0.425596
0.0590299
-0.410209
-1.89778
0.0124008
-0.365315
0.969333
-0.334591
-0.539289
-0.146556
-1.07739
0.78679
1.51933
-0.256751
-0.923535
0.427433
0.5655
-0.891009
0.553341
1.6613
0.653325
-0.214641
0.601394
0.450821
0.0182575
-1.7896
0.379649
0.0251252
1.66767
-0.0154019
-1.30342
-1.32367
0.905143
0.744272
-0.0725194
0.538757
-1.35481
0.821207
0.0894071
0.608147
-0.685946
0.704552
0.562497
-1.1561
1.07778
-1.02995
-0.436412
0.308215
-0.279709
0.133947
-0.640691
2.04364
-0.498494
-0.463556
0.388676
-0.0166127
-0.863074
0.963236
-0.317145
-1.229
-0.923652
-1.07473
0.711067
1.11981
-0.0911725
0.0614618
-0.438423
0.428218
-0.991093
1.02053
0.618885
-0.578167
-0.794334
1.46253
1.22356
-0.32867
-0.0591955
-0.161587
-0.333017
0.66662
-1.18439
-0.294268
1.10463
0.417839
0.331592
1.08998
-0.143021
-1.32744
0.472772
0.185608
-0.701018
0.603587
-1.10546
0.944339
0.514607
-0.411887
-0.732085
-0.326327
0.184339
-0.908985
-1.40944
-0.705882
-0.814698
0.527183
-0.296897
0.908268
-0.00834691
-0.862503
0.531462
0.462351
-0.188695
-0.837423
-1.73608
0.146906
1.10523
-0.236565
-0.300708
-0.716425
-0.00828924
-0.861266
-0.519655
-1.85728
1.41518
0.0862627
1.66725
-1.18404
1.90971
-0.754815
-0.52744
-2.25954
-0.897113
1.79481
-1.01701
-1.21052
-0.384644
-0.845148
-0.130308
-1.25105
-0.794881
0.07864
-0.0525371
0.590432
0.533268
-0.517912
0.712397
0.994089
-0.35815
-0.569123
-0.199859
0.275764
0.137993
-0.203338
-1.86178
-0.883571
-0.879176
0.419568
0.575664
-0.757814
1.88298
0.495488
-0.710783
-0.141262
-2.07929
-0.0707847
0.0840311
-0.207434
0.388255
-1.8145
0.172064
1.90356
-0.857074
0.253926
-0.160033
-0.13925
0.505052
-0.344709
-0.155605
0.66069
-0.294024
1.00697
0.75908
1.61515
-0.0236336
0.409921
-0.313698
1.23976
-1.46009
-0.0333337
-0.308621
0.166024
-0.465464
-0.85626
-0.39207
-0.12207
0.535528
0.646145
-3.11053
0.286025
0.604507
0.235805
0.586066
-0.0820112
-0.541742
-0.519777
0.0274661
-0.102297
0.232169
-0.238407
-0.163828
-1.89649
0.454555
0.577057
-0.600807
-1.5864
-1.79527
-0.497268
-0.810762
-0.250607
-0.189355
0.851033
-0.62598
2.40511
0.0185666
-0.245369
0.67057
0.330571
0.759128
0.115764
-1.23716
1.00343
-0.0214754
-0.158991
-0.640438
-0.544038
0.420541
0.414018
1.02082
0.551343
-1.96469
-0.254337
-0.611238
-0.511975
-0.351191
0.418923
-1.175
0.567093
-0.894526
-0.885829
-0.123046
1.39722
-0.447118
0.647548
-1.26184
1.13784
-1.00785
-0.569596
-0.641311
-0.705185
-0.912891
-0.70655
-0.495919
0.593863
-0.00643815
-0.350909
-1.89787
-0.299059
-2.65647
-0.719604
-1.11454
-2.24686
0.75102
0.598342
0.360571
0.16024
-2.21271
-0.421059
-0.189126
-0.839695
0.389508
-0.142551
0.77754
-0.703439
2.81577
-0.0391689
-1.00472
0.857566
-2.53868
-1.21733
-0.329305
0.579697
0.0027414
1.39223
-0.17425
-0.0958374
-0.354649
0.443938
-1.00838
-0.713523
-0.875141
-1.06973
0.872967
-1.48308
0.702384
0.844719
-2.30473
1.09324
0.505069
-0.771977
-0.0810569
0.325352
0.345282
-0.749446
-0.948748
1.18833
-0.19693
-0.0631821
2.64327
-0.293363
-0.56278
-0.692005
0.379189
1.45024
-0.690528
0.484847
-0.443121
0.109352
1.49276
0.477358
-1.71032
0.227051
-0.139544
-0.785241
-0.319212
0.285297
0.621387
-0.218413
0.64829
1.28925
-0.20934
0.120888
0.56886
0.606585
0.77317
-1.67037
1.83608
0.339828
-0.940341
-0.815309
0.0834537
-0.833081
1.56848
0.286294
0.459867
0.29112
0.0140102
0.366447
-0.105997
-1.08796
1.53612
-2.01642
0.335229
-0.0849994
0.0984538
-0.851597
2.31712
0.524319
-1.11223
-0.353919
-0.101844
0.414579
-0.80955
0.778929
0.0662354
-1.1811
1.16708
0.774449
0.0743135
-0.453736
-0.96805
0.477854
-0.870224
1.72735
-0.535195
-0.693493
-0.830145
-1.15184
-0.00765781
-0.913121
-1.11352
0.254053
-0.101504
-0.906482
0.967283
0.344833
0.502729
0.679612
0.0956507
0.567074
0.657485
-0.152044
0.653781
-0.471808
1.00621
0.151323
0.190364
-0.580094
1.22906
-0.272571
-0.640616
-0.520674
0.466952
1.01446
0.581903
0.644669
-0.355577
-0.189898
-0.505602
1.00418
-1.89561
0.728641
-0.831754
0.828272
0.963091
-0.909642
-0.204844
0.989935
-0.112356
0.469694
-0.438305
1.24444
-1.61375
0.362423
0.379883
0.0834132
-0.451112
-0.840148
-0.937442
-0.149299
1.26707
-1.82288
-0.758303
-0.518023
1.6087
-0.295621
-1.02935
-0.135087
-0.888726
0.0890898
-1.02057
-1.52257
-0.351108
-1.04854
-0.339908
1.31639
0.556719
1.07098
-0.404364
0.603749
-0.268109
2.62457
-0.0644544
-0.759117
0.259676
-0.17214
0.173429
-2.77314
-0.971968
0.991435
-1.12406
0.0385255
0.304476
-0.945698
-0.14548
-0.0835323
0.678305
0.999887
1.12001
1.81354
0.999447
0.112714
-0.245517
-0.156406
0.385419
-0.498965
0.152931
-0.80904
-1.2917
0.849028
1.57158
-2.48684
0.642893
0.559152
-1.30384
-0.368121
0.0339391
0.843574
0.421226
-0.117981
-1.75025
0.656929
0.385915
-0.220048
0.924614
0.732077
0.653012
1.37301
-1.09482
0.022299
-0.754751
0.106004
-0.921597
0.594123
-0.0471577
0.967592
-0.860064
-1.18829
-0.625416
-0.151711
-0.377004
-0.575956
0.76295
0.334882
-0.394623
0.824198
0.873357
1.18694
1.15285
0.774076
0.914933
0.239367
-0.601655
0.128147
0.285216
1.05421
0.726272
1.19366
-2.1834
-2.46056
-0.664073
-1.00703
-1.28242
-0.0658107
-1.32576
-1.47995
-1.0672
-0.587438
-0.862028
-0.513036
-0.0654793
-0.372772
0.712119
-1.53068
-0.52674
-0.828676
0.17562
-0.478506
0.481422
0.233404
0.160237
0.283724
-1.26555
-0.745609
-0.0810936
-0.32499
0.98266
0.993304
-0.972416
-0.197997
-0.0589828
-0.0896807
0.372974
0.184229
-2.2822
0.662369
0.181194
1.70023
-0.989378
-1.451
1.91828
-0.951008
-0.516906
-0.941517
0.189772
-1.25539
-1.82859
-1.50434
1.28498
1.58891
-0.0487155
0.792045
-0.508766
-0.595783
-0.100919
-0.317773
1.11281
-2.20043
0.911512
0.424307
-0.478892
-0.699167
-0.01127
-0.730652
-0.591352
-0.00478061
-1.14689
-0.252783
-1.79474
-2.11997
-0.693652
0.096983
-0.595289
0.272057
-0.572855
-0.193236
0.426288
0.896154
0.204495
1.00658
-0.825715
-0.036307
0.169749
-0.0675249
-0.410481
0.123856
-1.53818
-2.12016
0.5187
-0.874414
-1.52644
-0.26273
-0.821059
-0.461762
-0.193463
-0.116141
-0.153202
0.634098
-0.0423456
0.993412
-1.52765
-0.318028
1.19492
-0.86017
0.584894
1.37678
-0.45618
1.46803
-0.903847
-1.12847
0.229372
0.192849
-1.10646
-0.422731
1.53964
-1.36016
0.435481
0.636219
0.659483
0.529636
-1.03926
0.410762
-0.258202
0.410205
0.607759
-2.19394
0.742582
0.660477
0.259827
0.174479
-0.0788386
-0.510525
0.777348
-0.196807
0.0559183
-1.0729
0.43158
-0.243034
-0.194451
-0.0143536
0.768895
-0.510031
-0.0496484
0.81951
0.283071
-1.44626
0.956447
0.531301
-0.275876
-0.476186
-1.7355
-0.914395
-0.362017
-1.38878
1.01312
0.231953
0.00335803
0.346669
-0.981391
0.250731
0.48616
-1.06686
-0.8225
-0.396822
0.313413
-0.474813
-1.36783
0.0376214
0.0767704
-1.28648
0.232545
0.472123
-1.07413
1.59372
-0.893807
0.83792
-1.39606
-1.40472
1.66386
1.49729
0.435814
0.414638
1.30824
0.492593
-1.09746
-1.13414
-0.074609
-0.19779
0.0406337
-0.971147
-2.01691
-0.676141
1.3321
0.663345
0.320808
0.216929
-0.114592
0.625185
0.67618
-0.963441
-0.713734
-0.108277
1.38017
0.744585
-0.183615
0.0706206
0.0047095
2.46461
-0.74477
0.670875
0.311156
0.134285
-0.520939
0.491847
-0.00812275
1.37794
-0.594999
0.927317
-1.04654
1.15545
-0.826401
-0.841966
1.50736
0.409163
0.854894
-2.11502
-0.504251
-0.585581
2.02603
-0.878456
0.0376336
0.382213
-1.0967
-1.46084
0.307149
1.51144
0.270945
-0.807064
1.17777
-0.139966
0.715147
0.660252
-0.902373
-1.04048
0.627698
-0.585524
-0.760584
0.572309
0.0515091
-0.702508
-0.357435
0.218015
1.06745
0.0503048
-0.362365
0.557054
-0.927319
0.610042
-0.370185
0.394507
0.449589
0.310851
-0.732698
0.506942
0.957944
-0.489799
-1.25312
-0.686633
1.70777
0.904242
-0.00689758
-0.254646
-1.02104
-0.691493
-0.981098
0.806934
-0.98178
0.587075
-0.16342
0.262557
1.00262
0.603065
-1.53829
-1.53954
1.66163
-0.547961
-1.41957
-0.761813
0.5775
-1.17016
0.866906
0.488641
-0.353909
-0.272228
0.759351
1.05597
0.524413
-1.1232
-0.124358
-0.622694
-0.772907
0.700944
-0.847993
-0.366067
0.117083
0.282715
1.45066
-1.22902
-1.00157
0.729424
-0.441731
-0.400638
0.780236
-0.434922
-1.18919
0.910727
1.24196
-2.39097
-1.76887
-1.74257
0.052963
-0.22521
0.17924
1.44266
-1.21366
-0.0397909
-1.72309
1.76134
-1.72513
-0.138636
0.913826
1.67605
-0.391846
1.26744
-0.287594
-0.219944
0.614786
0.0963866
0.199227
1.4729
0.793511
1.08537
0.186423
0.793762
-0.161346
-0.0344703
-0.266921
0.601601
1.34796
-1.3863
-1.26922
0.571339
-0.0103059
-1.17736
0.675079
0.405663
-0.534032
-0.311943
-0.31284
-0.836063
1.02613
0.59332
0.0251209
-0.23303
0.677007
0.402187
0.268351
-0.767381
0.990104
0.530884
-0.815159
-1.45365
0.225238
-0.229941
-0.0897138
2.07682
1.50454
0.0987579
0.498998
-0.307285
-0.581704
0.194462
-0.233916
-0.400584
0.22181
0.198654
0.0623065
0.438202
0.754276
0.979465
0.378369
-1.32133
-1.59871
1.1677
-0.258122
-0.668563
-1.13717
-0.0363706
0.333379
0.203479
-1.46972
-0.172243
-0.254015
-0.764083
-0.144785
0.54226
-0.828422
0.70231
-1.44836
-0.887813
-0.407757
0.246815
0.250067
0.540337
1.69619
-0.0663162
0.33434
0.629718
0.334055
0.00100652
-0.263559
-0.528349
-0.218109
-0.625775
-0.0300622
0.24042
0.441625
-0.208637
-1.15112
-1.96952
0.830628
-0.122485
-0.885897
0.0382612
-2.31235
-0.273297
-0.175296
0.63709
0.157802
-1.23707
-1.57669
-1.23359
-0.0504696
-0.857301
-0.151575
-0.550375
-1.42051
0.451088
0.795806
-1.51344
1.41981
-1.78139
1.18053
0.497498
-0.681348
0.525406
0.433196
-0.242426
0.428194
0.359726
-0.0200926
0.323292
0.299287
-0.650852
-0.108473
-2.63601
-0.116202
0.275909
0.138287
-1.07649
0.510622
0.564105
-1.69983
0.357242
-1.30469
-0.633237
-0.132642
0.237616
-2.39409
0.292637
1.11292
-1.16026
-0.94858
-0.183147
0.317468
0.20287
-1.3711
0.53486
-0.48183
1.22521
0.29774
0.0272964
0.620317
0.175335
0.248242
0.700114
0.716549
1.28518
-0.488921
2.24411
-1.08039
-1.61288
0.697149
0.721172
-0.201402
-0.536569
-1.34854
0.228653
0.0835146
-1.03723
0.200801
0.23825
-0.303098
-0.289611
-0.242728
-0.505429
0.465909
1.33485
-1.75118
0.428545
-0.106558
0.594
-1.0161
-0.55279
1.11376
0.116492
-0.121522
1.12928
0.703405
1.35052
0.674206
-0.836486
-0.727276
-0.475555
1.74188
0.703621
-0.430437
0.674502
1.06523
-0.809248
-0.338919
0.321508
0.517472
2.01478
-0.166413
0.860339
0.853621
-0.601576
-0.893631
0.149891
-0.33455
-0.182477
-1.33201
-0.543353
-0.34153
-0.0541132
0.141355
-0.172625
-0.69355
-0.159408
0.090413
-0.785813
-0.511718
0.841728
-0.734729
-0.392901
-0.281064
-0.730013
0.0605597
-0.0023842
0.019594
-0.48493
0.405767
0.204685
-0.384767
-1.81204
-0.594626
0.290893
0.739713
0.458012
1.12283
0.490637
0.49414
0.521921
-0.425916
-1.68636
-1.53917
0.581407
0.297594
0.457686
-0.059981
-0.535541
1.62031
-0.346275
-1.75152
1.12944
-0.543075
-1.11609
0.769144
0.696208
-0.312191
-1.72126
-0.232798
1.16345
0.585615
0.0799789
-0.770044
0.444596
-0.529457
-0.0547825
-0.83017
-0.753234
0.241241
-0.272587
0.531725
-0.89436
-1.81342
0.374352
0.365302
-0.243627
-1.45541
-0.92434
1.77007
0.15009
-1.31492
-0.951897
-0.0220291
-2.29728
1.76032
0.911969
2.00838
0.601686
0.195774
-2.07766
0.496094
0.675521
-0.946605
-0.32186
0.109571
1.32482
1.04259
0.212856
-1.71021
-0.0367327
1.48724
-1.99265
1.37931
-1.25148
1.67337
0.222207
-0.28512
-0.153892
-0.263694
1.10823
-1.44498
0.536704
-1.96978
-0.260245
-0.898674
-0.378073
0.0248732
0.569427
-0.444928
-0.0459255
-0.288074
-0.312289
0.587167
0.590457
-0.765826
0.680881
-0.0920643
-1.06347
-0.810902
0.225745
-1.4956
-0.0814135
-1.01828
1.08688
-1.56154
1.49337
1.27548
0.221834
-0.235276
-0.189297
0.75852
-1.79129
0.28986
-0.703663
-0.749028
-0.176008
1.66226
-1.78077
0.582647
-0.27061
-0.101534
-1.29318
0.0267658
1.15735
-0.331574
0.178698
-0.107201
-1.00856
0.114925
1.21369
0.181962
0.0896315
1.18888
-1.21266
-1.37643
0.581206
-1.10579
2.09566
1.87324
0.166298
2.13997
2.03647
-1.10484
1.42725
0.445593
-0.612366
0.966777
-0.42261
-0.853024
-0.227563
0.682135
0.365269
0.278451
1.38987
-0.101922
0.315017
1.00406
-0.92232
-0.602067
-1.13638
0.722871
1.60065
-0.34689
-0.200846
-0.0170873
0.434196
0.135719
0.266694
-1.26338
0.743987
0.552012
0.0631217
-0.73741
0.591893
-0.661115
-1.76348
0.356665
1.54836
-0.723868
0.382421
-0.840028
0.0887089
0.345266
0.976915
-0.440386
0.717204
0.79357
-0.175547
-0.438197
0.330473
-0.620547
0.603723
-0.611071
0.11399
-0.430551
-1.77479
-1.26965
-0.593783
-0.257846
-0.872674
0.0633994
0.532512
0.119485
-1.74353
-0.0685431
-0.839397
-1.04808
0.345417
0.545805
0.216253
1.50375
-0.24017
0.173341
-0.723716
-0.867768
-0.771653
1.72487
0.654877
-1.46295
-0.235471
1.49281
0.142534
-0.476947
-0.354413
1.59062
0.946823
1.6925
0.871294
0.667016
0.494103
0.0908066
-1.55481
-0.980183
-1.12643
-0.0546424
-0.461433
0.522118
-0.115524
0.276591
0.244954
0.4303
0.0268056
-0.418924
0.73333
-0.833895
0.0217777
0.221124
0.754392
1.1407
-1.1508
1.03402
-0.832824
0.514103
1.03578
-0.188871
1.73304
0.627195
0.529248
-0.968174
-0.713647
-0.466597
-0.562832
1.43865
-0.871934
0.394621
-0.157362
0.109535
0.411342
-0.0568848
-0.743138
-2.36352
1.37199
0.598851
0.31993
0.38188
-0.977116
0.377368
-1.52231
-0.571463
-0.654095
1.55033
-0.599735
-0.471206
-0.000739873
-1.19116
0.335628
1.05583
1.19665
1.6847
-1.13855
1.13591
-1.36347
-0.0258289
-0.117099
-0.274717
1.12679
0.0489091
-0.179867
0.624836
-0.729523
-1.3073
-0.607002
-0.720131
-0.181512
1.46144
0.501952
1.3207
0.0557389
-1.47083
1.34458
-0.754423
0.770674
-0.690961
0.66667
-0.574586
-0.0922363
-0.400497
0.767877
-0.248234
1.20332
-0.979042
0.980975
-0.516934
0.590921
-0.641788
-1.80862
-0.63021
1.87493
0.864741
0.439181
0.84782
-0.85746
-1.03165
-1.63557
-0.5157
-1.47205
1.79495
-0.528264
-0.00874917
-0.3745
-0.740888
1.45294
-0.538706
0.921596
-0.66412
0.480902
-0.939307
-0.705046
-0.715968
-1.0883
0.329637
-1.07409
-1.0835
-0.103727
0.306322
-0.27999
-1.08798
-1.76247
0.00711643
1.23627
0.257245
-1.93859
0.136264
-0.0822706
-0.0748186
0.864504
0.272168
0.76169
0.739709
-0.593287
-0.521349
-1.4293
-0.359982
-1.13793
0.617861
-0.381215
-0.227159
1.61628
-0.496093
-0.557738
-0.176221
0.183845
0.625679
0.164385
-1.99143
0.192986
0.724454
-0.253922
0.746884
0.18788
-1.73543
-0.667156
-0.0516396
0.485568
-0.489274
0.112063
0.316202
-0.357371
0.391985
0.365343
0.0404885
0.202807
0.69577
0.491864
-1.23199
2.09174
-0.617424
-1.55438
1.08218
0.906531
-0.870097
-0.262157
-1.16208
-0.0241856
-0.113195
0.165783
0.815649
0.087023
0.516926
1.85469
-0.501575
-0.154945
0.245369
-0.236233
1.12366
1.64107
2.07195
-0.596258
-0.930107
1.1846
0.0828919
-0.270089
1.10181
-0.577012
-1.03642
0.0866485
0.444796
-0.256683
-1.79002
1.93178
1.07533
-0.197644
-0.422522
-0.246044
0.563602
0.300367
-1.52223
-1.88693
0.826405
-0.244155
0.274414
0.99436
-1.86771
-0.529035
0.528883
0.257619
-0.277869
-0.300606
-0.00590395
0.476769
-0.325817
-0.707092
-1.46755
-0.175076
0.231266
0.365486
-0.208807
-0.293065
-2.27261
1.27743
0.843417
0.896366
1.64953
1.09977
-2.07324
1.35329
0.531714
0.192339
0.172099
-1.29077
0.179612
0.158141
-0.843458
1.45426
0.0566253
-0.141932
-0.336682
-0.272495
0.316191
0.821255
-0.19669
0.518462
-0.411034
-0.0124065
0.304235
-0.756204
-0.534847
0.529007
0.487218
-0.691934
1.39673
0.431057
0.625902
-0.211853
-0.303566
-1.32999
1.05647
-0.849981
-1.03512
0.367398
-1.56728
1.15446
-1.17605
1.15676
-1.15602
-2.01725
1.23156
-0.605113
0.0439541
0.858529
-0.429439
-0.540077
0.541077
0.0491584
-0.948659
-0.640543
0.989235
0.17635
0.146334
-0.954237
-0.0835802
1.38679
0.679062
-1.92434
-0.232636
0.330512
-0.395495
-0.59121
1.84339
-0.889043
1.30918
-0.202686
-0.288832
-0.0770384
-0.691524
-0.93565
-0.0914979
-0.323581
1.70533
-0.584318
0.32848
1.21067
-0.422796
0.192656
0.772547
-0.715876
0.390763
-0.62117
-0.975293
-0.724408
0.0849872
0.225179
-0.275843
1.68553
-0.481341
-0.381296
0.37885
-0.174864
-0.180819
-1.65108
1.77701
0.360487
0.442995
0.0848837
1.2585
-1.30388
1.77568
0.685505
-0.873541
-0.012966
-0.076613
-1.6492
0.756893
-0.412275
-1.30836
0.807445
-0.364424
-0.277039
0.646884
-0.0389543
-0.223871
0.000490776
0.475897
1.04322
-0.753847
0.555421
-0.144333
-0.772474
0.116503
-0.9475
-0.143081
-0.543388
1.01536
0.0618453
1.07662
0.517086
-0.26268
0.0311187
0.861576
-1.56465
0.51723
-0.494179
-0.629595
1.83239
-0.315577
-0.0521708
-0.00950724
-1.35465
-0.648496
-1.09666
0.233819
1.53566
1.09664
-0.202695
1.08701
0.53748
0.600214
0.168563
-0.533486
-1.16243
0.00278653
0.224677
-1.32355
0.666573
-0.525038
0.177921
0.803695
0.497742
-0.493456
-0.195923
-0.750937
-0.525783
-1.22616
0.467641
1.41703
-1.06262
-1.12131
-0.562284
1.04886
-0.278005
0.724232
1.08016
-0.151048
-0.404816
2.14001
-0.299886
0.626358
-0.924256
0.461108
0.621271
-0.757065
0.529531
-0.958095
-1.62603
-0.074872
-0.487816
-0.584783
-0.527212
-0.556089
-0.553066
-0.759844
0.111591
0.21148
-0.700092
-0.959568
1.03235
0.519137
-0.269809
1.17691
-0.468123
-0.748369
-0.439676
-0.262491
-0.595909
0.867644
-0.0301136
-0.0545315
0.841559
-0.763887
-1.03754
1.46549
-0.791702
0.903558
-0.482358
0.386064
-0.0892997
1.19234
0.793798
0.656016
-0.639672
0.352657
1.00961
-1.37552
-0.329969
-0.842414
-1.11543
0.0499546
0.719998
0.120772
-0.424339
0.621444
-0.962791
-2.15813
0.391806
-0.514482
-0.286965
2.33558
0.413329
1.98894
0.142366
-1.71141
-0.0875739
-0.637671
-1.42355
-0.528549
1.18934
0.167991
-0.464635
0.352509
0.775721
0.896565
-0.882349
0.0589669
1.65199
-0.762468
0.40064
1.44827
-1.13237
0.337177
0.419788
-0.56295
-0.146241
0.247417
-0.519796
-0.209354
0.575028
0.540811
0.384618
0.29974
-1.08667
0.507842
-0.159691
0.889533
-0.846717
-0.405509
0.79046
1.367
-0.357535
0.537574
1.13915
-0.132574
0.64707
-0.466532
0.145356
-0.142943
0.902791
0.076706
0.178494
0.527889
-0.752326
0.100001
-2.00841
-0.0242197
-1.279
-1.40451
0.54283
-0.278171
-0.592915
0.317894
2.59871
-0.0790499
-1.66462
-0.887829
-0.15968
-0.116745
-0.478795
0.149607
0.00917241
-0.621998
0.00697799
0.0734929
-0.00538748
-0.2527
0.337598
-0.047991
1.46173
0.473483
0.740598
1.06738
-0.33652
0.444315
0.081577
0.738405
-0.26627
0.3245
0.831015
0.900461
0.56123
-0.520398
-0.619051
-0.828986
0.257514
0.5242
-0.385439
0.750597
0.5553
-1.83574
0.341434
-0.611762
-0.692361
0.684872
0.679694
-1.67324
-0.333656
-0.351795
1.11915
0.0312422
0.0121038
-0.397293
1.40766
-0.355616
-0.387231
-1.54998
-0.359
-0.603346
0.160597
-0.437849
-0.188514
0.778242
0.394031
0.417711
1.25052
1.07018
-0.650294
-0.565613
-0.24928
-1.24971
-0.124198
0.853197
1.19973
0.577617
0.580074
-0.148859
0.781244
0.20682
0.378241
-0.0655911
-0.611126
-1.20081
1.32642
0.257019
0.638985
1.96268
-0.684952
0.397918
-0.148724
0.291582
0.358821
0.306123
-1.19632
0.56047
1.84074
0.750039
0.733599
-0.814696
-0.782993
0.641466
-0.550676
0.588168
0.914288
0.503186
-0.458896
0.774624
-0.913787
1.56782
0.375652
-0.737287
0.199382
-1.52817
-2.07275
2.16073
0.491874
-0.1885
0.35
0.402858
-0.0620572
-0.381046
1.708
-0.606004
-0.919002
0.411937
1.3443
-1.73873
2.25038
-0.389761
-0.579956
1.2951
0.80673
0.163194
0.707223
0.340392
0.679159
0.705824
0.00839669
0.531519
0.110783
1.07453
-0.268284
0.391455
-0.682255
-0.192395
-0.830837
-1.2841
-0.159038
-1.05371
-0.234442
0.946628
0.223287
1.7652
-0.238571
1.43539
1.07362
0.649944
1.50512
-0.0670394
-1.7635
0.447899
0.936509
0.42668
0.310342
0.998805
-0.769742
-0.461595
0.748367
-0.14269
-0.554725
-1.12033
-0.207034
-0.508394
0.15686
1.2053
0.288494
0.639178
0.177835
1.76547
0.879848
-0.492292
0.63552
-0.57939
1.09581
0.746954
0.443262
-0.728343
-0.894593
-0.710186
-0.496295
1.35083
0.206266
1.0223
1.0842
-0.874653
1.57114
0.920363
0.548007
0.267991
-1.02384
0.313636
0.7931
-0.68395
1.82974
-0.329992
1.30941
0.621565
-0.189656
-1.40233
-0.528036
-0.230987
-0.374929
-0.533525
-0.832737
-0.00841228
-0.262915
0.32329
-0.473975
-0.547834
0.419252
-1.17663
1.04718
1.2194
-0.548297
0.013796
-1.18296
0.503848
1.82712
0.934733
-1.59005
2.3354
