-0.763219
0.450368
-0.038943
0.0802657
-0.434512
-0.0913725
-1.03232
0.585747
-1.43182
0.33445
0.581025
-0.17183
0.405153
0.560929
0.746172
0.955465
-0.143319
0.637499
-0.276169
-1.94164
0.862714
0.564383
0.912685
0.515484
-0.351656
-0.924551
-0.00558926
-0.339099
-0.136788
-0.170609
-0.312385
-1.05865
1.10922
0.704227
0.201706
-0.183639
-0.874485
-0.279263
0.898225
-0.353798
-0.184304
0.717455
-0.942589
-0.456762
0.123329
-0.345848
0.246053
-0.98597
-1.69493
-0.0619195
-0.1345
0.450081
0.427784
-1.27193
-1.28864
0.900506
0.859837
-0.298125
0.722358
-0.0728242
-0.24419
-0.699685
0.875167
0.941687
-0.704204
0.539041
0.592649
0.906425
-0.13556
1.07349
-0.753279
0.411568
-0.7276
-1.02469
0.754543
0.967394
-0.119174
0.11128
0.371316
-1.58264
0.361263
-0.298697
0.386736
-0.629945
-0.931715
-0.374118
0.831501
0.943197
-0.339198
0.46294
-0.868909
0.537435
0.652008
-0.0200412
0.764012
-0.413469
-0.268078
0.142562
-0.436395
-0.786203
0.422008
-0.405528
0.345256
0.805141
0.806118
-0.905498
1.56531
0.661455
0.86222
0.109471
-0.817782
0.196575
0.715083
1.23332
0.838773
0.240774
0.0356846
-0.341603
-0.403184
0.40512
-2.49777
1.05469
0.64019
-0.2021
0.35519
-0.265965
0.746308
0.339392
-0.729266
1.00542
1.34688
-0.107824
-0.607835
-1.27675
0.651148
-0.161729
1.38129
0.0443622
-0.283811
0.00655624
-1.11662
-1.08142
-1.04126
-0.736425
0.25325
-0.982503
0.0701528
-1.52663
0.0990195
-0.47111
-0.772642
-0.384456
0.477675
-1.24476
0.0222853
0.420287
-0.174218
0.306402
1.02103
-0.674975
1.25683
-0.215852
0.940344
0.216428
0.0568803
0.560097
-0.839367
-0.466962
-1.32402
0.113249
0.922212
0.284727
1.05994
-0.0789662
1.6802
-0.394251
0.340363
0.655425
1.47045
-0.454072
0.075017
-0.0292699
2.04294
-0.609209
-0.359892
0.254934
0.377116
-0.991605
0.294375
-0.981068
0.253796
0.0651475
-0.428574
-0.87853
-2.10548
0.971352
-0.0948606
0.581389
-0.546483
-0.8166
0.502819
-0.301727
-0.671321
0.720443
-0.68874
0.0435216
0.739474
0.575949
-0.594715
-0.255532
1.43931
0.655335
1.62215
1.26399
0.959436
0.272131
0.337514
-0.081504
-0.909841
-0.189362
0.46985
0.278754
-0.00380672
-0.973498
-0.974199
-0.387626
-0.564904
-0.161418
-0.553429
-0.682428
-0.808944
0.866809
-1.02021
1.10787
0.259039
1.00755
0.510467
1.05191
-0.562277
-0.476412
0.442447
0.751007
-0.603859
-0.382337
-0.468442
-1.32485
-0.43483
-0.959732
-0.427784
0.354672
0.421614
0.755137
-0.793717
0.159717
0.992884
0.840819
0.0137636
1.14967
0.245753
-1.2258
-1.39611
0.685159
0.289688
-0.446514
1.242
-1.29101
0.517302
-0.203329
-0.538078
-0.0581864
-0.914012
0.219244
-0.482026
-0.108904
-1.08713
-0.106119
-0.343341
-0.435138
0.318825
-1.63395
0.067585
1.12304
-1.27583
1.00496
-0.36692
-0.156685
0.886726
-0.613122
0.328162
0.365897
0.307559
-0.236103
1.58558
0.72856
0.533507
-0.80089
-0.496395
-1.27769
1.00488
-0.809181
-0.924286
0.434528
0.723361
-0.114438
-0.0731401
0.20511
0.114583
1.37134
0.41565
-0.248218
0.510108
0.455536
-1.09836
0.0441158
0.438157
-0.144206
-0.739498
0.422084
-0.456474
0.27142
-0.081996
0.0938284
0.327474
0.673181
-0.734442
-0.176818
-0.386479
-0.678994
0.129224
-0.475234
-0.578235
0.945396
-0.181838
-0.0536769
-0.282826
1.23393
-0.364262
-0.171391
1.17881
0.5652
0.588257
-0.41609
-0.0324005
-0.635473
1.34815
0.252471
-0.444269
-0.76664
0.870311
-0.048556
-0.501832
0.403811
-0.667376
-0.640578
-2.10275
0.474803
-0.445177
-0.0170501
0.638587
-0.563897
0.237882
1.28818
-0.569045
-0.360856
0.936239
-1.01169
0.0609453
0.65201
1.46932
1.607
0.61027
0.304436
0.437377
-1.49899
0.938245
-0.0868104
0.206766
0.957021
-1.02297
-0.15608
0.43247
-0.195088
0.0960072
-0.101454
-0.357126
-0.338329
-0.200982
-0.639839
-0.380411
1.15595
1.58178
0.638913
0.782291
-1.02355
-0.176865
-0.0485779
1.40421
1.32643
1.19143
0.604296
-0.347822
0.83639
-1.17962
0.88903
-0.586714
-1.42659
1.03285
-0.32039
0.22099
-0.251494
0.0864381
-0.697376
-0.0652214
-1.18265
-0.0645319
-0.573242
-0.801212
-1.42873
0.101779
0.106019
0.00208668
-0.919584
0.289833
0.918268
-0.433369
-0.241773
0.420183
0.703472
-0.594689
0.613069
-0.497989
-1.04689
1.04735
0.290952
0.894944
0.708487
-0.0178422
-0.249106
0.434152
0.457586
-0.825767
0.312955
-1.17511
-0.0928513
-0.700335
-0.305555
-0.688247
-0.765305
0.026819
-0.10336
1.05853
0.304216
-0.740655
-0.518944
-0.734635
-0.225162
1.55429
-0.236113
0.996453
-0.251853
-0.292809
0.0226064
0.0408875
0.612393
-0.0856932
0.42861
0.538441
-0.0633089
0.513121
0.062227
-0.379945
-0.742533
1.29111
-0.141734
-0.442561
-0.605195
-0.890752
-1.17071
-0.316099
-0.881481
-0.334525
0.166902
0.351531
0.276435
-0.611574
-1.015
-1.0126
0.306477
0.71449
0.0761653
0.376025
0.62856
1.10167
1.10329
-0.312136
0.779994
-1.6946
0.14068
0.304838
1.3179
1.57096
-0.276926
0.14797
-0.587189
0.483551
0.33428
-0.422859
-0.30744
-0.116084
-0.107736
-1.36708
0.311567
-0.272359
0.539197
0.159276
-0.106612
1.59331
-0.172115
0.856478
-0.188952
-0.261635
0.427392
0.294098
0.0322004
-1.10784
0.848178
0.719913
0.354516
0.928809
-0.0828913
1.42047
-0.0134958
-0.402821
0.806421
-1.02435
0.665775
-0.413558
-1.21801
-1.27398
0.909194
0.288254
0.127512
0.336317
-0.0621272
0.152953
-0.18324
0.83298
0.3833
0.458431
0.193791
0.463356
1.34577
-0.761587
-0.883033
0.0698631
0.702306
0.220494
0.754731
-0.877166
-0.260296
0.160843
-0.179807
-0.787892
0.66686
1.62359
-0.840127
1.25267
0.675476
-0.546938
0.316356
1.26146
0.307344
0.207248
-0.584007
0.583696
1.19312
1.10358
-0.381955
-2.11056
0.672331
-0.700939
0.993292
-0.36432
-0.245363
0.201701
-0.363944
1.0175
0.72467
0.0654835
0.42789
-0.477518
-0.277425
0.131195
-0.16587
-0.787451
0.135498
-0.225103
0.687997
-0.811531
1.11688
0.776791
0.30144
-1.64235
-0.0315773
-1.1707
0.429523
-0.00613981
0.158635
-0.220095
-1.1265
1.13739
-0.0143076
-0.170823
0.235447
-0.714061
2.02291
-1.15661
-0.421055
-0.456507
0.160934
-0.251179
-0.71222
0.0633201
0.661537
-0.955228
-0.446259
0.349211
0.170745
-0.169783
-1.06682
-0.339993
1.06842
-0.656008
0.398354
-0.294634
1.0953
0.15989
-0.603177
-0.612485
-0.153751
0.106227
-1.06274
0.0172627
0.113576
-0.59013
1.07644
-1.64845
0.414957
-1.66906
-0.577071
0.0134259
0.22649
0.246734
0.902931
0.887584
0.420748
0.507047
0.333458
0.36037
-0.779007
-0.270557
-0.191737
-0.780528
-0.908532
0.925634
0.606173
-1.10738
-0.919207
-0.816299
0.518868
0.5343
0.0579197
-0.157526
0.600693
-0.235442
0.746761
-0.581424
1.85643
0.43199
-0.993638
-0.610385
0.635411
-0.0330312
-0.645429
0.218574
0.667211
1.00101
-0.742656
-0.826698
-0.118884
0.890498
0.492539
-1.66221
1.01463
0.647952
0.588606
0.532281
-0.095462
-0.38406
0.210612
-0.183432
-1.33739
-0.0225968
0.142258
-1.62245
0.218404
0.541242
-1.21763
0.963983
1.42892
0.302468
-0.227964
-1.00003
-0.204753
-0.977081
-0.286531
0.266737
0.545096
0.206669
0.780028
-0.196302
1.73337
-1.42345
0.708986
-1.02884
-2.71048
-0.060479
-0.53712
-0.460919
-0.909029
1.71127
0.410234
0.931428
-0.201678
-0.430914
-0.383488
-0.697305
-0.99194
0.211693
0.770892
-2.02108
-0.280132
0.13244
0.868352
-1.52336
0.630238
0.159724
-0.133817
-0.606819
-0.280266
0.66211
0.209074
-1.28243
0.262844
-0.166468
0.177904
-0.540439
-0.760512
1.12225
0.227915
0.885616
0.996523
0.658468
0.161842
1.42053
-0.156663
1.15042
0.261673
-0.614156
0.129665
0.0430777
0.603057
0.447525
-0.907858
-1.79802
-0.0643456
0.355643
-0.327463
0.362342
1.31978
-0.428893
0.0583125
-0.207515
-1.2096
1.23091
-0.641181
0.553026
0.0821681
-0.0208223
-0.476887
0.341623
-0.571822
-0.483437
-0.478406
-0.105848
1.02504
-0.173717
-0.103504
-0.698557
0.624841
0.577373
-1.08242
0.0552273
1.08146
-0.829428
0.203121
-0.757755
1.25413
-1.60737
-0.542738
-0.0480286
-0.549095
-0.748637
0.159804
-0.350459
-1.81659
0.92556
0.716078
0.49903
0.770899
0.507142
0.0194961
-0.914636
-0.538068
0.807865
-0.0118696
-1.67719
1.0064
0.635161
-0.228075
0.775806
1.12573
0.354801
-0.527384
0.699702
-0.622709
0.329998
-0.715172
-0.570657
-0.104573
-1.08808
1.78438
-0.623251
0.75709
-0.179533
-1.48176
-1.07002
-0.8613
0.857553
-1.0082
0.515772
0.770847
0.838499
0.347138
-1.05456
0.96264
0.274125
0.3792
0.770624
-0.290587
0.356264
-0.818779
0.714263
0.253881
0.753731
-0.581963
0.410677
-0.414406
-0.29355
0.852431
1.10038
1.66502
0.0776911
0.544343
0.84327
0.496877
-0.0533811
0.0559297
-1.07393
0.654878
-0.740536
0.567572
-0.671329
0.495885
-0.646495
0.0611044
-0.0661698
-0.783781
1.2834
0.283771
-1.33866
-1.12762
0.246911
-0.572497
-1.53216
0.659285
0.242332
-0.896976
0.212565
-1.16732
1.17153
0.355303
-0.503564
0.210399
1.778
-0.768369
-0.643369
-0.0870959
-0.875329
1.08775
-0.999468
0.651561
1.27342
0.678422
0.611141
0.737291
0.267173
-0.326435
-1.00599
0.192551
-0.911642
0.435274
0.827448
-0.523717
-0.174088
0.277084
0.665896
0.0354862
-0.023483
-0.702013
-1.46766
0.330937
2.65161
0.221187
-0.8098
1.4201
0.0116367
0.462203
-0.899461
-0.494328
0.0233344
-0.178808
1.27726
-0.160703
0.515448
-0.496539
-0.842823
1.20254
-0.018382
-0.119568
0.881791
-0.863879
0.437108
1.19399
0.103578
0.292606
1.0286
-1.19668
-0.153911
0.747668
-1.61951
0.374452
0.803257
0.486715
-0.111902
-0.445427
-0.0334295
1.01129
0.0272727
-1.31217
0.137551
1.02731
0.221461
1.62003
-0.327142
-1.01262
0.0404397
-2.22323
-0.992961
-0.17875
0.573368
1.41906
0.309691
-0.167484
-0.0666099
-0.603012
0.533059
0.196815
-0.741994
-1.16221
0.480544
1.68631
0.435105
-0.170637
0.985777
0.0988211
0.0913576
-0.488115
-0.031674
-0.822282
-0.781518
0.180762
0.442861
1.23689
-0.663478
-0.405982
0.208294
0.327872
0.281889
-0.406383
-0.0209845
-0.865372
0.530199
-0.627654
0.832538
-0.799599
-1.1061
-0.092274
0.809836
-0.318784
-1.3668
-1.17998
-0.0781759
-0.737928
-1.56647
-0.378046
0.0389493
-0.388104
-0.0242113
-0.470605
0.095724
-1.01951
0.57987
-0.409298
0.696027
-0.796194
-0.0237976
-0.106631
0.0153735
-0.653522
-1.04126
-0.0913046
-0.930811
-0.249151
0.591765
-0.0544832
0.320035
1.1521
-1.48654
0.523712
-1.08934
-0.99927
-0.556368
0.684377
0.369689
1.34932
0.481719
0.0768003
-1.13909
-0.540421
-0.740794
0.039791
-0.0156714
0.30529
-0.513584
0.584042
0.154977
0.0451758
-0.973193
-0.358098
1.50464
-0.217913
-0.509974
-0.241169
1.28682
-0.495876
0.628674
-0.892298
-0.1192
0.985656
1.13722
0.485049
1.73933
-0.782038
-0.538166
0.0953489
-0.00156356
-1.4428
0.1231
0.363112
0.12119
-0.735312
-1.29563
0.956979
0.210749
0.0790924
0.473582
-0.175695
-0.0353064
-0.931333
-1.04218
0.201159
0.567574
-0.951962
-0.0258566
-0.239295
-1.33556
-0.306908
-0.451343
-0.315273
-1.02072
0.145822
-0.00954544
-0.387172
-0.43353
-0.12363
-0.605457
-0.103028
1.74764
0.479149
-0.255689
0.0283711
-0.582999
0.597097
-0.723974
-0.998785
0.766234
-0.711774
-0.675641
-1.56803
-0.383867
-0.950817
0.232724
0.548119
-0.731701
0.0591204
0.725137
0.499545
1.13582
-0.432212
-1.38356
-0.787924
-0.0210859
-0.807621
0.237619
-1.61515
1.28419
1.09992
0.79153
0.410882
0.51059
-1.00775
0.911184
0.373605
0.2421
-0.088836
-0.106826
0.66297
-0.841541
0.519914
-0.630809
-0.00636068
0.241243
-0.328992
-1.49925
0.0844469
0.1086
-2.29315
0.822299
-0.140413
0.239821
0.629206
-1.0449
-0.768355
0.344015
1.34253
0.0610276
0.13131
-0.0493532
-0.264011
-1.75205
-0.12431
-0.717224
-0.196161
0.768313
-1.19082
0.433422
0.571643
-0.674656
1.23682
-1.27339
-0.0644207
0.501608
0.307133
-1.22226
-0.518078
0.846046
-0.16139
0.468365
-0.137366
1.63085
-0.902374
0.929325
-1.10799
-0.261546
0.801699
-0.49671
-0.781496
0.575073
1.16196
0.747627
-0.65184
0.987934
-0.957623
0.173511
-1.39305
-0.503276
0.477603
0.527166
0.249803
-0.353452
-0.426408
0.0749861
0.244421
0.192625
0.170516
-0.0708725
-0.62771
2.02643
1.05238
0.733976
0.0723954
-0.953773
0.621009
0.281156
-0.0232168
-0.208637
-1.15969
-0.794824
0.196887
1.69484
-0.101781
-0.931595
0.527709
-0.669342
-0.133995
0.175045
-0.290628
-0.781746
-0.415487
-0.460088
0.489891
-0.253259
1.16262
0.844784
0.729743
-0.341619
-0.618318
0.301407
1.92538
0.919553
-0.214084
0.773915
-1.14192
0.637272
0.165947
0.728038
-1.05926
0.122073
1.01684
-0.621126
0.895481
1.03225
1.43444
-2.16952
0.741923
0.789964
0.397146
0.249232
-0.166616
1.29702
1.1222
-1.0163
0.0573026
0.773136
0.481275
-1.22404
-0.583977
0.953049
0.332188
1.99629
-0.463867
-0.484086
-0.458978
0.231812
-0.269169
2.03343
-0.803331
-0.431494
-0.131859
-0.494282
0.0246975
-0.457529
-0.992078
0.156378
1.11264
-0.40552
-0.0068129
0.855302
-0.501069
-0.87967
-0.453833
0.638062
0.0734303
-0.0594289
0.022128
-1.11156
-0.227859
-0.927136
0.183995
0.721953
-1.18774
0.743378
1.06972
-0.651597
-0.11833
-1.06338
1.5687
0.502408
1.05583
1.05611
0.26945
-0.481731
0.998196
1.03542
-1.3508
-0.0895259
0.510586
0.761227
-0.0357489
1.78879
0.783488
-1.57877
-0.463964
0.623544
-0.0581988
0.817194
-0.673706
0.257413
0.685188
0.289354
1.38769
1.18295
-0.0483376
0.101773
-0.210058
-0.0897128
-0.671123
0.308261
-0.192697
0.815731
-0.835981
-0.558737
-0.00183216
1.80276
-0.128485
0.413343
0.185033
-1.68841
-0.774525
-0.957281
-0.452776
0.575555
0.581153
0.454991
-0.683626
0.739363
-0.401943
1.06889
0.802433
0.985752
-0.212435
-0.939183
0.11874
-0.572385
0.535976
0.460791
-0.677466
-0.0816828
0.56282
-1.41157
-1.31365
0.850961
-0.832268
-0.545121
-0.987354
-1.37713
-0.644392
0.225202
-1.38915
-0.112968
-1.2255
0.538828
-0.220959
-0.941139
0.0904329
-0.142536
0.695034
0.0372499
-1.32548
0.0734391
-0.0349295
-0.587531
1.05015
-1.12198
-0.649776
-0.420372
-0.174963
1.21384
0.270377
-0.334874
-0.974679
-0.395906
0.127303
-0.145272
0.227979
0.32927
0.0387372
-0.485519
0.351328
0.80591
1.07837
-0.79919
-1.24763
0.862851
0.364718
-0.560468
-1.72183
0.567735
-0.563822
0.170613
0.31776
0.791069
0.47664
-0.130549
-0.0868118
-0.783271
-0.207942
-1.04299
0.586579
0.0379144
0.115134
-1.00515
-0.0322158
0.498663
0.305863
0.848229
-0.248547
-1.76633
-0.323509
0.792018
-0.610457
0.183025
-0.835596
0.685957
0.0767906
0.0609476
0.619951
0.568815
-0.810722
0.428399
-0.534114
-0.0201382
-1.89151
-0.110991
0.517013
-0.222635
0.0964266
-0.772406
-0.306151
0.945795
0.123145
0.380724
1.31812
-0.848401
-0.494335
-0.409271
-1.60734
0.283451
0.102845
-0.0491822
0.0172048
-1.51498
-0.572834
0.757781
-0.875262
0.989097
0.0953738
0.167252
0.35124
-1.06735
-0.224883
-0.319677
-0.0688128
0.0597894
0.168841
0.660657
0.82256
-0.231671
-0.821269
-0.675108
1.03594
-0.478464
0.226085
0.447531
1.47534
0.760591
0.0972273
-0.00172951
-0.569859
0.0790346
0.346111
0.232038
0.0298166
-1.47552
1.30729
0.870314
-0.657557
0.180704
-0.685186
0.521088
0.198374
0.296445
0.113564
-1.84504
0.044809
0.716828
-1.45878
0.199576
-0.42465
1.26381
-0.782307
-0.696541
0.0899288
-0.520618
0.967877
0.969169
-0.321325
-0.472782
0.802621
-0.118381
-1.24489
-0.0989277
0.901916
-1.09716
-0.263768
-0.535378
-1.33603
0.122818
0.211126
1.89162
1.55058
0.870886
1.35895
0.110246
0.242619
0.250926
-0.332986
0.0809894
-0.634516
1.15664
-0.42565
-0.0619027
-0.504289
-0.363817
-0.877035
-0.558601
0.45889
0.140769
-0.690356
-1.25279
0.20181
-0.110052
-0.422366
0.63783
0.457309
1.12578
0.385782
0.46983
0.262451
0.531215
-0.00870342
-0.00691721
0.563706
-0.18867
0.227883
0.126507
0.810402
-0.0694245
1.10239
-0.707208
0.146903
0.100447
-0.86877
1.15529
-1.19127
0.856626
-0.411441
-0.0212519
-0.545717
-0.227625
0.559418
0.521955
0.701808
0.495215
1.33579
-0.772359
-1.29123
-0.481498
0.460881
-1.49104
2.04859
0.143592
0.821744
0.353766
-1.40576
-0.517166
1.22677
-0.507849
0.704353
0.440741
-0.378181
0.0646463
0.643025
1.56333
0.404794
-0.389906
-1.20814
-0.561089
0.455998
-0.267943
-0.0817231
0.119347
-0.427968
-0.15369
-0.655585
-0.00397683
0.72355
-0.0132932
-0.186441
0.104917
2.16919
0.575953
-0.690178
-0.986449
-0.808535
-0.774148
0.833457
0.939171
-1.31664
-1.24372
-0.268478
1.34311
1.50792
-0.5558
-1.31912
0.217944
1.42758
0.412171
0.209877
0.954779
-0.297355
0.633575
0.0600555
1.09704
-0.360389
-0.159833
-0.104348
0.834833
0.124483
-0.938808
0.711305
-0.756806
0.539855
-1.55651
0.163675
-0.0729142
-0.557837
-1.32094
-0.801734
-1.88876
0.175724
-1.58713
0.149695
0.201288
-0.431642
-0.348054
0.277764
-0.185742
-0.15314
-0.49241
0.23818
-0.363413
0.60011
-0.605006
1.3191
0.934982
-0.238904
-0.462721
0.607214
-0.3863
1.62674
-0.859127
0.851505
0.083944
0.44082
-0.164758
-1.37691
-0.54723
0.766247
-0.163721
-0.987581
-1.745
2.36236
-0.391008
-0.55479
0.467546
-0.318031
-0.139113
-0.397909
-0.229473
0.61792
-0.954364
-0.131878
1.37443
0.222585
0.0259251
-1.22295
-0.947867
-0.0120639
0.171371
0.835769
-0.198943
0.491588
0.998057
-1.1328
-1.19883
-0.216745
-0.192032
1.78305
1.59581
1.03381
0.433536
1.17506
0.285456
-0.0953905
-0.135502
0.348451
-0.521527
0.0862807
-0.416836
-0.449013
1.4879
2.23172
-0.204033
-0.367853
0.754707
0.087347
0.65671
0.0618329
-0.0384813
0.434517
-0.0102565
-0.933062
0.208878
-1.53613
-0.332898
-0.603956
-0.819032
1.18704
0.598228
0.113922
0.867663
1.40641
0.0746321
-1.26342
0.143212
-1.27726
-1.52099
0.599786
0.702052
-0.796571
0.636289
0.78343
-0.868221
0.563243
0.604482
1.74419
-0.699018
0.501327
-0.308815
-0.833416
-0.192218
-1.79701
1.12027
1.29194
0.894145
-0.477066
-0.253025
0.211829
0.0550764
-0.773908
0.0818046
0.0177463
0.459128
-0.803843
-0.69489
1.56333
-0.0491483
0.357802
-1.18579
-1.3423
0.199348
-0.962614
-0.648117
-1.07223
-0.388614
0.401551
-1.56817
-0.415573
-0.155179
-0.0584817
0.412425
-0.294605
-0.156655
-0.847427
-0.819363
0.241154
-0.318594
-0.59067
-0.885281
1.21692
-0.7209
0.130163
0.422892
-0.261194
0.163486
-0.551073
-0.11013
-0.484506
0.9832
-1.03265
0.39138
0.276517
-0.0738972
-1.13902
-0.127277
-0.567165
0.662376
0.291217
0.340807
-0.198701
-0.767043
-0.197053
-0.0806506
-0.133107
-1.16169
0.543039
1.79158
-0.572434
0.577261
-0.692937
-0.91399
0.198775
-0.243022
-0.0618583
-1.05973
-0.402688
0.0803009
-0.299538
1.45161
0.844539
-0.608571
1.20239
-0.367377
-0.489776
-0.739596
-0.128735
-0.768096
-0.187939
-0.779382
-0.979939
-1.41027
0.841145
0.1947
0.216108
-0.133527
-0.24871
-0.0649598
0.0853996
0.0267127
-0.756703
-0.822557
0.473548
-1.04975
-0.0399044
-0.0551934
-1.67624
0.302387
-1.61796
-0.707695
-0.374304
0.535934
-1.21817
-0.184337
1.00947
-0.266803
-0.616139
-1.2709
-0.241022
-0.549368
0.45823
-0.191403
1.26756
-0.141631
0.293835
-1.45836
0.116844
0.0982978
-0.750499
-0.384205
-0.778386
-0.266982
-0.303414
0.475364
0.942569
-0.445678
-0.146359
-0.653412
-1.09719
0.0713975
-0.087328
-0.635241
-0.279156
0.587617
-1.33732
0.362336
-0.0940799
0.319778
-0.183982
-0.618788
0.622726
-0.609258
0.519174
0.0796271
-0.0290916
-0.00213643
0.302319
1.94796
-1.88462
-0.100749
-0.360383
-0.637007
1.23435
1.87919
0.88608
0.923697
1.3605
0.152986
-0.133652
0.160115
-0.635644
-0.107177
0.0852942
1.27257
-0.498347
0.29507
0.672134
-0.0909472
0.193983
-0.0286052
-0.261203
-0.264546
0.126824
0.633878
0.759026
0.383619
0.00908815
-1.46724
0.213211
0.542423
0.312439
1.52902
0.569267
-0.123737
0.662703
-0.750564
-0.111572
0.454737
-1.96849
-1.79093
0.785275
0.266684
-0.545819
0.263559
-0.703605
-0.835878
-0.0888172
-0.0310674
0.385389
-0.43377
1.12086
0.0056259
0.379117
0.668613
-0.629004
-1.02128
-1.5078
-0.24713
1.13906
-0.852932
0.515847
0.71857
-1.23624
0.768514
1.18021
-0.34771
-0.47646
0.123349
0.461796
0.555543
0.121828
0.218554
0.116053
-0.538108
-0.56994
-0.265077
-0.222422
0.794186
-1.16743
0.383202
0.641836
-0.327648
0.959198
0.0781929
0.560469
-2.22026
0.233982
0.558302
1.17879
-0.163158
-0.258497
0.331712
-0.430566
-0.710642
0.713215
0.00931641
-0.262504
-0.347358
-0.439444
-0.738816
0.796092
0.27777
1.96295
0.714111
-0.416624
-0.1941
-0.818089
0.115591
0.242771
-0.312543
0.565912
0.616116
0.256192
0.399122
-1.09832
-0.787079
-0.700452
-0.341271
0.218851
0.132809
0.587145
-0.707149
0.583869
-0.0957337
0.353165
0.830197
-1.60964
-0.612528
1.15186
-0.330316
-1.34095
0.161174
-0.00172992
0.334637
0.947644
-0.689117
0.335704
-0.038605
-1.00462
-0.584088
-0.697506
-0.275781
-0.733679
0.123059
-0.476543
-0.186956
-0.0500081
-0.628762
-0.205348
-0.870923
-1.38543
0.293955
-0.010462
-0.570592
0.158523
0.956895
-0.340182
0.437512
1.5709
0.491663
0.131504
0.171941
-0.905491
0.138181
0.284369
-0.590771
0.530563
0.528451
0.745959
-0.366977
-0.811674
-0.352782
-0.314588
1.62414
0.566115
0.000587995
-0.040626
0.548186
0.206507
-0.96538
-1.06299
0.154506
0.349197
-1.17257
-0.0209346
-1.28314
-0.128331
0.309002
0.546455
-0.816147
0.392594
0.419758
-1.47368
0.248766
-0.664016
-1.52204
-1.23608
0.763238
-0.708803
-0.18782
0.118886
0.0224459
0.634045
1.50298
-1.02804
0.703447
0.457592
0.262364
-0.574168
0.0116815
-1.66948
0.95967
-0.312931
-0.345115
0.473629
-0.309842
-1.37251
-0.0717721
-0.665688
0.445269
-0.257734
-0.650791
0.948517
0.871326
0.776155
1.15387
-0.204189
0.273365
-0.531019
0.664528
-0.0842028
0.269245
0.150842
-0.141423
-1.45828
0.531075
0.41047
-0.0591716
0.02647
0.49556
-0.328668
0.831604
0.292641
0.340165
-0.00810336
-0.143031
-0.505592
-0.829735
0.0875097
-0.491293
1.43942
-0.116878
-1.0321
-1.31433
-0.881987
1.33254
-0.598642
0.368382
0.843045
-0.578166
0.114865
0.570733
-0.294827
-1.96666
0.461884
-0.409912
1.76026
-0.684652
-0.030617
-1.20794
-0.77321
-0.62302
0.288742
-0.37606
0.734308
-0.247274
-1.2411
0.201532
-0.750599
0.623881
-0.208576
1.31073
0.0516354
-0.711629
0.106652
0.20727
0.897384
0.607424
1.66863
0.587792
0.13311
-0.844405
-0.883444
-0.110664
0.492553
0.860683
0.365953
0.946956
1.61546
0.105607
0.209943
0.256827
-0.259495
0.651729
0.82703
-0.46536
1.50111
0.381089
-0.501943
-0.591855
-0.869552
-0.128528
0.0163025
-0.201653
-0.129466
0.191609
-0.00270301
-1.07836
-0.52356
0.84358
-0.659347
-0.108378
-0.357449
1.9372
1.78044
-0.550404
1.45185
-0.149834
0.113412
-1.21111
0.324256
-0.169841
-0.407466
0.532602
0.565261
-0.55765
-0.651304
-0.247233
1.05602
-0.296781
0.676175
0.460355
-0.782745
-0.690555
-0.305039
-0.962637
0.889983
0.673907
-0.56487
0.3751
1.09366
-0.226874
0.469777
-1.5476
0.211167
-0.147833
-1.64498
0.70869
-0.597278
-0.338453
-0.248846
-1.355
-0.190575
0.810504
0.526785
-0.225836
-0.232519
-0.247577
0.207691
-0.512856
0.284436
-0.0347578
0.766961
-0.68722
0.341676
-0.0174609
-0.760844
0.00742775
-1.18586
0.123012
0.423136
-1.68619
-1.3841
0.399481
0.414658
1.17445
-0.485127
-0.56609
-0.565894
0.388619
-0.702842
0.105343
-0.311748
-1.22475
-0.278519
0.0376226
-0.206178
0.510515
-1.83932
-1.30258
0.666571
0.0573454
0.0765146
0.799778
-0.281856
0.80739
1.04456
-0.0485691
-0.147396
-2.52432
0.0629208
2.92983
0.166172
-0.738039
0.986611
-2.51593
-0.407772
-0.238384
-1.1714
-0.341292
0.493188
-0.808139
0.149589
-0.65711
-0.0689132
0.387998
0.965472
-0.184006
0.492287
-0.415996
0.403651
-0.825271
1.03012
0.219333
-0.23741
0.337158
0.214488
-0.142482
1.15982
1.67075
0.109234
1.68413
-0.113885
-0.412863
-0.771348
0.141503
-0.38306
-1.13112
0.38835
-0.0801898
-0.0623081
0.442998
-0.0190772
-0.12386
0.825524
-0.720556
-1.40079
0.184073
-1.85966
-0.00323464
-0.553409
-0.792141
0.242648
1.66973
-0.471154
0.42874
-0.0543914
-0.153512
0.244388
-0.289972
1.15872
0.645842
-0.545069
0.955502
-0.79889
-0.946614
-0.285502
-0.23211
0.707365
-0.106282
-0.33518
-1.70047
-0.0394001
-0.76679
0.483365
0.773705
0.738309
0.65384
-0.277266
-1.08496
-0.828774
-0.663307
-0.22392
-0.193677
0.160417
-0.212275
-0.477244
-1.12019
0.13008
0.300872
-0.118159
-0.363119
0.0398954
0.344519
0.486936
-0.735136
0.00304057
0.13942
-1.02386
0.465372
-0.320436
0.418655
0.297027
-0.928196
0.119093
1.2307
1.24665
0.474364
-0.593342
0.918876
-0.035438
-0.337197
-0.179456
-1.63895
-1.67524
-0.0555768
0.574172
0.964652
1.30083
-0.809309
0.380424
-0.677387
0.047867
-0.355979
0.371985
0.148732
0.233992
-0.000333418
0.55778
1.01388
-0.889861
1.11293
1.06358
-0.111377
0.339423
-0.133051
0.39762
-2.34659
0.420017
0.842578
-0.654855
-1.23842
0.970315
-0.322813
-0.0289668
-0.354039
-0.885796
-0.150988
0.344536
-0.112015
0.0158916
0.132577
-1.67511
-1.1188
-0.299651
0.326176
0.137682
0.703961
0.31578
0.359064
-0.212906
0.378387
0.108533
1.46675
-0.00837285
-0.248557
-0.150923
0.550342
-0.873732
0.909097
-0.819099
-0.168492
-0.0884503
-0.133763
0.89084
0.866808
-0.0889518
0.137085
0.341161
0.262324
0.307106
-0.63399
-0.425901
0.344946
-0.274135
-0.0270214
-1.56656
-0.227871
-0.0410675
1.41864
0.527551
0.459311
-0.0104156
0.814486
-0.693557
-0.861074
-0.274315
0.24051
0.789051
-0.118409
-1.1694
1.7232
-0.968467
0.109462
-0.18073
0.281344
0.00394548
-0.755308
-0.265058
-0.0709731
0.556523
-0.499053
-1.13675
0.110373
-0.236394
0.815958
-0.174742
0.653986
0.588687
-1.13965
-0.31388
1.23986
0.882116
0.96607
-0.0884537
-0.408015
0.799267
-0.158016
-0.2259
-0.33968
-0.0617835
0.858463
-0.487598
-0.316316
-1.45905
0.602862
-0.297342
-0.0343188
-0.364629
0.436758
0.714247
-0.0309038
-0.244167
0.115422
-0.840012
0.35693
-1.21993
0.0272507
0.41372
-0.311781
0.15319
0.440809
0.595911
-0.164003
-0.250491
0.233111
-1.64736
1.34856
0.139375
-0.0232931
1.60935
-0.79785
0.536268
0.423924
-1.02816
0.183826
0.537691
0.856352
-0.47541
-0.209282
0.386995
0.743261
-0.619361
-0.153542
0.0602402
0.0516533
-1.08853
0.0522351
-0.505245
-0.104567
0.457691
-1.37346
0.225807
0.525531
-0.597573
-0.472383
1.7981
0.335698
-0.253883
-1.41262
-1.17939
-1.09951
0.00522944
0.652734
1.43799
0.0566554
0.995849
-0.92586
0.219909
0.248399
0.0419311
-0.677344
-0.248988
-0.764632
0.411192
-0.155071
0.0093512
-0.360981
0.105693
-0.0588257
-0.549395
0.759362
-0.120239
-0.605689
0.0806451
-0.737603
-1.59223
-0.739398
-0.79868
0.299281
-0.821586
-0.843094
1.23649
-1.31746
-0.0259734
-0.0683826
-0.0696163
-1.01988
0.0714137
0.167431
-0.86361
-0.244773
0.890591
-1.00831
-0.148763
-0.45965
-0.875733
1.79824
0.663239
0.517679
-0.458364
0.364271
-1.31659
1.32425
0.630373
0.000984114
-1.01094
1.12001
-0.202869
0.212186
0.377318
-1.61144
0.400905
-1.70545
-0.28791
-0.0806285
-0.589623
-0.225026
-0.274289
1.04966
0.763464
0.488983
-0.868908
-0.262844
0.0719112
-0.596461
0.685394
-0.463073
0.966429
0.927934
-0.423526
0.52593
1.33244
-0.442676
-0.513277
0.670624
-0.264462
0.51711
0.958616
-0.586905
-0.248391
-0.475311
-0.478254
-1.10832
0.659125
-0.385883
1.67111
1.03191
0.705168
-0.260982
-0.026277
0.859177
1.40721
-0.294514
-0.370397
0.296868
-0.678143
-0.41826
-0.68499
0.189158
0.649449
-1.30338
-0.284579
0.464583
0.380928
0.232246
0.624403
0.123517
0.637586
-0.501692
0.970831
-0.567669
1.23815
1.5883
-0.110737
-0.267321
1.57212
0.790503
1.64529
-0.204299
0.266054
-0.152316
0.979955
-0.115135
0.492388
1.02494
-0.233912
0.128995
-0.465428
0.332865
0.495375
-0.46624
-0.417
-0.0153503
0.153517
0.657028
-0.166144
-0.386644
0.566041
0.038715
-0.752763
-0.311757
-1.43732
1.81653
-0.0695488
0.0790525
1.12567
0.240274
-0.558991
-0.730755
-0.250108
-0.757109
-0.657033
-0.0836309
-0.166278
-0.255539
0.00421264
0.496663
0.518818
0.948486
0.573129
-1.10679
0.211572
-0.340602
-0.362093
0.541213
0.550623
-0.861297
-0.763391
0.457537
-1.04759
0.0535364
-0.335921
-0.308454
-0.257823
0.848723
-1.49505
-0.998676
-0.260015
0.857022
-0.902339
-1.09331
-0.126743
-0.0454466
0.753881
-0.484456
2.51826
-0.882053
-0.238598
0.46146
1.14323
-1.03954
0.774032
-0.264273
-0.368961
-0.854921
-0.209741
0.202731
1.24691
-0.0318049
0.377857
-0.259265
-0.293108
0.0230615
0.764763
0.853832
0.678462
-1.2977
-0.0324133
0.943386
0.149859
-0.916616
-0.376445
-0.435035
0.761015
-0.941814
-0.105915
-0.304437
-0.921668
0.14393
2.09475
0.306953
-0.718485
0.418572
-1.63834
0.743473
0.188671
0.238078
-0.126947
-0.74457
0.771667
0.176202
0.80061
0.296139
1.01807
0.373351
0.357629
0.210038
-0.722804
-0.667978
1.32831
0.0413595
-0.594884
-0.888782
0.458793
-0.439016
-0.701948
0.159207
0.0510045
-0.815791
-1.84892
-0.599381
0.719373
0.132918
-0.97262
1.09582
0.565923
-1.82089
-0.138403
0.684798
0.0919466
-0.662182
0.161562
1.21651
-0.0157894
-0.904809
0.151748
0.562478
1.02921
0.145647
-0.925673
0.403793
-0.674168
0.381739
0.710883
-0.609789
-0.0169698
0.760097
0.467178
-1.06938
0.085008
-0.0914041
1.48551
-0.809386
-0.428622
-1.33064
-0.105959
0.13801
-1.11226
-1.51112
-0.426648
-0.139285
-1.40704
1.28008
0.87925
0.584423
0.979762
0.36659
-0.95356
-0.266304
0.799554
-1.00209
-0.00848636
-1.81718
-0.329142
1.35139
0.136746
0.715414
0.0951242
-0.754892
0.102031
-1.23109
0.354868
-0.376877
-0.262551
1.24498
0.458278
0.19167
0.469451
-3.06798
1.18652
0.126036
-0.619074
0.268976
0.119704
-0.0523954
0.209062
1.152
1.2648
0.157226
0.603005
0.401745
0.22363
-0.0704532
0.820164
-0.353803
0.455606
1.03118
0.126952
1.04105
-0.886801
-0.513984
0.00162625
0.223002
-1.0254
0.728797
0.248193
-0.915984
0.482873
0.286867
-1.38812
-0.150125
-0.289916
2.20584
-0.499121
0.149583
-0.196277
-0.47091
0.430987
0.123063
-0.0385876
0.447134
-0.156837
0.704167
-1.13749
0.322081
-0.265047
0.402742
0.740427
0.623184
-0.450585
0.65512
-0.0802734
0.118085
-1.43191
0.362165
-1.69584
-1.70272
0.152919
0.912612
-0.20064
0.285447
-1.31232
-0.122716
-0.341851
1.22166
0.616486
0.0883048
1.27275
-0.92183
-0.508882
-0.29333
0.962637
1.20965
-0.196101
1.15562
-0.496831
-0.111438
-0.527333
-0.991246
0.00905659
0.410738
0.118451
-1.10131
0.176628
-0.289359
-0.529966
-0.915756
-0.995618
-0.556817
0.232862
0.86912
-1.49108
2.00866
-0.187387
0.48281
-0.172836
0.48389
0.157349
0.479128
-0.485691
-0.148583
0.193926
1.35792
-0.20941
0.221442
0.109677
0.953913
-0.412849
0.983114
-0.877783
-0.74925
0.866601
0.652669
0.129181
0.410745
0.792138
0.194206
-0.518263
-0.312948
-0.394395
0.513719
0.461755
-1.23713
0.381452
0.185498
-1.44118
1.08022
-0.74358
-0.322712
1.50134
0.743499
-0.26565
0.104254
0.0279987
-0.300221
0.291309
0.358433
-0.452204
1.48157
0.0520161
-0.686423
-0.573905
-0.452413
-0.994546
-0.095866
-0.141472
-0.206364
1.40747
-0.157518
0.507515
-0.0734579
1.29027
0.94032
1.80335
0.240072
-1.37658
-0.159142
-0.510475
-0.0394353
-0.0175053
-1.60157
0.29108
-0.837039
1.18553
1.52286
-1.03532
0.83387
-0.0212083
0.351506
0.91103
0.828708
0.225173
-1.67444
-0.862744
0.3014
-0.257212
-0.0520742
0.724249
-0.664731
-0.405485
0.273472
-1.00371
-0.0309266
-0.589326
-1.15773
-0.646918
0.895033
0.925796
0.778646
-0.850329
-1.20775
-0.162252
-0.477424
0.6427
-0.0173657
-0.214366
-0.373418
-0.448283
-0.193227
-0.241447
1.43368
0.52357
1.06772
-0.528064
-0.192489
-0.164017
-1.17872
0.816233
0.370754
2.2547
-0.750339
-0.871302
0.15626
0.236417
-0.249279
0.581846
0.196087
-0.675272
0.418086
0.584744
0.0869655
-0.596508
-0.228742
0.59236
-0.747527
-0.527542
0.113645
-0.320084
0.0971205
-0.0843887
1.01218
0.597186
0.0179565
0.448545
-0.0527669
-0.801189
0.37161
0.830072
0.15776
-0.469582
0.38753
0.00252934
-0.695507
1.05984
-0.195524
-0.736473
0.762942
0.824046
0.199335
1.34861
1.15426
-0.0642746
0.974993
-0.198639
0.384897
0.141994
0.610834
0.269976
0.706255
0.651253
0.647737
0.0467179
-0.0109845
0.404659
0.569826
0.342332
-0.00236302
0.269763
0.483718
0.708079
0.416836
1.09093
-0.0172458
1.05697
1.15438
0.397868
0.809655
0.344931
0.899613
-0.104018
-0.33114
0.463345
-1.14083
0.632149
0.506592
0.272278
-0.0290106
0.0784759
-0.416849
0.768212
0.710941
-0.655631
0.292706
0.103578
-1.07256
-0.0870453
-0.518465
0.642649
-2.07657
0.24275
1.41773
-1.21783
-0.509092
-1.3872
0.0633598
-0.955914
0.421356
0.628914
0.233365
0.633926
-0.712552
0.175811
0.280985
-1.68093
-0.332308
0.0447949
1.43076
0.689067
-0.231881
-0.129919
-0.11389
0.60334
0.344219
-1.17193
-0.782026
-0.420085
-0.00647676
-0.883346
-0.613179
-1.10508
0.105394
-0.420968
0.0346099
-0.15503
-0.403956
-1.73158
0.415003
0.889104
-0.364177
-1.22307
0.898345
0.499422
-0.784878
-1.41394
0.64395
-0.798529
0.212622
-1.61408
1.04569
0.0762998
0.700137
0.214634
-0.275451
-1.03377
0.152411
-0.204032
0.598638
1.03866
-1.16764
0.0676122
0.358307
-0.179042
0.429213
0.42729
1.18565
0.313682
0.571672
-0.0451435
-0.201212
0.766533
0.818013
1.1197
0.368026
0.319227
-0.223697
0.573206
0.780308
-0.320942
1.5336
0.275207
0.362606
0.197815
-0.310188
-0.446504
-0.506723
1.38034
-0.46692
1.29486
-0.588845
0.838951
-0.263729
-1.24288
-1.42224
0.922542
1.54418
1.67031
-0.209748
1.44049
0.190213
-0.479209
0.523457
0.190257
-0.208907
-0.556407
-0.598502
0.160884
-0.617565
0.00959066
-0.634645
-0.182202
0.339887
-1.33124
-0.445095
-0.528058
0.214898
0.102888
-0.588388
0.776803
-0.693397
0.710783
-1.06019
-0.926273
0.737107
-0.178834
-1.38447
0.255131
-0.0299506
-0.110697
-2.6392
-1.09223
0.152341
-0.56974
-0.611806
0.121595
0.415119
-0.328322
-0.534851
0.151959
0.383883
0.0485034
-0.70081
-0.625988
0.80577
0.882859
-1.19469
-0.242543
0.450008
-0.338691
-0.101274
-0.60912
-0.990292
0.95126
-0.230352
0.979454
-0.0845958
0.16234
0.620511
-0.080518
-1.2818
0.446767
-0.959616
-0.698451
-0.641203
1.99741
-0.421416
-0.212978
0.629172
0.318161
0.357534
-0.375708
0.274742
1.11742
-0.427844
-0.0531694
-0.707069
-0.712003
-2.10441
-0.300487
0.856357
0.768369
0.689605
-0.736609
0.0659727
-0.60906
0.00400864
0.664409
0.354637
-0.231042
1.02269
0.484345
0.521818
-0.912686
-0.924633
-0.0232324
-0.437392
-0.199184
-0.236149
0.632389
0.960967
-1.24011
-0.327648
-0.506756
1.64437
-0.203923
-1.07808
1.3669
-0.706954
-0.582351
0.398462
0.428852
0.344302
-0.501608
0.905129
0.356729
-0.602276
-1.17264
0.311254
1.30833
-0.0946479
-0.0517947
-1.45385
-1.1064
-0.676345
-0.170952
-0.820012
0.420859
-0.605871
-1.27496
0.202502
-0.0455207
0.0303255
0.610747
0.420112
0.752993
-1.23401
0.807855
-0.632683
0.0506245
-0.511535
-0.107152
-1.11892
-0.407319
0.393726
-0.86761
-1.05484
1.52828
0.194933
0.683621
0.653044
-0.711532
0.631413
-0.699074
-1.00959
-0.0295285
-0.358668
-0.0287317
0.258076
-0.329049
-0.221824
-0.714806
-0.160458
0.202503
-0.0212747
-0.686126
-0.499593
0.210347
0.831242
0.0268188
0.376962
-0.968382
-0.672956
-0.657378
0.906598
0.329619
0.294603
0.377071
0.568885
-0.529462
0.212968
-0.6552
0.888479
-0.553368
0.59692
-0.580165
-0.490376
0.101452
0.727652
-0.573885
0.315073
-0.208988
0.0615569
0.504757
-0.888515
-1.94954
0.290593
0.784009
0.0279816
-0.0210057
0.22159
-0.781756
-1.58749
-1.5657
0.752343
1.25431
1.90508
0.174469
-0.721434
0.577442
-0.204708
0.755592
0.684329
-0.372945
0.203365
-0.257562
-0.157098
1.10769
1.14406
-0.608013
0.0876327
-0.489141
-0.126415
0.203781
0.389301
-0.239261
-1.81924
0.298856
0.0648892
-0.563652
0.470725
0.506349
0.476763
-0.886291
-1.92353
1.03141
-0.373808
0.256951
0.186228
0.369186
-0.0786582
0.478387
0.480115
0.68608
0.613469
-0.608916
0.187739
0.0654051
-0.51549
-0.119204
-1.30424
-0.0873542
0.2276
0.150859
-1.02993
0.0840956
0.0929528
-0.494788
0.237884
-0.560961
-0.312479
0.305219
-1.97494
0.380267
0.192444
-1.34259
0.339798
-0.364175
-1.32784
-0.661937
-0.792053
0.80228
-0.844952
-0.105837
0.284459
0.331217
-0.837937
-1.41879
0.727229
-1.14134
-0.107293
-0.0335538
0.503349
-0.134665
-0.422873
0.782145
0.472909
-0.0713448
-0.670078
0.0407179
0.727542
-0.631096
-0.809751
-0.524535
0.0577048
-0.743727
0.174199
-0.290339
0.751544
0.0907837
0.312403
-0.0461333
-0.666116
-0.744295
0.17423
1.12794
-0.0266704
0.828027
-0.387181
-1.04975
-0.239084
0.0459897
0.0491041
-0.635441
0.701026
-1.32576
-0.00737562
-0.516093
0.788027
0.351213
-0.088013
-0.0218048
0.0342302
0.354313
-0.387184
0.244105
-0.957549
0.187263
-1.37887
0.618003
0.00227885
0.120611
0.0351018
-1.40751
-0.000137288
0.287959
0.209294
0.711845
-1.29865
-0.41541
0.605663
1.0699
-0.718091
-0.373601
1.48675
-0.875726
-0.143055
0.0404306
-0.842964
0.299143
-1.55308
0.274532
0.412244
0.959188
-0.123749
0.360969
-0.274701
0.667183
-1.31063
1.14149
-0.100105
0.877708
0.599265
-1.01293
-0.457837
-1.09208
1.39203
1.95544
0.638259
0.849883
0.40343
0.504109
0.187099
-1.03687
0.734969
0.711982
0.646677
0.957293
1.15048
-0.515326
0.691572
1.01722
0.561411
-0.399631
-0.328166
0.173667
0.0221565
-0.739691
-1.04157
-1.0604
-0.149768
-0.273735
0.090568
0.735535
0.85375
0.350521
1.10019
-0.512204
0.412505
-0.919017
-0.423253
-0.094002
-0.0686617
0.340944
-0.00674985
-0.501105
-0.499528
-1.16886
-0.745189
-0.25825
-0.708705
-0.855309
0.333838
0.621772
0.0631811
0.365597
0.345502
-1.80262
0.330323
-0.594084
-0.155743
-0.562701
-1.84447
-0.734392
0.0672285
-0.291464
0.175214
-0.559852
0.665859
0.102049
-1.53347
-0.719578
0.634189
1.02969
-0.953335
1.64243
0.444534
0.606351
-0.842947
0.411649
0.565809
-1.03065
0.432496
0.91789
0.0258739
-0.626131
-0.241971
0.535944
-0.536623
-0.758111
-0.464259
0.172122
0.472367
-0.103517
-0.308516
0.201734
-0.468194
-0.325416
-0.433795
-0.38592
1.14068
-1.68138
-0.052608
-0.0240699
0.777806
0.785089
1.11906
0.827651
0.476871
-0.408078
1.20077
-0.274518
0.21964
0.153277
-1.39711
-0.0579439
0.167356
-0.100482
-0.227462
0.189504
0.741616
-0.515457
-0.721924
0.417886
-1.13963
0.248579
-0.793843
0.255237
0.460648
2.13663
0.292284
0.235048
-0.62152
-0.855053
0.476083
0.100274
0.712209
0.156655
1.00542
-0.19705
-0.45258
-0.077823
0.3007
0.191828
-0.89053
-0.0241161
0.329788
-2.06272
0.0950019
0.34647
-0.0639963
0.995357
1.52848
0.321094
-0.690292
0.202241
0.396322
-1.01737
0.845657
-0.475793
-0.60917
1.26534
2.00051
0.311431
-0.807124
0.223544
-0.229698
-1.38461
-0.0706573
0.65061
1.21993
1.33111
-0.97218
-0.676062
-0.325125
0.227546
-0.443254
0.706197
-0.956406
-0.524554
1.55935
-2.1368
-0.414062
0.0438687
-0.656217
-0.387516
-0.404241
0.0464701
-0.507989
0.982893
-0.19813
-1.7237
-0.268165
0.487195
0.429794
0.817508
0.277022
0.0902259
-0.847435
-0.729068
-0.399574
0.228825
0.206143
-1.11699
0.790067
-1.16575
0.545374
0.406477
1.04256
0.500749
0.537804
0.380352
-0.668066
0.0940144
0.524925
0.0276789
-0.12535
-0.276593
-0.0786205
-0.238011
2.0643
0.565353
-0.855457
1.0415
0.724749
-1.46594
-0.875789
-0.5563
-0.347331
-0.177805
-1.78108
-0.252774
-1.18278
0.448385
1.13834
1.07029
-0.309958
0.0601963
1.38458
-0.765154
-0.505244
-0.751116
0.246439
0.390739
-0.113709
-0.0437293
0.445393
-0.20798
-0.414475
-1.73069
-0.088467
0.990416
0.629674
0.690037
1.65334
0.299365
0.932961
1.13295
0.421113
-0.671911
0.437797
-1.22885
-0.0677012
0.122418
-0.0685151
0.719278
0.131168
-1.28871
-1.2729
0.830964
1.96826
-0.217118
-0.405708
0.500537
-1.45211
0.324165
-0.0651018
-1.12935
1.44446
-0.390748
-1.34178
1.42513
-0.319413
0.863067
1.17337
-1.87719
1.08675
-2.43929
-0.812642
0.08536
-2.45136
-0.69446
-0.389881
0.432946
0.581097
-0.838729
0.0843538
0.651746
0.274688
-0.357717
0.572164
-0.209864
-1.17387
-0.590038
1.47032
0.686246
0.69525
0.540997
0.942972
-0.848998
0.680038
-0.599507
0.31859
-0.36426
-1.29062
1.57994
-1.20134
0.268824
-0.338827
-0.483175
0.160313
0.16019
0.0829297
0.312471
-0.613412
-0.93578
0.0742946
-0.29363
0.649095
-0.873119
1.09098
2.04927
0.183744
0.414112
-0.126909
0.434819
-0.189555
-0.135486
0.489633
1.63884
-0.156886
0.276024
0.865745
-0.136003
0.0973111
0.0542823
1.02701
-1.69572
0.836439
0.49452
-0.157563
0.586281
0.157432
0.22449
-0.709919
-0.397959
0.0807398
1.09712
-0.112079
0.42476
-0.345369
0.564076
-1.28791
-0.0254591
-0.604995
-0.61418
0.539643
-0.815937
0.105425
-0.356802
0.732241
-2.24712
-1.06365
-0.354517
-0.651487
-0.27077
0.258275
0.627993
0.224726
0.762461
-0.047878
0.238211
-0.437537
0.0234231
0.718755
-0.00404838
0.377623
0.216122
-0.0791705
0.593289
1.45529
-1.82598
-0.408152
-0.0448425
0.434348
0.49142
-1.13957
-0.0965162
0.471961
-0.200961
-1.31784
0.259348
-1.27187
0.860838
0.63271
0.0968369
-0.404247
-0.287358
-0.434791
-2.45181
1.04648
0.91425
1.16649
-0.328451
-0.359271
0.158143
-0.151436
-0.526174
0.461441
0.522746
-1.53904
0.189833
-0.359459
-1.00139
0.342118
-0.44062
-1.4005
0.64703
-0.452359
0.244626
-0.912008
-1.43193
0.530903
-1.54728
-0.572572
0.676318
-0.045908
0.690851
0.7328
1.55476
0.169796
0.28395
0.068145
0.0981209
-0.893032
0.405629
-1.48221
0.979172
0.880634
-0.581913
0.18836
0.893868
-0.0726708
0.0168496
0.325956
-1.16457
0.700424
0.186629
0.95526
0.41012
0.914712
1.00951
0.387072
1.30266
0.0940287
-1.26336
-0.152324
1.61502
0.664854
0.381049
-0.380871
-0.715408
1.07896
-0.819823
-0.62255
0.848197
0.502665
-1.19832
-0.821643
-0.17191
0.0488177
-0.195553
0.0925973
0.0169823
-1.00694
-1.25172
0.0927899
0.855578
0.701858
-1.26348
0.22967
0.420597
1.21111
0.530091
1.09474
-0.30441
-1.08666
-0.394166
0.147177
0.0203824
-0.998546
-0.337651
-0.55803
-0.591337
-0.250593
0.560204
-0.0024711
-0.0731041
-0.344354
-0.223174
1.05318
0.507933
-1.70641
0.394716
0.632765
1.0097
-0.729242
1.82315
-0.140266
0.818288
-0.86779
0.513894
-0.410559
-1.03341
-0.272353
0.46801
0.212687
0.687521
1.17318
0.56846
0.404054
-0.303419
-0.149554
-0.576553
0.0375368
1.76031
-0.054395
0.817229
0.41209
-0.699446
-0.778892
-0.409326
-0.517442
0.358798
0.191864
0.0348381
0.193195
-1.53092
1.52646
0.363785
0.444638
0.801444
0.15008
-0.0788092
1.0672
0.894121
-0.513897
-0.151393
-0.621826
-0.986368
-0.0340882
1.58669
-0.491178
0.635207
0.597887
0.16033
-0.327825
-0.227394
1.44724
-0.617343
1.66272
-0.283837
-0.5277
-0.550662
0.352324
0.502979
1.06933
-1.64484
-1.29872
1.06385
0.378503
-0.91605
0.696309
-0.573216
0.374994
0.623658
-0.256145
0.457824
-0.550737
0.591625
-0.532419
0.234348
-0.509281
-0.738703
0.167749
-0.336152
0.0729895
-0.183359
-0.594059
-0.162744
-0.118172
-0.848669
-0.55428
-1.416
-0.173364
-0.183338
0.526834
-0.285084
0.611382
0.185421
-0.14857
0.138892
-0.722781
0.658121
-0.858784
0.155449
1.57325
-0.726817
-0.300917
0.735371
0.498199
0.613687
-0.134628
-0.100056
-0.976144
-0.301602
0.2366
-1.24716
1.13801
1.17487
-0.602269
-0.448305
0.130265
-0.178035
-1.34466
0.757172
-1.96116
-0.0153065
0.08663
-0.48987
0.29762
0.167484
-0.121208
1.49459
-0.376672
-0.21269
0.0799717
-1.90373
1.66075
2.15209
-0.261176
-0.0320676
0.573718
0.274235
0.350598
-0.766193
0.552693
1.36461
0.538273
-0.46435
0.728913
-1.1086
0.166295
-1.54056
0.680173
-1.1791
0.583971
0.0394261
-0.566903
-0.180201
-1.77393
0.0699867
0.649726
0.543593
0.538958
0.0204808
-2.12673
-1.7525
-0.875442
0.0446615
-1.03565
-0.203983
-0.634939
-1.72942
-0.599935
0.482795
-0.133949
0.0286869
0.323344
-0.243823
0.494466
0.981369
-0.0673948
-1.20693
0.183973
-0.169336
-0.430566
-0.837334
0.0462152
0.701724
-0.270336
1.16555
-0.812642
-1.25418
-0.0509688
-0.317574
1.39524
0.703803
0.128243
-0.646389
-0.0172215
-0.0199202
0.868115
0.0185083
0.0764265
0.127831
0.481413
-0.603243
-1.02493
-1.38671
0.42033
-1.21034
0.802866
-0.76294
1.30769
-0.660554
-0.187744
-0.521137
0.398933
-1.06781
-0.24026
0.877995
-0.220416
1.02141
-1.27183
0.841334
0.286497
-0.280625
-0.60273
-1.23491
0.998372
1.28309
-0.938385
-0.309886
-0.637167
-0.258994
1.45409
-0.152938
-0.836611
1.36143
0.986284
0.367611
-0.0838032
1.18463
0.372791
0.674709
-0.102185
-0.00580849
0.104092
0.826242
-0.0558569
-0.202445
0.0274049
-0.175904
0.492375
0.464766
0.729995
1.10858
0.372647
-0.786195
0.0334443
0.737528
-0.800438
-0.00208451
-0.635369
0.593735
0.317385
0.743711
0.423325
0.498143
-0.92693
-0.341044
0.34044
-0.0395927
-0.695322
0.382602
0.481804
-0.34352
-0.449096
-0.0918589
0.643141
-0.297788
-0.986322
-0.385102
0.0974793
0.00213716
0.00143816
-0.578042
-0.101566
0.185897
0.60916
0.627176
-1.23552
-0.196009
0.157906
-0.473382
-0.148265
-0.853028
-0.171807
0.870816
-1.03971
-0.244956
-0.151955
-0.328258
-1.38768
1.52592
0.110442
-0.438495
0.684864
0.445006
0.551928
-0.0870862
-0.0713479
0.67813
-0.763671
-1.07599
0.675397
-0.635813
0.170093
-1.55327
-0.00719228
0.590375
-0.0385137
-0.203196
0.289038
-0.623073
-0.463873
-0.0858186
-0.241218
0.394476
0.192732
0.337499
1.41362
-0.863323
-0.568099
0.741421
-0.760467
-0.373795
-0.376026
-0.176283
-0.650055
1.41804
0.518847
0.0400865
-0.209411
0.325555
-0.0814107
-0.475081
-0.179348
0.00091312
-0.306824
0.741477
-0.822095
1.46727
-0.857582
-0.572908
1.27639
0.565137
0.918474
0.0561892
-0.543825
-0.0355869
0.268666
0.203307
-1.12314
-0.0532653
-0.621367
0.734792
-1.09806
-0.380158
-0.378243
-0.375601
-0.263151
1.20534
-0.405293
0.955214
0.683354
0.451391
-1.14064
1.24802
-0.254339
-0.345608
0.353578
0.741686
-0.827126
-0.504763
-0.58228
0.0532182
-0.939986
0.160522
1.20927
0.644478
0.621721
0.501357
-0.286208
0.276471
0.158191
-0.336805
0.0998511
0.141749
0.152258
0.151264
-0.407706
-0.627717
0.278723
-0.0606026
-0.606238
0.718549
0.1246
0.168818
-1.36864
-0.716645
1.68435
0.656733
1.08906
0.331489
1.14649
0.0366113
0.230299
-0.073026
0.15036
0.0330361
1.16209
0.554445
-2.17782
-0.287131
-0.24349
-0.451059
0.342549
-0.50448
-0.912155
0.405417
-0.884656
-0.0367171
1.03372
0.14395
-1.26552
-0.0884873
1.16287
0.240181
0.921377
-0.564429
0.625837
-0.153122
-0.0933389
-0.167926
-0.153171
0.147106
0.9534
1.74515
1.10976
-0.496075
0.0364486
0.584937
-0.66843
1.00509
-0.881389
0.445024
-1.36581
-1.40608
-1.53849
-0.0744077
-1.28655
-0.419132
-0.131437
-0.230843
-0.57194
0.259127
0.747268
-0.576752
-0.700815
1.00933
0.632163
0.107613
0.11334
-0.08318
0.431576
-0.182042
-0.694159
-0.389361
0.0697261
-0.351733
0.86903
-0.72454
0.126212
1.08692
-0.0482502
-0.0330698
0.84032
0.310629
-0.127754
-1.57833
-0.376455
-0.18112
0.48913
0.14423
-1.2947
0.551143
0.880956
-0.250265
-1.13065
0.051928
0.497071
0.424717
-0.11357
-1.172
-0.14411
-0.039462
-1.37119
1.97901
0.495569
0.0188115
1.40621
1.46226
0.114276
0.147885
-1.07213
0.779365
0.741525
0.940373
0.121951
1.00731
0.708642
0.0914127
-0.16254
0.362832
0.177206
-0.618685
-0.0372755
0.153305
0.0465694
-1.14543
0.253345
-0.711513
-0.780419
0.0525614
-0.216155
1.43748
0.475832
0.18519
1.168
-0.474847
-0.34275
0.839298
0.812507
0.0860412
0.291982
0.138352
-0.0465813
-0.175422
-0.326173
-0.371423
0.156015
-0.136789
-0.811889
-0.541009
0.962576
-0.0712338
1.63097
0.752419
0.800999
-0.227151
0.241569
0.162713
-0.600951
-0.686248
-0.786321
0.739037
0.985133
0.0336468
-0.593901
-0.437202
-0.722519
0.986368
-0.602625
-0.875123
-0.223503
-0.397754
-1.18304
0.979625
0.176422
-0.145132
0.301208
0.590695
1.08489
-0.593667
0.871342
0.116204
-0.600224
-0.396563
-1.09883
-0.629245
0.178101
-0.642385
1.21419
-0.485321
0.497423
0.340017
1.29303
0.481637
-1.19196
-1.0752
0.282941
1.72625
0.114977
1.07856
1.35461
-0.217768
-1.28704
-0.169067
-0.888394
0.153356
-0.730556
-0.195559
0.114716
1.70891
-0.0530572
-0.219104
0.203038
-0.426946
0.532521
-1.15594
0.894146
-0.393433
1.26161
-0.417316
1.17319
0.590455
0.159127
-0.0171708
0.591788
0.936238
0.857026
-1.66514
-0.845359
1.17482
0.975162
-0.626279
0.29006
1.28659
0.66359
-0.0902213
-0.421055
-0.0474672
0.0445729
0.870975
-0.647386
1.08934
0.331198
1.46339
0.668682
-0.16788
0.903844
-1.03591
-0.0701146
0.0929171
-0.440614
0.0569477
1.32534
0.521134
0.565261
0.643264
-0.965563
1.05313
-0.292504
-0.942985
0.886379
-0.61282
0.618422
-0.476888
0.519573
0.243925
0.754721
-1.62072
1.22851
0.306365
-1.05194
0.470423
0.355813
-0.357445
0.0487374
0.216618
1.00664
0.905814
-0.928157
-0.905489
-0.963552
0.00246933
-0.775613
0.550727
-2.07148
1.67576
-0.838435
-0.334343
0.292611
0.422885
1.48119
1.47335
-0.296138
0.311015
-0.308031
-0.276301
-0.105259
-0.603754
0.492702
-0.360806
0.529819
0.040173
-0.363369
-0.204417
0.53116
0.063018
0.509255
-0.845689
-0.145422
0.260601
0.761828
0.517337
-0.600056
-0.827011
0.374917
-0.478867
-0.763374
0.121189
-0.274155
0.707758
-0.292546
-0.355739
-1.02174
-1.28492
0.522284
-0.878053
-0.357318
-0.715574
0.781546
0.35903
-0.545836
0.943799
-0.228599
-0.517845
-0.408731
-0.556021
0.709329
0.736476
0.0785337
-0.165778
-1.04976
0.639201
0.20925
-1.04243
-0.837501
1.03628
-0.690512
0.150346
0.565656
0.374653
-1.04133
1.69024
-0.747627
-0.127895
0.681816
0.79557
-1.82888
-0.0975239
0.185983
0.497255
0.285277
-0.0839611
0.30744
0.577322
0.941069
-0.250277
0.385364
0.22465
1.18772
-0.497951
0.851509
0.997351
-1.47581
0.0315241
-0.64064
-0.285032
-0.275155
-0.441162
0.347671
-0.435916
0.406244
-0.419775
-0.518062
0.274576
-0.253427
-0.192589
0.261877
1.37946
0.598601
-0.304083
-1.20809
1.36766
0.290353
-1.1919
1.41711
-0.475111
0.0186702
-0.318495
0.136404
0.12785
0.173527
0.425533
-1.19083
0.627709
0.583494
-0.106258
-0.258283
0.550767
-0.3701
-0.586406
-0.332703
0.135295
-0.534084
2.61141
0.0817139
-0.894597
-1.1697
-0.239866
0.913823
-0.345844
-0.0330907
-0.93246
-0.111886
1.32094
0.20438
0.680467
-0.54322
0.658128
-0.793008
0.57204
-0.401689
-1.19775
-0.291219
0.693177
-0.515769
-0.522551
-0.720841
-1.27479
-0.0193106
0.172617
0.368799
-0.170172
-0.465448
-0.675874
0.61666
0.262737
0.767496
0.328289
0.424781
-1.34653
0.108312
-1.43527
0.330095
1.09382
0.189383
0.732145
-0.00550472
1.10037
-0.855047
-0.0835523
0.601128
1.16738
-0.794154
-1.05466
-0.93556
-0.449361
-0.337241
-0.325098
0.424266
-0.475598
-0.743614
-0.673538
0.402826
0.212094
-0.16667
-0.762128
0.481954
0.219667
0.596037
-2.37583
0.767571
-0.210156
0.107283
-1.36868
-1.04803
-0.906324
-1.37123
1.72842
-0.627525
-1.14354
-0.955112
-0.657532
0.736853
-0.35084
-0.371392
0.229805
-0.582577
1.08833
-0.812626
0.000403859
0.863437
0.146867
0.648077
-0.664752
0.501913
-0.200711
1.17986
1.29851
-0.631027
0.0729103
-0.576538
0.688161
-0.575444
-1.77632
0.446364
-0.454598
-0.0439218
-0.157324
0.814664
0.28123
0.138055
0.559804
0.15362
-0.630286
0.809494
0.348001
-0.309484
0.436274
-0.541157
-1.79343
-0.3558
-0.289086
-1.41221
0.43283
0.295865
-0.0359883
1.03926
0.632279
-0.00182284
0.775298
0.341423
-0.488437
0.387661
-1.10264
-0.616259
-0.205974
-1.26526
-0.817206
0.0901528
0.435294
0.187532
1.00929
-0.609419
0.331871
1.28687
0.118503
1.20008
-0.780552
0.0380622
1.77377
-0.19209
1.20672
-1.46832
-0.702581
0.179519
0.0328332
-0.531832
-0.86132
-0.302211
1.15436
-0.739415
0.0488563
-0.648582
-0.75693
-1.27886
-0.0106469
-1.0164
0.796681
-0.69726
-1.02546
-1.71652
1.13684
0.49826
-0.228046
1.26419
-1.01444
-0.694697
0.20848
0.0856807
-0.890125
-0.0987355
-1.14961
-0.045821
1.16073
-0.610117
0.480937
-0.307857
0.124128
0.354943
0.444194
-0.133762
1.2356
-1.20169
0.410602
0.0354504
0.103098
-0.315809
-0.350735
0.645828
-0.251246
1.33735
-0.830115
0.891052
0.943386
-1.41122
0.852215
-0.116118
0.213332
-0.654787
-0.715697
0.913892
0.251638
-0.147415
-0.515741
-0.137151
-0.293382
0.758768
-0.156052
0.437596
-0.115692
-0.911644
0.308442
0.901979
-0.42326
1.51783
0.922464
-0.73347
-0.269348
0.226214
0.80041
-1.79479
-0.337096
0.704419
-1.15918
0.585222
-0.460041
0.0149816
0.898872
0.235802
1.66944
-0.533579
0.263429
0.725786
0.0461233
-1.29016
1.64798
0.0155505
-0.657981
-0.446697
-0.184847
0.560615
0.653124
-0.321853
-1.56644
0.712577
-0.238095
0.816495
0.349429
-0.848501
-0.120547
-1.92587
-0.515876
0.5756
-0.0101417
-0.993241
-0.940451
1.72979
-0.989453
0.735834
0.259296
-0.027947
-0.216344
0.411769
0.0755873
-1.32251
0.0161537
-0.124102
-0.509234
1.38675
0.342785
0.118141
0.793325
-0.496061
0.480168
0.13091
-0.106641
1.0337
0.436645
-0.854664
0.933519
-0.0025621
-0.410251
-0.619975
0.714904
0.0983928
-1.64668
0.0562995
0.994481
-0.969658
-0.503204
0.373914
-0.779301
0.661174
-0.398623
-0.735009
-0.556887
-0.150537
-0.25584
1.31641
1.96976
-0.757601
-0.159312
0.123411
-0.911382
0.50291
-1.53141
-0.731865
-1.50659
-0.103138
0.581437
0.268042
-1.71423
1.03993
0.371635
0.578934
0.482293
-0.429263
0.0596509
0.171967
-0.123871
-0.955723
0.0587368
-0.65254
1.37807
0.978625
-0.44526
-0.45778
0.695458
0.709584
-0.75068
-1.21351
-1.78277
-0.815745
0.238897
0.386145
1.48103
-0.767724
0.923976
-0.657643
-0.756249
1.40259
-0.104389
1.26114
-0.108435
1.2943
0.0240268
-0.479558
-0.736017
0.658419
-0.94275
0.719381
0.0369516
-0.0516839
0.133779
-0.61963
-0.173334
-0.325612
-0.126233
-0.561079
-0.0561549
0.381023
0.0545795
1.25015
0.254832
-1.18879
0.964728
0.0429435
0.684569
0.640629
-1.78819
1.27294
-0.16902
-1.22718
0.222902
-0.655013
1.08963
0.000760884
1.21741
-0.254147
0.101543
-0.493369
0.634682
1.16675
0.116895
0.0514213
-0.712164
-0.080628
-1.00114
-0.194601
-0.81396
0.988162
-1.12151
-0.716381
0.223488
-0.168651
-0.347144
0.616525
-0.394089
-0.0496303
-0.466259
-0.783088
0.0305361
-1.15487
0.200456
-1.04114
-0.57717
0.49623
-0.626483
-0.256055
0.713826
-0.841355
-0.728706
0.38842
0.978523
0.254377
-1.12679
-0.0263917
-0.778474
-0.0630856
-0.060349
-0.850588
1.26433
0.898139
-0.157933
0.952663
-0.78383
1.18967
-0.371411
1.04853
0.422976
-1.60428
-1.60029
0.356384
1.72549
0.630326
0.343397
-0.931238
0.637397
0.487656
-0.53115
-0.669205
0.82281
0.124357
-0.97117
-0.840191
-0.129985
0.870782
1.87602
-0.000802979
-0.185559
0.239629
0.427753
0.794225
-0.0351566
0.240876
-0.0755018
-0.962217
-0.659999
-0.844752
0.770444
-0.373732
1.24681
-0.63351
0.199516
-0.621883
-1.46585
-0.076961
-0.227447
-0.72307
0.12529
-0.282941
0.318405
-0.700485
0.0955838
0.360374
0.620175
-1.04271
0.641655
1.2265
-0.0978851
-0.295303
0.813853
1.3147
0.154784
-0.557263
1.21665
-0.215077
-0.05173
-0.0897303
-0.0234986
-0.549001
1.5021
-1.11687
0.142706
1.73636
-1.09881
0.022816
-0.205054
-0.946787
-0.826202
0.500405
-0.539091
-0.0837203
-0.631633
-1.4559
0.522487
0.116588
1.58907
0.663984
0.0753969
0.361901
0.342425
-1.04353
0.71369
0.306084
-0.0503495
0.364311
-0.434602
-0.646429
-0.02626
-0.138534
0.4338
0.422631
-0.0340939
0.993257
0.579912
-0.5248
1.83856
0.583128
-0.319375
0.587389
-1.04062
0.546982
0.25807
-0.68245
1.31755
-0.205958
0.280317
-0.171428
-0.615703
-0.362578
-0.37399
-0.199542
1.10315
0.626929
-0.908611
-0.920927
-1.09815
-0.336568
-0.417165
0.309923
0.0725504
-1.00469
-0.730414
-0.174044
-1.03857
-0.613844
-0.264561
-0.210124
0.76594
-0.213294
-0.698324
-0.629109
0.225034
0.916275
-0.133148
-0.285901
-0.375398
-0.860263
-0.00265251
-0.254804
2.05252
-0.13532
0.500666
0.63263
-0.535314
-0.336643
-0.281322
0.111335
-0.277939
0.526972
0.299921
-1.27898
-0.455091
0.668623
0.159155
0.48272
0.359575
0.581116
-0.358681
0.277636
-0.119115
-0.958698
-1.01673
-0.545685
0.451469
0.913676
-0.369024
-0.0917603
-0.391161
0.233312
-0.567293
-0.944897
-0.13632
0.333702
0.189673
1.32567
0.483478
0.498343
-0.627596
0.37742
-1.53323
0.619513
1.02964
0.421706
-0.593394
1.53256
0.0831916
-1.83392
0.595891
-0.406489
0.289051
0.728053
-0.692839
0.160642
0.308645
1.00889
0.186604
0.850929
0.0611663
0.921027
-0.441251
-1.62172
-0.838517
1.06315
-0.410111
-1.26914
-0.113378
-0.922974
0.132394
-0.787684
-1.1972
-1.24788
0.477811
1.16212
0.0785272
-0.334434
-0.438361
0.910398
0.895355
-1.41596
0.615128
1.24109
-0.0456439
0.404009
-0.34921
-0.218794
0.553997
-0.400992
-0.279985
-0.374055
1.04947
0.32007
-0.605282
-0.669479
-0.337856
0.0599422
-1.23996
-0.513787
-0.364149
-0.210818
0.801278
1.13693
-0.2988
0.571132
-1.01691
0.491386
1.06635
0.636317
1.01895
-1.03792
-0.828651
-0.37568
-0.193631
-1.61427
-0.673869
0.163428
0.350956
0.130091
-0.991361
-0.417964
0.660737
-0.376893
0.574771
0.754297
-0.904202
1.09313
-0.711371
-0.541545
0.0938178
-0.557631
-0.528079
0.157422
-0.473365
-0.840578
0.570516
0.199223
-1.18683
0.532984
0.487688
-0.757867
0.76036
-0.801189
-0.463338
0.928674
0.108385
0.574994
0.913906
-1.16567
0.269586
-0.483934
-0.423284
0.751588
0.808206
0.487792
0.46563
0.0367871
0.70299
0.147798
-0.151046
-0.676047
0.452064
0.417796
-0.746786
-0.458729
0.602646
0.306751
-1.19897
0.761718
-1.46312
0.127373
-0.245058
1.62696
0.176492
0.46714
0.372584
0.0959653
0.252714
-0.0974755
0.413913
-1.40546
0.0769485
-0.508347
0.432555
0.665172
0.100855
-0.136417
0.794298
0.522536
-1.71591
0.595508
0.590291
1.1239
0.244903
-0.847496
-0.0858008
-0.707396
-0.336886
0.392604
0.0792705
0.823659
-0.817214
0.43248
0.786321
0.529104
-1.33539
0.198893
0.401791
0.104351
-1.22331
-1.17452
-0.843642
0.0462039
-1.17902
0.0332499
-0.807404
0.533879
-0.34205
-0.800298
0.800961
-1.03791
-1.52593
0.170352
-1.42349
-1.09643
0.982691
0.658823
-0.506582
-0.322134
-1.03635
-0.128568
1.76265
0.257655
-0.477306
-0.79158
-0.259582
0.307524
0.964444
-1.03698
0.255164
-0.230566
-0.693222
0.974052
0.0558925
0.294314
-0.729216
-0.837585
0.731492
-0.818827
-0.442334
1.43655
1.45054
0.306736
-1.21752
1.72421
0.285085
-1.93472
-0.426229
0.549679
0.51128
0.00534744
0.0726363
-0.969159
-0.0994218
-1.17305
0.950498
-0.491231
-0.0213706
1.07066
-0.243112
-0.405107
0.961453
0.99213
0.211403
-0.740866
0.135537
-0.859794
0.491582
-0.194162
1.02119
1.0971
-0.607164
-0.211202
0.167209
-0.253231
0.0826343
1.30609
-0.0673881
-0.982692
-0.870157
-0.836967
0.0568288
0.0240015
0.202687
-1.13676
1.10365
-0.828052
-0.352942
-0.715447
0.257475
-0.419233
-1.12918
0.0164162
0.309575
0.0414589
-0.188224
-0.318366
-1.1215
-0.609165
1.01074
-1.26543
-0.159148
-0.433395
0.803817
-0.0812135
-0.616162
-0.344957
0.862136
-0.612127
-0.0262837
-2.02378
0.350707
-0.060954
-1.10125
0.994765
0.0729307
-0.507325
0.722784
0.569842
-0.297878
1.18385
-2.26642
-0.212642
-0.338434
0.426355
0.762365
-0.861863
0.333146
-0.149545
-1.09844
-0.596813
-1.68213
-0.115011
0.0804422
0.93536
-1.53676
-0.574108
0.426373
0.946353
-1.04554
-0.624334
-0.210425
0.940213
1.44488
0.395468
0.0649276
-0.106398
0.175177
-0.482072
-0.591474
-2.21082
0.164269
0.309899
-0.0259503
-0.077835
-0.611092
-0.136205
1.76174
0.100342
0.943892
0.749998
-0.273699
-0.191849
-1.89103
0.516387
-0.0281033
0.293396
0.868778
-0.70691
-0.204728
0.612725
-0.27109
0.782302
0.163109
0.875279
0.210595
0.553245
0.647427
0.0175063
-0.152469
1.35972
-0.686437
0.693278
0.427948
0.552318
0.36386
1.47094
-1.11722
0.902015
-0.102659
0.719201
0.611663
-0.375273
-0.227722
-1.62891
0.0509824
-1.24202
1.20241
-0.982945
0.0697203
-0.479977
-0.968928
-0.24429
-0.973205
-0.902183
-0.661462
-0.0318108
-0.541639
-0.0597511
-0.977371
0.690013
0.691107
-0.2319
0.339343
0.532727
-0.540597
-0.704484
0.181155
-0.934818
0.441799
-0.509374
0.0575873
-0.899347
-0.221753
-0.08454
-0.598989
0.794519
0.302184
0.034564
0.981363
0.48771
0.692854
0.770703
-0.482104
-0.88612
0.566107
0.209704
-0.243067
0.058128
2.02717
0.743629
-0.119706
1.17118
-1.58887
0.640975
-0.558015
-0.121815
-0.246866
-1.24795
0.797869
-1.20473
0.0812767
1.45954
-0.3758
-0.420786
1.15252
0.307422
1.07124
-0.204403
-0.672755
-1.13039
0.0469433
-0.836267
0.682042
1.3222
0.115213
-0.590771
-0.366241
-1.77791
1.33448
-0.693827
0.946497
-1.35119
-0.521301
-0.448987
-0.082454
0.487875
0.329642
0.686734
0.476747
0.696552
-0.17241
0.0654778
0.0736696
0.450367
-0.682677
1.43006
-0.113468
-0.0907259
-0.0950405
-0.430687
0.0402231
0.128381
-0.193881
0.145619
0.0320419
-0.645501
-1.42904
-0.160773
0.494612
0.173946
-0.897218
0.0652609
-0.0262963
-0.580135
1.06299
0.281989
-0.786219
-0.690288
0.728831
0.21175
0.646724
1.29062
-1.95644
0.0798421
-0.0589066
-0.000466579
-0.888089
0.369291
-0.15595
-0.134165
-0.814056
-0.331718
1.26578
1.26491
0.197786
-0.0152048
0.691072
-0.0230956
-0.294384
-0.897663
0.129099
-1.08308
-0.20493
0.0643027
-0.661024
1.00451
0.772916
-1.65369
-0.449576
-0.653128
-1.32362
-1.11791
1.06259
-1.22779
-0.590381
-0.3498
0.514517
-0.985315
-0.814
0.959377
0.564501
1.02311
-0.880373
0.136292
0.156872
-0.468389
0.74907
-0.871954
0.455083
0.288253
0.442035
0.617724
-0.0844786
0.289949
-1.07188
1.44005
-0.0994706
-1.29721
0.719332
-0.382886
-0.390861
0.394019
0.580593
-0.333972
-0.717842
-1.07737
0.620166
-0.0759691
0.265249
-0.179852
-1.46399
-0.134897
0.653264
-0.00781544
0.474368
0.556697
-0.319754
-0.522878
0.0446362
0.457293
0.263538
-0.673878
0.657605
0.491584
0.56413
-0.293527
-0.0301875
0.418253
-1.62645
0.647849
1.671
0.931287
-0.389151
0.514873
-0.544956
0.261107
-0.419327
-1.41471
0.36604
-1.35307
0.230512
-0.105061
1.01567
-1.28757
-1.20726
-0.404824
-0.280744
0.329117
-0.517877
-0.0876309
-1.11876
-1.39907
0.0298878
-0.041309
-0.545732
-0.0303634
0.263854
-1.11255
-1.24154
-1.58074
-0.638495
0.113569
0.118443
-1.42472
-1.70803
1.81527
-0.620761
0.622188
0.388235
0.593257
-0.956198
-0.0125337
-0.414903
0.391258
-0.185405
-1.80266
0.0568875
0.711563
0.248476
-0.541665
-0.670765
0.12152
0.342722
-0.542875
-0.138861
1.48016
0.241419
-0.294826
0.446696
-0.0632922
-0.357136
-1.67705
-0.923421
0.472919
0.93883
0.0652971
-0.679629
-0.184369
-0.649239
0.0617159
-0.0293603
0.332035
-0.43966
-1.21467
-0.222279
1.86084
0.369481
-1.48594
-0.342788
0.0580496
0.474775
1.10076
0.153705
0.208771
0.601352
-1.10839
0.782457
-0.94735
0.0739374
0.392918
-0.441044
-0.594376
-0.0553636
0.346695
-0.261263
0.529194
-0.445932
-0.674896
-0.247014
-0.143355
0.0516047
-0.333026
-0.144066
-0.693546
-0.459154
-0.504224
-0.103858
0.803226
-0.931082
0.234718
0.883512
0.00447009
0.173342
-0.21492
-0.493305
0.136617
0.0393133
-0.660265
-1.72024
0.489995
0.411809
-0.20672
-1.11025
0.406738
-0.346588
0.560393
0.791144
0.198887
0.673879
0.351297
-0.333236
0.331724
-0.484155
0.541728
0.295613
1.00092
1.32862
-1.15211
-0.551549
-0.685939
-0.235041
1.04038
0.45246
0.796197
0.704091
-0.0807817
-0.569493
-0.334203
0.337373
-0.226208
-1.41723
0.381332
0.166964
1.1279
0.607786
-0.570501
0.180701
-0.625062
-1.19304
0.788836
0.724971
0.222543
0.262282
1.51238
0.299305
0.594366
-0.865681
0.124287
-0.218318
-0.383956
-0.155207
0.546466
0.233836
-0.088222
0.29146
-1.01039
1.18055
0.569383
-0.0904577
-0.664596
0.418195
0.540786
0.092871
0.0862746
0.332408
0.606757
-0.701592
-0.151222
-0.854932
-0.488464
-0.346233
-0.792206
-0.452198
-0.456822
-0.215685
0.875149
0.571961
-0.26008
-1.02153
0.759836
-1.49808
-0.673646
-0.783541
-1.46276
-0.704874
0.110309
1.46746
-0.0497357
-0.450189
0.523522
-0.75717
0.284736
-0.687918
0.496766
1.11522
-0.0746135
0.258625
0.587111
-0.324154
-0.0601967
0.262043
0.263728
1.18232
0.389807
0.0706885
0.246845
0.33503
0.345072
0.128131
0.155663
-0.220992
-0.181338
1.03394
0.345427
0.0177365
-1.08855
-0.633056
1.21893
-0.682808
0.231032
0.0884334
0.299954
-0.228964
1.13007
0.195927
-0.0500019
-0.303519
-0.1557
-0.129237
1.17768
0.56179
0.578179
-0.227877
-0.270504
-0.512167
0.155291
-0.857434
-0.725732
0.92799
0.921632
0.558886
-1.50295
0.446649
-0.801042
1.74157
-0.273961
-0.632945
-0.398984
0.822503
0.87404
0.0102516
0.689887
0.106359
-0.811323
0.60674
0.87582
-0.719824
-0.802863
0.0364126
-0.78835
0.716101
0.0831016
0.0507479
-0.17893
0.69793
0.712444
-0.148579
0.146761
1.66305
0.189486
0.923488
-0.870634
-1.23942
-0.536614
0.0420901
-0.0694644
1.39688
-0.561577
1.4992
-0.370064
0.950413
0.816825
-0.87542
-0.900534
-0.663314
-0.165204
1.16874
0.08474
-0.728487
-0.232515
-1.20294
0.888831
-0.185862
0.753049
0.943382
-0.479663
-0.619774
-0.453663
-0.819801
-0.234532
-0.504492
1.6038
1.25925
0.965561
1.65375
0.357973
0.113994
-1.65963
0.825266
-0.673658
0.450468
0.088111
-0.210558
-0.369017
-1.24226
-0.0596244
0.18255
0.865931
0.0487273
0.217883
-0.898484
-1.32381
0.453379
-0.991476
-1.37808
0.655698
-0.272022
0.341516
0.391676
-0.0169502
0.620133
2.14576
-0.376152
-0.869884
1.36717
-0.24587
0.0110272
-0.835401
-0.600545
0.435405
-1.46373
0.472284
0.300819
1.13084
1.56875
0.44554
0.519577
-0.794583
0.0576627
0.0107221
0.480354
-0.491739
0.180732
0.0304529
0.0983929
-0.620247
-0.810693
-0.58482
0.350529
-0.232015
0.128514
0.867301
0.654764
0.857236
-1.12925
1.1142
-0.0744719
-1.17158
0.674371
-1.92473
0.142247
-0.681523
0.273665
-0.667888
-0.271357
-0.407027
0.459227
-2.30227
0.304565
-0.327995
-0.0736222
0.14608
-0.373311
0.161013
-0.114643
-0.958638
0.936169
0.536442
-1.19969
-0.790873
0.240465
-0.249493
-1.16537
0.310715
-0.71469
0.852445
1.38594
0.298955
0.369481
0.190205
0.880169
-0.778802
0.39781
-0.258799
-0.163981
0.570343
0.544124
1.83643
0.464575
-0.456273
-0.360114
-0.864819
-0.123857
0.601267
-0.430544
0.501731
0.213626
0.685568
0.570293
0.383873
0.410349
-0.898413
-0.486509
0.0804471
-0.530211
0.544286
-0.860507
0.369312
0.232925
0.222482
-1.18643
1.02621
-0.67566
-0.0689167
0.72674
1.16958
1.75987
0.930599
0.30788
-0.201112
0.279466
0.826099
-0.786298
1.13065
-0.579429
-0.785105
-1.49253
-0.420695
0.00361086
1.21963
-0.502011
-0.948168
-0.187978
-1.18395
-0.567731
0.502352
-0.00303858
-0.219313
-0.17902
-1.06595
-1.17952
-0.0869866
-0.345469
-0.820703
0.543896
0.612572
0.760331
0.217257
-0.488559
-1.52792
0.714734
-0.492442
-0.0982575
-0.810263
0.568377
-0.215446
-1.60376
0.306543
1.97012
-0.37986
1.28975
-0.482493
0.15386
0.28409
0.318193
1.02674
0.128406
-2.29337
0.329304
-1.57529
-0.922182
0.46535
-0.0680812
0.389237
0.512381
0.149269
0.107542
1.31049
0.132302
-0.386791
-0.475617
0.475712
0.522924
-0.776572
-0.0976957
1.26888
1.00653
2.59563
0.0109171
0.0176717
-1.01935
0.307874
-0.132005
1.81926
-0.226855
-0.882728
0.0232476
0.231007
-0.241811
-0.324892
0.183059
0.848618
0.272168
0.325984
0.219114
-0.253998
-0.132153
-0.878743
-0.673161
-0.419449
0.274005
-0.840162
-0.62996
0.0600263
-0.475828
0.626585
1.20168
-0.0118873
0.101149
-0.322361
-1.01255
-0.0460333
0.902358
0.50469
-0.250357
-0.776973
-0.328236
-0.164092
0.238022
1.23179
1.23028
-1.16281
-0.0313782
-0.214735
0.808036
-0.521379
-1.10257
0.500818
-0.0152917
2.08551
-0.222944
0.365178
-0.611896
0.213745
-0.743891
0.329085
-0.343293
-0.0156243
-0.685075
-0.42854
0.539379
1.47034
-0.822018
-1.08128
-1.34662
0.386084
-0.230532
-0.0923592
-0.820503
-0.556084
0.117778
0.858498
-0.847229
0.160431
-0.604639
-0.0204507
0.463682
0.958911
1.26092
0.232929
0.249759
0.25637
-0.246724
-0.204558
0.799207
0.853991
-0.652706
-0.0597855
1.111
1.04853
0.0538082
-1.0116
-1.56389
0.309029
-0.267829
-0.273099
-0.119304
0.355327
0.043264
1.22012
-0.230791
0.554295
0.129276
0.785304
1.58072
0.235412
0.403662
-0.342798
0.894484
-1.03398
0.0120516
0.839663
1.30222
1.05531
-0.242856
0.279439
0.0749267
-1.8065
0.149123
0.412384
-1.03517
-0.218375
-0.330785
1.14114
0.504221
0.683037
0.329334
-0.233556
-0.672673
0.347476
0.0391617
0.0936099
-0.185442
-0.431771
-0.158772
0.0500133
-0.489666
-1.51056
0.984198
-0.587327
-0.497874
-0.839332
-0.237432
0.534066
-0.1102
-0.947753
-1.74724
-0.383683
0.421231
0.516637
0.953966
0.072307
-0.770886
-0.862082
-0.637311
0.65497
-1.0646
0.108739
0.822319
-0.275873
0.993984
0.946158
-0.410188
1.01196
-0.679716
0.400116
0.515109
-0.423578
-0.308955
-1.43511
1.04936
0.628976
1.41324
-0.297349
-1.46441
0.152611
0.381615
0.593234
0.485983
0.23828
0.458822
1.48519
0.621498
0.423886
-0.732295
1.19403
0.266794
0.580109
-0.00608597
0.383555
0.42581
-0.721162
-0.00111628
-1.10724
-1.56984
-0.754386
1.01667
-0.740626
0.107582
-1.01976
-0.00319698
-1.46414
-0.861766
-0.473296
-0.646888
0.874662
0.668106
-0.234558
-0.823618
0.172682
-0.611301
-1.46758
0.16246
-0.061816
-0.212606
-0.131297
0.00556738
-0.975065
-0.815327
-0.22326
-0.990506
0.0149312
-0.371918
-0.439351
0.825579
-0.737707
-1.95234
0.548959
0.974828
-0.093053
-1.06164
0.0520181
1.07611
-0.814334
-0.896153
-1.29573
0.0605612
-0.154075
-0.97729
1.23832
0.380437
0.902621
0.390984
-0.328603
0.979582
0.0372949
0.925445
0.148985
-0.320529
0.174997
-0.0396084
-0.291061
-1.04553
0.254526
-0.552185
-1.17969
0.23228
-0.80271
-0.941449
-0.25601
-1.21342
-1.3491
0.689872
-1.30646
0.497741
-0.66165
-1.77077
0.349429
-0.124226
-0.98982
1.06161
1.22441
0.421067
1.01087
-0.646174
1.12002
-0.548629
-0.553877
0.558539
-0.024236
-0.781739
-0.766084
-0.4666
1.03594
-1.01839
-0.811896
-0.177572
1.57418
0.181518
-0.246934
0.694253
-0.756051
0.131556
-1.11496
0.504726
0.775516
-0.538379
-0.655979
0.593404
0.12564
0.274224
0.391916
0.504249
0.186881
-0.114183
-1.62676
0.720737
0.981507
-0.457506
-0.0102521
-0.0377288
-0.54933
-0.242379
0.533956
-1.01111
-0.375258
0.248738
0.0443884
0.684788
0.303569
0.234046
0.0559181
-0.210155
0.58936
-0.305283
1.13794
1.0988
2.0928
-0.476244
-0.624329
0.726917
-0.41313
-1.06943
0.112156
2.18909
0.326348
-0.269414
0.0811692
0.11367
-0.816105
0.699425
-1.51948
0.908631
-0.578078
-0.213624
-0.301115
-0.620892
0.33124
-1.09782
0.00908134
-1.00142
0.340491
0.741585
-0.205427
1.18333
-1.06328
0.487147
0.0782712
-0.755736
1.07117
-0.127593
-0.512785
-0.261616
-0.894082
-0.334292
1.54782
0.714316
-1.44741
0.469039
-0.0484501
-0.765485
-2.17569
0.621723
-0.305161
1.51969
0.964292
0.196319
0.450183
0.424014
0.741342
0.0294588
0.0585318
-1.74126
-0.793169
1.48567
0.350183
0.128904
-1.17606
2.40019
0.142982
0.57266
-0.8271
0.885388
0.723654
0.923462
-1.19808
-0.79142
0.968324
-0.482644
-0.104691
-1.02112
1.28882
1.43161
-0.0676365
0.145976
-0.375282
0.134443
0.11491
0.527129
0.107335
-1.60466
-0.499629
0.275566
-0.067736
-0.475311
0.437052
-0.886018
-0.712186
-0.64479
0.722073
1.2069
-2.03504
0.073288
0.15756
0.0666951
0.556155
1.29075
-0.224821
0.662546
-1.25832
0.0488292
-0.554287
0.490695
-1.62251
-0.522324
0.289258
0.533634
-0.0576945
0.987866
-0.995208
-0.400369
0.695798
-1.19501
0.862562
1.34559
0.484014
1.27969
0.637235
0.044311
0.916327
-0.503271
0.177536
0.417369
-0.0725636
1.49559
-1.41996
1.25372
0.00672425
-0.834605
0.416559
0.056547
1.01994
0.754417
-0.754776
-0.103506
0.764016
-0.516147
-0.268686
-0.973041
0.135745
-0.551192
0.403399
-0.502805
-0.0274874
2.30398
-0.657376
2.51257
0.871003
1.96262
1.58759
-0.279507
-1.66229
0.739339
0.198344
0.399689
-1.71406
-0.0639299
-0.824453
-0.833151
-0.47151
-0.829021
-0.0886915
-0.302878
-1.73955
0.590568
-0.709373
0.594441
0.784158
0.221384
-0.384043
-0.552773
0.837445
0.121729
-1.4071
0.45131
0.589985
-0.487926
-0.229447
-0.531891
-0.70352
0.349183
0.494589
0.995779
-0.45439
0.4352
0.259212
-1.17539
1.73979
-1.03203
0.513171
-0.547853
-0.631464
0.300429
0.663858
-0.345742
0.478791
-0.835528
-0.477391
-0.508705
0.106013
-0.325519
-0.0224411
-0.792425
0.943781
1.38057
-0.818717
-0.303282
0.577136
0.130544
-1.14176
0.605746
-0.887156
-0.527908
0.624204
-0.262732
0.10251
-0.391791
0.710146
0.28897
-0.217213
-0.302017
0.649029
-0.552176
0.351669
0.191524
-0.470923
-0.292181
-0.0281928
0.175395
-0.521936
-0.235583
-0.366154
0.0164546
0.127984
0.247194
0.354068
0.367665
0.437685
1.07391
-0.761319
0.478492
0.510943
-1.6474
-0.161687
0.831299
0.304268
-0.415585
-1.40796
-0.575409
0.606595
0.25138
1.47305
0.210828
-0.165428
-0.941036
0.528066
0.981306
0.626915
-1.12372
-0.480913
1.14551
0.442509
0.694471
0.15179
-0.380235
0.441189
0.566607
0.239438
0.0810148
1.17557
-0.157702
0.155981
-0.236527
-0.925624
-0.257469
0.472896
-0.317571
-1.3093
0.383423
1.59398
0.138517
0.54181
0.886265
-0.377013
0.0870863
-0.180988
0.383428
-0.994495
0.794507
0.520719
0.559197
-1.36766
-0.306896
0.0831865
-0.65412
0.606763
-0.0265664
1.05077
1.13708
-0.489826
-0.876953
-1.02101
-0.644394
-0.21563
0.188459
2.05451
-0.400284
0.692714
0.670052
0.29015
-0.32598
1.43115
-0.279388
-0.132286
0.740517
-0.359829
-0.104044
0.580029
-1.49377
1.30213
0.722001
-0.215593
-1.0591
-0.0731318
0.284768
-0.834135
-0.307603
0.116596
-0.14773
0.354596
-1.21957
-0.246869
0.524217
-0.16632
-0.595707
-1.34307
0.00959389
-0.17283
-1.30052
-0.915846
-0.00753477
-0.348904
-0.632812
-0.311842
0.195403
1.83465
-0.203446
-0.704554
0.194313
-0.883278
-0.294342
-0.00169816
-0.100141
-0.526351
-0.590026
-0.22116
-0.962998
0.558746
0.804938
-1.52281
0.954645
0.0248332
-0.148053
0.828054
0.350834
0.689516
0.483122
0.565805
1.12951
-0.231089
-0.283539
-0.847606
0.559733
0.392765
-0.210984
1.831
0.727951
-0.152682
0.0609918
-0.34809
0.753021
-0.19272
0.429153
-0.854654
0.134429
0.713872
-1.38797
-0.422449
-0.547728
-0.161453
0.472848
0.983091
0.49311
-1.01119
-1.71717
-0.439964
-0.374323
0.809275
0.456763
-0.116341
1.03158
0.209765
1.15027
0.117916
0.782968
0.328911
1.17938
0.239469
-1.16632
-1.00291
0.417712
-0.460245
-0.829947
-0.947747
-0.296132
-0.737118
0.675507
1.21755
-0.585231
-0.39569
-0.129925
1.41428
0.111728
-0.593859
-0.0187042
0.335446
-0.176455
-1.00756
-0.106678
0.51444
-0.933788
0.0140053
0.848397
0.878432
1.00249
-1.96816
2.28632
-0.545742
0.198853
0.38545
-0.26926
-0.452947
0.514042
-0.286896
0.959552
0.54992
0.274745
0.339991
1.23601
-1.13419
0.108399
-0.320953
-0.202603
0.299596
0.343923
0.201492
1.08794
0.567817
-0.195868
0.317163
1.32198
-0.0207921
1.13232
-0.205125
1.69566
1.17645
0.865019
-0.0163805
-0.0680676
-0.123147
0.571102
0.00719467
0.978663
-1.43398
-0.436776
-1.47771
-0.272957
0.132494
-0.161457
1.68707
0.582749
-0.582766
-0.305421
0.823431
0.452043
-0.794628
0.860481
1.38385
-0.716753
-0.950623
0.229522
0.106392
0.912588
-0.513169
1.60199
-1.23359
1.45087
1.08602
0.614417
-0.0725458
-0.262923
-0.904423
-1.07899
-1.36172
-0.286218
-0.211677
-0.227092
1.29575
-0.383954
-0.301411
-0.876706
-0.430311
-0.575899
-0.708224
-0.742307
0.373706
0.512216
1.08359
-0.976453
0.00327164
-0.868631
-0.677531
-1.16401
0.096227
-0.0486086
-0.177409
-0.875024
-0.781842
0.0596393
0.4312
0.0361151
-0.733412
-0.501247
0.435457
-1.7769
0.0661541
-0.238329
0.927657
0.0419641
-0.62005
1.27345
0.808983
-0.460364
0.109336
1.10296
-0.143686
0.653449
-0.0101486
-0.424909
-0.166856
-0.301169
0.489775
0.872463
0.27796
-0.0518867
-1.55669
-0.240121
-0.15879
0.434974
-0.0605922
-1.48401
-0.0681562
-0.0543684
0.314414
-0.712669
-0.197424
-0.14626
0.236493
0.293992
0.305271
0.474558
0.757959
-0.017918
-0.817065
0.295922
-0.607507
0.36199
-1.69781
0.742621
-1.35818
1.36375
-1.23396
-1.21919
0.19362
0.00310304
-0.206043
0.534176
-0.601196
0.435977
0.203066
1.67281
-0.0410113
-0.00628104
0.293675
0.00474642
-0.00866511
0.243515
-0.733053
-0.229856
0.311754
-2.6609
-1.7864
-0.22317
0.438638
-0.358207
-0.399259
0.216098
0.217271
0.315539
0.539393
-0.361356
0.0981491
-0.656151
0.353442
0.50406
0.898973
0.583639
1.84663
0.436509
-0.205215
0.595523
0.503305
-0.196067
1.39964
0.223035
-1.10816
1.01192
0.214492
0.698602
0.0488531
-0.417426
0.0804407
-0.734298
1.23795
-0.493389
-0.205254
0.344069
-0.386023
-1.33855
-0.670245
-1.37093
-0.0593841
-1.02944
-1.75032
-1.04583
0.565172
1.32151
0.413366
-0.620819
-0.293891
0.530299
0.597123
0.0410158
-0.983119
0.693557
0.793818
0.991445
-0.898334
-0.8504
0.282876
0.262976
0.270436
0.994491
-0.830407
0.123487
0.0206687
0.439723
-1.31379
-0.969937
-0.75861
0.731235
-0.371671
1.46764
1.12957
1.02993
0.60109
0.517663
0.255613
0.538566
-0.14575
0.444588
0.0570177
0.11591
-1.35954
0.620728
-0.688077
-1.06381
-0.0878092
0.533601
0.802401
0.0330688
-0.234417
0.426626
-0.823953
-0.79794
1.18664
0.199751
0.0647863
-0.319433
0.614584
-0.00268775
1.59268
-0.295603
-0.152249
0.39353
-0.143041
-0.312304
0.550525
-0.293049
0.237311
0.881821
0.233309
1.71226
0.31123
0.132759
-0.222158
-0.363011
0.79178
1.14598
-0.67679
-0.637779
1.64311
-0.0309267
-0.50831
0.0195831
-0.350988
0.134051
0.135182
-0.225889
-0.0250343
0.110908
-1.43396
0.322897
1.06059
0.491684
-0.902113
0.444329
-0.332513
-0.215367
-0.741238
-1.19834
-0.012932
-0.126629
0.294324
0.29994
0.848079
-1.66687
0.260853
0.227272
0.176917
0.617004
1.07938
-1.33176
0.14958
1.09695
0.880374
-0.750218
-0.473889
0.202371
-0.773645
-0.167757
0.488375
-0.938204
0.163995
0.450936
-0.674989
0.629552
-1.32404
-0.601284
0.10585
-0.565336
-1.01009
0.266011
-1.37294
-0.0445781
0.262431
1.08683
-1.27735
0.356715
-0.765506
0.823763
0.749497
-0.69088
-0.425454
-0.726282
-1.0388
-0.0427897
0.149404
-0.970236
-0.630039
-0.496724
0.758698
0.261822
1.0452
-1.45099
-0.0139607
-0.551235
1.45741
0.818339
1.1483
-0.383514
1.01985
-1.25095
1.4483
0.635244
0.34301
-0.563193
0.816226
0.12558
-0.432012
-0.971689
-0.806735
0.527769
0.331867
-0.0651692
0.844746
-1.29181
-0.665579
0.590961
-0.456705
0.237251
0.359226
0.623323
0.987232
-0.0987299
0.53617
-0.6901
-0.924075
-0.446365
1.06934
-0.715289
-0.0865176
-0.260024
1.31075
1.73644
-0.507063
0.00010428
0.362195
-1.1876
0.672847
0.243854
0.226563
-1.11112
1.32444
-0.240425
-1.20881
0.871741
-0.380148
1.36414
0.592972
-0.389327
-0.163025
0.546389
-0.845677
-1.17972
0.638002
-1.12019
0.297786
-0.645393
0.127187
-1.94088
-0.615986
-0.593404
0.0894001
0.570796
0.0451981
0.400416
0.577909
0.847626
-0.306394
0.546567
0.346666
0.395551
-1.07144
0.622274
0.6248
-1.79648
0.740968
0.468663
0.267861
-2.02801
0.374333
-0.273632
-1.15278
0.915514
-0.206093
-0.255328
-0.564562
-0.754245
1.08412
-0.362155
-0.467765
0.316061
-0.129396
-0.698336
0.100045
1.19233
1.65382
0.185962
-0.630665
0.29381
1.01569
0.601623
1.38815
-0.577441
-0.462787
0.103097
0.492282
-0.608344
0.785083
1.01307
0.27095
2.75047
-0.610781
-0.549596
0.318772
1.2575
-0.827142
0.678148
-0.748272
0.115808
-0.0501182
1.23891
0.148412
-0.0257181
-0.41048
0.263207
-0.393392
-0.120244
-0.0563424
-0.322911
-0.221059
-0.0543575
-0.80872
-0.626541
0.38138
0.803811
0.034614
-0.486027
0.924504
0.254667
0.556932
0.381711
0.556035
-0.734699
-0.404573
0.751192
-0.80612
-0.681798
0.394812
-0.11434
-1.11721
0.128682
-0.170871
-0.749056
0.379003
0.396934
-0.742771
0.214761
-0.897756
0.731939
-0.757299
0.250682
-0.0914995
-0.569816
0.377942
0.724486
-0.966131
-0.107628
0.449522
0.747374
-0.444563
0.347818
-0.772352
1.15985
-0.0801356
-0.545993
2.29531
0.508375
-0.790911
0.577622
1.60129
-0.439527
1.22296
0.511331
-0.762344
1.5829
-0.596706
-0.295148
0.176723
0.304754
-0.485779
0.154549
-1.10797
0.294417
0.915778
0.0717382
-1.02924
-0.713246
1.14448
-0.474403
-0.510771
0.540347
0.554074
-0.153364
0.209443
0.650319
-1.51201
-0.207214
-1.26954
0.07346
1.26036
1.30066
0.294311
-1.22788
0.160573
0.214418
-1.14808
0.369814
-0.173519
-0.771443
-0.25499
-0.132917
0.581384
1.27017
0.286292
-0.0338307
0.76182
0.225027
1.2221
0.598793
1.13734
-0.536284
-0.561087
0.811255
-0.436257
0.787988
-0.356714
0.603056
0.0302808
-0.669777
-0.318802
1.24058
1.21487
0.293976
0.479755
0.0126258
1.60295
-1.28158
-0.768161
0.0104359
-0.505617
1.03242
-0.459272
-0.417693
1.26554
1.29346
-0.739685
0.253677
-0.440685
-0.110336
-0.186509
-0.661433
-0.0536307
0.885792
-0.888082
-1.37392
-0.531149
0.216674
-0.0634115
-1.00749
-0.840731
-0.0837612
0.680991
-0.0738074
1.44793
0.417522
-0.273277
0.0334302
0.527902
0.0217553
-0.70461
-0.961453
-1.23209
1.462
0.724653
-0.28517
0.527064
0.319301
-0.947695
0.170127
0.475763
0.225411
-0.81671
0.88242
0.144768
-0.28908
-0.355432
-0.425648
0.910499
0.622513
0.0778359
0.327466
0.116811
-0.159367
0.155498
-0.346227
-1.12177
-0.529745
-0.0378902
0.568557
0.594483
1.63798
-1.13602
-0.531416
0.321595
-0.205427
-0.53768
-1.07471
0.452879
1.65444
-0.502731
0.70028
0.881692
0.530748
-0.506628
-0.161055
0.692615
-1.04332
-0.177567
0.431595
-0.465221
0.696061
-0.873122
-0.32786
0.0643513
0.255219
-0.219792
0.629976
-0.953295
0.183408
-0.480034
0.906245
-0.333304
-0.0625276
-0.591277
-1.56278
0.478209
-0.00599756
1.14209
0.422707
0.120595
-0.636568
-0.459511
0.238383
1.15519
0.373933
0.491279
-0.543019
-0.201505
-0.616119
-0.537058
0.150886
0.210811
0.182257
0.971313
0.315564
0.564805
-0.985482
-0.147334
-0.65658
-0.402921
-0.258804
0.93256
0.152042
0.767378
-0.418936
0.531591
0.633339
1.52138
0.230861
0.152086
0.0313537
-0.276484
2.17772
0.750363
1.02262
-0.410583
-0.243183
0.849138
-0.504128
-0.118033
-0.0360051
-0.516094
0.766197
0.28514
0.426716
-0.802403
0.904688
0.136749
0.141093
-1.04163
0.559319
-0.0229602
0.43778
0.844014
0.903446
0.720644
-0.702711
0.0194519
-0.296122
-0.672305
0.868692
0.924981
1.03315
-1.18204
1.06373
-0.151155
0.598713
-0.0205364
-0.456322
-0.168458
-0.0610593
0.132013
-0.335215
-0.397844
-1.11259
0.602121
-1.34857
-0.79999
-0.281997
-0.843273
-1.45492
-1.09401
1.1162
0.90275
-0.885459
0.540578
1.99742
-0.140397
-2.23416
0.194127
-1.17106
-0.856824
-1.69247
-0.465648
-0.108681
-1.49864
1.36748
0.642283
-0.604647
1.00596
-0.751478
0.591488
0.530051
-1.86657
-0.179434
0.485376
0.671192
-0.470898
0.402778
0.630858
0.909883
-0.05318
0.696976
-0.90241
0.318822
-0.267975
-0.535651
-0.649394
0.689416
-1.47091
-0.245821
-0.921874
1.53632
-0.927106
0.333666
-0.491345
0.505188
0.648449
0.547343
-0.502537
-0.133443
-1.06683
-0.0121557
0.748089
0.564362
-0.00751564
0.481903
-1.15837
0.0525622
1.00863
-0.60953
-0.345679
-0.0848032
0.875863
0.752263
1.04873
0.36846
-1.12016
-0.954399
1.05498
0.176448
0.553395
-1.37164
0.913524
0.412816
-0.253573
0.677455
0.66834
-0.890509
0.2539
1.51986
0.545966
1.31919
-0.975084
-0.164994
-0.598414
1.05143
-0.29016
-0.611862
-0.796168
-0.8591
0.177299
0.322713
-0.217764
-0.17124
-0.388604
0.00200511
-0.651474
0.0256953
0.603272
0.945733
-0.515293
-0.522767
-0.204056
1.08734
0.786282
2.19156
0.515378
0.155526
-0.0575532
0.797192
-0.899648
1.59549
-0.0573724
-0.399755
0.865646
0.505142
-0.0711379
1.5693
-1.16
-0.279319
0.694629
-0.363766
0.804395
0.608887
-0.0942155
0.508645
-1.73162
0.171169
-1.81207
0.580348
0.204699
-0.221602
0.718781
-0.206216
0.501267
0.622719
-0.772868
-1.6132
0.813499
0.504498
-0.625548
-0.150979
0.371562
0.533058
0.877084
0.32918
0.499342
0.821687
-1.29748
0.0485778
-0.153225
-1.36389
-0.0232123
0.448603
-1.16369
0.140257
0.76483
-1.9769
0.24313
-0.859019
0.463987
0.966613
1.32401
0.470559
-1.2655
-0.347399
0.27907
-0.390589
-0.688854
-0.737971
-0.492547
0.796006
0.697503
0.939219
0.458772
0.401879
-0.835108
-1.00254
-0.338163
0.0942807
-0.714047
1.10239
1.59239
0.687801
0.68301
0.381675
0.960596
0.769709
-1.03044
0.16236
0.551759
0.316672
0.198103
0.0137552
0.772766
-0.0831559
0.579229
1.24983
-0.963877
-0.726381
-0.232578
-0.167695
-0.407175
-0.71736
0.459018
0.0437507
-0.750742
-0.0865404
-1.19072
-1.46786
0.326756
0.0183834
0.480312
-0.583631
1.10929
-0.669942
-1.46609
0.374361
-0.90314
-0.136304
0.650287
1.31084
-0.661654
-0.104661
0.20208
-1.19764
-0.348936
-0.340004
-1.52024
0.135651
0.731477
-1.04832
0.401949
0.488602
0.827468
-0.421477
1.76747
-0.699488
-0.00841356
-0.710374
-0.213969
0.6692
0.00828436
-0.310736
-0.897843
0.225826
-0.590915
-0.808819
0.522253
0.345837
1.49333
0.182487
-0.275534
-0.133601
-0.15877
0.438098
-0.403786
0.370246
0.317277
-1.12999
-0.0488678
1.10594
-2.24928
-0.317295
0.95258
0.986442
0.853012
-0.403978
0.50059
0.12798
-1.36028
0.458315
-0.380684
-0.542037
-0.0243194
1.3547
0.334427
-0.494921
-0.0924106
0.455536
-0.0333374
-0.274419
-0.0568107
-0.384615
0.725945
1.34857
-0.720396
-0.736045
-0.217988
0.734457
1.18964
0.588135
-0.741552
0.130532
-0.864889
0.648254
-0.665955
0.256709
-1.74366
-0.0245731
-0.4903
0.48746
0.1905
-0.286722
0.360009
-0.121733
-0.711066
0.404188
-0.676101
0.302292
-1.01814
-0.437758
-0.843055
0.111963
0.485018
-0.645302
-0.841195
1.50296
-0.924617
-0.318
0.359535
0.602628
-0.502919
-1.14636
-0.890669
-0.0420949
-1.07134
-0.950931
2.11315
-0.0885843
-1.08448
-0.813588
0.239272
-0.29029
1.80486
0.59085
-0.978799
0.198691
0.266765
-0.102637
0.293929
0.0374056
-0.0144983
-0.206741
0.864118
1.667
0.14609
-0.742935
0.343289
1.06807
0.311952
0.257497
-1.5845
-0.18865
0.144584
1.59371
0.5397
-0.715718
-0.706422
-0.402966
0.00997354
0.332452
0.13313
-0.843181
-0.987365
-1.14558
0.331496
-0.380488
-0.570038
-1.35957
-0.113927
-0.698417
0.622095
0.803809
0.590877
-0.935751
-0.155043
-0.404831
0.119538
1.20345
-1.0987
0.343784
0.322073
0.251086
-0.282688
-0.676891
-1.16835
-0.0176314
0.81185
-0.1723
0.525536
-1.38578
-0.295401
-1.56432
-1.23445
0.70327
-0.143577
-0.152264
0.16411
-0.157245
-0.285844
0.52255
-0.24691
0.108459
-0.599935
0.195992
-0.704706
-0.177218
-0.571144
-1.65593
0.166195
-1.12617
0.415399
-1.81486
0.861363
-0.220683
-0.292477
-0.415192
0.347746
0.363231
-0.284436
-0.184214
0.737859
0.618511
-0.358227
-0.225057
0.528307
0.783301
0.196323
-0.666915
0.904995
1.29198
-0.270606
-0.457184
1.02894
0.380633
-0.500124
0.303609
-0.352237
-0.888154
-0.180369
1.43597
-1.09919
-0.456826
0.403895
1.14784
-0.835657
1.34425
0.797021
-0.0753097
0.761222
-0.190417
0.720426
-0.860488
-0.229705
-0.987867
-0.0843288
0.855251
-0.0228157
-1.89129
-0.951463
-0.564978
-0.094905
0.385969
1.14983
0.329018
0.886262
-0.598412
0.00748318
-0.881322
0.378193
-0.266739
1.19108
-0.379152
0.223069
-1.0973
0.380008
1.17307
-0.884009
-1.13702
-0.0775283
-0.723441
-1.04199
-0.228552
-0.208753
-0.879219
-0.453656
0.398077
-0.295053
1.37016
0.407119
-0.151625
-0.688632
-0.0470637
1.32599
0.523704
0.974087
0.836962
0.165132
-1.10206
-0.0764243
0.0977141
-1.21141
0.330029
0.158115
-0.548678
0.0586832
0.0885956
0.656399
-0.874693
-0.449847
0.44359
0.642484
0.92051
-0.0152515
-0.24737
0.824279
0.138446
1.04794
-0.118156
0.591029
-0.229944
0.0838115
0.730097
-1.26339
-0.106495
-0.947386
-1.36623
-0.639203
-0.329507
0.362611
0.582725
-0.341381
0.103173
0.469385
1.36156
-0.953724
-0.328938
-0.701153
-0.126412
-0.153338
0.292906
-1.21506
0.304925
-0.688829
0.960542
1.21913
-0.0203412
-0.038843
0.255242
0.102298
0.724383
-0.605784
-1.69223
1.12037
0.412197
-0.329213
-0.196294
-0.116079
-0.367964
-0.618769
-0.883442
-0.764566
-0.537858
0.80521
-0.234353
-1.70329
1.48056
-1.18021
-0.0693466
-1.09286
-0.288855
-0.315651
0.843279
-0.39486
0.752959
-0.588133
-0.287542
-0.767317
-0.594168
-0.387781
1.17045
1.33136
-0.476566
0.362462
-0.263768
0.0802704
0.0426057
0.738901
0.911139
0.895452
-0.116569
-0.393892
-0.035198
1.0544
-0.185545
-1.34558
-0.0748596
-0.656372
0.819592
0.643863
-0.922695
-0.149504
-0.120185
-1.12584
0.0439664
1.18482
-0.897324
-0.659548
0.346454
-0.452862
0.379883
-1.30476
-1.25096
-0.411863
-0.448109
-0.910528
-0.702246
-0.841
-2.62267
0.847951
-1.09295
-0.273075
0.950003
-1.29652
0.0487612
-0.531457
-1.30614
0.805582
-0.0442933
0.514223
-0.220349
-0.0131776
-0.22712
0.0916999
0.0730679
-0.282538
0.0378539
0.188803
0.268837
-0.58809
-0.498578
0.457671
-0.0300152
0.0289089
-0.449174
-0.358566
0.814176
0.404019
-0.675761
0.476605
1.38634
-0.723265
0.45928
-1.63126
-1.36194
1.14039
-0.419626
-0.858291
0.657572
-0.492959
-0.541578
-0.612679
-0.0128613
1.29135
1.43949
0.42866
0.588105
0.230945
0.321748
-1.45571
-0.203331
-1.46855
0.959057
0.381504
0.775397
-0.303935
-0.408845
0.068646
-0.237234
0.053508
-0.639414
-0.501716
0.312289
-0.389905
-2.02592
-1.13362
0.813428
-0.290843
-0.387155
-0.656168
-1.99524
-1.00315
0.429813
-0.415252
0.772662
-0.461486
0.0863255
-0.455613
1.1681
1.02135
-0.0929486
-2.02051
0.628395
-0.117124
-0.121308
0.171688
0.0254221
-1.05456
-0.601143
0.452807
-0.503265
0.642267
1.15988
-0.637969
0.452831
1.32913
-0.40962
-0.579181
0.281434
-1.18965
0.167259
-0.124311
-0.274728
1.38944
0.272203
-0.679161
0.586139
0.0076677
1.09818
-0.644517
0.197091
-1.14821
0.271801
0.995227
-0.22468
1.58461
0.467717
0.645749
0.381822
0.66082
-0.247033
-0.473575
0.433897
1.03337
1.07919
1.50669
-1.33352
-0.380214
-0.861924
-0.145944
-1.06258
-0.554833
0.777136
1.32717
-0.33251
0.505182
0.153296
-0.0830176
-0.310548
-1.93359
0.625877
1.24668
0.116739
-0.346149
0.797847
-0.0207676
-0.156012
1.90598
-0.515809
1.07827
0.741045
0.054515
-0.958004
0.573592
-0.329998
0.00985179
0.0594865
0.277984
0.242558
-0.688171
-0.454687
0.374196
0.295649
-0.267585
-0.38293
0.248805
0.274035
0.384438
0.796798
0.249748
-0.357306
-0.262651
-0.378949
0.233833
-0.797927
-0.335267
-0.921483
0.525022
0.309965
0.79267
-0.221013
-0.575287
1.22375
-0.0538772
0.422465
-0.692171
-1.10764
0.0600325
0.710991
-0.220163
0.816762
0.158023
0.368775
0.428573
-0.346506
-1.01965
0.522776
0.883592
-0.525755
-1.08174
0.378977
1.02676
0.369704
-0.491922
0.1614
0.801577
1.01877
0.154348
-0.219766
-0.215706
1.53848
0.4162
0.674611
0.260803
-0.0101555
-0.10378
-0.10712
-0.41418
-0.912872
-0.326446
-0.462163
0.707008
-1.11053
-0.808002
-0.506877
-0.692868
-0.562108
-0.754363
0.110124
0.479757
0.157674
0.355226
0.783657
0.0712372
-2.19151
0.253409
0.0486371
-0.274068
-0.372289
-0.335563
0.157217
0.392822
-0.958385
-0.963475
-0.512728
-0.63168
-0.0104531
1.46039
1.47726
-0.569413
0.379492
0.830877
0.802125
0.395189
0.682782
0.178887
-0.245239
0.829031
0.625007
-0.297225
0.767947
-0.285895
-0.60975
-0.477986
0.863667
-0.340359
0.34636
0.284224
1.36743
0.643596
-0.932026
-0.364506
0.563218
0.722495
-0.828556
-1.52285
0.652378
0.68942
-0.624938
1.08258
-0.391469
-0.929428
-0.865164
0.639252
-0.108142
0.805706
0.440813
-0.410033
-0.464443
0.847281
-0.789489
-1.17777
-0.226371
-0.919736
-0.922039
0.184001
0.278477
-0.112754
-0.0475816
-0.445801
-0.543556
1.73057
0.682203
0.588365
-0.126254
-0.602274
-0.346736
0.351278
-0.784519
-0.218633
0.728202
0.823094
0.34122
0.0139541
0.427981
0.772247
0.525703
-0.168079
0.0949421
0.0551428
0.21442
-0.886059
-1.00752
1.19211
0.52713
-0.25491
-1.0076
-0.0844968
0.401975
0.0534348
-1.68212
-0.13499
0.251112
0.228036
0.773487
-0.213413
0.903126
-1.35356
-0.89784
0.0535671
0.332227
0.346187
-0.490291
0.275516
-1.03866
0.981572
1.11617
0.991842
-0.404671
0.0846313
-0.465994
0.00711614
-0.443221
0.198984
0.842191
-0.735242
0.631176
-0.355793
-0.662661
0.28636
-0.597859
0.20989
-1.42227
-0.163284
0.0417065
-0.344575
0.635497
-0.375856
-0.23268
-0.433737
-1.07344
1.79825
0.668529
0.187482
-0.0300794
-1.20229
-0.70783
0.67402
1.23157
1.00924
-0.0315722
1.26332
0.895174
-0.414083
-0.302133
-0.559401
0.702469
0.00427215
0.971871
0.874047
0.902798
-0.661482
-0.742122
0.424021
-0.872486
1.66976
-1.1829
-0.867818
-0.0227291
-0.642668
0.016807
-0.210598
0.622984
-1.11161
0.937962
0.622683
-0.775303
0.327237
-0.730304
0.721002
0.209816
-1.62932
-0.212365
-0.535218
-0.0857336
0.653347
-0.377716
0.246095
-0.0711625
-0.0628845
0.0158724
-0.1123
-0.328641
-0.586186
-1.39378
-1.83437
0.163233
0.0333698
-0.618502
1.7188
-0.0710054
0.749029
-0.738657
0.394909
0.857099
0.213443
-1.09031
0.213465
-1.02544
-1.87397
-0.0426979
0.18056
-0.554831
-1.191
0.00681249
0.263494
-1.26382
-0.474332
-1.49925
0.610936
-0.608854
0.302107
-2.25851
-1.93641
1.9181
0.00774384
1.34161
-0.0141976
0.244621
1.15891
0.342346
0.186896
1.12632
0.334046
0.0824286
-0.327226
1.75347
0.176955
-0.118444
0.256655
0.921366
0.961234
-0.491051
-0.197195
0.729537
0.109436
2.23722
0.25923
-0.198901
0.572531
0.580788
0.529326
-1.01562
1.09003
-0.00198805
-0.467426
-1.7909
0.657088
0.58449
-0.551547
-0.0659715
-0.548537
-0.577341
0.668905
0.216601
0.189654
0.141684
0.187809
0.568393
-0.875882
-0.635452
0.768618
0.150941
-1.26022
0.300773
1.07776
0.744892
0.0261288
-0.797347
0.0469049
0.244711
1.20595
-0.354689
-0.554948
0.28681
0.49403
-0.193699
-0.158243
0.539803
-1.23368
1.05092
0.431555
0.139029
0.640828
0.561824
-0.477545
0.267794
0.111428
0.494656
0.0111426
-0.709882
-0.95145
-0.123128
0.0357346
-0.364034
0.665432
0.163117
-0.185653
-1.89918
0.437247
-0.200412
0.0445046
-0.405493
-0.256071
0.630054
0.984928
-0.737297
0.337671
-1.01955
0.215184
-0.611124
0.143486
0.111236
0.540505
-0.65616
-0.134179
-0.75215
0.77447
0.497588
0.629742
0.028694
0.258958
0.196259
-0.360724
0.535159
1.21625
0.161406
-0.715569
1.1662
-0.429766
0.784597
-0.612058
-0.498326
0.942184
0.122073
-0.906999
-0.427332
-1.27223
-0.611719
-0.355687
-0.165428
0.744207
-0.45216
0.0352921
0.242605
0.672016
-0.236929
-0.287179
-2.40529
0.625095
-1.99396
0.157986
0.758977
-0.294984
0.129761
-0.831078
-0.458114
0.00904849
-0.800931
0.183148
-0.674222
-0.092711
-0.174621
1.30046
-0.0399795
0.259559
-0.731393
0.13468
-0.0973523
-0.644995
-0.263197
-0.719506
-1.62742
1.4121
-0.757689
-0.916164
-1.0901
0.109265
0.358917
-0.901187
1.05703
-0.127804
0.0603246
-1.07945
0.318186
-0.51761
-0.395427
-0.679997
0.333539
-0.323661
-0.993039
0.670047
0.376328
0.934343
0.368728
0.271202
-0.393509
-0.534576
-0.471345
0.209581
-0.923759
0.551467
-0.790732
-0.835908
-0.153
0.0258792
0.171793
-2.45545
0.251914
-1.12795
0.272491
1.25571
0.652948
0.508612
0.25995
1.02923
0.0871811
0.261392
0.690837
-0.0433148
0.0304023
0.518508
-0.165102
-0.41898
0.461847
1.3425
-0.0864233
0.34834
0.386416
0.457957
-0.553895
-0.175434
0.633838
-0.339498
0.240343
0.78501
-0.328142
-0.403123
-0.609404
0.384606
0.750919
-1.17046
0.238086
0.55909
0.795627
0.294769
-0.222396
0.134093
0.0562705
0.568645
0.321376
0.276333
-0.543603
0.148687
0.189576
1.16838
-0.233861
0.169148
-0.783895
-0.00539123
0.718815
0.849449
-0.198552
-0.337894
-0.934811
-0.249055
-0.529625
0.0681621
0.0779946
-0.269871
0.242962
0.429067
-0.0366089
1.04619
-1.04312
-1.12193
-0.062978
0.372336
-1.40135
0.291007
-0.229782
0.681168
-1.04126
0.741541
0.566101
-0.35005
-0.161986
-0.0249258
-0.58969
-1.04808
-0.0167768
-0.185536
0.411797
-0.0344951
1.97863
-1.50821
-0.514092
-1.06601
-1.21536
0.000735827
0.874003
0.120238
1.46318
-0.0509865
0.934588
1.4235
-0.00177783
-0.515368
-1.23343
0.670108
0.773242
-1.02986
-0.267966
0.721304
1.29064
-0.14746
-0.532889
1.04559
0.629665
-1.10476
-0.16022
1.17175
-1.93243
-1.40802
-0.70888
0.0597861
0.60287
1.70904
0.794191
2.12463
-1.30034
-1.00501
-0.551711
0.0249052
-0.195907
0.659339
0.227523
-0.0786184
-0.12155
-1.07283
-0.0667391
0.585434
-1.09003
-0.472198
0.426233
1.29176
-0.291084
0.60731
0.199015
0.680679
0.198721
-0.585455
1.17317
0.0512181
0.195284
-0.065782
-0.285685
-0.143157
-0.918414
0.648868
-1.19928
0.133157
-1.3942
1.9167
-0.590553
-0.048503
-0.499532
0.234337
0.936352
1.0436
-0.186061
-0.914577
-0.177115
0.828219
-0.440461
0.473641
-0.335889
-0.44859
1.78076
-0.558148
-0.741645
0.109501
-1.01752
-0.12025
-0.572187
0.26323
-0.419978
-0.0502829
0.692705
-0.438135
1.19904
-0.25472
-1.29468
0.375471
0.31524
0.582449
0.117395
-0.253613
1.4064
0.849416
-0.00429702
-0.49366
-1.03522
-0.159449
-0.245797
0.23908
-1.47428
0.77233
0.16905
-0.169633
-0.319803
-0.448771
0.494467
0.635791
0.631927
-0.646611
0.697949
-0.146937
-0.229322
0.999531
0.289115
-0.360297
-1.13963
1.35526
-2.01652
-1.3439
0.512333
0.135623
-0.127263
0.898983
-0.442765
0.135679
0.2433
-0.288808
-0.0371637
-0.446252
-0.84051
0.220653
-1.23812
0.466759
0.697021
-0.0560531
-0.300816
-0.731067
0.290538
0.818528
0.479768
-1.00044
0.532782
0.364589
0.599647
-0.566184
-0.509883
0.264678
1.00481
0.213755
-0.840414
1.92963
-0.237023
-1.30814
-1.16457
-0.237448
0.308534
0.0039324
0.216877
-0.305202
-0.0989921
1.1637
1.03197
-0.249074
-1.18279
0.543467
-0.331375
-0.283368
0.377212
0.439231
-0.00394218
0.267624
-1.12311
0.713142
0.00970689
0.230133
-1.04292
0.926273
1.55855
-0.561525
0.593232
0.615118
0.391329
0.420291
-0.975478
-0.338817
0.0410474
-1.12319
-0.438004
-0.767844
-0.214617
0.750007
0.992917
-0.428125
0.127309
0.640173
-1.02513
-0.610975
-1.16526
-0.0577045
-1.46323
1.0197
0.41696
-0.714144
0.0450248
-0.199987
1.01789
0.863397
0.0655053
0.521385
-0.313176
-1.05303
0.711444
0.666617
-1.43098
-0.896567
-1.59024
1.12684
0.726429
0.384844
0.253138
-1.65348
-0.712275
-0.908706
-0.139723
0.856664
-0.348744
-1.61046
0.565964
0.450857
-0.405475
0.0324309
-0.229992
-0.0946844
0.180395
-0.885205
1.16022
0.586189
-0.0377693
0.581021
-0.97194
0.481077
-0.167461
-0.577043
1.21752
0.499203
-0.414515
-0.568886
-0.297446
0.58832
0.0905339
0.587033
0.969148
-2.34008
-0.837207
0.983235
-0.0396582
0.588975
0.0176529
0.325369
-0.714658
-0.475852
-0.089347
1.15549
1.19554
-0.094606
-0.431927
-0.00710473
-0.611429
0.227854
-0.937904
0.188798
-0.178713
